1791160666 2400, 14001, 49, 0x0000000000000000 | 1.24 1.43 0.96 | cpu  63325736 5692 15610147 1986722189 1562365 0 267501 0 0 0
1791160667 967, 7001, 48, 0x0000000000000000 | 1.22 1.42 0.96 | cpu  63325989 5692 15610178 1986724511 1562365 0 267501 0 0 0
1791160668 765, 7001, 48, 0x0000000000000000 | 1.22 1.42 0.96 | cpu  63326286 5692 15610211 1986726747 1562366 0 267501 0 0 0
1791160669 427, 810, 48, 0x0000000000000000 | 1.22 1.42 0.96 | cpu  63326329 5692 15610247 1986729331 1562366 0 267501 0 0 0
1791160671 262, 810, 47, 0x0000000000000000 | 1.22 1.42 0.96 | cpu  63326393 5692 15610275 1986731932 1562367 0 267501 0 0 0
1791160672 2445, 13801, 49, 0x0000000000000000 | 1.20 1.42 0.96 | cpu  63326577 5692 15610317 1986734329 1562367 0 267501 0 0 0
1791160673 2445, 13801, 49, 0x0000000000000000 | 1.20 1.42 0.96 | cpu  63326747 5692 15610359 1986736788 1562368 0 267501 0 0 0
1791160674 2437, 13801, 49, 0x0000000000000000 | 1.20 1.42 0.96 | cpu  63326906 5692 15610413 1986739181 1562368 0 267501 0 0 0
1791160675 2445, 13801, 49, 0x0000000000000000 | 1.20 1.42 0.96 | cpu  63327062 5692 15610451 1986741698 1562369 0 267501 0 0 0
1791160676 2445, 13801, 48, 0x0000000000000000 | 1.20 1.42 0.96 | cpu  63327237 5692 15610487 1986744214 1562369 0 267501 0 0 0
1791160677 2445, 13801, 48, 0x0000000000000000 | 1.26 1.43 0.97 | cpu  63327406 5692 15610510 1986746712 1562369 0 267501 0 0 0
1791160678 2445, 13801, 49, 0x0000000000000000 | 1.26 1.43 0.97 | cpu  63327577 5692 15610547 1986749219 1562369 0 267501 0 0 0
1791160680 2445, 13801, 48, 0x0000000000000000 | 1.26 1.43 0.97 | cpu  63327718 5692 15610576 1986751660 1562369 0 267501 0 0 0
1791160681 2445, 13801, 48, 0x0000000000000000 | 1.26 1.43 0.97 | cpu  63327974 5692 15610603 1986754086 1562369 0 267501 0 0 0
1791160682 2445, 13801, 48, 0x0000000000000000 | 1.24 1.42 0.97 | cpu  63328248 5692 15610625 1986756527 1562370 0 267501 0 0 0
1791160683 2445, 13801, 48, 0x0000000000000000 | 1.24 1.42 0.97 | cpu  63328480 5692 15610648 1986758959 1562370 0 267501 0 0 0
1791160684 2445, 13801, 48, 0x0000000000000000 | 1.24 1.42 0.97 | cpu  63328743 5692 15610677 1986761343 1562370 0 267501 0 0 0
1791160685 2445, 13801, 49, 0x0000000000000000 | 1.24 1.42 0.97 | cpu  63328957 5692 15610698 1986763791 1562371 0 267501 0 0 0
1791160686 2400, 13801, 48, 0x0000000000000000 | 1.24 1.42 0.97 | cpu  63329122 5692 15610742 1986766197 1562371 0 267501 0 0 0
1791160687 2400, 13801, 47, 0x0000000000000000 | 1.22 1.41 0.97 | cpu  63329152 5692 15610832 1986768745 1562372 0 267501 0 0 0
1791160688 2437, 13801, 48, 0x0000000000000000 | 1.22 1.41 0.97 | cpu  63329233 5692 15610872 1986771279 1562372 0 267501 0 0 0
1791160690 2430, 13801, 47, 0x0000000000000000 | 1.22 1.41 0.97 | cpu  63329312 5692 15610915 1986773827 1562372 0 267501 0 0 0
1791160691 2542, 13801, 47, 0x0000000000000000 | 1.22 1.41 0.97 | cpu  63329394 5692 15610952 1986776372 1562373 0 267501 0 0 0
1791160692 2602, 13801, 47, 0x0000000000000000 | 1.21 1.40 0.97 | cpu  63329506 5692 15610962 1986778904 1562373 0 267501 0 0 0
1791160693 2415, 13801, 47, 0x0000000000000000 | 1.21 1.40 0.97 | cpu  63329617 5692 15610972 1986781432 1562373 0 267501 0 0 0
1791160694 2400, 13801, 47, 0x0000000000000000 | 1.21 1.40 0.97 | cpu  63329690 5692 15611019 1986783965 1562373 0 267501 0 0 0
1791160695 2400, 13801, 47, 0x0000000000000000 | 1.21 1.40 0.97 | cpu  63329738 5692 15611093 1986786512 1562373 0 267501 0 0 0
1791160696 2400, 13801, 47, 0x0000000000000000 | 1.21 1.40 0.97 | cpu  63329790 5692 15611162 1986789060 1562373 0 267501 0 0 0
1791160697 2400, 13801, 47, 0x0000000000000000 | 1.19 1.40 0.97 | cpu  63329839 5692 15611237 1986791606 1562373 0 267501 0 0 0
1791160698 2400, 13801, 47, 0x0000000000000000 | 1.19 1.40 0.97 | cpu  63329885 5692 15611311 1986794153 1562373 0 267501 0 0 0
1791160700 2400, 13801, 47, 0x0000000000000000 | 1.19 1.40 0.97 | cpu  63329933 5692 15611386 1986796688 1562374 0 267501 0 0 0
1791160701 2400, 13801, 46, 0x0000000000000000 | 1.19 1.40 0.97 | cpu  63329983 5692 15611459 1986799234 1562374 0 267501 0 0 0
1791160702 2400, 13801, 46, 0x0000000000000000 | 1.17 1.39 0.97 | cpu  63330032 5692 15611533 1986801766 1562374 0 267501 0 0 0
1791160703 2400, 13801, 46, 0x0000000000000000 | 1.17 1.39 0.97 | cpu  63330082 5692 15611604 1986804315 1562374 0 267501 0 0 0
1791160704 2400, 13801, 46, 0x0000000000000000 | 1.17 1.39 0.97 | cpu  63330128 5692 15611678 1986806856 1562374 0 267501 0 0 0
1791160705 2400, 13801, 46, 0x0000000000000000 | 1.17 1.39 0.97 | cpu  63330177 5692 15611749 1986809378 1562375 0 267501 0 0 0
1791160706 2400, 13801, 46, 0x0000000000000000 | 1.17 1.39 0.97 | cpu  63330227 5692 15611823 1986811916 1562375 0 267501 0 0 0
1791160707 2400, 13801, 46, 0x0000000000000000 | 1.16 1.38 0.97 | cpu  63330287 5692 15611882 1986814454 1562375 0 267501 0 0 0
1791160708 2400, 13801, 46, 0x0000000000000000 | 1.16 1.38 0.97 | cpu  63330339 5692 15611953 1986816992 1562375 0 267501 0 0 0
1791160710 2400, 13801, 46, 0x0000000000000000 | 1.16 1.38 0.97 | cpu  63330390 5692 15612023 1986819542 1562375 0 267501 0 0 0
1791160711 2400, 13801, 46, 0x0000000000000000 | 1.16 1.38 0.97 | cpu  63330442 5692 15612096 1986822106 1562375 0 267501 0 0 0
1791160712 2400, 13801, 46, 0x0000000000000000 | 1.15 1.38 0.97 | cpu  63330494 5692 15612163 1986824652 1562375 0 267501 0 0 0
1791160713 2400, 13801, 46, 0x0000000000000000 | 1.15 1.38 0.97 | cpu  63330541 5692 15612238 1986827176 1562376 0 267501 0 0 0
1791160714 2400, 13801, 46, 0x0000000000000000 | 1.15 1.38 0.97 | cpu  63330592 5692 15612309 1986829713 1562376 0 267501 0 0 0
1791160715 2400, 13801, 46, 0x0000000000000000 | 1.15 1.38 0.97 | cpu  63330644 5692 15612376 1986832207 1562376 0 267501 0 0 0
1791160716 2400, 13801, 46, 0x0000000000000000 | 1.15 1.38 0.97 | cpu  63330696 5692 15612444 1986834745 1562377 0 267501 0 0 0
1791160717 2400, 13801, 46, 0x0000000000000000 | 1.13 1.37 0.97 | cpu  63330746 5692 15612514 1986837294 1562377 0 267501 0 0 0
1791160718 2400, 13801, 46, 0x0000000000000000 | 1.13 1.37 0.97 | cpu  63330801 5692 15612579 1986839828 1562377 0 267501 0 0 0
1791160719 2400, 13801, 45, 0x0000000000000000 | 1.13 1.37 0.97 | cpu  63330846 5692 15612652 1986842359 1562377 0 267501 0 0 0
1791160721 2400, 13801, 45, 0x0000000000000000 | 1.13 1.37 0.97 | cpu  63330906 5692 15612712 1986844899 1562377 0 267501 0 0 0
1791160722 2415, 13801, 46, 0x0000000000000000 | 1.12 1.36 0.97 | cpu  63330981 5692 15612756 1986847382 1562378 0 267501 0 0 0
1791160723 2872, 13801, 50, 0x0000000000000000 | 1.12 1.36 0.97 | cpu  63331095 5692 15612770 1986849923 1562378 0 267501 0 0 0
1791160724 2865, 13801, 54, 0x0000000000000000 | 1.12 1.36 0.97 | cpu  63331206 5692 15612788 1986852464 1562379 0 267501 0 0 0
1791160725 2842, 13801, 54, 0x0000000000000000 | 1.12 1.36 0.97 | cpu  63331320 5692 15612803 1986855012 1562379 0 267501 0 0 0
1791160726 2842, 13801, 58, 0x0000000000000004 | 1.12 1.36 0.97 | cpu  63331434 5692 15612815 1986857520 1562379 0 267501 0 0 0
1791160727 2857, 13801, 50, 0x0000000000000000 | 1.11 1.36 0.97 | cpu  63331548 5692 15612831 1986860050 1562380 0 267501 0 0 0
1791160728 2850, 13801, 55, 0x0000000000000000 | 1.11 1.36 0.97 | cpu  63331658 5692 15612844 1986862522 1562380 0 267501 0 0 0
1791160729 2850, 13801, 55, 0x0000000000000000 | 1.11 1.36 0.97 | cpu  63331774 5692 15612858 1986865060 1562381 0 267501 0 0 0
1791160731 2835, 13801, 60, 0x0000000000000004 | 1.11 1.36 0.97 | cpu  63331886 5692 15612872 1986867557 1562381 0 267501 0 0 0
1791160732 2850, 13801, 56, 0x0000000000000000 | 1.10 1.35 0.97 | cpu  63331998 5692 15612886 1986870058 1562381 0 267501 0 0 0
1791160733 2842, 13801, 56, 0x0000000000000000 | 1.10 1.35 0.97 | cpu  63332113 5692 15612896 1986872601 1562381 0 267501 0 0 0
1791160734 2842, 13801, 60, 0x0000000000000004 | 1.10 1.35 0.97 | cpu  63332234 5692 15612914 1986875177 1562381 0 267501 0 0 0
1791160735 2857, 13801, 55, 0x0000000000000000 | 1.10 1.35 0.97 | cpu  63332348 5692 15612930 1986877713 1562381 0 267501 0 0 0
1791160736 2850, 13801, 60, 0x0000000000000004 | 1.10 1.35 0.97 | cpu  63332462 5692 15612946 1986880247 1562381 0 267501 0 0 0
1791160737 2850, 13801, 57, 0x0000000000000000 | 1.10 1.35 0.97 | cpu  63332577 5692 15612958 1986882738 1562381 0 267501 0 0 0
1791160738 2842, 13801, 61, 0x0000000000000004 | 1.10 1.35 0.97 | cpu  63332688 5692 15612974 1986885234 1562381 0 267501 0 0 0
1791160739 2857, 13801, 56, 0x0000000000000000 | 1.10 1.35 0.97 | cpu  63332800 5692 15612987 1986887726 1562382 0 267501 0 0 0
1791160740 2850, 13801, 57, 0x0000000000000000 | 1.10 1.35 0.97 | cpu  63332920 5692 15613035 1986890176 1562382 0 267501 0 0 0
1791160742 2842, 13801, 57, 0x0000000000000000 | 1.17 1.36 0.98 | cpu  63333034 5692 15613049 1986892707 1562384 0 267501 0 0 0
1791160743 2850, 13801, 58, 0x0000000000000000 | 1.17 1.36 0.98 | cpu  63333150 5692 15613064 1986895284 1562384 0 267501 0 0 0
1791160744 2842, 13801, 58, 0x0000000000000000 | 1.17 1.36 0.98 | cpu  63333262 5692 15613080 1986897778 1562384 0 267501 0 0 0
1791160745 2850, 13801, 60, 0x0000000000000004 | 1.17 1.36 0.98 | cpu  63333374 5692 15613094 1986900272 1562384 0 267501 0 0 0
1791160746 2850, 13801, 59, 0x0000000000000000 | 1.17 1.36 0.98 | cpu  63333491 5692 15613112 1986902803 1562384 0 267501 0 0 0
1791160747 2850, 13801, 62, 0x0000000000000004 | 1.31 1.38 0.99 | cpu  63333627 5692 15613135 1986905263 1562385 0 267501 0 0 0
1791160748 2850, 13801, 54, 0x0000000000000000 | 1.31 1.38 0.99 | cpu  63333738 5692 15613150 1986907759 1562385 0 267501 0 0 0
1791160749 2842, 13801, 60, 0x0000000000000000 | 1.31 1.38 0.99 | cpu  63333854 5692 15613164 1986910300 1562385 0 267501 0 0 0
1791160750 2835, 13801, 63, 0x0000000000000004 | 1.31 1.38 0.99 | cpu  63333964 5692 15613177 1986912760 1562385 0 267501 0 0 0
1791160751 2842, 13801, 62, 0x0000000000000004 | 1.53 1.43 1.01 | cpu  63334076 5692 15613192 1986915291 1562385 0 267501 0 0 0
1791160753 2842, 13801, 62, 0x0000000000000000 | 1.53 1.43 1.01 | cpu  63334190 5692 15613209 1986917794 1562386 0 267501 0 0 0
1791160754 2842, 13801, 62, 0x0000000000000004 | 1.53 1.43 1.01 | cpu  63334304 5692 15613223 1986920335 1562386 0 267501 0 0 0
1791160755 2850, 13801, 59, 0x0000000000000000 | 1.53 1.43 1.01 | cpu  63334417 5692 15613235 1986922871 1562386 0 267501 0 0 0
1791160756 2842, 13801, 63, 0x0000000000000004 | 1.53 1.43 1.01 | cpu  63334531 5692 15613248 1986925408 1562386 0 267501 0 0 0
1791160757 2857, 13801, 58, 0x0000000000000000 | 1.57 1.44 1.01 | cpu  63334648 5692 15613264 1986927978 1562386 0 267501 0 0 0
1791160758 2850, 13801, 61, 0x0000000000000004 | 1.57 1.44 1.01 | cpu  63334763 5692 15613278 1986930514 1562387 0 267501 0 0 0
1791160759 2842, 13801, 61, 0x0000000000000000 | 1.57 1.44 1.01 | cpu  63334876 5692 15613294 1986933057 1562387 0 267501 0 0 0
1791160760 2835, 13801, 62, 0x0000000000000004 | 1.57 1.44 1.01 | cpu  63334989 5692 15613311 1986935593 1562387 0 267501 0 0 0
1791160761 2827, 13801, 64, 0x0000000000000004 | 1.60 1.45 1.02 | cpu  63335103 5692 15613324 1986938137 1562387 0 267501 0 0 0
1791160763 2835, 13801, 63, 0x0000000000000000 | 1.60 1.45 1.02 | cpu  63335216 5692 15613337 1986940676 1562387 0 267501 0 0 0
1791160764 2835, 13801, 62, 0x0000000000000000 | 1.60 1.45 1.02 | cpu  63335330 5692 15613350 1986943218 1562388 0 267501 0 0 0
1791160765 2827, 13801, 64, 0x0000000000000004 | 1.60 1.45 1.02 | cpu  63335445 5692 15613363 1986945759 1562388 0 267501 0 0 0
1791160766 2820, 13801, 65, 0x0000000000000000 | 1.60 1.45 1.02 | cpu  63335557 5692 15613380 1986948290 1562388 0 267501 0 0 0
1791160767 2835, 13801, 63, 0x0000000000000004 | 1.55 1.44 1.02 | cpu  63335668 5692 15613397 1986950780 1562388 0 267501 0 0 0
1791160768 2835, 13801, 64, 0x0000000000000004 | 1.55 1.44 1.02 | cpu  63335781 5692 15613411 1986953215 1562388 0 267501 0 0 0
1791160769 2857, 13801, 64, 0x0000000000000004 | 1.55 1.44 1.02 | cpu  63335893 5692 15613426 1986955761 1562388 0 267501 0 0 0
1791160770 2827, 13801, 65, 0x0000000000000004 | 1.55 1.44 1.02 | cpu  63336004 5692 15613439 1986958260 1562388 0 267501 0 0 0
1791160771 2827, 13801, 60, 0x0000000000000000 | 1.55 1.44 1.02 | cpu  63336123 5692 15613460 1986960870 1562388 0 267501 0 0 0
1791160772 2865, 13801, 56, 0x0000000000000000 | 1.67 1.47 1.03 | cpu  63336194 5692 15613500 1986963356 1562388 0 267501 0 0 0
1791160774 2887, 13801, 54, 0x0000000000000000 | 1.67 1.47 1.03 | cpu  63336241 5692 15613572 1986965874 1562388 0 267501 0 0 0
1791160775 2400, 13801, 52, 0x0000000000000000 | 1.67 1.47 1.03 | cpu  63336287 5692 15613646 1986968405 1562388 0 267501 0 0 0
1791160776 2400, 13801, 52, 0x0000000000000000 | 1.67 1.47 1.03 | cpu  63336332 5692 15613714 1986970889 1562388 0 267501 0 0 0
1791160777 2400, 13801, 52, 0x0000000000000000 | 1.62 1.46 1.03 | cpu  63336381 5692 15613786 1986973429 1562389 0 267501 0 0 0
1791160778 2400, 13801, 51, 0x0000000000000000 | 1.62 1.46 1.03 | cpu  63336426 5692 15613854 1986975904 1562390 0 267501 0 0 0
1791160779 2400, 13801, 51, 0x0000000000000000 | 1.62 1.46 1.03 | cpu  63336470 5692 15613933 1986978495 1562390 0 267501 0 0 0
1791160780 2400, 13801, 51, 0x0000000000000000 | 1.62 1.46 1.03 | cpu  63336516 5692 15614010 1986980969 1562390 0 267501 0 0 0
1791160781 2400, 13801, 51, 0x0000000000000000 | 1.62 1.46 1.03 | cpu  63336564 5692 15614086 1986983516 1562390 0 267501 0 0 0
1791160782 2400, 13801, 51, 0x0000000000000000 | 1.57 1.45 1.03 | cpu  63336615 5692 15614154 1986985943 1562391 0 267501 0 0 0
1791160783 2400, 13801, 50, 0x0000000000000000 | 1.57 1.45 1.03 | cpu  63336668 5692 15614240 1986988468 1562391 0 267501 0 0 0
1791160785 2400, 13801, 50, 0x0000000000000000 | 1.57 1.45 1.03 | cpu  63336716 5692 15614317 1986990914 1562392 0 267501 0 0 0
1791160786 2400, 13801, 50, 0x0000000000000000 | 1.57 1.45 1.03 | cpu  63336772 5692 15614376 1986993392 1562392 0 267501 0 0 0
1791160787 2400, 13801, 50, 0x0000000000000000 | 1.52 1.44 1.03 | cpu  63336826 5692 15614446 1986995931 1562392 0 267501 0 0 0
1791160788 2400, 13801, 50, 0x0000000000000000 | 1.52 1.44 1.03 | cpu  63336871 5692 15614517 1986998402 1562393 0 267501 0 0 0
1791160789 2400, 13801, 50, 0x0000000000000000 | 1.52 1.44 1.03 | cpu  63336906 5692 15614633 1987000968 1562393 0 267501 0 0 0
1791160790 2400, 13801, 49, 0x0000000000000000 | 1.52 1.44 1.03 | cpu  63336968 5692 15614684 1987003453 1562394 0 267501 0 0 0
