1791407575 225, 405, 26, 0x0000000000000000 | 0.62 0.72 0.71 | cpu  317464645 2051251 69540155 27581209419 4975902 0 1191355 0 0 0
1791407576 225, 405, 26, 0x0000000000000000 | 0.62 0.72 0.71 | cpu  317464887 2051251 69540187 27581212556 4975940 0 1191355 0 0 0
1791407577 217, 405, 26, 0x0000000000000000 | 0.62 0.72 0.71 | cpu  317464956 2051251 69540216 27581215837 4975956 0 1191356 0 0 0
1791407578 225, 405, 26, 0x0000000000000000 | 0.62 0.72 0.71 | cpu  317464977 2051251 69540248 27581219307 4975958 0 1191356 0 0 0
1791407579 225, 405, 26, 0x0000000000000000 | 0.57 0.71 0.70 | cpu  317464981 2051251 69540275 27581222769 4975958 0 1191356 0 0 0
1791407580 225, 405, 26, 0x0000000000000000 | 0.57 0.71 0.70 | cpu  317465259 2051251 69540291 27581225935 4975972 0 1191356 0 0 0
1791407581 2572, 13801, 27, 0x0000000000000000 | 0.57 0.71 0.70 | cpu  317465403 2051251 69540322 27581229089 4975999 0 1191356 0 0 0
1791407582 2572, 13801, 27, 0x0000000000000000 | 0.57 0.71 0.70 | cpu  317465500 2051251 69540347 27581232285 4976031 0 1191356 0 0 0
1791407583 2572, 13801, 27, 0x0000000000000000 | 0.57 0.71 0.70 | cpu  317465556 2051251 69540374 27581235514 4976075 0 1191356 0 0 0
1791407584 2602, 13801, 27, 0x0000000000000000 | 0.68 0.73 0.71 | cpu  317465629 2051251 69540399 27581238718 4976134 0 1191356 0 0 0
1791407585 2602, 13801, 27, 0x0000000000000000 | 0.68 0.73 0.71 | cpu  317465702 2051251 69540426 27581241939 4976175 0 1191356 0 0 0
1791407587 2602, 13801, 27, 0x0000000000000000 | 0.68 0.73 0.71 | cpu  317465783 2051251 69540447 27581245163 4976211 0 1191356 0 0 0
1791407588 2602, 13801, 27, 0x0000000000000000 | 0.68 0.73 0.71 | cpu  317465898 2051251 69540463 27581248375 4976234 0 1191356 0 0 0
1791407589 2602, 13801, 28, 0x0000000000000000 | 0.68 0.73 0.71 | cpu  317466066 2051251 69540476 27581251550 4976234 0 1191356 0 0 0
1791407590 2602, 13801, 28, 0x0000000000000000 | 0.71 0.73 0.71 | cpu  317466225 2051251 69540485 27581254745 4976234 0 1191356 0 0 0
1791407591 2602, 13801, 28, 0x0000000000000000 | 0.71 0.73 0.71 | cpu  317466382 2051251 69540497 27581257939 4976234 0 1191356 0 0 0
1791407592 2602, 13801, 28, 0x0000000000000000 | 0.71 0.73 0.71 | cpu  317466535 2051251 69540511 27581261136 4976234 0 1191356 0 0 0
1791407593 2602, 13801, 28, 0x0000000000000000 | 0.71 0.73 0.71 | cpu  317466708 2051251 69540523 27581264305 4976234 0 1191356 0 0 0
1791407594 2602, 13801, 28, 0x0000000000000000 | 0.73 0.74 0.72 | cpu  317466860 2051251 69540537 27581267501 4976234 0 1191356 0 0 0
1791407595 2602, 13801, 29, 0x0000000000000000 | 0.73 0.74 0.72 | cpu  317467018 2051251 69540548 27581270688 4976234 0 1191356 0 0 0
1791407596 2602, 13801, 28, 0x0000000000000000 | 0.73 0.74 0.72 | cpu  317467188 2051251 69540589 27581273834 4976235 0 1191356 0 0 0
1791407597 2572, 13801, 28, 0x0000000000000000 | 0.73 0.74 0.72 | cpu  317467239 2051251 69540639 27581277052 4976276 0 1191356 0 0 0
1791407598 2610, 13801, 28, 0x0000000000000000 | 0.73 0.74 0.72 | cpu  317467304 2051251 69540679 27581280299 4976280 0 1191356 0 0 0
1791407599 2602, 13801, 28, 0x0000000000000000 | 0.75 0.74 0.72 | cpu  317467380 2051251 69540712 27581283546 4976280 0 1191356 0 0 0
1791407600 2610, 13801, 28, 0x0000000000000000 | 0.75 0.74 0.72 | cpu  317467450 2051251 69540750 27581286800 4976282 0 1191356 0 0 0
1791407601 2572, 13801, 28, 0x0000000000000000 | 0.75 0.74 0.72 | cpu  317467582 2051251 69540758 27581290008 4976284 0 1191356 0 0 0
1791407602 2572, 13801, 28, 0x0000000000000000 | 0.75 0.74 0.72 | cpu  317469565 2051251 69540762 27581291373 4976284 0 1191356 0 0 0
1791407603 2572, 13801, 28, 0x0000000000000000 | 0.75 0.74 0.72 | cpu  317469904 2051251 69540807 27581294342 4976284 0 1191356 0 0 0
1791407604 2572, 13801, 28, 0x0000000000000000 | 0.77 0.75 0.72 | cpu  317469964 2051251 69540856 27581297590 4976284 0 1191356 0 0 0
1791407605 2572, 13801, 28, 0x0000000000000000 | 0.77 0.75 0.72 | cpu  317470025 2051251 69540904 27581300832 4976284 0 1191356 0 0 0
1791407606 2572, 13801, 28, 0x0000000000000000 | 0.77 0.75 0.72 | cpu  317470082 2051251 69540958 27581304074 4976284 0 1191356 0 0 0
1791407608 2572, 13801, 28, 0x0000000000000000 | 0.77 0.75 0.72 | cpu  317470143 2051251 69541008 27581307313 4976284 0 1191356 0 0 0
1791407609 2572, 13801, 28, 0x0000000000000000 | 0.77 0.75 0.72 | cpu  317470201 2051251 69541058 27581310557 4976284 0 1191356 0 0 0
1791407610 2572, 13801, 28, 0x0000000000000000 | 0.79 0.75 0.72 | cpu  317470262 2051251 69541107 27581313800 4976285 0 1191356 0 0 0
1791407611 2572, 13801, 28, 0x0000000000000000 | 0.79 0.75 0.72 | cpu  317470323 2051251 69541154 27581317037 4976285 0 1191356 0 0 0
1791407612 2572, 13801, 28, 0x0000000000000000 | 0.79 0.75 0.72 | cpu  317470383 2051251 69541204 27581320278 4976285 0 1191356 0 0 0
1791407613 2572, 13801, 28, 0x0000000000000000 | 0.79 0.75 0.72 | cpu  317470443 2051251 69541253 27581323523 4976285 0 1191356 0 0 0
1791407614 2572, 13801, 28, 0x0000000000000000 | 0.79 0.75 0.72 | cpu  317470503 2051251 69541303 27581326768 4976285 0 1191356 0 0 0
1791407615 2572, 13801, 28, 0x0000000000000000 | 0.81 0.75 0.72 | cpu  317470563 2051251 69541351 27581330007 4976285 0 1191356 0 0 0
1791407616 2572, 13801, 28, 0x0000000000000000 | 0.81 0.75 0.72 | cpu  317470636 2051251 69541387 27581333248 4976286 0 1191356 0 0 0
1791407617 2572, 13801, 28, 0x0000000000000000 | 0.81 0.75 0.72 | cpu  317470699 2051251 69541436 27581336480 4976286 0 1191356 0 0 0
1791407618 2572, 13801, 28, 0x0000000000000000 | 0.81 0.75 0.72 | cpu  317470759 2051251 69541484 27581339719 4976286 0 1191356 0 0 0
1791407619 2572, 13801, 28, 0x0000000000000000 | 0.82 0.76 0.72 | cpu  317470819 2051251 69541536 27581342959 4976287 0 1191356 0 0 0
1791407620 2572, 13801, 29, 0x0000000000000000 | 0.82 0.76 0.72 | cpu  317470881 2051251 69541583 27581346199 4976287 0 1191356 0 0 0
1791407621 2572, 13801, 28, 0x0000000000000000 | 0.82 0.76 0.72 | cpu  317470941 2051251 69541631 27581349440 4976287 0 1191356 0 0 0
1791407622 2572, 13801, 29, 0x0000000000000000 | 0.82 0.76 0.72 | cpu  317471001 2051251 69541679 27581352681 4976287 0 1191356 0 0 0
1791407623 2572, 13801, 29, 0x0000000000000000 | 0.82 0.76 0.72 | cpu  317471061 2051251 69541728 27581355920 4976287 0 1191356 0 0 0
1791407624 2572, 13801, 29, 0x0000000000000000 | 0.84 0.76 0.73 | cpu  317471118 2051251 69541779 27581359163 4976287 0 1191356 0 0 0
1791407625 2572, 13801, 29, 0x0000000000000000 | 0.84 0.76 0.73 | cpu  317471178 2051251 69541828 27581362403 4976287 0 1191356 0 0 0
1791407626 2572, 13801, 29, 0x0000000000000000 | 0.84 0.76 0.73 | cpu  317471238 2051251 69541877 27581365646 4976287 0 1191356 0 0 0
1791407627 2572, 13801, 29, 0x0000000000000000 | 0.84 0.76 0.73 | cpu  317471297 2051251 69541928 27581368884 4976287 0 1191356 0 0 0
1791407628 2580, 13801, 29, 0x0000000000000000 | 0.84 0.76 0.73 | cpu  317471362 2051251 69541953 27581372120 4976307 0 1191356 0 0 0
1791407630 2572, 13801, 29, 0x0000000000000000 | 0.85 0.77 0.73 | cpu  317471450 2051251 69541965 27581375358 4976315 0 1191356 0 0 0
1791407631 2587, 13801, 29, 0x0000000000000000 | 0.85 0.77 0.73 | cpu  317471554 2051251 69541973 27581378596 4976316 0 1191356 0 0 0
1791407632 2587, 13801, 29, 0x0000000000000000 | 0.85 0.77 0.73 | cpu  317471657 2051251 69541979 27581381854 4976317 0 1191356 0 0 0
1791407633 2917, 13801, 40, 0x0000000000000000 | 0.85 0.77 0.73 | cpu  317471761 2051251 69541986 27581385108 4976319 0 1191356 0 0 0
1791407634 2917, 13801, 41, 0x0000000000000000 | 0.85 0.77 0.73 | cpu  317471867 2051251 69541990 27581388362 4976319 0 1191356 0 0 0
1791407635 2917, 13801, 42, 0x0000000000000000 | 0.86 0.77 0.73 | cpu  317471973 2051251 69541993 27581391620 4976319 0 1191356 0 0 0
1791407636 2925, 13801, 43, 0x0000000000000000 | 0.86 0.77 0.73 | cpu  317472079 2051251 69541997 27581394878 4976319 0 1191356 0 0 0
1791407637 2932, 13801, 35, 0x0000000000000000 | 0.86 0.77 0.73 | cpu  317472172 2051251 69542015 27581398108 4976322 0 1191356 0 0 0
1791407638 2947, 13801, 32, 0x0000000000000000 | 0.86 0.77 0.73 | cpu  317472272 2051251 69542030 27581401341 4976324 0 1191356 0 0 0
1791407639 2917, 13801, 42, 0x0000000000000000 | 0.87 0.78 0.73 | cpu  317472372 2051251 69542046 27581404589 4976326 0 1191356 0 0 0
1791407640 2917, 13801, 43, 0x0000000000000000 | 0.87 0.78 0.73 | cpu  317472480 2051251 69542058 27581407847 4976326 0 1191356 0 0 0
1791407641 2910, 13801, 46, 0x0000000000000000 | 0.87 0.78 0.73 | cpu  317472586 2051251 69542071 27581411087 4976326 0 1191356 0 0 0
1791407642 2910, 13801, 44, 0x0000000000000000 | 0.87 0.78 0.73 | cpu  317472697 2051251 69542103 27581414298 4976327 0 1191356 0 0 0
1791407643 2917, 13801, 46, 0x0000000000000000 | 0.87 0.78 0.73 | cpu  317472804 2051251 69542138 27581417516 4976327 0 1191356 0 0 0
1791407644 2910, 13801, 45, 0x0000000000000000 | 0.89 0.78 0.73 | cpu  317472910 2051251 69542154 27581420776 4976327 0 1191356 0 0 0
1791407645 2910, 13801, 48, 0x0000000000000000 | 0.89 0.78 0.73 | cpu  317473014 2051251 69542168 27581424025 4976327 0 1191356 0 0 0
1791407646 2910, 13801, 46, 0x0000000000000000 | 0.89 0.78 0.73 | cpu  317473119 2051251 69542181 27581427260 4976327 0 1191356 0 0 0
1791407647 2910, 13801, 46, 0x0000000000000000 | 0.89 0.78 0.73 | cpu  317473226 2051251 69542191 27581430507 4976327 0 1191356 0 0 0
1791407648 2910, 13801, 47, 0x0000000000000000 | 0.89 0.78 0.73 | cpu  317473329 2051251 69542206 27581433752 4976328 0 1191356 0 0 0
1791407650 2910, 13801, 47, 0x0000000000000000 | 0.89 0.78 0.73 | cpu  317473435 2051251 69542216 27581436999 4976328 0 1191356 0 0 0
1791407651 2917, 13801, 47, 0x0000000000000000 | 0.89 0.78 0.73 | cpu  317473537 2051251 69542233 27581440259 4976328 0 1191356 0 0 0
1791407652 2910, 13801, 47, 0x0000000000000000 | 0.89 0.78 0.73 | cpu  317473643 2051251 69542250 27581443549 4976328 0 1191356 0 0 0
1791407653 2910, 13801, 50, 0x0000000000000000 | 0.89 0.78 0.73 | cpu  317473751 2051251 69542260 27581446805 4976328 0 1191356 0 0 0
1791407654 2910, 13801, 50, 0x0000000000000000 | 0.89 0.78 0.73 | cpu  317473856 2051251 69542275 27581450051 4976328 0 1191356 0 0 0
1791407655 2910, 13801, 50, 0x0000000000000000 | 0.90 0.79 0.74 | cpu  317473963 2051251 69542287 27581453297 4976328 0 1191356 0 0 0
1791407656 2917, 13801, 48, 0x0000000000000000 | 0.90 0.79 0.74 | cpu  317474064 2051251 69542303 27581456547 4976328 0 1191356 0 0 0
1791407657 2910, 13801, 49, 0x0000000000000000 | 0.90 0.79 0.74 | cpu  317474171 2051251 69542313 27581459791 4976328 0 1191356 0 0 0
1791407658 2917, 13801, 51, 0x0000000000000000 | 0.90 0.79 0.74 | cpu  317474272 2051251 69542330 27581463034 4976329 0 1191356 0 0 0
1791407659 2910, 13801, 49, 0x0000000000000000 | 0.91 0.79 0.74 | cpu  317474380 2051251 69542345 27581466277 4976330 0 1191356 0 0 0
1791407660 2910, 13801, 50, 0x0000000000000000 | 0.91 0.79 0.74 | cpu  317474482 2051251 69542362 27581469537 4976330 0 1191356 0 0 0
1791407661 2910, 13801, 50, 0x0000000000000000 | 0.91 0.79 0.74 | cpu  317474588 2051251 69542375 27581472838 4976331 0 1191356 0 0 0
1791407662 2910, 13801, 51, 0x0000000000000000 | 0.91 0.79 0.74 | cpu  317474693 2051251 69542389 27581476078 4976332 0 1191356 0 0 0
1791407663 2910, 13801, 52, 0x0000000000000000 | 0.91 0.79 0.74 | cpu  317474798 2051251 69542403 27581479332 4976332 0 1191356 0 0 0
1791407664 2910, 13801, 52, 0x0000000000000000 | 0.92 0.80 0.74 | cpu  317474904 2051251 69542417 27581482589 4976332 0 1191356 0 0 0
1791407665 2910, 13801, 53, 0x0000000000000000 | 0.92 0.80 0.74 | cpu  317475010 2051251 69542430 27581485837 4976333 0 1191356 0 0 0
1791407666 2910, 13801, 52, 0x0000000000000000 | 0.92 0.80 0.74 | cpu  317475116 2051251 69542443 27581489085 4976333 0 1191356 0 0 0
1791407667 2910, 13801, 52, 0x0000000000000000 | 0.92 0.80 0.74 | cpu  317475222 2051251 69542458 27581492318 4976333 0 1191356 0 0 0
1791407668 2910, 13801, 52, 0x0000000000000000 | 0.92 0.80 0.74 | cpu  317475328 2051251 69542470 27581495557 4976334 0 1191356 0 0 0
1791407670 2910, 13801, 55, 0x0000000000000000 | 0.93 0.80 0.74 | cpu  317475432 2051251 69542483 27581498802 4976334 0 1191356 0 0 0
1791407671 2910, 13801, 52, 0x0000000000000000 | 0.93 0.80 0.74 | cpu  317475537 2051251 69542500 27581502098 4976334 0 1191356 0 0 0
1791407672 2895, 13801, 54, 0x0000000000000000 | 0.93 0.80 0.74 | cpu  317475643 2051251 69542512 27581505339 4976334 0 1191356 0 0 0
1791407673 2910, 13801, 55, 0x0000000000000000 | 0.93 0.80 0.74 | cpu  317475747 2051251 69542527 27581508592 4976335 0 1191356 0 0 0
1791407674 2902, 13801, 54, 0x0000000000000000 | 0.93 0.80 0.74 | cpu  317475857 2051251 69542546 27581511832 4976335 0 1191356 0 0 0
1791407675 2902, 13801, 55, 0x0000000000000000 | 0.93 0.80 0.74 | cpu  317475962 2051251 69542562 27581515070 4976335 0 1191356 0 0 0
1791407676 2902, 13801, 54, 0x0000000000000000 | 0.93 0.80 0.74 | cpu  317476070 2051251 69542575 27581518307 4976336 0 1191356 0 0 0
1791407677 2902, 13801, 56, 0x0000000000000000 | 0.93 0.80 0.74 | cpu  317476176 2051251 69542590 27581521549 4976336 0 1191356 0 0 0
1791407678 2902, 13801, 56, 0x0000000000000000 | 0.93 0.80 0.74 | cpu  317476282 2051251 69542601 27581524789 4976336 0 1191356 0 0 0
1791407679 2902, 13801, 55, 0x0000000000000000 | 0.94 0.81 0.74 | cpu  317476386 2051251 69542615 27581528039 4976336 0 1191356 0 0 0
1791407680 2902, 13801, 57, 0x0000000000000000 | 0.94 0.81 0.74 | cpu  317476491 2051251 69542628 27581531288 4976337 0 1191356 0 0 0
1791407681 2902, 13801, 56, 0x0000000000000000 | 0.94 0.81 0.74 | cpu  317476599 2051251 69542639 27581534561 4976338 0 1191356 0 0 0
1791407682 2902, 13801, 52, 0x0000000000000000 | 0.94 0.81 0.74 | cpu  317476707 2051251 69542653 27581537844 4976338 0 1191356 0 0 0
1791407683 2902, 13801, 56, 0x0000000000000000 | 0.94 0.81 0.74 | cpu  317476811 2051251 69542663 27581541085 4976338 0 1191356 0 0 0
1791407684 2932, 13801, 45, 0x0000000000000000 | 0.94 0.81 0.75 | cpu  317476901 2051251 69542681 27581544324 4976338 0 1191356 0 0 0
1791407685 2572, 13801, 44, 0x0000000000000000 | 0.94 0.81 0.75 | cpu  317477002 2051251 69542691 27581547570 4976338 0 1191356 0 0 0
1791407686 2572, 13801, 43, 0x0000000000000000 | 0.94 0.81 0.75 | cpu  317477100 2051251 69542701 27581550807 4976338 0 1191356 0 0 0
1791407687 2572, 13801, 43, 0x0000000000000000 | 0.94 0.81 0.75 | cpu  317477205 2051251 69542708 27581554037 4976339 0 1191356 0 0 0
1791407688 2572, 13801, 43, 0x0000000000000000 | 0.94 0.81 0.75 | cpu  317477303 2051251 69542721 27581557284 4976339 0 1191356 0 0 0
1791407690 2572, 13801, 43, 0x0000000000000000 | 0.95 0.81 0.75 | cpu  317477399 2051251 69542734 27581560528 4976339 0 1191356 0 0 0
1791407691 2572, 13801, 43, 0x0000000000000000 | 0.95 0.81 0.75 | cpu  317477479 2051251 69542763 27581563770 4976339 0 1191356 0 0 0
1791407692 2572, 13801, 43, 0x0000000000000000 | 0.95 0.81 0.75 | cpu  317477575 2051251 69542782 27581567002 4976339 0 1191356 0 0 0
1791407693 2572, 13801, 43, 0x0000000000000000 | 0.95 0.81 0.75 | cpu  317477690 2051251 69542824 27581570191 4976339 0 1191358 0 0 0
1791407694 2572, 13801, 42, 0x0000000000000000 | 0.95 0.81 0.75 | cpu  317477795 2051251 69542833 27581573422 4976340 0 1191358 0 0 0
1791407695 2572, 13801, 42, 0x0000000000000000 | 0.95 0.82 0.75 | cpu  317477901 2051251 69542842 27581576669 4976340 0 1191358 0 0 0
1791407696 2572, 13801, 42, 0x0000000000000000 | 0.95 0.82 0.75 | cpu  317478005 2051251 69542850 27581579908 4976340 0 1191358 0 0 0
1791407697 2572, 13801, 42, 0x0000000000000000 | 0.95 0.82 0.75 | cpu  317478108 2051251 69542859 27581583129 4976357 0 1191358 0 0 0
1791407698 2572, 13801, 42, 0x0000000000000000 | 0.95 0.82 0.75 | cpu  317478210 2051251 69542871 27581586361 4976357 0 1191358 0 0 0
1791407699 2572, 13801, 42, 0x0000000000000000 | 0.96 0.82 0.75 | cpu  317478314 2051251 69542883 27581589587 4976357 0 1191358 0 0 0
1791407700 2572, 13801, 42, 0x0000000000000000 | 0.96 0.82 0.75 | cpu  317478417 2051251 69542892 27581592820 4976357 0 1191358 0 0 0
1791407701 727, 810, 41, 0x0000000000000000 | 0.96 0.82 0.75 | cpu  317478518 2051251 69542906 27581596073 4976357 0 1191358 0 0 0
1791407702 352, 810, 41, 0x0000000000000000 | 0.96 0.82 0.75 | cpu  317478637 2051251 69542926 27581599294 4976357 0 1191358 0 0 0
1791407703 225, 405, 40, 0x0000000000000000 | 0.96 0.82 0.75 | cpu  317478740 2051251 69542939 27581602562 4976357 0 1191358 0 0 0
1791407704 225, 405, 40, 0x0000000000000000 | 0.96 0.82 0.75 | cpu  317478844 2051251 69542949 27581605814 4976357 0 1191358 0 0 0
1791407705 225, 405, 40, 0x0000000000000000 | 0.96 0.82 0.75 | cpu  317478947 2051251 69542964 27581609079 4976358 0 1191358 0 0 0
1791407706 225, 405, 40, 0x0000000000000000 | 0.96 0.82 0.75 | cpu  317479053 2051251 69542971 27581612338 4976359 0 1191358 0 0 0
1791407707 225, 405, 40, 0x0000000000000000 | 0.96 0.82 0.75 | cpu  317479155 2051251 69542988 27581615587 4976361 0 1191358 0 0 0
1791407708 225, 405, 40, 0x0000000000000000 | 0.96 0.82 0.75 | cpu  317479261 2051251 69543039 27581618799 4976361 0 1191358 0 0 0
1791407709 225, 405, 40, 0x0000000000000000 | 0.96 0.83 0.75 | cpu  317479366 2051251 69543043 27581622063 4976361 0 1191358 0 0 0
1791407711 225, 405, 40, 0x0000000000000000 | 0.96 0.83 0.75 | cpu  317479469 2051251 69543060 27581625311 4976361 0 1191358 0 0 0
1791407712 225, 405, 39, 0x0000000000000000 | 0.96 0.83 0.75 | cpu  317479571 2051251 69543073 27581628563 4976361 0 1191358 0 0 0
1791407713 225, 405, 39, 0x0000000000000000 | 0.96 0.83 0.75 | cpu  317479676 2051251 69543082 27581631821 4976361 0 1191358 0 0 0
1791407714 225, 405, 39, 0x0000000000000000 | 0.96 0.83 0.75 | cpu  317479781 2051251 69543089 27581635081 4976361 0 1191358 0 0 0
1791407715 225, 405, 39, 0x0000000000000000 | 0.97 0.83 0.75 | cpu  317479883 2051251 69543104 27581638342 4976361 0 1191358 0 0 0
1791407716 225, 405, 39, 0x0000000000000000 | 0.97 0.83 0.75 | cpu  317479984 2051251 69543117 27581641598 4976361 0 1191358 0 0 0
1791407717 225, 405, 39, 0x0000000000000000 | 0.97 0.83 0.75 | cpu  317480085 2051251 69543132 27581644859 4976361 0 1191358 0 0 0
1791407718 225, 405, 39, 0x0000000000000000 | 0.97 0.83 0.75 | cpu  317480197 2051251 69543139 27581648120 4976361 0 1191358 0 0 0
1791407719 225, 405, 39, 0x0000000000000000 | 0.97 0.83 0.76 | cpu  317480301 2051251 69543150 27581651376 4976361 0 1191358 0 0 0
1791407720 225, 405, 39, 0x0000000000000000 | 0.97 0.83 0.76 | cpu  317480403 2051251 69543167 27581654624 4976361 0 1191358 0 0 0
1791407721 225, 405, 38, 0x0000000000000000 | 0.97 0.83 0.76 | cpu  317480504 2051251 69543183 27581657883 4976361 0 1191358 0 0 0
1791407722 225, 405, 38, 0x0000000000000000 | 0.97 0.83 0.76 | cpu  317480606 2051251 69543200 27581661135 4976361 0 1191358 0 0 0
1791407723 225, 405, 38, 0x0000000000000000 | 0.97 0.83 0.76 | cpu  317480711 2051251 69543210 27581664401 4976361 0 1191358 0 0 0
1791407724 225, 405, 38, 0x0000000000000000 | 0.97 0.83 0.76 | cpu  317480817 2051251 69543214 27581667659 4976361 0 1191358 0 0 0
1791407725 225, 405, 38, 0x0000000000000000 | 0.97 0.83 0.76 | cpu  317480920 2051251 69543227 27581670917 4976361 0 1191358 0 0 0
1791407726 225, 405, 38, 0x0000000000000000 | 0.97 0.83 0.76 | cpu  317481021 2051251 69543241 27581674173 4976361 0 1191358 0 0 0
1791407727 225, 405, 38, 0x0000000000000000 | 0.97 0.83 0.76 | cpu  317481122 2051251 69543257 27581677428 4976361 0 1191358 0 0 0
1791407728 225, 405, 38, 0x0000000000000000 | 0.97 0.83 0.76 | cpu  317481225 2051251 69543271 27581680693 4976361 0 1191358 0 0 0
1791407730 225, 405, 38, 0x0000000000000000 | 0.97 0.84 0.76 | cpu  317481326 2051251 69543284 27581683947 4976362 0 1191358 0 0 0
1791407731 217, 405, 38, 0x0000000000000000 | 0.97 0.84 0.76 | cpu  317481432 2051251 69543291 27581687213 4976362 0 1191358 0 0 0
1791407732 225, 405, 38, 0x0000000000000000 | 0.97 0.84 0.76 | cpu  317481538 2051251 69543295 27581690474 4976362 0 1191358 0 0 0
1791407733 225, 405, 38, 0x0000000000000000 | 0.97 0.84 0.76 | cpu  317481642 2051251 69543305 27581693728 4976362 0 1191358 0 0 0
1791407734 225, 405, 38, 0x0000000000000000 | 0.97 0.84 0.76 | cpu  317481744 2051251 69543322 27581696985 4976362 0 1191358 0 0 0
1791407735 225, 405, 38, 0x0000000000000000 | 0.98 0.84 0.76 | cpu  317481845 2051251 69543337 27581700244 4976362 0 1191358 0 0 0
1791407736 225, 405, 38, 0x0000000000000000 | 0.98 0.84 0.76 | cpu  317481947 2051251 69543351 27581703501 4976363 0 1191358 0 0 0
1791407737 225, 405, 38, 0x0000000000000000 | 0.98 0.84 0.76 | cpu  317482049 2051251 69543366 27581706753 4976363 0 1191358 0 0 0
1791407738 225, 405, 38, 0x0000000000000000 | 0.98 0.84 0.76 | cpu  317482151 2051251 69543379 27581710007 4976363 0 1191358 0 0 0
1791407739 225, 405, 38, 0x0000000000000000 | 0.98 0.84 0.76 | cpu  317482253 2051251 69543394 27581713261 4976364 0 1191358 0 0 0
1791407740 225, 405, 38, 0x0000000000000000 | 0.98 0.84 0.76 | cpu  317482359 2051251 69543399 27581716530 4976365 0 1191358 0 0 0
1791407741 225, 405, 38, 0x0000000000000000 | 0.98 0.84 0.76 | cpu  317482466 2051251 69543403 27581719792 4976365 0 1191358 0 0 0
1791407742 225, 405, 38, 0x0000000000000000 | 0.98 0.84 0.76 | cpu  317482572 2051251 69543412 27581723047 4976365 0 1191358 0 0 0
1791407743 225, 405, 37, 0x0000000000000000 | 0.98 0.84 0.76 | cpu  317482674 2051251 69543430 27581726299 4976365 0 1191358 0 0 0
1791407744 225, 405, 37, 0x0000000000000000 | 0.98 0.85 0.76 | cpu  317482774 2051251 69543446 27581729559 4976365 0 1191358 0 0 0
1791407745 225, 405, 37, 0x0000000000000000 | 0.98 0.85 0.76 | cpu  317482878 2051251 69543464 27581732812 4976366 0 1191358 0 0 0
1791407746 225, 405, 37, 0x0000000000000000 | 0.98 0.85 0.76 | cpu  317482980 2051251 69543479 27581736063 4976366 0 1191358 0 0 0
1791407747 225, 405, 37, 0x0000000000000000 | 0.98 0.85 0.76 | cpu  317483108 2051251 69543507 27581739270 4976366 0 1191358 0 0 0
1791407749 225, 405, 37, 0x0000000000000000 | 0.98 0.85 0.76 | cpu  317483215 2051251 69543518 27581742517 4976366 0 1191358 0 0 0
1791407750 225, 405, 37, 0x0000000000000000 | 0.98 0.85 0.76 | cpu  317483321 2051251 69543529 27581745779 4976366 0 1191358 0 0 0
1791407751 225, 405, 37, 0x0000000000000000 | 0.98 0.85 0.76 | cpu  317483422 2051251 69543542 27581749043 4976366 0 1191358 0 0 0
1791407752 225, 405, 37, 0x0000000000000000 | 0.98 0.85 0.76 | cpu  317483533 2051251 69543555 27581752297 4976366 0 1191358 0 0 0
1791407753 225, 405, 37, 0x0000000000000000 | 0.98 0.85 0.76 | cpu  317483638 2051251 69543560 27581755563 4976366 0 1191358 0 0 0
1791407754 225, 405, 37, 0x0000000000000000 | 0.98 0.85 0.76 | cpu  317483744 2051251 69543564 27581758832 4976366 0 1191358 0 0 0
1791407755 225, 405, 37, 0x0000000000000000 | 0.98 0.85 0.77 | cpu  317483853 2051251 69543575 27581762090 4976366 0 1191358 0 0 0
1791407756 225, 405, 37, 0x0000000000000000 | 0.98 0.85 0.77 | cpu  317483966 2051251 69543593 27581765322 4976366 0 1191359 0 0 0
1791407757 225, 405, 37, 0x0000000000000000 | 0.98 0.85 0.77 | cpu  317484082 2051251 69543625 27581768558 4976366 0 1191359 0 0 0
1791407758 225, 405, 37, 0x0000000000000000 | 0.98 0.85 0.77 | cpu  317484189 2051251 69543634 27581771815 4976366 0 1191359 0 0 0
1791407759 225, 405, 37, 0x0000000000000000 | 0.99 0.86 0.77 | cpu  317484291 2051251 69543647 27581775077 4976366 0 1191359 0 0 0
1791407760 225, 405, 37, 0x0000000000000000 | 0.99 0.86 0.77 | cpu  317484399 2051251 69543659 27581778328 4976368 0 1191359 0 0 0
1791407761 225, 405, 37, 0x0000000000000000 | 0.99 0.86 0.77 | cpu  317484506 2051251 69543670 27581781579 4976368 0 1191359 0 0 0
1791407762 225, 405, 37, 0x0000000000000000 | 0.99 0.86 0.77 | cpu  317484613 2051251 69543679 27581784838 4976368 0 1191359 0 0 0
1791407763 225, 405, 37, 0x0000000000000000 | 0.99 0.86 0.77 | cpu  317484720 2051251 69543688 27581788093 4976368 0 1191359 0 0 0
1791407764 225, 405, 37, 0x0000000000000000 | 0.99 0.86 0.77 | cpu  317484829 2051251 69543700 27581791369 4976368 0 1191359 0 0 0
1791407765 225, 405, 37, 0x0000000000000000 | 0.99 0.86 0.77 | cpu  317484936 2051251 69543710 27581794622 4976368 0 1191359 0 0 0
1791407766 225, 405, 37, 0x0000000000000000 | 0.99 0.86 0.77 | cpu  317485042 2051251 69543720 27581797889 4976368 0 1191359 0 0 0
1791407768 225, 405, 37, 0x0000000000000000 | 0.99 0.86 0.77 | cpu  317485152 2051251 69543734 27581801166 4976368 0 1191359 0 0 0
1791407769 225, 405, 37, 0x0000000000000000 | 0.99 0.86 0.77 | cpu  317485260 2051251 69543744 27581804422 4976368 0 1191359 0 0 0
1791407770 225, 405, 37, 0x0000000000000000 | 0.99 0.86 0.77 | cpu  317485369 2051251 69543754 27581807684 4976375 0 1191359 0 0 0
1791407771 225, 405, 36, 0x0000000000000000 | 0.99 0.86 0.77 | cpu  317485477 2051251 69543764 27581810921 4976398 0 1191359 0 0 0
1791407772 225, 405, 36, 0x0000000000000000 | 0.99 0.86 0.77 | cpu  317485593 2051251 69543818 27581814151 4976398 0 1191359 0 0 0
1791407773 225, 405, 36, 0x0000000000000000 | 0.99 0.86 0.77 | cpu  317485709 2051251 69543853 27581817370 4976398 0 1191359 0 0 0
1791407774 225, 405, 36, 0x0000000000000000 | 1.07 0.88 0.78 | cpu  317485816 2051251 69543864 27581820628 4976398 0 1191359 0 0 0
1791407775 217, 405, 36, 0x0000000000000000 | 1.07 0.88 0.78 | cpu  317485924 2051251 69543873 27581823889 4976398 0 1191359 0 0 0
1791407776 225, 405, 36, 0x0000000000000000 | 1.07 0.88 0.78 | cpu  317486031 2051251 69543883 27581827142 4976398 0 1191359 0 0 0
1791407777 225, 405, 36, 0x0000000000000000 | 1.07 0.88 0.78 | cpu  317486137 2051251 69543892 27581830399 4976399 0 1191359 0 0 0
1791407778 225, 405, 36, 0x0000000000000000 | 1.07 0.88 0.78 | cpu  317486244 2051251 69543903 27581833654 4976399 0 1191359 0 0 0
1791407779 225, 405, 36, 0x0000000000000000 | 1.06 0.88 0.78 | cpu  317486352 2051251 69543915 27581836908 4976399 0 1191359 0 0 0
1791407780 225, 405, 36, 0x0000000000000000 | 1.06 0.88 0.78 | cpu  317486458 2051251 69543925 27581840157 4976399 0 1191359 0 0 0
1791407781 225, 405, 36, 0x0000000000000000 | 1.06 0.88 0.78 | cpu  317486564 2051251 69543934 27581843409 4976399 0 1191359 0 0 0
1791407782 225, 405, 36, 0x0000000000000000 | 1.06 0.88 0.78 | cpu  317486672 2051251 69543944 27581846666 4976399 0 1191359 0 0 0
1791407783 225, 405, 36, 0x0000000000000000 | 1.06 0.88 0.78 | cpu  317486778 2051251 69543954 27581849923 4976399 0 1191359 0 0 0
1791407784 225, 405, 36, 0x0000000000000000 | 1.06 0.88 0.78 | cpu  317486885 2051251 69543964 27581853178 4976399 0 1191359 0 0 0
1791407785 225, 405, 36, 0x0000000000000000 | 1.06 0.88 0.78 | cpu  317486991 2051251 69543973 27581856434 4976399 0 1191359 0 0 0
1791407787 225, 405, 36, 0x0000000000000000 | 1.06 0.88 0.78 | cpu  317487097 2051251 69543983 27581859679 4976399 0 1191359 0 0 0
1791407788 225, 405, 36, 0x0000000000000000 | 1.06 0.88 0.78 | cpu  317487205 2051251 69543995 27581862953 4976399 0 1191359 0 0 0
1791407789 225, 405, 36, 0x0000000000000000 | 1.06 0.88 0.78 | cpu  317487312 2051251 69544007 27581866206 4976399 0 1191359 0 0 0
1791407790 225, 405, 36, 0x0000000000000000 | 1.05 0.89 0.78 | cpu  317487419 2051251 69544017 27581869461 4976399 0 1191359 0 0 0
1791407791 225, 405, 36, 0x0000000000000000 | 1.05 0.89 0.78 | cpu  317487527 2051251 69544027 27581872718 4976399 0 1191359 0 0 0
1791407792 225, 405, 36, 0x0000000000000000 | 1.05 0.89 0.78 | cpu  317487633 2051251 69544038 27581875968 4976402 0 1191359 0 0 0
1791407793 217, 405, 36, 0x0000000000000000 | 1.05 0.89 0.78 | cpu  317487742 2051251 69544048 27581879216 4976402 0 1191359 0 0 0
1791407794 225, 405, 36, 0x0000000000000000 | 1.13 0.90 0.79 | cpu  317487849 2051251 69544059 27581882469 4976402 0 1191359 0 0 0
1791407795 225, 405, 36, 0x0000000000000000 | 1.13 0.90 0.79 | cpu  317487955 2051251 69544069 27581885727 4976402 0 1191359 0 0 0
1791407796 225, 405, 36, 0x0000000000000000 | 1.13 0.90 0.79 | cpu  317488062 2051251 69544080 27581888981 4976409 0 1191359 0 0 0
1791407797 225, 405, 36, 0x0000000000000000 | 1.13 0.90 0.79 | cpu  317488169 2051251 69544088 27581892240 4976409 0 1191359 0 0 0
1791407798 225, 405, 36, 0x0000000000000000 | 1.13 0.90 0.79 | cpu  317488276 2051251 69544098 27581895493 4976409 0 1191359 0 0 0
1791407799 225, 405, 35, 0x0000000000000000 | 1.12 0.91 0.79 | cpu  317488383 2051251 69544108 27581898753 4976412 0 1191359 0 0 0
1791407800 225, 405, 35, 0x0000000000000000 | 1.12 0.91 0.79 | cpu  317488491 2051251 69544119 27581902023 4976412 0 1191359 0 0 0
1791407801 225, 405, 35, 0x0000000000000000 | 1.12 0.91 0.79 | cpu  317488598 2051251 69544128 27581905282 4976412 0 1191359 0 0 0
1791407802 225, 405, 35, 0x0000000000000000 | 1.12 0.91 0.79 | cpu  317488707 2051251 69544139 27581908544 4976412 0 1191359 0 0 0
1791407803 225, 405, 35, 0x0000000000000000 | 1.12 0.91 0.79 | cpu  317488814 2051251 69544149 27581911805 4976412 0 1191359 0 0 0
1791407804 2887, 13801, 38, 0x0000000000000000 | 1.11 0.91 0.79 | cpu  317488919 2051251 69544158 27581915041 4976413 0 1191359 0 0 0
1791407806 2910, 13801, 49, 0x0000000000000000 | 1.11 0.91 0.79 | cpu  317489025 2051251 69544171 27581918299 4976413 0 1191359 0 0 0
1791407807 2910, 13801, 50, 0x0000000000000000 | 1.11 0.91 0.79 | cpu  317489130 2051251 69544183 27581921541 4976413 0 1191359 0 0 0
1791407808 2917, 13801, 51, 0x0000000000000000 | 1.11 0.91 0.79 | cpu  317489236 2051251 69544198 27581924794 4976413 0 1191359 0 0 0
1791407809 2910, 13801, 50, 0x0000000000000000 | 1.11 0.91 0.79 | cpu  317489343 2051251 69544210 27581928046 4976414 0 1191359 0 0 0
1791407810 2910, 13801, 52, 0x0000000000000000 | 1.10 0.91 0.79 | cpu  317489451 2051251 69544222 27581931314 4976414 0 1191359 0 0 0
1791407811 2910, 13801, 51, 0x0000000000000000 | 1.10 0.91 0.79 | cpu  317489557 2051251 69544234 27581934602 4976414 0 1191359 0 0 0
1791407812 2917, 13801, 51, 0x0000000000000000 | 1.10 0.91 0.79 | cpu  317489662 2051251 69544249 27581937854 4976414 0 1191359 0 0 0
1791407813 2910, 13801, 52, 0x0000000000000000 | 1.10 0.91 0.79 | cpu  317489768 2051251 69544262 27581941104 4976414 0 1191359 0 0 0
1791407814 2902, 13801, 53, 0x0000000000000000 | 1.09 0.91 0.79 | cpu  317489875 2051251 69544276 27581944354 4976414 0 1191359 0 0 0
1791407815 2910, 13801, 54, 0x0000000000000000 | 1.09 0.91 0.79 | cpu  317489978 2051251 69544289 27581947605 4976414 0 1191359 0 0 0
1791407816 2902, 13801, 52, 0x0000000000000000 | 1.09 0.91 0.79 | cpu  317490084 2051251 69544301 27581950847 4976414 0 1191359 0 0 0
1791407817 2902, 13801, 54, 0x0000000000000000 | 1.09 0.91 0.79 | cpu  317490189 2051251 69544317 27581954103 4976414 0 1191359 0 0 0
1791407818 2902, 13801, 54, 0x0000000000000000 | 1.09 0.91 0.79 | cpu  317490297 2051251 69544329 27581957374 4976414 0 1191359 0 0 0
1791407819 2902, 13801, 55, 0x0000000000000000 | 1.08 0.91 0.80 | cpu  317490401 2051251 69544342 27581960621 4976414 0 1191359 0 0 0
1791407820 2902, 13801, 54, 0x0000000000000000 | 1.08 0.91 0.80 | cpu  317490507 2051251 69544356 27581963901 4976414 0 1191359 0 0 0
1791407821 2902, 13801, 54, 0x0000000000000000 | 1.08 0.91 0.80 | cpu  317490614 2051251 69544368 27581967147 4976414 0 1191359 0 0 0
1791407822 2917, 13801, 55, 0x0000000000000000 | 1.08 0.91 0.80 | cpu  317490719 2051251 69544384 27581970397 4976414 0 1191359 0 0 0
1791407823 2902, 13801, 56, 0x0000000000000000 | 1.08 0.91 0.80 | cpu  317490825 2051251 69544397 27581973647 4976414 0 1191359 0 0 0
1791407825 2902, 13801, 57, 0x0000000000000000 | 1.08 0.92 0.80 | cpu  317490928 2051251 69544412 27581976897 4976414 0 1191359 0 0 0
1791407826 2902, 13801, 55, 0x0000000000000000 | 1.08 0.92 0.80 | cpu  317491038 2051251 69544423 27581980142 4976414 0 1191359 0 0 0
1791407827 2902, 13801, 57, 0x0000000000000000 | 1.08 0.92 0.80 | cpu  317491144 2051251 69544436 27581983404 4976414 0 1191359 0 0 0
1791407828 2902, 13801, 56, 0x0000000000000000 | 1.08 0.92 0.80 | cpu  317491251 2051251 69544447 27581986654 4976414 0 1191359 0 0 0
1791407829 2902, 13801, 58, 0x0000000000000000 | 1.08 0.92 0.80 | cpu  317491357 2051251 69544469 27581989900 4976414 0 1191359 0 0 0
1791407830 2902, 13801, 56, 0x0000000000000000 | 1.07 0.92 0.80 | cpu  317491462 2051251 69544481 27581993149 4976414 0 1191359 0 0 0
1791407831 2902, 13801, 59, 0x0000000000000000 | 1.07 0.92 0.80 | cpu  317491570 2051251 69544493 27581996413 4976414 0 1191359 0 0 0
1791407832 2902, 13801, 60, 0x0000000000000000 | 1.07 0.92 0.80 | cpu  317491676 2051251 69544504 27581999664 4976414 0 1191359 0 0 0
1791407833 2902, 13801, 58, 0x0000000000000000 | 1.07 0.92 0.80 | cpu  317491784 2051251 69544516 27582002911 4976414 0 1191359 0 0 0
1791407834 2902, 13801, 58, 0x0000000000000000 | 1.07 0.92 0.80 | cpu  317491888 2051251 69544534 27582006156 4976415 0 1191359 0 0 0
1791407835 2902, 13801, 58, 0x0000000000000000 | 1.07 0.92 0.80 | cpu  317492001 2051251 69544582 27582009376 4976415 0 1191359 0 0 0
1791407836 2902, 13801, 59, 0x0000000000000000 | 1.07 0.92 0.80 | cpu  317492108 2051251 69544596 27582012620 4976415 0 1191359 0 0 0
1791407837 2902, 13801, 60, 0x0000000000000000 | 1.07 0.92 0.80 | cpu  317492213 2051251 69544609 27582015866 4976415 0 1191359 0 0 0
1791407838 2902, 13801, 60, 0x0000000000000000 | 1.07 0.92 0.80 | cpu  317492318 2051251 69544622 27582019112 4976415 0 1191359 0 0 0
1791407839 2902, 13801, 61, 0x0000000000000000 | 1.06 0.92 0.80 | cpu  317492422 2051251 69544638 27582022368 4976415 0 1191359 0 0 0
1791407840 2902, 13801, 61, 0x0000000000000000 | 1.06 0.92 0.80 | cpu  317492528 2051251 69544648 27582025614 4976415 0 1191359 0 0 0
1791407841 2902, 13801, 61, 0x0000000000000000 | 1.06 0.92 0.80 | cpu  317492630 2051251 69544665 27582028867 4976416 0 1191359 0 0 0
1791407842 2902, 13801, 60, 0x0000000000000000 | 1.06 0.92 0.80 | cpu  317492739 2051251 69544677 27582032118 4976416 0 1191359 0 0 0
1791407843 2895, 13801, 62, 0x0000000000000000 | 1.06 0.92 0.80 | cpu  317492844 2051251 69544689 27582035365 4976416 0 1191359 0 0 0
1791407845 2902, 13801, 61, 0x0000000000000000 | 1.06 0.92 0.80 | cpu  317492950 2051251 69544702 27582038640 4976416 0 1191359 0 0 0
1791407846 2902, 13801, 62, 0x0000000000000000 | 1.06 0.92 0.80 | cpu  317493056 2051251 69544715 27582041897 4976416 0 1191359 0 0 0
1791407847 2902, 13801, 61, 0x0000000000000000 | 1.06 0.92 0.80 | cpu  317493162 2051251 69544729 27582045160 4976416 0 1191359 0 0 0
1791407848 2895, 13801, 61, 0x0000000000000000 | 1.06 0.92 0.80 | cpu  317493273 2051251 69544743 27582048401 4976416 0 1191359 0 0 0
1791407849 2902, 13801, 61, 0x0000000000000000 | 1.06 0.92 0.80 | cpu  317493377 2051251 69544756 27582051650 4976416 0 1191359 0 0 0
1791407850 2895, 13801, 61, 0x0000000000000000 | 1.05 0.92 0.80 | cpu  317493484 2051251 69544768 27582054897 4976416 0 1191359 0 0 0
1791407851 2895, 13801, 62, 0x0000000000000000 | 1.05 0.92 0.80 | cpu  317493590 2051251 69544782 27582058150 4976418 0 1191359 0 0 0
1791407852 2895, 13801, 61, 0x0000000000000000 | 1.05 0.92 0.80 | cpu  317493696 2051251 69544796 27582061402 4976418 0 1191359 0 0 0
1791407853 2887, 13801, 62, 0x0000000000000000 | 1.05 0.92 0.80 | cpu  317493803 2051251 69544806 27582064641 4976418 0 1191359 0 0 0
1791407854 2902, 13801, 62, 0x0000000000000000 | 1.05 0.92 0.81 | cpu  317493908 2051251 69544819 27582067884 4976418 0 1191359 0 0 0
1791407855 2895, 13801, 62, 0x0000000000000000 | 1.05 0.92 0.81 | cpu  317494015 2051251 69544830 27582071136 4976418 0 1191359 0 0 0
1791407856 2902, 13801, 63, 0x0000000000000000 | 1.05 0.92 0.81 | cpu  317494117 2051251 69544847 27582074376 4976419 0 1191359 0 0 0
1791407857 2895, 13801, 62, 0x0000000000000000 | 1.05 0.92 0.81 | cpu  317494223 2051251 69544858 27582077623 4976419 0 1191359 0 0 0
1791407858 2895, 13801, 65, 0x0000000000000000 | 1.05 0.92 0.81 | cpu  317494328 2051251 69544870 27582080873 4976419 0 1191359 0 0 0
1791407859 2902, 13801, 62, 0x0000000000000000 | 1.04 0.93 0.81 | cpu  317494437 2051251 69544886 27582084156 4976420 0 1191359 0 0 0
1791407860 2902, 13801, 62, 0x0000000000000000 | 1.04 0.93 0.81 | cpu  317494542 2051251 69544900 27582087398 4976420 0 1191359 0 0 0
1791407861 2895, 13801, 63, 0x0000000000000000 | 1.04 0.93 0.81 | cpu  317494648 2051251 69544913 27582090649 4976420 0 1191359 0 0 0
1791407862 2887, 13801, 62, 0x0000000000000000 | 1.04 0.93 0.81 | cpu  317494755 2051251 69544923 27582093901 4976420 0 1191359 0 0 0
1791407864 2887, 13801, 64, 0x0000000000000000 | 1.04 0.93 0.81 | cpu  317494860 2051251 69544935 27582097157 4976420 0 1191359 0 0 0
1791407865 2887, 13801, 62, 0x0000000000000000 | 1.04 0.93 0.81 | cpu  317494967 2051251 69544945 27582100416 4976420 0 1191359 0 0 0
1791407866 2887, 13801, 65, 0x0000000000000000 | 1.04 0.93 0.81 | cpu  317495073 2051251 69544959 27582103669 4976420 0 1191359 0 0 0
1791407867 2887, 13801, 62, 0x0000000000000000 | 1.04 0.93 0.81 | cpu  317495181 2051251 69544974 27582106976 4976421 0 1191359 0 0 0
1791407868 2887, 13801, 65, 0x0000000000000000 | 1.04 0.93 0.81 | cpu  317495292 2051251 69544986 27582110226 4976421 0 1191359 0 0 0
1791407869 2895, 13801, 64, 0x0000000000000000 | 1.04 0.93 0.81 | cpu  317495398 2051251 69544998 27582113481 4976421 0 1191359 0 0 0
1791407870 2887, 13801, 63, 0x0000000000000000 | 1.04 0.93 0.81 | cpu  317495505 2051251 69545008 27582116728 4976421 0 1191359 0 0 0
1791407871 2887, 13801, 64, 0x0000000000000000 | 1.04 0.93 0.81 | cpu  317495612 2051251 69545023 27582119977 4976421 0 1191359 0 0 0
1791407872 2895, 13801, 63, 0x0000000000000000 | 1.04 0.93 0.81 | cpu  317495719 2051251 69545033 27582123237 4976421 0 1191359 0 0 0
1791407873 2887, 13801, 63, 0x0000000000000000 | 1.04 0.93 0.81 | cpu  317495824 2051251 69545046 27582126485 4976422 0 1191359 0 0 0
1791407874 2887, 13801, 63, 0x0000000000000000 | 1.03 0.93 0.81 | cpu  317495928 2051251 69545059 27582129725 4976422 0 1191359 0 0 0
1791407875 2887, 13801, 66, 0x0000000000000000 | 1.03 0.93 0.81 | cpu  317496036 2051251 69545071 27582132995 4976422 0 1191359 0 0 0
1791407876 2887, 13801, 60, 0x0000000000000000 | 1.03 0.93 0.81 | cpu  317496141 2051251 69545083 27582136246 4976422 0 1191359 0 0 0
1791407877 2887, 13801, 64, 0x0000000000000000 | 1.03 0.93 0.81 | cpu  317496248 2051251 69545096 27582139494 4976422 0 1191359 0 0 0
1791407878 2895, 13801, 63, 0x0000000000000000 | 1.03 0.93 0.81 | cpu  317496353 2051251 69545109 27582142742 4976422 0 1191359 0 0 0
1791407879 2887, 13801, 63, 0x0000000000000000 | 1.19 0.96 0.82 | cpu  317496460 2051251 69545121 27582145999 4976422 0 1191359 0 0 0
1791407880 2887, 13801, 64, 0x0000000000000000 | 1.19 0.96 0.82 | cpu  317496567 2051251 69545132 27582149260 4976422 0 1191359 0 0 0
1791407881 2895, 13801, 60, 0x0000000000000000 | 1.19 0.96 0.82 | cpu  317496672 2051251 69545145 27582152511 4976422 0 1191359 0 0 0
1791407883 2887, 13801, 64, 0x0000000000000000 | 1.19 0.96 0.82 | cpu  317496780 2051251 69545159 27582155752 4976422 0 1191359 0 0 0
1791407884 2895, 13801, 65, 0x0000000000000000 | 1.19 0.96 0.82 | cpu  317496888 2051251 69545173 27582159017 4976422 0 1191359 0 0 0
1791407885 2887, 13801, 63, 0x0000000000000000 | 1.17 0.97 0.82 | cpu  317496994 2051251 69545182 27582162268 4976422 0 1191359 0 0 0
1791407886 2887, 13801, 63, 0x0000000000000000 | 1.17 0.97 0.82 | cpu  317497100 2051251 69545196 27582165519 4976422 0 1191359 0 0 0
1791407887 2887, 13801, 64, 0x0000000000000000 | 1.17 0.97 0.82 | cpu  317497207 2051251 69545208 27582168769 4976422 0 1191359 0 0 0
1791407888 2887, 13801, 66, 0x0000000000000000 | 1.17 0.97 0.82 | cpu  317497313 2051251 69545220 27582172024 4976422 0 1191359 0 0 0
1791407889 2887, 13801, 64, 0x0000000000000000 | 1.17 0.97 0.82 | cpu  317497418 2051251 69545232 27582175266 4976422 0 1191359 0 0 0
1791407890 2887, 13801, 63, 0x0000000000000000 | 1.16 0.97 0.83 | cpu  317497525 2051251 69545242 27582178509 4976422 0 1191359 0 0 0
1791407891 2887, 13801, 64, 0x0000000000000000 | 1.16 0.97 0.83 | cpu  317497631 2051251 69545254 27582181756 4976422 0 1191359 0 0 0
1791407892 2887, 13801, 64, 0x0000000000000000 | 1.16 0.97 0.83 | cpu  317497740 2051251 69545266 27582185010 4976422 0 1191359 0 0 0
1791407893 2887, 13801, 65, 0x0000000000000000 | 1.16 0.97 0.83 | cpu  317497844 2051251 69545278 27582188260 4976422 0 1191359 0 0 0
1791407894 2887, 13801, 63, 0x0000000000000000 | 1.15 0.97 0.83 | cpu  317497951 2051251 69545293 27582191531 4976422 0 1191359 0 0 0
1791407895 2887, 13801, 65, 0x0000000000000000 | 1.15 0.97 0.83 | cpu  317498058 2051251 69545305 27582194774 4976422 0 1191359 0 0 0
1791407896 2887, 13801, 65, 0x0000000000000000 | 1.15 0.97 0.83 | cpu  317498167 2051251 69545320 27582198028 4976422 0 1191359 0 0 0
1791407897 2887, 13801, 65, 0x0000000000000000 | 1.15 0.97 0.83 | cpu  317498274 2051251 69545331 27582201278 4976422 0 1191359 0 0 0
1791407898 2895, 13801, 63, 0x0000000000000000 | 1.15 0.97 0.83 | cpu  317498384 2051251 69545380 27582204486 4976423 0 1191359 0 0 0
1791407899 2887, 13801, 63, 0x0000000000000000 | 1.13 0.97 0.83 | cpu  317498493 2051251 69545393 27582207730 4976423 0 1191359 0 0 0
1791407900 2887, 13801, 66, 0x0000000000000000 | 1.13 0.97 0.83 | cpu  317498607 2051251 69545426 27582210979 4976423 0 1191359 0 0 0
1791407901 2887, 13801, 63, 0x0000000000000000 | 1.13 0.97 0.83 | cpu  317498719 2051251 69545451 27582214209 4976423 0 1191359 0 0 0
1791407903 2887, 13801, 66, 0x0000000000000000 | 1.13 0.97 0.83 | cpu  317498825 2051251 69545462 27582217461 4976423 0 1191359 0 0 0
1791407904 2887, 13801, 65, 0x0000000000000000 | 1.13 0.97 0.83 | cpu  317498931 2051251 69545475 27582220712 4976423 0 1191359 0 0 0
1791407905 2887, 13801, 64, 0x0000000000000000 | 1.12 0.97 0.83 | cpu  317499042 2051251 69545486 27582223966 4976424 0 1191359 0 0 0
1791407906 2887, 13801, 65, 0x0000000000000000 | 1.12 0.97 0.83 | cpu  317499151 2051251 69545504 27582227241 4976424 0 1191359 0 0 0
1791407907 2887, 13801, 63, 0x0000000000000000 | 1.12 0.97 0.83 | cpu  317499259 2051251 69545521 27582230505 4976424 0 1191359 0 0 0
1791407908 2887, 13801, 64, 0x0000000000000000 | 1.12 0.97 0.83 | cpu  317499366 2051251 69545533 27582233756 4976424 0 1191359 0 0 0
1791407909 2895, 13801, 65, 0x0000000000000000 | 1.12 0.97 0.83 | cpu  317499471 2051251 69545546 27582237014 4976424 0 1191359 0 0 0
1791407910 2887, 13801, 63, 0x0000000000000000 | 1.27 1.00 0.84 | cpu  317499578 2051251 69545556 27582240256 4976424 0 1191359 0 0 0
1791407911 2887, 13801, 66, 0x0000000000000000 | 1.27 1.00 0.84 | cpu  317499685 2051251 69545567 27582243504 4976425 0 1191359 0 0 0
1791407912 2887, 13801, 64, 0x0000000000000000 | 1.27 1.00 0.84 | cpu  317499793 2051251 69545578 27582246766 4976425 0 1191359 0 0 0
1791407913 2887, 13801, 65, 0x0000000000000000 | 1.27 1.00 0.84 | cpu  317499898 2051251 69545591 27582250010 4976425 0 1191359 0 0 0
1791407914 2887, 13801, 65, 0x0000000000000000 | 1.25 1.00 0.84 | cpu  317500003 2051251 69545604 27582253255 4976425 0 1191359 0 0 0
1791407915 2887, 13801, 65, 0x0000000000000000 | 1.25 1.00 0.84 | cpu  317500109 2051251 69545616 27582256507 4976425 0 1191359 0 0 0
1791407916 2887, 13801, 64, 0x0000000000000000 | 1.25 1.00 0.84 | cpu  317500218 2051251 69545632 27582259754 4976425 0 1191359 0 0 0
1791407917 2887, 13801, 66, 0x0000000000000000 | 1.25 1.00 0.84 | cpu  317500341 2051251 69545673 27582262954 4976426 0 1191359 0 0 0
1791407918 2895, 13801, 64, 0x0000000000000000 | 1.25 1.00 0.84 | cpu  317500446 2051251 69545686 27582266200 4976426 0 1191359 0 0 0
1791407919 2887, 13801, 65, 0x0000000000000000 | 1.23 1.00 0.84 | cpu  317500553 2051251 69545698 27582269446 4976426 0 1191359 0 0 0
1791407920 2887, 13801, 66, 0x0000000000000000 | 1.23 1.00 0.84 | cpu  317500660 2051251 69545711 27582272720 4976426 0 1191359 0 0 0
1791407922 2887, 13801, 65, 0x0000000000000000 | 1.23 1.00 0.84 | cpu  317500792 2051251 69545738 27582275919 4976427 0 1191359 0 0 0
1791407923 2887, 13801, 65, 0x0000000000000000 | 1.23 1.00 0.84 | cpu  317500896 2051251 69545752 27582279157 4976427 0 1191359 0 0 0
1791407924 2887, 13801, 60, 0x0000000000000000 | 1.23 1.00 0.84 | cpu  317501002 2051251 69545768 27582282414 4976427 0 1191359 0 0 0
1791407925 2887, 13801, 64, 0x0000000000000000 | 1.21 1.00 0.84 | cpu  317501109 2051251 69545779 27582285667 4976427 0 1191359 0 0 0
1791407926 2895, 13801, 64, 0x0000000000000000 | 1.21 1.00 0.84 | cpu  317501214 2051251 69545791 27582288919 4976427 0 1191359 0 0 0
1791407927 2887, 13801, 64, 0x0000000000000000 | 1.21 1.00 0.84 | cpu  317501321 2051251 69545802 27582292166 4976427 0 1191359 0 0 0
1791407928 2887, 13801, 65, 0x0000000000000000 | 1.21 1.00 0.84 | cpu  317501429 2051251 69545818 27582295434 4976427 0 1191359 0 0 0
1791407929 2895, 13801, 63, 0x0000000000000000 | 1.28 1.02 0.85 | cpu  317501535 2051251 69545830 27582298679 4976427 0 1191359 0 0 0
1791407930 2887, 13801, 63, 0x0000000000000000 | 1.28 1.02 0.85 | cpu  317501641 2051251 69545841 27582301926 4976428 0 1191359 0 0 0
1791407931 2895, 13801, 65, 0x0000000000000000 | 1.28 1.02 0.85 | cpu  317501747 2051251 69545853 27582305177 4976428 0 1191359 0 0 0
1791407932 2887, 13801, 64, 0x0000000000000000 | 1.28 1.02 0.85 | cpu  317501857 2051251 69545865 27582308425 4976428 0 1191359 0 0 0
1791407933 2887, 13801, 66, 0x0000000000000000 | 1.28 1.02 0.85 | cpu  317501975 2051251 69545907 27582311627 4976428 0 1191359 0 0 0
1791407934 2887, 13801, 64, 0x0000000000000000 | 1.25 1.02 0.85 | cpu  317502082 2051251 69545918 27582314878 4976428 0 1191359 0 0 0
1791407935 2887, 13801, 64, 0x0000000000000000 | 1.25 1.02 0.85 | cpu  317502188 2051251 69545932 27582318136 4976428 0 1191359 0 0 0
1791407936 2887, 13801, 65, 0x0000000000000000 | 1.25 1.02 0.85 | cpu  317502293 2051251 69545945 27582321386 4976428 0 1191359 0 0 0
1791407937 2887, 13801, 65, 0x0000000000000000 | 1.25 1.02 0.85 | cpu  317502399 2051251 69545955 27582324632 4976428 0 1191359 0 0 0
1791407938 2887, 13801, 66, 0x0000000000000000 | 1.25 1.02 0.85 | cpu  317502505 2051251 69545968 27582327887 4976428 0 1191359 0 0 0
1791407939 2887, 13801, 64, 0x0000000000000000 | 1.23 1.02 0.85 | cpu  317502615 2051251 69545983 27582331129 4976428 0 1191359 0 0 0
1791407940 2887, 13801, 66, 0x0000000000000000 | 1.23 1.02 0.85 | cpu  317502720 2051251 69545996 27582334395 4976428 0 1191359 0 0 0
1791407942 2887, 13801, 65, 0x0000000000000000 | 1.23 1.02 0.85 | cpu  317502828 2051251 69546011 27582337707 4976428 0 1191359 0 0 0
1791407943 2887, 13801, 65, 0x0000000000000000 | 1.23 1.02 0.85 | cpu  317502937 2051251 69546024 27582340956 4976428 0 1191359 0 0 0
1791407944 2887, 13801, 66, 0x0000000000000000 | 1.23 1.02 0.85 | cpu  317503042 2051251 69546037 27582344205 4976428 0 1191359 0 0 0
1791407945 2887, 13801, 64, 0x0000000000000000 | 1.21 1.02 0.85 | cpu  317503149 2051251 69546049 27582347458 4976428 0 1191359 0 0 0
1791407946 2895, 13801, 65, 0x0000000000000000 | 1.21 1.02 0.85 | cpu  317503255 2051251 69546062 27582350709 4976428 0 1191359 0 0 0
1791407947 2887, 13801, 64, 0x0000000000000000 | 1.21 1.02 0.85 | cpu  317503361 2051251 69546073 27582353957 4976429 0 1191359 0 0 0
1791407948 2887, 13801, 66, 0x0000000000000000 | 1.21 1.02 0.85 | cpu  317503467 2051251 69546087 27582357209 4976429 0 1191359 0 0 0
1791407949 2887, 13801, 64, 0x0000000000000000 | 1.20 1.02 0.85 | cpu  317503572 2051251 69546101 27582360464 4976429 0 1191359 0 0 0
1791407950 2887, 13801, 66, 0x0000000000000000 | 1.20 1.02 0.85 | cpu  317503679 2051251 69546111 27582363719 4976429 0 1191359 0 0 0
1791407951 2887, 13801, 65, 0x0000000000000000 | 1.20 1.02 0.85 | cpu  317503786 2051251 69546125 27582366964 4976429 0 1191359 0 0 0
1791407952 2887, 13801, 64, 0x0000000000000000 | 1.20 1.02 0.85 | cpu  317503893 2051251 69546135 27582370203 4976429 0 1191359 0 0 0
1791407953 2887, 13801, 66, 0x0000000000000000 | 1.20 1.02 0.85 | cpu  317503998 2051251 69546147 27582373454 4976429 0 1191359 0 0 0
1791407954 2887, 13801, 64, 0x0000000000000000 | 1.18 1.02 0.85 | cpu  317504105 2051251 69546159 27582376710 4976430 0 1191359 0 0 0
1791407955 2887, 13801, 66, 0x0000000000000000 | 1.18 1.02 0.85 | cpu  317504211 2051251 69546173 27582379963 4976430 0 1191359 0 0 0
1791407956 2887, 13801, 64, 0x0000000000000000 | 1.18 1.02 0.85 | cpu  317504317 2051251 69546186 27582383213 4976430 0 1191359 0 0 0
1791407957 2887, 13801, 64, 0x0000000000000000 | 1.18 1.02 0.85 | cpu  317504423 2051251 69546196 27582386467 4976430 0 1191359 0 0 0
1791407958 2887, 13801, 65, 0x0000000000000000 | 1.18 1.02 0.85 | cpu  317504530 2051251 69546209 27582389719 4976430 0 1191359 0 0 0
1791407959 2887, 13801, 64, 0x0000000000000000 | 1.33 1.05 0.87 | cpu  317504639 2051251 69546222 27582392975 4976431 0 1191360 0 0 0
1791407961 2887, 13801, 65, 0x0000000000000000 | 1.33 1.05 0.87 | cpu  317504746 2051251 69546236 27582396233 4976431 0 1191360 0 0 0
1791407962 2887, 13801, 64, 0x0000000000000000 | 1.33 1.05 0.87 | cpu  317504857 2051251 69546286 27582399467 4976431 0 1191360 0 0 0
1791407963 2887, 13801, 66, 0x0000000000000000 | 1.33 1.05 0.87 | cpu  317504969 2051251 69546299 27582402707 4976432 0 1191360 0 0 0
1791407964 2887, 13801, 64, 0x0000000000000000 | 1.33 1.05 0.87 | cpu  317505074 2051251 69546313 27582405961 4976432 0 1191360 0 0 0
1791407965 2887, 13801, 66, 0x0000000000000000 | 1.30 1.05 0.87 | cpu  317505181 2051251 69546325 27582409228 4976432 0 1191360 0 0 0
1791407966 2895, 13801, 63, 0x0000000000000000 | 1.30 1.05 0.87 | cpu  317505288 2051251 69546336 27582412488 4976432 0 1191360 0 0 0
1791407967 2887, 13801, 64, 0x0000000000000000 | 1.30 1.05 0.87 | cpu  317505394 2051251 69546349 27582415730 4976432 0 1191360 0 0 0
1791407968 2887, 13801, 65, 0x0000000000000000 | 1.30 1.05 0.87 | cpu  317505500 2051251 69546363 27582418982 4976432 0 1191360 0 0 0
1791407969 2887, 13801, 64, 0x0000000000000000 | 1.28 1.05 0.87 | cpu  317505607 2051251 69546377 27582422256 4976432 0 1191360 0 0 0
1791407970 2887, 13801, 64, 0x0000000000000000 | 1.28 1.05 0.87 | cpu  317505711 2051251 69546388 27582425509 4976432 0 1191360 0 0 0
1791407971 2887, 13801, 62, 0x0000000000000000 | 1.28 1.05 0.87 | cpu  317505816 2051251 69546402 27582428758 4976432 0 1191360 0 0 0
1791407972 2887, 13801, 64, 0x0000000000000000 | 1.28 1.05 0.87 | cpu  317505922 2051251 69546413 27582432000 4976432 0 1191360 0 0 0
1791407973 2895, 13801, 64, 0x0000000000000000 | 1.28 1.05 0.87 | cpu  317506028 2051251 69546426 27582435262 4976432 0 1191360 0 0 0
1791407974 2887, 13801, 63, 0x0000000000000000 | 1.25 1.05 0.87 | cpu  317506137 2051251 69546440 27582438508 4976432 0 1191360 0 0 0
1791407975 2887, 13801, 65, 0x0000000000000000 | 1.25 1.05 0.87 | cpu  317506242 2051251 69546452 27582441755 4976432 0 1191360 0 0 0
1791407976 2887, 13801, 64, 0x0000000000000000 | 1.25 1.05 0.87 | cpu  317506348 2051251 69546466 27582445027 4976432 0 1191360 0 0 0
1791407977 2887, 13801, 65, 0x0000000000000000 | 1.25 1.05 0.87 | cpu  317506455 2051251 69546477 27582448283 4976433 0 1191360 0 0 0
1791407978 2895, 13801, 65, 0x0000000000000000 | 1.25 1.05 0.87 | cpu  317506560 2051251 69546489 27582451539 4976433 0 1191360 0 0 0
1791407980 2887, 13801, 64, 0x0000000000000000 | 1.23 1.05 0.87 | cpu  317506671 2051251 69546502 27582454783 4976434 0 1191360 0 0 0
1791407981 2887, 13801, 66, 0x0000000000000000 | 1.23 1.05 0.87 | cpu  317506785 2051251 69546530 27582458016 4976434 0 1191360 0 0 0
1791407982 2887, 13801, 63, 0x0000000000000000 | 1.23 1.05 0.87 | cpu  317506899 2051251 69546557 27582461254 4976434 0 1191360 0 0 0
1791407983 2887, 13801, 65, 0x0000000000000000 | 1.23 1.05 0.87 | cpu  317507004 2051251 69546568 27582464512 4976434 0 1191360 0 0 0
1791407984 2887, 13801, 64, 0x0000000000000000 | 1.23 1.05 0.87 | cpu  317507114 2051251 69546591 27582467742 4976434 0 1191360 0 0 0
1791407985 2887, 13801, 63, 0x0000000000000000 | 1.21 1.04 0.87 | cpu  317507221 2051251 69546602 27582470995 4976434 0 1191360 0 0 0
1791407986 2887, 13801, 65, 0x0000000000000000 | 1.21 1.04 0.87 | cpu  317507328 2051251 69546615 27582474247 4976434 0 1191360 0 0 0
1791407987 2887, 13801, 63, 0x0000000000000000 | 1.21 1.04 0.87 | cpu  317507435 2051251 69546627 27582477499 4976434 0 1191360 0 0 0
1791407988 2887, 13801, 65, 0x0000000000000000 | 1.21 1.04 0.87 | cpu  317507541 2051251 69546640 27582480747 4976434 0 1191360 0 0 0
1791407989 2887, 13801, 63, 0x0000000000000000 | 1.20 1.04 0.87 | cpu  317507649 2051251 69546651 27582484004 4976434 0 1191360 0 0 0
1791407990 2887, 13801, 66, 0x0000000000000000 | 1.20 1.04 0.87 | cpu  317507753 2051251 69546665 27582487263 4976434 0 1191360 0 0 0
1791407991 2887, 13801, 64, 0x0000000000000000 | 1.20 1.04 0.87 | cpu  317507859 2051251 69546679 27582490518 4976434 0 1191360 0 0 0
1791407992 2887, 13801, 65, 0x0000000000000000 | 1.20 1.04 0.87 | cpu  317507966 2051251 69546691 27582493765 4976434 0 1191360 0 0 0
1791407993 2887, 13801, 60, 0x0000000000000000 | 1.20 1.04 0.87 | cpu  317508072 2051251 69546705 27582497023 4976434 0 1191360 0 0 0
1791407994 2887, 13801, 64, 0x0000000000000000 | 1.26 1.06 0.88 | cpu  317508179 2051251 69546715 27582500282 4976434 0 1191360 0 0 0
1791407995 2895, 13801, 64, 0x0000000000000000 | 1.26 1.06 0.88 | cpu  317508284 2051251 69546727 27582503534 4976435 0 1191360 0 0 0
1791407996 2887, 13801, 66, 0x0000000000000000 | 1.26 1.06 0.88 | cpu  317508392 2051251 69546739 27582506793 4976435 0 1191360 0 0 0
1791407997 2887, 13801, 63, 0x0000000000000000 | 1.26 1.06 0.88 | cpu  317508500 2051251 69546753 27582510047 4976435 0 1191360 0 0 0
1791407999 2895, 13801, 63, 0x0000000000000000 | 1.26 1.06 0.88 | cpu  317508605 2051251 69546764 27582513295 4976435 0 1191360 0 0 0
1791408000 2887, 13801, 63, 0x0000000000000000 | 1.24 1.06 0.88 | cpu  317508712 2051251 69546775 27582516539 4976435 0 1191360 0 0 0
1791408001 2887, 13801, 65, 0x0000000000000000 | 1.24 1.06 0.88 | cpu  317508819 2051251 69546786 27582519793 4976435 0 1191360 0 0 0
1791408002 2887, 13801, 62, 0x0000000000000000 | 1.24 1.06 0.88 | cpu  317508942 2051251 69546813 27582523013 4976438 0 1191360 0 0 0
1791408003 2887, 13801, 65, 0x0000000000000000 | 1.24 1.06 0.88 | cpu  317509047 2051251 69546825 27582526264 4976438 0 1191360 0 0 0
1791408004 2887, 13801, 63, 0x0000000000000000 | 1.24 1.06 0.88 | cpu  317509153 2051251 69546838 27582529503 4976438 0 1191360 0 0 0
1791408005 2887, 13801, 64, 0x0000000000000000 | 1.30 1.07 0.89 | cpu  317509259 2051251 69546848 27582532747 4976438 0 1191360 0 0 0
1791408006 2895, 13801, 64, 0x0000000000000000 | 1.30 1.07 0.89 | cpu  317509366 2051251 69546859 27582536006 4976438 0 1191360 0 0 0
1791408007 2887, 13801, 63, 0x0000000000000000 | 1.30 1.07 0.89 | cpu  317509473 2051251 69546870 27582539250 4976439 0 1191360 0 0 0
1791408008 2887, 13801, 64, 0x0000000000000000 | 1.30 1.07 0.89 | cpu  317509580 2051251 69546884 27582542493 4976439 0 1191360 0 0 0
1791408009 2887, 13801, 63, 0x0000000000000000 | 1.28 1.07 0.89 | cpu  317509689 2051251 69546896 27582545768 4976439 0 1191360 0 0 0
1791408010 2887, 13801, 65, 0x0000000000000000 | 1.28 1.07 0.89 | cpu  317509793 2051251 69546907 27582549015 4976439 0 1191360 0 0 0
1791408011 2887, 13801, 64, 0x0000000000000000 | 1.28 1.07 0.89 | cpu  317509899 2051251 69546920 27582552269 4976439 0 1191360 0 0 0
1791408012 2887, 13801, 63, 0x0000000000000000 | 1.28 1.07 0.89 | cpu  317510008 2051251 69546933 27582555498 4976439 0 1191360 0 0 0
1791408013 2887, 13801, 64, 0x0000000000000000 | 1.28 1.07 0.89 | cpu  317510125 2051251 69546980 27582558709 4976439 0 1191360 0 0 0
1791408014 2887, 13801, 64, 0x0000000000000000 | 1.33 1.09 0.89 | cpu  317510231 2051251 69546990 27582561962 4976439 0 1191360 0 0 0
1791408015 2887, 13801, 64, 0x0000000000000000 | 1.33 1.09 0.89 | cpu  317510338 2051251 69547000 27582565208 4976439 0 1191360 0 0 0
1791408016 2887, 13801, 64, 0x0000000000000000 | 1.33 1.09 0.89 | cpu  317510445 2051251 69547015 27582568488 4976439 0 1191360 0 0 0
1791408017 2887, 13801, 64, 0x0000000000000000 | 1.33 1.09 0.89 | cpu  317510554 2051251 69547027 27582571741 4976439 0 1191360 0 0 0
1791408019 2887, 13801, 60, 0x0000000000000000 | 1.33 1.09 0.89 | cpu  317510659 2051251 69547040 27582574995 4976439 0 1191360 0 0 0
1791408020 2887, 13801, 64, 0x0000000000000000 | 1.31 1.09 0.89 | cpu  317510767 2051251 69547053 27582578239 4976439 0 1191360 0 0 0
1791408021 2895, 13801, 63, 0x0000000000000000 | 1.31 1.09 0.89 | cpu  317510872 2051251 69547067 27582581502 4976439 0 1191360 0 0 0
1791408022 2887, 13801, 63, 0x0000000000000000 | 1.31 1.09 0.89 | cpu  317510979 2051251 69547078 27582584758 4976439 0 1191360 0 0 0
1791408023 2887, 13801, 65, 0x0000000000000000 | 1.31 1.09 0.89 | cpu  317511086 2051251 69547091 27582588009 4976439 0 1191360 0 0 0
1791408024 2895, 13801, 63, 0x0000000000000000 | 1.31 1.09 0.89 | cpu  317511193 2051251 69547105 27582591253 4976439 0 1191360 0 0 0
1791408025 2887, 13801, 64, 0x0000000000000000 | 1.44 1.12 0.91 | cpu  317511303 2051251 69547152 27582594460 4976439 0 1191360 0 0 0
1791408026 2895, 13801, 64, 0x0000000000000000 | 1.44 1.12 0.91 | cpu  317511409 2051251 69547164 27582597730 4976439 0 1191360 0 0 0
1791408027 2887, 13801, 63, 0x0000000000000000 | 1.44 1.12 0.91 | cpu  317511518 2051251 69547176 27582600974 4976440 0 1191360 0 0 0
1791408028 2887, 13801, 64, 0x0000000000000000 | 1.44 1.12 0.91 | cpu  317511627 2051251 69547191 27582604220 4976440 0 1191360 0 0 0
1791408029 2887, 13801, 63, 0x0000000000000000 | 1.49 1.13 0.91 | cpu  317511747 2051251 69547232 27582607418 4976440 0 1191360 0 0 0
1791408030 2887, 13801, 64, 0x0000000000000000 | 1.49 1.13 0.91 | cpu  317511854 2051251 69547245 27582610674 4976440 0 1191360 0 0 0
1791408031 2887, 13801, 64, 0x0000000000000000 | 1.49 1.13 0.91 | cpu  317511961 2051251 69547259 27582613928 4976440 0 1191360 0 0 0
1791408032 2887, 13801, 64, 0x0000000000000000 | 1.49 1.13 0.91 | cpu  317512067 2051251 69547269 27582617168 4976441 0 1191360 0 0 0
1791408033 2887, 13801, 64, 0x0000000000000000 | 1.49 1.13 0.91 | cpu  317512172 2051251 69547283 27582620418 4976441 0 1191360 0 0 0
1791408034 2887, 13801, 64, 0x0000000000000000 | 1.45 1.13 0.91 | cpu  317512282 2051251 69547295 27582623659 4976441 0 1191360 0 0 0
1791408035 2887, 13801, 64, 0x0000000000000000 | 1.45 1.13 0.91 | cpu  317512387 2051251 69547310 27582626920 4976441 0 1191360 0 0 0
1791408036 2887, 13801, 64, 0x0000000000000000 | 1.45 1.13 0.91 | cpu  317512494 2051251 69547322 27582630172 4976441 0 1191360 0 0 0
1791408038 2887, 13801, 65, 0x0000000000000000 | 1.45 1.13 0.91 | cpu  317512600 2051251 69547335 27582633441 4976441 0 1191360 0 0 0
1791408039 2887, 13801, 64, 0x0000000000000000 | 1.45 1.13 0.91 | cpu  317512705 2051251 69547348 27582636691 4976441 0 1191360 0 0 0
1791408040 2887, 13801, 64, 0x0000000000000000 | 1.41 1.13 0.91 | cpu  317512812 2051251 69547359 27582639942 4976442 0 1191360 0 0 0
1791408041 2895, 13801, 62, 0x0000000000000000 | 1.41 1.13 0.91 | cpu  317512918 2051251 69547373 27582643204 4976442 0 1191360 0 0 0
1791408042 2887, 13801, 63, 0x0000000000000000 | 1.41 1.13 0.91 | cpu  317513028 2051251 69547385 27582646465 4976442 0 1191360 0 0 0
1791408043 2895, 13801, 63, 0x0000000000000000 | 1.41 1.13 0.91 | cpu  317513135 2051251 69547399 27582649699 4976442 0 1191360 0 0 0
1791408044 2887, 13801, 63, 0x0000000000000000 | 1.41 1.13 0.91 | cpu  317513244 2051251 69547413 27582652952 4976442 0 1191360 0 0 0
1791408045 2887, 13801, 64, 0x0000000000000000 | 1.38 1.13 0.91 | cpu  317513362 2051251 69547450 27582656167 4976442 0 1191361 0 0 0
1791408046 2895, 13801, 63, 0x0000000000000000 | 1.38 1.13 0.91 | cpu  317513471 2051251 69547469 27582659428 4976442 0 1191361 0 0 0
1791408047 2887, 13801, 63, 0x0000000000000000 | 1.38 1.13 0.91 | cpu  317513577 2051251 69547479 27582662685 4976442 0 1191361 0 0 0
1791408048 2895, 13801, 64, 0x0000000000000000 | 1.38 1.13 0.91 | cpu  317513683 2051251 69547492 27582665934 4976442 0 1191361 0 0 0
1791408049 2887, 13801, 63, 0x0000000000000000 | 1.35 1.12 0.91 | cpu  317513790 2051251 69547503 27582669178 4976442 0 1191361 0 0 0
1791408050 2887, 13801, 64, 0x0000000000000000 | 1.35 1.12 0.91 | cpu  317513896 2051251 69547517 27582672446 4976443 0 1191361 0 0 0
1791408051 2895, 13801, 63, 0x0000000000000000 | 1.35 1.12 0.91 | cpu  317514002 2051251 69547529 27582675724 4976443 0 1191361 0 0 0
1791408052 2887, 13801, 64, 0x0000000000000000 | 1.35 1.12 0.91 | cpu  317514110 2051251 69547540 27582678974 4976443 0 1191361 0 0 0
1791408053 2887, 13801, 64, 0x0000000000000000 | 1.35 1.12 0.91 | cpu  317514215 2051251 69547552 27582682224 4976443 0 1191361 0 0 0
1791408054 2895, 13801, 63, 0x0000000000000000 | 1.32 1.12 0.91 | cpu  317514324 2051251 69547564 27582685481 4976443 0 1191361 0 0 0
1791408055 2887, 13801, 62, 0x0000000000000000 | 1.32 1.12 0.91 | cpu  317514430 2051251 69547575 27582688725 4976443 0 1191361 0 0 0
1791408057 2887, 13801, 62, 0x0000000000000000 | 1.32 1.12 0.91 | cpu  317514537 2051251 69547586 27582691974 4976443 0 1191361 0 0 0
1791408058 2887, 13801, 62, 0x0000000000000000 | 1.32 1.12 0.91 | cpu  317514644 2051251 69547598 27582695222 4976443 0 1191361 0 0 0
1791408059 2887, 13801, 63, 0x0000000000000000 | 1.32 1.12 0.91 | cpu  317514736 2051251 69547609 27582698524 4976444 0 1191361 0 0 0
1791408060 2932, 13801, 52, 0x0000000000000000 | 1.29 1.12 0.91 | cpu  317514842 2051251 69547613 27582701760 4976444 0 1191361 0 0 0
1791408061 2932, 13801, 51, 0x0000000000000000 | 1.29 1.12 0.91 | cpu  317514951 2051251 69547623 27582705001 4976444 0 1191361 0 0 0
1791408062 2572, 13801, 50, 0x0000000000000000 | 1.29 1.12 0.91 | cpu  317515058 2051251 69547629 27582708253 4976444 0 1191361 0 0 0
1791408063 2572, 13801, 49, 0x0000000000000000 | 1.29 1.12 0.91 | cpu  317515163 2051251 69547632 27582711493 4976444 0 1191361 0 0 0
1791408064 2572, 13801, 49, 0x0000000000000000 | 1.29 1.12 0.91 | cpu  317515269 2051251 69547636 27582714739 4976444 0 1191361 0 0 0
1791408065 2572, 13801, 48, 0x0000000000000000 | 1.27 1.12 0.92 | cpu  317515375 2051251 69547640 27582717986 4976444 0 1191361 0 0 0
1791408066 2587, 13801, 48, 0x0000000000000000 | 1.27 1.12 0.92 | cpu  317515472 2051251 69547653 27582721239 4976446 0 1191361 0 0 0
1791408067 2572, 13801, 48, 0x0000000000000000 | 1.27 1.12 0.92 | cpu  317515555 2051251 69547681 27582724491 4976446 0 1191361 0 0 0
1791408068 2572, 13801, 47, 0x0000000000000000 | 1.27 1.12 0.92 | cpu  317515662 2051251 69547686 27582727730 4976446 0 1191361 0 0 0
1791408069 2572, 13801, 47, 0x0000000000000000 | 1.25 1.11 0.92 | cpu  317515768 2051251 69547690 27582730972 4976451 0 1191361 0 0 0
1791408070 2572, 13801, 47, 0x0000000000000000 | 1.25 1.11 0.92 | cpu  317515873 2051251 69547692 27582734215 4976451 0 1191361 0 0 0
1791408071 2572, 13801, 47, 0x0000000000000000 | 1.25 1.11 0.92 | cpu  317515981 2051251 69547698 27582737457 4976451 0 1191361 0 0 0
1791408072 2572, 13801, 47, 0x0000000000000000 | 1.25 1.11 0.92 | cpu  317516086 2051251 69547701 27582740700 4976451 0 1191361 0 0 0
1791408073 2572, 13801, 47, 0x0000000000000000 | 1.25 1.11 0.92 | cpu  317516192 2051251 69547704 27582743943 4976451 0 1191361 0 0 0
1791408074 2572, 13801, 46, 0x0000000000000000 | 1.23 1.11 0.92 | cpu  317516298 2051251 69547707 27582747184 4976457 0 1191361 0 0 0
1791408075 2572, 13801, 46, 0x0000000000000000 | 1.23 1.11 0.92 | cpu  317516404 2051251 69547711 27582750443 4976457 0 1191361 0 0 0
1791408076 2572, 13801, 46, 0x0000000000000000 | 1.23 1.11 0.92 | cpu  317516506 2051251 69547724 27582753685 4976457 0 1191361 0 0 0
1791408078 2572, 13801, 46, 0x0000000000000000 | 1.23 1.11 0.92 | cpu  317516619 2051251 69547766 27582756885 4976457 0 1191361 0 0 0
