1791409763 2572, 14001, 45, 0x0000000000000000 | 1.31 1.27 1.19 | cpu  317685239 2051251 69575267 27587949627 4978757 0 1191379 0 0 0
1791409764 1065, 7001, 45, 0x0000000000000000 | 1.29 1.27 1.19 | cpu  317685515 2051251 69575293 27587952685 4978758 0 1191379 0 0 0
1791409766 855, 7001, 44, 0x0000000000000000 | 1.29 1.27 1.19 | cpu  317685561 2051251 69575313 27587956035 4978758 0 1191379 0 0 0
1791409767 420, 810, 44, 0x0000000000000000 | 1.29 1.27 1.19 | cpu  317685565 2051251 69575332 27587959470 4978758 0 1191379 0 0 0
1791409768 240, 810, 44, 0x0000000000000000 | 1.29 1.27 1.19 | cpu  317685843 2051251 69575346 27587962556 4978758 0 1191379 0 0 0
1791409769 2625, 13801, 45, 0x0000000000000000 | 1.29 1.27 1.19 | cpu  317686013 2051251 69575374 27587965712 4978758 0 1191379 0 0 0
1791409770 2602, 13801, 45, 0x0000000000000000 | 1.26 1.26 1.19 | cpu  317686173 2051251 69575382 27587968911 4978758 0 1191379 0 0 0
1791409771 2595, 13801, 45, 0x0000000000000000 | 1.26 1.26 1.19 | cpu  317686329 2051251 69575398 27587972113 4978758 0 1191379 0 0 0
1791409772 2602, 13801, 45, 0x0000000000000000 | 1.26 1.26 1.19 | cpu  317686500 2051251 69575413 27587975280 4978759 0 1191379 0 0 0
1791409773 2602, 13801, 45, 0x0000000000000000 | 1.26 1.26 1.19 | cpu  317686656 2051251 69575427 27587978481 4978759 0 1191379 0 0 0
1791409774 2602, 13801, 45, 0x0000000000000000 | 1.26 1.26 1.19 | cpu  317686811 2051251 69575440 27587981678 4978759 0 1191379 0 0 0
1791409775 2602, 13801, 45, 0x0000000000000000 | 1.24 1.26 1.18 | cpu  317686980 2051251 69575455 27587984857 4978759 0 1191379 0 0 0
1791409776 2602, 13801, 45, 0x0000000000000000 | 1.24 1.26 1.18 | cpu  317687136 2051251 69575468 27587988052 4978759 0 1191379 0 0 0
1791409777 2602, 13801, 45, 0x0000000000000000 | 1.24 1.26 1.18 | cpu  317687294 2051251 69575480 27587991244 4978759 0 1191379 0 0 0
1791409778 2602, 13801, 44, 0x0000000000000000 | 1.24 1.26 1.18 | cpu  317687451 2051251 69575491 27587994440 4978760 0 1191379 0 0 0
1791409779 2602, 13801, 44, 0x0000000000000000 | 1.24 1.26 1.18 | cpu  317687621 2051251 69575513 27587997619 4978761 0 1191379 0 0 0
1791409780 2602, 13801, 44, 0x0000000000000000 | 1.22 1.25 1.18 | cpu  317687742 2051251 69575547 27588000837 4978761 0 1191379 0 0 0
1791409781 2602, 13801, 44, 0x0000000000000000 | 1.22 1.25 1.18 | cpu  317687811 2051251 69575590 27588004070 4978761 0 1191380 0 0 0
1791409782 2602, 13801, 44, 0x0000000000000000 | 1.22 1.25 1.18 | cpu  317687885 2051251 69575629 27588007318 4978761 0 1191380 0 0 0
1791409783 2602, 13801, 44, 0x0000000000000000 | 1.22 1.25 1.18 | cpu  317687957 2051251 69575670 27588010563 4978761 0 1191380 0 0 0
1791409784 2632, 13801, 44, 0x0000000000000000 | 1.20 1.25 1.18 | cpu  317688054 2051251 69575681 27588013806 4978761 0 1191380 0 0 0
1791409786 2572, 13801, 44, 0x0000000000000000 | 1.20 1.25 1.18 | cpu  317688156 2051251 69575688 27588017058 4978761 0 1191380 0 0 0
1791409787 2572, 13801, 44, 0x0000000000000000 | 1.20 1.25 1.18 | cpu  317688236 2051251 69575718 27588020304 4978761 0 1191380 0 0 0
1791409788 2572, 13801, 44, 0x0000000000000000 | 1.20 1.25 1.18 | cpu  317688304 2051251 69575759 27588023544 4978761 0 1191380 0 0 0
1791409789 2572, 13801, 44, 0x0000000000000000 | 1.20 1.25 1.18 | cpu  317688362 2051251 69575810 27588026792 4978761 0 1191380 0 0 0
1791409790 2572, 13801, 43, 0x0000000000000000 | 1.19 1.25 1.18 | cpu  317688423 2051251 69575858 27588030034 4978762 0 1191380 0 0 0
1791409791 2572, 13801, 43, 0x0000000000000000 | 1.19 1.25 1.18 | cpu  317688485 2051251 69575911 27588033270 4978762 0 1191380 0 0 0
1791409792 2572, 13801, 43, 0x0000000000000000 | 1.19 1.25 1.18 | cpu  317688549 2051251 69575964 27588036500 4978762 0 1191380 0 0 0
1791409793 2572, 13801, 43, 0x0000000000000000 | 1.19 1.25 1.18 | cpu  317688618 2051251 69576045 27588039701 4978762 0 1191380 0 0 0
1791409794 2572, 13801, 43, 0x0000000000000000 | 1.19 1.25 1.18 | cpu  317688679 2051251 69576093 27588042950 4978762 0 1191380 0 0 0
1791409795 2572, 13801, 43, 0x0000000000000000 | 1.17 1.24 1.18 | cpu  317688741 2051251 69576141 27588046192 4978762 0 1191380 0 0 0
1791409796 2572, 13801, 43, 0x0000000000000000 | 1.17 1.24 1.18 | cpu  317688799 2051251 69576191 27588049431 4978763 0 1191380 0 0 0
1791409797 2572, 13801, 43, 0x0000000000000000 | 1.17 1.24 1.18 | cpu  317688857 2051251 69576242 27588052671 4978763 0 1191380 0 0 0
1791409798 2572, 13801, 43, 0x0000000000000000 | 1.17 1.24 1.18 | cpu  317688914 2051251 69576294 27588055920 4978763 0 1191380 0 0 0
1791409799 2572, 13801, 43, 0x0000000000000000 | 1.17 1.24 1.18 | cpu  317688975 2051251 69576342 27588059161 4978763 0 1191380 0 0 0
1791409800 2572, 13801, 43, 0x0000000000000000 | 1.16 1.24 1.18 | cpu  317689033 2051251 69576393 27588062408 4978763 0 1191380 0 0 0
1791409801 2572, 13801, 43, 0x0000000000000000 | 1.16 1.24 1.18 | cpu  317689111 2051251 69576438 27588065638 4978764 0 1191380 0 0 0
1791409802 2572, 13801, 43, 0x0000000000000000 | 1.16 1.24 1.18 | cpu  317689177 2051251 69576496 27588068856 4978764 0 1191380 0 0 0
1791409803 2572, 13801, 42, 0x0000000000000000 | 1.16 1.24 1.18 | cpu  317689238 2051251 69576546 27588072097 4978764 0 1191380 0 0 0
1791409804 2572, 13801, 42, 0x0000000000000000 | 1.23 1.25 1.18 | cpu  317689301 2051251 69576635 27588075293 4978764 0 1191380 0 0 0
1791409805 2572, 13801, 42, 0x0000000000000000 | 1.23 1.25 1.18 | cpu  317689361 2051251 69576689 27588078532 4978764 0 1191380 0 0 0
1791409806 2572, 13801, 42, 0x0000000000000000 | 1.23 1.25 1.18 | cpu  317689420 2051251 69576741 27588081775 4978764 0 1191380 0 0 0
1791409808 2572, 13801, 42, 0x0000000000000000 | 1.23 1.25 1.18 | cpu  317689478 2051251 69576793 27588085021 4978764 0 1191380 0 0 0
1791409809 2572, 13801, 42, 0x0000000000000000 | 1.23 1.25 1.18 | cpu  317689540 2051251 69576840 27588088265 4978764 0 1191380 0 0 0
1791409810 2572, 13801, 42, 0x0000000000000000 | 1.21 1.25 1.18 | cpu  317689602 2051251 69576888 27588091515 4978764 0 1191380 0 0 0
1791409811 2572, 13801, 42, 0x0000000000000000 | 1.21 1.25 1.18 | cpu  317689661 2051251 69576938 27588094756 4978764 0 1191380 0 0 0
1791409812 2572, 13801, 42, 0x0000000000000000 | 1.21 1.25 1.18 | cpu  317689720 2051251 69576988 27588098002 4978764 0 1191380 0 0 0
1791409813 2572, 13801, 42, 0x0000000000000000 | 1.21 1.25 1.18 | cpu  317689777 2051251 69577039 27588101244 4978765 0 1191380 0 0 0
1791409814 2572, 13801, 42, 0x0000000000000000 | 1.21 1.25 1.18 | cpu  317689837 2051251 69577088 27588104491 4978765 0 1191380 0 0 0
1791409815 2587, 13801, 42, 0x0000000000000000 | 1.19 1.24 1.18 | cpu  317689929 2051251 69577106 27588107749 4978765 0 1191380 0 0 0
1791409816 2917, 13801, 52, 0x0000000000000000 | 1.19 1.24 1.18 | cpu  317690035 2051251 69577112 27588111006 4978765 0 1191380 0 0 0
1791409817 2910, 13801, 53, 0x0000000000000000 | 1.19 1.24 1.18 | cpu  317690141 2051251 69577117 27588114270 4978765 0 1191380 0 0 0
1791409818 2902, 13801, 53, 0x0000000000000000 | 1.19 1.24 1.18 | cpu  317690248 2051251 69577122 27588117524 4978765 0 1191380 0 0 0
1791409819 2902, 13801, 54, 0x0000000000000000 | 1.19 1.24 1.18 | cpu  317690355 2051251 69577127 27588120788 4978765 0 1191380 0 0 0
1791409820 2902, 13801, 54, 0x0000000000000000 | 1.18 1.24 1.18 | cpu  317690457 2051251 69577135 27588124044 4978765 0 1191380 0 0 0
1791409821 2902, 13801, 53, 0x0000000000000000 | 1.18 1.24 1.18 | cpu  317690557 2051251 69577155 27588127298 4978765 0 1191380 0 0 0
1791409822 2902, 13801, 56, 0x0000000000000000 | 1.18 1.24 1.18 | cpu  317690660 2051251 69577171 27588130555 4978766 0 1191380 0 0 0
1791409823 2902, 13801, 57, 0x0000000000000000 | 1.18 1.24 1.18 | cpu  317690769 2051251 69577186 27588133817 4978766 0 1191380 0 0 0
1791409824 2902, 13801, 57, 0x0000000000000000 | 1.24 1.25 1.18 | cpu  317690890 2051251 69577228 27588137023 4978766 0 1191380 0 0 0
1791409825 2902, 13801, 56, 0x0000000000000000 | 1.24 1.25 1.18 | cpu  317690998 2051251 69577239 27588140282 4978766 0 1191380 0 0 0
1791409826 2902, 13801, 53, 0x0000000000000000 | 1.24 1.25 1.18 | cpu  317691097 2051251 69577261 27588143555 4978766 0 1191380 0 0 0
1791409828 2902, 13801, 55, 0x0000000000000000 | 1.24 1.25 1.18 | cpu  317691203 2051251 69577274 27588146801 4978767 0 1191380 0 0 0
1791409829 2910, 13801, 56, 0x0000000000000000 | 1.24 1.25 1.18 | cpu  317691329 2051251 69577307 27588149998 4978767 0 1191380 0 0 0
1791409830 2902, 13801, 58, 0x0000000000000000 | 1.22 1.24 1.18 | cpu  317691437 2051251 69577318 27588153242 4978767 0 1191380 0 0 0
1791409831 2902, 13801, 57, 0x0000000000000000 | 1.22 1.24 1.18 | cpu  317691541 2051251 69577333 27588156514 4978767 0 1191380 0 0 0
1791409832 2902, 13801, 58, 0x0000000000000000 | 1.22 1.24 1.18 | cpu  317691648 2051251 69577343 27588159762 4978767 0 1191380 0 0 0
1791409833 2910, 13801, 57, 0x0000000000000000 | 1.22 1.24 1.18 | cpu  317691752 2051251 69577359 27588163019 4978768 0 1191380 0 0 0
1791409834 2902, 13801, 58, 0x0000000000000000 | 1.22 1.24 1.18 | cpu  317691856 2051251 69577373 27588166270 4978768 0 1191380 0 0 0
1791409835 2902, 13801, 59, 0x0000000000000000 | 1.20 1.24 1.18 | cpu  317691956 2051251 69577391 27588169517 4978768 0 1191380 0 0 0
1791409836 2902, 13801, 59, 0x0000000000000000 | 1.20 1.24 1.18 | cpu  317692059 2051251 69577406 27588172776 4978768 0 1191380 0 0 0
1791409837 2910, 13801, 59, 0x0000000000000000 | 1.20 1.24 1.18 | cpu  317692166 2051251 69577417 27588176032 4978768 0 1191380 0 0 0
1791409838 2902, 13801, 60, 0x0000000000000000 | 1.20 1.24 1.18 | cpu  317692270 2051251 69577432 27588179280 4978768 0 1191380 0 0 0
1791409839 2902, 13801, 58, 0x0000000000000000 | 1.20 1.24 1.18 | cpu  317692382 2051251 69577446 27588182527 4978768 0 1191380 0 0 0
1791409840 2902, 13801, 61, 0x0000000000000000 | 1.19 1.24 1.18 | cpu  317692498 2051251 69577484 27588185756 4978769 0 1191380 0 0 0
1791409841 2902, 13801, 60, 0x0000000000000000 | 1.19 1.24 1.18 | cpu  317692612 2051251 69577510 27588188974 4978769 0 1191380 0 0 0
1791409842 2902, 13801, 57, 0x0000000000000000 | 1.19 1.24 1.18 | cpu  317692711 2051251 69577534 27588192222 4978769 0 1191380 0 0 0
1791409843 2902, 13801, 59, 0x0000000000000000 | 1.19 1.24 1.18 | cpu  317692818 2051251 69577545 27588195475 4978769 0 1191380 0 0 0
1791409844 2910, 13801, 60, 0x0000000000000000 | 1.17 1.23 1.18 | cpu  317692917 2051251 69577564 27588198740 4978769 0 1191380 0 0 0
1791409845 2902, 13801, 62, 0x0000000000000000 | 1.17 1.23 1.18 | cpu  317693022 2051251 69577579 27588202004 4978770 0 1191380 0 0 0
1791409847 2902, 13801, 62, 0x0000000000000000 | 1.17 1.23 1.18 | cpu  317693123 2051251 69577597 27588205275 4978770 0 1191380 0 0 0
1791409848 2910, 13801, 62, 0x0000000000000000 | 1.17 1.23 1.18 | cpu  317693227 2051251 69577610 27588208520 4978770 0 1191380 0 0 0
1791409849 2902, 13801, 61, 0x0000000000000000 | 1.17 1.23 1.18 | cpu  317693333 2051251 69577622 27588211775 4978770 0 1191380 0 0 0
1791409850 2902, 13801, 61, 0x0000000000000000 | 1.16 1.23 1.18 | cpu  317693436 2051251 69577643 27588215044 4978770 0 1191380 0 0 0
1791409851 2902, 13801, 61, 0x0000000000000000 | 1.16 1.23 1.18 | cpu  317693545 2051251 69577655 27588218296 4978770 0 1191380 0 0 0
1791409852 2902, 13801, 59, 0x0000000000000000 | 1.16 1.23 1.18 | cpu  317693645 2051251 69577674 27588221550 4978770 0 1191380 0 0 0
1791409853 2902, 13801, 62, 0x0000000000000000 | 1.16 1.23 1.18 | cpu  317693752 2051251 69577686 27588224801 4978770 0 1191380 0 0 0
1791409854 2902, 13801, 63, 0x0000000000000000 | 1.16 1.23 1.18 | cpu  317693856 2051251 69577701 27588228077 4978771 0 1191380 0 0 0
1791409855 2895, 13801, 62, 0x0000000000000000 | 1.15 1.22 1.18 | cpu  317693964 2051251 69577712 27588231321 4978772 0 1191380 0 0 0
1791409856 2895, 13801, 59, 0x0000000000000000 | 1.15 1.22 1.18 | cpu  317694069 2051251 69577725 27588234578 4978772 0 1191380 0 0 0
1791409857 2895, 13801, 63, 0x0000000000000000 | 1.15 1.22 1.18 | cpu  317694174 2051251 69577738 27588237837 4978772 0 1191380 0 0 0
1791409858 2902, 13801, 63, 0x0000000000000000 | 1.15 1.22 1.18 | cpu  317694277 2051251 69577754 27588241098 4978772 0 1191380 0 0 0
1791409859 2887, 13801, 64, 0x0000000000000000 | 1.15 1.22 1.18 | cpu  317694382 2051251 69577768 27588244349 4978772 0 1191380 0 0 0
1791409860 2902, 13801, 64, 0x0000000000000000 | 1.13 1.22 1.18 | cpu  317694488 2051251 69577779 27588247600 4978772 0 1191380 0 0 0
1791409861 2887, 13801, 63, 0x0000000000000000 | 1.13 1.22 1.18 | cpu  317694593 2051251 69577798 27588250853 4978772 0 1191380 0 0 0
1791409862 2902, 13801, 62, 0x0000000000000000 | 1.13 1.22 1.18 | cpu  317694701 2051251 69577811 27588254138 4978772 0 1191380 0 0 0
1791409863 2895, 13801, 62, 0x0000000000000000 | 1.13 1.22 1.18 | cpu  317694800 2051251 69577829 27588257393 4978772 0 1191380 0 0 0
1791409864 2895, 13801, 62, 0x0000000000000000 | 1.12 1.22 1.18 | cpu  317694907 2051251 69577842 27588260646 4978772 0 1191380 0 0 0
1791409866 2902, 13801, 61, 0x0000000000000000 | 1.12 1.22 1.18 | cpu  317695009 2051251 69577859 27588263907 4978772 0 1191380 0 0 0
1791409867 2895, 13801, 63, 0x0000000000000000 | 1.12 1.22 1.18 | cpu  317695119 2051251 69577871 27588267159 4978772 0 1191380 0 0 0
1791409868 2902, 13801, 64, 0x0000000000000000 | 1.12 1.22 1.18 | cpu  317695224 2051251 69577887 27588270407 4978772 0 1191380 0 0 0
1791409869 2895, 13801, 63, 0x0000000000000000 | 1.12 1.22 1.18 | cpu  317695332 2051251 69577901 27588273652 4978773 0 1191380 0 0 0
1791409870 2895, 13801, 59, 0x0000000000000000 | 1.11 1.21 1.17 | cpu  317695435 2051251 69577917 27588276893 4978773 0 1191380 0 0 0
1791409871 2895, 13801, 62, 0x0000000000000000 | 1.11 1.21 1.17 | cpu  317695546 2051251 69577962 27588280101 4978773 0 1191380 0 0 0
1791409872 2895, 13801, 62, 0x0000000000000000 | 1.11 1.21 1.17 | cpu  317695655 2051251 69577980 27588283355 4978773 0 1191380 0 0 0
1791409873 2887, 13801, 63, 0x0000000000000000 | 1.11 1.21 1.17 | cpu  317695775 2051251 69578026 27588286548 4978773 0 1191381 0 0 0
1791409874 2902, 13801, 63, 0x0000000000000000 | 1.11 1.21 1.17 | cpu  317695882 2051251 69578040 27588289820 4978773 0 1191381 0 0 0
1791409875 2895, 13801, 60, 0x0000000000000000 | 1.18 1.22 1.18 | cpu  317695984 2051251 69578055 27588293071 4978773 0 1191381 0 0 0
1791409876 2902, 13801, 55, 0x0000000000000000 | 1.18 1.22 1.18 | cpu  317696088 2051251 69578064 27588296309 4978773 0 1191381 0 0 0
1791409877 2925, 13801, 52, 0x0000000000000000 | 1.18 1.22 1.18 | cpu  317696179 2051251 69578087 27588299546 4978774 0 1191381 0 0 0
1791409878 2572, 13801, 51, 0x0000000000000000 | 1.18 1.22 1.18 | cpu  317696279 2051251 69578095 27588302786 4978774 0 1191381 0 0 0
1791409879 2572, 13801, 50, 0x0000000000000000 | 1.18 1.22 1.18 | cpu  317696377 2051251 69578107 27588306023 4978774 0 1191381 0 0 0
1791409880 2572, 13801, 50, 0x0000000000000000 | 1.17 1.22 1.18 | cpu  317696482 2051251 69578111 27588309263 4978774 0 1191381 0 0 0
1791409881 2572, 13801, 49, 0x0000000000000000 | 1.17 1.22 1.18 | cpu  317696579 2051251 69578123 27588312504 4978774 0 1191381 0 0 0
1791409882 2572, 13801, 49, 0x0000000000000000 | 1.17 1.22 1.18 | cpu  317696682 2051251 69578130 27588315750 4978774 0 1191381 0 0 0
1791409883 2572, 13801, 49, 0x0000000000000000 | 1.17 1.22 1.18 | cpu  317696768 2051251 69578154 27588318998 4978774 0 1191381 0 0 0
1791409884 2572, 13801, 48, 0x0000000000000000 | 1.16 1.22 1.18 | cpu  317696850 2051251 69578185 27588322244 4978774 0 1191381 0 0 0
1791409886 2572, 13801, 48, 0x0000000000000000 | 1.16 1.22 1.18 | cpu  317696939 2051251 69578205 27588325480 4978774 0 1191381 0 0 0
1791409887 2572, 13801, 48, 0x0000000000000000 | 1.16 1.22 1.18 | cpu  317697044 2051251 69578215 27588328726 4978774 0 1191381 0 0 0
1791409888 2572, 13801, 48, 0x0000000000000000 | 1.16 1.22 1.18 | cpu  317697151 2051251 69578225 27588331969 4978774 0 1191381 0 0 0
1791409889 2572, 13801, 47, 0x0000000000000000 | 1.16 1.22 1.18 | cpu  317697268 2051251 69578264 27588335164 4978774 0 1191381 0 0 0
1791409890 2572, 13801, 47, 0x0000000000000000 | 1.14 1.21 1.18 | cpu  317697369 2051251 69578275 27588338403 4978774 0 1191381 0 0 0
1791409891 2572, 13801, 47, 0x0000000000000000 | 1.14 1.21 1.18 | cpu  317697473 2051251 69578284 27588341650 4978774 0 1191381 0 0 0
1791409892 2572, 13801, 47, 0x0000000000000000 | 1.14 1.21 1.18 | cpu  317697576 2051251 69578295 27588344889 4978774 0 1191381 0 0 0
1791409893 2572, 13801, 46, 0x0000000000000000 | 1.14 1.21 1.18 | cpu  317697678 2051251 69578307 27588348126 4978775 0 1191381 0 0 0
1791409894 2572, 13801, 46, 0x0000000000000000 | 1.14 1.21 1.18 | cpu  317697782 2051251 69578316 27588351391 4978775 0 1191381 0 0 0
1791409895 390, 810, 45, 0x0000000000000000 | 1.13 1.21 1.18 | cpu  317697886 2051251 69578328 27588354659 4978775 0 1191381 0 0 0
1791409896 390, 810, 45, 0x0000000000000000 | 1.13 1.21 1.18 | cpu  317697989 2051251 69578344 27588357912 4978775 0 1191381 0 0 0
1791409897 225, 405, 45, 0x0000000000000000 | 1.13 1.21 1.18 | cpu  317698094 2051251 69578354 27588361172 4978775 0 1191381 0 0 0
1791409898 225, 405, 45, 0x0000000000000000 | 1.13 1.21 1.18 | cpu  317698194 2051251 69578368 27588364429 4978775 0 1191381 0 0 0
1791409899 225, 405, 44, 0x0000000000000000 | 1.13 1.21 1.18 | cpu  317698298 2051251 69578380 27588367692 4978776 0 1191381 0 0 0
1791409900 225, 405, 44, 0x0000000000000000 | 1.12 1.21 1.17 | cpu  317698402 2051251 69578390 27588370947 4978776 0 1191381 0 0 0
1791409901 225, 405, 44, 0x0000000000000000 | 1.12 1.21 1.17 | cpu  317698503 2051251 69578406 27588374201 4978776 0 1191381 0 0 0
1791409902 225, 405, 44, 0x0000000000000000 | 1.12 1.21 1.17 | cpu  317698607 2051251 69578416 27588377465 4978776 0 1191381 0 0 0
1791409903 225, 405, 44, 0x0000000000000000 | 1.12 1.21 1.17 | cpu  317698711 2051251 69578425 27588380730 4978776 0 1191381 0 0 0
1791409904 225, 405, 44, 0x0000000000000000 | 1.11 1.20 1.17 | cpu  317698812 2051251 69578442 27588383981 4978776 0 1191381 0 0 0
1791409906 225, 405, 43, 0x0000000000000000 | 1.11 1.20 1.17 | cpu  317698915 2051251 69578457 27588387247 4978776 0 1191381 0 0 0
1791409907 225, 405, 43, 0x0000000000000000 | 1.11 1.20 1.17 | cpu  317699022 2051251 69578463 27588390507 4978776 0 1191381 0 0 0
1791409908 225, 405, 43, 0x0000000000000000 | 1.11 1.20 1.17 | cpu  317699126 2051251 69578475 27588393763 4978776 0 1191381 0 0 0
1791409909 225, 405, 43, 0x0000000000000000 | 1.11 1.20 1.17 | cpu  317699228 2051251 69578490 27588397019 4978776 0 1191381 0 0 0
1791409910 225, 405, 43, 0x0000000000000000 | 1.10 1.20 1.17 | cpu  317699330 2051251 69578504 27588400274 4978777 0 1191381 0 0 0
1791409911 225, 405, 43, 0x0000000000000000 | 1.10 1.20 1.17 | cpu  317699434 2051251 69578519 27588403534 4978777 0 1191381 0 0 0
1791409912 225, 405, 43, 0x0000000000000000 | 1.10 1.20 1.17 | cpu  317699541 2051251 69578523 27588406797 4978777 0 1191381 0 0 0
1791409913 225, 405, 43, 0x0000000000000000 | 1.10 1.20 1.17 | cpu  317699643 2051251 69578535 27588410057 4978777 0 1191381 0 0 0
1791409914 225, 405, 42, 0x0000000000000000 | 1.10 1.20 1.17 | cpu  317699744 2051251 69578549 27588413311 4978777 0 1191381 0 0 0
1791409915 225, 405, 42, 0x0000000000000000 | 1.09 1.20 1.17 | cpu  317699845 2051251 69578566 27588416570 4978777 0 1191381 0 0 0
1791409916 225, 405, 42, 0x0000000000000000 | 1.09 1.20 1.17 | cpu  317699948 2051251 69578580 27588419827 4978777 0 1191381 0 0 0
1791409917 225, 405, 42, 0x0000000000000000 | 1.09 1.20 1.17 | cpu  317700056 2051251 69578586 27588423094 4978777 0 1191381 0 0 0
1791409918 225, 405, 42, 0x0000000000000000 | 1.09 1.20 1.17 | cpu  317700166 2051251 69578602 27588426375 4978777 0 1191381 0 0 0
1791409919 225, 405, 42, 0x0000000000000000 | 1.09 1.20 1.17 | cpu  317700269 2051251 69578618 27588429629 4978777 0 1191381 0 0 0
1791409920 225, 405, 42, 0x0000000000000000 | 1.08 1.19 1.17 | cpu  317700370 2051251 69578634 27588432896 4978777 0 1191381 0 0 0
1791409921 225, 405, 42, 0x0000000000000000 | 1.08 1.19 1.17 | cpu  317700471 2051251 69578649 27588436155 4978777 0 1191381 0 0 0
1791409922 225, 405, 42, 0x0000000000000000 | 1.08 1.19 1.17 | cpu  317700572 2051251 69578665 27588439427 4978777 0 1191381 0 0 0
1791409923 225, 405, 41, 0x0000000000000000 | 1.08 1.19 1.17 | cpu  317700676 2051251 69578682 27588442680 4978777 0 1191381 0 0 0
1791409925 225, 405, 41, 0x0000000000000000 | 1.08 1.19 1.17 | cpu  317700783 2051251 69578688 27588445955 4978777 0 1191381 0 0 0
1791409926 225, 405, 41, 0x0000000000000000 | 1.08 1.19 1.17 | cpu  317700889 2051251 69578693 27588449218 4978777 0 1191381 0 0 0
1791409927 225, 405, 41, 0x0000000000000000 | 1.08 1.19 1.17 | cpu  317700994 2051251 69578705 27588452482 4978777 0 1191381 0 0 0
1791409928 217, 405, 41, 0x0000000000000000 | 1.08 1.19 1.17 | cpu  317701096 2051251 69578722 27588455759 4978777 0 1191381 0 0 0
1791409929 225, 405, 41, 0x0000000000000000 | 1.08 1.19 1.17 | cpu  317701201 2051251 69578737 27588459010 4978777 0 1191381 0 0 0
1791409930 225, 405, 41, 0x0000000000000000 | 1.07 1.18 1.17 | cpu  317701304 2051251 69578752 27588462267 4978777 0 1191381 0 0 0
1791409931 225, 405, 41, 0x0000000000000000 | 1.07 1.18 1.17 | cpu  317701409 2051251 69578767 27588465523 4978777 0 1191381 0 0 0
1791409932 225, 405, 41, 0x0000000000000000 | 1.07 1.18 1.17 | cpu  317701511 2051251 69578783 27588468778 4978777 0 1191381 0 0 0
1791409933 225, 405, 41, 0x0000000000000000 | 1.07 1.18 1.17 | cpu  317701618 2051251 69578794 27588472042 4978777 0 1191381 0 0 0
1791409934 225, 405, 40, 0x0000000000000000 | 1.07 1.18 1.17 | cpu  317701727 2051251 69578835 27588475267 4978777 0 1191381 0 0 0
1791409935 225, 405, 40, 0x0000000000000000 | 1.07 1.18 1.17 | cpu  317701834 2051251 69578840 27588478535 4978777 0 1191381 0 0 0
1791409936 225, 405, 40, 0x0000000000000000 | 1.07 1.18 1.17 | cpu  317701939 2051251 69578849 27588481797 4978777 0 1191381 0 0 0
1791409937 225, 405, 40, 0x0000000000000000 | 1.07 1.18 1.17 | cpu  317702041 2051251 69578866 27588485059 4978777 0 1191381 0 0 0
1791409938 225, 405, 40, 0x0000000000000000 | 1.07 1.18 1.17 | cpu  317702142 2051251 69578883 27588488323 4978777 0 1191381 0 0 0
1791409939 225, 405, 40, 0x0000000000000000 | 1.14 1.20 1.17 | cpu  317702244 2051251 69578897 27588491581 4978777 0 1191381 0 0 0
1791409940 225, 405, 40, 0x0000000000000000 | 1.14 1.20 1.17 | cpu  317702345 2051251 69578911 27588494839 4978778 0 1191381 0 0 0
1791409941 225, 405, 40, 0x0000000000000000 | 1.14 1.20 1.17 | cpu  317702448 2051251 69578929 27588498093 4978778 0 1191381 0 0 0
1791409942 225, 405, 39, 0x0000000000000000 | 1.14 1.20 1.17 | cpu  317702549 2051251 69578946 27588501348 4978778 0 1191381 0 0 0
1791409944 225, 405, 39, 0x0000000000000000 | 1.14 1.20 1.17 | cpu  317702651 2051251 69578961 27588504604 4978778 0 1191381 0 0 0
1791409945 225, 405, 39, 0x0000000000000000 | 1.13 1.19 1.17 | cpu  317702757 2051251 69578965 27588507873 4978778 0 1191381 0 0 0
1791409946 225, 405, 39, 0x0000000000000000 | 1.13 1.19 1.17 | cpu  317702863 2051251 69578971 27588511146 4978778 0 1191381 0 0 0
1791409947 225, 405, 39, 0x0000000000000000 | 1.13 1.19 1.17 | cpu  317702971 2051251 69578975 27588514420 4978778 0 1191381 0 0 0
1791409948 225, 405, 39, 0x0000000000000000 | 1.13 1.19 1.17 | cpu  317703075 2051251 69578983 27588517686 4978778 0 1191381 0 0 0
1791409949 225, 405, 39, 0x0000000000000000 | 1.13 1.19 1.17 | cpu  317703182 2051251 69578996 27588520939 4978778 0 1191381 0 0 0
1791409950 225, 405, 39, 0x0000000000000000 | 1.12 1.19 1.17 | cpu  317703288 2051251 69579004 27588524197 4978779 0 1191381 0 0 0
1791409951 225, 405, 39, 0x0000000000000000 | 1.12 1.19 1.17 | cpu  317703395 2051251 69579016 27588527460 4978779 0 1191381 0 0 0
1791409952 225, 405, 39, 0x0000000000000000 | 1.12 1.19 1.17 | cpu  317703493 2051251 69579032 27588530726 4978779 0 1191381 0 0 0
1791409953 225, 405, 39, 0x0000000000000000 | 1.12 1.19 1.17 | cpu  317703600 2051251 69579041 27588533986 4978779 0 1191381 0 0 0
1791409954 225, 405, 39, 0x0000000000000000 | 1.12 1.19 1.17 | cpu  317703706 2051251 69579051 27588537250 4978779 0 1191381 0 0 0
1791409955 225, 405, 39, 0x0000000000000000 | 1.11 1.18 1.17 | cpu  317703814 2051251 69579063 27588540506 4978779 0 1191381 0 0 0
1791409956 225, 405, 39, 0x0000000000000000 | 1.11 1.18 1.17 | cpu  317703920 2051251 69579072 27588543759 4978779 0 1191381 0 0 0
1791409957 225, 405, 39, 0x0000000000000000 | 1.11 1.18 1.17 | cpu  317704024 2051251 69579086 27588547033 4978779 0 1191381 0 0 0
1791409958 225, 405, 39, 0x0000000000000000 | 1.11 1.18 1.17 | cpu  317704130 2051251 69579096 27588550288 4978779 0 1191381 0 0 0
1791409959 225, 405, 39, 0x0000000000000000 | 1.10 1.18 1.17 | cpu  317704236 2051251 69579106 27588553542 4978780 0 1191381 0 0 0
1791409960 225, 405, 39, 0x0000000000000000 | 1.10 1.18 1.17 | cpu  317704343 2051251 69579116 27588556798 4978780 0 1191381 0 0 0
1791409961 217, 405, 39, 0x0000000000000000 | 1.10 1.18 1.17 | cpu  317704450 2051251 69579125 27588560059 4978780 0 1191381 0 0 0
1791409963 225, 405, 39, 0x0000000000000000 | 1.10 1.18 1.17 | cpu  317704558 2051251 69579138 27588563338 4978780 0 1191381 0 0 0
1791409964 225, 405, 39, 0x0000000000000000 | 1.10 1.18 1.17 | cpu  317704664 2051251 69579148 27588566597 4978780 0 1191381 0 0 0
1791409965 225, 405, 39, 0x0000000000000000 | 1.09 1.18 1.17 | cpu  317704772 2051251 69579158 27588569856 4978780 0 1191381 0 0 0
1791409966 225, 405, 38, 0x0000000000000000 | 1.09 1.18 1.17 | cpu  317704879 2051251 69579168 27588573118 4978780 0 1191381 0 0 0
1791409967 225, 405, 38, 0x0000000000000000 | 1.09 1.18 1.17 | cpu  317704986 2051251 69579178 27588576373 4978780 0 1191381 0 0 0
1791409968 225, 405, 38, 0x0000000000000000 | 1.09 1.18 1.17 | cpu  317705094 2051251 69579187 27588579618 4978780 0 1191381 0 0 0
1791409969 225, 405, 38, 0x0000000000000000 | 1.09 1.18 1.17 | cpu  317705201 2051251 69579196 27588582880 4978780 0 1191381 0 0 0
1791409970 225, 405, 38, 0x0000000000000000 | 1.08 1.17 1.17 | cpu  317705308 2051251 69579206 27588586138 4978780 0 1191381 0 0 0
1791409971 225, 405, 38, 0x0000000000000000 | 1.08 1.17 1.17 | cpu  317705414 2051251 69579217 27588589390 4978780 0 1191381 0 0 0
1791409972 225, 405, 38, 0x0000000000000000 | 1.08 1.17 1.17 | cpu  317705522 2051251 69579228 27588592672 4978780 0 1191381 0 0 0
1791409973 225, 405, 38, 0x0000000000000000 | 1.08 1.17 1.17 | cpu  317705629 2051251 69579239 27588595921 4978781 0 1191381 0 0 0
1791409974 225, 405, 38, 0x0000000000000000 | 1.08 1.17 1.17 | cpu  317705736 2051251 69579248 27588599181 4978781 0 1191381 0 0 0
1791409975 225, 405, 38, 0x0000000000000000 | 1.08 1.17 1.17 | cpu  317705842 2051251 69579258 27588602441 4978781 0 1191381 0 0 0
1791409976 225, 405, 38, 0x0000000000000000 | 1.08 1.17 1.17 | cpu  317705952 2051251 69579268 27588605698 4978781 0 1191381 0 0 0
1791409977 225, 405, 38, 0x0000000000000000 | 1.08 1.17 1.17 | cpu  317706059 2051251 69579279 27588608955 4978781 0 1191381 0 0 0
1791409978 217, 405, 38, 0x0000000000000000 | 1.08 1.17 1.17 | cpu  317706167 2051251 69579288 27588612217 4978786 0 1191381 0 0 0
1791409979 225, 405, 38, 0x0000000000000000 | 1.07 1.17 1.16 | cpu  317706274 2051251 69579298 27588615464 4978801 0 1191381 0 0 0
1791409980 225, 405, 38, 0x0000000000000000 | 1.07 1.17 1.16 | cpu  317706381 2051251 69579309 27588618715 4978801 0 1191381 0 0 0
1791409982 225, 405, 38, 0x0000000000000000 | 1.07 1.17 1.16 | cpu  317706488 2051251 69579318 27588621974 4978801 0 1191381 0 0 0
1791409983 225, 405, 38, 0x0000000000000000 | 1.07 1.17 1.16 | cpu  317706595 2051251 69579330 27588625233 4978802 0 1191381 0 0 0
1791409984 225, 405, 38, 0x0000000000000000 | 1.07 1.17 1.16 | cpu  317706702 2051251 69579340 27588628490 4978802 0 1191381 0 0 0
1791409985 225, 405, 38, 0x0000000000000000 | 1.06 1.17 1.16 | cpu  317706809 2051251 69579350 27588631747 4978802 0 1191381 0 0 0
1791409986 225, 405, 38, 0x0000000000000000 | 1.06 1.17 1.16 | cpu  317706916 2051251 69579361 27588635014 4978802 0 1191381 0 0 0
1791409987 225, 405, 38, 0x0000000000000000 | 1.06 1.17 1.16 | cpu  317707023 2051251 69579372 27588638274 4978803 0 1191381 0 0 0
1791409988 225, 405, 38, 0x0000000000000000 | 1.06 1.17 1.16 | cpu  317707131 2051251 69579383 27588641532 4978803 0 1191381 0 0 0
1791409989 225, 405, 38, 0x0000000000000000 | 1.06 1.17 1.16 | cpu  317707237 2051251 69579392 27588644790 4978803 0 1191381 0 0 0
1791409990 225, 405, 38, 0x0000000000000000 | 1.14 1.18 1.17 | cpu  317707344 2051251 69579403 27588648054 4978803 0 1191381 0 0 0
1791409991 225, 405, 38, 0x0000000000000000 | 1.14 1.18 1.17 | cpu  317707450 2051251 69579413 27588651314 4978803 0 1191381 0 0 0
1791409992 225, 405, 37, 0x0000000000000000 | 1.14 1.18 1.17 | cpu  317707557 2051251 69579427 27588654563 4978803 0 1191381 0 0 0
1791409993 225, 405, 37, 0x0000000000000000 | 1.14 1.18 1.17 | cpu  317707664 2051251 69579438 27588657822 4978803 0 1191381 0 0 0
1791409994 225, 405, 37, 0x0000000000000000 | 1.14 1.18 1.17 | cpu  317707771 2051251 69579449 27588661077 4978803 0 1191381 0 0 0
1791409995 225, 405, 37, 0x0000000000000000 | 1.13 1.18 1.17 | cpu  317707883 2051251 69579469 27588664372 4978803 0 1191381 0 0 0
1791409996 225, 405, 37, 0x0000000000000000 | 1.13 1.18 1.17 | cpu  317707992 2051251 69579480 27588667625 4978803 0 1191381 0 0 0
1791409997 225, 405, 37, 0x0000000000000000 | 1.13 1.18 1.17 | cpu  317708101 2051251 69579525 27588670846 4978803 0 1191381 0 0 0
1791409998 225, 405, 37, 0x0000000000000000 | 1.13 1.18 1.17 | cpu  317708209 2051251 69579537 27588674107 4978803 0 1191381 0 0 0
1791410000 225, 405, 37, 0x0000000000000000 | 1.12 1.17 1.17 | cpu  317708318 2051251 69579549 27588677365 4978803 0 1191381 0 0 0
1791410001 225, 405, 37, 0x0000000000000000 | 1.12 1.17 1.17 | cpu  317708424 2051251 69579559 27588680624 4978803 0 1191381 0 0 0
1791410002 225, 405, 37, 0x0000000000000000 | 1.12 1.17 1.17 | cpu  317708534 2051251 69579570 27588683896 4978803 0 1191381 0 0 0
1791410003 225, 405, 37, 0x0000000000000000 | 1.12 1.17 1.17 | cpu  317708662 2051251 69579593 27588687124 4978803 0 1191381 0 0 0
1791410004 225, 405, 37, 0x0000000000000000 | 1.12 1.17 1.17 | cpu  317708770 2051251 69579604 27588690383 4978803 0 1191381 0 0 0
1791410005 225, 405, 37, 0x0000000000000000 | 1.11 1.17 1.17 | cpu  317708878 2051251 69579615 27588693660 4978803 0 1191381 0 0 0
1791410006 225, 405, 37, 0x0000000000000000 | 1.11 1.17 1.17 | cpu  317708984 2051251 69579625 27588696919 4978803 0 1191381 0 0 0
1791410007 225, 405, 37, 0x0000000000000000 | 1.11 1.17 1.17 | cpu  317709091 2051251 69579636 27588700185 4978803 0 1191381 0 0 0
1791410008 225, 405, 37, 0x0000000000000000 | 1.11 1.17 1.17 | cpu  317709197 2051251 69579646 27588703440 4978803 0 1191381 0 0 0
1791410009 2910, 13801, 49, 0x0000000000000000 | 1.11 1.17 1.17 | cpu  317709299 2051251 69579664 27588706718 4978803 0 1191381 0 0 0
1791410010 2917, 13801, 52, 0x0000000000000000 | 1.10 1.17 1.16 | cpu  317709404 2051251 69579677 27588709949 4978803 0 1191381 0 0 0
1791410011 2947, 13801, 50, 0x0000000000000000 | 1.10 1.17 1.16 | cpu  317709510 2051251 69579686 27588713198 4978803 0 1191381 0 0 0
1791410012 2910, 13801, 53, 0x0000000000000000 | 1.10 1.17 1.16 | cpu  317709615 2051251 69579700 27588716444 4978803 0 1191381 0 0 0
1791410013 2910, 13801, 51, 0x0000000000000000 | 1.10 1.17 1.16 | cpu  317709722 2051251 69579712 27588719701 4978803 0 1191381 0 0 0
1791410014 2917, 13801, 52, 0x0000000000000000 | 1.10 1.17 1.16 | cpu  317709826 2051251 69579725 27588722958 4978804 0 1191381 0 0 0
1791410015 2902, 13801, 53, 0x0000000000000000 | 1.17 1.18 1.17 | cpu  317709935 2051251 69579736 27588726214 4978804 0 1191381 0 0 0
1791410016 2910, 13801, 50, 0x0000000000000000 | 1.17 1.18 1.17 | cpu  317710040 2051251 69579750 27588729475 4978804 0 1191381 0 0 0
1791410017 2902, 13801, 54, 0x0000000000000000 | 1.17 1.18 1.17 | cpu  317710146 2051251 69579767 27588732734 4978804 0 1191381 0 0 0
1791410019 2910, 13801, 54, 0x0000000000000000 | 1.17 1.18 1.17 | cpu  317710252 2051251 69579782 27588736047 4978804 0 1191381 0 0 0
1791410020 2910, 13801, 53, 0x0000000000000000 | 1.16 1.18 1.17 | cpu  317710357 2051251 69579797 27588739304 4978805 0 1191381 0 0 0
1791410021 2902, 13801, 53, 0x0000000000000000 | 1.16 1.18 1.17 | cpu  317710464 2051251 69579809 27588742565 4978806 0 1191381 0 0 0
1791410022 2910, 13801, 56, 0x0000000000000000 | 1.16 1.18 1.17 | cpu  317710571 2051251 69579827 27588745816 4978806 0 1191381 0 0 0
1791410023 2902, 13801, 56, 0x0000000000000000 | 1.16 1.18 1.17 | cpu  317710678 2051251 69579837 27588749066 4978806 0 1191381 0 0 0
1791410024 2902, 13801, 54, 0x0000000000000000 | 1.16 1.18 1.17 | cpu  317710777 2051251 69579858 27588752331 4978806 0 1191381 0 0 0
1791410025 2902, 13801, 55, 0x0000000000000000 | 1.14 1.17 1.17 | cpu  317710885 2051251 69579870 27588755587 4978806 0 1191381 0 0 0
1791410026 2910, 13801, 55, 0x0000000000000000 | 1.14 1.17 1.17 | cpu  317710988 2051251 69579887 27588758865 4978806 0 1191381 0 0 0
1791410027 2902, 13801, 55, 0x0000000000000000 | 1.14 1.17 1.17 | cpu  317711095 2051251 69579900 27588762127 4978806 0 1191381 0 0 0
1791410028 2902, 13801, 53, 0x0000000000000000 | 1.14 1.17 1.17 | cpu  317711200 2051251 69579915 27588765384 4978806 0 1191381 0 0 0
1791410029 2902, 13801, 58, 0x0000000000000000 | 1.14 1.17 1.17 | cpu  317711308 2051251 69579927 27588768658 4978806 0 1191381 0 0 0
1791410030 2902, 13801, 56, 0x0000000000000000 | 1.21 1.19 1.17 | cpu  317711409 2051251 69579943 27588771910 4978806 0 1191381 0 0 0
1791410031 2910, 13801, 57, 0x0000000000000000 | 1.21 1.19 1.17 | cpu  317711513 2051251 69579958 27588775156 4978806 0 1191381 0 0 0
1791410032 2902, 13801, 57, 0x0000000000000000 | 1.21 1.19 1.17 | cpu  317711620 2051251 69579972 27588778434 4978806 0 1191381 0 0 0
1791410033 2902, 13801, 57, 0x0000000000000000 | 1.21 1.19 1.17 | cpu  317711728 2051251 69579986 27588781700 4978806 0 1191381 0 0 0
1791410034 2902, 13801, 57, 0x0000000000000000 | 1.20 1.19 1.17 | cpu  317711835 2051251 69579996 27588784954 4978806 0 1191381 0 0 0
1791410035 2902, 13801, 58, 0x0000000000000000 | 1.20 1.19 1.17 | cpu  317711939 2051251 69580012 27588788209 4978806 0 1191381 0 0 0
1791410037 2902, 13801, 58, 0x0000000000000000 | 1.20 1.19 1.17 | cpu  317712046 2051251 69580023 27588791469 4978806 0 1191381 0 0 0
1791410038 2902, 13801, 56, 0x0000000000000000 | 1.20 1.19 1.17 | cpu  317712148 2051251 69580041 27588794748 4978807 0 1191381 0 0 0
1791410039 2902, 13801, 58, 0x0000000000000000 | 1.20 1.19 1.17 | cpu  317712254 2051251 69580052 27588798009 4978807 0 1191381 0 0 0
1791410040 2902, 13801, 60, 0x0000000000000000 | 1.18 1.18 1.17 | cpu  317712359 2051251 69580065 27588801255 4978807 0 1191381 0 0 0
1791410041 2902, 13801, 58, 0x0000000000000000 | 1.18 1.18 1.17 | cpu  317712466 2051251 69580078 27588804501 4978807 0 1191381 0 0 0
1791410042 2902, 13801, 58, 0x0000000000000000 | 1.18 1.18 1.17 | cpu  317712571 2051251 69580099 27588807783 4978807 0 1191381 0 0 0
1791410043 2902, 13801, 60, 0x0000000000000000 | 1.18 1.18 1.17 | cpu  317712677 2051251 69580108 27588811039 4978807 0 1191381 0 0 0
1791410044 2902, 13801, 61, 0x0000000000000000 | 1.18 1.18 1.17 | cpu  317712783 2051251 69580125 27588814291 4978807 0 1191381 0 0 0
1791410045 2902, 13801, 59, 0x0000000000000000 | 1.41 1.23 1.19 | cpu  317712892 2051251 69580143 27588817545 4978807 0 1191381 0 0 0
1791410046 2902, 13801, 61, 0x0000000000000000 | 1.41 1.23 1.19 | cpu  317712998 2051251 69580155 27588820799 4978808 0 1191381 0 0 0
1791410047 2910, 13801, 62, 0x0000000000000000 | 1.41 1.23 1.19 | cpu  317713105 2051251 69580172 27588824050 4978808 0 1191381 0 0 0
1791410048 2910, 13801, 60, 0x0000000000000000 | 1.41 1.23 1.19 | cpu  317713219 2051251 69580200 27588827303 4978808 0 1191381 0 0 0
1791410049 2902, 13801, 58, 0x0000000000000000 | 1.41 1.23 1.19 | cpu  317713325 2051251 69580238 27588830547 4978808 0 1191381 0 0 0
1791410050 2910, 13801, 62, 0x0000000000000000 | 1.37 1.22 1.18 | cpu  317713432 2051251 69580247 27588833790 4978808 0 1191381 0 0 0
1791410051 2902, 13801, 61, 0x0000000000000000 | 1.37 1.22 1.18 | cpu  317713533 2051251 69580267 27588837054 4978808 0 1191381 0 0 0
1791410052 2902, 13801, 60, 0x0000000000000000 | 1.37 1.22 1.18 | cpu  317713640 2051251 69580278 27588840308 4978809 0 1191381 0 0 0
1791410053 2910, 13801, 60, 0x0000000000000000 | 1.37 1.22 1.18 | cpu  317713741 2051251 69580297 27588843590 4978809 0 1191381 0 0 0
1791410054 2895, 13801, 62, 0x0000000000000000 | 1.34 1.22 1.18 | cpu  317713846 2051251 69580311 27588846848 4978809 0 1191381 0 0 0
1791410056 2902, 13801, 62, 0x0000000000000000 | 1.34 1.22 1.18 | cpu  317713951 2051251 69580325 27588850105 4978809 0 1191381 0 0 0
1791410057 2902, 13801, 62, 0x0000000000000000 | 1.34 1.22 1.18 | cpu  317714060 2051251 69580337 27588853357 4978809 0 1191381 0 0 0
1791410058 2910, 13801, 61, 0x0000000000000000 | 1.34 1.22 1.18 | cpu  317714166 2051251 69580349 27588856606 4978809 0 1191381 0 0 0
1791410059 2902, 13801, 61, 0x0000000000000000 | 1.34 1.22 1.18 | cpu  317714272 2051251 69580365 27588859855 4978809 0 1191381 0 0 0
1791410060 2902, 13801, 61, 0x0000000000000000 | 1.32 1.22 1.18 | cpu  317714381 2051251 69580377 27588863109 4978809 0 1191381 0 0 0
1791410061 2895, 13801, 62, 0x0000000000000000 | 1.32 1.22 1.18 | cpu  317714490 2051251 69580427 27588866335 4978809 0 1191381 0 0 0
1791410062 2910, 13801, 62, 0x0000000000000000 | 1.32 1.22 1.18 | cpu  317714597 2051251 69580437 27588869591 4978809 0 1191381 0 0 0
1791410063 2902, 13801, 62, 0x0000000000000000 | 1.32 1.22 1.18 | cpu  317714699 2051251 69580454 27588872838 4978809 0 1191381 0 0 0
1791410064 2902, 13801, 61, 0x0000000000000000 | 1.32 1.22 1.18 | cpu  317714809 2051251 69580468 27588876078 4978809 0 1191381 0 0 0
1791410065 2910, 13801, 62, 0x0000000000000000 | 1.29 1.21 1.18 | cpu  317714913 2051251 69580482 27588879331 4978809 0 1191381 0 0 0
1791410066 2887, 13801, 62, 0x0000000000000000 | 1.29 1.21 1.18 | cpu  317715020 2051251 69580492 27588882587 4978809 0 1191381 0 0 0
1791410067 2895, 13801, 62, 0x0000000000000000 | 1.29 1.21 1.18 | cpu  317715127 2051251 69580508 27588885835 4978809 0 1191381 0 0 0
1791410068 2895, 13801, 62, 0x0000000000000000 | 1.29 1.21 1.18 | cpu  317715235 2051251 69580519 27588889087 4978809 0 1191381 0 0 0
1791410069 2902, 13801, 61, 0x0000000000000000 | 1.29 1.21 1.18 | cpu  317715339 2051251 69580538 27588892417 4978810 0 1191381 0 0 0
1791410070 2887, 13801, 62, 0x0000000000000000 | 1.27 1.21 1.18 | cpu  317715447 2051251 69580548 27588895666 4978810 0 1191381 0 0 0
1791410071 2895, 13801, 62, 0x0000000000000000 | 1.27 1.21 1.18 | cpu  317715549 2051251 69580567 27588898919 4978810 0 1191381 0 0 0
1791410072 2902, 13801, 62, 0x0000000000000000 | 1.27 1.21 1.18 | cpu  317715653 2051251 69580582 27588902174 4978810 0 1191381 0 0 0
1791410073 2902, 13801, 62, 0x0000000000000000 | 1.27 1.21 1.18 | cpu  317715761 2051251 69580609 27588905454 4978811 0 1191381 0 0 0
1791410075 2902, 13801, 62, 0x0000000000000000 | 1.25 1.21 1.18 | cpu  317715865 2051251 69580626 27588908717 4978811 0 1191381 0 0 0
1791410076 2895, 13801, 61, 0x0000000000000000 | 1.25 1.21 1.18 | cpu  317715972 2051251 69580638 27588911974 4978811 0 1191381 0 0 0
1791410077 2902, 13801, 64, 0x0000000000000000 | 1.25 1.21 1.18 | cpu  317716073 2051251 69580656 27588915234 4978811 0 1191381 0 0 0
1791410078 2895, 13801, 62, 0x0000000000000000 | 1.25 1.21 1.18 | cpu  317716180 2051251 69580666 27588918492 4978811 0 1191381 0 0 0
1791410079 2895, 13801, 63, 0x0000000000000000 | 1.25 1.21 1.18 | cpu  317716286 2051251 69580682 27588921738 4978811 0 1191381 0 0 0
1791410080 2902, 13801, 62, 0x0000000000000000 | 1.22 1.20 1.18 | cpu  317716395 2051251 69580695 27588924999 4978813 0 1191381 0 0 0
1791410081 2902, 13801, 63, 0x0000000000000000 | 1.22 1.20 1.18 | cpu  317716499 2051251 69580709 27588928259 4978813 0 1191381 0 0 0
1791410082 2895, 13801, 63, 0x0000000000000000 | 1.22 1.20 1.18 | cpu  317716606 2051251 69580720 27588931509 4978813 0 1191381 0 0 0
1791410083 2895, 13801, 63, 0x0000000000000000 | 1.22 1.20 1.18 | cpu  317716711 2051251 69580734 27588934771 4978813 0 1191381 0 0 0
1791410084 2887, 13801, 62, 0x0000000000000000 | 1.22 1.20 1.18 | cpu  317716818 2051251 69580746 27588938031 4978813 0 1191381 0 0 0
1791410085 2895, 13801, 62, 0x0000000000000000 | 1.21 1.20 1.18 | cpu  317716922 2051251 69580759 27588941282 4978814 0 1191381 0 0 0
1791410086 2895, 13801, 64, 0x0000000000000000 | 1.21 1.20 1.18 | cpu  317717029 2051251 69580771 27588944525 4978814 0 1191381 0 0 0
1791410087 2895, 13801, 63, 0x0000000000000000 | 1.21 1.20 1.18 | cpu  317717134 2051251 69580785 27588947780 4978814 0 1191381 0 0 0
1791410088 2895, 13801, 64, 0x0000000000000000 | 1.21 1.20 1.18 | cpu  317717241 2051251 69580797 27588951045 4978814 0 1191381 0 0 0
1791410089 2895, 13801, 61, 0x0000000000000000 | 1.27 1.21 1.18 | cpu  317717346 2051251 69580810 27588954298 4978814 0 1191381 0 0 0
1791410090 2895, 13801, 64, 0x0000000000000000 | 1.27 1.21 1.18 | cpu  317717451 2051251 69580825 27588957546 4978814 0 1191381 0 0 0
1791410091 2895, 13801, 64, 0x0000000000000000 | 1.27 1.21 1.18 | cpu  317717559 2051251 69580837 27588960812 4978814 0 1191381 0 0 0
1791410093 2895, 13801, 64, 0x0000000000000000 | 1.27 1.21 1.18 | cpu  317717665 2051251 69580853 27588964076 4978814 0 1191381 0 0 0
1791410094 2895, 13801, 62, 0x0000000000000000 | 1.27 1.21 1.18 | cpu  317717771 2051251 69580866 27588967326 4978814 0 1191381 0 0 0
1791410095 2902, 13801, 62, 0x0000000000000000 | 1.25 1.21 1.18 | cpu  317717875 2051251 69580879 27588970573 4978814 0 1191381 0 0 0
1791410096 2887, 13801, 63, 0x0000000000000000 | 1.25 1.21 1.18 | cpu  317717983 2051251 69580891 27588973825 4978814 0 1191381 0 0 0
1791410097 2895, 13801, 62, 0x0000000000000000 | 1.25 1.21 1.18 | cpu  317718089 2051251 69580906 27588977107 4978814 0 1191381 0 0 0
1791410098 2902, 13801, 63, 0x0000000000000000 | 1.25 1.21 1.18 | cpu  317718195 2051251 69580916 27588980361 4978814 0 1191381 0 0 0
1791410099 2895, 13801, 62, 0x0000000000000000 | 1.25 1.21 1.18 | cpu  317718299 2051251 69580932 27588983611 4978814 0 1191381 0 0 0
1791410100 2895, 13801, 62, 0x0000000000000000 | 1.23 1.20 1.18 | cpu  317718408 2051251 69580943 27588986868 4978814 0 1191381 0 0 0
1791410101 2902, 13801, 64, 0x0000000000000000 | 1.23 1.20 1.18 | cpu  317718520 2051251 69580970 27588990099 4978815 0 1191381 0 0 0
1791410102 2887, 13801, 65, 0x0000000000000000 | 1.23 1.20 1.18 | cpu  317718631 2051251 69580984 27588993344 4978815 0 1191381 0 0 0
1791410103 2902, 13801, 64, 0x0000000000000000 | 1.23 1.20 1.18 | cpu  317718736 2051251 69580999 27588996601 4978815 0 1191381 0 0 0
1791410104 2902, 13801, 64, 0x0000000000000000 | 1.23 1.20 1.18 | cpu  317718840 2051251 69581014 27588999859 4978815 0 1191381 0 0 0
1791410105 2902, 13801, 63, 0x0000000000000000 | 1.29 1.22 1.18 | cpu  317718945 2051251 69581028 27589003114 4978815 0 1191381 0 0 0
1791410106 2895, 13801, 64, 0x0000000000000000 | 1.29 1.22 1.18 | cpu  317719052 2051251 69581040 27589006370 4978815 0 1191381 0 0 0
1791410107 2895, 13801, 64, 0x0000000000000000 | 1.29 1.22 1.18 | cpu  317719158 2051251 69581055 27589009657 4978816 0 1191381 0 0 0
1791410108 2887, 13801, 62, 0x0000000000000000 | 1.29 1.22 1.18 | cpu  317719266 2051251 69581067 27589012929 4978816 0 1191381 0 0 0
1791410109 2902, 13801, 64, 0x0000000000000000 | 1.27 1.21 1.18 | cpu  317719372 2051251 69581077 27589016177 4978816 0 1191381 0 0 0
1791410110 2887, 13801, 62, 0x0000000000000000 | 1.27 1.21 1.18 | cpu  317719476 2051251 69581092 27589019439 4978817 0 1191381 0 0 0
1791410112 2902, 13801, 61, 0x0000000000000000 | 1.27 1.21 1.18 | cpu  317719584 2051251 69581104 27589022691 4978817 0 1191381 0 0 0
1791410113 2895, 13801, 62, 0x0000000000000000 | 1.27 1.21 1.18 | cpu  317719689 2051251 69581119 27589025949 4978817 0 1191381 0 0 0
1791410114 2887, 13801, 62, 0x0000000000000000 | 1.27 1.21 1.18 | cpu  317719796 2051251 69581131 27589029190 4978817 0 1191381 0 0 0
1791410115 2902, 13801, 62, 0x0000000000000000 | 1.25 1.21 1.18 | cpu  317719901 2051251 69581145 27589032443 4978817 0 1191381 0 0 0
1791410116 2902, 13801, 62, 0x0000000000000000 | 1.25 1.21 1.18 | cpu  317720010 2051251 69581156 27589035718 4978817 0 1191381 0 0 0
1791410117 2895, 13801, 64, 0x0000000000000000 | 1.25 1.21 1.18 | cpu  317720114 2051251 69581172 27589038969 4978817 0 1191381 0 0 0
1791410118 2887, 13801, 63, 0x0000000000000000 | 1.25 1.21 1.18 | cpu  317720222 2051251 69581183 27589042209 4978817 0 1191381 0 0 0
1791410119 2902, 13801, 63, 0x0000000000000000 | 1.25 1.21 1.18 | cpu  317720327 2051251 69581198 27589045458 4978817 0 1191381 0 0 0
1791410120 2895, 13801, 63, 0x0000000000000000 | 1.23 1.21 1.18 | cpu  317720435 2051251 69581211 27589048726 4978817 0 1191381 0 0 0
1791410121 2895, 13801, 61, 0x0000000000000000 | 1.23 1.21 1.18 | cpu  317720540 2051251 69581225 27589051984 4978817 0 1191381 0 0 0
1791410122 2895, 13801, 62, 0x0000000000000000 | 1.23 1.21 1.18 | cpu  317720645 2051251 69581242 27589055225 4978817 0 1191381 0 0 0
1791410123 2895, 13801, 63, 0x0000000000000000 | 1.23 1.21 1.18 | cpu  317720752 2051251 69581257 27589058496 4978817 0 1191381 0 0 0
1791410124 2902, 13801, 62, 0x0000000000000000 | 1.23 1.21 1.18 | cpu  317720859 2051251 69581309 27589061723 4978817 0 1191381 0 0 0
1791410125 2895, 13801, 60, 0x0000000000000000 | 1.29 1.22 1.19 | cpu  317720966 2051251 69581327 27589065022 4978817 0 1191381 0 0 0
1791410126 2895, 13801, 62, 0x0000000000000000 | 1.29 1.22 1.19 | cpu  317721073 2051251 69581339 27589068276 4978817 0 1191381 0 0 0
1791410127 2895, 13801, 65, 0x0000000000000000 | 1.29 1.22 1.19 | cpu  317721180 2051251 69581351 27589071532 4978817 0 1191381 0 0 0
1791410128 2895, 13801, 62, 0x0000000000000000 | 1.29 1.22 1.19 | cpu  317721284 2051251 69581366 27589074792 4978817 0 1191381 0 0 0
1791410129 2895, 13801, 63, 0x0000000000000000 | 1.35 1.23 1.19 | cpu  317721393 2051251 69581377 27589078035 4978817 0 1191381 0 0 0
1791410131 2902, 13801, 62, 0x0000000000000000 | 1.35 1.23 1.19 | cpu  317721497 2051251 69581392 27589081295 4978817 0 1191381 0 0 0
1791410132 2887, 13801, 62, 0x0000000000000000 | 1.35 1.23 1.19 | cpu  317721605 2051251 69581403 27589084561 4978818 0 1191381 0 0 0
1791410133 2902, 13801, 64, 0x0000000000000000 | 1.35 1.23 1.19 | cpu  317721708 2051251 69581417 27589087814 4978818 0 1191381 0 0 0
1791410134 2895, 13801, 63, 0x0000000000000000 | 1.35 1.23 1.19 | cpu  317721815 2051251 69581429 27589091066 4978818 0 1191381 0 0 0
1791410135 2895, 13801, 62, 0x0000000000000000 | 1.32 1.23 1.19 | cpu  317721919 2051251 69581445 27589094320 4978818 0 1191381 0 0 0
1791410136 2902, 13801, 63, 0x0000000000000000 | 1.32 1.23 1.19 | cpu  317722028 2051251 69581458 27589097587 4978818 0 1191381 0 0 0
1791410137 2902, 13801, 62, 0x0000000000000000 | 1.32 1.23 1.19 | cpu  317722132 2051251 69581472 27589100845 4978819 0 1191381 0 0 0
1791410138 2887, 13801, 62, 0x0000000000000000 | 1.32 1.23 1.19 | cpu  317722239 2051251 69581483 27589104097 4978819 0 1191381 0 0 0
1791410139 2887, 13801, 64, 0x0000000000000000 | 1.32 1.23 1.19 | cpu  317722347 2051251 69581495 27589107340 4978819 0 1191381 0 0 0
1791410140 2887, 13801, 64, 0x0000000000000000 | 1.29 1.22 1.19 | cpu  317722455 2051251 69581507 27589110605 4978820 0 1191381 0 0 0
1791410141 2895, 13801, 60, 0x0000000000000000 | 1.29 1.22 1.19 | cpu  317722559 2051251 69581521 27589113861 4978820 0 1191381 0 0 0
1791410142 2895, 13801, 64, 0x0000000000000000 | 1.29 1.22 1.19 | cpu  317722667 2051251 69581535 27589117099 4978820 0 1191381 0 0 0
1791410143 2902, 13801, 64, 0x0000000000000000 | 1.29 1.22 1.19 | cpu  317722772 2051251 69581550 27589120382 4978820 0 1191381 0 0 0
1791410144 2895, 13801, 63, 0x0000000000000000 | 1.29 1.22 1.19 | cpu  317722877 2051251 69581563 27589123626 4978820 0 1191381 0 0 0
1791410145 2895, 13801, 62, 0x0000000000000000 | 1.27 1.22 1.19 | cpu  317722986 2051251 69581578 27589126900 4978820 0 1191381 0 0 0
1791410146 2895, 13801, 64, 0x0000000000000000 | 1.27 1.22 1.19 | cpu  317723093 2051251 69581590 27589130152 4978820 0 1191381 0 0 0
1791410147 2902, 13801, 64, 0x0000000000000000 | 1.27 1.22 1.19 | cpu  317723202 2051251 69581604 27589133402 4978820 0 1191381 0 0 0
1791410148 2895, 13801, 63, 0x0000000000000000 | 1.27 1.22 1.19 | cpu  317723305 2051251 69581619 27589136667 4978821 0 1191381 0 0 0
1791410150 2902, 13801, 62, 0x0000000000000000 | 1.25 1.22 1.18 | cpu  317723413 2051251 69581631 27589139922 4978821 0 1191381 0 0 0
1791410151 2902, 13801, 64, 0x0000000000000000 | 1.25 1.22 1.18 | cpu  317723520 2051251 69581653 27589143163 4978821 0 1191381 0 0 0
1791410152 2895, 13801, 62, 0x0000000000000000 | 1.25 1.22 1.18 | cpu  317723628 2051251 69581665 27589146430 4978821 0 1191381 0 0 0
1791410153 2902, 13801, 63, 0x0000000000000000 | 1.25 1.22 1.18 | cpu  317723730 2051251 69581680 27589149684 4978821 0 1191381 0 0 0
1791410154 2895, 13801, 62, 0x0000000000000000 | 1.25 1.22 1.18 | cpu  317723836 2051251 69581692 27589152932 4978821 0 1191381 0 0 0
1791410155 2902, 13801, 63, 0x0000000000000000 | 1.23 1.21 1.18 | cpu  317723939 2051251 69581712 27589156229 4978821 0 1191381 0 0 0
1791410156 2895, 13801, 63, 0x0000000000000000 | 1.23 1.21 1.18 | cpu  317724047 2051251 69581722 27589159488 4978821 0 1191381 0 0 0
1791410157 2895, 13801, 61, 0x0000000000000000 | 1.23 1.21 1.18 | cpu  317724151 2051251 69581737 27589162745 4978821 0 1191381 0 0 0
1791410158 2895, 13801, 63, 0x0000000000000000 | 1.23 1.21 1.18 | cpu  317724259 2051251 69581748 27589166000 4978821 0 1191381 0 0 0
1791410159 2895, 13801, 64, 0x0000000000000000 | 1.23 1.21 1.18 | cpu  317724365 2051251 69581764 27589169249 4978821 0 1191381 0 0 0
1791410160 2895, 13801, 62, 0x0000000000000000 | 1.21 1.21 1.18 | cpu  317724472 2051251 69581773 27589172500 4978821 0 1191381 0 0 0
1791410161 2895, 13801, 64, 0x0000000000000000 | 1.21 1.21 1.18 | cpu  317724578 2051251 69581789 27589175752 4978821 0 1191381 0 0 0
1791410162 2895, 13801, 64, 0x0000000000000000 | 1.21 1.21 1.18 | cpu  317724685 2051251 69581801 27589178997 4978821 0 1191381 0 0 0
1791410163 2895, 13801, 64, 0x0000000000000000 | 1.21 1.21 1.18 | cpu  317724793 2051251 69581814 27589182292 4978821 0 1191381 0 0 0
1791410164 2895, 13801, 63, 0x0000000000000000 | 1.21 1.21 1.18 | cpu  317724899 2051251 69581825 27589185540 4978821 0 1191381 0 0 0
1791410165 2902, 13801, 62, 0x0000000000000000 | 1.27 1.22 1.19 | cpu  317725009 2051251 69581837 27589188791 4978822 0 1191381 0 0 0
1791410166 2895, 13801, 62, 0x0000000000000000 | 1.27 1.22 1.19 | cpu  317725113 2051251 69581852 27589192041 4978822 0 1191381 0 0 0
1791410167 2895, 13801, 62, 0x0000000000000000 | 1.27 1.22 1.19 | cpu  317725221 2051251 69581866 27589195309 4978822 0 1191381 0 0 0
1791410169 2895, 13801, 62, 0x0000000000000000 | 1.27 1.22 1.19 | cpu  317725325 2051251 69581878 27589198555 4978822 0 1191381 0 0 0
1791410170 2895, 13801, 62, 0x0000000000000000 | 1.25 1.22 1.18 | cpu  317725432 2051251 69581890 27589201808 4978822 0 1191381 0 0 0
1791410171 2902, 13801, 62, 0x0000000000000000 | 1.25 1.22 1.18 | cpu  317725537 2051251 69581908 27589205066 4978822 0 1191381 0 0 0
1791410172 2895, 13801, 63, 0x0000000000000000 | 1.25 1.22 1.18 | cpu  317725644 2051251 69581919 27589208322 4978822 0 1191381 0 0 0
1791410173 2895, 13801, 62, 0x0000000000000000 | 1.25 1.22 1.18 | cpu  317725747 2051251 69581935 27589211580 4978822 0 1191381 0 0 0
1791410174 2895, 13801, 62, 0x0000000000000000 | 1.25 1.22 1.18 | cpu  317725856 2051251 69581949 27589214830 4978822 0 1191381 0 0 0
1791410175 2902, 13801, 63, 0x0000000000000000 | 1.23 1.21 1.18 | cpu  317725961 2051251 69581968 27589218118 4978822 0 1191381 0 0 0
1791410176 2895, 13801, 63, 0x0000000000000000 | 1.23 1.21 1.18 | cpu  317726092 2051251 69581994 27589221319 4978823 0 1191382 0 0 0
1791410177 2895, 13801, 61, 0x0000000000000000 | 1.23 1.21 1.18 | cpu  317726199 2051251 69582010 27589224570 4978823 0 1191382 0 0 0
1791410178 2895, 13801, 62, 0x0000000000000000 | 1.23 1.21 1.18 | cpu  317726303 2051251 69582026 27589227841 4978823 0 1191382 0 0 0
1791410179 2902, 13801, 64, 0x0000000000000000 | 1.23 1.21 1.18 | cpu  317726408 2051251 69582043 27589231152 4978823 0 1191382 0 0 0
1791410180 2895, 13801, 62, 0x0000000000000000 | 1.21 1.21 1.18 | cpu  317726515 2051251 69582054 27589234407 4978824 0 1191382 0 0 0
1791410181 2895, 13801, 62, 0x0000000000000000 | 1.21 1.21 1.18 | cpu  317726622 2051251 69582067 27589237661 4978824 0 1191382 0 0 0
1791410182 2895, 13801, 64, 0x0000000000000000 | 1.21 1.21 1.18 | cpu  317726729 2051251 69582084 27589240919 4978825 0 1191382 0 0 0
1791410183 2902, 13801, 64, 0x0000000000000000 | 1.21 1.21 1.18 | cpu  317726836 2051251 69582097 27589244182 4978825 0 1191382 0 0 0
1791410184 2902, 13801, 62, 0x0000000000000000 | 1.19 1.21 1.18 | cpu  317726938 2051251 69582115 27589247441 4978825 0 1191382 0 0 0
1791410185 2887, 13801, 63, 0x0000000000000000 | 1.19 1.21 1.18 | cpu  317727045 2051251 69582128 27589250683 4978825 0 1191382 0 0 0
1791410187 2902, 13801, 63, 0x0000000000000000 | 1.19 1.21 1.18 | cpu  317727151 2051251 69582145 27589253945 4978825 0 1191382 0 0 0
1791410188 2895, 13801, 62, 0x0000000000000000 | 1.19 1.21 1.18 | cpu  317727261 2051251 69582191 27589257159 4978825 0 1191382 0 0 0
1791410189 2895, 13801, 63, 0x0000000000000000 | 1.19 1.21 1.18 | cpu  317727366 2051251 69582206 27589260422 4978825 0 1191382 0 0 0
1791410190 2895, 13801, 64, 0x0000000000000000 | 1.18 1.20 1.18 | cpu  317727473 2051251 69582217 27589263677 4978825 0 1191382 0 0 0
1791410191 2902, 13801, 63, 0x0000000000000000 | 1.18 1.20 1.18 | cpu  317727578 2051251 69582230 27589266930 4978825 0 1191382 0 0 0
1791410192 2895, 13801, 62, 0x0000000000000000 | 1.18 1.20 1.18 | cpu  317727688 2051251 69582244 27589270171 4978825 0 1191382 0 0 0
1791410193 2895, 13801, 64, 0x0000000000000000 | 1.18 1.20 1.18 | cpu  317727810 2051251 69582289 27589273365 4978825 0 1191382 0 0 0
1791410194 2895, 13801, 62, 0x0000000000000000 | 1.18 1.20 1.18 | cpu  317727915 2051251 69582305 27589276631 4978825 0 1191382 0 0 0
1791410195 2902, 13801, 63, 0x0000000000000000 | 1.24 1.22 1.18 | cpu  317728020 2051251 69582318 27589279893 4978825 0 1191382 0 0 0
1791410196 2895, 13801, 62, 0x0000000000000000 | 1.24 1.22 1.18 | cpu  317728127 2051251 69582330 27589283150 4978825 0 1191382 0 0 0
1791410197 2902, 13801, 64, 0x0000000000000000 | 1.24 1.22 1.18 | cpu  317728232 2051251 69582346 27589286418 4978825 0 1191382 0 0 0
1791410198 2895, 13801, 62, 0x0000000000000000 | 1.24 1.22 1.18 | cpu  317728339 2051251 69582357 27589289682 4978826 0 1191382 0 0 0
1791410199 2902, 13801, 61, 0x0000000000000000 | 1.24 1.22 1.18 | cpu  317728446 2051251 69582368 27589292943 4978826 0 1191382 0 0 0
1791410200 2895, 13801, 64, 0x0000000000000000 | 1.22 1.21 1.18 | cpu  317728551 2051251 69582383 27589296190 4978826 0 1191382 0 0 0
1791410201 2902, 13801, 63, 0x0000000000000000 | 1.22 1.21 1.18 | cpu  317728658 2051251 69582394 27589299451 4978826 0 1191382 0 0 0
1791410202 2895, 13801, 63, 0x0000000000000000 | 1.22 1.21 1.18 | cpu  317728762 2051251 69582407 27589302705 4978826 0 1191382 0 0 0
1791410203 2902, 13801, 61, 0x0000000000000000 | 1.22 1.21 1.18 | cpu  317728869 2051251 69582420 27589305950 4978826 0 1191382 0 0 0
1791410204 2895, 13801, 62, 0x0000000000000000 | 1.21 1.21 1.18 | cpu  317728977 2051251 69582438 27589309201 4978826 0 1191382 0 0 0
1791410206 2895, 13801, 61, 0x0000000000000000 | 1.21 1.21 1.18 | cpu  317729085 2051251 69582449 27589312466 4978827 0 1191382 0 0 0
1791410207 2902, 13801, 64, 0x0000000000000000 | 1.21 1.21 1.18 | cpu  317729187 2051251 69582468 27589315724 4978827 0 1191382 0 0 0
1791410208 2887, 13801, 62, 0x0000000000000000 | 1.21 1.21 1.18 | cpu  317729297 2051251 69582483 27589318978 4978827 0 1191382 0 0 0
1791410209 2902, 13801, 62, 0x0000000000000000 | 1.21 1.21 1.18 | cpu  317729415 2051251 69582528 27589322195 4978827 0 1191382 0 0 0
1791410210 2887, 13801, 62, 0x0000000000000000 | 1.35 1.24 1.19 | cpu  317729522 2051251 69582538 27589325449 4978827 0 1191382 0 0 0
1791410211 2902, 13801, 63, 0x0000000000000000 | 1.35 1.24 1.19 | cpu  317729626 2051251 69582554 27589328704 4978827 0 1191382 0 0 0
1791410212 2895, 13801, 63, 0x0000000000000000 | 1.35 1.24 1.19 | cpu  317729732 2051251 69582571 27589331951 4978829 0 1191382 0 0 0
1791410213 2895, 13801, 62, 0x0000000000000000 | 1.35 1.24 1.19 | cpu  317729838 2051251 69582586 27589335209 4978830 0 1191382 0 0 0
1791410214 2895, 13801, 62, 0x0000000000000000 | 1.35 1.24 1.19 | cpu  317729947 2051251 69582597 27589338463 4978830 0 1191382 0 0 0
1791410215 2902, 13801, 62, 0x0000000000000000 | 1.32 1.23 1.19 | cpu  317730053 2051251 69582610 27589341726 4978830 0 1191382 0 0 0
1791410216 2902, 13801, 62, 0x0000000000000000 | 1.32 1.23 1.19 | cpu  317730163 2051251 69582625 27589345012 4978830 0 1191382 0 0 0
1791410217 2902, 13801, 61, 0x0000000000000000 | 1.32 1.23 1.19 | cpu  317730273 2051251 69582639 27589348271 4978830 0 1191382 0 0 0
1791410218 2902, 13801, 64, 0x0000000000000000 | 1.32 1.23 1.19 | cpu  317730377 2051251 69582654 27589351516 4978830 0 1191382 0 0 0
1791410219 2902, 13801, 62, 0x0000000000000000 | 1.32 1.23 1.19 | cpu  317730483 2051251 69582666 27589354767 4978830 0 1191382 0 0 0
1791410220 2895, 13801, 64, 0x0000000000000000 | 1.30 1.23 1.19 | cpu  317730586 2051251 69582683 27589358027 4978831 0 1191382 0 0 0
1791410221 2902, 13801, 62, 0x0000000000000000 | 1.30 1.23 1.19 | cpu  317730693 2051251 69582694 27589361281 4978831 0 1191382 0 0 0
1791410222 2895, 13801, 63, 0x0000000000000000 | 1.30 1.23 1.19 | cpu  317730797 2051251 69582707 27589364539 4978831 0 1191382 0 0 0
1791410223 2895, 13801, 61, 0x0000000000000000 | 1.30 1.23 1.19 | cpu  317730909 2051251 69582720 27589367782 4978831 0 1191382 0 0 0
1791410225 2902, 13801, 62, 0x0000000000000000 | 1.27 1.23 1.19 | cpu  317731020 2051251 69582746 27589371005 4978832 0 1191383 0 0 0
1791410226 2895, 13801, 62, 0x0000000000000000 | 1.27 1.23 1.19 | cpu  317731135 2051251 69582776 27589374225 4978832 0 1191383 0 0 0
1791410227 2902, 13801, 59, 0x0000000000000000 | 1.27 1.23 1.19 | cpu  317731240 2051251 69582789 27589377477 4978832 0 1191383 0 0 0
1791410228 2895, 13801, 62, 0x0000000000000000 | 1.27 1.23 1.19 | cpu  317731351 2051251 69582814 27589380727 4978833 0 1191383 0 0 0
1791410229 2902, 13801, 62, 0x0000000000000000 | 1.27 1.23 1.19 | cpu  317731455 2051251 69582827 27589383986 4978833 0 1191383 0 0 0
1791410230 2895, 13801, 63, 0x0000000000000000 | 1.25 1.22 1.19 | cpu  317731562 2051251 69582839 27589387234 4978833 0 1191383 0 0 0
1791410231 2895, 13801, 60, 0x0000000000000000 | 1.25 1.22 1.19 | cpu  317731666 2051251 69582853 27589390495 4978833 0 1191383 0 0 0
1791410232 2895, 13801, 63, 0x0000000000000000 | 1.25 1.22 1.19 | cpu  317731774 2051251 69582864 27589393767 4978833 0 1191383 0 0 0
1791410233 2902, 13801, 64, 0x0000000000000000 | 1.25 1.22 1.19 | cpu  317731878 2051251 69582877 27589397030 4978833 0 1191383 0 0 0
1791410234 2887, 13801, 62, 0x0000000000000000 | 1.25 1.22 1.19 | cpu  317731985 2051251 69582888 27589400287 4978833 0 1191383 0 0 0
1791410235 2902, 13801, 62, 0x0000000000000000 | 1.23 1.22 1.18 | cpu  317732091 2051251 69582904 27589403584 4978833 0 1191383 0 0 0
1791410236 2895, 13801, 62, 0x0000000000000000 | 1.23 1.22 1.18 | cpu  317732197 2051251 69582916 27589406842 4978833 0 1191383 0 0 0
1791410237 2895, 13801, 61, 0x0000000000000000 | 1.23 1.22 1.18 | cpu  317732304 2051251 69582927 27589410104 4978833 0 1191383 0 0 0
1791410238 2895, 13801, 63, 0x0000000000000000 | 1.23 1.22 1.18 | cpu  317732408 2051251 69582940 27589413354 4978834 0 1191383 0 0 0
1791410239 2902, 13801, 64, 0x0000000000000000 | 1.23 1.22 1.18 | cpu  317732517 2051251 69582953 27589416595 4978834 0 1191383 0 0 0
1791410240 2895, 13801, 64, 0x0000000000000000 | 1.21 1.21 1.18 | cpu  317732626 2051251 69582970 27589419852 4978834 0 1191383 0 0 0
1791410241 2895, 13801, 61, 0x0000000000000000 | 1.21 1.21 1.18 | cpu  317732747 2051251 69583009 27589423064 4978834 0 1191383 0 0 0
1791410242 2895, 13801, 64, 0x0000000000000000 | 1.21 1.21 1.18 | cpu  317732853 2051251 69583023 27589426311 4978834 0 1191383 0 0 0
1791410244 2895, 13801, 61, 0x0000000000000000 | 1.21 1.21 1.18 | cpu  317732960 2051251 69583034 27589429569 4978834 0 1191383 0 0 0
1791410245 2902, 13801, 63, 0x0000000000000000 | 1.19 1.21 1.18 | cpu  317733065 2051251 69583054 27589432832 4978834 0 1191383 0 0 0
1791410246 2887, 13801, 62, 0x0000000000000000 | 1.19 1.21 1.18 | cpu  317733172 2051251 69583064 27589436096 4978834 0 1191383 0 0 0
1791410247 2895, 13801, 62, 0x0000000000000000 | 1.19 1.21 1.18 | cpu  317733278 2051251 69583078 27589439352 4978834 0 1191383 0 0 0
1791410248 2895, 13801, 61, 0x0000000000000000 | 1.19 1.21 1.18 | cpu  317733386 2051251 69583090 27589442603 4978834 0 1191383 0 0 0
1791410249 2887, 13801, 63, 0x0000000000000000 | 1.19 1.21 1.18 | cpu  317733495 2051251 69583102 27589445860 4978834 0 1191383 0 0 0
1791410250 2895, 13801, 63, 0x0000000000000000 | 1.18 1.21 1.18 | cpu  317733604 2051251 69583121 27589449103 4978834 0 1191383 0 0 0
1791410251 2895, 13801, 58, 0x0000000000000000 | 1.18 1.21 1.18 | cpu  317733713 2051251 69583167 27589452326 4978836 0 1191383 0 0 0
1791410252 2887, 13801, 64, 0x0000000000000000 | 1.18 1.21 1.18 | cpu  317733820 2051251 69583180 27589455590 4978836 0 1191383 0 0 0
1791410253 2902, 13801, 63, 0x0000000000000000 | 1.18 1.21 1.18 | cpu  317733925 2051251 69583194 27589458845 4978836 0 1191383 0 0 0
1791410254 2895, 13801, 64, 0x0000000000000000 | 1.18 1.21 1.18 | cpu  317734031 2051251 69583206 27589462101 4978836 0 1191383 0 0 0
1791410255 2902, 13801, 61, 0x0000000000000000 | 1.16 1.20 1.18 | cpu  317734136 2051251 69583220 27589465375 4978836 0 1191383 0 0 0
1791410256 2902, 13801, 62, 0x0000000000000000 | 1.16 1.20 1.18 | cpu  317734243 2051251 69583232 27589468628 4978836 0 1191383 0 0 0
1791410257 2902, 13801, 62, 0x0000000000000000 | 1.16 1.20 1.18 | cpu  317734350 2051251 69583243 27589471888 4978836 0 1191383 0 0 0
1791410258 2895, 13801, 63, 0x0000000000000000 | 1.16 1.20 1.18 | cpu  317734455 2051251 69583256 27589475151 4978836 0 1191383 0 0 0
1791410259 2902, 13801, 64, 0x0000000000000000 | 1.15 1.20 1.18 | cpu  317734563 2051251 69583267 27589478402 4978836 0 1191383 0 0 0
1791410260 2895, 13801, 63, 0x0000000000000000 | 1.15 1.20 1.18 | cpu  317734668 2051251 69583282 27589481668 4978836 0 1191383 0 0 0
1791410262 2902, 13801, 62, 0x0000000000000000 | 1.15 1.20 1.18 | cpu  317734777 2051251 69583295 27589484909 4978837 0 1191383 0 0 0
1791410263 2902, 13801, 62, 0x0000000000000000 | 1.15 1.20 1.18 | cpu  317734881 2051251 69583311 27589488167 4978837 0 1191383 0 0 0
1791410264 2887, 13801, 62, 0x0000000000000000 | 1.15 1.20 1.18 | cpu  317734989 2051251 69583322 27589491419 4978837 0 1191383 0 0 0
1791410265 2902, 13801, 61, 0x0000000000000000 | 1.14 1.20 1.18 | cpu  317735093 2051251 69583337 27589494678 4978837 0 1191383 0 0 0
1791410266 2895, 13801, 62, 0x0000000000000000 | 1.14 1.20 1.18 | cpu  317735200 2051251 69583347 27589497931 4978837 0 1191383 0 0 0
1791410267 2902, 13801, 65, 0x0000000000000000 | 1.14 1.20 1.18 | cpu  317735305 2051251 69583363 27589501189 4978837 0 1191383 0 0 0
1791410268 2895, 13801, 62, 0x0000000000000000 | 1.14 1.20 1.18 | cpu  317735414 2051251 69583376 27589504445 4978837 0 1191383 0 0 0
1791410269 2902, 13801, 63, 0x0000000000000000 | 1.14 1.20 1.18 | cpu  317735519 2051251 69583388 27589507704 4978837 0 1191383 0 0 0
1791410270 2895, 13801, 62, 0x0000000000000000 | 1.13 1.19 1.18 | cpu  317735626 2051251 69583399 27589510954 4978837 0 1191383 0 0 0
1791410271 2895, 13801, 59, 0x0000000000000000 | 1.13 1.19 1.18 | cpu  317735731 2051251 69583417 27589514208 4978838 0 1191383 0 0 0
1791410272 2895, 13801, 64, 0x0000000000000000 | 1.13 1.19 1.18 | cpu  317735838 2051251 69583429 27589517467 4978838 0 1191383 0 0 0
1791410273 2902, 13801, 62, 0x0000000000000000 | 1.13 1.19 1.18 | cpu  317735944 2051251 69583443 27589520713 4978838 0 1191383 0 0 0
1791410274 2887, 13801, 62, 0x0000000000000000 | 1.13 1.19 1.18 | cpu  317736051 2051251 69583454 27589523967 4978838 0 1191383 0 0 0
1791410275 2902, 13801, 62, 0x0000000000000000 | 1.12 1.19 1.18 | cpu  317736157 2051251 69583471 27589527233 4978838 0 1191383 0 0 0
1791410276 2887, 13801, 64, 0x0000000000000000 | 1.12 1.19 1.18 | cpu  317736264 2051251 69583482 27589530497 4978838 0 1191383 0 0 0
1791410277 2895, 13801, 64, 0x0000000000000000 | 1.12 1.19 1.18 | cpu  317736370 2051251 69583497 27589533795 4978838 0 1191383 0 0 0
1791410278 2887, 13801, 64, 0x0000000000000000 | 1.12 1.19 1.18 | cpu  317736477 2051251 69583508 27589537053 4978838 0 1191383 0 0 0
1791410279 2902, 13801, 61, 0x0000000000000000 | 1.11 1.19 1.17 | cpu  317736584 2051251 69583520 27589540313 4978838 0 1191383 0 0 0
1791410281 2902, 13801, 64, 0x0000000000000000 | 1.11 1.19 1.17 | cpu  317736686 2051251 69583537 27589543569 4978838 0 1191383 0 0 0
1791410282 2895, 13801, 62, 0x0000000000000000 | 1.11 1.19 1.17 | cpu  317736793 2051251 69583549 27589546824 4978838 0 1191383 0 0 0
1791410283 2902, 13801, 63, 0x0000000000000000 | 1.11 1.19 1.17 | cpu  317736898 2051251 69583563 27589550079 4978838 0 1191383 0 0 0
1791410284 2895, 13801, 62, 0x0000000000000000 | 1.11 1.19 1.17 | cpu  317737005 2051251 69583575 27589553338 4978838 0 1191383 0 0 0
1791410285 2887, 13801, 62, 0x0000000000000000 | 1.10 1.18 1.17 | cpu  317737112 2051251 69583591 27589556594 4978838 0 1191383 0 0 0
1791410286 2902, 13801, 62, 0x0000000000000000 | 1.10 1.18 1.17 | cpu  317737219 2051251 69583603 27589559848 4978838 0 1191383 0 0 0
1791410287 2902, 13801, 63, 0x0000000000000000 | 1.10 1.18 1.17 | cpu  317737323 2051251 69583618 27589563101 4978839 0 1191383 0 0 0
1791410288 2895, 13801, 61, 0x0000000000000000 | 1.10 1.18 1.17 | cpu  317737431 2051251 69583631 27589566363 4978839 0 1191383 0 0 0
1791410289 2895, 13801, 62, 0x0000000000000000 | 1.10 1.18 1.17 | cpu  317737535 2051251 69583644 27589569619 4978839 0 1191383 0 0 0
1791410290 2895, 13801, 63, 0x0000000000000000 | 1.09 1.18 1.17 | cpu  317737641 2051251 69583655 27589572873 4978839 0 1191383 0 0 0
1791410291 2895, 13801, 63, 0x0000000000000000 | 1.09 1.18 1.17 | cpu  317737746 2051251 69583670 27589576120 4978839 0 1191383 0 0 0
1791410292 2895, 13801, 63, 0x0000000000000000 | 1.09 1.18 1.17 | cpu  317737855 2051251 69583683 27589579399 4978839 0 1191383 0 0 0
1791410293 2902, 13801, 63, 0x0000000000000000 | 1.09 1.18 1.17 | cpu  317737959 2051251 69583697 27589582653 4978839 0 1191383 0 0 0
1791410294 2895, 13801, 62, 0x0000000000000000 | 1.09 1.18 1.17 | cpu  317738066 2051251 69583711 27589585903 4978840 0 1191383 0 0 0
1791410295 2895, 13801, 59, 0x0000000000000000 | 1.16 1.19 1.18 | cpu  317738172 2051251 69583724 27589589165 4978840 0 1191383 0 0 0
1791410296 2895, 13801, 63, 0x0000000000000000 | 1.16 1.19 1.18 | cpu  317738282 2051251 69583737 27589592417 4978840 0 1191383 0 0 0
1791410297 2895, 13801, 63, 0x0000000000000000 | 1.16 1.19 1.18 | cpu  317738388 2051251 69583748 27589595676 4978840 0 1191383 0 0 0
1791410298 2895, 13801, 62, 0x0000000000000000 | 1.16 1.19 1.18 | cpu  317738493 2051251 69583762 27589598929 4978840 0 1191383 0 0 0
1791410300 2902, 13801, 62, 0x0000000000000000 | 1.15 1.19 1.18 | cpu  317738601 2051251 69583776 27589602211 4978840 0 1191383 0 0 0
1791410301 2895, 13801, 63, 0x0000000000000000 | 1.15 1.19 1.18 | cpu  317738705 2051251 69583788 27589605465 4978840 0 1191383 0 0 0
1791410302 2895, 13801, 62, 0x0000000000000000 | 1.15 1.19 1.18 | cpu  317738812 2051251 69583801 27589608719 4978840 0 1191383 0 0 0
1791410303 2902, 13801, 64, 0x0000000000000000 | 1.15 1.19 1.18 | cpu  317738917 2051251 69583816 27589611988 4978841 0 1191383 0 0 0
1791410304 2895, 13801, 62, 0x0000000000000000 | 1.15 1.19 1.18 | cpu  317739027 2051251 69583831 27589615248 4978841 0 1191383 0 0 0
1791410305 2895, 13801, 63, 0x0000000000000000 | 1.14 1.19 1.18 | cpu  317739145 2051251 69583866 27589618466 4978841 0 1191383 0 0 0
1791410306 2902, 13801, 61, 0x0000000000000000 | 1.14 1.19 1.18 | cpu  317739259 2051251 69583893 27589621695 4978841 0 1191383 0 0 0
1791410307 2910, 13801, 62, 0x0000000000000000 | 1.14 1.19 1.18 | cpu  317739359 2051251 69583916 27589624992 4978841 0 1191383 0 0 0
1791410308 2895, 13801, 64, 0x0000000000000000 | 1.14 1.19 1.18 | cpu  317739468 2051251 69583929 27589628259 4978841 0 1191383 0 0 0
1791410309 2902, 13801, 60, 0x0000000000000000 | 1.14 1.19 1.18 | cpu  317739572 2051251 69583942 27589631513 4978841 0 1191383 0 0 0
1791410310 2895, 13801, 64, 0x0000000000000000 | 1.13 1.18 1.17 | cpu  317739679 2051251 69583954 27589634766 4978841 0 1191383 0 0 0
1791410311 2902, 13801, 63, 0x0000000000000000 | 1.13 1.18 1.17 | cpu  317739787 2051251 69583971 27589638020 4978842 0 1191383 0 0 0
1791410312 2895, 13801, 62, 0x0000000000000000 | 1.13 1.18 1.17 | cpu  317739895 2051251 69583983 27589641278 4978842 0 1191383 0 0 0
1791410313 2895, 13801, 62, 0x0000000000000000 | 1.13 1.18 1.17 | cpu  317740002 2051251 69584013 27589644518 4978842 0 1191383 0 0 0
1791410314 2895, 13801, 62, 0x0000000000000000 | 1.13 1.18 1.17 | cpu  317740111 2051251 69584047 27589647749 4978842 0 1191383 0 0 0
1791410315 2902, 13801, 62, 0x0000000000000000 | 1.12 1.18 1.17 | cpu  317740219 2051251 69584060 27589651012 4978842 0 1191383 0 0 0
1791410316 2902, 13801, 62, 0x0000000000000000 | 1.12 1.18 1.17 | cpu  317740326 2051251 69584071 27589654264 4978842 0 1191383 0 0 0
1791410318 2902, 13801, 62, 0x0000000000000000 | 1.12 1.18 1.17 | cpu  317740435 2051251 69584083 27589657506 4978843 0 1191383 0 0 0
1791410319 2902, 13801, 62, 0x0000000000000000 | 1.12 1.18 1.17 | cpu  317740541 2051251 69584094 27589660754 4978843 0 1191383 0 0 0
1791410320 2902, 13801, 62, 0x0000000000000000 | 1.11 1.18 1.17 | cpu  317740650 2051251 69584108 27589664003 4978843 0 1191383 0 0 0
1791410321 2925, 13801, 52, 0x0000000000000000 | 1.11 1.18 1.17 | cpu  317740735 2051251 69584113 27589667264 4978843 0 1191383 0 0 0
1791410322 2932, 13801, 51, 0x0000000000000000 | 1.11 1.18 1.17 | cpu  317740841 2051251 69584117 27589670510 4978843 0 1191383 0 0 0
1791410323 2572, 13801, 50, 0x0000000000000000 | 1.11 1.18 1.17 | cpu  317740947 2051251 69584121 27589673761 4978843 0 1191383 0 0 0
1791410324 2572, 13801, 49, 0x0000000000000000 | 1.11 1.18 1.17 | cpu  317741052 2051251 69584124 27589677013 4978843 0 1191383 0 0 0
1791410325 2572, 13801, 49, 0x0000000000000000 | 1.10 1.17 1.17 | cpu  317741158 2051251 69584128 27589680271 4978843 0 1191383 0 0 0
1791410326 2572, 13801, 48, 0x0000000000000000 | 1.10 1.17 1.17 | cpu  317741264 2051251 69584131 27589683517 4978844 0 1191383 0 0 0
1791410327 2572, 13801, 48, 0x0000000000000000 | 1.10 1.17 1.17 | cpu  317741370 2051251 69584135 27589686778 4978844 0 1191383 0 0 0
1791410328 2572, 13801, 47, 0x0000000000000000 | 1.10 1.17 1.17 | cpu  317741418 2051251 69584197 27589690035 4978844 0 1191383 0 0 0
1791410329 2572, 13801, 47, 0x0000000000000000 | 1.10 1.17 1.17 | cpu  317741501 2051251 69584223 27589693286 4978844 0 1191383 0 0 0
1791410330 2572, 13801, 47, 0x0000000000000000 | 1.09 1.17 1.17 | cpu  317741607 2051251 69584227 27589696532 4978845 0 1191383 0 0 0
1791410331 2572, 13801, 47, 0x0000000000000000 | 1.09 1.17 1.17 | cpu  317741714 2051251 69584233 27589699777 4978845 0 1191383 0 0 0
1791410332 2572, 13801, 47, 0x0000000000000000 | 1.09 1.17 1.17 | cpu  317741819 2051251 69584236 27589703019 4978845 0 1191383 0 0 0
1791410333 2572, 13801, 46, 0x0000000000000000 | 1.09 1.17 1.17 | cpu  317741925 2051251 69584240 27589706266 4978845 0 1191383 0 0 0
1791410334 2572, 13801, 46, 0x0000000000000000 | 1.09 1.17 1.17 | cpu  317742031 2051251 69584243 27589709519 4978846 0 1191383 0 0 0
1791410335 2572, 13801, 46, 0x0000000000000000 | 1.08 1.17 1.17 | cpu  317742136 2051251 69584247 27589712764 4978847 0 1191383 0 0 0
1791410336 2572, 13801, 46, 0x0000000000000000 | 1.08 1.17 1.17 | cpu  317742246 2051251 69584252 27589716002 4978847 0 1191383 0 0 0
1791410337 2572, 13801, 46, 0x0000000000000000 | 1.08 1.17 1.17 | cpu  317742364 2051251 69584286 27589719195 4978847 0 1191385 0 0 0
1791410339 2572, 13801, 46, 0x0000000000000000 | 1.08 1.17 1.17 | cpu  317742466 2051251 69584295 27589722442 4978847 0 1191385 0 0 0
1791410340 2572, 13801, 46, 0x0000000000000000 | 1.08 1.16 1.17 | cpu  317742568 2051251 69584303 27589725691 4978847 0 1191385 0 0 0
1791410341 2572, 13801, 46, 0x0000000000000000 | 1.08 1.16 1.17 | cpu  317742665 2051251 69584315 27589728943 4978847 0 1191385 0 0 0
