1791496572 195, 405, 47, 0x0000000000000000 | 0.36 0.64 0.85 | cpu  189612716 44099 58690385 6903703481 1581439 0 1432362 0 0 0
1791496573 195, 405, 47, 0x0000000000000000 | 0.36 0.64 0.85 | cpu  189612896 44099 58690412 6903706720 1581440 0 1432362 0 0 0
1791496574 195, 405, 47, 0x0000000000000000 | 0.36 0.64 0.85 | cpu  189612927 44099 58690430 6903710191 1581440 0 1432362 0 0 0
1791496576 195, 405, 47, 0x0000000000000000 | 0.36 0.64 0.85 | cpu  189612928 44099 58690448 6903713698 1581441 0 1432362 0 0 0
1791496577 195, 14001, 48, 0x0000000000000000 | 1.61 0.90 0.93 | cpu  189613112 44099 58690464 6903716922 1581441 0 1432362 0 0 0
1791496578 2587, 13801, 49, 0x0000000000000000 | 1.61 0.90 0.93 | cpu  189613248 44099 58690490 6903720166 1581442 0 1432362 0 0 0
1791496579 2565, 13801, 49, 0x0000000000000000 | 1.61 0.90 0.93 | cpu  189613400 44099 58690504 6903723426 1581442 0 1432362 0 0 0
1791496580 2565, 13801, 50, 0x0000000000000000 | 1.61 0.90 0.93 | cpu  189613558 44099 58690520 6903726677 1581442 0 1432362 0 0 0
1791496581 2587, 13801, 49, 0x0000000000000000 | 1.61 0.90 0.93 | cpu  189613711 44099 58690537 6903729919 1581456 0 1432362 0 0 0
1791496582 2587, 13801, 49, 0x0000000000000000 | 1.56 0.90 0.93 | cpu  189613875 44099 58690550 6903733163 1581456 0 1432362 0 0 0
1791496583 2572, 13801, 50, 0x0000000000000000 | 1.56 0.90 0.93 | cpu  189614017 44099 58690577 6903736412 1581456 0 1432362 0 0 0
1791496584 2565, 13801, 50, 0x0000000000000000 | 1.56 0.90 0.93 | cpu  189614175 44099 58690592 6903739662 1581458 0 1432362 0 0 0
1791496585 2565, 13801, 50, 0x0000000000000000 | 1.56 0.90 0.93 | cpu  189614325 44099 58690612 6903742909 1581458 0 1432362 0 0 0
1791496586 2542, 13801, 49, 0x0000000000000000 | 1.52 0.90 0.93 | cpu  189614362 44099 58690684 6903746215 1581458 0 1432362 0 0 0
1791496587 2580, 13801, 50, 0x0000000000000000 | 1.52 0.90 0.93 | cpu  189614444 44099 58690711 6903749513 1581458 0 1432362 0 0 0
1791496588 2580, 13801, 50, 0x0000000000000000 | 1.52 0.90 0.93 | cpu  189614526 44099 58690738 6903752829 1581460 0 1432362 0 0 0
1791496590 2542, 13801, 50, 0x0000000000000000 | 1.52 0.90 0.93 | cpu  189614831 44099 58690742 6903755947 1581461 0 1432362 0 0 0
1791496591 2542, 13801, 50, 0x0000000000000000 | 1.52 0.90 0.93 | cpu  189615878 44099 58690748 6903758296 1581461 0 1432362 0 0 0
1791496592 2542, 13801, 50, 0x0000000000000000 | 1.48 0.90 0.93 | cpu  189615953 44099 58690782 6903761614 1581461 0 1432362 0 0 0
1791496593 2542, 13801, 50, 0x0000000000000000 | 1.48 0.90 0.93 | cpu  189616022 44099 58690822 6903764911 1581461 0 1432362 0 0 0
1791496594 2542, 13801, 50, 0x0000000000000000 | 1.48 0.90 0.93 | cpu  189616090 44099 58690863 6903768230 1581461 0 1432362 0 0 0
1791496595 2542, 13801, 50, 0x0000000000000000 | 1.48 0.90 0.93 | cpu  189616160 44099 58690902 6903771540 1581461 0 1432362 0 0 0
1791496596 2542, 13801, 50, 0x0000000000000000 | 1.48 0.90 0.93 | cpu  189616230 44099 58690943 6903774842 1581462 0 1432362 0 0 0
1791496597 2542, 13801, 50, 0x0000000000000000 | 1.44 0.91 0.93 | cpu  189616301 44099 58690980 6903778163 1581462 0 1432362 0 0 0
1791496598 2542, 13801, 50, 0x0000000000000000 | 1.44 0.91 0.93 | cpu  189616368 44099 58691022 6903781459 1581462 0 1432362 0 0 0
1791496599 2542, 13801, 50, 0x0000000000000000 | 1.44 0.91 0.93 | cpu  189616442 44099 58691060 6903784762 1581463 0 1432362 0 0 0
1791496600 2542, 13801, 50, 0x0000000000000000 | 1.44 0.91 0.93 | cpu  189616513 44099 58691125 6903788044 1581465 0 1432362 0 0 0
1791496601 2542, 13801, 50, 0x0000000000000000 | 1.40 0.91 0.93 | cpu  189616582 44099 58691172 6903791340 1581465 0 1432362 0 0 0
1791496602 2542, 13801, 50, 0x0000000000000000 | 1.40 0.91 0.93 | cpu  189616670 44099 58691206 6903794711 1581465 0 1432362 0 0 0
1791496603 2542, 13801, 50, 0x0000000000000000 | 1.40 0.91 0.93 | cpu  189616743 44099 58691243 6903798029 1581465 0 1432362 0 0 0
1791496604 2542, 13801, 50, 0x0000000000000000 | 1.40 0.91 0.93 | cpu  189616818 44099 58691326 6903801338 1581466 0 1432362 0 0 0
1791496606 2542, 13801, 50, 0x0000000000000000 | 1.40 0.91 0.93 | cpu  189616892 44099 58691363 6903804630 1581467 0 1432362 0 0 0
1791496607 2542, 13801, 50, 0x0000000000000000 | 1.37 0.91 0.93 | cpu  189616962 44099 58691401 6903807927 1581467 0 1432362 0 0 0
1791496608 2542, 13801, 50, 0x0000000000000000 | 1.37 0.91 0.93 | cpu  189617029 44099 58691442 6903811234 1581467 0 1432362 0 0 0
1791496609 2542, 13801, 50, 0x0000000000000000 | 1.37 0.91 0.93 | cpu  189617099 44099 58691481 6903814542 1581467 0 1432362 0 0 0
1791496610 2542, 13801, 51, 0x0000000000000000 | 1.37 0.91 0.93 | cpu  189617164 44099 58691526 6903817835 1581467 0 1432363 0 0 0
1791496611 2542, 13801, 51, 0x0000000000000000 | 1.37 0.91 0.93 | cpu  189617232 44099 58691570 6903821229 1581467 0 1432363 0 0 0
1791496612 2542, 13801, 51, 0x0000000000000000 | 1.34 0.91 0.93 | cpu  189617299 44099 58691611 6903824524 1581468 0 1432363 0 0 0
1791496613 2557, 13801, 51, 0x0000000000000000 | 1.34 0.91 0.93 | cpu  189617390 44099 58691631 6903827840 1581468 0 1432366 0 0 0
1791496614 2550, 13801, 51, 0x0000000000000000 | 1.34 0.91 0.93 | cpu  189617492 44099 58691637 6903831148 1581468 0 1432368 0 0 0
1791496615 2550, 13801, 51, 0x0000000000000000 | 1.34 0.91 0.93 | cpu  189617600 44099 58691640 6903834468 1581468 0 1432369 0 0 0
1791496616 2550, 13801, 53, 0x0000000000000000 | 1.39 0.93 0.94 | cpu  189617712 44099 58691672 6903837818 1581469 0 1432379 0 0 0
1791496617 2550, 13801, 51, 0x0000000000000000 | 1.39 0.93 0.94 | cpu  189617815 44099 58691677 6903841121 1581469 0 1432384 0 0 0
1791496618 2632, 13801, 59, 0x0000000000000004 | 1.39 0.93 0.94 | cpu  189617920 44099 58691679 6903844415 1581470 0 1432387 0 0 0
1791496619 2872, 13801, 52, 0x0000000000000000 | 1.39 0.93 0.94 | cpu  189618020 44099 58691692 6903847732 1581470 0 1432387 0 0 0
1791496621 2715, 13801, 61, 0x0000000000000004 | 1.39 0.93 0.94 | cpu  189618126 44099 58691700 6903851038 1581471 0 1432388 0 0 0
1791496622 2835, 13801, 54, 0x0000000000000000 | 1.36 0.93 0.94 | cpu  189618233 44099 58691708 6903854361 1581471 0 1432399 0 0 0
1791496623 2865, 13801, 53, 0x0000000000000000 | 1.36 0.93 0.94 | cpu  189618338 44099 58691713 6903857651 1581471 0 1432403 0 0 0
1791496624 2850, 13801, 54, 0x0000000000000000 | 1.36 0.93 0.94 | cpu  189618444 44099 58691720 6903860941 1581471 0 1432409 0 0 0
1791496625 2655, 13801, 60, 0x0000000000000004 | 1.36 0.93 0.94 | cpu  189618554 44099 58691727 6903864310 1581473 0 1432414 0 0 0
1791496626 2595, 13801, 61, 0x0000000000000004 | 1.36 0.93 0.94 | cpu  189618662 44099 58691734 6903867622 1581474 0 1432422 0 0 0
1791496627 2692, 13801, 62, 0x0000000000000004 | 1.33 0.93 0.94 | cpu  189618766 44099 58691742 6903870873 1581475 0 1432422 0 0 0
1791496628 2640, 13801, 63, 0x0000000000000004 | 1.33 0.93 0.94 | cpu  189618874 44099 58691750 6903874185 1581475 0 1432422 0 0 0
1791496629 2527, 13801, 63, 0x0000000000000004 | 1.33 0.93 0.94 | cpu  189618983 44099 58691756 6903877525 1581477 0 1432422 0 0 0
1791496630 2715, 13801, 62, 0x0000000000000004 | 1.33 0.93 0.94 | cpu  189619092 44099 58691762 6903880838 1581477 0 1432422 0 0 0
1791496631 2602, 13801, 63, 0x0000000000000004 | 1.31 0.93 0.94 | cpu  189619202 44099 58691768 6903884209 1581477 0 1432422 0 0 0
1791496632 2865, 13801, 55, 0x0000000000000000 | 1.31 0.93 0.94 | cpu  189619310 44099 58691769 6903887500 1581479 0 1432422 0 0 0
1791496633 2865, 13801, 54, 0x0000000000000000 | 1.31 0.93 0.94 | cpu  189619414 44099 58691772 6903890808 1581479 0 1432422 0 0 0
1791496635 2542, 13801, 54, 0x0000000000000000 | 1.31 0.93 0.94 | cpu  189619556 44099 58691780 6903894139 1581479 0 1432424 0 0 0
1791496636 2542, 13801, 53, 0x0000000000000000 | 1.31 0.93 0.94 | cpu  189619649 44099 58691795 6903897434 1581479 0 1432424 0 0 0
1791496637 2542, 13801, 53, 0x0000000000000000 | 1.28 0.94 0.94 | cpu  189619748 44099 58691804 6903900685 1581479 0 1432424 0 0 0
1791496638 2542, 13801, 53, 0x0000000000000000 | 1.28 0.94 0.94 | cpu  189619859 44099 58691807 6903904075 1581480 0 1432426 0 0 0
1791496639 2542, 13801, 53, 0x0000000000000000 | 1.28 0.94 0.94 | cpu  189619964 44099 58691810 6903907383 1581480 0 1432430 0 0 0
1791496640 2542, 13801, 53, 0x0000000000000000 | 1.28 0.94 0.94 | cpu  189620069 44099 58691816 6903910675 1581480 0 1432430 0 0 0
1791496641 2542, 13801, 52, 0x0000000000000000 | 1.28 0.94 0.94 | cpu  189620176 44099 58691819 6903914041 1581480 0 1432430 0 0 0
1791496642 2542, 13801, 52, 0x0000000000000000 | 1.26 0.94 0.94 | cpu  189620284 44099 58691822 6903917424 1581480 0 1432431 0 0 0
1791496643 2542, 13801, 52, 0x0000000000000000 | 1.26 0.94 0.94 | cpu  189620391 44099 58691825 6903920729 1581481 0 1432432 0 0 0
1791496644 2542, 13801, 52, 0x0000000000000000 | 1.26 0.94 0.94 | cpu  189620495 44099 58691828 6903923972 1581481 0 1432432 0 0 0
1791496645 2542, 13801, 52, 0x0000000000000000 | 1.26 0.94 0.94 | cpu  189620601 44099 58691832 6903927326 1581481 0 1432432 0 0 0
1791496646 2542, 13801, 52, 0x0000000000000000 | 1.24 0.94 0.94 | cpu  189620706 44099 58691835 6903930624 1581481 0 1432432 0 0 0
1791496647 2542, 13801, 52, 0x0000000000000000 | 1.24 0.94 0.94 | cpu  189620816 44099 58691841 6903933912 1581481 0 1432434 0 0 0
1791496648 2542, 13801, 52, 0x0000000000000000 | 1.24 0.94 0.94 | cpu  189620928 44099 58691872 6903937184 1581481 0 1432434 0 0 0
1791496650 2085, 810, 51, 0x0000000000000000 | 1.24 0.94 0.94 | cpu  189621035 44099 58691878 6903940529 1581481 0 1432434 0 0 0
1791496651 382, 810, 50, 0x0000000000000000 | 1.24 0.94 0.94 | cpu  189621140 44099 58691888 6903943856 1581481 0 1432434 0 0 0
1791496652 217, 405, 50, 0x0000000000000000 | 1.22 0.94 0.94 | cpu  189621250 44099 58691891 6903947239 1581485 0 1432434 0 0 0
1791496653 195, 405, 49, 0x0000000000000000 | 1.22 0.94 0.94 | cpu  189621357 44099 58691897 6903950558 1581485 0 1432434 0 0 0
1791496654 195, 405, 49, 0x0000000000000000 | 1.22 0.94 0.94 | cpu  189621461 44099 58691908 6903953897 1581485 0 1432434 0 0 0
1791496655 195, 405, 49, 0x0000000000000000 | 1.22 0.94 0.94 | cpu  189621570 44099 58691912 6903957300 1581485 0 1432434 0 0 0
1791496656 195, 405, 49, 0x0000000000000000 | 1.22 0.94 0.94 | cpu  189621680 44099 58691915 6903960699 1581485 0 1432434 0 0 0
1791496657 195, 405, 49, 0x0000000000000000 | 1.20 0.94 0.94 | cpu  189621782 44099 58691927 6903964024 1581485 0 1432434 0 0 0
1791496658 195, 405, 49, 0x0000000000000000 | 1.20 0.94 0.94 | cpu  189621887 44099 58691938 6903967349 1581486 0 1432434 0 0 0
1791496659 195, 405, 48, 0x0000000000000000 | 1.20 0.94 0.94 | cpu  189621999 44099 58691946 6903970661 1581486 0 1432435 0 0 0
1791496660 195, 405, 48, 0x0000000000000000 | 1.20 0.94 0.94 | cpu  189622107 44099 58691948 6903973981 1581486 0 1432435 0 0 0
1791496661 195, 405, 48, 0x0000000000000000 | 1.18 0.94 0.94 | cpu  189622214 44099 58691952 6903977328 1581486 0 1432435 0 0 0
1791496662 195, 405, 48, 0x0000000000000000 | 1.18 0.94 0.94 | cpu  189622318 44099 58691962 6903980640 1581487 0 1432435 0 0 0
1791496664 187, 405, 48, 0x0000000000000000 | 1.18 0.94 0.94 | cpu  189622422 44099 58691976 6903983962 1581487 0 1432436 0 0 0
1791496665 195, 405, 48, 0x0000000000000000 | 1.18 0.94 0.94 | cpu  189622530 44099 58692012 6903987256 1581488 0 1432450 0 0 0
1791496666 195, 405, 48, 0x0000000000000000 | 1.18 0.94 0.94 | cpu  189622639 44099 58692016 6903990602 1581488 0 1432450 0 0 0
1791496667 195, 405, 48, 0x0000000000000000 | 1.17 0.94 0.94 | cpu  189622749 44099 58692019 6903993916 1581488 0 1432452 0 0 0
1791496668 195, 405, 47, 0x0000000000000000 | 1.17 0.94 0.94 | cpu  189622856 44099 58692038 6903997185 1581491 0 1432456 0 0 0
1791496669 195, 405, 47, 0x0000000000000000 | 1.17 0.94 0.94 | cpu  189622963 44099 58692080 6904000485 1581491 0 1432478 0 0 0
1791496670 195, 405, 47, 0x0000000000000000 | 1.17 0.94 0.94 | cpu  189623070 44099 58692089 6904003808 1581492 0 1432478 0 0 0
1791496671 195, 405, 47, 0x0000000000000000 | 1.17 0.94 0.94 | cpu  189623176 44099 58692097 6904007087 1581492 0 1432482 0 0 0
1791496672 195, 405, 47, 0x0000000000000000 | 1.16 0.94 0.94 | cpu  189623282 44099 58692104 6904010365 1581492 0 1432484 0 0 0
1791496673 195, 405, 47, 0x0000000000000000 | 1.16 0.94 0.94 | cpu  189623389 44099 58692109 6904013684 1581492 0 1432484 0 0 0
1791496674 195, 405, 47, 0x0000000000000000 | 1.16 0.94 0.94 | cpu  189623496 44099 58692112 6904017014 1581492 0 1432484 0 0 0
1791496675 195, 405, 47, 0x0000000000000000 | 1.16 0.94 0.94 | cpu  189623604 44099 58692114 6904020332 1581493 0 1432484 0 0 0
1791496676 187, 405, 47, 0x0000000000000000 | 1.14 0.95 0.95 | cpu  189623709 44099 58692120 6904023665 1581493 0 1432484 0 0 0
1791496677 195, 405, 47, 0x0000000000000000 | 1.14 0.95 0.95 | cpu  189623816 44099 58692124 6904026982 1581493 0 1432484 0 0 0
1791496679 195, 405, 46, 0x0000000000000000 | 1.14 0.95 0.95 | cpu  189623924 44099 58692131 6904030310 1581493 0 1432484 0 0 0
1791496680 195, 405, 46, 0x0000000000000000 | 1.14 0.95 0.95 | cpu  189624033 44099 58692143 6904033564 1581493 0 1432484 0 0 0
1791496681 195, 405, 46, 0x0000000000000000 | 1.14 0.95 0.95 | cpu  189624144 44099 58692151 6904036982 1581493 0 1432484 0 0 0
1791496682 195, 405, 46, 0x0000000000000000 | 1.13 0.95 0.95 | cpu  189624253 44099 58692159 6904040326 1581493 0 1432488 0 0 0
1791496683 195, 405, 46, 0x0000000000000000 | 1.13 0.95 0.95 | cpu  189624366 44099 58692166 6904043771 1581493 0 1432498 0 0 0
1791496684 195, 405, 46, 0x0000000000000000 | 1.13 0.95 0.95 | cpu  189624476 44099 58692174 6904047110 1581495 0 1432501 0 0 0
1791496685 195, 405, 46, 0x0000000000000000 | 1.13 0.95 0.95 | cpu  189624582 44099 58692180 6904050370 1581495 0 1432501 0 0 0
1791496686 195, 405, 46, 0x0000000000000000 | 1.13 0.95 0.95 | cpu  189624690 44099 58692186 6904053696 1581495 0 1432501 0 0 0
1791496687 195, 405, 46, 0x0000000000000000 | 1.12 0.95 0.95 | cpu  189624798 44099 58692193 6904057024 1581495 0 1432501 0 0 0
1791496688 195, 405, 46, 0x0000000000000000 | 1.12 0.95 0.95 | cpu  189624907 44099 58692198 6904060354 1581495 0 1432502 0 0 0
1791496689 195, 405, 46, 0x0000000000000000 | 1.12 0.95 0.95 | cpu  189625014 44099 58692204 6904063664 1581497 0 1432503 0 0 0
1791496690 195, 405, 46, 0x0000000000000000 | 1.12 0.95 0.95 | cpu  189625122 44099 58692209 6904066927 1581497 0 1432503 0 0 0
1791496691 195, 405, 46, 0x0000000000000000 | 1.11 0.95 0.95 | cpu  189625230 44099 58692216 6904070261 1581497 0 1432503 0 0 0
1791496693 195, 405, 45, 0x0000000000000000 | 1.11 0.95 0.95 | cpu  189625339 44099 58692223 6904073586 1581498 0 1432504 0 0 0
1791496694 195, 405, 45, 0x0000000000000000 | 1.11 0.95 0.95 | cpu  189625447 44099 58692231 6904076909 1581499 0 1432505 0 0 0
1791496695 195, 405, 45, 0x0000000000000000 | 1.11 0.95 0.95 | cpu  189625559 44099 58692239 6904080247 1581499 0 1432508 0 0 0
1791496696 195, 405, 45, 0x0000000000000000 | 1.11 0.95 0.95 | cpu  189625668 44099 58692245 6904083586 1581499 0 1432510 0 0 0
1791496697 195, 405, 45, 0x0000000000000000 | 1.18 0.97 0.95 | cpu  189625779 44099 58692279 6904086879 1581500 0 1432518 0 0 0
1791496698 195, 405, 45, 0x0000000000000000 | 1.18 0.97 0.95 | cpu  189625887 44099 58692286 6904090207 1581500 0 1432518 0 0 0
1791496699 195, 405, 45, 0x0000000000000000 | 1.18 0.97 0.95 | cpu  189625998 44099 58692294 6904093599 1581500 0 1432523 0 0 0
1791496700 195, 405, 45, 0x0000000000000000 | 1.18 0.97 0.95 | cpu  189626106 44099 58692300 6904096911 1581501 0 1432524 0 0 0
1791496701 195, 405, 45, 0x0000000000000000 | 1.18 0.97 0.95 | cpu  189626212 44099 58692307 6904100173 1581501 0 1432524 0 0 0
1791496702 195, 405, 45, 0x0000000000000000 | 1.17 0.97 0.95 | cpu  189626321 44099 58692314 6904103501 1581501 0 1432526 0 0 0
1791496703 195, 405, 45, 0x0000000000000000 | 1.17 0.97 0.95 | cpu  189626429 44099 58692320 6904106828 1581501 0 1432526 0 0 0
1791496704 195, 405, 45, 0x0000000000000000 | 1.17 0.97 0.95 | cpu  189626538 44099 58692327 6904110137 1581501 0 1432526 0 0 0
1791496705 2670, 13801, 56, 0x0000000000000004 | 1.17 0.97 0.95 | cpu  189626645 44099 58692334 6904113454 1581501 0 1432526 0 0 0
1791496707 2752, 13801, 57, 0x0000000000000004 | 1.15 0.97 0.95 | cpu  189626752 44099 58692341 6904116767 1581502 0 1432533 0 0 0
1791496708 2550, 13801, 57, 0x0000000000000004 | 1.15 0.97 0.95 | cpu  189626860 44099 58692348 6904120081 1581505 0 1432533 0 0 0
1791496709 2512, 13801, 57, 0x0000000000000004 | 1.15 0.97 0.95 | cpu  189626966 44099 58692355 6904123332 1581505 0 1432533 0 0 0
1791496710 2505, 13801, 58, 0x0000000000000004 | 1.15 0.97 0.95 | cpu  189627082 44099 58692363 6904126786 1581505 0 1432538 0 0 0
1791496711 2587, 13801, 58, 0x0000000000000004 | 1.15 0.97 0.95 | cpu  189627190 44099 58692370 6904130099 1581505 0 1432538 0 0 0
1791496712 2700, 13801, 59, 0x0000000000000004 | 1.14 0.97 0.95 | cpu  189627296 44099 58692376 6904133363 1581505 0 1432538 0 0 0
1791496713 2490, 13801, 58, 0x0000000000000004 | 1.14 0.97 0.95 | cpu  189627402 44099 58692383 6904136625 1581505 0 1432542 0 0 0
1791496714 2602, 13801, 59, 0x0000000000000004 | 1.14 0.97 0.95 | cpu  189627512 44099 58692390 6904140001 1581505 0 1432552 0 0 0
1791496715 2490, 13801, 59, 0x0000000000000004 | 1.14 0.97 0.95 | cpu  189627621 44099 58692396 6904143329 1581506 0 1432552 0 0 0
1791496716 2587, 13801, 58, 0x0000000000000004 | 1.14 0.97 0.95 | cpu  189627730 44099 58692404 6904146640 1581507 0 1432552 0 0 0
1791496717 2610, 13801, 60, 0x0000000000000004 | 1.13 0.97 0.95 | cpu  189627836 44099 58692412 6904149904 1581507 0 1432552 0 0 0
1791496718 2640, 13801, 60, 0x0000000000000004 | 1.13 0.97 0.95 | cpu  189627942 44099 58692418 6904153111 1581507 0 1432553 0 0 0
1791496719 2505, 13801, 60, 0x0000000000000004 | 1.13 0.97 0.95 | cpu  189628049 44099 58692424 6904156421 1581507 0 1432559 0 0 0
1791496720 2617, 13801, 60, 0x0000000000000004 | 1.13 0.97 0.95 | cpu  189628158 44099 58692432 6904159738 1581507 0 1432559 0 0 0
1791496722 2527, 13801, 60, 0x0000000000000004 | 1.12 0.97 0.95 | cpu  189628266 44099 58692438 6904163064 1581508 0 1432559 0 0 0
1791496723 2482, 13801, 60, 0x0000000000000004 | 1.12 0.97 0.95 | cpu  189628373 44099 58692445 6904166377 1581508 0 1432560 0 0 0
1791496724 2482, 13801, 61, 0x0000000000000004 | 1.12 0.97 0.95 | cpu  189628483 44099 58692451 6904169766 1581509 0 1432560 0 0 0
1791496725 2460, 13801, 61, 0x0000000000000004 | 1.12 0.97 0.95 | cpu  189628590 44099 58692458 6904173081 1581509 0 1432560 0 0 0
1791496726 2422, 13801, 61, 0x0000000000000004 | 1.12 0.97 0.95 | cpu  189628698 44099 58692465 6904176394 1581509 0 1432560 0 0 0
1791496727 2475, 13801, 60, 0x0000000000000004 | 1.11 0.97 0.96 | cpu  189628809 44099 58692473 6904179705 1581510 0 1432565 0 0 0
1791496728 2707, 13801, 62, 0x0000000000000004 | 1.11 0.97 0.96 | cpu  189628917 44099 58692481 6904183017 1581510 0 1432571 0 0 0
1791496729 2437, 13801, 61, 0x0000000000000004 | 1.11 0.97 0.96 | cpu  189629028 44099 58692518 6904186246 1581510 0 1432574 0 0 0
1791496730 2445, 13801, 62, 0x0000000000000004 | 1.11 0.97 0.96 | cpu  189629136 44099 58692527 6904189557 1581510 0 1432574 0 0 0
1791496731 2670, 13801, 63, 0x0000000000000004 | 1.11 0.97 0.96 | cpu  189629243 44099 58692579 6904192717 1581510 0 1432574 0 0 0
1791496732 2460, 13801, 62, 0x0000000000000004 | 1.10 0.97 0.96 | cpu  189629350 44099 58692584 6904196026 1581511 0 1432574 0 0 0
1791496733 2445, 13801, 61, 0x0000000000000004 | 1.10 0.97 0.96 | cpu  189629460 44099 58692590 6904199354 1581511 0 1432574 0 0 0
1791496734 2460, 13801, 62, 0x0000000000000004 | 1.10 0.97 0.96 | cpu  189629570 44099 58692597 6904202679 1581511 0 1432578 0 0 0
1791496735 2535, 13801, 62, 0x0000000000000004 | 1.10 0.97 0.96 | cpu  189629678 44099 58692604 6904205996 1581511 0 1432578 0 0 0
1791496737 2700, 13801, 63, 0x0000000000000004 | 1.09 0.97 0.96 | cpu  189629786 44099 58692610 6904209311 1581511 0 1432578 0 0 0
1791496738 2505, 13801, 63, 0x0000000000000004 | 1.09 0.97 0.96 | cpu  189629893 44099 58692617 6904212624 1581513 0 1432578 0 0 0
1791496739 2437, 13801, 63, 0x0000000000000004 | 1.09 0.97 0.96 | cpu  189630001 44099 58692626 6904215939 1581513 0 1432579 0 0 0
1791496740 2662, 13801, 64, 0x0000000000000004 | 1.09 0.97 0.96 | cpu  189630108 44099 58692634 6904219252 1581513 0 1432579 0 0 0
1791496741 2460, 13801, 63, 0x0000000000000004 | 1.09 0.97 0.96 | cpu  189630215 44099 58692640 6904222518 1581513 0 1432580 0 0 0
1791496742 2467, 13801, 63, 0x0000000000000004 | 1.08 0.97 0.96 | cpu  189630325 44099 58692646 6904225845 1581513 0 1432580 0 0 0
1791496743 2407, 13801, 63, 0x0000000000000004 | 1.08 0.97 0.96 | cpu  189630432 44099 58692654 6904229093 1581513 0 1432580 0 0 0
1791496744 2475, 13801, 63, 0x0000000000000004 | 1.08 0.97 0.96 | cpu  189630541 44099 58692659 6904232407 1581514 0 1432580 0 0 0
1791496745 2505, 13801, 63, 0x0000000000000004 | 1.08 0.97 0.96 | cpu  189630651 44099 58692695 6904235625 1581514 0 1432581 0 0 0
1791496746 2640, 13801, 64, 0x0000000000000004 | 1.08 0.97 0.96 | cpu  189630762 44099 58692701 6904239016 1581514 0 1432581 0 0 0
1791496747 2647, 13801, 64, 0x0000000000000004 | 1.16 0.99 0.96 | cpu  189630868 44099 58692708 6904242268 1581515 0 1432581 0 0 0
1791496748 2497, 13801, 63, 0x0000000000000004 | 1.16 0.99 0.96 | cpu  189630974 44099 58692714 6904245534 1581515 0 1432581 0 0 0
1791496749 2625, 13801, 64, 0x0000000000000004 | 1.16 0.99 0.96 | cpu  189631080 44099 58692722 6904248786 1581516 0 1432581 0 0 0
1791496750 2422, 13801, 64, 0x0000000000000004 | 1.16 0.99 0.96 | cpu  189631188 44099 58692730 6904252096 1581516 0 1432582 0 0 0
1791496751 2415, 13801, 64, 0x0000000000000004 | 1.14 0.99 0.96 | cpu  189631297 44099 58692736 6904255411 1581516 0 1432582 0 0 0
1791496752 2490, 13801, 64, 0x0000000000000004 | 1.14 0.99 0.96 | cpu  189631407 44099 58692743 6904258784 1581517 0 1432582 0 0 0
1791496754 2505, 13801, 64, 0x0000000000000004 | 1.14 0.99 0.96 | cpu  189631515 44099 58692750 6904262113 1581517 0 1432582 0 0 0
1791496755 2572, 13801, 63, 0x0000000000000004 | 1.14 0.99 0.96 | cpu  189631624 44099 58692755 6904265442 1581518 0 1432582 0 0 0
1791496756 2535, 13801, 64, 0x0000000000000004 | 1.14 0.99 0.96 | cpu  189631732 44099 58692761 6904268742 1581518 0 1432582 0 0 0
1791496757 2685, 13801, 64, 0x0000000000000004 | 1.13 0.99 0.96 | cpu  189631842 44099 58692774 6904272051 1581518 0 1432584 0 0 0
1791496758 2707, 13801, 64, 0x0000000000000004 | 1.13 0.99 0.96 | cpu  189631951 44099 58692780 6904275313 1581519 0 1432584 0 0 0
1791496759 2482, 13801, 64, 0x0000000000000004 | 1.13 0.99 0.96 | cpu  189632058 44099 58692787 6904278574 1581519 0 1432586 0 0 0
1791496760 2767, 13801, 64, 0x0000000000000004 | 1.13 0.99 0.96 | cpu  189632166 44099 58692795 6904281891 1581519 0 1432587 0 0 0
1791496761 2677, 13801, 63, 0x0000000000000004 | 1.13 0.99 0.96 | cpu  189632274 44099 58692802 6904285219 1581519 0 1432587 0 0 0
1791496762 2482, 13801, 64, 0x0000000000000004 | 1.12 0.99 0.96 | cpu  189632383 44099 58692810 6904288532 1581519 0 1432588 0 0 0
1791496763 2445, 13801, 64, 0x0000000000000004 | 1.12 0.99 0.96 | cpu  189632491 44099 58692816 6904291845 1581521 0 1432588 0 0 0
1791496764 2475, 13801, 64, 0x0000000000000004 | 1.12 0.99 0.96 | cpu  189632598 44099 58692823 6904295160 1581521 0 1432590 0 0 0
1791496765 2715, 13801, 65, 0x0000000000000004 | 1.12 0.99 0.96 | cpu  189632707 44099 58692830 6904298474 1581521 0 1432591 0 0 0
1791496766 2662, 13801, 65, 0x0000000000000004 | 1.11 0.99 0.96 | cpu  189632815 44099 58692836 6904301791 1581521 0 1432592 0 0 0
1791496768 2482, 13801, 65, 0x0000000000000004 | 1.11 0.99 0.96 | cpu  189632923 44099 58692843 6904305104 1581521 0 1432592 0 0 0
1791496769 2385, 13801, 64, 0x0000000000000004 | 1.11 0.99 0.96 | cpu  189633031 44099 58692849 6904308431 1581522 0 1432592 0 0 0
1791496770 2437, 13801, 65, 0x0000000000000004 | 1.11 0.99 0.96 | cpu  189633139 44099 58692856 6904311747 1581522 0 1432592 0 0 0
1791496771 2475, 13801, 65, 0x0000000000000004 | 1.11 0.99 0.96 | cpu  189633250 44099 58692864 6904315119 1581524 0 1432593 0 0 0
1791496772 2452, 13801, 64, 0x0000000000000004 | 1.10 0.99 0.97 | cpu  189633362 44099 58692870 6904318557 1581524 0 1432595 0 0 0
1791496773 2452, 13801, 65, 0x0000000000000004 | 1.10 0.99 0.97 | cpu  189633472 44099 58692877 6904321870 1581524 0 1432595 0 0 0
1791496774 2430, 13801, 65, 0x0000000000000004 | 1.10 0.99 0.97 | cpu  189633580 44099 58692884 6904325186 1581524 0 1432602 0 0 0
1791496775 2460, 13801, 65, 0x0000000000000004 | 1.10 0.99 0.97 | cpu  189633692 44099 58692889 6904328589 1581524 0 1432606 0 0 0
1791496776 2670, 13801, 66, 0x0000000000000004 | 1.10 0.99 0.97 | cpu  189633801 44099 58692894 6904331903 1581525 0 1432606 0 0 0
1791496777 2550, 13801, 65, 0x0000000000000004 | 1.09 0.99 0.97 | cpu  189633911 44099 58692901 6904335238 1581525 0 1432606 0 0 0
1791496778 2610, 13801, 65, 0x0000000000000004 | 1.09 0.99 0.97 | cpu  189634019 44099 58692908 6904338553 1581525 0 1432606 0 0 0
1791496779 2505, 13801, 65, 0x0000000000000004 | 1.09 0.99 0.97 | cpu  189634129 44099 58692916 6904341927 1581525 0 1432606 0 0 0
1791496780 2482, 13801, 65, 0x0000000000000004 | 1.09 0.99 0.97 | cpu  189634237 44099 58692922 6904345244 1581527 0 1432606 0 0 0
1791496782 2557, 13801, 65, 0x0000000000000004 | 1.09 0.99 0.97 | cpu  189634346 44099 58692928 6904348562 1581527 0 1432606 0 0 0
1791496783 2437, 13801, 66, 0x0000000000000004 | 1.09 0.99 0.97 | cpu  189634451 44099 58692935 6904351812 1581527 0 1432606 0 0 0
1791496784 2407, 13801, 65, 0x0000000000000004 | 1.09 0.99 0.97 | cpu  189634560 44099 58692941 6904355124 1581527 0 1432606 0 0 0
1791496785 2452, 13801, 66, 0x0000000000000004 | 1.09 0.99 0.97 | cpu  189634670 44099 58692950 6904358436 1581527 0 1432607 0 0 0
1791496786 2422, 13801, 66, 0x0000000000000004 | 1.09 0.99 0.97 | cpu  189634778 44099 58692958 6904361764 1581527 0 1432607 0 0 0
1791496787 2535, 13801, 66, 0x0000000000000004 | 1.08 0.99 0.97 | cpu  189634886 44099 58692964 6904365139 1581528 0 1432607 0 0 0
1791496788 2370, 13801, 65, 0x0000000000000004 | 1.08 0.99 0.97 | cpu  189634995 44099 58692971 6904368454 1581528 0 1432608 0 0 0
1791496789 2467, 13801, 66, 0x0000000000000004 | 1.08 0.99 0.97 | cpu  189635102 44099 58692978 6904371715 1581528 0 1432608 0 0 0
1791496790 2430, 13801, 66, 0x0000000000000004 | 1.08 0.99 0.97 | cpu  189635208 44099 58692984 6904374973 1581528 0 1432609 0 0 0
1791496791 2730, 13801, 66, 0x0000000000000004 | 1.08 0.99 0.97 | cpu  189635320 44099 58692991 6904378359 1581528 0 1432610 0 0 0
1791496792 2752, 13801, 65, 0x0000000000000004 | 1.07 0.99 0.97 | cpu  189635429 44099 58693000 6904381674 1581528 0 1432614 0 0 0
1791496793 2865, 13801, 59, 0x0000000000000000 | 1.07 0.99 0.97 | cpu  189635524 44099 58693046 6904385047 1581528 0 1432614 0 0 0
1791496794 2865, 13801, 59, 0x0000000000000000 | 1.07 0.99 0.97 | cpu  189635616 44099 58693080 6904388337 1581529 0 1432614 0 0 0
1791496796 2542, 13801, 57, 0x0000000000000000 | 1.07 0.99 0.97 | cpu  189635708 44099 58693097 6904391646 1581529 0 1432614 0 0 0
1791496797 2542, 13801, 57, 0x0000000000000000 | 1.07 1.00 0.97 | cpu  189635800 44099 58693117 6904394961 1581530 0 1432619 0 0 0
1791496798 2542, 13801, 57, 0x0000000000000000 | 1.07 1.00 0.97 | cpu  189635887 44099 58693139 6904398272 1581530 0 1432619 0 0 0
1791496799 2542, 13801, 56, 0x0000000000000000 | 1.07 1.00 0.97 | cpu  189635976 44099 58693158 6904401579 1581530 0 1432620 0 0 0
1791496800 2542, 13801, 56, 0x0000000000000000 | 1.07 1.00 0.97 | cpu  189636067 44099 58693178 6904404909 1581530 0 1432620 0 0 0
1791496801 2542, 13801, 56, 0x0000000000000000 | 1.07 1.00 0.97 | cpu  189636156 44099 58693198 6904408214 1581533 0 1432620 0 0 0
1791496802 2557, 13801, 56, 0x0000000000000000 | 1.22 1.03 0.98 | cpu  189636237 44099 58693245 6904411503 1581533 0 1432622 0 0 0
1791496803 2542, 13801, 56, 0x0000000000000000 | 1.22 1.03 0.98 | cpu  189636353 44099 58693251 6904414797 1581533 0 1432624 0 0 0
1791496804 2542, 13801, 55, 0x0000000000000000 | 1.22 1.03 0.98 | cpu  189636460 44099 58693258 6904418092 1581541 0 1432627 0 0 0
1791496805 2542, 13801, 55, 0x0000000000000000 | 1.22 1.03 0.98 | cpu  189636567 44099 58693260 6904421386 1581541 0 1432627 0 0 0
1791496806 2542, 13801, 55, 0x0000000000000000 | 1.22 1.03 0.98 | cpu  189636674 44099 58693260 6904424682 1581541 0 1432627 0 0 0
1791496807 2542, 13801, 55, 0x0000000000000000 | 1.20 1.03 0.98 | cpu  189636781 44099 58693262 6904427989 1581542 0 1432627 0 0 0
1791496808 2542, 13801, 54, 0x0000000000000000 | 1.20 1.03 0.98 | cpu  189636905 44099 58693271 6904431268 1581543 0 1432629 0 0 0
1791496809 2542, 13801, 54, 0x0000000000000000 | 1.20 1.03 0.98 | cpu  189637012 44099 58693275 6904434569 1581547 0 1432629 0 0 0
1791496810 2542, 13801, 54, 0x0000000000000000 | 1.20 1.03 0.98 | cpu  189637120 44099 58693277 6904437888 1581547 0 1432629 0 0 0
1791496812 2542, 13801, 54, 0x0000000000000000 | 1.19 1.03 0.98 | cpu  189637227 44099 58693279 6904441196 1581547 0 1432629 0 0 0
1791496813 2542, 13801, 54, 0x0000000000000000 | 1.19 1.03 0.98 | cpu  189637332 44099 58693285 6904444511 1581551 0 1432630 0 0 0
