1791496572 1, 0, 26.22
1791496573 4, 0, 27.85
1791496574 4, 0, 29.59
1791496576 4, 0, 28.29
1791496577 508, 0, 27.44
1791496578 4830, 23, 64.76
1791496579 6930, 19, 94.92
1791496580 9790, 13, 96.44
1791496581 11570, 19, 97.30
1791496582 13670, 19, 98.41
1791496583 15770, 26, 97.82
1791496584 18130, 25, 97.14
1791496585 20310, 21, 98.17
1791496586 21612, 0, 88.89
1791496587 21612, 4, 83.02
1791496588 21648, 4, 84.51
1791496589 21648, 3, 86.19
1791496591 21648, 3, 81.05
1791496592 21648, 4, 80.97
1791496593 21648, 2, 81.04
1791496594 21648, 2, 80.97
1791496595 21648, 4, 81.70
1791496596 21648, 2, 82.01
1791496597 21648, 4, 82.21
1791496598 21648, 0, 81.88
1791496599 21648, 4, 81.44
1791496600 21648, 1, 82.04
1791496601 21648, 4, 82.72
1791496602 21648, 3, 82.62
1791496603 21648, 2, 82.24
1791496604 21648, 4, 82.16
1791496606 21648, 2, 82.02
1791496607 21648, 4, 81.78
1791496608 21648, 2, 81.69
1791496609 21648, 4, 81.66
1791496610 21648, 0, 81.75
1791496611 21648, 4, 82.05
1791496612 21648, 2, 81.61
1791496613 21660, 0, 82.18
1791496614 21664, 0, 82.65
1791496615 21664, 0, 82.57
1791496616 21666, 0, 87.45
1791496617 21666, 1, 90.37
1791496618 21666, 76, 126.34
1791496619 19780, 0, 201.91
1791496621 20286, 87, 200.99
1791496622 21506, 0, 335.09
1791496623 21506, 1, 119.53
1791496624 22092, 0, 226.53
1791496625 22922, 97, 243.37
1791496626 22938, 79, 397.31
1791496627 22960, 95, 401.68
1791496628 22972, 75, 385.66
1791496629 22972, 93, 400.88
1791496630 22972, 75, 357.73
1791496631 23232, 97, 412.23
1791496632 23232, 0, 211.27
1791496633 23232, 0, 106.79
1791496634 23232, 0, 87.83
1791496636 23232, 0, 85.32
1791496637 23232, 0, 85.28
1791496638 23232, 0, 85.69
1791496639 23232, 0, 85.25
1791496640 23232, 0, 85.28
1791496641 23232, 0, 85.05
1791496642 23232, 0, 84.46
1791496643 23232, 0, 83.84
1791496644 23232, 0, 83.95
1791496645 23232, 0, 83.99
1791496646 23232, 0, 84.26
1791496647 23232, 0, 84.03
1791496648 23232, 0, 83.40
1791496649 23232, 0, 80.82
1791496651 23232, 0, 41.58
1791496652 23232, 0, 31.01
1791496653 23232, 0, 30.22
1791496654 23232, 0, 29.87
1791496655 23232, 0, 30.00
1791496656 23232, 0, 29.19
1791496657 23232, 0, 28.81
1791496658 23232, 0, 28.88
1791496659 23232, 0, 28.27
1791496660 23232, 0, 28.36
1791496661 23232, 0, 28.40
1791496662 23232, 0, 28.70
1791496664 23232, 0, 28.70
1791496665 23232, 0, 28.69
1791496666 23232, 0, 28.57
1791496667 23232, 0, 28.09
1791496668 23232, 0, 28.26
1791496669 23232, 0, 28.46
1791496670 23232, 0, 28.46
1791496671 23232, 0, 28.20
1791496672 23232, 0, 27.73
1791496673 23232, 0, 27.88
1791496674 23232, 0, 28.14
1791496675 23232, 0, 28.17
1791496676 23232, 0, 28.25
1791496677 23232, 0, 28.37
1791496679 23232, 0, 28.24
1791496680 23232, 0, 28.10
1791496681 23232, 0, 28.37
1791496682 23232, 0, 27.56
1791496683 23232, 0, 27.71
1791496684 23232, 0, 27.56
1791496685 23232, 0, 27.76
1791496686 23232, 0, 27.81
1791496687 23232, 0, 27.85
1791496688 23232, 0, 27.65
1791496689 23232, 0, 27.52
1791496690 23232, 0, 27.45
1791496691 23232, 0, 27.68
1791496693 23232, 0, 28.04
1791496694 23232, 0, 27.73
1791496695 23232, 0, 27.57
1791496696 23232, 0, 27.36
1791496697 23232, 0, 27.48
1791496698 23232, 0, 27.33
1791496699 23232, 0, 27.35
1791496700 23232, 0, 27.51
1791496701 23232, 0, 27.81
1791496702 23232, 0, 27.53
1791496703 23232, 0, 27.36
1791496704 23232, 0, 27.29
1791496705 23232, 96, 250.95
1791496707 23232, 94, 386.83
1791496708 23232, 96, 412.85
1791496709 23232, 85, 397.14
1791496710 23232, 95, 397.78
1791496711 23234, 97, 401.05
1791496712 23234, 90, 389.72
1791496713 23234, 96, 406.10
1791496714 23234, 91, 399.26
1791496715 23234, 97, 400.21
1791496716 23234, 79, 397.24
1791496717 23234, 91, 400.80
1791496718 23234, 93, 400.74
1791496719 23234, 96, 401.68
1791496720 23234, 96, 380.81
1791496721 23234, 96, 400.22
1791496723 23374, 96, 400.47
1791496724 23374, 93, 399.67
1791496725 23374, 92, 399.89
1791496726 23374, 97, 400.77
1791496727 23374, 67, 389.57
1791496728 23374, 95, 376.53
1791496729 23374, 92, 402.16
1791496730 23376, 92, 399.61
1791496731 23376, 95, 395.46
1791496732 23376, 96, 405.79
1791496733 23376, 76, 395.15
1791496734 23376, 97, 404.77
1791496735 23376, 82, 397.58
1791496736 23376, 94, 399.53
1791496738 23376, 90, 400.39
1791496739 23376, 91, 399.76
1791496740 23376, 94, 399.08
1791496741 23376, 96, 400.95
1791496742 23376, 93, 399.73
1791496743 23376, 95, 400.85
1791496744 23376, 94, 399.73
1791496745 23376, 87, 399.64
1791496746 23636, 97, 399.92
1791496747 23636, 92, 397.82
1791496748 23636, 96, 403.52
1791496749 23636, 95, 399.73
1791496750 23636, 96, 400.86
1791496751 23636, 95, 400.07
1791496752 23636, 95, 399.92
1791496754 23636, 92, 399.30
1791496755 23636, 69, 387.16
1791496756 23638, 92, 412.68
1791496757 23638, 79, 399.47
1791496758 23638, 84, 390.64
1791496759 23638, 96, 413.41
1791496760 23638, 87, 359.38
1791496761 23638, 65, 400.61
1791496762 23638, 90, 410.60
1791496763 23638, 93, 399.87
1791496764 23638, 93, 399.78
1791496765 23638, 94, 393.46
1791496766 23638, 90, 396.98
1791496767 23638, 96, 404.71
1791496769 23638, 95, 400.51
1791496770 23638, 95, 399.70
1791496771 23638, 87, 399.56
1791496772 23638, 78, 396.28
1791496773 23638, 96, 404.46
1791496774 23638, 95, 399.93
1791496775 23638, 96, 400.13
1791496776 23638, 96, 399.49
1791496777 23638, 97, 402.91
1791496778 23638, 97, 400.24
1791496779 23638, 86, 398.03
1791496780 23638, 92, 400.77
1791496782 23638, 93, 399.93
1791496783 23638, 96, 399.99
1791496784 23638, 81, 396.41
1791496785 23638, 93, 399.58
1791496786 23638, 95, 400.05
1791496787 23638, 92, 399.68
1791496788 23638, 97, 400.83
1791496789 23638, 95, 399.75
1791496790 23638, 93, 406.51
1791496791 23638, 94, 390.94
1791496792 23638, 70, 389.20
1791496793 23638, 3, 209.68
1791496794 23638, 6, 110.91
1791496795 23638, 8, 92.33
1791496797 23638, 3, 89.93
1791496798 23638, 6, 90.02
1791496799 23638, 8, 89.64
1791496800 23638, 3, 89.67
1791496801 23638, 6, 89.34
1791496802 23638, 0, 89.35
1791496803 23638, 0, 87.76
1791496804 23638, 0, 87.44
1791496805 23638, 0, 87.69
1791496806 23638, 0, 87.29
1791496807 23638, 0, 86.42
1791496808 23638, 0, 85.92
1791496809 23638, 0, 85.88
1791496810 23638, 0, 86.17
1791496812 23638, 0, 86.29
1791496813 23638, 0, 86.39
