1791487741 2445, 14001, 27, 0x0000000000000000 | 6.11 6.70 6.44 | cpu  715248004 1553334 100686383 21827458408 227023 0 768574 0 0 0
1791487743 1785, 7001, 26, 0x0000000000000000 | 5.94 6.66 6.43 | cpu  715249053 1553334 100686503 21827485151 227023 0 768574 0 0 0
1791487744 255, 7001, 26, 0x0000000000000000 | 5.94 6.66 6.43 | cpu  715249405 1553335 100686613 21827512377 227023 0 768574 0 0 0
1791487745 225, 7001, 25, 0x0000000000000000 | 5.94 6.66 6.43 | cpu  715250521 1553335 100686719 21827538858 227023 0 768574 0 0 0
1791487746 225, 7001, 25, 0x0000000000000000 | 5.94 6.66 6.43 | cpu  715254042 1553335 100686767 21827563073 227024 0 768574 0 0 0
1791487747 225, 810, 25, 0x0000000000000000 | 5.70 6.60 6.41 | cpu  715254345 1553335 100686841 21827590560 227024 0 768574 0 0 0
1791487748 225, 810, 25, 0x0000000000000000 | 5.70 6.60 6.41 | cpu  715255400 1553335 100686942 21827617395 227024 0 768574 0 0 0
1791487749 2445, 13801, 26, 0x0000000000000000 | 5.70 6.60 6.41 | cpu  715255742 1553335 100687041 21827644518 227024 0 768574 0 0 0
1791487750 2445, 13801, 26, 0x0000000000000000 | 5.70 6.60 6.41 | cpu  715260354 1553335 100687166 21827667291 227024 0 768574 0 0 0
1791487751 2520, 13801, 26, 0x0000000000000000 | 5.70 6.60 6.41 | cpu  715261410 1553335 100687280 21827693630 227024 0 768574 0 0 0
1791487752 2520, 13801, 27, 0x0000000000000000 | 5.65 6.57 6.40 | cpu  715262549 1553335 100687375 21827720023 227024 0 768574 0 0 0
1791487753 2505, 13801, 27, 0x0000000000000000 | 5.65 6.57 6.40 | cpu  715263501 1553335 100687480 21827746509 227024 0 768574 0 0 0
1791487754 2512, 13801, 26, 0x0000000000000000 | 5.65 6.57 6.40 | cpu  715264626 1553335 100687612 21827772940 227024 0 768574 0 0 0
1791487756 2512, 13801, 26, 0x0000000000000000 | 5.65 6.57 6.40 | cpu  715265907 1553335 100687780 21827800073 227024 0 768574 0 0 0
1791487757 2512, 13801, 27, 0x0000000000000000 | 5.43 6.51 6.38 | cpu  715268882 1553335 100687842 21827824621 227025 0 768574 0 0 0
1791487758 2520, 13801, 26, 0x0000000000000000 | 5.43 6.51 6.38 | cpu  715269722 1553335 100688015 21827851147 227025 0 768574 0 0 0
1791487759 2482, 13801, 27, 0x0000000000000000 | 5.43 6.51 6.38 | cpu  715270595 1553336 100688212 21827877846 227025 0 768574 0 0 0
1791487760 2520, 13801, 27, 0x0000000000000000 | 5.43 6.51 6.38 | cpu  715271640 1553336 100688359 21827904317 227025 0 768574 0 0 0
1791487761 2520, 13801, 27, 0x0000000000000000 | 5.43 6.51 6.38 | cpu  715272573 1553336 100688559 21827930830 227025 0 768574 0 0 0
1791487762 2520, 13801, 27, 0x0000000000000000 | 5.32 6.47 6.37 | cpu  715273546 1553336 100688692 21827957326 227025 0 768574 0 0 0
1791487763 2520, 13801, 27, 0x0000000000000000 | 5.32 6.47 6.37 | cpu  715274496 1553336 100688820 21827983854 227025 0 768574 0 0 0
1791487764 2520, 13801, 27, 0x0000000000000000 | 5.32 6.47 6.37 | cpu  715275494 1553336 100689116 21828010191 227025 0 768575 0 0 0
1791487765 2520, 13801, 27, 0x0000000000000000 | 5.32 6.47 6.37 | cpu  715276208 1553336 100689250 21828037093 227025 0 768575 0 0 0
1791487766 2445, 13801, 27, 0x0000000000000000 | 5.32 6.47 6.37 | cpu  715277545 1553336 100689416 21828063189 227025 0 768575 0 0 0
1791487767 2445, 13801, 27, 0x0000000000000000 | 5.21 6.43 6.35 | cpu  715280656 1553336 100689518 21828087547 227026 0 768575 0 0 0
1791487769 2445, 13801, 27, 0x0000000000000000 | 5.21 6.43 6.35 | cpu  715280830 1553336 100689679 21828114808 227026 0 768575 0 0 0
1791487770 2467, 13801, 27, 0x0000000000000000 | 5.21 6.43 6.35 | cpu  715281058 1553336 100689797 21828141995 227026 0 768575 0 0 0
1791487771 2467, 13801, 27, 0x0000000000000000 | 5.21 6.43 6.35 | cpu  715281304 1553336 100689892 21828169177 227026 0 768575 0 0 0
1791487772 2467, 13801, 27, 0x0000000000000000 | 5.12 6.39 6.34 | cpu  715281555 1553336 100690028 21828196287 227026 0 768575 0 0 0
1791487773 2467, 13801, 27, 0x0000000000000000 | 5.12 6.39 6.34 | cpu  715281794 1553336 100690121 21828223447 227026 0 768575 0 0 0
1791487774 2475, 13801, 27, 0x0000000000000000 | 5.12 6.39 6.34 | cpu  715282033 1553336 100690219 21828250595 227026 0 768575 0 0 0
1791487775 2647, 13801, 27, 0x0000000000000000 | 5.12 6.39 6.34 | cpu  715282277 1553336 100690310 21828277778 227026 0 768575 0 0 0
1791487776 2632, 13801, 27, 0x0000000000000000 | 5.12 6.39 6.34 | cpu  715282560 1553336 100690367 21828305031 227026 0 768575 0 0 0
1791487777 2602, 13801, 28, 0x0000000000000000 | 5.03 6.35 6.33 | cpu  715283181 1553336 100690473 21828331925 227026 0 768575 0 0 0
1791487778 2445, 13801, 27, 0x0000000000000000 | 5.03 6.35 6.33 | cpu  715285613 1553336 100690492 21828357094 227026 0 768575 0 0 0
1791487779 2445, 13801, 27, 0x0000000000000000 | 5.03 6.35 6.33 | cpu  715285897 1553336 100690564 21828384311 227026 0 768575 0 0 0
1791487780 2445, 13801, 27, 0x0000000000000000 | 5.03 6.35 6.33 | cpu  715286180 1553336 100690782 21828411295 227026 0 768576 0 0 0
1791487781 2445, 13801, 27, 0x0000000000000000 | 5.03 6.35 6.33 | cpu  715286400 1553336 100690901 21828438464 227026 0 768576 0 0 0
1791487783 2445, 13801, 27, 0x0000000000000000 | 4.86 6.29 6.31 | cpu  715286643 1553336 100691065 21828465686 227026 0 768576 0 0 0
1791487784 2445, 13801, 28, 0x0000000000000000 | 4.86 6.29 6.31 | cpu  715286867 1553336 100691175 21828492831 227026 0 768576 0 0 0
1791487785 2445, 13801, 28, 0x0000000000000000 | 4.86 6.29 6.31 | cpu  715287088 1553336 100691289 21828520024 227026 0 768576 0 0 0
1791487786 2445, 13801, 28, 0x0000000000000000 | 4.86 6.29 6.31 | cpu  715287308 1553336 100691401 21828547252 227026 0 768576 0 0 0
1791487787 2445, 13801, 28, 0x0000000000000000 | 4.71 6.24 6.29 | cpu  715287529 1553336 100691511 21828574399 227026 0 768576 0 0 0
1791487788 2445, 13801, 28, 0x0000000000000000 | 4.71 6.24 6.29 | cpu  715288070 1553337 100691662 21828601338 227027 0 768576 0 0 0
1791487789 2445, 13801, 28, 0x0000000000000000 | 4.71 6.24 6.29 | cpu  715290434 1553337 100691736 21828626474 227027 0 768576 0 0 0
1791487790 2445, 13801, 28, 0x0000000000000000 | 4.71 6.24 6.29 | cpu  715290649 1553337 100691857 21828653678 227027 0 768576 0 0 0
1791487791 2445, 13801, 28, 0x0000000000000000 | 4.71 6.24 6.29 | cpu  715290867 1553337 100691976 21828680895 227027 0 768576 0 0 0
1791487792 2445, 13801, 28, 0x0000000000000000 | 4.58 6.18 6.28 | cpu  715291095 1553337 100692092 21828708114 227027 0 768576 0 0 0
1791487793 2445, 13801, 28, 0x0000000000000000 | 4.58 6.18 6.28 | cpu  715291326 1553337 100692244 21828735273 227027 0 768577 0 0 0
1791487794 2445, 13801, 28, 0x0000000000000000 | 4.58 6.18 6.28 | cpu  715291550 1553337 100692365 21828762492 227027 0 768577 0 0 0
1791487795 2445, 13801, 28, 0x0000000000000000 | 4.58 6.18 6.28 | cpu  715291772 1553337 100692476 21828789740 227027 0 768577 0 0 0
1791487796 2445, 13801, 28, 0x0000000000000000 | 4.58 6.18 6.28 | cpu  715291994 1553337 100692590 21828816929 227027 0 768577 0 0 0
1791487798 2445, 13801, 28, 0x0000000000000000 | 4.45 6.13 6.26 | cpu  715292211 1553337 100692711 21828844071 227027 0 768577 0 0 0
1791487799 2445, 13801, 28, 0x0000000000000000 | 4.45 6.13 6.26 | cpu  715292750 1553337 100692858 21828870958 227027 0 768577 0 0 0
1791487800 2445, 13801, 28, 0x0000000000000000 | 4.45 6.13 6.26 | cpu  715295218 1553337 100692947 21828896039 227028 0 768577 0 0 0
1791487801 2445, 13801, 28, 0x0000000000000000 | 4.45 6.13 6.26 | cpu  715295438 1553337 100693106 21828923449 227028 0 768577 0 0 0
1791487802 2445, 13801, 28, 0x0000000000000000 | 4.33 6.08 6.24 | cpu  715295674 1553337 100693255 21828950705 227028 0 768577 0 0 0
1791487803 2445, 13801, 28, 0x0000000000000000 | 4.33 6.08 6.24 | cpu  715295920 1553337 100693394 21828978021 227028 0 768577 0 0 0
1791487804 2445, 13801, 28, 0x0000000000000000 | 4.33 6.08 6.24 | cpu  715296146 1553337 100693548 21829005227 227028 0 768577 0 0 0
1791487805 2445, 13801, 28, 0x0000000000000000 | 4.33 6.08 6.24 | cpu  715296359 1553337 100693689 21829032524 227028 0 768577 0 0 0
1791487806 2445, 13801, 28, 0x0000000000000000 | 4.33 6.08 6.24 | cpu  715296564 1553337 100693818 21829059764 227028 0 768577 0 0 0
1791487807 2445, 13801, 28, 0x0000000000000000 | 4.23 6.03 6.22 | cpu  715296761 1553337 100693971 21829087019 227028 0 768577 0 0 0
1791487808 2445, 13801, 28, 0x0000000000000000 | 4.23 6.03 6.22 | cpu  715296964 1553337 100694102 21829114248 227028 0 768577 0 0 0
1791487809 2445, 13801, 28, 0x0000000000000000 | 4.23 6.03 6.22 | cpu  715297809 1553337 100694262 21829141021 227028 0 768577 0 0 0
1791487811 2445, 13801, 28, 0x0000000000000000 | 4.23 6.03 6.22 | cpu  715300013 1553337 100694355 21829166294 227028 0 768577 0 0 0
1791487812 2445, 13801, 28, 0x0000000000000000 | 4.37 6.03 6.22 | cpu  715300232 1553337 100694588 21829193455 227029 0 768577 0 0 0
1791487813 2445, 13801, 28, 0x0000000000000000 | 4.37 6.03 6.22 | cpu  715300427 1553337 100694739 21829220700 227029 0 768577 0 0 0
1791487814 2445, 13801, 28, 0x0000000000000000 | 4.37 6.03 6.22 | cpu  715300538 1553337 100694882 21829248080 227029 0 768577 0 0 0
1791487815 2445, 13801, 28, 0x0000000000000000 | 4.37 6.03 6.22 | cpu  715300664 1553337 100695024 21829275409 227029 0 768577 0 0 0
1791487816 2445, 13801, 28, 0x0000000000000000 | 4.37 6.03 6.22 | cpu  715300778 1553337 100695139 21829302733 227029 0 768577 0 0 0
1791487817 2445, 13801, 28, 0x0000000000000000 | 4.18 5.96 6.20 | cpu  715300894 1553337 100695262 21829330001 227029 0 768577 0 0 0
1791487818 2445, 13801, 28, 0x0000000000000000 | 4.18 5.96 6.20 | cpu  715301007 1553337 100695374 21829357299 227029 0 768577 0 0 0
1791487819 2445, 13801, 29, 0x0000000000000000 | 4.18 5.96 6.20 | cpu  715301121 1553337 100695484 21829384568 227029 0 768577 0 0 0
1791487820 2445, 13801, 29, 0x0000000000000000 | 4.18 5.96 6.20 | cpu  715302103 1553337 100695660 21829411091 227029 0 768577 0 0 0
1791487821 2445, 13801, 29, 0x0000000000000000 | 4.18 5.96 6.20 | cpu  715304084 1553337 100695747 21829436562 227030 0 768577 0 0 0
1791487822 2445, 13801, 29, 0x0000000000000000 | 4.08 5.91 6.18 | cpu  715304212 1553337 100695875 21829463935 227030 0 768577 0 0 0
1791487823 2445, 13801, 29, 0x0000000000000000 | 4.08 5.91 6.18 | cpu  715304326 1553337 100695993 21829491254 227030 0 768577 0 0 0
1791487825 2445, 13801, 29, 0x0000000000000000 | 4.08 5.91 6.18 | cpu  715304436 1553337 100696119 21829518588 227030 0 768577 0 0 0
1791487826 2445, 13801, 29, 0x0000000000000000 | 4.08 5.91 6.18 | cpu  715304567 1553337 100696331 21829545796 227030 0 768577 0 0 0
1791487827 2445, 13801, 29, 0x0000000000000000 | 4.00 5.86 6.16 | cpu  715304690 1553337 100696559 21829572979 227030 0 768577 0 0 0
1791487828 2445, 13801, 29, 0x0000000000000000 | 4.00 5.86 6.16 | cpu  715304806 1553337 100696683 21829600294 227030 0 768577 0 0 0
1791487829 2445, 13801, 29, 0x0000000000000000 | 4.00 5.86 6.16 | cpu  715304923 1553337 100696790 21829627559 227030 0 768577 0 0 0
1791487830 2445, 13801, 29, 0x0000000000000000 | 4.00 5.86 6.16 | cpu  715305041 1553337 100696899 21829654902 227030 0 768577 0 0 0
1791487831 2445, 13801, 29, 0x0000000000000000 | 4.00 5.86 6.16 | cpu  715306470 1553337 100697020 21829681062 227030 0 768577 0 0 0
1791487832 2445, 13801, 29, 0x0000000000000000 | 3.84 5.80 6.14 | cpu  715308398 1553337 100697134 21829706512 227031 0 768577 0 0 0
1791487833 2445, 13801, 29, 0x0000000000000000 | 3.84 5.80 6.14 | cpu  715308516 1553337 100697253 21829733771 227031 0 768577 0 0 0
1791487834 2445, 13801, 29, 0x0000000000000000 | 3.84 5.80 6.14 | cpu  715308635 1553337 100697410 21829761022 227031 0 768577 0 0 0
1791487835 2445, 13801, 29, 0x0000000000000000 | 3.84 5.80 6.14 | cpu  715308750 1553337 100697633 21829788236 227031 0 768577 0 0 0
1791487836 2445, 13801, 29, 0x0000000000000000 | 3.84 5.80 6.14 | cpu  715308912 1553337 100697814 21829815432 227031 0 768577 0 0 0
1791487837 2872, 13801, 32, 0x0000000000000000 | 3.85 5.77 6.13 | cpu  715309093 1553337 100698025 21829842724 227031 0 768577 0 0 0
1791487839 2902, 13801, 32, 0x0000000000000000 | 3.85 5.77 6.13 | cpu  715309271 1553337 100698183 21829869856 227031 0 768577 0 0 0
1791487840 2902, 13801, 33, 0x0000000000000000 | 3.85 5.77 6.13 | cpu  715309475 1553337 100698388 21829897101 227031 0 768577 0 0 0
1791487841 2887, 13801, 38, 0x0000000000000000 | 3.85 5.77 6.13 | cpu  715309663 1553337 100698551 21829924542 227031 0 768577 0 0 0
1791487842 2887, 13801, 35, 0x0000000000000000 | 3.78 5.72 6.11 | cpu  715310422 1553337 100698711 21829951253 227031 0 768577 0 0 0
1791487843 2895, 13801, 40, 0x0000000000000000 | 3.78 5.72 6.11 | cpu  715312844 1553337 100698883 21829976318 227032 0 768577 0 0 0
1791487844 2887, 13801, 36, 0x0000000000000000 | 3.78 5.72 6.11 | cpu  715313027 1553337 100699051 21830003639 227032 0 768577 0 0 0
1791487845 2887, 13801, 39, 0x0000000000000000 | 3.78 5.72 6.11 | cpu  715313209 1553337 100699216 21830030892 227032 0 768577 0 0 0
1791487846 2887, 13801, 38, 0x0000000000000000 | 3.78 5.72 6.11 | cpu  715313402 1553337 100699374 21830058283 227032 0 768577 0 0 0
1791487847 2887, 13801, 37, 0x0000000000000000 | 3.72 5.68 6.09 | cpu  715313673 1553337 100699453 21830085575 227032 0 768577 0 0 0
1791487848 2895, 13801, 39, 0x0000000000000000 | 3.72 5.68 6.09 | cpu  715313970 1553337 100699560 21830112933 227032 0 768578 0 0 0
1791487849 2895, 13801, 38, 0x0000000000000000 | 3.72 5.68 6.09 | cpu  715314258 1553337 100699620 21830140219 227032 0 768578 0 0 0
1791487850 2887, 13801, 38, 0x0000000000000000 | 3.72 5.68 6.09 | cpu  715314548 1553337 100699687 21830167491 227032 0 768578 0 0 0
1791487852 2895, 13801, 38, 0x0000000000000000 | 3.72 5.68 6.09 | cpu  715314829 1553337 100699758 21830194865 227032 0 768578 0 0 0
1791487853 2895, 13801, 36, 0x0000000000000000 | 3.74 5.65 6.08 | cpu  715315701 1553337 100699819 21830221704 227032 0 768578 0 0 0
1791487854 2895, 13801, 38, 0x0000000000000000 | 3.74 5.65 6.08 | cpu  715317886 1553337 100699894 21830247266 227032 0 768578 0 0 0
1791487855 2895, 13801, 39, 0x0000000000000000 | 3.74 5.65 6.08 | cpu  715318170 1553337 100699959 21830274533 227032 0 768578 0 0 0
1791487856 2895, 13801, 35, 0x0000000000000000 | 3.74 5.65 6.08 | cpu  715318449 1553337 100700031 21830301997 227033 0 768578 0 0 0
1791487857 2895, 13801, 39, 0x0000000000000000 | 3.76 5.62 6.07 | cpu  715318733 1553337 100700110 21830329416 227033 0 768578 0 0 0
1791487858 2902, 13801, 41, 0x0000000000000000 | 3.76 5.62 6.07 | cpu  715319022 1553337 100700189 21830356773 227033 0 768579 0 0 0
1791487859 2910, 13801, 35, 0x0000000000000000 | 3.76 5.62 6.07 | cpu  715319311 1553337 100700300 21830383948 227033 0 768579 0 0 0
1791487860 2932, 13801, 33, 0x0000000000000000 | 3.76 5.62 6.07 | cpu  715319585 1553337 100700371 21830411169 227033 0 768580 0 0 0
1791487861 2445, 13801, 32, 0x0000000000000000 | 3.76 5.62 6.07 | cpu  715319874 1553337 100700434 21830438342 227033 0 768581 0 0 0
1791487862 2445, 13801, 32, 0x0000000000000000 | 3.70 5.58 6.06 | cpu  715320159 1553337 100700511 21830465520 227033 0 768582 0 0 0
1791487863 2445, 13801, 31, 0x0000000000000000 | 3.70 5.58 6.06 | cpu  715321101 1553337 100700551 21830492149 227033 0 768582 0 0 0
1791487864 2445, 13801, 31, 0x0000000000000000 | 3.70 5.58 6.06 | cpu  715323785 1553337 100700619 21830517033 227033 0 768583 0 0 0
1791487866 2445, 13801, 31, 0x0000000000000000 | 3.70 5.58 6.06 | cpu  715324062 1553337 100700687 21830544249 227033 0 768584 0 0 0
1791487867 2445, 13801, 30, 0x0000000000000000 | 3.64 5.53 6.04 | cpu  715324321 1553338 100700769 21830571313 227033 0 768585 0 0 0
1791487868 2445, 13801, 30, 0x0000000000000000 | 3.64 5.53 6.04 | cpu  715324572 1553338 100700865 21830598478 227033 0 768586 0 0 0
1791487869 2445, 13801, 30, 0x0000000000000000 | 3.64 5.53 6.04 | cpu  715324827 1553338 100700947 21830625655 227033 0 768586 0 0 0
1791487870 2445, 13801, 30, 0x0000000000000000 | 3.64 5.53 6.04 | cpu  715325119 1553338 100701048 21830652776 227033 0 768586 0 0 0
1791487871 2445, 13801, 29, 0x0000000000000000 | 3.64 5.53 6.04 | cpu  715325401 1553338 100701112 21830679973 227033 0 768586 0 0 0
1791487872 2445, 13801, 29, 0x0000000000000000 | 3.59 5.49 6.02 | cpu  715325680 1553338 100701176 21830707191 227033 0 768586 0 0 0
1791487873 2445, 13801, 29, 0x0000000000000000 | 3.59 5.49 6.02 | cpu  715325964 1553338 100701240 21830734313 227033 0 768586 0 0 0
1791487874 2445, 13801, 29, 0x0000000000000000 | 3.59 5.49 6.02 | cpu  715326819 1553338 100701300 21830761110 227033 0 768586 0 0 0
1791487875 2445, 13801, 29, 0x0000000000000000 | 3.59 5.49 6.02 | cpu  715329381 1553338 100701367 21830785965 227034 0 768586 0 0 0
1791487876 2445, 13801, 28, 0x0000000000000000 | 3.59 5.49 6.02 | cpu  715329661 1553338 100701431 21830813183 227034 0 768586 0 0 0
1791487877 2445, 810, 28, 0x0000000000000000 | 3.55 5.45 6.01 | cpu  715329936 1553338 100701508 21830840575 227034 0 768586 0 0 0
1791487878 330, 810, 27, 0x0000000000000000 | 3.55 5.45 6.01 | cpu  715330209 1553339 100701584 21830867991 227034 0 768586 0 0 0
1791487880 225, 405, 27, 0x0000000000000000 | 3.55 5.45 6.01 | cpu  715330487 1553339 100701652 21830895509 227034 0 768586 0 0 0
1791487881 225, 405, 27, 0x0000000000000000 | 3.55 5.45 6.01 | cpu  715330775 1553339 100701750 21830922975 227034 0 768586 0 0 0
1791487882 225, 405, 26, 0x0000000000000000 | 3.58 5.42 5.99 | cpu  715331067 1553339 100701833 21830950470 227034 0 768586 0 0 0
1791487883 225, 405, 26, 0x0000000000000000 | 3.58 5.42 5.99 | cpu  715331358 1553339 100701897 21830977943 227034 0 768586 0 0 0
1791487884 225, 405, 26, 0x0000000000000000 | 3.58 5.42 5.99 | cpu  715331636 1553339 100701973 21831005443 227034 0 768586 0 0 0
1791487885 225, 405, 26, 0x0000000000000000 | 3.58 5.42 5.99 | cpu  715332614 1553339 100702034 21831032622 227034 0 768586 0 0 0
1791487886 225, 405, 26, 0x0000000000000000 | 3.58 5.42 5.99 | cpu  715334954 1553339 100702085 21831058189 227034 0 768586 0 0 0
1791487887 225, 405, 25, 0x0000000000000000 | 3.54 5.38 5.98 | cpu  715335237 1553339 100702165 21831085655 227034 0 768586 0 0 0
1791487888 225, 405, 25, 0x0000000000000000 | 3.54 5.38 5.98 | cpu  715335515 1553339 100702241 21831113138 227034 0 768586 0 0 0
1791487889 225, 405, 25, 0x0000000000000000 | 3.54 5.38 5.98 | cpu  715335795 1553340 100702319 21831140715 227034 0 768586 0 0 0
1791487890 225, 405, 25, 0x0000000000000000 | 3.54 5.38 5.98 | cpu  715336082 1553340 100702450 21831168317 227034 0 768586 0 0 0
1791487892 225, 405, 25, 0x0000000000000000 | 3.65 5.38 5.97 | cpu  715336371 1553340 100702629 21831195717 227034 0 768586 0 0 0
1791487893 225, 405, 25, 0x0000000000000000 | 3.65 5.38 5.97 | cpu  715336656 1553340 100702711 21831223268 227034 0 768586 0 0 0
1791487894 225, 405, 25, 0x0000000000000000 | 3.65 5.38 5.97 | cpu  715336936 1553340 100702783 21831250909 227034 0 768586 0 0 0
1791487895 225, 405, 25, 0x0000000000000000 | 3.65 5.38 5.97 | cpu  715337219 1553340 100702846 21831278493 227034 0 768586 0 0 0
1791487896 225, 405, 25, 0x0000000000000000 | 3.65 5.38 5.97 | cpu  715339049 1553340 100702886 21831304588 227035 0 768587 0 0 0
1791487897 225, 405, 25, 0x0000000000000000 | 3.68 5.35 5.96 | cpu  715340700 1553340 100702980 21831330730 227035 0 768587 0 0 0
1791487898 225, 405, 25, 0x0000000000000000 | 3.68 5.35 5.96 | cpu  715340986 1553340 100703102 21831358359 227035 0 768587 0 0 0
1791487899 225, 405, 25, 0x0000000000000000 | 3.68 5.35 5.96 | cpu  715341263 1553340 100703174 21831385950 227035 0 768587 0 0 0
1791487900 225, 405, 25, 0x0000000000000000 | 3.68 5.35 5.96 | cpu  715341539 1553340 100703248 21831413541 227035 0 768587 0 0 0
1791487901 225, 405, 25, 0x0000000000000000 | 3.68 5.35 5.96 | cpu  715341822 1553340 100703305 21831441064 227035 0 768587 0 0 0
1791487902 225, 405, 25, 0x0000000000000000 | 3.63 5.31 5.95 | cpu  715342109 1553340 100703402 21831468526 227035 0 768587 0 0 0
1791487904 225, 405, 25, 0x0000000000000000 | 3.63 5.31 5.95 | cpu  715342390 1553340 100703477 21831496080 227035 0 768587 0 0 0
1791487905 225, 405, 25, 0x0000000000000000 | 3.63 5.31 5.95 | cpu  715342667 1553340 100703550 21831523577 227035 0 768587 0 0 0
1791487906 225, 405, 25, 0x0000000000000000 | 3.63 5.31 5.95 | cpu  715342945 1553340 100703628 21831551130 227035 0 768587 0 0 0
1791487907 225, 405, 25, 0x0000000000000000 | 3.58 5.28 5.93 | cpu  715344697 1553340 100703676 21831577315 227035 0 768587 0 0 0
1791487908 225, 405, 25, 0x0000000000000000 | 3.58 5.28 5.93 | cpu  715345945 1553340 100703784 21831603959 227035 0 768587 0 0 0
1791487909 225, 405, 25, 0x0000000000000000 | 3.58 5.28 5.93 | cpu  715346228 1553340 100703851 21831631541 227035 0 768587 0 0 0
1791487910 225, 405, 25, 0x0000000000000000 | 3.58 5.28 5.93 | cpu  715346510 1553340 100703907 21831659046 227035 0 768587 0 0 0
1791487911 225, 405, 25, 0x0000000000000000 | 3.58 5.28 5.93 | cpu  715346793 1553340 100703969 21831686565 227035 0 768587 0 0 0
1791487912 225, 405, 25, 0x0000000000000000 | 3.53 5.24 5.91 | cpu  715347073 1553340 100704049 21831714074 227035 0 768587 0 0 0
1791487913 225, 405, 25, 0x0000000000000000 | 3.53 5.24 5.91 | cpu  715347361 1553340 100704149 21831741525 227035 0 768587 0 0 0
1791487914 225, 405, 25, 0x0000000000000000 | 3.53 5.24 5.91 | cpu  715347641 1553340 100704229 21831769277 227035 0 768587 0 0 0
1791487916 225, 405, 25, 0x0000000000000000 | 3.53 5.24 5.91 | cpu  715347914 1553340 100704305 21831796877 227035 0 768587 0 0 0
1791487917 225, 405, 25, 0x0000000000000000 | 3.49 5.20 5.90 | cpu  715348182 1553340 100704385 21831824416 227035 0 768587 0 0 0
1791487918 217, 405, 25, 0x0000000000000000 | 3.49 5.20 5.90 | cpu  715350320 1553340 100704432 21831850314 227035 0 768587 0 0 0
1791487919 225, 405, 25, 0x0000000000000000 | 3.49 5.20 5.90 | cpu  715351225 1553340 100704537 21831877371 227035 0 768587 0 0 0
1791487920 225, 405, 25, 0x0000000000000000 | 3.49 5.20 5.90 | cpu  715351498 1553340 100704608 21831904900 227035 0 768587 0 0 0
1791487921 225, 405, 25, 0x0000000000000000 | 3.49 5.20 5.90 | cpu  715351781 1553340 100704670 21831932350 227035 0 768587 0 0 0
1791487922 225, 405, 25, 0x0000000000000000 | 3.45 5.16 5.88 | cpu  715352059 1553340 100704733 21831959752 227035 0 768587 0 0 0
1791487923 225, 405, 25, 0x0000000000000000 | 3.45 5.16 5.88 | cpu  715352336 1553340 100704811 21831987344 227035 0 768587 0 0 0
1791487924 225, 405, 25, 0x0000000000000000 | 3.45 5.16 5.88 | cpu  715352620 1553340 100704917 21832014858 227035 0 768587 0 0 0
1791487925 225, 405, 25, 0x0000000000000000 | 3.45 5.16 5.88 | cpu  715352899 1553340 100704992 21832042439 227035 0 768587 0 0 0
1791487926 225, 405, 25, 0x0000000000000000 | 3.45 5.16 5.88 | cpu  715353177 1553340 100705071 21832070094 227035 0 768587 0 0 0
1791487928 225, 405, 25, 0x0000000000000000 | 3.41 5.13 5.87 | cpu  715353453 1553340 100705147 21832097772 227036 0 768587 0 0 0
1791487929 225, 405, 25, 0x0000000000000000 | 3.41 5.13 5.87 | cpu  715356275 1553340 100705183 21832123043 227036 0 768587 0 0 0
1791487930 225, 405, 25, 0x0000000000000000 | 3.41 5.13 5.87 | cpu  715356557 1553340 100705293 21832150633 227036 0 768587 0 0 0
1791487931 225, 405, 25, 0x0000000000000000 | 3.41 5.13 5.87 | cpu  715356842 1553340 100705372 21832178197 227036 0 768587 0 0 0
1791487932 225, 405, 25, 0x0000000000000000 | 3.38 5.09 5.85 | cpu  715357127 1553340 100705436 21832205763 227036 0 768587 0 0 0
1791487933 225, 405, 25, 0x0000000000000000 | 3.38 5.09 5.85 | cpu  715357441 1553340 100705539 21832233366 227036 0 768587 0 0 0
1791487934 225, 405, 25, 0x0000000000000000 | 3.38 5.09 5.85 | cpu  715357814 1553340 100705637 21832260927 227036 0 768587 0 0 0
1791487935 225, 405, 25, 0x0000000000000000 | 3.38 5.09 5.85 | cpu  715358100 1553340 100705735 21832288509 227036 0 768587 0 0 0
1791487936 225, 405, 25, 0x0000000000000000 | 3.38 5.09 5.85 | cpu  715358383 1553340 100705813 21832316023 227036 0 768587 0 0 0
1791487937 225, 405, 25, 0x0000000000000000 | 3.35 5.06 5.83 | cpu  715358685 1553340 100705896 21832343553 227036 0 768587 0 0 0
1791487939 225, 405, 25, 0x0000000000000000 | 3.35 5.06 5.83 | cpu  715359588 1553340 100705957 21832370565 227036 0 768587 0 0 0
1791487940 225, 405, 25, 0x0000000000000000 | 3.35 5.06 5.83 | cpu  715361768 1553340 100706025 21832396521 227036 0 768587 0 0 0
1791487941 225, 405, 25, 0x0000000000000000 | 3.35 5.06 5.83 | cpu  715362055 1553340 100706173 21832424052 227036 0 768587 0 0 0
1791487942 225, 405, 25, 0x0000000000000000 | 3.40 5.04 5.82 | cpu  715362345 1553340 100706263 21832451606 227036 0 768587 0 0 0
1791487943 225, 405, 25, 0x0000000000000000 | 3.40 5.04 5.82 | cpu  715362628 1553340 100706330 21832479213 227036 0 768587 0 0 0
1791487944 225, 405, 25, 0x0000000000000000 | 3.40 5.04 5.82 | cpu  715362911 1553340 100706397 21832506795 227036 0 768587 0 0 0
1791487945 225, 405, 25, 0x0000000000000000 | 3.40 5.04 5.82 | cpu  715363195 1553340 100706459 21832534267 227036 0 768587 0 0 0
1791487946 225, 405, 25, 0x0000000000000000 | 3.40 5.04 5.82 | cpu  715363488 1553340 100706560 21832561780 227036 0 768588 0 0 0
1791487947 225, 405, 25, 0x0000000000000000 | 3.37 5.00 5.81 | cpu  715363768 1553340 100706635 21832589293 227036 0 768588 0 0 0
1791487948 225, 405, 25, 0x0000000000000000 | 3.37 5.00 5.81 | cpu  715364053 1553340 100706695 21832616757 227036 0 768588 0 0 0
1791487949 225, 405, 25, 0x0000000000000000 | 3.37 5.00 5.81 | cpu  715365298 1553340 100706743 21832643637 227037 0 768588 0 0 0
1791487951 225, 405, 24, 0x0000000000000000 | 3.37 5.00 5.81 | cpu  715367187 1553340 100706783 21832669823 227037 0 768588 0 0 0
1791487952 225, 405, 25, 0x0000000000000000 | 3.50 5.00 5.80 | cpu  715367483 1553340 100706881 21832697344 227037 0 768588 0 0 0
1791487953 225, 405, 24, 0x0000000000000000 | 3.50 5.00 5.80 | cpu  715367774 1553340 100706951 21832724825 227037 0 768588 0 0 0
1791487954 225, 405, 24, 0x0000000000000000 | 3.50 5.00 5.80 | cpu  715368076 1553340 100707034 21832752290 227037 0 768588 0 0 0
1791487955 225, 405, 24, 0x0000000000000000 | 3.50 5.00 5.80 | cpu  715368369 1553340 100707133 21832779841 227037 0 768588 0 0 0
1791487956 225, 405, 24, 0x0000000000000000 | 3.50 5.00 5.80 | cpu  715368663 1553340 100707345 21832807313 227037 0 768588 0 0 0
1791487957 225, 405, 24, 0x0000000000000000 | 3.54 4.99 5.79 | cpu  715368964 1553340 100707483 21832835001 227037 0 768588 0 0 0
1791487958 225, 405, 24, 0x0000000000000000 | 3.54 4.99 5.79 | cpu  715369256 1553340 100707560 21832862730 227037 0 768588 0 0 0
1791487959 225, 405, 24, 0x0000000000000000 | 3.54 4.99 5.79 | cpu  715369543 1553340 100707624 21832890338 227037 0 768588 0 0 0
1791487960 225, 405, 24, 0x0000000000000000 | 3.54 4.99 5.79 | cpu  715371470 1553340 100707660 21832916476 227038 0 768588 0 0 0
1791487961 225, 405, 24, 0x0000000000000000 | 3.54 4.99 5.79 | cpu  715372731 1553340 100707723 21832942998 227038 0 768588 0 0 0
1791487963 225, 405, 24, 0x0000000000000000 | 3.50 4.95 5.78 | cpu  715373025 1553340 100707822 21832970400 227038 0 768588 0 0 0
1791487964 225, 405, 24, 0x0000000000000000 | 3.50 4.95 5.78 | cpu  715373307 1553340 100707887 21832997787 227038 0 768588 0 0 0
1791487965 225, 405, 24, 0x0000000000000000 | 3.50 4.95 5.78 | cpu  715373599 1553340 100707958 21833025246 227038 0 768588 0 0 0
1791487966 225, 405, 24, 0x0000000000000000 | 3.50 4.95 5.78 | cpu  715373884 1553341 100708021 21833052659 227038 0 768588 0 0 0
1791487967 225, 405, 24, 0x0000000000000000 | 3.46 4.92 5.76 | cpu  715374173 1553341 100708087 21833080251 227038 0 768588 0 0 0
1791487968 225, 405, 24, 0x0000000000000000 | 3.46 4.92 5.76 | cpu  715374467 1553341 100708189 21833107833 227038 0 768588 0 0 0
1791487969 225, 405, 24, 0x0000000000000000 | 3.46 4.92 5.76 | cpu  715374763 1553341 100708280 21833135403 227038 0 768588 0 0 0
1791487970 225, 405, 24, 0x0000000000000000 | 3.46 4.92 5.76 | cpu  715375044 1553341 100708351 21833163144 227038 0 768588 0 0 0
1791487971 225, 405, 24, 0x0000000000000000 | 3.46 4.92 5.76 | cpu  715377201 1553341 100708460 21833188917 227038 0 768589 0 0 0
1791487972 225, 405, 24, 0x0000000000000000 | 3.58 4.92 5.76 | cpu  715378086 1553341 100708574 21833215837 227038 0 768589 0 0 0
1791487973 225, 405, 24, 0x0000000000000000 | 3.58 4.92 5.76 | cpu  715378382 1553341 100708673 21833243329 227038 0 768589 0 0 0
1791487975 225, 405, 24, 0x0000000000000000 | 3.58 4.92 5.76 | cpu  715378677 1553341 100708745 21833271273 227038 0 768589 0 0 0
1791487976 225, 405, 24, 0x0000000000000000 | 3.58 4.92 5.76 | cpu  715378967 1553341 100708847 21833298776 227038 0 768589 0 0 0
1791487977 225, 405, 24, 0x0000000000000000 | 3.53 4.89 5.75 | cpu  715379290 1553341 100708937 21833326429 227038 0 768589 0 0 0
1791487978 225, 405, 24, 0x0000000000000000 | 3.53 4.89 5.75 | cpu  715379576 1553341 100708998 21833353881 227038 0 768589 0 0 0
1791487979 225, 405, 24, 0x0000000000000000 | 3.53 4.89 5.75 | cpu  715379870 1553341 100709098 21833381391 227038 0 768589 0 0 0
1791487980 225, 405, 24, 0x0000000000000000 | 3.53 4.89 5.75 | cpu  715380159 1553341 100709171 21833408939 227038 0 768589 0 0 0
1791487981 225, 405, 24, 0x0000000000000000 | 3.53 4.89 5.75 | cpu  715380440 1553341 100709240 21833436472 227038 0 768589 0 0 0
1791487982 225, 405, 24, 0x0000000000000000 | 3.49 4.86 5.73 | cpu  715383189 1553341 100709291 21833461650 227038 0 768589 0 0 0
1791487983 225, 405, 24, 0x0000000000000000 | 3.49 4.86 5.73 | cpu  715384433 1553341 100709355 21833488249 227038 0 768589 0 0 0
1791487984 225, 405, 24, 0x0000000000000000 | 3.49 4.86 5.73 | cpu  715384730 1553341 100709460 21833515707 227039 0 768589 0 0 0
1791487985 225, 405, 24, 0x0000000000000000 | 3.49 4.86 5.73 | cpu  715385022 1553341 100709530 21833543263 227039 0 768589 0 0 0
1791487987 225, 405, 24, 0x0000000000000000 | 3.49 4.86 5.73 | cpu  715385313 1553341 100709608 21833570941 227039 0 768589 0 0 0
1791487988 225, 405, 24, 0x0000000000000000 | 3.61 4.86 5.73 | cpu  715385605 1553341 100709699 21833598629 227039 0 768589 0 0 0
1791487989 225, 405, 24, 0x0000000000000000 | 3.61 4.86 5.73 | cpu  715385891 1553341 100709765 21833626205 227039 0 768589 0 0 0
1791487990 225, 405, 24, 0x0000000000000000 | 3.61 4.86 5.73 | cpu  715386184 1553341 100709869 21833653725 227039 0 768589 0 0 0
1791487991 225, 405, 24, 0x0000000000000000 | 3.61 4.86 5.73 | cpu  715386469 1553341 100709934 21833681226 227039 0 768589 0 0 0
1791487992 225, 405, 24, 0x0000000000000000 | 3.56 4.83 5.71 | cpu  715387119 1553341 100710001 21833708440 227039 0 768589 0 0 0
1791487993 225, 405, 24, 0x0000000000000000 | 3.56 4.83 5.71 | cpu  715389790 1553341 100710036 21833733591 227039 0 768589 0 0 0
1791487994 225, 405, 24, 0x0000000000000000 | 3.56 4.83 5.71 | cpu  715390071 1553341 100710106 21833761091 227039 0 768589 0 0 0
1791487995 225, 405, 24, 0x0000000000000000 | 3.56 4.83 5.71 | cpu  715390364 1553341 100710208 21833788699 227039 0 768589 0 0 0
1791487996 225, 405, 24, 0x0000000000000000 | 3.56 4.83 5.71 | cpu  715390647 1553341 100710273 21833816186 227039 0 768589 0 0 0
1791487997 225, 405, 24, 0x0000000000000000 | 3.52 4.80 5.70 | cpu  715390931 1553341 100710343 21833843692 227039 0 768589 0 0 0
1791487999 225, 405, 24, 0x0000000000000000 | 3.52 4.80 5.70 | cpu  715391214 1553341 100710409 21833871223 227039 0 768589 0 0 0
1791488000 225, 405, 24, 0x0000000000000000 | 3.52 4.80 5.70 | cpu  715391508 1553342 100710478 21833898764 227039 0 768589 0 0 0
1791488001 225, 405, 24, 0x0000000000000000 | 3.52 4.80 5.70 | cpu  715391808 1553342 100710582 21833926365 227039 0 768589 0 0 0
1791488002 225, 405, 24, 0x0000000000000000 | 3.64 4.80 5.69 | cpu  715392112 1553342 100710673 21833953869 227039 0 768589 0 0 0
1791488003 225, 405, 24, 0x0000000000000000 | 3.64 4.80 5.69 | cpu  715392712 1553342 100710747 21833981126 227039 0 768589 0 0 0
1791488004 2902, 13801, 32, 0x0000000000000000 | 3.64 4.80 5.69 | cpu  715394940 1553342 100710800 21834006579 227040 0 768589 0 0 0
1791488005 2887, 13801, 35, 0x0000000000000000 | 3.64 4.80 5.69 | cpu  715395223 1553342 100710871 21834033992 227040 0 768589 0 0 0
1791488006 2902, 13801, 30, 0x0000000000000000 | 3.64 4.80 5.69 | cpu  715395511 1553342 100710975 21834061329 227040 0 768589 0 0 0
1791488007 2902, 13801, 33, 0x0000000000000000 | 3.58 4.77 5.68 | cpu  715395801 1553342 100711051 21834088570 227040 0 768589 0 0 0
1791488008 2902, 13801, 34, 0x0000000000000000 | 3.58 4.77 5.68 | cpu  715396086 1553342 100711112 21834115856 227040 0 768589 0 0 0
1791488009 2902, 13801, 35, 0x0000000000000000 | 3.58 4.77 5.68 | cpu  715396371 1553342 100711176 21834143269 227040 0 768589 0 0 0
1791488011 2895, 13801, 34, 0x0000000000000000 | 3.58 4.77 5.68 | cpu  715396662 1553342 100711241 21834170589 227040 0 768589 0 0 0
1791488012 2887, 13801, 36, 0x0000000000000000 | 3.62 4.76 5.67 | cpu  715396957 1553342 100711344 21834197947 227040 0 768589 0 0 0
1791488013 2902, 13801, 32, 0x0000000000000000 | 3.62 4.76 5.67 | cpu  715397243 1553342 100711405 21834225234 227040 0 768589 0 0 0
1791488014 2887, 13801, 38, 0x0000000000000000 | 3.62 4.76 5.67 | cpu  715398197 1553342 100711457 21834252051 227040 0 768589 0 0 0
1791488015 2895, 13801, 35, 0x0000000000000000 | 3.62 4.76 5.67 | cpu  715400397 1553342 100711487 21834277593 227040 0 768589 0 0 0
1791488016 2895, 13801, 40, 0x0000000000000000 | 3.62 4.76 5.67 | cpu  715400686 1553342 100711555 21834305030 227041 0 768589 0 0 0
1791488017 2887, 13801, 34, 0x0000000000000000 | 3.65 4.75 5.66 | cpu  715400984 1553342 100711667 21834332405 227041 0 768589 0 0 0
1791488018 2895, 13801, 35, 0x0000000000000000 | 3.65 4.75 5.66 | cpu  715401266 1553342 100711735 21834359684 227041 0 768589 0 0 0
1791488019 2887, 13801, 36, 0x0000000000000000 | 3.65 4.75 5.66 | cpu  715401550 1553342 100711802 21834387063 227041 0 768589 0 0 0
1791488020 2895, 13801, 38, 0x0000000000000000 | 3.65 4.75 5.66 | cpu  715401841 1553342 100711920 21834414436 227041 0 768589 0 0 0
1791488021 2887, 13801, 37, 0x0000000000000000 | 3.65 4.75 5.66 | cpu  715402131 1553342 100712069 21834441850 227041 0 768589 0 0 0
1791488022 2887, 13801, 36, 0x0000000000000000 | 3.68 4.73 5.65 | cpu  715402437 1553342 100712172 21834469111 227041 0 768589 0 0 0
1791488024 2895, 13801, 40, 0x0000000000000000 | 3.68 4.73 5.65 | cpu  715402731 1553342 100712245 21834496521 227041 0 768589 0 0 0
1791488025 2895, 13801, 38, 0x0000000000000000 | 3.68 4.73 5.65 | cpu  715403956 1553342 100712296 21834523098 227041 0 768589 0 0 0
1791488026 2895, 13801, 35, 0x0000000000000000 | 3.68 4.73 5.65 | cpu  715405768 1553342 100712333 21834548900 227041 0 768589 0 0 0
1791488027 2887, 13801, 35, 0x0000000000000000 | 3.62 4.70 5.64 | cpu  715406053 1553342 100712396 21834576286 227041 0 768589 0 0 0
1791488028 2895, 13801, 37, 0x0000000000000000 | 3.62 4.70 5.64 | cpu  715406346 1553342 100712499 21834603538 227041 0 768589 0 0 0
1791488029 2902, 13801, 36, 0x0000000000000000 | 3.62 4.70 5.64 | cpu  715406630 1553342 100712562 21834630963 227041 0 768589 0 0 0
1791488030 2887, 13801, 39, 0x0000000000000000 | 3.62 4.70 5.64 | cpu  715406911 1553342 100712628 21834658295 227041 0 768589 0 0 0
1791488031 2887, 13801, 35, 0x0000000000000000 | 3.62 4.70 5.64 | cpu  715407195 1553342 100712694 21834685613 227041 0 768589 0 0 0
1791488032 2895, 13801, 37, 0x0000000000000000 | 3.57 4.68 5.62 | cpu  715407484 1553342 100712763 21834712888 227041 0 768589 0 0 0
1791488033 2887, 13801, 38, 0x0000000000000000 | 3.57 4.68 5.62 | cpu  715407789 1553342 100712875 21834740290 227041 0 768589 0 0 0
1791488034 2895, 13801, 41, 0x0000000000000000 | 3.57 4.68 5.62 | cpu  715408077 1553342 100712936 21834767656 227041 0 768589 0 0 0
1791488035 2902, 13801, 40, 0x0000000000000000 | 3.57 4.68 5.62 | cpu  715409617 1553342 100712979 21834794137 227041 0 768589 0 0 0
1791488037 2895, 13801, 40, 0x0000000000000000 | 3.57 4.68 5.62 | cpu  715411168 1553342 100713022 21834820166 227041 0 768589 0 0 0
1791488038 2887, 13801, 39, 0x0000000000000000 | 3.53 4.65 5.61 | cpu  715411455 1553342 100713086 21834847513 227041 0 768589 0 0 0
1791488039 2902, 13801, 42, 0x0000000000000000 | 3.53 4.65 5.61 | cpu  715411746 1553342 100713185 21834874708 227042 0 768589 0 0 0
1791488040 2887, 13801, 41, 0x0000000000000000 | 3.53 4.65 5.61 | cpu  715412035 1553342 100713246 21834902181 227042 0 768589 0 0 0
1791488041 2895, 13801, 40, 0x0000000000000000 | 3.53 4.65 5.61 | cpu  715412318 1553342 100713310 21834929521 227042 0 768589 0 0 0
1791488042 2887, 13801, 43, 0x0000000000000000 | 3.48 4.62 5.59 | cpu  715412600 1553342 100713377 21834956874 227042 0 768589 0 0 0
1791488043 2895, 13801, 41, 0x0000000000000000 | 3.48 4.62 5.59 | cpu  715412881 1553342 100713450 21834984328 227042 0 768589 0 0 0
1791488044 2880, 13801, 44, 0x0000000000000000 | 3.48 4.62 5.59 | cpu  715413175 1553342 100713549 21835011769 227042 0 768589 0 0 0
1791488045 2895, 13801, 41, 0x0000000000000000 | 3.48 4.62 5.59 | cpu  715413460 1553342 100713618 21835039098 227042 0 768590 0 0 0
1791488046 2895, 13801, 39, 0x0000000000000000 | 3.48 4.62 5.59 | cpu  715415332 1553342 100713656 21835064916 227042 0 768590 0 0 0
1791488047 2895, 13801, 39, 0x0000000000000000 | 3.44 4.59 5.58 | cpu  715416596 1553342 100713707 21835091414 227042 0 768590 0 0 0
1791488048 2895, 13801, 39, 0x0000000000000000 | 3.44 4.59 5.58 | cpu  715416880 1553342 100713772 21835118733 227042 0 768590 0 0 0
1791488050 2895, 13801, 42, 0x0000000000000000 | 3.44 4.59 5.58 | cpu  715417178 1553342 100713872 21835146137 227042 0 768590 0 0 0
1791488051 2887, 13801, 41, 0x0000000000000000 | 3.44 4.59 5.58 | cpu  715417466 1553342 100713934 21835173711 227042 0 768590 0 0 0
1791488052 2895, 13801, 41, 0x0000000000000000 | 3.41 4.57 5.56 | cpu  715417752 1553342 100713997 21835201073 227042 0 768590 0 0 0
1791488053 2887, 13801, 44, 0x0000000000000000 | 3.41 4.57 5.56 | cpu  715418044 1553342 100714109 21835228361 227042 0 768590 0 0 0
1791488054 2895, 13801, 39, 0x0000000000000000 | 3.41 4.57 5.56 | cpu  715418324 1553342 100714176 21835255648 227042 0 768590 0 0 0
1791488055 2887, 13801, 39, 0x0000000000000000 | 3.41 4.57 5.56 | cpu  715418610 1553342 100714280 21835282949 227042 0 768590 0 0 0
1791488056 2895, 13801, 40, 0x0000000000000000 | 3.41 4.57 5.56 | cpu  715418898 1553342 100714350 21835310251 227042 0 768590 0 0 0
1791488057 2895, 13801, 42, 0x0000000000000000 | 3.46 4.56 5.56 | cpu  715421035 1553342 100714376 21835336047 227042 0 768590 0 0 0
1791488058 2887, 13801, 40, 0x0000000000000000 | 3.46 4.56 5.56 | cpu  715421887 1553342 100714442 21835362911 227042 0 768590 0 0 0
1791488059 2887, 13801, 38, 0x0000000000000000 | 3.46 4.56 5.56 | cpu  715422173 1553342 100714501 21835390317 227042 0 768590 0 0 0
1791488060 2887, 13801, 38, 0x0000000000000000 | 3.46 4.56 5.56 | cpu  715422467 1553342 100714595 21835417565 227042 0 768590 0 0 0
1791488061 2887, 13801, 44, 0x0000000000000000 | 3.46 4.56 5.56 | cpu  715422754 1553342 100714663 21835445118 227042 0 768590 0 0 0
1791488063 2895, 13801, 40, 0x0000000000000000 | 3.50 4.55 5.55 | cpu  715423046 1553342 100714736 21835472368 227042 0 768590 0 0 0
1791488064 2887, 13801, 39, 0x0000000000000000 | 3.50 4.55 5.55 | cpu  715423333 1553342 100714802 21835499649 227042 0 768590 0 0 0
1791488065 2895, 13801, 41, 0x0000000000000000 | 3.50 4.55 5.55 | cpu  715423616 1553342 100714863 21835526853 227042 0 768590 0 0 0
1791488066 2887, 13801, 40, 0x0000000000000000 | 3.50 4.55 5.55 | cpu  715423906 1553342 100714964 21835554155 227042 0 768590 0 0 0
1791488067 2902, 13801, 44, 0x0000000000000000 | 3.46 4.52 5.53 | cpu  715424188 1553342 100715035 21835581535 227042 0 768590 0 0 0
1791488068 2895, 13801, 39, 0x0000000000000000 | 3.46 4.52 5.53 | cpu  715426352 1553342 100715073 21835607178 227043 0 768590 0 0 0
1791488069 2887, 13801, 42, 0x0000000000000000 | 3.46 4.52 5.53 | cpu  715427179 1553342 100715132 21835634078 227043 0 768590 0 0 0
1791488070 2887, 13801, 42, 0x0000000000000000 | 3.46 4.52 5.53 | cpu  715427467 1553342 100715190 21835661387 227043 0 768590 0 0 0
1791488071 2895, 13801, 39, 0x0000000000000000 | 3.46 4.52 5.53 | cpu  715427759 1553342 100715282 21835688644 227043 0 768590 0 0 0
1791488072 2887, 13801, 40, 0x0000000000000000 | 3.42 4.50 5.52 | cpu  715428046 1553342 100715350 21835715932 227043 0 768590 0 0 0
1791488073 2887, 13801, 43, 0x0000000000000000 | 3.42 4.50 5.52 | cpu  715428330 1553342 100715416 21835743226 227043 0 768590 0 0 0
1791488074 2895, 13801, 43, 0x0000000000000000 | 3.42 4.50 5.52 | cpu  715428615 1553342 100715477 21835770560 227043 0 768590 0 0 0
1791488076 2895, 13801, 40, 0x0000000000000000 | 3.42 4.50 5.52 | cpu  715428901 1553342 100715538 21835797896 227043 0 768590 0 0 0
1791488077 2887, 13801, 41, 0x0000000000000000 | 3.47 4.49 5.51 | cpu  715429192 1553343 100715630 21835825214 227043 0 768590 0 0 0
1791488078 2887, 13801, 45, 0x0000000000000000 | 3.47 4.49 5.51 | cpu  715429475 1553343 100715705 21835852505 227043 0 768590 0 0 0
1791488079 2895, 13801, 39, 0x0000000000000000 | 3.47 4.49 5.51 | cpu  715432061 1553343 100715740 21835877650 227043 0 768590 0 0 0
1791488080 2887, 13801, 40, 0x0000000000000000 | 3.47 4.49 5.51 | cpu  715432602 1553343 100715813 21835904892 227044 0 768590 0 0 0
1791488081 2887, 13801, 44, 0x0000000000000000 | 3.47 4.49 5.51 | cpu  715432886 1553343 100715879 21835932347 227044 0 768590 0 0 0
1791488082 2887, 13801, 40, 0x0000000000000000 | 3.43 4.46 5.50 | cpu  715433176 1553343 100715971 21835959644 227044 0 768590 0 0 0
1791488083 2880, 13801, 44, 0x0000000000000000 | 3.43 4.46 5.50 | cpu  715433468 1553343 100716058 21835987029 227044 0 768590 0 0 0
1791488084 2895, 13801, 44, 0x0000000000000000 | 3.43 4.46 5.50 | cpu  715433795 1553343 100716132 21836014382 227044 0 768591 0 0 0
1791488085 2895, 13801, 40, 0x0000000000000000 | 3.43 4.46 5.50 | cpu  715434083 1553343 100716264 21836041633 227044 0 768591 0 0 0
1791488086 2895, 13801, 42, 0x0000000000000000 | 3.43 4.46 5.50 | cpu  715434369 1553343 100716401 21836068853 227044 0 768591 0 0 0
1791488087 2895, 13801, 41, 0x0000000000000000 | 3.40 4.44 5.48 | cpu  715434661 1553343 100716490 21836096318 227044 0 768591 0 0 0
1791488089 2880, 13801, 42, 0x0000000000000000 | 3.40 4.44 5.48 | cpu  715435237 1553343 100716565 21836123433 227044 0 768591 0 0 0
1791488090 2895, 13801, 40, 0x0000000000000000 | 3.40 4.44 5.48 | cpu  715437659 1553343 100716589 21836148702 227044 0 768591 0 0 0
1791488091 2895, 13801, 43, 0x0000000000000000 | 3.40 4.44 5.48 | cpu  715437946 1553343 100716659 21836176062 227044 0 768591 0 0 0
1791488092 2880, 13801, 46, 0x0000000000000000 | 3.36 4.41 5.47 | cpu  715438233 1553343 100716729 21836203606 227044 0 768591 0 0 0
1791488093 2880, 13801, 43, 0x0000000000000000 | 3.36 4.41 5.47 | cpu  715438520 1553343 100716815 21836230942 227044 0 768591 0 0 0
1791488094 2895, 13801, 45, 0x0000000000000000 | 3.36 4.41 5.47 | cpu  715438811 1553343 100716895 21836258230 227044 0 768591 0 0 0
1791488095 2880, 13801, 44, 0x0000000000000000 | 3.36 4.41 5.47 | cpu  715439094 1553343 100716959 21836285576 227044 0 768591 0 0 0
1791488096 2887, 13801, 44, 0x0000000000000000 | 3.36 4.41 5.47 | cpu  715439377 1553343 100717019 21836312827 227044 0 768591 0 0 0
1791488097 2895, 13801, 41, 0x0000000000000000 | 3.42 4.41 5.46 | cpu  715439669 1553343 100717087 21836340079 227044 0 768591 0 0 0
1791488098 2887, 13801, 41, 0x0000000000000000 | 3.42 4.41 5.46 | cpu  715439959 1553343 100717170 21836367447 227044 0 768591 0 0 0
1791488099 2895, 13801, 44, 0x0000000000000000 | 3.42 4.41 5.46 | cpu  715441147 1553343 100717320 21836393869 227044 0 768591 0 0 0
1791488100 2895, 13801, 39, 0x0000000000000000 | 3.42 4.41 5.46 | cpu  715443329 1553343 100717375 21836419303 227044 0 768591 0 0 0
1791488102 2887, 13801, 46, 0x0000000000000000 | 3.42 4.41 5.46 | cpu  715443623 1553343 100717449 21836446617 227044 0 768591 0 0 0
1791488103 2887, 13801, 40, 0x0000000000000000 | 3.46 4.40 5.45 | cpu  715443944 1553343 100717569 21836473926 227044 0 768591 0 0 0
1791488104 2887, 13801, 44, 0x0000000000000000 | 3.46 4.40 5.45 | cpu  715444247 1553343 100717657 21836501324 227044 0 768591 0 0 0
1791488105 2887, 13801, 40, 0x0000000000000000 | 3.46 4.40 5.45 | cpu  715444538 1553343 100717743 21836528579 227044 0 768591 0 0 0
1791488106 2895, 13801, 40, 0x0000000000000000 | 3.46 4.40 5.45 | cpu  715444825 1553343 100717802 21836555873 227044 0 768591 0 0 0
1791488107 2887, 13801, 40, 0x0000000000000000 | 3.51 4.39 5.45 | cpu  715445232 1553343 100717910 21836582937 227045 0 768591 0 0 0
1791488108 2895, 13801, 45, 0x0000000000000000 | 3.51 4.39 5.45 | cpu  715445527 1553343 100717998 21836610309 227045 0 768592 0 0 0
1791488109 2880, 13801, 44, 0x0000000000000000 | 3.51 4.39 5.45 | cpu  715445819 1553343 100718075 21836637744 227045 0 768593 0 0 0
1791488110 2887, 13801, 39, 0x0000000000000000 | 3.51 4.39 5.45 | cpu  715446752 1553343 100718155 21836664369 227045 0 768593 0 0 0
1791488111 2902, 13801, 38, 0x0000000000000000 | 3.51 4.39 5.45 | cpu  715448750 1553343 100718187 21836690059 227045 0 768594 0 0 0
1791488112 2887, 13801, 44, 0x0000000000000000 | 3.47 4.37 5.43 | cpu  715449035 1553343 100718251 21836717350 227045 0 768595 0 0 0
1791488113 2895, 13801, 39, 0x0000000000000000 | 3.47 4.37 5.43 | cpu  715449329 1553343 100718330 21836744791 227045 0 768596 0 0 0
1791488115 2895, 13801, 40, 0x0000000000000000 | 3.47 4.37 5.43 | cpu  715449606 1553343 100718405 21836772029 227045 0 768597 0 0 0
1791488116 2887, 13801, 44, 0x0000000000000000 | 3.47 4.37 5.43 | cpu  715449897 1553343 100718498 21836799278 227045 0 768598 0 0 0
1791488117 2895, 13801, 42, 0x0000000000000000 | 3.51 4.36 5.42 | cpu  715450182 1553343 100718564 21836826652 227045 0 768599 0 0 0
1791488118 2895, 13801, 45, 0x0000000000000000 | 3.51 4.36 5.42 | cpu  715450466 1553343 100718625 21836854002 227045 0 768600 0 0 0
1791488119 2880, 13801, 45, 0x0000000000000000 | 3.51 4.36 5.42 | cpu  715450753 1553343 100718689 21836881256 227045 0 768601 0 0 0
1791488120 2895, 13801, 42, 0x0000000000000000 | 3.51 4.36 5.42 | cpu  715451042 1553345 100718754 21836908497 227045 0 768602 0 0 0
1791488121 2880, 13801, 41, 0x0000000000000000 | 3.51 4.36 5.42 | cpu  715452278 1553345 100718836 21836934905 227045 0 768603 0 0 0
1791488122 2887, 13801, 42, 0x0000000000000000 | 3.55 4.36 5.42 | cpu  715454044 1553345 100718888 21836960719 227046 0 768604 0 0 0
1791488123 2895, 13801, 39, 0x0000000000000000 | 3.55 4.36 5.42 | cpu  715454329 1553345 100718955 21836988050 227046 0 768605 0 0 0
1791488124 2887, 13801, 40, 0x0000000000000000 | 3.55 4.36 5.42 | cpu  715454616 1553345 100719020 21837015582 227046 0 768606 0 0 0
1791488125 2887, 13801, 42, 0x0000000000000000 | 3.55 4.36 5.42 | cpu  715454902 1553345 100719088 21837042922 227046 0 768608 0 0 0
1791488126 2880, 13801, 44, 0x0000000000000000 | 3.55 4.36 5.42 | cpu  715455192 1553345 100719193 21837070260 227046 0 768609 0 0 0
1791488127 2895, 13801, 42, 0x0000000000000000 | 3.50 4.33 5.40 | cpu  715455469 1553345 100719264 21837097709 227046 0 768611 0 0 0
1791488129 2880, 13801, 44, 0x0000000000000000 | 3.50 4.33 5.40 | cpu  715455754 1553345 100719329 21837125001 227046 0 768612 0 0 0
1791488130 2887, 13801, 44, 0x0000000000000000 | 3.50 4.33 5.40 | cpu  715456054 1553345 100719432 21837152381 227046 0 768614 0 0 0
1791488131 2887, 13801, 46, 0x0000000000000000 | 3.50 4.33 5.40 | cpu  715456352 1553345 100719523 21837179781 227046 0 768615 0 0 0
1791488132 2880, 13801, 44, 0x0000000000000000 | 3.62 4.35 5.40 | cpu  715457828 1553345 100719627 21837205961 227046 0 768615 0 0 0
1791488133 2895, 13801, 44, 0x0000000000000000 | 3.62 4.35 5.40 | cpu  715459284 1553345 100719747 21837232227 227046 0 768616 0 0 0
1791488134 2895, 13801, 41, 0x0000000000000000 | 3.62 4.35 5.40 | cpu  715459568 1553345 100719811 21837259607 227046 0 768617 0 0 0
1791488135 2880, 13801, 47, 0x0000000000000000 | 3.62 4.35 5.40 | cpu  715459852 1553345 100719873 21837286913 227046 0 768617 0 0 0
1791488136 2880, 13801, 46, 0x0000000000000000 | 3.62 4.35 5.40 | cpu  715460139 1553345 100719946 21837314224 227046 0 768619 0 0 0
1791488137 2887, 13801, 43, 0x0000000000000000 | 3.65 4.34 5.39 | cpu  715460432 1553345 100720046 21837341545 227046 0 768621 0 0 0
1791488138 2887, 13801, 44, 0x0000000000000000 | 3.65 4.34 5.39 | cpu  715460714 1553345 100720116 21837368863 227046 0 768622 0 0 0
1791488139 2895, 13801, 43, 0x0000000000000000 | 3.65 4.34 5.39 | cpu  715460993 1553345 100720183 21837396200 227046 0 768623 0 0 0
1791488140 2895, 13801, 44, 0x0000000000000000 | 3.65 4.34 5.39 | cpu  715461278 1553345 100720245 21837423526 227046 0 768623 0 0 0
1791488142 2887, 13801, 41, 0x0000000000000000 | 3.65 4.34 5.39 | cpu  715461563 1553345 100720308 21837450705 227046 0 768623 0 0 0
1791488143 2887, 13801, 46, 0x0000000000000000 | 3.60 4.32 5.38 | cpu  715463376 1553345 100720384 21837476772 227047 0 768623 0 0 0
1791488144 2895, 13801, 41, 0x0000000000000000 | 3.60 4.32 5.38 | cpu  715464635 1553345 100720429 21837503116 227047 0 768623 0 0 0
1791488145 2880, 13801, 45, 0x0000000000000000 | 3.60 4.32 5.38 | cpu  715464920 1553345 100720494 21837530547 227047 0 768623 0 0 0
1791488146 2895, 13801, 46, 0x0000000000000000 | 3.60 4.32 5.38 | cpu  715465208 1553345 100720562 21837557892 227047 0 768623 0 0 0
1791488147 2887, 13801, 42, 0x0000000000000000 | 3.55 4.30 5.37 | cpu  715465495 1553345 100720622 21837585217 227047 0 768623 0 0 0
1791488148 2887, 13801, 43, 0x0000000000000000 | 3.55 4.30 5.37 | cpu  715465798 1553345 100720730 21837612477 227047 0 768623 0 0 0
1791488149 2887, 13801, 47, 0x0000000000000000 | 3.55 4.30 5.37 | cpu  715466083 1553345 100720797 21837639793 227047 0 768623 0 0 0
1791488150 2895, 13801, 45, 0x0000000000000000 | 3.55 4.30 5.37 | cpu  715466366 1553345 100720941 21837667021 227047 0 768624 0 0 0
1791488151 2887, 13801, 43, 0x0000000000000000 | 3.55 4.30 5.37 | cpu  715466651 1553345 100721067 21837694209 227047 0 768624 0 0 0
1791488152 2887, 13801, 47, 0x0000000000000000 | 3.59 4.29 5.36 | cpu  715466934 1553345 100721137 21837721562 227047 0 768626 0 0 0
1791488153 2887, 13801, 46, 0x0000000000000000 | 3.59 4.29 5.36 | cpu  715468822 1553345 100721217 21837747624 227047 0 768626 0 0 0
1791488155 2887, 13801, 43, 0x0000000000000000 | 3.59 4.29 5.36 | cpu  715470026 1553345 100721272 21837774059 227047 0 768627 0 0 0
1791488156 2880, 13801, 43, 0x0000000000000000 | 3.59 4.29 5.36 | cpu  715470316 1553345 100721338 21837801371 227047 0 768627 0 0 0
1791488157 2887, 13801, 43, 0x0000000000000000 | 3.54 4.27 5.35 | cpu  715470602 1553345 100721398 21837828696 227047 0 768628 0 0 0
1791488158 2880, 13801, 44, 0x0000000000000000 | 3.54 4.27 5.35 | cpu  715470893 1553345 100721462 21837855980 227047 0 768630 0 0 0
1791488159 2880, 13801, 46, 0x0000000000000000 | 3.54 4.27 5.35 | cpu  715471193 1553345 100721570 21837883256 227047 0 768632 0 0 0
1791488160 2887, 13801, 42, 0x0000000000000000 | 3.54 4.27 5.35 | cpu  715471482 1553345 100721631 21837910650 227047 0 768633 0 0 0
1791488161 2895, 13801, 43, 0x0000000000000000 | 3.54 4.27 5.35 | cpu  715471771 1553345 100721707 21837937934 227047 0 768634 0 0 0
1791488162 2895, 13801, 42, 0x0000000000000000 | 3.50 4.25 5.33 | cpu  715472053 1553345 100721774 21837965376 227047 0 768634 0 0 0
1791488163 2880, 13801, 46, 0x0000000000000000 | 3.50 4.25 5.33 | cpu  715472344 1553345 100721867 21837992776 227047 0 768634 0 0 0
1791488164 2895, 13801, 47, 0x0000000000000000 | 3.50 4.25 5.33 | cpu  715474534 1553345 100721939 21838018259 227048 0 768634 0 0 0
1791488165 2895, 13801, 45, 0x0000000000000000 | 3.50 4.25 5.33 | cpu  715475458 1553345 100721994 21838044945 227048 0 768634 0 0 0
1791488166 2887, 13801, 47, 0x0000000000000000 | 3.50 4.25 5.33 | cpu  715475744 1553345 100722057 21838072338 227048 0 768634 0 0 0
1791488168 2887, 13801, 43, 0x0000000000000000 | 3.54 4.24 5.33 | cpu  715476027 1553346 100722120 21838099705 227048 0 768634 0 0 0
1791488169 2895, 13801, 44, 0x0000000000000000 | 3.54 4.24 5.33 | cpu  715476313 1553346 100722185 21838127044 227048 0 768634 0 0 0
1791488170 2895, 13801, 41, 0x0000000000000000 | 3.54 4.24 5.33 | cpu  715476609 1553346 100722280 21838154322 227048 0 768634 0 0 0
1791488171 2880, 13801, 45, 0x0000000000000000 | 3.54 4.24 5.33 | cpu  715476899 1553346 100722350 21838181733 227048 0 768634 0 0 0
1791488172 2895, 13801, 41, 0x0000000000000000 | 3.50 4.22 5.31 | cpu  715477183 1553346 100722412 21838209104 227048 0 768635 0 0 0
1791488173 2887, 13801, 41, 0x0000000000000000 | 3.50 4.22 5.31 | cpu  715477466 1553346 100722481 21838236415 227048 0 768635 0 0 0
1791488174 2910, 13801, 38, 0x0000000000000000 | 3.50 4.22 5.31 | cpu  715477723 1553346 100722560 21838263598 227048 0 768635 0 0 0
1791488175 2557, 13801, 37, 0x0000000000000000 | 3.50 4.22 5.31 | cpu  715480103 1553346 100722645 21838288878 227048 0 768635 0 0 0
1791488176 2445, 13801, 36, 0x0000000000000000 | 3.50 4.22 5.31 | cpu  715480659 1553346 100722724 21838315804 227048 0 768635 0 0 0
1791488177 2445, 13801, 36, 0x0000000000000000 | 3.46 4.20 5.30 | cpu  715480910 1553346 100722811 21838342985 227048 0 768635 0 0 0
1791488178 2445, 13801, 35, 0x0000000000000000 | 3.46 4.20 5.30 | cpu  715481159 1553346 100722900 21838370203 227048 0 768635 0 0 0
1791488179 2445, 13801, 35, 0x0000000000000000 | 3.46 4.20 5.30 | cpu  715481411 1553346 100722984 21838397399 227048 0 768635 0 0 0
1791488181 2445, 13801, 34, 0x0000000000000000 | 3.46 4.20 5.30 | cpu  715481667 1553346 100723108 21838424565 227049 0 768635 0 0 0
1791488182 2445, 13801, 34, 0x0000000000000000 | 3.46 4.20 5.30 | cpu  715481925 1553346 100723211 21838451779 227049 0 768635 0 0 0
1791488183 2445, 13801, 34, 0x0000000000000000 | 3.50 4.20 5.29 | cpu  715482225 1553346 100723314 21838478956 227049 0 768635 0 0 0
1791488184 2445, 13801, 34, 0x0000000000000000 | 3.50 4.20 5.29 | cpu  715482477 1553346 100723398 21838506218 227049 0 768635 0 0 0
1791488185 2445, 13801, 33, 0x0000000000000000 | 3.50 4.20 5.29 | cpu  715482723 1553346 100723487 21838533404 227049 0 768635 0 0 0
1791488186 2445, 13801, 33, 0x0000000000000000 | 3.50 4.20 5.29 | cpu  715485177 1553346 100723579 21838558451 227049 0 768635 0 0 0
1791488187 2445, 13801, 33, 0x0000000000000000 | 3.54 4.19 5.29 | cpu  715485748 1553346 100723668 21838585264 227049 0 768636 0 0 0
1791488188 2445, 13801, 33, 0x0000000000000000 | 3.54 4.19 5.29 | cpu  715486001 1553346 100723754 21838612370 227049 0 768636 0 0 0
1791488189 2445, 13801, 32, 0x0000000000000000 | 3.54 4.19 5.29 | cpu  715486250 1553346 100723841 21838639598 227049 0 768638 0 0 0
1791488190 2445, 13801, 32, 0x0000000000000000 | 3.54 4.19 5.29 | cpu  715486502 1553346 100723924 21838666785 227049 0 768638 0 0 0
1791488191 2445, 13801, 32, 0x0000000000000000 | 3.54 4.19 5.29 | cpu  715486757 1553346 100724047 21838694005 227049 0 768639 0 0 0
1791488192 2445, 13801, 32, 0x0000000000000000 | 3.50 4.17 5.27 | cpu  715486959 1553346 100724186 21838721171 227049 0 768640 0 0 0
1791488193 2445, 13801, 32, 0x0000000000000000 | 3.50 4.17 5.27 | cpu  715487205 1553346 100724292 21838748291 227049 0 768640 0 0 0
1791488195 2445, 13801, 31, 0x0000000000000000 | 3.50 4.17 5.27 | cpu  715487452 1553346 100724378 21838775477 227049 0 768640 0 0 0
1791488196 2445, 13801, 31, 0x0000000000000000 | 3.50 4.17 5.27 | cpu  715487678 1553346 100724485 21838802674 227049 0 768640 0 0 0
1791488197 2445, 13801, 31, 0x0000000000000000 | 3.62 4.19 5.27 | cpu  715490191 1553346 100724554 21838827561 227050 0 768641 0 0 0
1791488198 2445, 13801, 31, 0x0000000000000000 | 3.62 4.19 5.27 | cpu  715490775 1553346 100724621 21838854311 227050 0 768641 0 0 0
1791488199 2445, 13801, 30, 0x0000000000000000 | 3.62 4.19 5.27 | cpu  715491066 1553346 100724680 21838881561 227050 0 768643 0 0 0
1791488200 2445, 13801, 30, 0x0000000000000000 | 3.62 4.19 5.27 | cpu  715491350 1553346 100724744 21838908772 227072 0 768643 0 0 0
1791488201 2445, 13801, 30, 0x0000000000000000 | 3.62 4.19 5.27 | cpu  715491630 1553346 100724808 21838935930 227079 0 768644 0 0 0
1791488202 2445, 13801, 30, 0x0000000000000000 | 3.57 4.17 5.26 | cpu  715491913 1553346 100724880 21838963129 227079 0 768644 0 0 0
1791488203 2445, 13801, 30, 0x0000000000000000 | 3.57 4.17 5.26 | cpu  715492200 1553346 100724956 21838990292 227079 0 768645 0 0 0
1791488204 2445, 13801, 30, 0x0000000000000000 | 3.57 4.17 5.26 | cpu  715492483 1553346 100725016 21839017484 227079 0 768646 0 0 0
1791488205 2445, 13801, 29, 0x0000000000000000 | 3.57 4.17 5.26 | cpu  715492736 1553346 100725096 21839044670 227079 0 768647 0 0 0
1791488206 2445, 13801, 29, 0x0000000000000000 | 3.57 4.17 5.26 | cpu  715492995 1553346 100725169 21839071830 227079 0 768648 0 0 0
1791488207 2445, 13801, 29, 0x0000000000000000 | 3.52 4.15 5.25 | cpu  715495772 1553346 100725245 21839096592 227080 0 768648 0 0 0
1791488208 2445, 13801, 29, 0x0000000000000000 | 3.52 4.15 5.25 | cpu  715496299 1553346 100725346 21839123560 227080 0 768648 0 0 0
1791488210 2452, 810, 29, 0x0000000000000000 | 3.52 4.15 5.25 | cpu  715496530 1553346 100725491 21839151001 227080 0 768648 0 0 0
