1791489702 2445, 14001, 26, 0x0000000000000000 | 14.90 15.58 11.46 | cpu  716912571 1553380 100860933 21875764835 227384 0 768781 0 0 0
1791489703 2445, 7001, 26, 0x0000000000000000 | 14.18 15.42 11.43 | cpu  716914644 1553380 100861063 21875790340 227384 0 768781 0 0 0
1791489704 225, 405, 25, 0x0000000000000000 | 14.18 15.42 11.43 | cpu  716917818 1553380 100861139 21875814854 227384 0 768781 0 0 0
1791489705 225, 405, 25, 0x0000000000000000 | 14.18 15.42 11.43 | cpu  716919344 1553381 100861237 21875841737 227384 0 768781 0 0 0
1791489706 225, 405, 25, 0x0000000000000000 | 14.18 15.42 11.43 | cpu  716920490 1553381 100861337 21875869034 227384 0 768781 0 0 0
1791489707 225, 405, 25, 0x0000000000000000 | 13.45 15.25 11.39 | cpu  716921594 1553381 100861431 21875896338 227384 0 768781 0 0 0
1791489708 225, 405, 25, 0x0000000000000000 | 13.45 15.25 11.39 | cpu  716923539 1553381 100861563 21875922931 227384 0 768781 0 0 0
1791489710 225, 13801, 25, 0x0000000000000000 | 13.45 15.25 11.39 | cpu  716924878 1553381 100861668 21875948903 227384 0 768781 0 0 0
1791489711 2445, 13801, 26, 0x0000000000000000 | 13.45 15.25 11.39 | cpu  716928101 1553381 100861765 21875972999 227384 0 768782 0 0 0
1791489712 2520, 13801, 26, 0x0000000000000000 | 13.45 15.25 11.39 | cpu  716929994 1553381 100861901 21875998646 227384 0 768782 0 0 0
1791489713 2520, 13801, 27, 0x0000000000000000 | 12.85 15.09 11.36 | cpu  716932025 1553381 100862004 21876024106 227384 0 768782 0 0 0
1791489714 2512, 13801, 27, 0x0000000000000000 | 12.85 15.09 11.36 | cpu  716934328 1553381 100862139 21876049448 227384 0 768782 0 0 0
1791489715 2527, 13801, 26, 0x0000000000000000 | 12.85 15.09 11.36 | cpu  716938074 1553381 100862223 21876073199 227385 0 768782 0 0 0
1791489716 2565, 13801, 26, 0x0000000000000000 | 12.85 15.09 11.36 | cpu  716939755 1553381 100862371 21876098896 227385 0 768783 0 0 0
1791489717 2640, 13801, 27, 0x0000000000000000 | 12.46 14.97 11.35 | cpu  716941631 1553381 100862646 21876124396 227385 0 768783 0 0 0
1791489718 2647, 13801, 27, 0x0000000000000000 | 12.46 14.97 11.35 | cpu  716943414 1553381 100862883 21876149885 227385 0 768783 0 0 0
1791489719 2520, 13801, 27, 0x0000000000000000 | 12.46 14.97 11.35 | cpu  716945316 1553381 100863005 21876175357 227385 0 768783 0 0 0
1791489720 2527, 13801, 27, 0x0000000000000000 | 12.46 14.97 11.35 | cpu  716947145 1553381 100863139 21876200894 227385 0 768783 0 0 0
1791489721 2520, 13801, 27, 0x0000000000000000 | 12.46 14.97 11.35 | cpu  716949299 1553381 100863271 21876226116 227385 0 768783 0 0 0
1791489722 2520, 13801, 27, 0x0000000000000000 | 13.71 15.19 11.43 | cpu  716951220 1553381 100863396 21876251544 227385 0 768783 0 0 0
1791489724 2520, 13801, 27, 0x0000000000000000 | 13.71 15.19 11.43 | cpu  716953063 1553381 100863510 21876277000 227385 0 768783 0 0 0
1791489725 2512, 13801, 27, 0x0000000000000000 | 13.71 15.19 11.43 | cpu  716955186 1553381 100863634 21876302258 227385 0 768783 0 0 0
1791489726 2445, 13801, 27, 0x0000000000000000 | 13.71 15.19 11.43 | cpu  716959107 1553381 100863740 21876325745 227385 0 768783 0 0 0
1791489727 2467, 13801, 27, 0x0000000000000000 | 13.71 15.19 11.43 | cpu  716961061 1553381 100863860 21876351129 227385 0 768783 0 0 0
1791489728 2445, 13801, 27, 0x0000000000000000 | 13.09 15.04 11.41 | cpu  716962375 1553381 100863993 21876377244 227385 0 768783 0 0 0
1791489729 2445, 13801, 27, 0x0000000000000000 | 13.09 15.04 11.41 | cpu  716963622 1553381 100864158 21876403264 227385 0 768784 0 0 0
1791489730 2445, 13801, 27, 0x0000000000000000 | 13.09 15.04 11.41 | cpu  716964779 1553381 100864331 21876429327 227385 0 768784 0 0 0
1791489731 2467, 13801, 27, 0x0000000000000000 | 13.09 15.04 11.41 | cpu  716966080 1553381 100864494 21876455313 227385 0 768784 0 0 0
1791489732 2467, 13801, 27, 0x0000000000000000 | 12.60 14.90 11.38 | cpu  716967411 1553381 100864638 21876481316 227385 0 768785 0 0 0
1791489733 2467, 13801, 27, 0x0000000000000000 | 12.60 14.90 11.38 | cpu  716968798 1553381 100864751 21876507297 227385 0 768785 0 0 0
1791489734 2467, 13801, 27, 0x0000000000000000 | 12.60 14.90 11.38 | cpu  716970250 1553381 100864866 21876533178 227385 0 768786 0 0 0
1791489735 2460, 13801, 27, 0x0000000000000000 | 12.60 14.90 11.38 | cpu  716971978 1553381 100864971 21876558858 227385 0 768786 0 0 0
1791489736 2460, 13801, 27, 0x0000000000000000 | 12.60 14.90 11.38 | cpu  716975285 1553381 100865081 21876582975 227386 0 768786 0 0 0
1791489738 2445, 13801, 27, 0x0000000000000000 | 13.68 15.09 11.46 | cpu  716976623 1553382 100865176 21876609013 227386 0 768786 0 0 0
1791489739 2640, 13801, 27, 0x0000000000000000 | 13.68 15.09 11.46 | cpu  716977915 1553382 100865247 21876635071 227386 0 768786 0 0 0
1791489740 2475, 13801, 27, 0x0000000000000000 | 13.68 15.09 11.46 | cpu  716979163 1553382 100865317 21876661147 227386 0 768786 0 0 0
1791489741 2445, 13801, 27, 0x0000000000000000 | 13.68 15.09 11.46 | cpu  716980486 1553382 100865394 21876687167 227386 0 768786 0 0 0
1791489742 2445, 13801, 27, 0x0000000000000000 | 13.68 15.09 11.46 | cpu  716981984 1553382 100865508 21876713044 227386 0 768786 0 0 0
1791489743 2445, 13801, 27, 0x0000000000000000 | 13.06 14.94 11.43 | cpu  716983576 1553382 100865633 21876738741 227386 0 768786 0 0 0
1791489744 2445, 13801, 27, 0x0000000000000000 | 13.06 14.94 11.43 | cpu  716984896 1553382 100865758 21876764658 227386 0 768786 0 0 0
1791489745 2445, 13801, 28, 0x0000000000000000 | 13.06 14.94 11.43 | cpu  716986131 1553382 100865889 21876790659 227386 0 768786 0 0 0
1791489746 2445, 13801, 27, 0x0000000000000000 | 13.06 14.94 11.43 | cpu  716987718 1553382 100866007 21876816467 227386 0 768786 0 0 0
1791489747 2445, 13801, 28, 0x0000000000000000 | 13.06 14.90 11.44 | cpu  716990966 1553382 100866148 21876840646 227386 0 768786 0 0 0
1791489748 2445, 13801, 28, 0x0000000000000000 | 13.06 14.90 11.44 | cpu  716992310 1553382 100866280 21876866619 227386 0 768786 0 0 0
1791489749 2445, 13801, 28, 0x0000000000000000 | 13.06 14.90 11.44 | cpu  716993616 1553382 100866410 21876892632 227386 0 768786 0 0 0
1791489750 2445, 13801, 28, 0x0000000000000000 | 13.06 14.90 11.44 | cpu  716994806 1553382 100866544 21876918802 227386 0 768786 0 0 0
1791489751 2445, 13801, 28, 0x0000000000000000 | 13.06 14.90 11.44 | cpu  716996066 1553382 100866682 21876944840 227386 0 768786 0 0 0
1791489753 2445, 13801, 28, 0x0000000000000000 | 12.57 14.77 11.42 | cpu  716997337 1553382 100866853 21876970846 227386 0 768786 0 0 0
1791489754 2445, 13801, 28, 0x0000000000000000 | 12.57 14.77 11.42 | cpu  716998751 1553382 100866986 21876996754 227386 0 768786 0 0 0
1791489755 2445, 13801, 28, 0x0000000000000000 | 12.57 14.77 11.42 | cpu  717000206 1553382 100867125 21877022915 227386 0 768786 0 0 0
1791489756 2445, 13801, 28, 0x0000000000000000 | 12.57 14.77 11.42 | cpu  717001614 1553382 100867290 21877048807 227386 0 768786 0 0 0
1791489757 2445, 13801, 28, 0x0000000000000000 | 12.57 14.77 11.42 | cpu  717003619 1553382 100867421 21877074189 227386 0 768786 0 0 0
1791489758 2445, 13801, 28, 0x0000000000000000 | 12.04 14.63 11.39 | cpu  717006668 1553382 100867554 21877098499 227387 0 768786 0 0 0
1791489759 2445, 13801, 28, 0x0000000000000000 | 12.04 14.63 11.39 | cpu  717008033 1553382 100867691 21877124394 227387 0 768786 0 0 0
1791489760 2445, 13801, 28, 0x0000000000000000 | 12.04 14.63 11.39 | cpu  717009244 1553382 100867820 21877150435 227387 0 768786 0 0 0
1791489761 2445, 13801, 28, 0x0000000000000000 | 12.04 14.63 11.39 | cpu  717010455 1553382 100867959 21877176533 227387 0 768786 0 0 0
1791489762 2445, 13801, 28, 0x0000000000000000 | 12.12 14.60 11.39 | cpu  717011724 1553382 100868097 21877202486 227387 0 768786 0 0 0
1791489763 2445, 13801, 28, 0x0000000000000000 | 12.12 14.60 11.39 | cpu  717013059 1553382 100868273 21877228420 227387 0 768786 0 0 0
1791489764 2445, 13801, 28, 0x0000000000000000 | 12.12 14.60 11.39 | cpu  717014559 1553382 100868404 21877254212 227387 0 768786 0 0 0
1791489765 2445, 13801, 28, 0x0000000000000000 | 12.12 14.60 11.39 | cpu  717015978 1553382 100868541 21877280254 227387 0 768786 0 0 0
1791489767 2445, 13801, 28, 0x0000000000000000 | 12.12 14.60 11.39 | cpu  717017371 1553382 100868673 21877306462 227387 0 768786 0 0 0
1791489768 2445, 13801, 28, 0x0000000000000000 | 11.63 14.46 11.37 | cpu  717019478 1553382 100868808 21877331805 227387 0 768786 0 0 0
1791489769 2445, 13801, 28, 0x0000000000000000 | 11.63 14.46 11.37 | cpu  717022477 1553382 100868941 21877356193 227387 0 768786 0 0 0
1791489770 2445, 13801, 28, 0x0000000000000000 | 11.63 14.46 11.37 | cpu  717023721 1553382 100869079 21877382222 227387 0 768786 0 0 0
1791489771 2452, 13801, 28, 0x0000000000000000 | 11.63 14.46 11.37 | cpu  717025046 1553382 100869192 21877408140 227387 0 768786 0 0 0
1791489772 2445, 13801, 28, 0x0000000000000000 | 11.63 14.46 11.37 | cpu  717026364 1553382 100869343 21877434058 227387 0 768786 0 0 0
1791489773 2445, 13801, 28, 0x0000000000000000 | 11.42 14.37 11.35 | cpu  717027850 1553382 100869474 21877459831 227387 0 768786 0 0 0
1791489774 2445, 13801, 28, 0x0000000000000000 | 11.42 14.37 11.35 | cpu  717029120 1553382 100869630 21877485926 227387 0 768786 0 0 0
1791489775 2445, 13801, 28, 0x0000000000000000 | 11.42 14.37 11.35 | cpu  717030399 1553382 100869770 21877511968 227387 0 768786 0 0 0
1791489776 2445, 13801, 28, 0x0000000000000000 | 11.42 14.37 11.35 | cpu  717031697 1553382 100869907 21877537954 227387 0 768786 0 0 0
1791489777 2445, 13801, 28, 0x0000000000000000 | 12.03 14.44 11.39 | cpu  717033035 1553382 100870044 21877563838 227388 0 768786 0 0 0
1791489778 2445, 13801, 28, 0x0000000000000000 | 12.03 14.44 11.39 | cpu  717034982 1553382 100870172 21877589376 227388 0 768786 0 0 0
1791489779 2445, 13801, 28, 0x0000000000000000 | 12.03 14.44 11.39 | cpu  717038132 1553382 100870285 21877613540 227388 0 768787 0 0 0
1791489781 2445, 13801, 28, 0x0000000000000000 | 12.03 14.44 11.39 | cpu  717039429 1553382 100870433 21877639630 227388 0 768787 0 0 0
1791489782 2445, 13801, 28, 0x0000000000000000 | 12.03 14.44 11.39 | cpu  717040760 1553382 100870576 21877665731 227388 0 768787 0 0 0
1791489783 2445, 13801, 28, 0x0000000000000000 | 15.07 15.03 11.60 | cpu  717042213 1553382 100870728 21877691546 227388 0 768787 0 0 0
1791489784 2445, 13801, 28, 0x0000000000000000 | 15.07 15.03 11.60 | cpu  717043543 1553382 100870854 21877717582 227388 0 768787 0 0 0
1791489785 2445, 13801, 29, 0x0000000000000000 | 15.07 15.03 11.60 | cpu  717044784 1553382 100871010 21877743819 227388 0 768788 0 0 0
1791489786 2445, 13801, 29, 0x0000000000000000 | 15.07 15.03 11.60 | cpu  717046007 1553382 100871271 21877769867 227388 0 768788 0 0 0
1791489787 2445, 13801, 29, 0x0000000000000000 | 14.58 14.93 11.59 | cpu  717047222 1553382 100871420 21877795983 227388 0 768789 0 0 0
1791489788 2445, 13801, 29, 0x0000000000000000 | 14.58 14.93 11.59 | cpu  717048449 1553382 100871553 21877822130 227388 0 768789 0 0 0
1791489789 2445, 13801, 29, 0x0000000000000000 | 14.58 14.93 11.59 | cpu  717050468 1553382 100871681 21877847547 227388 0 768789 0 0 0
1791489790 2445, 13801, 29, 0x0000000000000000 | 14.58 14.93 11.59 | cpu  717053495 1553382 100871781 21877871982 227388 0 768789 0 0 0
1791489791 2445, 13801, 29, 0x0000000000000000 | 14.58 14.93 11.59 | cpu  717054864 1553382 100871947 21877897929 227388 0 768789 0 0 0
1791489792 2445, 13801, 29, 0x0000000000000000 | 13.89 14.78 11.56 | cpu  717056111 1553382 100872087 21877924060 227388 0 768789 0 0 0
1791489793 2445, 13801, 29, 0x0000000000000000 | 13.89 14.78 11.56 | cpu  717057435 1553382 100872220 21877950175 227388 0 768789 0 0 0
1791489795 2445, 13801, 29, 0x0000000000000000 | 13.89 14.78 11.56 | cpu  717058661 1553383 100872353 21877976316 227388 0 768789 0 0 0
1791489796 2445, 13801, 29, 0x0000000000000000 | 13.89 14.78 11.56 | cpu  717059906 1553383 100872482 21878002366 227388 0 768789 0 0 0
1791489797 2445, 13801, 29, 0x0000000000000000 | 13.89 14.78 11.56 | cpu  717061202 1553383 100872648 21878028352 227388 0 768789 0 0 0
1791489798 2445, 13801, 29, 0x0000000000000000 | 13.42 14.67 11.54 | cpu  717062430 1553383 100872776 21878054437 227388 0 768789 0 0 0
1791489799 2445, 13801, 29, 0x0000000000000000 | 13.42 14.67 11.54 | cpu  717063718 1553383 100872890 21878080477 227388 0 768789 0 0 0
1791489800 2460, 13801, 29, 0x0000000000000000 | 13.42 14.67 11.54 | cpu  717065668 1553383 100872975 21878106273 227388 0 768789 0 0 0
1791489801 2910, 13801, 33, 0x0000000000000000 | 13.42 14.67 11.54 | cpu  717068820 1553383 100873013 21878130694 227389 0 768789 0 0 0
1791489802 2902, 13801, 31, 0x0000000000000000 | 12.91 14.54 11.51 | cpu  717070146 1553383 100873141 21878156737 227389 0 768789 0 0 0
1791489803 2925, 13801, 32, 0x0000000000000000 | 12.91 14.54 11.51 | cpu  717071512 1553383 100873234 21878182825 227389 0 768789 0 0 0
1791489804 2902, 13801, 34, 0x0000000000000000 | 12.91 14.54 11.51 | cpu  717072906 1553383 100873316 21878209015 227389 0 768789 0 0 0
1791489805 2895, 13801, 34, 0x0000000000000000 | 12.91 14.54 11.51 | cpu  717074234 1553383 100873393 21878235449 227389 0 768789 0 0 0
1791489806 2887, 13801, 39, 0x0000000000000000 | 12.91 14.54 11.51 | cpu  717075572 1553383 100873472 21878262030 227389 0 768790 0 0 0
1791489807 2895, 13801, 37, 0x0000000000000000 | 12.43 14.42 11.49 | cpu  717076898 1553383 100873591 21878288387 227389 0 768790 0 0 0
1791489809 2895, 13801, 34, 0x0000000000000000 | 12.43 14.42 11.49 | cpu  717078310 1553383 100873676 21878314621 227389 0 768790 0 0 0
1791489810 2880, 13801, 37, 0x0000000000000000 | 12.43 14.42 11.49 | cpu  717079692 1553383 100873755 21878340881 227389 0 768791 0 0 0
1791489811 2880, 13801, 36, 0x0000000000000000 | 12.43 14.42 11.49 | cpu  717081900 1553383 100873824 21878366578 227389 0 768791 0 0 0
1791489812 2887, 13801, 35, 0x0000000000000000 | 12.43 14.42 11.49 | cpu  717084753 1553383 100873883 21878391329 227389 0 768791 0 0 0
1791489813 2880, 13801, 37, 0x0000000000000000 | 14.32 14.78 11.62 | cpu  717086143 1553383 100874089 21878417513 227389 0 768792 0 0 0
1791489814 2887, 13801, 36, 0x0000000000000000 | 14.32 14.78 11.62 | cpu  717087562 1553383 100874168 21878443847 227389 0 768792 0 0 0
1791489815 2895, 13801, 35, 0x0000000000000000 | 14.32 14.78 11.62 | cpu  717089095 1553383 100874250 21878469863 227389 0 768792 0 0 0
1791489816 2895, 13801, 36, 0x0000000000000000 | 14.32 14.78 11.62 | cpu  717090488 1553383 100874332 21878495990 227389 0 768792 0 0 0
1791489817 2880, 13801, 37, 0x0000000000000000 | 13.73 14.65 11.60 | cpu  717091871 1553383 100874422 21878522777 227389 0 768792 0 0 0
1791489818 2895, 13801, 35, 0x0000000000000000 | 13.73 14.65 11.60 | cpu  717093212 1553383 100874537 21878548970 227389 0 768792 0 0 0
1791489819 2887, 13801, 36, 0x0000000000000000 | 13.73 14.65 11.60 | cpu  717094484 1553383 100874620 21878575221 227389 0 768792 0 0 0
1791489820 2887, 13801, 36, 0x0000000000000000 | 13.73 14.65 11.60 | cpu  717095805 1553383 100874701 21878601361 227389 0 768792 0 0 0
1791489822 2887, 13801, 37, 0x0000000000000000 | 13.73 14.65 11.60 | cpu  717097934 1553383 100874763 21878626734 227389 0 768792 0 0 0
1791489823 2902, 13801, 34, 0x0000000000000000 | 13.12 14.50 11.57 | cpu  717100463 1553383 100874822 21878651638 227390 0 768792 0 0 0
1791489824 2887, 13801, 36, 0x0000000000000000 | 13.12 14.50 11.57 | cpu  717101756 1553383 100874935 21878677760 227390 0 768792 0 0 0
1791489825 2887, 13801, 38, 0x0000000000000000 | 13.12 14.50 11.57 | cpu  717103033 1553383 100875012 21878704126 227390 0 768792 0 0 0
1791489826 2902, 13801, 40, 0x0000000000000000 | 13.12 14.50 11.57 | cpu  717104338 1553383 100875094 21878730176 227390 0 768792 0 0 0
1791489827 2932, 13801, 32, 0x0000000000000000 | 13.43 14.55 11.59 | cpu  717105681 1553383 100875203 21878756173 227390 0 768792 0 0 0
1791489828 2662, 13801, 31, 0x0000000000000000 | 13.43 14.55 11.59 | cpu  717107013 1553383 100875281 21878782176 227390 0 768792 0 0 0
1791489829 2445, 13801, 31, 0x0000000000000000 | 13.43 14.55 11.59 | cpu  717108299 1553383 100875383 21878808276 227390 0 768793 0 0 0
1791489830 2445, 13801, 30, 0x0000000000000000 | 13.43 14.55 11.59 | cpu  717109646 1553383 100875458 21878834293 227390 0 768793 0 0 0
1791489831 2445, 13801, 30, 0x0000000000000000 | 13.43 14.55 11.59 | cpu  717111063 1553383 100875529 21878860248 227390 0 768793 0 0 0
1791489832 2445, 13801, 30, 0x0000000000000000 | 12.83 14.40 11.56 | cpu  717113616 1553383 100875615 21878886093 227390 0 768793 0 0 0
1791489833 2445, 13801, 30, 0x0000000000000000 | 12.83 14.40 11.56 | cpu  717116013 1553383 100875694 21878911140 227390 0 768794 0 0 0
1791489835 2445, 13801, 29, 0x0000000000000000 | 12.83 14.40 11.56 | cpu  717117348 1553383 100875839 21878937120 227390 0 768794 0 0 0
1791489836 2445, 13801, 29, 0x0000000000000000 | 12.83 14.40 11.56 | cpu  717118639 1553383 100875933 21878963205 227390 0 768794 0 0 0
1791489837 2445, 13801, 29, 0x0000000000000000 | 12.83 14.40 11.56 | cpu  717119961 1553383 100876015 21878989337 227390 0 768794 0 0 0
1791489838 2445, 13801, 29, 0x0000000000000000 | 12.28 14.26 11.53 | cpu  717121361 1553383 100876090 21879015371 227390 0 768794 0 0 0
1791489839 2445, 13801, 29, 0x0000000000000000 | 12.28 14.26 11.53 | cpu  717122785 1553383 100876173 21879041205 227390 0 768794 0 0 0
1791489840 2445, 13801, 28, 0x0000000000000000 | 12.28 14.26 11.53 | cpu  717124229 1553383 100876292 21879067112 227390 0 768794 0 0 0
1791489841 2445, 13801, 28, 0x0000000000000000 | 12.28 14.26 11.53 | cpu  717125771 1553383 100876440 21879092883 227390 0 768795 0 0 0
1791489842 2445, 13801, 28, 0x0000000000000000 | 11.86 14.14 11.51 | cpu  717127124 1553383 100876535 21879118830 227390 0 768795 0 0 0
1791489843 2445, 13801, 28, 0x0000000000000000 | 11.86 14.14 11.51 | cpu  717129561 1553383 100876601 21879143971 227390 0 768796 0 0 0
1791489844 2445, 13801, 28, 0x0000000000000000 | 11.86 14.14 11.51 | cpu  717131922 1553383 100876683 21879168925 227390 0 768796 0 0 0
1791489845 427, 810, 27, 0x0000000000000000 | 11.86 14.14 11.51 | cpu  717133179 1553383 100876871 21879195493 227390 0 768796 0 0 0
1791489846 375, 810, 27, 0x0000000000000000 | 11.86 14.14 11.51 | cpu  717134375 1553383 100877009 21879221943 227390 0 768796 0 0 0
1791489847 225, 405, 26, 0x0000000000000000 | 11.79 14.09 11.51 | cpu  717135637 1553383 100877082 21879248302 227390 0 768796 0 0 0
1791489849 225, 405, 26, 0x0000000000000000 | 11.79 14.09 11.51 | cpu  717136936 1553383 100877177 21879274660 227390 0 768797 0 0 0
1791489850 217, 405, 26, 0x0000000000000000 | 11.79 14.09 11.51 | cpu  717138363 1553383 100877268 21879300833 227390 0 768797 0 0 0
1791489851 225, 405, 26, 0x0000000000000000 | 11.79 14.09 11.51 | cpu  717139723 1553383 100877470 21879327066 227390 0 768798 0 0 0
1791489852 225, 405, 25, 0x0000000000000000 | 11.79 14.09 11.51 | cpu  717141119 1553383 100877612 21879353233 227390 0 768798 0 0 0
1791489853 225, 405, 25, 0x0000000000000000 | 11.33 13.96 11.48 | cpu  717142487 1553383 100877699 21879379510 227390 0 768798 0 0 0
1791489854 225, 405, 25, 0x0000000000000000 | 11.33 13.96 11.48 | cpu  717145312 1553383 100877741 21879404606 227391 0 768798 0 0 0
1791489855 225, 405, 25, 0x0000000000000000 | 11.33 13.96 11.48 | cpu  717147510 1553383 100877811 21879430069 227391 0 768798 0 0 0
1791489856 225, 405, 25, 0x0000000000000000 | 11.33 13.96 11.48 | cpu  717148888 1553383 100877930 21879456298 227391 0 768798 0 0 0
1791489857 225, 405, 25, 0x0000000000000000 | 10.90 13.82 11.45 | cpu  717150191 1553383 100878027 21879482690 227391 0 768798 0 0 0
1791489858 225, 405, 25, 0x0000000000000000 | 10.90 13.82 11.45 | cpu  717151493 1553383 100878098 21879509097 227391 0 768798 0 0 0
1791489859 225, 405, 25, 0x0000000000000000 | 10.90 13.82 11.45 | cpu  717152775 1553383 100878191 21879535575 227391 0 768798 0 0 0
1791489860 225, 405, 25, 0x0000000000000000 | 10.90 13.82 11.45 | cpu  717154100 1553383 100878290 21879561883 227391 0 768798 0 0 0
1791489862 225, 405, 25, 0x0000000000000000 | 10.90 13.82 11.45 | cpu  717155413 1553383 100878521 21879588079 227391 0 768798 0 0 0
1791489863 225, 405, 25, 0x0000000000000000 | 10.59 13.71 11.42 | cpu  717156620 1553383 100878648 21879614488 227391 0 768799 0 0 0
1791489864 225, 405, 25, 0x0000000000000000 | 10.59 13.71 11.42 | cpu  717157866 1553383 100878724 21879640902 227391 0 768799 0 0 0
1791489865 225, 405, 25, 0x0000000000000000 | 10.59 13.71 11.42 | cpu  717161030 1553383 100878767 21879665466 227391 0 768799 0 0 0
1791489866 217, 405, 24, 0x0000000000000000 | 10.59 13.71 11.42 | cpu  717162933 1553383 100878846 21879691139 227392 0 768800 0 0 0
1791489867 225, 405, 24, 0x0000000000000000 | 11.10 13.76 11.45 | cpu  717164224 1553383 100878966 21879717626 227392 0 768800 0 0 0
1791489868 225, 405, 24, 0x0000000000000000 | 11.10 13.76 11.45 | cpu  717165556 1553383 100879077 21879743909 227392 0 768800 0 0 0
1791489869 225, 405, 24, 0x0000000000000000 | 11.10 13.76 11.45 | cpu  717166915 1553383 100879164 21879770289 227392 0 768800 0 0 0
1791489870 225, 405, 24, 0x0000000000000000 | 11.10 13.76 11.45 | cpu  717168320 1553383 100879251 21879796587 227392 0 768800 0 0 0
1791489871 225, 405, 24, 0x0000000000000000 | 11.10 13.76 11.45 | cpu  717169746 1553383 100879323 21879822847 227392 0 768800 0 0 0
1791489872 225, 405, 24, 0x0000000000000000 | 10.77 13.65 11.43 | cpu  717171074 1553383 100879427 21879849182 227392 0 768800 0 0 0
1791489874 225, 405, 24, 0x0000000000000000 | 10.77 13.65 11.43 | cpu  717172403 1553383 100879540 21879875472 227392 0 768800 0 0 0
1791489875 225, 405, 24, 0x0000000000000000 | 10.77 13.65 11.43 | cpu  717173696 1553383 100879631 21879902030 227392 0 768800 0 0 0
1791489876 225, 405, 24, 0x0000000000000000 | 10.77 13.65 11.43 | cpu  717177255 1553383 100879859 21879926184 227392 0 768800 0 0 0
1791489877 225, 405, 24, 0x0000000000000000 | 10.77 13.65 11.43 | cpu  717178650 1553384 100879950 21879952439 227392 0 768800 0 0 0
1791489878 225, 405, 24, 0x0000000000000000 | 10.39 13.52 11.40 | cpu  717179928 1553384 100880051 21879978802 227392 0 768800 0 0 0
1791489879 225, 405, 24, 0x0000000000000000 | 10.39 13.52 11.40 | cpu  717181264 1553384 100880159 21880005052 227393 0 768800 0 0 0
1791489880 225, 405, 24, 0x0000000000000000 | 10.39 13.52 11.40 | cpu  717182596 1553384 100880231 21880031440 227393 0 768800 0 0 0
1791489881 225, 405, 24, 0x0000000000000000 | 10.39 13.52 11.40 | cpu  717183903 1553384 100880302 21880057776 227393 0 768800 0 0 0
1791489882 225, 405, 24, 0x0000000000000000 | 10.04 13.40 11.37 | cpu  717185259 1553384 100880385 21880084120 227393 0 768800 0 0 0
1791489883 225, 405, 24, 0x0000000000000000 | 10.04 13.40 11.37 | cpu  717186760 1553384 100880491 21880110256 227393 0 768801 0 0 0
1791489884 225, 405, 24, 0x0000000000000000 | 10.04 13.40 11.37 | cpu  717188186 1553384 100880604 21880136511 227393 0 768801 0 0 0
1791489885 225, 405, 24, 0x0000000000000000 | 10.04 13.40 11.37 | cpu  717189645 1553384 100880697 21880162735 227393 0 768801 0 0 0
1791489887 225, 405, 24, 0x0000000000000000 | 10.04 13.40 11.37 | cpu  717192977 1553384 100880751 21880187064 227393 0 768801 0 0 0
1791489888 225, 405, 24, 0x0000000000000000 | 11.72 13.69 11.48 | cpu  717194539 1553384 100880843 21880213192 227393 0 768802 0 0 0
1791489889 225, 405, 24, 0x0000000000000000 | 11.72 13.69 11.48 | cpu  717195812 1553384 100880937 21880239761 227393 0 768802 0 0 0
1791489890 225, 405, 24, 0x0000000000000000 | 11.72 13.69 11.48 | cpu  717197106 1553384 100881044 21880266149 227393 0 768802 0 0 0
1791489891 225, 405, 24, 0x0000000000000000 | 11.72 13.69 11.48 | cpu  717198467 1553384 100881120 21880292515 227393 0 768802 0 0 0
1791489892 225, 405, 24, 0x0000000000000000 | 11.34 13.58 11.45 | cpu  717199822 1553384 100881187 21880318820 227393 0 768802 0 0 0
1791489893 225, 405, 24, 0x0000000000000000 | 11.34 13.58 11.45 | cpu  717201123 1553384 100881268 21880345187 227393 0 768802 0 0 0
1791489894 225, 405, 24, 0x0000000000000000 | 11.34 13.58 11.45 | cpu  717202464 1553384 100881355 21880371488 227393 0 768802 0 0 0
1791489895 225, 405, 24, 0x0000000000000000 | 11.34 13.58 11.45 | cpu  717203910 1553384 100881474 21880397794 227393 0 768802 0 0 0
1791489896 225, 405, 24, 0x0000000000000000 | 11.34 13.58 11.45 | cpu  717205635 1553384 100881565 21880423796 227393 0 768803 0 0 0
1791489897 225, 405, 24, 0x0000000000000000 | 10.91 13.45 11.42 | cpu  717208820 1553384 100881615 21880448391 227394 0 768803 0 0 0
1791489899 225, 405, 24, 0x0000000000000000 | 10.91 13.45 11.42 | cpu  717210081 1553384 100881705 21880474731 227394 0 768803 0 0 0
1791489900 225, 405, 24, 0x0000000000000000 | 10.91 13.45 11.42 | cpu  717211463 1553384 100881796 21880501142 227394 0 768803 0 0 0
1791489901 225, 405, 24, 0x0000000000000000 | 10.91 13.45 11.42 | cpu  717212924 1553384 100881925 21880527627 227394 0 768803 0 0 0
1791489902 225, 405, 24, 0x0000000000000000 | 10.91 13.45 11.42 | cpu  717214323 1553384 100882051 21880553828 227394 0 768803 0 0 0
1791489903 225, 405, 24, 0x0000000000000000 | 10.68 13.36 11.40 | cpu  717215633 1553384 100882172 21880580352 227394 0 768803 0 0 0
1791489904 225, 405, 24, 0x0000000000000000 | 10.68 13.36 11.40 | cpu  717216890 1553384 100882251 21880606840 227394 0 768804 0 0 0
1791489905 225, 405, 24, 0x0000000000000000 | 10.68 13.36 11.40 | cpu  717218197 1553384 100882327 21880633273 227394 0 768804 0 0 0
1791489906 225, 405, 24, 0x0000000000000000 | 10.68 13.36 11.40 | cpu  717219516 1553384 100882431 21880659687 227394 0 768804 0 0 0
1791489907 225, 405, 24, 0x0000000000000000 | 10.38 13.26 11.38 | cpu  717221498 1553384 100882511 21880685780 227394 0 768804 0 0 0
1791489908 225, 405, 24, 0x0000000000000000 | 10.38 13.26 11.38 | cpu  717224498 1553384 100882590 21880710599 227394 0 768804 0 0 0
1791489909 225, 405, 24, 0x0000000000000000 | 10.38 13.26 11.38 | cpu  717225909 1553384 100882675 21880736833 227394 0 768804 0 0 0
1791489911 225, 405, 24, 0x0000000000000000 | 10.38 13.26 11.38 | cpu  717227233 1553384 100882818 21880763072 227394 0 768804 0 0 0
1791489912 225, 405, 24, 0x0000000000000000 | 10.38 13.26 11.38 | cpu  717228445 1553384 100882956 21880789490 227394 0 768804 0 0 0
1791489913 225, 405, 24, 0x0000000000000000 | 11.07 13.35 11.42 | cpu  717229731 1553384 100883054 21880815933 227394 0 768804 0 0 0
1791489914 225, 405, 24, 0x0000000000000000 | 11.07 13.35 11.42 | cpu  717231084 1553384 100883138 21880842264 227394 0 768805 0 0 0
1791489915 225, 405, 24, 0x0000000000000000 | 11.07 13.35 11.42 | cpu  717232412 1553384 100883230 21880868579 227394 0 768805 0 0 0
1791489916 225, 405, 24, 0x0000000000000000 | 11.07 13.35 11.42 | cpu  717233737 1553384 100883412 21880894911 227394 0 768805 0 0 0
1791489917 225, 405, 24, 0x0000000000000000 | 10.67 13.23 11.39 | cpu  717235010 1553384 100883567 21880921184 227394 0 768806 0 0 0
1791489918 225, 405, 24, 0x0000000000000000 | 10.67 13.23 11.39 | cpu  717237137 1553384 100883625 21880946803 227394 0 768806 0 0 0
1791489919 225, 405, 24, 0x0000000000000000 | 10.67 13.23 11.39 | cpu  717239885 1553384 100883679 21880971771 227394 0 768806 0 0 0
1791489920 225, 405, 24, 0x0000000000000000 | 10.67 13.23 11.39 | cpu  717241179 1553384 100883763 21880998126 227394 0 768807 0 0 0
1791489921 225, 405, 24, 0x0000000000000000 | 10.67 13.23 11.39 | cpu  717242622 1553384 100883852 21881024325 227394 0 768807 0 0 0
1791489922 225, 405, 24, 0x0000000000000000 | 12.54 13.58 11.51 | cpu  717243995 1553385 100884005 21881050511 227394 0 768808 0 0 0
1791489924 225, 405, 24, 0x0000000000000000 | 12.54 13.58 11.51 | cpu  717245313 1553385 100884092 21881077089 227394 0 768808 0 0 0
1791489925 225, 405, 24, 0x0000000000000000 | 12.54 13.58 11.51 | cpu  717246629 1553385 100884189 21881103305 227394 0 768808 0 0 0
1791489926 225, 405, 24, 0x0000000000000000 | 12.54 13.58 11.51 | cpu  717247959 1553385 100884273 21881129607 227395 0 768808 0 0 0
1791489927 225, 405, 24, 0x0000000000000000 | 12.54 13.58 11.51 | cpu  717249335 1553385 100884348 21881155810 227395 0 768808 0 0 0
1791489928 225, 405, 24, 0x0000000000000000 | 12.09 13.47 11.49 | cpu  717250679 1553385 100884466 21881182115 227395 0 768808 0 0 0
1791489929 225, 405, 24, 0x0000000000000000 | 12.09 13.47 11.49 | cpu  717253202 1553385 100884524 21881207490 227395 0 768808 0 0 0
1791489930 225, 405, 24, 0x0000000000000000 | 12.09 13.47 11.49 | cpu  717255661 1553385 100884582 21881232658 227395 0 768808 0 0 0
1791489931 225, 405, 24, 0x0000000000000000 | 12.09 13.47 11.49 | cpu  717256916 1553385 100884664 21881259011 227395 0 768808 0 0 0
1791489932 225, 405, 24, 0x0000000000000000 | 11.76 13.38 11.47 | cpu  717258312 1553385 100884754 21881285495 227395 0 768808 0 0 0
1791489933 225, 405, 24, 0x0000000000000000 | 11.76 13.38 11.47 | cpu  717259744 1553385 100884865 21881311640 227395 0 768808 0 0 0
1791489934 225, 405, 24, 0x0000000000000000 | 11.76 13.38 11.47 | cpu  717261173 1553385 100884945 21881337860 227395 0 768808 0 0 0
1791489936 225, 405, 24, 0x0000000000000000 | 11.76 13.38 11.47 | cpu  717262503 1553385 100885025 21881364107 227395 0 768808 0 0 0
1791489937 225, 405, 24, 0x0000000000000000 | 11.76 13.38 11.47 | cpu  717263760 1553385 100885114 21881390510 227395 0 768808 0 0 0
1791489938 225, 405, 24, 0x0000000000000000 | 12.66 13.54 11.53 | cpu  717265042 1553385 100885197 21881416914 227395 0 768808 0 0 0
1791489939 225, 405, 24, 0x0000000000000000 | 12.66 13.54 11.53 | cpu  717266393 1553385 100885317 21881443222 227395 0 768808 0 0 0
1791489940 225, 405, 23, 0x0000000000000000 | 12.66 13.54 11.53 | cpu  717269208 1553385 100885368 21881468303 227395 0 768808 0 0 0
1791489941 225, 405, 23, 0x0000000000000000 | 12.66 13.54 11.53 | cpu  717271339 1553385 100885432 21881493946 227395 0 768808 0 0 0
1791489942 225, 405, 23, 0x0000000000000000 | 12.53 13.49 11.53 | cpu  717272739 1553385 100885512 21881520229 227395 0 768808 0 0 0
1791489943 225, 405, 23, 0x0000000000000000 | 12.53 13.49 11.53 | cpu  717274067 1553385 100885586 21881546461 227395 0 768808 0 0 0
1791489944 225, 405, 23, 0x0000000000000000 | 12.53 13.49 11.53 | cpu  717275533 1553385 100885702 21881572568 227395 0 768808 0 0 0
1791489945 217, 405, 23, 0x0000000000000000 | 12.53 13.49 11.53 | cpu  717276837 1553385 100885784 21881598872 227395 0 768808 0 0 0
1791489946 225, 405, 23, 0x0000000000000000 | 12.53 13.49 11.53 | cpu  717278199 1553385 100885860 21881625257 227395 0 768808 0 0 0
1791489947 225, 405, 23, 0x0000000000000000 | 12.65 13.50 11.54 | cpu  717279520 1553385 100885946 21881651503 227395 0 768808 0 0 0
1791489949 225, 405, 23, 0x0000000000000000 | 12.65 13.50 11.54 | cpu  717280821 1553385 100886030 21881677824 227395 0 768808 0 0 0
1791489950 225, 405, 23, 0x0000000000000000 | 12.65 13.50 11.54 | cpu  717282215 1553385 100886150 21881704152 227395 0 768808 0 0 0
1791489951 225, 405, 23, 0x0000000000000000 | 12.65 13.50 11.54 | cpu  717285367 1553385 100886193 21881728993 227396 0 768809 0 0 0
1791489952 225, 405, 23, 0x0000000000000000 | 12.65 13.50 11.54 | cpu  717287200 1553385 100886284 21881754840 227396 0 768809 0 0 0
1791489953 225, 405, 23, 0x0000000000000000 | 12.12 13.38 11.51 | cpu  717288465 1553385 100886362 21881781267 227396 0 768809 0 0 0
1791489954 225, 405, 23, 0x0000000000000000 | 12.12 13.38 11.51 | cpu  717289757 1553385 100886442 21881807581 227396 0 768809 0 0 0
1791489955 225, 405, 23, 0x0000000000000000 | 12.12 13.38 11.51 | cpu  717291129 1553385 100886569 21881833826 227396 0 768809 0 0 0
1791489956 225, 405, 23, 0x0000000000000000 | 12.12 13.38 11.51 | cpu  717292431 1553385 100886666 21881860141 227396 0 768809 0 0 0
1791489957 225, 405, 23, 0x0000000000000000 | 11.71 13.27 11.49 | cpu  717293747 1553385 100886839 21881886360 227396 0 768809 0 0 0
1791489958 225, 405, 23, 0x0000000000000000 | 11.71 13.27 11.49 | cpu  717295077 1553385 100886928 21881912623 227396 0 768809 0 0 0
1791489959 225, 405, 23, 0x0000000000000000 | 11.71 13.27 11.49 | cpu  717296399 1553385 100887011 21881938954 227396 0 768809 0 0 0
1791489960 225, 405, 23, 0x0000000000000000 | 11.71 13.27 11.49 | cpu  717297734 1553385 100887128 21881965211 227396 0 768809 0 0 0
1791489962 225, 405, 23, 0x0000000000000000 | 11.71 13.27 11.49 | cpu  717301125 1553385 100887175 21881989692 227396 0 768809 0 0 0
1791489963 225, 405, 23, 0x0000000000000000 | 12.21 13.35 11.52 | cpu  717302682 1553385 100887260 21882015806 227396 0 768810 0 0 0
1791489964 225, 405, 23, 0x0000000000000000 | 12.21 13.35 11.52 | cpu  717304060 1553385 100887337 21882042141 227396 0 768810 0 0 0
1791489965 225, 405, 23, 0x0000000000000000 | 12.21 13.35 11.52 | cpu  717305359 1553385 100887414 21882068539 227396 0 768810 0 0 0
1791489966 225, 405, 23, 0x0000000000000000 | 12.21 13.35 11.52 | cpu  717306676 1553385 100887525 21882094877 227396 0 768810 0 0 0
1791489967 225, 405, 23, 0x0000000000000000 | 12.67 13.43 11.56 | cpu  717307993 1553385 100887603 21882121081 227396 0 768810 0 0 0
1791489968 225, 405, 23, 0x0000000000000000 | 12.67 13.43 11.56 | cpu  717309416 1553385 100887688 21882147321 227396 0 768811 0 0 0
1791489969 225, 405, 23, 0x0000000000000000 | 12.67 13.43 11.56 | cpu  717310797 1553385 100887769 21882173560 227396 0 768811 0 0 0
1791489970 225, 405, 23, 0x0000000000000000 | 12.67 13.43 11.56 | cpu  717312079 1553385 100887843 21882199892 227396 0 768811 0 0 0
1791489971 225, 405, 23, 0x0000000000000000 | 12.67 13.43 11.56 | cpu  717313403 1553385 100887972 21882226163 227397 0 768811 0 0 0
1791489972 225, 405, 23, 0x0000000000000000 | 17.18 14.35 11.87 | cpu  717317334 1553385 100888062 21882250168 227397 0 768811 0 0 0
1791489974 225, 405, 23, 0x0000000000000000 | 17.18 14.35 11.87 | cpu  717318909 1553385 100888229 21882276352 227397 0 768811 0 0 0
1791489975 1162, 13801, 27, 0x0000000000000000 | 17.18 14.35 11.87 | cpu  717320140 1553385 100888299 21882302471 227397 0 768811 0 0 0
1791489976 2902, 13801, 30, 0x0000000000000000 | 17.18 14.35 11.87 | cpu  717321382 1553385 100888375 21882328705 227397 0 768811 0 0 0
1791489977 2902, 13801, 32, 0x0000000000000000 | 17.18 14.35 11.87 | cpu  717322706 1553385 100888489 21882354787 227397 0 768811 0 0 0
1791489978 2910, 13801, 28, 0x0000000000000000 | 17.49 14.46 11.92 | cpu  717324134 1553385 100888573 21882380791 227397 0 768811 0 0 0
1791489979 2895, 13801, 30, 0x0000000000000000 | 17.49 14.46 11.92 | cpu  717325520 1553385 100888654 21882406864 227397 0 768811 0 0 0
1791489980 2902, 13801, 29, 0x0000000000000000 | 17.49 14.46 11.92 | cpu  717326763 1553385 100888767 21882433269 227397 0 768812 0 0 0
1791489981 2902, 13801, 35, 0x0000000000000000 | 17.49 14.46 11.92 | cpu  717327990 1553385 100888942 21882459482 227397 0 768812 0 0 0
1791489982 2902, 13801, 30, 0x0000000000000000 | 16.89 14.39 11.91 | cpu  717329420 1553385 100889076 21882485536 227397 0 768812 0 0 0
1791489983 2902, 13801, 33, 0x0000000000000000 | 16.89 14.39 11.91 | cpu  717332881 1553385 100889135 21882509750 227398 0 768812 0 0 0
1791489984 2895, 13801, 34, 0x0000000000000000 | 16.89 14.39 11.91 | cpu  717334239 1553385 100889215 21882535891 227398 0 768812 0 0 0
1791489985 2902, 13801, 31, 0x0000000000000000 | 16.89 14.39 11.91 | cpu  717335651 1553385 100889294 21882561912 227398 0 768812 0 0 0
1791489986 2910, 13801, 30, 0x0000000000000000 | 16.89 14.39 11.91 | cpu  717337006 1553385 100889370 21882588045 227398 0 768812 0 0 0
1791489988 2902, 13801, 34, 0x0000000000000000 | 19.78 15.03 12.13 | cpu  717338411 1553385 100889534 21882614231 227398 0 768812 0 0 0
1791489989 2895, 13801, 33, 0x0000000000000000 | 19.78 15.03 12.13 | cpu  717339780 1553385 100889613 21882640360 227398 0 768813 0 0 0
1791489990 2902, 13801, 32, 0x0000000000000000 | 19.78 15.03 12.13 | cpu  717341106 1553385 100889684 21882666501 227398 0 768814 0 0 0
1791489991 2902, 13801, 32, 0x0000000000000000 | 19.78 15.03 12.13 | cpu  717342544 1553385 100889765 21882692412 227398 0 768814 0 0 0
1791489992 2910, 13801, 31, 0x0000000000000000 | 19.78 15.03 12.13 | cpu  717343884 1553385 100889835 21882718555 227398 0 768814 0 0 0
1791489993 2895, 13801, 33, 0x0000000000000000 | 18.84 14.91 12.10 | cpu  717345274 1553385 100889952 21882744697 227398 0 768814 0 0 0
1791489994 2895, 13801, 33, 0x0000000000000000 | 18.84 14.91 12.10 | cpu  717348765 1553385 100889998 21882768914 227398 0 768815 0 0 0
1791489995 2895, 13801, 34, 0x0000000000000000 | 18.84 14.91 12.10 | cpu  717349996 1553386 100890081 21882795184 227398 0 768815 0 0 0
1791489996 2887, 13801, 36, 0x0000000000000000 | 18.84 14.91 12.10 | cpu  717351199 1553386 100890154 21882821443 227398 0 768815 0 0 0
1791489997 2895, 13801, 35, 0x0000000000000000 | 18.29 14.86 12.10 | cpu  717352466 1553386 100890228 21882847620 227398 0 768815 0 0 0
1791489998 2895, 13801, 33, 0x0000000000000000 | 18.29 14.86 12.10 | cpu  717353811 1553386 100890347 21882874015 227398 0 768815 0 0 0
1791489999 2895, 13801, 37, 0x0000000000000000 | 18.29 14.86 12.10 | cpu  717355221 1553386 100890440 21882900141 227399 0 768815 0 0 0
1791490001 2887, 13801, 33, 0x0000000000000000 | 18.29 14.86 12.10 | cpu  717356635 1553386 100890512 21882926136 227399 0 768815 0 0 0
1791490002 2895, 13801, 36, 0x0000000000000000 | 18.29 14.86 12.10 | cpu  717358083 1553386 100890603 21882952178 227399 0 768815 0 0 0
1791490003 2902, 13801, 33, 0x0000000000000000 | 20.19 15.31 12.26 | cpu  717359441 1553386 100890684 21882978325 227399 0 768815 0 0 0
1791490004 2910, 13801, 33, 0x0000000000000000 | 20.19 15.31 12.26 | cpu  717361054 1553386 100890782 21883004435 227399 0 768815 0 0 0
1791490005 2887, 13801, 34, 0x0000000000000000 | 20.19 15.31 12.26 | cpu  717364516 1553386 100890876 21883028430 227399 0 768815 0 0 0
1791490006 2895, 13801, 32, 0x0000000000000000 | 20.19 15.31 12.26 | cpu  717365824 1553386 100890979 21883054515 227399 0 768815 0 0 0
1791490007 2910, 13801, 34, 0x0000000000000000 | 21.14 15.59 12.37 | cpu  717367036 1553386 100891056 21883080789 227399 0 768815 0 0 0
1791490008 2880, 13801, 34, 0x0000000000000000 | 21.14 15.59 12.37 | cpu  717368302 1553386 100891138 21883106953 227399 0 768815 0 0 0
1791490009 2887, 13801, 33, 0x0000000000000000 | 21.14 15.59 12.37 | cpu  717369538 1553386 100891226 21883133092 227399 0 768815 0 0 0
1791490010 2902, 13801, 33, 0x0000000000000000 | 21.14 15.59 12.37 | cpu  717370894 1553386 100891324 21883159163 227399 0 768815 0 0 0
1791490011 2880, 13801, 35, 0x0000000000000000 | 21.14 15.59 12.37 | cpu  717372247 1553386 100891399 21883185319 227399 0 768815 0 0 0
1791490012 2880, 13801, 35, 0x0000000000000000 | 19.92 15.43 12.34 | cpu  717373646 1553386 100891484 21883211350 227399 0 768815 0 0 0
1791490013 2887, 13801, 36, 0x0000000000000000 | 19.92 15.43 12.34 | cpu  717374989 1553386 100891562 21883237449 227399 0 768815 0 0 0
1791490015 2880, 13801, 35, 0x0000000000000000 | 19.92 15.43 12.34 | cpu  717376554 1553386 100891703 21883263510 227399 0 768815 0 0 0
1791490016 2895, 13801, 37, 0x0000000000000000 | 19.92 15.43 12.34 | cpu  717379554 1553386 100891769 21883288012 227400 0 768816 0 0 0
1791490017 2880, 13801, 36, 0x0000000000000000 | 19.92 15.43 12.34 | cpu  717380766 1553386 100891847 21883314262 227400 0 768816 0 0 0
1791490018 2880, 13801, 35, 0x0000000000000000 | 18.81 15.27 12.30 | cpu  717382028 1553386 100891928 21883340503 227400 0 768816 0 0 0
1791490019 2902, 13801, 40, 0x0000000000000000 | 18.81 15.27 12.30 | cpu  717383420 1553386 100892026 21883366613 227400 0 768816 0 0 0
1791490020 2880, 13801, 36, 0x0000000000000000 | 18.81 15.27 12.30 | cpu  717384834 1553386 100892102 21883392665 227400 0 768816 0 0 0
1791490021 2880, 13801, 36, 0x0000000000000000 | 18.81 15.27 12.30 | cpu  717386126 1553386 100892243 21883418945 227400 0 768816 0 0 0
1791490022 2880, 13801, 35, 0x0000000000000000 | 17.86 15.14 12.27 | cpu  717387315 1553386 100892436 21883445159 227400 0 768816 0 0 0
1791490023 2895, 13801, 38, 0x0000000000000000 | 17.86 15.14 12.27 | cpu  717388629 1553386 100892511 21883471398 227400 0 768816 0 0 0
1791490024 2887, 13801, 37, 0x0000000000000000 | 17.86 15.14 12.27 | cpu  717389858 1553386 100892589 21883497803 227400 0 768816 0 0 0
1791490025 2887, 13801, 39, 0x0000000000000000 | 17.86 15.14 12.27 | cpu  717391442 1553386 100892667 21883523867 227400 0 768816 0 0 0
1791490026 2887, 13801, 37, 0x0000000000000000 | 17.86 15.14 12.27 | cpu  717394612 1553386 100892749 21883548381 227400 0 768816 0 0 0
1791490028 2880, 13801, 37, 0x0000000000000000 | 17.55 15.12 12.28 | cpu  717395998 1553386 100892837 21883574481 227400 0 768816 0 0 0
1791490029 2895, 13801, 34, 0x0000000000000000 | 17.55 15.12 12.28 | cpu  717397313 1553386 100892913 21883600615 227400 0 768816 0 0 0
1791490030 2880, 13801, 34, 0x0000000000000000 | 17.55 15.12 12.28 | cpu  717398635 1553386 100892992 21883626705 227400 0 768816 0 0 0
1791490031 2910, 13801, 35, 0x0000000000000000 | 17.55 15.12 12.28 | cpu  717399998 1553386 100893070 21883652818 227400 0 768817 0 0 0
1791490032 2895, 13801, 38, 0x0000000000000000 | 17.55 15.12 12.28 | cpu  717401352 1553386 100893185 21883678967 227400 0 768817 0 0 0
1791490033 2887, 13801, 38, 0x0000000000000000 | 16.63 14.97 12.25 | cpu  717402636 1553386 100893268 21883705119 227400 0 768817 0 0 0
1791490034 2887, 13801, 36, 0x0000000000000000 | 16.63 14.97 12.25 | cpu  717403913 1553386 100893342 21883731385 227400 0 768817 0 0 0
1791490035 2880, 13801, 37, 0x0000000000000000 | 16.63 14.97 12.25 | cpu  717405217 1553386 100893421 21883757555 227400 0 768817 0 0 0
1791490036 2895, 13801, 41, 0x0000000000000000 | 16.63 14.97 12.25 | cpu  717407281 1553386 100893514 21883783124 227400 0 768817 0 0 0
1791490037 2887, 13801, 40, 0x0000000000000000 | 15.78 14.82 12.21 | cpu  717410301 1553386 100893611 21883807701 227401 0 768817 0 0 0
1791490038 2880, 13801, 38, 0x0000000000000000 | 15.78 14.82 12.21 | cpu  717411751 1553386 100893699 21883833766 227401 0 768817 0 0 0
1791490039 2887, 13801, 36, 0x0000000000000000 | 15.78 14.82 12.21 | cpu  717413070 1553386 100893801 21883859829 227401 0 768817 0 0 0
1791490040 2880, 13801, 36, 0x0000000000000000 | 15.78 14.82 12.21 | cpu  717414355 1553386 100893881 21883886142 227401 0 768818 0 0 0
1791490042 2880, 13801, 38, 0x0000000000000000 | 15.78 14.82 12.21 | cpu  717415655 1553386 100893970 21883912295 227401 0 768818 0 0 0
1791490043 2887, 13801, 35, 0x0000000000000000 | 18.44 15.39 12.41 | cpu  717417019 1553386 100894095 21883938368 227401 0 768818 0 0 0
1791490044 2887, 13801, 38, 0x0000000000000000 | 18.44 15.39 12.41 | cpu  717418287 1553386 100894180 21883964553 227401 0 768818 0 0 0
1791490045 2887, 13801, 35, 0x0000000000000000 | 18.44 15.39 12.41 | cpu  717419557 1553386 100894260 21883990775 227401 0 768818 0 0 0
1791490046 2887, 13801, 35, 0x0000000000000000 | 18.44 15.39 12.41 | cpu  717420868 1553386 100894431 21884016869 227401 0 768819 0 0 0
1791490047 2887, 13801, 39, 0x0000000000000000 | 18.44 15.39 12.41 | cpu  717423170 1553386 100894543 21884042305 227401 0 768820 0 0 0
1791490048 2880, 13801, 38, 0x0000000000000000 | 19.20 15.59 12.50 | cpu  717426318 1553386 100894620 21884066741 227402 0 768820 0 0 0
1791490049 2887, 13801, 36, 0x0000000000000000 | 19.20 15.59 12.50 | cpu  717427653 1553386 100894696 21884092772 227402 0 768820 0 0 0
1791490050 2880, 13801, 36, 0x0000000000000000 | 19.20 15.59 12.50 | cpu  717428982 1553386 100894776 21884118893 227402 0 768820 0 0 0
1791490051 2887, 13801, 34, 0x0000000000000000 | 19.20 15.59 12.50 | cpu  717430389 1553387 100894865 21884144947 227402 0 768821 0 0 0
1791490052 2887, 13801, 36, 0x0000000000000000 | 18.22 15.45 12.47 | cpu  717431685 1553387 100894937 21884171134 227402 0 768821 0 0 0
1791490053 2895, 13801, 41, 0x0000000000000000 | 18.22 15.45 12.47 | cpu  717432966 1553387 100895055 21884197435 227402 0 768821 0 0 0
1791490055 2880, 13801, 37, 0x0000000000000000 | 18.22 15.45 12.47 | cpu  717434256 1553387 100895124 21884223589 227402 0 768821 0 0 0
1791490056 2887, 13801, 36, 0x0000000000000000 | 18.22 15.45 12.47 | cpu  717435591 1553387 100895198 21884249684 227402 0 768821 0 0 0
1791490057 2880, 13801, 38, 0x0000000000000000 | 18.22 15.45 12.47 | cpu  717436859 1553387 100895270 21884275875 227402 0 768822 0 0 0
1791490058 2880, 13801, 38, 0x0000000000000000 | 18.21 15.49 12.50 | cpu  717438896 1553387 100895341 21884301400 227402 0 768822 0 0 0
1791490059 2887, 13801, 35, 0x0000000000000000 | 18.21 15.49 12.50 | cpu  717442885 1553387 100895418 21884324877 227402 0 768823 0 0 0
1791490060 2887, 13801, 36, 0x0000000000000000 | 18.21 15.49 12.50 | cpu  717444100 1553387 100895504 21884351017 227402 0 768823 0 0 0
1791490061 2880, 13801, 39, 0x0000000000000000 | 18.21 15.49 12.50 | cpu  717445349 1553387 100895586 21884377264 227402 0 768823 0 0 0
1791490062 2880, 13801, 38, 0x0000000000000000 | 17.31 15.35 12.47 | cpu  717446645 1553387 100895666 21884403435 227402 0 768823 0 0 0
1791490063 2895, 13801, 38, 0x0000000000000000 | 17.31 15.35 12.47 | cpu  717448034 1553387 100895750 21884429437 227402 0 768823 0 0 0
1791490064 2887, 13801, 37, 0x0000000000000000 | 17.31 15.35 12.47 | cpu  717449332 1553387 100895853 21884455852 227402 0 768823 0 0 0
1791490065 2880, 13801, 38, 0x0000000000000000 | 17.31 15.35 12.47 | cpu  717450617 1553387 100895983 21884482058 227402 0 768823 0 0 0
1791490066 2887, 13801, 41, 0x0000000000000000 | 17.31 15.35 12.47 | cpu  717451906 1553387 100896058 21884508567 227402 0 768823 0 0 0
1791490067 2880, 13801, 38, 0x0000000000000000 | 19.13 15.76 12.61 | cpu  717453235 1553387 100896144 21884534776 227402 0 768823 0 0 0
1791490069 2887, 13801, 35, 0x0000000000000000 | 19.13 15.76 12.61 | cpu  717454787 1553387 100896218 21884560945 227402 0 768824 0 0 0
1791490070 2887, 13801, 36, 0x0000000000000000 | 19.13 15.76 12.61 | cpu  717458993 1553387 100896281 21884584477 227402 0 768824 0 0 0
1791490071 2880, 13801, 39, 0x0000000000000000 | 19.13 15.76 12.61 | cpu  717460290 1553387 100896382 21884610827 227402 0 768824 0 0 0
1791490072 2887, 13801, 36, 0x0000000000000000 | 19.13 15.76 12.61 | cpu  717461578 1553387 100896462 21884637257 227402 0 768824 0 0 0
1791490073 2887, 13801, 40, 0x0000000000000000 | 18.08 15.60 12.58 | cpu  717462794 1553387 100896542 21884663617 227402 0 768824 0 0 0
1791490074 2880, 13801, 40, 0x0000000000000000 | 18.08 15.60 12.58 | cpu  717464069 1553387 100896631 21884690189 227402 0 768826 0 0 0
1791490075 2902, 13801, 43, 0x0000000000000000 | 18.08 15.60 12.58 | cpu  717465430 1553387 100896723 21884716445 227402 0 768827 0 0 0
1791490076 2895, 13801, 36, 0x0000000000000000 | 18.08 15.60 12.58 | cpu  717466940 1553387 100896827 21884742377 227402 0 768827 0 0 0
1791490077 2880, 13801, 37, 0x0000000000000000 | 18.71 15.77 12.65 | cpu  717468381 1553387 100896908 21884768530 227402 0 768827 0 0 0
1791490078 2887, 13801, 37, 0x0000000000000000 | 18.71 15.77 12.65 | cpu  717469735 1553387 100896992 21884794910 227402 0 768827 0 0 0
1791490079 2887, 13801, 38, 0x0000000000000000 | 18.71 15.77 12.65 | cpu  717471856 1553387 100897064 21884820589 227402 0 768827 0 0 0
1791490081 2887, 13801, 38, 0x0000000000000000 | 18.71 15.77 12.65 | cpu  717474925 1553387 100897113 21884845325 227403 0 768827 0 0 0
1791490082 2887, 13801, 36, 0x0000000000000000 | 18.71 15.77 12.65 | cpu  717476311 1553387 100897230 21884871705 227403 0 768828 0 0 0
1791490083 2887, 13801, 37, 0x0000000000000000 | 20.02 16.09 12.77 | cpu  717477719 1553387 100897332 21884898042 227403 0 768828 0 0 0
1791490084 2895, 13801, 42, 0x0000000000000000 | 20.02 16.09 12.77 | cpu  717479074 1553387 100897427 21884924490 227403 0 768828 0 0 0
1791490085 2880, 13801, 39, 0x0000000000000000 | 20.02 16.09 12.77 | cpu  717480402 1553387 100897540 21884950741 227403 0 768828 0 0 0
1791490086 2887, 13801, 40, 0x0000000000000000 | 20.02 16.09 12.77 | cpu  717481657 1553387 100897759 21884977095 227403 0 768828 0 0 0
1791490087 2887, 13801, 38, 0x0000000000000000 | 20.17 16.19 12.82 | cpu  717483078 1553387 100897893 21885003245 227403 0 768828 0 0 0
1791490088 2895, 13801, 39, 0x0000000000000000 | 20.17 16.19 12.82 | cpu  717484411 1553387 100897976 21885029496 227403 0 768828 0 0 0
1791490089 2887, 13801, 38, 0x0000000000000000 | 20.17 16.19 12.82 | cpu  717485690 1553387 100898053 21885055942 227403 0 768828 0 0 0
1791490090 2887, 13801, 38, 0x0000000000000000 | 20.17 16.19 12.82 | cpu  717487615 1553387 100898127 21885081792 227403 0 768828 0 0 0
1791490091 2887, 13801, 37, 0x0000000000000000 | 20.17 16.19 12.82 | cpu  717490648 1553387 100898175 21885106416 227403 0 768828 0 0 0
1791490092 2887, 13801, 37, 0x0000000000000000 | 19.04 16.02 12.78 | cpu  717491957 1553387 100898287 21885132530 227403 0 768828 0 0 0
1791490094 2887, 13801, 39, 0x0000000000000000 | 19.04 16.02 12.78 | cpu  717493232 1553387 100898375 21885158744 227403 0 768828 0 0 0
1791490095 2887, 13801, 36, 0x0000000000000000 | 19.04 16.02 12.78 | cpu  717494482 1553387 100898459 21885184941 227403 0 768829 0 0 0
1791490096 2895, 13801, 41, 0x0000000000000000 | 19.04 16.02 12.78 | cpu  717495766 1553387 100898537 21885211198 227403 0 768830 0 0 0
1791490097 2887, 13801, 37, 0x0000000000000000 | 19.04 16.02 12.78 | cpu  717497056 1553387 100898615 21885237307 227403 0 768830 0 0 0
1791490098 2895, 13801, 37, 0x0000000000000000 | 18.23 15.90 12.76 | cpu  717498413 1553387 100898731 21885263416 227403 0 768830 0 0 0
1791490099 2887, 13801, 37, 0x0000000000000000 | 18.23 15.90 12.76 | cpu  717499682 1553387 100898830 21885289536 227403 0 768830 0 0 0
1791490100 2887, 13801, 37, 0x0000000000000000 | 18.23 15.90 12.76 | cpu  717500888 1553387 100898906 21885315817 227403 0 768830 0 0 0
1791490101 2887, 13801, 36, 0x0000000000000000 | 18.23 15.90 12.76 | cpu  717502846 1553387 100899005 21885341444 227404 0 768831 0 0 0
1791490102 2895, 13801, 36, 0x0000000000000000 | 17.33 15.76 12.73 | cpu  717505689 1553387 100899176 21885365954 227404 0 768831 0 0 0
1791490103 2887, 13801, 36, 0x0000000000000000 | 17.33 15.76 12.73 | cpu  717507066 1553387 100899290 21885392091 227404 0 768831 0 0 0
1791490104 2887, 13801, 39, 0x0000000000000000 | 17.33 15.76 12.73 | cpu  717508460 1553387 100899368 21885418222 227404 0 768831 0 0 0
1791490105 2895, 13801, 36, 0x0000000000000000 | 17.33 15.76 12.73 | cpu  717509857 1553387 100899452 21885444238 227404 0 768831 0 0 0
1791490106 2887, 13801, 35, 0x0000000000000000 | 17.33 15.76 12.73 | cpu  717511299 1553387 100899528 21885470230 227404 0 768831 0 0 0
1791490108 2895, 13801, 39, 0x0000000000000000 | 17.55 15.83 12.77 | cpu  717512572 1553387 100899613 21885496442 227404 0 768831 0 0 0
1791490109 2887, 13801, 38, 0x0000000000000000 | 17.55 15.83 12.77 | cpu  717513772 1553387 100899725 21885522724 227404 0 768831 0 0 0
1791490110 2895, 13801, 35, 0x0000000000000000 | 17.55 15.83 12.77 | cpu  717515030 1553387 100899798 21885549117 227404 0 768831 0 0 0
1791490111 2887, 13801, 36, 0x0000000000000000 | 17.55 15.83 12.77 | cpu  717516367 1553387 100899971 21885575500 227404 0 768831 0 0 0
1791490112 2895, 13801, 35, 0x0000000000000000 | 17.55 15.83 12.77 | cpu  717518842 1553387 100900079 21885600816 227404 0 768831 0 0 0
1791490113 2887, 13801, 39, 0x0000000000000000 | 16.62 15.66 12.73 | cpu  717521730 1553387 100900127 21885625551 227404 0 768831 0 0 0
1791490114 2887, 13801, 37, 0x0000000000000000 | 16.62 15.66 12.73 | cpu  717523059 1553387 100900238 21885651743 227404 0 768831 0 0 0
1791490115 2887, 13801, 39, 0x0000000000000000 | 16.62 15.66 12.73 | cpu  717524368 1553387 100900324 21885678321 227404 0 768832 0 0 0
1791490116 2887, 13801, 40, 0x0000000000000000 | 16.62 15.66 12.73 | cpu  717525671 1553387 100900425 21885704729 227404 0 768832 0 0 0
1791490117 2887, 13801, 39, 0x0000000000000000 | 15.77 15.50 12.70 | cpu  717526988 1553387 100900509 21885730906 227404 0 768832 0 0 0
1791490118 2887, 13801, 37, 0x0000000000000000 | 15.77 15.50 12.70 | cpu  717528384 1553387 100900593 21885757023 227404 0 768832 0 0 0
1791490119 2887, 13801, 37, 0x0000000000000000 | 15.77 15.50 12.70 | cpu  717529888 1553387 100900717 21885783145 227404 0 768832 0 0 0
1791490121 2895, 13801, 37, 0x0000000000000000 | 15.77 15.50 12.70 | cpu  717531342 1553387 100900793 21885809445 227404 0 768833 0 0 0
1791490122 2887, 13801, 36, 0x0000000000000000 | 15.77 15.50 12.70 | cpu  717532664 1553388 100900874 21885835820 227404 0 768833 0 0 0
1791490123 2895, 13801, 35, 0x0000000000000000 | 14.99 15.34 12.66 | cpu  717535206 1553388 100900938 21885860935 227405 0 768833 0 0 0
1791490124 2887, 13801, 37, 0x0000000000000000 | 14.99 15.34 12.66 | cpu  717538085 1553388 100900989 21885885701 227405 0 768833 0 0 0
1791490125 2887, 13801, 38, 0x0000000000000000 | 14.99 15.34 12.66 | cpu  717539428 1553388 100901100 21885911974 227405 0 768833 0 0 0
1791490126 2887, 13801, 39, 0x0000000000000000 | 14.99 15.34 12.66 | cpu  717540824 1553388 100901181 21885938312 227405 0 768834 0 0 0
1791490127 2887, 13801, 38, 0x0000000000000000 | 14.27 15.19 12.63 | cpu  717542406 1553388 100901273 21885964309 227405 0 768835 0 0 0
1791490128 2880, 13801, 39, 0x0000000000000000 | 14.27 15.19 12.63 | cpu  717543777 1553388 100901363 21885990521 227405 0 768836 0 0 0
1791490129 2880, 13801, 40, 0x0000000000000000 | 14.27 15.19 12.63 | cpu  717545043 1553388 100901441 21886016850 227405 0 768836 0 0 0
1791490130 2880, 13801, 40, 0x0000000000000000 | 14.27 15.19 12.63 | cpu  717546373 1553388 100901557 21886043097 227405 0 768836 0 0 0
1791490131 2895, 13801, 41, 0x0000000000000000 | 14.27 15.19 12.63 | cpu  717547695 1553388 100901646 21886069504 227405 0 768837 0 0 0
1791490133 2887, 13801, 38, 0x0000000000000000 | 13.61 15.04 12.59 | cpu  717549072 1553388 100901765 21886095733 227405 0 768838 0 0 0
1791490134 2887, 13801, 40, 0x0000000000000000 | 13.61 15.04 12.59 | cpu  717552037 1553388 100901895 21886120590 227405 0 768838 0 0 0
1791490135 2887, 13801, 39, 0x0000000000000000 | 13.61 15.04 12.59 | cpu  717554787 1553388 100901944 21886145435 227405 0 768838 0 0 0
1791490136 2887, 13801, 37, 0x0000000000000000 | 13.61 15.04 12.59 | cpu  717556245 1553388 100902057 21886171487 227405 0 768838 0 0 0
1791490137 2887, 13801, 40, 0x0000000000000000 | 13.61 15.04 12.59 | cpu  717557563 1553388 100902132 21886197854 227405 0 768838 0 0 0
1791490138 2887, 13801, 38, 0x0000000000000000 | 13.96 15.09 12.62 | cpu  717558918 1553388 100902211 21886224259 227405 0 768838 0 0 0
1791490139 2880, 13801, 39, 0x0000000000000000 | 13.96 15.09 12.62 | cpu  717560247 1553388 100902299 21886250669 227405 0 768839 0 0 0
1791490140 2880, 13801, 40, 0x0000000000000000 | 13.96 15.09 12.62 | cpu  717561527 1553388 100902381 21886277158 227405 0 768839 0 0 0
1791490141 2880, 13801, 38, 0x0000000000000000 | 13.96 15.09 12.62 | cpu  717562945 1553388 100902502 21886303439 227405 0 768839 0 0 0
1791490142 2895, 13801, 40, 0x0000000000000000 | 15.48 15.38 12.73 | cpu  717564385 1553388 100902622 21886329675 227405 0 768839 0 0 0
1791490143 2880, 13801, 41, 0x0000000000000000 | 15.48 15.38 12.73 | cpu  717565749 1553388 100902708 21886356188 227405 0 768839 0 0 0
1791490144 2895, 13801, 37, 0x0000000000000000 | 15.48 15.38 12.73 | cpu  717568216 1553388 100902766 21886381448 227405 0 768839 0 0 0
1791490146 2895, 13801, 41, 0x0000000000000000 | 15.48 15.38 12.73 | cpu  717570822 1553388 100902821 21886406362 227405 0 768839 0 0 0
1791490147 2895, 13801, 37, 0x0000000000000000 | 15.48 15.38 12.73 | cpu  717572175 1553388 100902949 21886432747 227405 0 768839 0 0 0
1791490148 2887, 13801, 44, 0x0000000000000000 | 14.72 15.23 12.69 | cpu  717573529 1553388 100903036 21886459270 227405 0 768840 0 0 0
1791490149 2895, 13801, 43, 0x0000000000000000 | 14.72 15.23 12.69 | cpu  717574827 1553388 100903131 21886485603 227405 0 768842 0 0 0
1791490150 2880, 13801, 40, 0x0000000000000000 | 14.72 15.23 12.69 | cpu  717576199 1553388 100903214 21886511961 227405 0 768842 0 0 0
1791490151 2887, 13801, 38, 0x0000000000000000 | 14.72 15.23 12.69 | cpu  717577493 1553388 100903301 21886538511 227405 0 768842 0 0 0
1791490152 2887, 13801, 41, 0x0000000000000000 | 17.71 15.84 12.90 | cpu  717578758 1553388 100903418 21886564911 227405 0 768843 0 0 0
1791490153 2887, 13801, 39, 0x0000000000000000 | 17.71 15.84 12.90 | cpu  717580123 1553388 100903509 21886591223 227405 0 768843 0 0 0
1791490154 2887, 13801, 42, 0x0000000000000000 | 17.71 15.84 12.90 | cpu  717581471 1553388 100903585 21886617450 227405 0 768846 0 0 0
1791490155 2887, 13801, 41, 0x0000000000000000 | 17.71 15.84 12.90 | cpu  717583948 1553388 100903638 21886642793 227405 0 768846 0 0 0
1791490156 2895, 13801, 42, 0x0000000000000000 | 17.71 15.84 12.90 | cpu  717586273 1553388 100903703 21886668301 227406 0 768846 0 0 0
1791490158 2880, 13801, 41, 0x0000000000000000 | 16.85 15.69 12.87 | cpu  717587570 1553388 100903821 21886694731 227406 0 768846 0 0 0
1791490159 2887, 13801, 40, 0x0000000000000000 | 16.85 15.69 12.87 | cpu  717588854 1553388 100903908 21886720997 227406 0 768846 0 0 0
1791490160 2887, 13801, 43, 0x0000000000000000 | 16.85 15.69 12.87 | cpu  717590096 1553388 100903985 21886747283 227406 0 768846 0 0 0
1791490161 2887, 13801, 38, 0x0000000000000000 | 16.85 15.69 12.87 | cpu  717591451 1553388 100904065 21886773592 227406 0 768846 0 0 0
1791490162 2880, 13801, 40, 0x0000000000000000 | 16.85 15.69 12.87 | cpu  717592857 1553388 100904156 21886799824 227406 0 768846 0 0 0
1791490163 2880, 13801, 39, 0x0000000000000000 | 16.06 15.55 12.84 | cpu  717594153 1553388 100904289 21886826241 227406 0 768846 0 0 0
1791490164 2887, 13801, 42, 0x0000000000000000 | 16.06 15.55 12.84 | cpu  717595418 1553388 100904374 21886852740 227406 0 768846 0 0 0
1791490165 2880, 13801, 40, 0x0000000000000000 | 16.06 15.55 12.84 | cpu  717596671 1553388 100904474 21886879272 227406 0 768846 0 0 0
1791490166 2895, 13801, 37, 0x0000000000000000 | 16.06 15.55 12.84 | cpu  717599319 1553388 100904519 21886904346 227406 0 768846 0 0 0
1791490167 2887, 13801, 38, 0x0000000000000000 | 15.26 15.39 12.80 | cpu  717601257 1553388 100904590 21886929981 227406 0 768846 0 0 0
1791490168 2895, 13801, 42, 0x0000000000000000 | 15.26 15.39 12.80 | cpu  717602667 1553388 100904717 21886956164 227406 0 768846 0 0 0
1791490169 2887, 13801, 43, 0x0000000000000000 | 15.26 15.39 12.80 | cpu  717604126 1553388 100904802 21886982488 227406 0 768846 0 0 0
1791490171 2895, 13801, 44, 0x0000000000000000 | 15.26 15.39 12.80 | cpu  717605430 1553388 100904881 21887008770 227406 0 768846 0 0 0
1791490172 2880, 13801, 38, 0x0000000000000000 | 15.26 15.39 12.80 | cpu  717606677 1553388 100904964 21887035193 227406 0 768846 0 0 0
1791490173 2895, 13801, 42, 0x0000000000000000 | 14.51 15.23 12.77 | cpu  717607910 1553389 100905046 21887061857 227406 0 768846 0 0 0
1791490174 2887, 13801, 39, 0x0000000000000000 | 14.51 15.23 12.77 | cpu  717609225 1553389 100905170 21887088223 227406 0 768846 0 0 0
1791490175 2887, 13801, 39, 0x0000000000000000 | 14.51 15.23 12.77 | cpu  717610517 1553389 100905279 21887114386 227406 0 768847 0 0 0
1791490176 2887, 13801, 37, 0x0000000000000000 | 14.51 15.23 12.77 | cpu  717611886 1553389 100905473 21887140538 227406 0 768847 0 0 0
1791490177 2880, 13801, 39, 0x0000000000000000 | 14.71 15.26 12.79 | cpu  717614783 1553389 100905535 21887165120 227406 0 768847 0 0 0
1791490178 2887, 13801, 38, 0x0000000000000000 | 14.71 15.26 12.79 | cpu  717617042 1553389 100905610 21887190329 227406 0 768847 0 0 0
1791490179 2895, 13801, 37, 0x0000000000000000 | 14.71 15.26 12.79 | cpu  717618345 1553389 100905728 21887216343 227407 0 768847 0 0 0
1791490180 2880, 13801, 37, 0x0000000000000000 | 14.71 15.26 12.79 | cpu  717619646 1553389 100905810 21887242513 227407 0 768847 0 0 0
1791490181 2902, 13801, 34, 0x0000000000000000 | 14.71 15.26 12.79 | cpu  717620842 1553389 100905896 21887268617 227407 0 768847 0 0 0
1791490182 2467, 13801, 33, 0x0000000000000000 | 14.02 15.11 12.75 | cpu  717622134 1553389 100906003 21887294751 227407 0 768847 0 0 0
1791490184 2445, 13801, 33, 0x0000000000000000 | 14.02 15.11 12.75 | cpu  717623371 1553389 100906104 21887320875 227407 0 768847 0 0 0
1791490185 2445, 13801, 32, 0x0000000000000000 | 14.02 15.11 12.75 | cpu  717624635 1553389 100906245 21887347173 227407 0 768847 0 0 0
1791490186 2445, 13801, 32, 0x0000000000000000 | 14.02 15.11 12.75 | cpu  717625875 1553389 100906349 21887373422 227407 0 768847 0 0 0
1791490187 2445, 13801, 32, 0x0000000000000000 | 14.02 15.11 12.75 | cpu  717627123 1553389 100906463 21887399606 227407 0 768847 0 0 0
1791490188 2445, 13801, 32, 0x0000000000000000 | 13.77 15.04 12.74 | cpu  717630386 1553389 100906579 21887423874 227407 0 768847 0 0 0
1791490189 2445, 13801, 31, 0x0000000000000000 | 13.77 15.04 12.74 | cpu  717632380 1553389 100906670 21887449384 227407 0 768847 0 0 0
1791490190 2445, 13801, 31, 0x0000000000000000 | 13.77 15.04 12.74 | cpu  717633578 1553389 100906807 21887475598 227407 0 768847 0 0 0
1791490191 2445, 13801, 31, 0x0000000000000000 | 13.77 15.04 12.74 | cpu  717634744 1553389 100906906 21887501859 227407 0 768847 0 0 0
1791490192 2445, 13801, 31, 0x0000000000000000 | 13.15 14.89 12.71 | cpu  717635962 1553389 100907006 21887528006 227407 0 768847 0 0 0
1791490193 2445, 13801, 30, 0x0000000000000000 | 13.15 14.89 12.71 | cpu  717637153 1553389 100907107 21887554228 227407 0 768847 0 0 0
1791490194 2445, 13801, 30, 0x0000000000000000 | 13.15 14.89 12.71 | cpu  717638421 1553389 100907212 21887580592 227407 0 768847 0 0 0
1791490195 2445, 13801, 30, 0x0000000000000000 | 13.15 14.89 12.71 | cpu  717639646 1553389 100907365 21887606689 227407 0 768847 0 0 0
1791490196 2445, 13801, 30, 0x0000000000000000 | 13.15 14.89 12.71 | cpu  717640892 1553389 100907489 21887632966 227407 0 768847 0 0 0
1791490198 2445, 13801, 30, 0x0000000000000000 | 12.58 14.74 12.67 | cpu  717642031 1553389 100907698 21887659265 227407 0 768847 0 0 0
1791490199 2445, 13801, 29, 0x0000000000000000 | 12.58 14.74 12.67 | cpu  717644924 1553389 100907816 21887683991 227408 0 768847 0 0 0
1791490200 2445, 13801, 29, 0x0000000000000000 | 12.58 14.74 12.67 | cpu  717646626 1553389 100907932 21887709937 227408 0 768847 0 0 0
1791490201 2445, 13801, 29, 0x0000000000000000 | 12.58 14.74 12.67 | cpu  717647887 1553389 100908114 21887736190 227408 0 768847 0 0 0
1791490202 2445, 13801, 29, 0x0000000000000000 | 12.58 14.74 12.67 | cpu  717649081 1553389 100908267 21887762394 227408 0 768847 0 0 0
1791490203 2445, 13801, 29, 0x0000000000000000 | 12.93 14.78 12.69 | cpu  717650313 1553389 100908402 21887788780 227408 0 768848 0 0 0
1791490204 2445, 13801, 29, 0x0000000000000000 | 12.93 14.78 12.69 | cpu  717651549 1553389 100908532 21887815176 227408 0 768848 0 0 0
1791490205 2445, 13801, 28, 0x0000000000000000 | 12.93 14.78 12.69 | cpu  717652840 1553389 100908622 21887841502 227408 0 768848 0 0 0
1791490206 2445, 13801, 28, 0x0000000000000000 | 12.93 14.78 12.69 | cpu  717654083 1553389 100908717 21887867951 227408 0 768848 0 0 0
1791490207 2445, 13801, 28, 0x0000000000000000 | 12.54 14.67 12.67 | cpu  717655313 1553389 100908820 21887894233 227436 0 768849 0 0 0
1791490208 2445, 13801, 28, 0x0000000000000000 | 12.54 14.67 12.67 | cpu  717656506 1553389 100908894 21887920663 227437 0 768849 0 0 0
1791490209 2445, 13801, 28, 0x0000000000000000 | 12.54 14.67 12.67 | cpu  717659889 1553389 100908935 21887945007 227438 0 768849 0 0 0
1791490211 2445, 13801, 28, 0x0000000000000000 | 12.54 14.67 12.67 | cpu  717661386 1553389 100909012 21887971134 227438 0 768849 0 0 0
1791490212 2445, 13801, 28, 0x0000000000000000 | 12.54 14.67 12.67 | cpu  717662669 1553389 100909129 21887997463 227438 0 768849 0 0 0
1791490213 2445, 13801, 27, 0x0000000000000000 | 12.65 14.65 12.68 | cpu  717663980 1553389 100909243 21888023739 227438 0 768851 0 0 0
1791490214 2445, 13801, 27, 0x0000000000000000 | 12.65 14.65 12.68 | cpu  717665168 1553389 100909461 21888050018 227439 0 768851 0 0 0
1791490215 2445, 13801, 27, 0x0000000000000000 | 12.65 14.65 12.68 | cpu  717666338 1553389 100909579 21888076422 227439 0 768851 0 0 0
1791490216 2445, 13801, 27, 0x0000000000000000 | 12.65 14.65 12.68 | cpu  717667596 1553389 100909661 21888102838 227439 0 768851 0 0 0
1791490217 2415, 810, 26, 0x0000000000000000 | 12.28 14.54 12.65 | cpu  717668948 1553389 100909777 21888129382 227439 0 768851 0 0 0
1791490218 330, 810, 26, 0x0000000000000000 | 12.28 14.54 12.65 | cpu  717670171 1553390 100909959 21888155912 227439 0 768851 0 0 0
