1791486269 2445, 14001, 26, 0x0000000000000000 | 4.62 4.98 4.46 | cpu  714353918 1553295 100569309 21790824693 226570 0 767052 0 0 0
1791486271 1762, 7001, 25, 0x0000000000000000 | 4.62 4.98 4.46 | cpu  714354915 1553295 100569388 21790851232 226570 0 767053 0 0 0
1791486272 262, 810, 25, 0x0000000000000000 | 4.57 4.96 4.46 | cpu  714355249 1553295 100569495 21790878586 226570 0 767056 0 0 0
1791486273 225, 810, 24, 0x0000000000000000 | 4.57 4.96 4.46 | cpu  714355594 1553295 100569618 21790905888 226570 0 767057 0 0 0
1791486274 225, 405, 24, 0x0000000000000000 | 4.57 4.96 4.46 | cpu  714355881 1553295 100569708 21790933257 226570 0 767058 0 0 0
1791486275 225, 405, 24, 0x0000000000000000 | 4.57 4.96 4.46 | cpu  714356228 1553295 100569921 21790960653 226571 0 767062 0 0 0
1791486276 225, 405, 24, 0x0000000000000000 | 4.57 4.96 4.46 | cpu  714356627 1553295 100570017 21790988069 226571 0 767065 0 0 0
1791486277 225, 405, 24, 0x0000000000000000 | 4.52 4.95 4.45 | cpu  714357748 1553295 100570106 21791014814 226571 0 767071 0 0 0
1791486278 2445, 13801, 25, 0x0000000000000000 | 4.52 4.95 4.45 | cpu  714358410 1553295 100570218 21791041695 226571 0 767071 0 0 0
1791486279 2535, 13801, 25, 0x0000000000000000 | 4.52 4.95 4.45 | cpu  714360120 1553295 100570286 21791067462 226571 0 767072 0 0 0
1791486280 2520, 13801, 25, 0x0000000000000000 | 4.52 4.95 4.45 | cpu  714360932 1553295 100570360 21791094059 226571 0 767072 0 0 0
1791486281 2520, 13801, 26, 0x0000000000000000 | 4.40 4.91 4.44 | cpu  714361641 1553295 100570421 21791120818 226571 0 767072 0 0 0
1791486282 2685, 13801, 26, 0x0000000000000000 | 4.40 4.91 4.44 | cpu  714362472 1553295 100570524 21791147416 226571 0 767073 0 0 0
1791486284 2925, 13801, 26, 0x0000000000000000 | 4.40 4.91 4.44 | cpu  714363328 1553295 100570620 21791174223 226571 0 767073 0 0 0
1791486285 2925, 13801, 26, 0x0000000000000000 | 4.40 4.91 4.44 | cpu  714364129 1553295 100570685 21791200847 226571 0 767073 0 0 0
1791486286 2925, 13801, 26, 0x0000000000000000 | 4.40 4.91 4.44 | cpu  714365040 1553295 100570758 21791227406 226571 0 767073 0 0 0
1791486287 2925, 13801, 26, 0x0000000000000000 | 4.29 4.88 4.44 | cpu  714365717 1553295 100570806 21791254211 226571 0 767073 0 0 0
1791486288 2925, 13801, 27, 0x0000000000000000 | 4.29 4.88 4.44 | cpu  714366519 1553295 100570911 21791280898 226571 0 767073 0 0 0
1791486289 2745, 13801, 26, 0x0000000000000000 | 4.29 4.88 4.44 | cpu  714367331 1553295 100571012 21791307568 226571 0 767074 0 0 0
1791486290 2610, 13801, 26, 0x0000000000000000 | 4.29 4.88 4.44 | cpu  714368095 1553295 100571107 21791334266 226571 0 767074 0 0 0
1791486291 2685, 13801, 27, 0x0000000000000000 | 4.29 4.88 4.44 | cpu  714368903 1553295 100571327 21791360892 226571 0 767074 0 0 0
1791486292 2445, 13801, 26, 0x0000000000000000 | 4.18 4.85 4.43 | cpu  714369543 1553295 100571391 21791387714 226571 0 767074 0 0 0
1791486293 2625, 13801, 26, 0x0000000000000000 | 4.18 4.85 4.43 | cpu  714370331 1553295 100571485 21791414422 226571 0 767074 0 0 0
1791486294 2580, 13801, 27, 0x0000000000000000 | 4.18 4.85 4.43 | cpu  714371113 1553295 100571580 21791441142 226571 0 767074 0 0 0
1791486295 2520, 13801, 26, 0x0000000000000000 | 4.18 4.85 4.43 | cpu  714372009 1553295 100571639 21791467695 226571 0 767075 0 0 0
1791486296 2445, 13801, 26, 0x0000000000000000 | 4.09 4.82 4.42 | cpu  714372639 1553295 100571712 21791494474 226578 0 767075 0 0 0
1791486298 2677, 13801, 27, 0x0000000000000000 | 4.09 4.82 4.42 | cpu  714373219 1553295 100571818 21791521390 226578 0 767076 0 0 0
1791486299 2662, 13801, 27, 0x0000000000000000 | 4.09 4.82 4.42 | cpu  714373506 1553295 100571888 21791548538 226578 0 767076 0 0 0
1791486300 2827, 13801, 27, 0x0000000000000000 | 4.09 4.82 4.42 | cpu  714373735 1553295 100572037 21791575686 226578 0 767076 0 0 0
1791486301 2445, 13801, 27, 0x0000000000000000 | 4.09 4.82 4.42 | cpu  714373988 1553295 100572175 21791602828 226578 0 767076 0 0 0
1791486302 2467, 13801, 27, 0x0000000000000000 | 4.00 4.79 4.41 | cpu  714374306 1553295 100572256 21791630023 226578 0 767076 0 0 0
1791486303 2467, 13801, 27, 0x0000000000000000 | 4.00 4.79 4.41 | cpu  714374631 1553295 100572341 21791657278 226578 0 767077 0 0 0
1791486304 2467, 13801, 27, 0x0000000000000000 | 4.00 4.79 4.41 | cpu  714374922 1553295 100572425 21791684493 226578 0 767077 0 0 0
1791486305 2467, 13801, 27, 0x0000000000000000 | 4.00 4.79 4.41 | cpu  714375218 1553296 100572518 21791711669 226578 0 767078 0 0 0
1791486306 2460, 13801, 27, 0x0000000000000000 | 4.00 4.79 4.41 | cpu  714375509 1553296 100572579 21791738784 226578 0 767078 0 0 0
1791486307 2467, 13801, 27, 0x0000000000000000 | 3.92 4.76 4.41 | cpu  714375799 1553296 100572645 21791765988 226578 0 767078 0 0 0
1791486308 2445, 13801, 27, 0x0000000000000000 | 3.92 4.76 4.41 | cpu  714376099 1553296 100572720 21791793176 226578 0 767078 0 0 0
1791486309 2445, 13801, 27, 0x0000000000000000 | 3.92 4.76 4.41 | cpu  714376440 1553296 100572764 21791820348 226578 0 767078 0 0 0
1791486310 2445, 13801, 27, 0x0000000000000000 | 3.92 4.76 4.41 | cpu  714376776 1553296 100572827 21791847476 226578 0 767079 0 0 0
1791486312 2445, 13801, 27, 0x0000000000000000 | 4.01 4.76 4.41 | cpu  714383880 1553296 100572901 21791868629 226578 0 767079 0 0 0
1791486313 2445, 13801, 27, 0x0000000000000000 | 4.01 4.76 4.41 | cpu  714390817 1553296 100572960 21791889279 226578 0 767080 0 0 0
1791486314 2445, 13801, 27, 0x0000000000000000 | 4.01 4.76 4.41 | cpu  714397337 1553296 100573021 21791910526 226578 0 767082 0 0 0
1791486315 2445, 13801, 27, 0x0000000000000000 | 4.01 4.76 4.41 | cpu  714397716 1553296 100573159 21791937536 226578 0 767083 0 0 0
1791486316 2445, 13801, 27, 0x0000000000000000 | 4.01 4.76 4.41 | cpu  714398096 1553296 100573296 21791964800 226578 0 767084 0 0 0
1791486317 2445, 13801, 27, 0x0000000000000000 | 4.17 4.78 4.42 | cpu  714398422 1553296 100573472 21791992097 226578 0 767084 0 0 0
1791486318 2445, 13801, 27, 0x0000000000000000 | 4.17 4.78 4.42 | cpu  714398694 1553297 100573614 21792019300 226578 0 767085 0 0 0
1791486319 2445, 13801, 27, 0x0000000000000000 | 4.17 4.78 4.42 | cpu  714398969 1553297 100573701 21792046689 226578 0 767085 0 0 0
1791486320 2445, 13801, 27, 0x0000000000000000 | 4.17 4.78 4.42 | cpu  714399263 1553297 100573813 21792074063 226578 0 767085 0 0 0
1791486321 2445, 13801, 27, 0x0000000000000000 | 4.15 4.77 4.42 | cpu  714399547 1553297 100573938 21792101395 226578 0 767086 0 0 0
1791486322 2445, 13801, 27, 0x0000000000000000 | 4.15 4.77 4.42 | cpu  714399838 1553297 100574119 21792128458 226578 0 767086 0 0 0
1791486323 2445, 13801, 27, 0x0000000000000000 | 4.15 4.77 4.42 | cpu  714400104 1553297 100574211 21792155712 226578 0 767086 0 0 0
1791486325 2445, 13801, 27, 0x0000000000000000 | 4.15 4.77 4.42 | cpu  714400370 1553297 100574279 21792182897 226578 0 767086 0 0 0
1791486326 2445, 13801, 27, 0x0000000000000000 | 4.15 4.77 4.42 | cpu  714400640 1553297 100574369 21792210067 226578 0 767086 0 0 0
1791486327 2445, 13801, 27, 0x0000000000000000 | 4.06 4.74 4.41 | cpu  714400908 1553297 100574460 21792237247 226578 0 767086 0 0 0
1791486328 2445, 13801, 27, 0x0000000000000000 | 4.06 4.74 4.41 | cpu  714401176 1553297 100574546 21792264426 226579 0 767086 0 0 0
1791486329 2445, 13801, 27, 0x0000000000000000 | 4.06 4.74 4.41 | cpu  714401441 1553297 100574620 21792291580 226579 0 767086 0 0 0
1791486330 2445, 13801, 27, 0x0000000000000000 | 4.06 4.74 4.41 | cpu  714401706 1553297 100574691 21792318829 226579 0 767086 0 0 0
1791486331 2445, 13801, 27, 0x0000000000000000 | 4.06 4.74 4.41 | cpu  714401979 1553297 100574782 21792346130 226579 0 767086 0 0 0
1791486332 2445, 13801, 27, 0x0000000000000000 | 3.98 4.71 4.40 | cpu  714402248 1553297 100574874 21792373320 226579 0 767086 0 0 0
1791486333 2445, 13801, 28, 0x0000000000000000 | 3.98 4.71 4.40 | cpu  714402513 1553297 100574962 21792400548 226579 0 767086 0 0 0
1791486334 2445, 13801, 28, 0x0000000000000000 | 3.98 4.71 4.40 | cpu  714402775 1553297 100575038 21792427695 226579 0 767086 0 0 0
1791486335 2445, 13801, 28, 0x0000000000000000 | 3.98 4.71 4.40 | cpu  714403045 1553297 100575125 21792454889 226580 0 767086 0 0 0
1791486336 2445, 13801, 28, 0x0000000000000000 | 3.98 4.70 4.40 | cpu  714403320 1553297 100575225 21792481980 226580 0 767087 0 0 0
1791486337 2445, 13801, 28, 0x0000000000000000 | 3.98 4.70 4.40 | cpu  714403592 1553297 100575370 21792509303 226580 0 767087 0 0 0
1791486339 2445, 13801, 28, 0x0000000000000000 | 3.98 4.70 4.40 | cpu  714403864 1553297 100575525 21792536465 226580 0 767087 0 0 0
1791486340 2445, 13801, 28, 0x0000000000000000 | 3.98 4.70 4.40 | cpu  714404137 1553297 100575606 21792563713 226580 0 767087 0 0 0
1791486341 2445, 13801, 28, 0x0000000000000000 | 3.98 4.70 4.40 | cpu  714404400 1553297 100575687 21792590948 226580 0 767087 0 0 0
1791486342 2445, 13801, 28, 0x0000000000000000 | 3.90 4.67 4.39 | cpu  714404674 1553297 100575778 21792618407 226580 0 767088 0 0 0
1791486343 2445, 13801, 28, 0x0000000000000000 | 3.90 4.67 4.39 | cpu  714405061 1553297 100575879 21792645443 226580 0 767088 0 0 0
1791486344 2445, 13801, 28, 0x0000000000000000 | 3.90 4.67 4.39 | cpu  714405436 1553297 100575985 21792672498 226580 0 767088 0 0 0
1791486345 2445, 13801, 28, 0x0000000000000000 | 3.90 4.67 4.39 | cpu  714405799 1553297 100576104 21792699662 226580 0 767088 0 0 0
1791486346 2445, 13801, 28, 0x0000000000000000 | 3.90 4.67 4.39 | cpu  714406095 1553297 100576193 21792726757 226580 0 767088 0 0 0
1791486347 2445, 13801, 28, 0x0000000000000000 | 3.83 4.64 4.38 | cpu  714406366 1553297 100576277 21792754134 226580 0 767088 0 0 0
1791486348 2445, 13801, 28, 0x0000000000000000 | 3.83 4.64 4.38 | cpu  714406637 1553297 100576363 21792781564 226580 0 767088 0 0 0
1791486349 2445, 13801, 28, 0x0000000000000000 | 3.83 4.64 4.38 | cpu  714406913 1553297 100576450 21792809649 226580 0 767088 0 0 0
1791486350 2445, 13801, 28, 0x0000000000000000 | 3.83 4.64 4.38 | cpu  714407183 1553297 100576555 21792836819 226580 0 767088 0 0 0
1791486352 2445, 13801, 28, 0x0000000000000000 | 3.84 4.63 4.38 | cpu  714407449 1553297 100576645 21792864039 226580 0 767088 0 0 0
1791486353 2445, 13801, 28, 0x0000000000000000 | 3.84 4.63 4.38 | cpu  714407721 1553297 100576737 21792891261 226580 0 767088 0 0 0
1791486354 2445, 13801, 28, 0x0000000000000000 | 3.84 4.63 4.38 | cpu  714408002 1553297 100576886 21792918508 226580 0 767088 0 0 0
1791486355 2445, 13801, 28, 0x0000000000000000 | 3.84 4.63 4.38 | cpu  714408267 1553297 100576983 21792945688 226580 0 767088 0 0 0
1791486356 2445, 13801, 28, 0x0000000000000000 | 3.84 4.63 4.38 | cpu  714408530 1553297 100577055 21792972887 226580 0 767088 0 0 0
1791486357 2445, 13801, 28, 0x0000000000000000 | 3.77 4.60 4.37 | cpu  714409560 1553297 100577157 21792999295 226580 0 767088 0 0 0
1791486358 2445, 13801, 28, 0x0000000000000000 | 3.77 4.60 4.37 | cpu  714409924 1553297 100577274 21793026286 226580 0 767088 0 0 0
1791486359 2445, 13801, 28, 0x0000000000000000 | 3.77 4.60 4.37 | cpu  714410284 1553297 100577389 21793053612 226580 0 767088 0 0 0
1791486360 2445, 13801, 28, 0x0000000000000000 | 3.77 4.60 4.37 | cpu  714410628 1553297 100577492 21793080707 226580 0 767088 0 0 0
1791486361 2445, 13801, 28, 0x0000000000000000 | 3.77 4.60 4.37 | cpu  714410982 1553297 100577580 21793107775 226580 0 767088 0 0 0
1791486362 2445, 13801, 28, 0x0000000000000000 | 3.87 4.61 4.37 | cpu  714411997 1553297 100577691 21793134300 226580 0 767088 0 0 0
1791486363 2445, 13801, 28, 0x0000000000000000 | 3.87 4.61 4.37 | cpu  714412347 1553297 100577804 21793161301 226580 0 767088 0 0 0
1791486364 2445, 13801, 28, 0x0000000000000000 | 3.87 4.61 4.37 | cpu  714412707 1553297 100577913 21793188427 226581 0 767088 0 0 0
1791486366 2445, 13801, 28, 0x0000000000000000 | 3.87 4.61 4.37 | cpu  714413059 1553297 100578008 21793215498 226581 0 767088 0 0 0
1791486367 2445, 13801, 28, 0x0000000000000000 | 3.88 4.60 4.37 | cpu  714413408 1553298 100578097 21793242552 226582 0 767088 0 0 0
1791486368 2445, 13801, 28, 0x0000000000000000 | 3.88 4.60 4.37 | cpu  714413774 1553298 100578202 21793269665 226582 0 767088 0 0 0
1791486369 2445, 13801, 28, 0x0000000000000000 | 3.88 4.60 4.37 | cpu  714414123 1553298 100578316 21793296806 226582 0 767088 0 0 0
1791486370 2445, 13801, 28, 0x0000000000000000 | 3.88 4.60 4.37 | cpu  714414495 1553298 100578521 21793324036 226582 0 767088 0 0 0
1791486371 2445, 13801, 28, 0x0000000000000000 | 3.88 4.60 4.37 | cpu  714414866 1553298 100578666 21793351102 226582 0 767089 0 0 0
1791486372 2445, 13801, 28, 0x0000000000000000 | 3.89 4.59 4.37 | cpu  714415254 1553298 100578719 21793378229 226582 0 767089 0 0 0
1791486373 2452, 13801, 28, 0x0000000000000000 | 3.89 4.59 4.37 | cpu  714415789 1553298 100578833 21793405264 226583 0 767089 0 0 0
1791486374 2902, 13801, 31, 0x0000000000000000 | 3.89 4.59 4.37 | cpu  714416196 1553298 100578877 21793432398 226587 0 767089 0 0 0
1791486375 2587, 13801, 31, 0x0000000000000000 | 3.89 4.59 4.37 | cpu  714416520 1553298 100578944 21793459595 226587 0 767089 0 0 0
1791486376 2895, 13801, 33, 0x0000000000000000 | 3.90 4.58 4.37 | cpu  714416937 1553298 100578978 21793486711 226587 0 767089 0 0 0
1791486377 2887, 13801, 37, 0x0000000000000000 | 3.90 4.58 4.37 | cpu  714417310 1553298 100579056 21793513911 226587 0 767089 0 0 0
1791486379 2895, 13801, 36, 0x0000000000000000 | 3.90 4.58 4.37 | cpu  714417635 1553298 100579078 21793541224 226587 0 767089 0 0 0
1791486380 2887, 13801, 40, 0x0000000000000000 | 3.90 4.58 4.37 | cpu  714417965 1553298 100579120 21793568523 226588 0 767089 0 0 0
1791486381 2902, 13801, 36, 0x0000000000000000 | 3.90 4.58 4.37 | cpu  714418301 1553298 100579168 21793595733 226588 0 767089 0 0 0
1791486382 2895, 13801, 34, 0x0000000000000000 | 3.83 4.55 4.36 | cpu  714418638 1553298 100579200 21793623056 226588 0 767089 0 0 0
1791486383 2887, 13801, 35, 0x0000000000000000 | 3.83 4.55 4.36 | cpu  714418973 1553298 100579230 21793650375 226588 0 767089 0 0 0
1791486384 2880, 13801, 36, 0x0000000000000000 | 3.83 4.55 4.36 | cpu  714419311 1553298 100579271 21793677674 226588 0 767089 0 0 0
1791486385 2887, 13801, 36, 0x0000000000000000 | 3.83 4.55 4.36 | cpu  714419643 1553298 100579401 21793704747 226588 0 767089 0 0 0
1791486386 2895, 13801, 34, 0x0000000000000000 | 3.83 4.55 4.36 | cpu  714419995 1553298 100579623 21793731924 226588 0 767090 0 0 0
1791486387 2887, 13801, 35, 0x0000000000000000 | 3.84 4.55 4.36 | cpu  714420324 1553298 100579678 21793759160 226588 0 767090 0 0 0
1791486388 2887, 13801, 35, 0x0000000000000000 | 3.84 4.55 4.36 | cpu  714420649 1553298 100579703 21793786442 226588 0 767090 0 0 0
1791486389 2887, 13801, 36, 0x0000000000000000 | 3.84 4.55 4.36 | cpu  714421021 1553298 100579738 21793813635 226589 0 767090 0 0 0
1791486390 2887, 13801, 36, 0x0000000000000000 | 3.84 4.55 4.36 | cpu  714421395 1553298 100579783 21793840860 226589 0 767092 0 0 0
1791486391 2895, 13801, 34, 0x0000000000000000 | 3.86 4.54 4.36 | cpu  714421762 1553298 100579923 21793867961 226589 0 767092 0 0 0
1791486393 2887, 13801, 34, 0x0000000000000000 | 3.86 4.54 4.36 | cpu  714422179 1553298 100579973 21793895125 226589 0 767092 0 0 0
1791486394 2887, 13801, 36, 0x0000000000000000 | 3.86 4.54 4.36 | cpu  714422599 1553298 100580009 21793922286 226589 0 767092 0 0 0
1791486395 2902, 13801, 38, 0x0000000000000000 | 3.86 4.54 4.36 | cpu  714423020 1553298 100580054 21793949412 226590 0 767092 0 0 0
1791486396 2932, 13801, 32, 0x0000000000000000 | 3.86 4.54 4.36 | cpu  714423376 1553298 100580142 21793976614 226590 0 767092 0 0 0
1791486397 2655, 13801, 31, 0x0000000000000000 | 3.95 4.54 4.36 | cpu  714423767 1553298 100580240 21794003630 226590 0 767092 0 0 0
1791486398 2445, 13801, 30, 0x0000000000000000 | 3.95 4.54 4.36 | cpu  714424106 1553298 100580267 21794030856 226590 0 767092 0 0 0
1791486399 2445, 13801, 30, 0x0000000000000000 | 3.95 4.54 4.36 | cpu  714424429 1553298 100580291 21794057982 226590 0 767092 0 0 0
1791486400 2445, 13801, 30, 0x0000000000000000 | 3.95 4.54 4.36 | cpu  714424761 1553298 100580313 21794085185 226590 0 767092 0 0 0
1791486401 2445, 13801, 29, 0x0000000000000000 | 3.95 4.54 4.36 | cpu  714425081 1553298 100580363 21794112351 226590 0 767092 0 0 0
1791486402 2445, 13801, 29, 0x0000000000000000 | 3.95 4.53 4.36 | cpu  714426150 1553298 100580516 21794138777 226590 0 767092 0 0 0
1791486403 2445, 13801, 29, 0x0000000000000000 | 3.95 4.53 4.36 | cpu  714426534 1553298 100580582 21794165836 226590 0 767092 0 0 0
1791486404 2445, 13801, 29, 0x0000000000000000 | 3.95 4.53 4.36 | cpu  714426905 1553298 100580649 21794192858 226590 0 767092 0 0 0
1791486405 2445, 13801, 28, 0x0000000000000000 | 3.95 4.53 4.36 | cpu  714427282 1553298 100580722 21794219923 226590 0 767092 0 0 0
1791486407 2445, 13801, 28, 0x0000000000000000 | 3.96 4.53 4.36 | cpu  714427679 1553298 100580773 21794247051 226590 0 767092 0 0 0
1791486408 2445, 13801, 28, 0x0000000000000000 | 3.96 4.53 4.36 | cpu  714428780 1553298 100580879 21794273363 226590 0 767092 0 0 0
1791486409 2445, 13801, 28, 0x0000000000000000 | 3.96 4.53 4.36 | cpu  714429191 1553298 100580913 21794300426 226590 0 767092 0 0 0
1791486410 2445, 13801, 28, 0x0000000000000000 | 3.96 4.53 4.36 | cpu  714429599 1553298 100580961 21794327400 226591 0 767092 0 0 0
1791486411 2445, 13801, 28, 0x0000000000000000 | 3.96 4.53 4.36 | cpu  714429989 1553298 100581026 21794354462 226591 0 767092 0 0 0
1791486412 2445, 13801, 27, 0x0000000000000000 | 3.96 4.52 4.35 | cpu  714430400 1553298 100581069 21794381547 226591 0 767092 0 0 0
1791486413 2445, 13801, 27, 0x0000000000000000 | 3.96 4.52 4.35 | cpu  714430830 1553298 100581128 21794408505 226591 0 767092 0 0 0
1791486414 2445, 13801, 27, 0x0000000000000000 | 3.96 4.52 4.35 | cpu  714431242 1553298 100581157 21794435479 226591 0 767092 0 0 0
1791486415 367, 810, 26, 0x0000000000000000 | 3.96 4.52 4.35 | cpu  714431608 1553298 100581225 21794462871 226591 0 767093 0 0 0
1791486416 367, 810, 26, 0x0000000000000000 | 3.96 4.52 4.35 | cpu  714431986 1553298 100581274 21794490176 226591 0 767093 0 0 0
1791486417 225, 405, 26, 0x0000000000000000 | 3.88 4.49 4.35 | cpu  714432309 1553298 100581309 21794517751 226591 0 767093 0 0 0
1791486418 225, 405, 25, 0x0000000000000000 | 3.88 4.49 4.35 | cpu  714432652 1553298 100581408 21794545112 226591 0 767093 0 0 0
1791486419 225, 405, 25, 0x0000000000000000 | 3.88 4.49 4.35 | cpu  714432979 1553298 100581441 21794572614 226591 0 767093 0 0 0
1791486421 225, 405, 25, 0x0000000000000000 | 3.88 4.49 4.35 | cpu  714433319 1553298 100581486 21794600250 226591 0 767093 0 0 0
1791486422 225, 405, 25, 0x0000000000000000 | 3.97 4.50 4.35 | cpu  714433658 1553298 100581559 21794627743 226591 0 767093 0 0 0
1791486423 225, 405, 25, 0x0000000000000000 | 3.97 4.50 4.35 | cpu  714433983 1553298 100581593 21794655203 226591 0 767094 0 0 0
1791486424 225, 405, 24, 0x0000000000000000 | 3.97 4.50 4.35 | cpu  714434345 1553298 100581677 21794682677 226591 0 767094 0 0 0
1791486425 225, 405, 24, 0x0000000000000000 | 3.97 4.50 4.35 | cpu  714434679 1553298 100581722 21794710203 226591 0 767094 0 0 0
1791486426 225, 405, 24, 0x0000000000000000 | 3.97 4.50 4.35 | cpu  714435019 1553298 100581766 21794737664 226591 0 767095 0 0 0
1791486427 225, 405, 24, 0x0000000000000000 | 3.89 4.47 4.34 | cpu  714435397 1553298 100581861 21794765964 226591 0 767101 0 0 0
1791486428 225, 405, 24, 0x0000000000000000 | 3.89 4.47 4.34 | cpu  714435775 1553298 100581911 21794793511 226591 0 767107 0 0 0
1791486429 217, 405, 24, 0x0000000000000000 | 3.89 4.47 4.34 | cpu  714436151 1553298 100582008 21794820897 226591 0 767113 0 0 0
1791486430 225, 405, 24, 0x0000000000000000 | 3.89 4.47 4.34 | cpu  714436519 1553298 100582074 21794848306 226591 0 767116 0 0 0
1791486432 225, 405, 24, 0x0000000000000000 | 3.90 4.47 4.34 | cpu  714436897 1553298 100582151 21794875602 226591 0 767123 0 0 0
1791486433 225, 405, 24, 0x0000000000000000 | 3.90 4.47 4.34 | cpu  714437289 1553298 100582230 21794903030 226591 0 767126 0 0 0
1791486434 225, 405, 24, 0x0000000000000000 | 3.90 4.47 4.34 | cpu  714437668 1553298 100582293 21794930427 226591 0 767131 0 0 0
1791486435 225, 405, 24, 0x0000000000000000 | 3.90 4.47 4.34 | cpu  714438048 1553298 100582397 21794957838 226591 0 767133 0 0 0
1791486436 225, 405, 24, 0x0000000000000000 | 3.90 4.47 4.34 | cpu  714438427 1553298 100582471 21794985299 226592 0 767136 0 0 0
1791486437 225, 405, 24, 0x0000000000000000 | 3.91 4.46 4.34 | cpu  714438820 1553298 100582562 21795012688 226592 0 767143 0 0 0
1791486438 225, 405, 24, 0x0000000000000000 | 3.91 4.46 4.34 | cpu  714439198 1553300 100582662 21795040153 226592 0 767151 0 0 0
1791486439 225, 405, 24, 0x0000000000000000 | 3.91 4.46 4.34 | cpu  714439575 1553300 100582745 21795067442 226592 0 767155 0 0 0
1791486440 225, 405, 24, 0x0000000000000000 | 3.91 4.46 4.34 | cpu  714439964 1553300 100582836 21795094828 226592 0 767157 0 0 0
1791486441 225, 405, 24, 0x0000000000000000 | 4.00 4.47 4.34 | cpu  714440337 1553300 100582903 21795122345 226602 0 767160 0 0 0
1791486442 225, 405, 24, 0x0000000000000000 | 4.00 4.47 4.34 | cpu  714440713 1553300 100582983 21795149773 226602 0 767164 0 0 0
1791486444 225, 405, 24, 0x0000000000000000 | 4.00 4.47 4.34 | cpu  714441089 1553300 100583059 21795177007 226602 0 767169 0 0 0
1791486445 225, 405, 24, 0x0000000000000000 | 4.00 4.47 4.34 | cpu  714441454 1553300 100583135 21795204300 226602 0 767173 0 0 0
1791486446 225, 405, 24, 0x0000000000000000 | 4.00 4.47 4.34 | cpu  714441834 1553300 100583252 21795231562 226602 0 767177 0 0 0
1791486447 225, 405, 24, 0x0000000000000000 | 4.00 4.46 4.34 | cpu  714442210 1553300 100583328 21795258798 226602 0 767180 0 0 0
1791486448 225, 405, 24, 0x0000000000000000 | 4.00 4.46 4.34 | cpu  714442597 1553300 100583422 21795286139 226602 0 767185 0 0 0
1791486449 225, 405, 24, 0x0000000000000000 | 4.00 4.46 4.34 | cpu  714442990 1553300 100583499 21795313526 226602 0 767191 0 0 0
1791486450 225, 405, 24, 0x0000000000000000 | 4.00 4.46 4.34 | cpu  714443377 1553300 100583602 21795340809 226602 0 767195 0 0 0
1791486451 225, 405, 24, 0x0000000000000000 | 4.00 4.46 4.34 | cpu  714443779 1553300 100583843 21795367932 226602 0 767201 0 0 0
1791486452 225, 405, 24, 0x0000000000000000 | 4.16 4.49 4.35 | cpu  714444162 1553300 100583961 21795395241 226602 0 767207 0 0 0
1791486453 225, 405, 24, 0x0000000000000000 | 4.16 4.49 4.35 | cpu  714444545 1553300 100584031 21795422543 226602 0 767217 0 0 0
1791486454 225, 405, 24, 0x0000000000000000 | 4.16 4.49 4.35 | cpu  714444924 1553300 100584097 21795449828 226602 0 767223 0 0 0
1791486456 225, 405, 24, 0x0000000000000000 | 4.16 4.49 4.35 | cpu  714445300 1553300 100584179 21795477225 226603 0 767228 0 0 0
1791486457 225, 405, 24, 0x0000000000000000 | 4.39 4.53 4.37 | cpu  714445688 1553300 100584279 21795504728 226603 0 767235 0 0 0
1791486458 225, 405, 24, 0x0000000000000000 | 4.39 4.53 4.37 | cpu  714446072 1553300 100584362 21795532069 226603 0 767244 0 0 0
1791486459 225, 405, 24, 0x0000000000000000 | 4.39 4.53 4.37 | cpu  714446446 1553300 100584431 21795559351 226603 0 767249 0 0 0
1791486460 225, 405, 24, 0x0000000000000000 | 4.39 4.53 4.37 | cpu  714446816 1553300 100584501 21795586641 226603 0 767252 0 0 0
1791486461 225, 405, 24, 0x0000000000000000 | 4.39 4.53 4.37 | cpu  714447187 1553300 100584567 21795613991 226603 0 767256 0 0 0
1791486462 225, 405, 24, 0x0000000000000000 | 4.28 4.50 4.36 | cpu  714447573 1553300 100584645 21795641351 226603 0 767262 0 0 0
1791486463 217, 405, 24, 0x0000000000000000 | 4.28 4.50 4.36 | cpu  714447954 1553300 100584710 21795668833 226603 0 767267 0 0 0
1791486464 225, 405, 24, 0x0000000000000000 | 4.28 4.50 4.36 | cpu  714448335 1553300 100584782 21795696165 226603 0 767273 0 0 0
1791486465 225, 405, 24, 0x0000000000000000 | 4.28 4.50 4.36 | cpu  714448709 1553300 100584857 21795723424 226603 0 767276 0 0 0
1791486466 225, 405, 24, 0x0000000000000000 | 4.25 4.49 4.36 | cpu  714449081 1553300 100584947 21795750749 226603 0 767279 0 0 0
1791486468 225, 405, 24, 0x0000000000000000 | 4.25 4.49 4.36 | cpu  714449470 1553300 100585049 21795777987 226603 0 767289 0 0 0
1791486469 225, 405, 24, 0x0000000000000000 | 4.25 4.49 4.36 | cpu  714449840 1553300 100585107 21795805274 226603 0 767302 0 0 0
1791486470 225, 405, 24, 0x0000000000000000 | 4.25 4.49 4.36 | cpu  714450211 1553300 100585168 21795832545 226603 0 767312 0 0 0
1791486471 225, 405, 24, 0x0000000000000000 | 4.25 4.49 4.36 | cpu  714450586 1553300 100585230 21795859893 226603 0 767319 0 0 0
1791486472 225, 405, 24, 0x0000000000000000 | 4.15 4.47 4.35 | cpu  714450969 1553300 100585290 21795887423 226603 0 767327 0 0 0
1791486473 225, 405, 24, 0x0000000000000000 | 4.15 4.47 4.35 | cpu  714451334 1553300 100585382 21795914753 226603 0 767331 0 0 0
1791486474 225, 405, 24, 0x0000000000000000 | 4.15 4.47 4.35 | cpu  714451693 1553300 100585446 21795942085 226603 0 767342 0 0 0
1791486475 225, 405, 24, 0x0000000000000000 | 4.15 4.47 4.35 | cpu  714452065 1553300 100585507 21795969334 226603 0 767348 0 0 0
1791486476 225, 405, 24, 0x0000000000000000 | 4.14 4.46 4.35 | cpu  714452448 1553300 100585571 21795996574 226603 0 767356 0 0 0
1791486477 225, 405, 24, 0x0000000000000000 | 4.14 4.46 4.35 | cpu  714452817 1553300 100585624 21796023777 226603 0 767373 0 0 0
1791486478 225, 405, 24, 0x0000000000000000 | 4.14 4.46 4.35 | cpu  714453210 1553300 100585715 21796051139 226603 0 767388 0 0 0
1791486480 225, 405, 24, 0x0000000000000000 | 4.14 4.46 4.35 | cpu  714453595 1553300 100585771 21796078440 226603 0 767396 0 0 0
1791486481 225, 405, 24, 0x0000000000000000 | 4.14 4.46 4.35 | cpu  714453994 1553300 100585851 21796105830 226603 0 767403 0 0 0
1791486482 225, 405, 24, 0x0000000000000000 | 4.05 4.44 4.34 | cpu  714454372 1553300 100585930 21796133313 226603 0 767411 0 0 0
1791486483 225, 405, 23, 0x0000000000000000 | 4.05 4.44 4.34 | cpu  714454758 1553300 100585990 21796160584 226603 0 767425 0 0 0
1791486484 225, 405, 23, 0x0000000000000000 | 4.05 4.44 4.34 | cpu  714455161 1553300 100586092 21796187821 226603 0 767434 0 0 0
1791486485 225, 405, 23, 0x0000000000000000 | 4.05 4.44 4.34 | cpu  714455555 1553301 100586157 21796215137 226603 0 767439 0 0 0
1791486486 225, 405, 23, 0x0000000000000000 | 4.05 4.44 4.34 | cpu  714455947 1553301 100586225 21796242339 226603 0 767450 0 0 0
1791486487 225, 405, 23, 0x0000000000000000 | 4.20 4.46 4.35 | cpu  714456329 1553301 100586287 21796269755 226603 0 767461 0 0 0
1791486488 225, 405, 23, 0x0000000000000000 | 4.20 4.46 4.35 | cpu  714456714 1553301 100586348 21796297087 226603 0 767472 0 0 0
1791486489 225, 405, 23, 0x0000000000000000 | 4.20 4.46 4.35 | cpu  714457111 1553301 100586445 21796324250 226603 0 767480 0 0 0
1791486490 225, 405, 23, 0x0000000000000000 | 4.20 4.46 4.35 | cpu  714457509 1553301 100586514 21796351566 226603 0 767485 0 0 0
1791486492 225, 405, 23, 0x0000000000000000 | 4.43 4.51 4.36 | cpu  714457900 1553301 100586588 21796378833 226603 0 767491 0 0 0
1791486493 225, 405, 23, 0x0000000000000000 | 4.43 4.51 4.36 | cpu  714458283 1553301 100586650 21796406150 226603 0 767497 0 0 0
1791486494 225, 405, 23, 0x0000000000000000 | 4.43 4.51 4.36 | cpu  714458663 1553301 100586703 21796433480 226603 0 767504 0 0 0
1791486495 225, 405, 23, 0x0000000000000000 | 4.43 4.51 4.36 | cpu  714459056 1553301 100586797 21796460671 226603 0 767512 0 0 0
1791486496 225, 405, 23, 0x0000000000000000 | 4.43 4.51 4.36 | cpu  714459451 1553301 100586873 21796488005 226603 0 767522 0 0 0
1791486497 225, 405, 23, 0x0000000000000000 | 4.39 4.50 4.36 | cpu  714459839 1553301 100586937 21796515360 226603 0 767527 0 0 0
1791486498 225, 405, 23, 0x0000000000000000 | 4.39 4.50 4.36 | cpu  714460234 1553301 100587089 21796542636 226603 0 767549 0 0 0
1791486499 225, 405, 23, 0x0000000000000000 | 4.39 4.50 4.36 | cpu  714460621 1553301 100587170 21796569868 226603 0 767559 0 0 0
1791486500 225, 405, 23, 0x0000000000000000 | 4.39 4.50 4.36 | cpu  714461014 1553301 100587283 21796597125 226604 0 767567 0 0 0
1791486501 225, 405, 23, 0x0000000000000000 | 4.36 4.49 4.36 | cpu  714461399 1553301 100587350 21796624386 226604 0 767570 0 0 0
1791486502 225, 405, 23, 0x0000000000000000 | 4.36 4.49 4.36 | cpu  714461779 1553301 100587420 21796651679 226604 0 767575 0 0 0
1791486504 225, 405, 23, 0x0000000000000000 | 4.36 4.49 4.36 | cpu  714462150 1553301 100587493 21796678940 226604 0 767580 0 0 0
1791486505 225, 405, 23, 0x0000000000000000 | 4.36 4.49 4.36 | cpu  714462545 1553301 100587605 21796706646 226604 0 767581 0 0 0
1791486506 225, 405, 23, 0x0000000000000000 | 4.36 4.49 4.36 | cpu  714462947 1553301 100587718 21796733942 226619 0 767586 0 0 0
1791486507 225, 405, 23, 0x0000000000000000 | 4.57 4.53 4.37 | cpu  714463328 1553301 100587781 21796761280 226619 0 767591 0 0 0
1791486508 225, 405, 23, 0x0000000000000000 | 4.57 4.53 4.37 | cpu  714463737 1553301 100587871 21796788563 226619 0 767610 0 0 0
1791486509 225, 405, 23, 0x0000000000000000 | 4.57 4.53 4.37 | cpu  714464113 1553301 100587942 21796815980 226619 0 767628 0 0 0
1791486510 225, 405, 23, 0x0000000000000000 | 4.57 4.53 4.37 | cpu  714464492 1553301 100588055 21796843312 226619 0 767643 0 0 0
1791486511 225, 405, 23, 0x0000000000000000 | 4.57 4.53 4.37 | cpu  714464873 1553301 100588263 21796870633 226619 0 767653 0 0 0
1791486512 225, 405, 23, 0x0000000000000000 | 4.53 4.52 4.37 | cpu  714465253 1553301 100588433 21796897770 226619 0 767657 0 0 0
1791486513 225, 405, 23, 0x0000000000000000 | 4.53 4.52 4.37 | cpu  714465636 1553301 100588610 21796924817 226619 0 767661 0 0 0
1791486514 217, 405, 23, 0x0000000000000000 | 4.53 4.52 4.37 | cpu  714466014 1553301 100588773 21796952065 226619 0 767668 0 0 0
1791486516 225, 405, 23, 0x0000000000000000 | 4.53 4.52 4.37 | cpu  714466401 1553301 100588851 21796979453 226619 0 767673 0 0 0
1791486517 225, 405, 23, 0x0000000000000000 | 4.57 4.53 4.37 | cpu  714466796 1553301 100588944 21797006656 226619 0 767677 0 0 0
1791486518 225, 405, 23, 0x0000000000000000 | 4.57 4.53 4.37 | cpu  714467175 1553301 100589002 21797033945 226619 0 767684 0 0 0
1791486519 225, 405, 23, 0x0000000000000000 | 4.57 4.53 4.37 | cpu  714467563 1553301 100589148 21797061275 226619 0 767690 0 0 0
1791486520 225, 405, 23, 0x0000000000000000 | 4.57 4.53 4.37 | cpu  714467964 1553301 100589257 21797088487 226619 0 767699 0 0 0
1791486521 225, 405, 23, 0x0000000000000000 | 4.57 4.53 4.37 | cpu  714468362 1553301 100589331 21797115757 226619 0 767709 0 0 0
1791486522 225, 405, 23, 0x0000000000000000 | 4.44 4.50 4.37 | cpu  714468737 1553301 100589417 21797143032 226619 0 767714 0 0 0
1791486523 225, 405, 23, 0x0000000000000000 | 4.44 4.50 4.37 | cpu  714469121 1553301 100589467 21797170442 226619 0 767721 0 0 0
1791486524 225, 405, 23, 0x0000000000000000 | 4.44 4.50 4.37 | cpu  714469502 1553301 100589518 21797197767 226619 0 767727 0 0 0
1791486525 225, 405, 23, 0x0000000000000000 | 4.44 4.50 4.37 | cpu  714469883 1553301 100589568 21797225190 226619 0 767733 0 0 0
1791486527 225, 405, 23, 0x0000000000000000 | 4.40 4.50 4.36 | cpu  714470269 1553301 100589623 21797252428 226619 0 767739 0 0 0
1791486528 225, 405, 23, 0x0000000000000000 | 4.40 4.50 4.36 | cpu  714470665 1553301 100589715 21797279633 226619 0 767747 0 0 0
1791486529 225, 405, 23, 0x0000000000000000 | 4.40 4.50 4.36 | cpu  714471056 1553301 100589773 21797307073 226619 0 767754 0 0 0
1791486530 225, 405, 23, 0x0000000000000000 | 4.40 4.50 4.36 | cpu  714471426 1553301 100589818 21797334405 226619 0 767761 0 0 0
1791486531 217, 405, 23, 0x0000000000000000 | 4.40 4.50 4.36 | cpu  714471812 1553301 100589879 21797361858 226619 0 767767 0 0 0
1791486532 225, 405, 23, 0x0000000000000000 | 4.37 4.49 4.36 | cpu  714472198 1553301 100589934 21797389152 226619 0 767772 0 0 0
1791486533 225, 405, 23, 0x0000000000000000 | 4.37 4.49 4.36 | cpu  714472602 1553301 100590034 21797416409 226620 0 767775 0 0 0
1791486534 225, 405, 23, 0x0000000000000000 | 4.37 4.49 4.36 | cpu  714472998 1553301 100590093 21797443802 226620 0 767781 0 0 0
1791486535 225, 405, 23, 0x0000000000000000 | 4.37 4.49 4.36 | cpu  714473396 1553301 100590154 21797471261 226620 0 767788 0 0 0
1791486536 225, 405, 23, 0x0000000000000000 | 4.34 4.48 4.36 | cpu  714473766 1553301 100590202 21797498638 226620 0 767794 0 0 0
1791486537 225, 405, 23, 0x0000000000000000 | 4.34 4.48 4.36 | cpu  714474154 1553302 100590256 21797525903 226620 0 767797 0 0 0
1791486539 225, 405, 23, 0x0000000000000000 | 4.34 4.48 4.36 | cpu  714474535 1553302 100590341 21797553158 226620 0 767802 0 0 0
1791486540 225, 405, 23, 0x0000000000000000 | 4.34 4.48 4.36 | cpu  714474906 1553302 100590389 21797580467 226620 0 767809 0 0 0
1791486541 225, 405, 23, 0x0000000000000000 | 4.34 4.48 4.36 | cpu  714475298 1553302 100590444 21797607809 226620 0 767817 0 0 0
1791486542 225, 405, 23, 0x0000000000000000 | 4.47 4.50 4.37 | cpu  714475693 1553302 100590539 21797635026 226660 0 767834 0 0 0
1791486543 225, 405, 23, 0x0000000000000000 | 4.47 4.50 4.37 | cpu  714476072 1553302 100590642 21797662242 226719 0 767838 0 0 0
1791486544 225, 405, 23, 0x0000000000000000 | 4.47 4.50 4.37 | cpu  714476463 1553302 100590734 21797689521 226723 0 767842 0 0 0
1791486545 225, 405, 23, 0x0000000000000000 | 4.47 4.50 4.37 | cpu  714476859 1553302 100590811 21797716707 226723 0 767862 0 0 0
1791486546 225, 405, 23, 0x0000000000000000 | 4.47 4.50 4.37 | cpu  714477409 1553302 100590930 21797743757 226725 0 767874 0 0 0
1791486547 2692, 13801, 26, 0x0000000000000000 | 4.52 4.51 4.37 | cpu  714477783 1553302 100590987 21797770885 226725 0 767882 0 0 0
1791486548 2895, 13801, 30, 0x0000000000000000 | 4.52 4.51 4.37 | cpu  714478150 1553302 100591035 21797797859 226725 0 767890 0 0 0
1791486549 2902, 13801, 31, 0x0000000000000000 | 4.52 4.51 4.37 | cpu  714478543 1553302 100591130 21797824948 226725 0 767897 0 0 0
1791486550 2910, 13801, 28, 0x0000000000000000 | 4.52 4.51 4.37 | cpu  714478931 1553302 100591187 21797852119 226725 0 767906 0 0 0
1791486552 2902, 13801, 28, 0x0000000000000000 | 4.56 4.52 4.38 | cpu  714479316 1553302 100591254 21797879268 226725 0 767919 0 0 0
1791486553 2895, 13801, 31, 0x0000000000000000 | 4.56 4.52 4.38 | cpu  714479693 1553302 100591318 21797906470 226725 0 767931 0 0 0
1791486554 2902, 13801, 32, 0x0000000000000000 | 4.56 4.52 4.38 | cpu  714480081 1553302 100591383 21797933590 226725 0 767934 0 0 0
1791486555 2902, 13801, 31, 0x0000000000000000 | 4.56 4.52 4.38 | cpu  714480476 1553302 100591479 21797960573 226725 0 767941 0 0 0
1791486556 2895, 13801, 32, 0x0000000000000000 | 4.56 4.52 4.38 | cpu  714480864 1553302 100591549 21797987797 226725 0 767947 0 0 0
1791486557 2902, 13801, 30, 0x0000000000000000 | 4.43 4.50 4.37 | cpu  714481249 1553302 100591610 21798014816 226725 0 767951 0 0 0
1791486558 2910, 13801, 29, 0x0000000000000000 | 4.43 4.50 4.37 | cpu  714481632 1553303 100591665 21798041985 226725 0 767957 0 0 0
1791486559 2902, 13801, 31, 0x0000000000000000 | 4.43 4.50 4.37 | cpu  714482011 1553303 100591714 21798069009 226725 0 767968 0 0 0
1791486560 2902, 13801, 31, 0x0000000000000000 | 4.43 4.50 4.37 | cpu  714482404 1553303 100591813 21798096061 226725 0 767980 0 0 0
1791486561 2902, 13801, 34, 0x0000000000000000 | 4.40 4.49 4.37 | cpu  714482791 1553303 100591873 21798123116 226725 0 767987 0 0 0
1791486562 2910, 13801, 30, 0x0000000000000000 | 4.40 4.49 4.37 | cpu  714483175 1553303 100591939 21798150254 226725 0 767999 0 0 0
1791486563 2902, 13801, 32, 0x0000000000000000 | 4.40 4.49 4.37 | cpu  714483548 1553303 100591993 21798177349 226725 0 768004 0 0 0
1791486565 2895, 13801, 32, 0x0000000000000000 | 4.40 4.49 4.37 | cpu  714483924 1553303 100592038 21798204425 226725 0 768009 0 0 0
1791486566 2895, 13801, 33, 0x0000000000000000 | 4.40 4.49 4.37 | cpu  714484320 1553303 100592186 21798231448 226725 0 768023 0 0 0
1791486567 2902, 13801, 33, 0x0000000000000000 | 4.68 4.55 4.39 | cpu  714484709 1553303 100592244 21798258373 226725 0 768029 0 0 0
1791486568 2895, 13801, 33, 0x0000000000000000 | 4.68 4.55 4.39 | cpu  714485084 1553303 100592300 21798285375 226725 0 768036 0 0 0
1791486569 2902, 13801, 32, 0x0000000000000000 | 4.68 4.55 4.39 | cpu  714485463 1553304 100592354 21798312407 226725 0 768045 0 0 0
1791486570 2895, 13801, 35, 0x0000000000000000 | 4.68 4.55 4.39 | cpu  714485844 1553304 100592415 21798339419 226725 0 768055 0 0 0
1791486571 2902, 13801, 34, 0x0000000000000000 | 4.68 4.55 4.39 | cpu  714486238 1553304 100592513 21798366371 226725 0 768068 0 0 0
1791486572 2902, 13801, 32, 0x0000000000000000 | 4.87 4.59 4.40 | cpu  714486607 1553304 100592575 21798393337 226725 0 768076 0 0 0
1791486573 2902, 13801, 33, 0x0000000000000000 | 4.87 4.59 4.40 | cpu  714486989 1553304 100592640 21798420489 226725 0 768089 0 0 0
1791486574 2902, 13801, 32, 0x0000000000000000 | 4.87 4.59 4.40 | cpu  714487371 1553304 100592693 21798447637 226725 0 768098 0 0 0
1791486575 2910, 13801, 31, 0x0000000000000000 | 4.87 4.59 4.40 | cpu  714487754 1553304 100592747 21798474653 226725 0 768115 0 0 0
1791486576 2895, 13801, 33, 0x0000000000000000 | 4.96 4.61 4.41 | cpu  714488163 1553304 100592881 21798501635 226725 0 768142 0 0 0
1791486578 2895, 13801, 32, 0x0000000000000000 | 4.96 4.61 4.41 | cpu  714488542 1553304 100593002 21798528788 226725 0 768150 0 0 0
1791486579 2902, 13801, 32, 0x0000000000000000 | 4.96 4.61 4.41 | cpu  714488928 1553304 100593073 21798555769 226726 0 768155 0 0 0
1791486580 2895, 13801, 33, 0x0000000000000000 | 4.96 4.61 4.41 | cpu  714489323 1553304 100593134 21798582851 226726 0 768158 0 0 0
1791486581 2895, 13801, 35, 0x0000000000000000 | 4.96 4.61 4.41 | cpu  714489708 1553304 100593193 21798609925 226726 0 768163 0 0 0
1791486582 2887, 13801, 35, 0x0000000000000000 | 4.80 4.58 4.40 | cpu  714490109 1553304 100593330 21798637057 226726 0 768169 0 0 0
1791486583 2895, 13801, 35, 0x0000000000000000 | 4.80 4.58 4.40 | cpu  714490500 1553304 100593410 21798664147 226726 0 768182 0 0 0
1791486584 2895, 13801, 34, 0x0000000000000000 | 4.80 4.58 4.40 | cpu  714490882 1553304 100593550 21798691193 226726 0 768189 0 0 0
1791486585 2887, 13801, 34, 0x0000000000000000 | 4.80 4.58 4.40 | cpu  714491261 1553304 100593659 21798718271 226726 0 768195 0 0 0
1791486586 2895, 13801, 37, 0x0000000000000000 | 4.80 4.58 4.40 | cpu  714491649 1553304 100593728 21798745489 226726 0 768205 0 0 0
1791486587 2887, 13801, 34, 0x0000000000000000 | 4.74 4.57 4.40 | cpu  714492062 1553304 100593850 21798772603 226726 0 768233 0 0 0
1791486588 2887, 13801, 34, 0x0000000000000000 | 4.74 4.57 4.40 | cpu  714492471 1553304 100593942 21798799611 226726 0 768259 0 0 0
1791486589 2887, 13801, 37, 0x0000000000000000 | 4.74 4.57 4.40 | cpu  714492880 1553304 100594044 21798826728 226726 0 768283 0 0 0
1791486591 2887, 13801, 36, 0x0000000000000000 | 4.74 4.57 4.40 | cpu  714493263 1553304 100594106 21798853819 226726 0 768293 0 0 0
1791486592 2887, 13801, 37, 0x0000000000000000 | 4.76 4.58 4.40 | cpu  714493656 1553304 100594214 21798880981 226726 0 768317 0 0 0
1791486593 2880, 13801, 35, 0x0000000000000000 | 4.76 4.58 4.40 | cpu  714494024 1553304 100594337 21798908109 226726 0 768329 0 0 0
1791486594 2887, 13801, 34, 0x0000000000000000 | 4.76 4.58 4.40 | cpu  714494400 1553304 100594509 21798935205 226726 0 768338 0 0 0
1791486595 2902, 13801, 33, 0x0000000000000000 | 4.76 4.58 4.40 | cpu  714494778 1553304 100594683 21798962337 226737 0 768340 0 0 0
1791486596 2910, 13801, 33, 0x0000000000000000 | 4.76 4.58 4.40 | cpu  714495163 1553304 100594858 21798989440 226737 0 768346 0 0 0
1791486597 2902, 13801, 36, 0x0000000000000000 | 4.86 4.60 4.41 | cpu  714495542 1553304 100594957 21799016566 226737 0 768351 0 0 0
1791486598 2880, 13801, 37, 0x0000000000000000 | 4.86 4.60 4.41 | cpu  714495933 1553304 100595053 21799043708 226737 0 768356 0 0 0
1791486599 2880, 13801, 35, 0x0000000000000000 | 4.86 4.60 4.41 | cpu  714496316 1553304 100595111 21799070903 226737 0 768365 0 0 0
1791486600 2880, 13801, 38, 0x0000000000000000 | 4.86 4.60 4.41 | cpu  714496698 1553304 100595172 21799098116 226752 0 768373 0 0 0
1791486601 2895, 13801, 38, 0x0000000000000000 | 4.79 4.59 4.41 | cpu  714497088 1553304 100595287 21799125180 226814 0 768391 0 0 0
1791486602 2910, 13801, 33, 0x0000000000000000 | 4.79 4.59 4.41 | cpu  714497536 1553304 100595430 21799152205 226850 0 768408 0 0 0
1791486604 2887, 13801, 34, 0x0000000000000000 | 4.79 4.59 4.41 | cpu  714497938 1553304 100595540 21799179313 226850 0 768426 0 0 0
1791486605 2902, 13801, 36, 0x0000000000000000 | 4.79 4.59 4.41 | cpu  714498315 1553304 100595606 21799206369 226850 0 768437 0 0 0
1791486606 2887, 13801, 35, 0x0000000000000000 | 4.79 4.59 4.41 | cpu  714498712 1553304 100595695 21799233351 226850 0 768458 0 0 0
1791486607 2887, 13801, 36, 0x0000000000000000 | 4.81 4.60 4.41 | cpu  714499093 1553304 100595765 21799260425 226852 0 768478 0 0 0
1791486608 2895, 13801, 33, 0x0000000000000000 | 4.81 4.60 4.41 | cpu  714499483 1553304 100595863 21799287444 226852 0 768487 0 0 0
1791486609 2902, 13801, 34, 0x0000000000000000 | 4.81 4.60 4.41 | cpu  714499839 1553304 100595975 21799314779 226852 0 768487 0 0 0
1791486610 2880, 13801, 37, 0x0000000000000000 | 4.81 4.60 4.41 | cpu  714500215 1553304 100596022 21799341901 226852 0 768488 0 0 0
1791486611 2880, 13801, 36, 0x0000000000000000 | 4.81 4.60 4.41 | cpu  714500622 1553304 100596087 21799369075 226852 0 768488 0 0 0
1791486612 2880, 13801, 35, 0x0000000000000000 | 4.74 4.59 4.41 | cpu  714501026 1553304 100596147 21799396265 226852 0 768488 0 0 0
1791486613 2887, 13801, 34, 0x0000000000000000 | 4.74 4.59 4.41 | cpu  714501428 1553304 100596207 21799423405 226852 0 768488 0 0 0
1791486614 2887, 13801, 36, 0x0000000000000000 | 4.74 4.59 4.41 | cpu  714501787 1553304 100596338 21799450557 226852 0 768488 0 0 0
1791486615 2887, 13801, 41, 0x0000000000000000 | 4.74 4.59 4.41 | cpu  714502202 1553304 100596391 21799477871 226852 0 768488 0 0 0
1791486617 2887, 13801, 35, 0x0000000000000000 | 4.68 4.58 4.41 | cpu  714502621 1553304 100596431 21799505000 226852 0 768488 0 0 0
1791486618 2880, 13801, 37, 0x0000000000000000 | 4.68 4.58 4.41 | cpu  714503055 1553304 100596449 21799532201 226852 0 768488 0 0 0
1791486619 2887, 13801, 37, 0x0000000000000000 | 4.68 4.58 4.41 | cpu  714506477 1553304 100596474 21799556461 226852 0 768488 0 0 0
1791486620 2895, 13801, 34, 0x0000000000000000 | 4.68 4.58 4.41 | cpu  714513536 1553304 100596513 21799577361 226853 0 768488 0 0 0
1791486621 2887, 13801, 36, 0x0000000000000000 | 4.68 4.58 4.41 | cpu  714520463 1553304 100596572 21799598181 226853 0 768488 0 0 0
1791486622 2880, 13801, 36, 0x0000000000000000 | 14.88 6.70 5.09 | cpu  714525093 1553304 100596626 21799621327 226853 0 768488 0 0 0
1791486623 2887, 13801, 38, 0x0000000000000000 | 14.88 6.70 5.09 | cpu  714525522 1553304 100596660 21799648594 226853 0 768488 0 0 0
1791486624 2887, 13801, 35, 0x0000000000000000 | 14.88 6.70 5.09 | cpu  714526181 1553304 100596713 21799675521 226854 0 768488 0 0 0
1791486625 2880, 13801, 37, 0x0000000000000000 | 14.88 6.70 5.09 | cpu  714530254 1553304 100596796 21799699209 226856 0 768488 0 0 0
1791486626 2880, 13801, 36, 0x0000000000000000 | 14.88 6.70 5.09 | cpu  714531866 1553304 100596968 21799725214 226857 0 768489 0 0 0
1791486627 2887, 13801, 34, 0x0000000000000000 | 24.34 8.79 5.78 | cpu  714535240 1553304 100596997 21799749460 226857 0 768489 0 0 0
1791486628 2887, 13801, 36, 0x0000000000000000 | 24.34 8.79 5.78 | cpu  714536597 1553304 100597072 21799775763 226857 0 768489 0 0 0
1791486630 2887, 13801, 38, 0x0000000000000000 | 24.34 8.79 5.78 | cpu  714537350 1553304 100597136 21799802715 226857 0 768489 0 0 0
1791486631 2887, 13801, 35, 0x0000000000000000 | 24.34 8.79 5.78 | cpu  714537840 1553304 100597209 21799829758 226858 0 768489 0 0 0
1791486632 2887, 13801, 39, 0x0000000000000000 | 22.71 8.71 5.77 | cpu  714538276 1553304 100597311 21799856899 226858 0 768489 0 0 0
1791486633 2895, 13801, 37, 0x0000000000000000 | 22.71 8.71 5.77 | cpu  714538696 1553304 100597362 21799884025 226858 0 768489 0 0 0
1791486634 2880, 13801, 37, 0x0000000000000000 | 22.71 8.71 5.77 | cpu  714539112 1553304 100597402 21799911184 226858 0 768489 0 0 0
1791486635 2887, 13801, 37, 0x0000000000000000 | 22.71 8.71 5.77 | cpu  714539527 1553304 100597444 21799938378 226858 0 768489 0 0 0
1791486636 2887, 13801, 37, 0x0000000000000000 | 22.71 8.71 5.77 | cpu  714539945 1553304 100597485 21799965817 226858 0 768489 0 0 0
1791486637 2880, 13801, 38, 0x0000000000000000 | 21.37 8.67 5.77 | cpu  714540364 1553304 100597564 21799993021 226858 0 768489 0 0 0
1791486638 2895, 13801, 35, 0x0000000000000000 | 21.37 8.67 5.77 | cpu  714540783 1553304 100597619 21800020264 226872 0 768489 0 0 0
1791486639 2895, 13801, 40, 0x0000000000000000 | 21.37 8.67 5.77 | cpu  714541244 1553305 100597679 21800047592 226882 0 768489 0 0 0
1791486640 2887, 13801, 39, 0x0000000000000000 | 21.37 8.67 5.77 | cpu  714541666 1553305 100597746 21800074820 226882 0 768489 0 0 0
1791486641 2880, 13801, 37, 0x0000000000000000 | 20.06 8.61 5.77 | cpu  714542085 1553305 100597812 21800102008 226882 0 768489 0 0 0
1791486643 2895, 13801, 42, 0x0000000000000000 | 20.06 8.61 5.77 | cpu  714542497 1553305 100598003 21800129104 226882 0 768489 0 0 0
1791486644 2887, 13801, 38, 0x0000000000000000 | 20.06 8.61 5.77 | cpu  714542918 1553305 100598095 21800156222 226882 0 768490 0 0 0
1791486645 2880, 13801, 37, 0x0000000000000000 | 20.06 8.61 5.77 | cpu  714543354 1553305 100598137 21800183435 226882 0 768490 0 0 0
1791486646 2887, 13801, 36, 0x0000000000000000 | 20.06 8.61 5.77 | cpu  714543793 1553305 100598198 21800210642 226882 0 768491 0 0 0
1791486647 2887, 13801, 38, 0x0000000000000000 | 18.77 8.53 5.76 | cpu  714544208 1553305 100598245 21800237871 226882 0 768491 0 0 0
1791486648 2887, 13801, 35, 0x0000000000000000 | 18.77 8.53 5.76 | cpu  714544628 1553305 100598312 21800265028 226882 0 768492 0 0 0
1791486649 2895, 13801, 41, 0x0000000000000000 | 18.77 8.53 5.76 | cpu  714545046 1553305 100598468 21800292138 226882 0 768492 0 0 0
1791486650 2887, 13801, 37, 0x0000000000000000 | 18.77 8.53 5.76 | cpu  714545461 1553305 100598559 21800319525 226882 0 768492 0 0 0
1791486651 2887, 13801, 39, 0x0000000000000000 | 18.77 8.53 5.76 | cpu  714545873 1553305 100598609 21800346683 226882 0 768492 0 0 0
1791486652 2887, 13801, 36, 0x0000000000000000 | 17.59 8.46 5.75 | cpu  714546294 1553305 100598649 21800373877 226882 0 768492 0 0 0
1791486653 2887, 13801, 35, 0x0000000000000000 | 17.59 8.46 5.75 | cpu  714546732 1553305 100598733 21800401093 226882 0 768492 0 0 0
1791486654 2887, 13801, 35, 0x0000000000000000 | 17.59 8.46 5.75 | cpu  714547204 1553305 100598810 21800428235 226882 0 768492 0 0 0
1791486656 2895, 13801, 40, 0x0000000000000000 | 17.59 8.46 5.75 | cpu  714547627 1553305 100598849 21800455358 226882 0 768492 0 0 0
1791486657 2887, 13801, 40, 0x0000000000000000 | 16.58 8.40 5.74 | cpu  714548047 1553305 100598892 21800482551 226882 0 768492 0 0 0
1791486658 2887, 13801, 36, 0x0000000000000000 | 16.58 8.40 5.74 | cpu  714548441 1553305 100598960 21800509722 226882 0 768492 0 0 0
1791486659 2895, 13801, 40, 0x0000000000000000 | 16.58 8.40 5.74 | cpu  714548844 1553305 100599037 21800536929 226882 0 768492 0 0 0
1791486660 2887, 13801, 35, 0x0000000000000000 | 16.58 8.40 5.74 | cpu  714549257 1553305 100599154 21800564181 226882 0 768492 0 0 0
1791486661 2880, 13801, 36, 0x0000000000000000 | 16.58 8.40 5.74 | cpu  714549660 1553305 100599212 21800591393 226882 0 768492 0 0 0
1791486662 2895, 13801, 35, 0x0000000000000000 | 15.57 8.32 5.73 | cpu  714550062 1553305 100599266 21800618653 226882 0 768492 0 0 0
1791486663 2887, 13801, 37, 0x0000000000000000 | 15.57 8.32 5.73 | cpu  714550464 1553305 100599321 21800645903 226883 0 768492 0 0 0
1791486664 2880, 13801, 37, 0x0000000000000000 | 15.57 8.32 5.73 | cpu  714550871 1553305 100599386 21800673182 226883 0 768492 0 0 0
1791486665 2887, 13801, 40, 0x0000000000000000 | 15.57 8.32 5.73 | cpu  714551285 1553305 100599472 21800700487 226883 0 768492 0 0 0
1791486666 2887, 13801, 37, 0x0000000000000000 | 14.81 8.29 5.73 | cpu  714551688 1553305 100599543 21800727802 226883 0 768492 0 0 0
1791486667 2887, 13801, 38, 0x0000000000000000 | 14.81 8.29 5.73 | cpu  714554961 1553305 100599573 21800752163 226883 0 768492 0 0 0
1791486669 2895, 13801, 35, 0x0000000000000000 | 14.81 8.29 5.73 | cpu  714555917 1553305 100599631 21800778788 226883 0 768492 0 0 0
1791486670 2887, 13801, 36, 0x0000000000000000 | 14.81 8.29 5.73 | cpu  714556309 1553305 100599707 21800805989 226883 0 768492 0 0 0
1791486671 2887, 13801, 35, 0x0000000000000000 | 14.81 8.29 5.73 | cpu  714556706 1553305 100599802 21800833238 226883 0 768492 0 0 0
1791486672 2880, 13801, 37, 0x0000000000000000 | 13.94 8.21 5.72 | cpu  714557093 1553305 100599884 21800860375 226883 0 768492 0 0 0
1791486673 2895, 13801, 38, 0x0000000000000000 | 13.94 8.21 5.72 | cpu  714557488 1553305 100599947 21800887598 226883 0 768492 0 0 0
1791486674 2887, 13801, 38, 0x0000000000000000 | 13.94 8.21 5.72 | cpu  714557883 1553305 100600009 21800914870 226883 0 768492 0 0 0
1791486675 2880, 13801, 38, 0x0000000000000000 | 13.94 8.21 5.72 | cpu  714558281 1553305 100600075 21800942236 226883 0 768492 0 0 0
1791486676 2887, 13801, 38, 0x0000000000000000 | 13.94 8.21 5.72 | cpu  714558682 1553305 100600169 21800969462 226884 0 768492 0 0 0
1791486677 2887, 13801, 40, 0x0000000000000000 | 13.14 8.14 5.71 | cpu  714559079 1553305 100600242 21800996660 226884 0 768493 0 0 0
1791486678 2887, 13801, 38, 0x0000000000000000 | 13.14 8.14 5.71 | cpu  714562122 1553305 100600268 21801021213 226884 0 768493 0 0 0
1791486679 2880, 13801, 41, 0x0000000000000000 | 13.14 8.14 5.71 | cpu  714563056 1553305 100600326 21801047927 226884 0 768493 0 0 0
1791486680 2880, 13801, 38, 0x0000000000000000 | 13.14 8.14 5.71 | cpu  714563452 1553305 100600396 21801075133 226884 0 768493 0 0 0
1791486681 2887, 13801, 39, 0x0000000000000000 | 12.49 8.09 5.71 | cpu  714563856 1553305 100600492 21801102358 226884 0 768493 0 0 0
1791486683 2887, 13801, 40, 0x0000000000000000 | 12.49 8.09 5.71 | cpu  714564259 1553305 100600570 21801129585 226884 0 768493 0 0 0
1791486684 2887, 13801, 36, 0x0000000000000000 | 12.49 8.09 5.71 | cpu  714564655 1553305 100600629 21801156745 226884 0 768493 0 0 0
1791486685 2887, 13801, 38, 0x0000000000000000 | 12.49 8.09 5.71 | cpu  714565047 1553305 100600691 21801183891 226885 0 768493 0 0 0
1791486686 2887, 13801, 38, 0x0000000000000000 | 12.49 8.09 5.71 | cpu  714565442 1553305 100600757 21801211122 226885 0 768493 0 0 0
1791486687 2880, 13801, 38, 0x0000000000000000 | 11.81 8.02 5.70 | cpu  714565845 1553305 100600855 21801238307 226885 0 768493 0 0 0
1791486688 2887, 13801, 39, 0x0000000000000000 | 11.81 8.02 5.70 | cpu  714566240 1553305 100600920 21801265509 226885 0 768493 0 0 0
1791486689 2895, 13801, 39, 0x0000000000000000 | 11.81 8.02 5.70 | cpu  714568734 1553305 100600957 21801290764 226885 0 768493 0 0 0
1791486690 2895, 13801, 36, 0x0000000000000000 | 11.81 8.02 5.70 | cpu  714569456 1553305 100601022 21801317690 226885 0 768493 0 0 0
1791486691 2887, 13801, 40, 0x0000000000000000 | 11.81 8.02 5.70 | cpu  714569851 1553305 100601087 21801344890 226885 0 768493 0 0 0
1791486692 2895, 13801, 42, 0x0000000000000000 | 11.27 7.97 5.70 | cpu  714570254 1553305 100601186 21801372102 226885 0 768493 0 0 0
1791486693 2887, 13801, 38, 0x0000000000000000 | 11.27 7.97 5.70 | cpu  714570648 1553305 100601248 21801399255 226885 0 768493 0 0 0
1791486694 2887, 13801, 37, 0x0000000000000000 | 11.27 7.97 5.70 | cpu  714571042 1553305 100601308 21801426463 226885 0 768493 0 0 0
1791486696 2895, 13801, 42, 0x0000000000000000 | 11.27 7.97 5.70 | cpu  714571437 1553305 100601368 21801453686 226885 0 768493 0 0 0
1791486697 2887, 13801, 40, 0x0000000000000000 | 10.68 7.91 5.69 | cpu  714571832 1553306 100601438 21801480839 226886 0 768493 0 0 0
1791486698 2880, 13801, 38, 0x0000000000000000 | 10.68 7.91 5.69 | cpu  714572236 1553306 100601533 21801508015 226886 0 768493 0 0 0
1791486699 2880, 13801, 40, 0x0000000000000000 | 10.68 7.91 5.69 | cpu  714572630 1553306 100601595 21801535268 226886 0 768493 0 0 0
1791486700 2887, 13801, 39, 0x0000000000000000 | 10.68 7.91 5.69 | cpu  714575922 1553306 100601631 21801559543 226886 0 768493 0 0 0
1791486701 2887, 13801, 39, 0x0000000000000000 | 10.68 7.91 5.69 | cpu  714576614 1553306 100601701 21801586488 226887 0 768493 0 0 0
1791486702 2895, 13801, 37, 0x0000000000000000 | 10.15 7.84 5.68 | cpu  714577008 1553306 100601760 21801613703 226887 0 768493 0 0 0
1791486703 2887, 13801, 37, 0x0000000000000000 | 10.15 7.84 5.68 | cpu  714577410 1553306 100601859 21801640704 226887 0 768493 0 0 0
1791486704 2887, 13801, 38, 0x0000000000000000 | 10.15 7.84 5.68 | cpu  714577815 1553306 100601935 21801668000 226887 0 768493 0 0 0
1791486705 2887, 13801, 38, 0x0000000000000000 | 10.15 7.84 5.68 | cpu  714578212 1553306 100602013 21801695335 226887 0 768493 0 0 0
1791486706 2887, 13801, 36, 0x0000000000000000 | 9.82 7.81 5.68 | cpu  714578614 1553306 100602106 21801722494 226887 0 768493 0 0 0
1791486707 2887, 13801, 37, 0x0000000000000000 | 9.82 7.81 5.68 | cpu  714579018 1553306 100602236 21801749655 226887 0 768493 0 0 0
1791486709 2887, 13801, 39, 0x0000000000000000 | 9.82 7.81 5.68 | cpu  714579420 1553306 100602330 21801776775 226887 0 768493 0 0 0
1791486710 2880, 13801, 41, 0x0000000000000000 | 9.82 7.81 5.68 | cpu  714579849 1553306 100602403 21801803911 226887 0 768493 0 0 0
1791486711 2902, 13801, 41, 0x0000000000000000 | 9.82 7.81 5.68 | cpu  714582606 1553306 100602440 21801828997 226887 0 768493 0 0 0
1791486712 2895, 13801, 36, 0x0000000000000000 | 9.35 7.75 5.67 | cpu  714583033 1553306 100602516 21801856160 226887 0 768493 0 0 0
1791486713 2887, 13801, 39, 0x0000000000000000 | 9.35 7.75 5.67 | cpu  714583430 1553306 100602583 21801883426 226887 0 768493 0 0 0
1791486714 2880, 13801, 38, 0x0000000000000000 | 9.35 7.75 5.67 | cpu  714583837 1553306 100602782 21801910550 226887 0 768493 0 0 0
1791486715 2887, 13801, 39, 0x0000000000000000 | 9.35 7.75 5.67 | cpu  714584231 1553306 100602888 21801937598 226887 0 768494 0 0 0
1791486716 2887, 13801, 38, 0x0000000000000000 | 9.35 7.75 5.67 | cpu  714584624 1553306 100602949 21801964759 226887 0 768494 0 0 0
1791486717 2880, 13801, 38, 0x0000000000000000 | 8.92 7.68 5.66 | cpu  714585017 1553306 100603018 21801991975 226887 0 768494 0 0 0
1791486718 2887, 13801, 36, 0x0000000000000000 | 8.92 7.68 5.66 | cpu  714585410 1553306 100603078 21802019159 226887 0 768494 0 0 0
1791486719 2895, 13801, 35, 0x0000000000000000 | 8.92 7.68 5.66 | cpu  714585878 1553306 100603221 21802046240 226887 0 768494 0 0 0
1791486720 2445, 13801, 32, 0x0000000000000000 | 8.92 7.68 5.66 | cpu  714586585 1553306 100603333 21802073148 226888 0 768494 0 0 0
1791486722 2445, 13801, 32, 0x0000000000000000 | 8.53 7.62 5.65 | cpu  714589074 1553306 100603554 21802098240 226888 0 768494 0 0 0
1791486723 2445, 13801, 32, 0x0000000000000000 | 8.53 7.62 5.65 | cpu  714589452 1553306 100603714 21802125475 226888 0 768494 0 0 0
1791486724 2445, 13801, 31, 0x0000000000000000 | 8.53 7.62 5.65 | cpu  714589813 1553306 100603847 21802152568 226888 0 768494 0 0 0
1791486725 2445, 13801, 31, 0x0000000000000000 | 8.53 7.62 5.65 | cpu  714590184 1553306 100603964 21802179718 226888 0 768494 0 0 0
1791486726 2445, 13801, 31, 0x0000000000000000 | 8.53 7.62 5.65 | cpu  714590544 1553306 100604053 21802206951 226888 0 768494 0 0 0
1791486727 2445, 13801, 31, 0x0000000000000000 | 8.16 7.56 5.64 | cpu  714590903 1553306 100604150 21802234097 226888 0 768494 0 0 0
1791486728 2445, 13801, 30, 0x0000000000000000 | 8.16 7.56 5.64 | cpu  714591264 1553306 100604232 21802261292 226888 0 768494 0 0 0
1791486729 2445, 13801, 30, 0x0000000000000000 | 8.16 7.56 5.64 | cpu  714591625 1553306 100604315 21802288479 226888 0 768494 0 0 0
1791486730 2445, 13801, 30, 0x0000000000000000 | 8.16 7.56 5.64 | cpu  714591988 1553306 100604435 21802315515 226888 0 768494 0 0 0
1791486731 2445, 13801, 30, 0x0000000000000000 | 8.16 7.56 5.64 | cpu  714592651 1553306 100604518 21802342403 226888 0 768494 0 0 0
1791486732 2445, 13801, 29, 0x0000000000000000 | 7.83 7.50 5.63 | cpu  714595324 1553306 100604560 21802367247 226889 0 768494 0 0 0
1791486733 2445, 13801, 29, 0x0000000000000000 | 7.83 7.50 5.63 | cpu  714595685 1553306 100604647 21802394373 226889 0 768494 0 0 0
1791486734 2445, 13801, 29, 0x0000000000000000 | 7.83 7.50 5.63 | cpu  714596045 1553306 100604739 21802421537 226889 0 768494 0 0 0
1791486736 2445, 13801, 29, 0x0000000000000000 | 7.83 7.50 5.63 | cpu  714596405 1553306 100604874 21802448736 226889 0 768494 0 0 0
1791486737 2445, 13801, 29, 0x0000000000000000 | 7.60 7.46 5.63 | cpu  714596783 1553306 100605023 21802475906 226889 0 768494 0 0 0
1791486738 2445, 13801, 29, 0x0000000000000000 | 7.60 7.46 5.63 | cpu  714597158 1553306 100605115 21802503157 226889 0 768494 0 0 0
1791486739 2445, 13801, 28, 0x0000000000000000 | 7.60 7.46 5.63 | cpu  714597512 1553306 100605308 21802530299 226889 0 768494 0 0 0
1791486740 2445, 13801, 28, 0x0000000000000000 | 7.60 7.46 5.63 | cpu  714597875 1553306 100605419 21802557447 226889 0 768494 0 0 0
1791486741 2445, 13801, 28, 0x0000000000000000 | 7.60 7.46 5.63 | cpu  714598273 1553306 100605516 21802584547 226889 0 768494 0 0 0
1791486742 2445, 13801, 28, 0x0000000000000000 | 7.31 7.40 5.62 | cpu  714599371 1553306 100605572 21802611119 226889 0 768494 0 0 0
1791486743 2445, 13801, 28, 0x0000000000000000 | 7.31 7.40 5.62 | cpu  714602290 1553306 100605584 21802635824 226889 0 768494 0 0 0
1791486744 2445, 13801, 28, 0x0000000000000000 | 7.31 7.40 5.62 | cpu  714602686 1553306 100605637 21802663011 226889 0 768494 0 0 0
1791486745 2445, 13801, 27, 0x0000000000000000 | 7.31 7.40 5.62 | cpu  714603069 1553306 100605695 21802690177 226889 0 768494 0 0 0
1791486746 2445, 13801, 27, 0x0000000000000000 | 7.13 7.36 5.62 | cpu  714603478 1553306 100605804 21802717371 226897 0 768494 0 0 0
1791486747 2445, 13801, 27, 0x0000000000000000 | 7.13 7.36 5.62 | cpu  714603862 1553306 100605861 21802744508 226897 0 768494 0 0 0
1791486749 2445, 13801, 27, 0x0000000000000000 | 7.13 7.36 5.62 | cpu  714604231 1553306 100605932 21802771645 226897 0 768494 0 0 0
1791486750 2445, 13801, 27, 0x0000000000000000 | 7.13 7.36 5.62 | cpu  714604595 1553306 100606009 21802798776 226897 0 768494 0 0 0
1791486751 2445, 13801, 27, 0x0000000000000000 | 7.13 7.36 5.62 | cpu  714604971 1553306 100606076 21802826028 226897 0 768494 0 0 0
1791486752 2445, 13801, 27, 0x0000000000000000 | 6.96 7.32 5.62 | cpu  714605358 1553306 100606189 21802853152 226897 0 768494 0 0 0
1791486753 2445, 13801, 27, 0x0000000000000000 | 6.96 7.32 5.62 | cpu  714606314 1553306 100606254 21802879782 226897 0 768494 0 0 0
1791486754 2445, 13801, 26, 0x0000000000000000 | 6.96 7.32 5.62 | cpu  714608467 1553306 100606396 21802905053 226897 0 768494 0 0 0
