1791127819 2400, 14001, 49, 0x0000000000000000 | 1.22 1.36 1.19 | cpu  62300366 5691 15113758 1909588468 1485187 0 228230 0 0 0
1791127820 2400, 14001, 49, 0x0000000000000000 | 1.28 1.37 1.19 | cpu  62300622 5691 15113786 1909590787 1485187 0 228230 0 0 0
1791127821 682, 7001, 48, 0x0000000000000000 | 1.28 1.37 1.19 | cpu  62300920 5691 15113824 1909593096 1485187 0 228230 0 0 0
1791127822 435, 7001, 48, 0x0000000000000000 | 1.28 1.37 1.19 | cpu  62300960 5691 15113863 1909595590 1485188 0 228230 0 0 0
1791127823 262, 810, 48, 0x0000000000000000 | 1.28 1.37 1.19 | cpu  62301012 5691 15113879 1909598129 1485188 0 228230 0 0 0
1791127824 2400, 13801, 49, 0x0000000000000000 | 1.28 1.37 1.19 | cpu  62301176 5691 15113938 1909600512 1485188 0 228230 0 0 0
1791127826 2467, 13801, 49, 0x0000000000000000 | 1.26 1.36 1.19 | cpu  62301311 5691 15113962 1909603020 1485189 0 228231 0 0 0
1791127827 2400, 13801, 49, 0x0000000000000000 | 1.26 1.36 1.19 | cpu  62301457 5691 15113996 1909605511 1485189 0 228231 0 0 0
1791127828 2467, 13801, 49, 0x0000000000000000 | 1.26 1.36 1.19 | cpu  62301592 5691 15114019 1909608016 1485190 0 228231 0 0 0
1791127829 2467, 13801, 49, 0x0000000000000000 | 1.26 1.36 1.19 | cpu  62301750 5691 15114048 1909610538 1485190 0 228231 0 0 0
1791127830 2400, 13801, 50, 0x0000000000000000 | 1.26 1.36 1.19 | cpu  62301884 5691 15114074 1909612982 1485190 0 228231 0 0 0
1791127831 2467, 13801, 49, 0x0000000000000000 | 1.88 1.49 1.23 | cpu  62302032 5691 15114113 1909615478 1485190 0 228231 0 0 0
1791127832 2467, 13801, 49, 0x0000000000000000 | 1.88 1.49 1.23 | cpu  62302184 5691 15114144 1909617909 1485190 0 228231 0 0 0
1791127833 2437, 13801, 49, 0x0000000000000000 | 1.88 1.49 1.23 | cpu  62302315 5691 15114174 1909620405 1485191 0 228231 0 0 0
1791127834 2467, 13801, 48, 0x0000000000000000 | 1.88 1.49 1.23 | cpu  62302476 5691 15114195 1909622924 1485191 0 228231 0 0 0
1791127836 2400, 13801, 49, 0x0000000000000000 | 1.81 1.48 1.23 | cpu  62302645 5691 15114222 1909625399 1485191 0 228231 0 0 0
1791127837 2467, 13801, 48, 0x0000000000000000 | 1.81 1.48 1.23 | cpu  62302782 5691 15114242 1909627895 1485191 0 228231 0 0 0
1791127838 2400, 13801, 49, 0x0000000000000000 | 1.81 1.48 1.23 | cpu  62302932 5691 15114282 1909630421 1485191 0 228231 0 0 0
1791127839 2467, 13801, 48, 0x0000000000000000 | 1.81 1.48 1.23 | cpu  62303078 5691 15114320 1909632850 1485191 0 228231 0 0 0
1791127840 2400, 13801, 48, 0x0000000000000000 | 1.81 1.48 1.23 | cpu  62303218 5691 15114336 1909635352 1485191 0 228231 0 0 0
1791127841 2467, 13801, 48, 0x0000000000000000 | 1.74 1.47 1.23 | cpu  62303379 5691 15114360 1909637887 1485192 0 228231 0 0 0
1791127842 2520, 13801, 48, 0x0000000000000000 | 1.74 1.47 1.23 | cpu  62303426 5691 15114430 1909640371 1485192 0 228231 0 0 0
1791127843 2430, 13801, 48, 0x0000000000000000 | 1.74 1.47 1.23 | cpu  62303471 5691 15114499 1909642856 1485192 0 228231 0 0 0
1791127844 2460, 13801, 48, 0x0000000000000000 | 1.74 1.47 1.23 | cpu  62303568 5691 15114529 1909645333 1485192 0 228231 0 0 0
1791127845 2550, 13801, 48, 0x0000000000000000 | 1.68 1.46 1.23 | cpu  62303678 5691 15114534 1909647817 1485193 0 228231 0 0 0
1791127847 2400, 13801, 48, 0x0000000000000000 | 1.68 1.46 1.23 | cpu  62303780 5691 15114553 1909650287 1485194 0 228231 0 0 0
1791127848 2400, 13801, 48, 0x0000000000000000 | 1.68 1.46 1.23 | cpu  62303852 5691 15114601 1909652758 1485194 0 228231 0 0 0
1791127849 2400, 13801, 47, 0x0000000000000000 | 1.68 1.46 1.23 | cpu  62303917 5691 15114654 1909655242 1485194 0 228231 0 0 0
1791127850 2400, 13801, 47, 0x0000000000000000 | 1.68 1.46 1.23 | cpu  62303968 5691 15114726 1909657757 1485194 0 228231 0 0 0
1791127851 2400, 13801, 47, 0x0000000000000000 | 1.71 1.47 1.23 | cpu  62304020 5691 15114790 1909660245 1485194 0 228231 0 0 0
1791127852 2400, 13801, 47, 0x0000000000000000 | 1.71 1.47 1.23 | cpu  62304070 5691 15114854 1909662728 1485195 0 228231 0 0 0
1791127853 2400, 13801, 47, 0x0000000000000000 | 1.71 1.47 1.23 | cpu  62304118 5691 15114921 1909665215 1485195 0 228231 0 0 0
1791127854 2400, 13801, 47, 0x0000000000000000 | 1.71 1.47 1.23 | cpu  62304162 5691 15114992 1909667694 1485195 0 228231 0 0 0
1791127855 2400, 13801, 47, 0x0000000000000000 | 1.65 1.46 1.23 | cpu  62304204 5691 15115067 1909670179 1485196 0 228231 0 0 0
1791127856 2400, 13801, 47, 0x0000000000000000 | 1.65 1.46 1.23 | cpu  62304255 5691 15115138 1909672654 1485196 0 228231 0 0 0
1791127857 2400, 13801, 47, 0x0000000000000000 | 1.65 1.46 1.23 | cpu  62304302 5691 15115206 1909675144 1485196 0 228231 0 0 0
1791127858 2400, 13801, 47, 0x0000000000000000 | 1.65 1.46 1.23 | cpu  62304347 5691 15115280 1909677624 1485197 0 228231 0 0 0
1791127860 2400, 13801, 47, 0x0000000000000000 | 1.65 1.46 1.23 | cpu  62304395 5691 15115347 1909680111 1485197 0 228231 0 0 0
1791127861 2400, 13801, 47, 0x0000000000000000 | 1.60 1.46 1.23 | cpu  62304438 5691 15115423 1909682589 1485197 0 228231 0 0 0
1791127862 2400, 13801, 47, 0x0000000000000000 | 1.60 1.46 1.23 | cpu  62304486 5691 15115494 1909685101 1485197 0 228231 0 0 0
1791127863 2407, 13801, 47, 0x0000000000000000 | 1.60 1.46 1.23 | cpu  62304546 5691 15115548 1909687582 1485197 0 228231 0 0 0
1791127864 2400, 13801, 47, 0x0000000000000000 | 1.60 1.46 1.23 | cpu  62304591 5691 15115618 1909690067 1485197 0 228231 0 0 0
1791127865 2400, 13801, 47, 0x0000000000000000 | 1.60 1.46 1.23 | cpu  62304637 5691 15115687 1909692550 1485197 0 228231 0 0 0
1791127866 2400, 13801, 47, 0x0000000000000000 | 1.55 1.45 1.23 | cpu  62304688 5691 15115753 1909695053 1485197 0 228231 0 0 0
1791127867 2400, 13801, 47, 0x0000000000000000 | 1.55 1.45 1.23 | cpu  62304735 5691 15115818 1909697523 1485198 0 228231 0 0 0
1791127868 2400, 13801, 47, 0x0000000000000000 | 1.55 1.45 1.23 | cpu  62304784 5691 15115889 1909700015 1485198 0 228231 0 0 0
1791127869 2400, 13801, 47, 0x0000000000000000 | 1.55 1.45 1.23 | cpu  62304830 5691 15115959 1909702502 1485199 0 228231 0 0 0
1791127870 2400, 13801, 46, 0x0000000000000000 | 1.59 1.46 1.23 | cpu  62304879 5691 15116037 1909705036 1485199 0 228231 0 0 0
1791127872 2400, 13801, 46, 0x0000000000000000 | 1.59 1.46 1.23 | cpu  62304932 5691 15116104 1909707505 1485199 0 228231 0 0 0
1791127873 2400, 13801, 46, 0x0000000000000000 | 1.59 1.46 1.23 | cpu  62304980 5691 15116173 1909710037 1485199 0 228231 0 0 0
1791127874 2400, 13801, 46, 0x0000000000000000 | 1.59 1.46 1.23 | cpu  62305034 5691 15116233 1909712516 1485199 0 228231 0 0 0
1791127875 2400, 13801, 46, 0x0000000000000000 | 1.59 1.46 1.23 | cpu  62305084 5691 15116307 1909715106 1485199 0 228231 0 0 0
1791127876 2400, 13801, 46, 0x0000000000000000 | 1.54 1.45 1.23 | cpu  62305141 5691 15116371 1909717578 1485201 0 228231 0 0 0
1791127877 2655, 13801, 48, 0x0000000000000000 | 1.54 1.45 1.23 | cpu  62305248 5691 15116391 1909720172 1485203 0 228231 0 0 0
1791127878 2895, 13801, 48, 0x0000000000000000 | 1.54 1.45 1.23 | cpu  62305358 5691 15116398 1909722646 1485203 0 228231 0 0 0
1791127879 2895, 13801, 48, 0x0000000000000000 | 1.54 1.45 1.23 | cpu  62305470 5691 15116405 1909725148 1485203 0 228231 0 0 0
1791127880 2895, 13801, 48, 0x0000000000000000 | 1.58 1.46 1.23 | cpu  62305586 5691 15116441 1909727656 1485203 0 228231 0 0 0
1791127881 2895, 13801, 48, 0x0000000000000000 | 1.58 1.46 1.23 | cpu  62305702 5691 15116470 1909730104 1485203 0 228231 0 0 0
1791127883 2895, 13801, 48, 0x0000000000000000 | 1.58 1.46 1.23 | cpu  62305817 5691 15116481 1909732697 1485204 0 228231 0 0 0
1791127884 2895, 13801, 48, 0x0000000000000000 | 1.58 1.46 1.23 | cpu  62305927 5691 15116485 1909735175 1485204 0 228231 0 0 0
1791127885 2895, 13801, 48, 0x0000000000000000 | 1.58 1.46 1.23 | cpu  62306038 5691 15116495 1909737713 1485204 0 228231 0 0 0
1791127886 2895, 13801, 49, 0x0000000000000000 | 1.53 1.45 1.23 | cpu  62306150 5691 15116502 1909740198 1485204 0 228231 0 0 0
1791127887 2895, 13801, 48, 0x0000000000000000 | 1.53 1.45 1.23 | cpu  62306266 5691 15116512 1909742730 1485204 0 228231 0 0 0
1791127888 2895, 13801, 48, 0x0000000000000000 | 1.53 1.45 1.23 | cpu  62306383 5691 15116554 1909745227 1485204 0 228231 0 0 0
1791127889 2895, 13801, 48, 0x0000000000000000 | 1.53 1.45 1.23 | cpu  62306493 5691 15116559 1909747703 1485204 0 228231 0 0 0
1791127890 2895, 13801, 48, 0x0000000000000000 | 1.57 1.46 1.24 | cpu  62306605 5691 15116568 1909750240 1485204 0 228231 0 0 0
1791127891 2895, 13801, 48, 0x0000000000000000 | 1.57 1.46 1.24 | cpu  62306716 5691 15116575 1909752721 1485206 0 228231 0 0 0
1791127892 2895, 13801, 48, 0x0000000000000000 | 1.57 1.46 1.24 | cpu  62306828 5691 15116585 1909755258 1485206 0 228231 0 0 0
1791127893 2895, 13801, 48, 0x0000000000000000 | 1.57 1.46 1.24 | cpu  62306941 5691 15116592 1909757740 1485206 0 228231 0 0 0
1791127895 2895, 13801, 48, 0x0000000000000000 | 1.57 1.46 1.24 | cpu  62307054 5691 15116599 1909760281 1485206 0 228231 0 0 0
1791127896 2895, 13801, 48, 0x0000000000000000 | 1.52 1.45 1.24 | cpu  62307164 5691 15116606 1909762759 1485206 0 228231 0 0 0
1791127897 2775, 13801, 48, 0x0000000000000000 | 1.52 1.45 1.24 | cpu  62307280 5691 15116619 1909765295 1485206 0 228231 0 0 0
1791127898 2895, 13801, 48, 0x0000000000000000 | 1.52 1.45 1.24 | cpu  62307392 5691 15116636 1909767833 1485206 0 228231 0 0 0
1791127899 2895, 13801, 48, 0x0000000000000000 | 1.52 1.45 1.24 | cpu  62307501 5691 15116649 1909770259 1485207 0 228231 0 0 0
1791127900 2887, 13801, 49, 0x0000000000000000 | 1.52 1.45 1.24 | cpu  62307618 5691 15116665 1909772851 1485207 0 228231 0 0 0
1791127901 2887, 13801, 49, 0x0000000000000000 | 1.56 1.46 1.24 | cpu  62307730 5691 15116679 1909775316 1485207 0 228231 0 0 0
1791127902 2887, 13801, 49, 0x0000000000000000 | 1.56 1.46 1.24 | cpu  62307850 5691 15116701 1909777890 1485207 0 228231 0 0 0
1791127903 2887, 13801, 49, 0x0000000000000000 | 1.56 1.46 1.24 | cpu  62307963 5691 15116722 1909780352 1485208 0 228231 0 0 0
1791127905 2887, 13801, 49, 0x0000000000000000 | 1.56 1.46 1.24 | cpu  62308078 5691 15116745 1909782874 1485208 0 228231 0 0 0
1791127906 2887, 13801, 49, 0x0000000000000000 | 1.52 1.45 1.24 | cpu  62308185 5691 15116758 1909785313 1485208 0 228231 0 0 0
1791127907 2887, 13801, 49, 0x0000000000000000 | 1.52 1.45 1.24 | cpu  62308300 5691 15116772 1909787882 1485209 0 228231 0 0 0
1791127908 2895, 13801, 48, 0x0000000000000000 | 1.52 1.45 1.24 | cpu  62308411 5691 15116785 1909790364 1485209 0 228231 0 0 0
1791127909 2895, 13801, 48, 0x0000000000000000 | 1.52 1.45 1.24 | cpu  62308521 5691 15116797 1909792797 1485209 0 228231 0 0 0
1791127910 2587, 13801, 48, 0x0000000000000000 | 1.52 1.45 1.24 | cpu  62308632 5691 15116810 1909795295 1485209 0 228231 0 0 0
1791127911 2895, 13801, 48, 0x0000000000000000 | 1.56 1.46 1.24 | cpu  62308739 5691 15116821 1909797735 1485209 0 228231 0 0 0
1791127912 2482, 13801, 48, 0x0000000000000000 | 1.56 1.46 1.24 | cpu  62308853 5691 15116837 1909800316 1485209 0 228231 0 0 0
1791127913 2887, 13801, 49, 0x0000000000000000 | 1.56 1.46 1.24 | cpu  62308965 5691 15116854 1909802789 1485210 0 228231 0 0 0
1791127914 2887, 13801, 49, 0x0000000000000000 | 1.56 1.46 1.24 | cpu  62309079 5691 15116878 1909805312 1485210 0 228231 0 0 0
1791127915 2887, 13801, 49, 0x0000000000000000 | 1.51 1.45 1.24 | cpu  62309190 5691 15116900 1909807773 1485210 0 228231 0 0 0
1791127916 2887, 13801, 49, 0x0000000000000000 | 1.51 1.45 1.24 | cpu  62309301 5691 15116911 1909810252 1485210 0 228231 0 0 0
1791127918 2887, 13801, 49, 0x0000000000000000 | 1.51 1.45 1.24 | cpu  62309418 5691 15116923 1909812842 1485210 0 228231 0 0 0
1791127919 2887, 13801, 49, 0x0000000000000000 | 1.51 1.45 1.24 | cpu  62309531 5691 15116936 1909815364 1485211 0 228231 0 0 0
1791127920 2887, 13801, 49, 0x0000000000000000 | 1.51 1.45 1.24 | cpu  62309647 5691 15116950 1909817829 1485211 0 228231 0 0 0
1791127921 2887, 13801, 49, 0x0000000000000000 | 1.47 1.45 1.24 | cpu  62309760 5691 15116962 1909820350 1485211 0 228231 0 0 0
1791127922 2887, 13801, 49, 0x0000000000000000 | 1.47 1.45 1.24 | cpu  62309875 5691 15116986 1909822792 1485211 0 228231 0 0 0
1791127923 2677, 13801, 48, 0x0000000000000000 | 1.47 1.45 1.24 | cpu  62309992 5691 15117004 1909825333 1485211 0 228231 0 0 0
1791127924 2895, 13801, 48, 0x0000000000000000 | 1.47 1.45 1.24 | cpu  62310101 5691 15117014 1909827757 1485212 0 228231 0 0 0
1791127925 2895, 13801, 48, 0x0000000000000000 | 1.51 1.46 1.24 | cpu  62310218 5691 15117026 1909830335 1485212 0 228231 0 0 0
1791127926 2895, 13801, 48, 0x0000000000000000 | 1.51 1.46 1.24 | cpu  62310327 5691 15117042 1909832749 1485213 0 228231 0 0 0
1791127927 2895, 13801, 48, 0x0000000000000000 | 1.51 1.46 1.24 | cpu  62310446 5691 15117068 1909835325 1485213 0 228231 0 0 0
1791127929 2887, 13801, 49, 0x0000000000000000 | 1.51 1.46 1.24 | cpu  62310553 5691 15117079 1909837748 1485213 0 228231 0 0 0
1791127930 2887, 13801, 49, 0x0000000000000000 | 1.51 1.46 1.24 | cpu  62310672 5691 15117096 1909840336 1485213 0 228231 0 0 0
1791127931 2887, 13801, 49, 0x0000000000000000 | 1.55 1.47 1.25 | cpu  62310782 5691 15117111 1909842803 1485213 0 228231 0 0 0
1791127932 2887, 13801, 49, 0x0000000000000000 | 1.55 1.47 1.25 | cpu  62310899 5691 15117132 1909845379 1485213 0 228231 0 0 0
1791127933 2880, 13801, 49, 0x0000000000000000 | 1.55 1.47 1.25 | cpu  62311009 5691 15117144 1909847860 1485213 0 228231 0 0 0
1791127934 2887, 13801, 49, 0x0000000000000000 | 1.55 1.47 1.25 | cpu  62311123 5691 15117158 1909850396 1485213 0 228231 0 0 0
1791127935 2887, 13801, 49, 0x0000000000000000 | 1.55 1.47 1.25 | cpu  62311234 5691 15117167 1909852877 1485213 0 228231 0 0 0
1791127936 2887, 13801, 48, 0x0000000000000000 | 1.59 1.47 1.25 | cpu  62311351 5691 15117188 1909855407 1485213 0 228231 0 0 0
1791127937 2880, 13801, 49, 0x0000000000000000 | 1.59 1.47 1.25 | cpu  62311464 5691 15117208 1909857889 1485214 0 228231 0 0 0
1791127938 2887, 13801, 49, 0x0000000000000000 | 1.59 1.47 1.25 | cpu  62311578 5691 15117231 1909860368 1485214 0 228231 0 0 0
1791127940 2880, 13801, 49, 0x0000000000000000 | 1.59 1.47 1.25 | cpu  62311692 5691 15117247 1909862955 1485216 0 228231 0 0 0
1791127941 2805, 13801, 48, 0x0000000000000000 | 1.54 1.47 1.25 | cpu  62311804 5691 15117254 1909865431 1485216 0 228231 0 0 0
1791127942 2895, 13801, 48, 0x0000000000000000 | 1.54 1.47 1.25 | cpu  62311920 5691 15117270 1909868003 1485216 0 228231 0 0 0
1791127943 2895, 13801, 48, 0x0000000000000000 | 1.54 1.47 1.25 | cpu  62312036 5691 15117291 1909870530 1485216 0 228231 0 0 0
1791127944 2730, 13801, 49, 0x0000000000000000 | 1.54 1.47 1.25 | cpu  62312146 5691 15117308 1909873018 1485216 0 228231 0 0 0
1791127945 2887, 13801, 49, 0x0000000000000000 | 1.54 1.47 1.25 | cpu  62312262 5691 15117324 1909875537 1485216 0 228231 0 0 0
1791127946 2880, 13801, 49, 0x0000000000000000 | 1.50 1.46 1.25 | cpu  62312380 5691 15117339 1909878082 1485216 0 228231 0 0 0
1791127947 2880, 13801, 49, 0x0000000000000000 | 1.50 1.46 1.25 | cpu  62312497 5691 15117362 1909880590 1485216 0 228231 0 0 0
1791127948 2880, 13801, 49, 0x0000000000000000 | 1.50 1.46 1.25 | cpu  62312612 5691 15117404 1909883028 1485216 0 228231 0 0 0
1791127950 2887, 13801, 49, 0x0000000000000000 | 1.50 1.46 1.25 | cpu  62312726 5691 15117427 1909885506 1485216 0 228231 0 0 0
1791127951 2887, 13801, 49, 0x0000000000000000 | 1.46 1.45 1.25 | cpu  62312838 5691 15117442 1909887980 1485216 0 228231 0 0 0
1791127952 2820, 13801, 49, 0x0000000000000000 | 1.46 1.45 1.25 | cpu  62312950 5691 15117456 1909890495 1485227 0 228231 0 0 0
1791127953 2895, 13801, 49, 0x0000000000000000 | 1.46 1.45 1.25 | cpu  62313062 5691 15117470 1909892956 1485227 0 228231 0 0 0
1791127954 2895, 13801, 49, 0x0000000000000000 | 1.46 1.45 1.25 | cpu  62313174 5691 15117487 1909895483 1485227 0 228231 0 0 0
1791127955 2557, 13801, 48, 0x0000000000000000 | 1.46 1.45 1.25 | cpu  62313286 5691 15117504 1909897971 1485227 0 228231 0 0 0
1791127956 2895, 13801, 49, 0x0000000000000000 | 1.50 1.46 1.25 | cpu  62313396 5691 15117521 1909900434 1485228 0 228231 0 0 0
1791127957 2887, 13801, 49, 0x0000000000000000 | 1.50 1.46 1.25 | cpu  62313512 5691 15117534 1909902977 1485228 0 228231 0 0 0
1791127958 2887, 13801, 49, 0x0000000000000000 | 1.50 1.46 1.25 | cpu  62313620 5691 15117541 1909905406 1485228 0 228231 0 0 0
1791127959 2887, 13801, 49, 0x0000000000000000 | 1.50 1.46 1.25 | cpu  62313734 5691 15117558 1909907986 1485228 0 228231 0 0 0
1791127960 2887, 13801, 50, 0x0000000000000000 | 1.46 1.45 1.25 | cpu  62313848 5691 15117579 1909910459 1485228 0 228231 0 0 0
1791127962 2887, 13801, 49, 0x0000000000000000 | 1.46 1.45 1.25 | cpu  62313963 5691 15117599 1909912981 1485228 0 228231 0 0 0
1791127963 2887, 13801, 50, 0x0000000000000000 | 1.46 1.45 1.25 | cpu  62314074 5691 15117612 1909915476 1485228 0 228231 0 0 0
1791127964 2880, 13801, 49, 0x0000000000000000 | 1.46 1.45 1.25 | cpu  62314189 5691 15117628 1909918004 1485229 0 228231 0 0 0
1791127965 2887, 13801, 50, 0x0000000000000000 | 1.46 1.45 1.25 | cpu  62314303 5691 15117647 1909920535 1485229 0 228231 0 0 0
1791127966 2760, 13801, 49, 0x0000000000000000 | 1.42 1.44 1.25 | cpu  62314418 5691 15117668 1909923002 1485229 0 228231 0 0 0
1791127967 2880, 13801, 49, 0x0000000000000000 | 1.42 1.44 1.25 | cpu  62314533 5691 15117688 1909925481 1485230 0 228231 0 0 0
1791127968 2895, 13801, 49, 0x0000000000000000 | 1.42 1.44 1.25 | cpu  62314652 5691 15117743 1909927910 1485231 0 228231 0 0 0
1791127969 2895, 13801, 49, 0x0000000000000000 | 1.42 1.44 1.25 | cpu  62314762 5691 15117760 1909930366 1485231 0 228231 0 0 0
1791127970 2895, 13801, 49, 0x0000000000000000 | 1.39 1.44 1.25 | cpu  62314876 5691 15117772 1909932910 1485231 0 228231 0 0 0
1791127971 2895, 13801, 48, 0x0000000000000000 | 1.39 1.44 1.25 | cpu  62314987 5691 15117782 1909935341 1485231 0 228231 0 0 0
1791127972 2895, 13801, 49, 0x0000000000000000 | 1.39 1.44 1.25 | cpu  62315099 5691 15117798 1909937870 1485233 0 228231 0 0 0
1791127974 2400, 13801, 47, 0x0000000000000000 | 1.39 1.44 1.25 | cpu  62315195 5691 15117837 1909940329 1485234 0 228231 0 0 0
