1791125358 180, 405, 36, 0x0000000000000000 | 0.38 0.55 0.48 | cpu  62131312 5691 15033469 1903949945 1475506 0 224654 0 0 0
1791125359 180, 405, 37, 0x0000000000000000 | 0.51 0.58 0.49 | cpu  62131560 5691 15033535 1903952257 1475509 0 224654 0 0 0
1791125360 180, 405, 37, 0x0000000000000000 | 0.51 0.58 0.49 | cpu  62131859 5691 15033602 1903954535 1475525 0 224654 0 0 0
1791125361 180, 405, 36, 0x0000000000000000 | 0.51 0.58 0.49 | cpu  62131920 5691 15033670 1903957086 1475537 0 224654 0 0 0
1791125362 180, 405, 37, 0x0000000000000000 | 0.51 0.58 0.49 | cpu  62131940 5691 15033698 1903959686 1475540 0 224654 0 0 0
1791125363 2400, 13801, 38, 0x0000000000000000 | 0.71 0.62 0.50 | cpu  62131995 5691 15033785 1903962144 1475583 0 224656 0 0 0
1791125364 2400, 13801, 39, 0x0000000000000000 | 0.71 0.62 0.50 | cpu  62132036 5691 15033922 1903964499 1475641 0 224659 0 0 0
1791125366 2445, 13801, 38, 0x0000000000000000 | 0.71 0.62 0.50 | cpu  62132063 5691 15034101 1903966874 1475748 0 224662 0 0 0
1791125367 2400, 13801, 38, 0x0000000000000000 | 0.71 0.62 0.50 | cpu  62132101 5691 15034250 1903969250 1475823 0 224666 0 0 0
1791125368 2445, 13801, 38, 0x0000000000000000 | 0.71 0.62 0.50 | cpu  62132142 5691 15034435 1903971495 1475875 0 224670 0 0 0
1791125369 2400, 13801, 38, 0x0000000000000000 | 0.89 0.66 0.52 | cpu  62132155 5691 15034581 1903973847 1475953 0 224672 0 0 0
1791125370 2400, 13801, 39, 0x0000000000000000 | 0.89 0.66 0.52 | cpu  62132183 5691 15034755 1903976176 1476007 0 224673 0 0 0
1791125371 2400, 13801, 39, 0x0000000000000000 | 0.89 0.66 0.52 | cpu  62132223 5691 15034893 1903978517 1476078 0 224674 0 0 0
1791125372 2400, 13801, 39, 0x0000000000000000 | 0.89 0.66 0.52 | cpu  62132249 5691 15035020 1903980907 1476171 0 224678 0 0 0
1791125373 2400, 13801, 39, 0x0000000000000000 | 1.06 0.70 0.53 | cpu  62132302 5691 15035172 1903983269 1476250 0 224682 0 0 0
1791125374 2400, 13801, 39, 0x0000000000000000 | 1.06 0.70 0.53 | cpu  62132330 5691 15035329 1903985655 1476330 0 224686 0 0 0
1791125375 2400, 13801, 39, 0x0000000000000000 | 1.06 0.70 0.53 | cpu  62132349 5691 15035492 1903987959 1476427 0 224688 0 0 0
1791125376 2400, 13801, 39, 0x0000000000000000 | 1.06 0.70 0.53 | cpu  62132377 5691 15035652 1903990292 1476487 0 224690 0 0 0
1791125378 2400, 13801, 39, 0x0000000000000000 | 1.06 0.70 0.53 | cpu  62132404 5691 15035802 1903992674 1476561 0 224694 0 0 0
1791125379 2445, 13801, 39, 0x0000000000000000 | 1.14 0.72 0.54 | cpu  62132426 5691 15035930 1903994972 1476678 0 224696 0 0 0
1791125380 2400, 13801, 39, 0x0000000000000000 | 1.14 0.72 0.54 | cpu  62132456 5691 15036068 1903997325 1476756 0 224697 0 0 0
1791125381 2400, 13801, 39, 0x0000000000000000 | 1.14 0.72 0.54 | cpu  62132472 5691 15036210 1903999679 1476840 0 224700 0 0 0
1791125382 2400, 13801, 39, 0x0000000000000000 | 1.14 0.72 0.54 | cpu  62132500 5691 15036368 1904001974 1476895 0 224703 0 0 0
1791125383 2400, 13801, 39, 0x0000000000000000 | 1.14 0.72 0.54 | cpu  62132526 5691 15036499 1904004395 1476990 0 224707 0 0 0
1791125384 2400, 13801, 39, 0x0000000000000000 | 1.20 0.74 0.55 | cpu  62132554 5691 15036611 1904006751 1477091 0 224710 0 0 0
1791125385 2400, 13801, 39, 0x0000000000000000 | 1.20 0.74 0.55 | cpu  62132566 5691 15036763 1904009102 1477167 0 224712 0 0 0
1791125386 2400, 13801, 39, 0x0000000000000000 | 1.20 0.74 0.55 | cpu  62132595 5691 15036915 1904011440 1477239 0 224713 0 0 0
1791125387 2400, 13801, 39, 0x0000000000000000 | 1.20 0.74 0.55 | cpu  62132620 5691 15037041 1904013823 1477334 0 224714 0 0 0
1791125388 2400, 13801, 39, 0x0000000000000000 | 1.35 0.78 0.56 | cpu  62132651 5691 15037164 1904016171 1477435 0 224717 0 0 0
1791125389 2400, 13801, 39, 0x0000000000000000 | 1.35 0.78 0.56 | cpu  62132666 5691 15037288 1904018556 1477542 0 224719 0 0 0
1791125391 2445, 13801, 40, 0x0000000000000000 | 1.35 0.78 0.56 | cpu  62132696 5691 15037403 1904020903 1477637 0 224722 0 0 0
1791125392 2400, 13801, 39, 0x0000000000000000 | 1.35 0.78 0.56 | cpu  62132712 5691 15037576 1904023255 1477733 0 224725 0 0 0
1791125393 2400, 13801, 40, 0x0000000000000000 | 1.35 0.78 0.56 | cpu  62132745 5691 15037691 1904025601 1477830 0 224728 0 0 0
1791125394 2400, 13801, 40, 0x0000000000000000 | 1.32 0.78 0.56 | cpu  62132768 5691 15037817 1904027951 1477919 0 224732 0 0 0
1791125395 2400, 13801, 40, 0x0000000000000000 | 1.32 0.78 0.56 | cpu  62132781 5691 15037943 1904030340 1478023 0 224734 0 0 0
1791125396 2400, 13801, 40, 0x0000000000000000 | 1.32 0.78 0.56 | cpu  62132815 5691 15038100 1904032677 1478095 0 224735 0 0 0
1791125397 2445, 13801, 40, 0x0000000000000000 | 1.32 0.78 0.56 | cpu  62132840 5691 15038272 1904035072 1478157 0 224736 0 0 0
1791125398 2400, 13801, 40, 0x0000000000000000 | 1.54 0.83 0.58 | cpu  62132865 5691 15038427 1904037417 1478232 0 224738 0 0 0
1791125399 2437, 13801, 40, 0x0000000000000000 | 1.54 0.83 0.58 | cpu  62132904 5691 15038594 1904039821 1478289 0 224739 0 0 0
1791125400 2400, 13801, 40, 0x0000000000000000 | 1.54 0.83 0.58 | cpu  62132919 5691 15038764 1904042155 1478357 0 224742 0 0 0
1791125401 2400, 13801, 40, 0x0000000000000000 | 1.54 0.83 0.58 | cpu  62132958 5691 15038921 1904044424 1478428 0 224744 0 0 0
1791125403 2400, 13801, 40, 0x0000000000000000 | 1.54 0.83 0.58 | cpu  62132997 5691 15039077 1904046784 1478501 0 224746 0 0 0
1791125404 2445, 13801, 40, 0x0000000000000000 | 1.57 0.85 0.59 | cpu  62133028 5691 15039260 1904049154 1478559 0 224748 0 0 0
1791125405 2400, 13801, 40, 0x0000000000000000 | 1.57 0.85 0.59 | cpu  62133058 5691 15039442 1904051466 1478614 0 224753 0 0 0
1791125406 2445, 13801, 40, 0x0000000000000000 | 1.57 0.85 0.59 | cpu  62133090 5691 15039627 1904053821 1478677 0 224758 0 0 0
1791125407 2437, 13801, 42, 0x0000000000000000 | 1.57 0.85 0.59 | cpu  62133119 5691 15039805 1904056142 1478730 0 224761 0 0 0
1791125408 2415, 13801, 40, 0x0000000000000000 | 1.57 0.85 0.59 | cpu  62133140 5691 15039976 1904058478 1478792 0 224764 0 0 0
1791125409 2400, 13801, 40, 0x0000000000000000 | 1.53 0.86 0.59 | cpu  62133145 5691 15040106 1904060965 1478800 0 224764 0 0 0
1791125410 2415, 13801, 40, 0x0000000000000000 | 1.53 0.86 0.59 | cpu  62133179 5691 15040208 1904063401 1478805 0 224764 0 0 0
1791125411 2422, 13801, 40, 0x0000000000000000 | 1.53 0.86 0.59 | cpu  62133247 5691 15040278 1904065842 1478806 0 224764 0 0 0
1791125412 2422, 13801, 40, 0x0000000000000000 | 1.53 0.86 0.59 | cpu  62133318 5691 15040324 1904068314 1478809 0 224765 0 0 0
1791125413 2422, 13801, 40, 0x0000000000000000 | 1.48 0.86 0.60 | cpu  62133392 5691 15040368 1904070786 1478812 0 224765 0 0 0
1791125414 2400, 13801, 40, 0x0000000000000000 | 1.48 0.86 0.60 | cpu  62133461 5691 15040409 1904073252 1478824 0 224765 0 0 0
1791125416 2400, 13801, 40, 0x0000000000000000 | 1.48 0.86 0.60 | cpu  62133533 5691 15040474 1904075693 1478826 0 224765 0 0 0
1791125417 2400, 13801, 40, 0x0000000000000000 | 1.48 0.86 0.60 | cpu  62133578 5691 15040556 1904078147 1478826 0 224765 0 0 0
1791125418 2400, 13801, 40, 0x0000000000000000 | 1.48 0.86 0.60 | cpu  62133631 5691 15040616 1904080626 1478827 0 224765 0 0 0
1791125419 2400, 13801, 40, 0x0000000000000000 | 1.45 0.86 0.60 | cpu  62133680 5691 15040682 1904083102 1478828 0 224765 0 0 0
1791125420 2400, 13801, 40, 0x0000000000000000 | 1.45 0.86 0.60 | cpu  62133734 5691 15040741 1904085578 1478829 0 224765 0 0 0
1791125421 2400, 13801, 40, 0x0000000000000000 | 1.45 0.86 0.60 | cpu  62133784 5691 15040804 1904088057 1478829 0 224765 0 0 0
1791125422 2400, 13801, 40, 0x0000000000000000 | 1.45 0.86 0.60 | cpu  62133844 5691 15040866 1904090530 1478829 0 224765 0 0 0
1791125423 2400, 13801, 41, 0x0000000000000000 | 1.45 0.86 0.60 | cpu  62133902 5691 15040942 1904092982 1478829 0 224765 0 0 0
1791125424 2400, 13801, 41, 0x0000000000000000 | 1.49 0.88 0.61 | cpu  62133952 5691 15041024 1904095439 1478831 0 224765 0 0 0
1791125425 2400, 13801, 41, 0x0000000000000000 | 1.49 0.88 0.61 | cpu  62134007 5691 15041083 1904097909 1478831 0 224765 0 0 0
1791125426 2400, 13801, 41, 0x0000000000000000 | 1.49 0.88 0.61 | cpu  62134062 5691 15041143 1904100386 1478831 0 224765 0 0 0
1791125427 2400, 13801, 41, 0x0000000000000000 | 1.49 0.88 0.61 | cpu  62134108 5691 15041209 1904102862 1478831 0 224765 0 0 0
1791125429 2400, 13801, 41, 0x0000000000000000 | 1.45 0.88 0.61 | cpu  62134160 5691 15041271 1904105333 1478831 0 224765 0 0 0
1791125430 2400, 13801, 41, 0x0000000000000000 | 1.45 0.88 0.61 | cpu  62134224 5691 15041321 1904107812 1478831 0 224765 0 0 0
1791125431 2400, 13801, 41, 0x0000000000000000 | 1.45 0.88 0.61 | cpu  62134274 5691 15041388 1904110295 1478831 0 224765 0 0 0
1791125432 2400, 13801, 41, 0x0000000000000000 | 1.45 0.88 0.61 | cpu  62134325 5691 15041450 1904112781 1478831 0 224765 0 0 0
1791125433 2400, 13801, 41, 0x0000000000000000 | 1.45 0.88 0.61 | cpu  62134387 5691 15041502 1904115261 1478831 0 224765 0 0 0
1791125434 2400, 13801, 41, 0x0000000000000000 | 1.41 0.89 0.61 | cpu  62134438 5691 15041565 1904117739 1478831 0 224765 0 0 0
1791125435 2400, 13801, 41, 0x0000000000000000 | 1.41 0.89 0.61 | cpu  62134493 5691 15041624 1904120214 1478832 0 224765 0 0 0
1791125436 2400, 13801, 41, 0x0000000000000000 | 1.41 0.89 0.61 | cpu  62134558 5691 15041676 1904122645 1478832 0 224765 0 0 0
1791125437 2400, 13801, 41, 0x0000000000000000 | 1.41 0.89 0.61 | cpu  62134615 5691 15041732 1904125112 1478832 0 224765 0 0 0
1791125438 2400, 13801, 41, 0x0000000000000000 | 1.46 0.90 0.62 | cpu  62134666 5691 15041795 1904127589 1478832 0 224765 0 0 0
1791125439 2400, 13801, 41, 0x0000000000000000 | 1.46 0.90 0.62 | cpu  62134722 5691 15041851 1904130069 1478832 0 224765 0 0 0
1791125440 2400, 13801, 41, 0x0000000000000000 | 1.46 0.90 0.62 | cpu  62134771 5691 15041916 1904132536 1478834 0 224765 0 0 0
1791125441 2400, 13801, 41, 0x0000000000000000 | 1.46 0.90 0.62 | cpu  62134824 5691 15041978 1904135014 1478834 0 224765 0 0 0
1791125443 2400, 13801, 41, 0x0000000000000000 | 1.46 0.90 0.62 | cpu  62134878 5691 15042036 1904137483 1478834 0 224765 0 0 0
1791125444 2400, 13801, 41, 0x0000000000000000 | 1.42 0.91 0.62 | cpu  62134932 5691 15042096 1904139952 1478834 0 224765 0 0 0
1791125445 2400, 13801, 41, 0x0000000000000000 | 1.42 0.91 0.62 | cpu  62134988 5691 15042160 1904142413 1478834 0 224765 0 0 0
1791125446 2400, 13801, 41, 0x0000000000000000 | 1.42 0.91 0.62 | cpu  62135037 5691 15042226 1904144885 1478835 0 224765 0 0 0
1791125447 2400, 13801, 41, 0x0000000000000000 | 1.42 0.91 0.62 | cpu  62135098 5691 15042284 1904147362 1478835 0 224765 0 0 0
1791125448 2400, 13801, 41, 0x0000000000000000 | 1.42 0.91 0.62 | cpu  62135153 5691 15042342 1904149830 1478835 0 224765 0 0 0
1791125449 2400, 13801, 41, 0x0000000000000000 | 1.39 0.91 0.62 | cpu  62135205 5691 15042405 1904152325 1478835 0 224765 0 0 0
1791125450 2400, 13801, 41, 0x0000000000000000 | 1.39 0.91 0.62 | cpu  62135261 5691 15042480 1904154784 1478837 0 224765 0 0 0
1791125451 2400, 13801, 41, 0x0000000000000000 | 1.39 0.91 0.62 | cpu  62135312 5691 15042542 1904157252 1478837 0 224765 0 0 0
1791125452 2400, 13801, 41, 0x0000000000000000 | 1.39 0.91 0.62 | cpu  62135363 5691 15042603 1904159730 1478837 0 224765 0 0 0
1791125453 2400, 13801, 41, 0x0000000000000000 | 1.36 0.91 0.63 | cpu  62135414 5691 15042666 1904162206 1478837 0 224765 0 0 0
1791125454 2400, 13801, 41, 0x0000000000000000 | 1.36 0.91 0.63 | cpu  62135471 5691 15042725 1904164687 1478838 0 224765 0 0 0
1791125455 2400, 13801, 42, 0x0000000000000000 | 1.36 0.91 0.63 | cpu  62135520 5691 15042788 1904167164 1478838 0 224765 0 0 0
1791125457 2400, 13801, 42, 0x0000000000000000 | 1.36 0.91 0.63 | cpu  62135586 5691 15042836 1904169616 1478865 0 224765 0 0 0
1791125458 2407, 13801, 42, 0x0000000000000000 | 1.36 0.91 0.63 | cpu  62135676 5691 15042858 1904172179 1478875 0 224766 0 0 0
1791125459 2400, 13801, 42, 0x0000000000000000 | 1.41 0.93 0.63 | cpu  62135786 5691 15042873 1904174736 1478878 0 224766 0 0 0
1791125460 2617, 13801, 48, 0x0000000000000000 | 1.41 0.93 0.63 | cpu  62135890 5691 15042890 1904177206 1478879 0 224766 0 0 0
1791125461 2880, 13801, 52, 0x0000000000000000 | 1.41 0.93 0.63 | cpu  62135997 5691 15042896 1904179683 1478880 0 224766 0 0 0
1791125462 2880, 13801, 52, 0x0000000000000000 | 1.41 0.93 0.63 | cpu  62136098 5691 15042914 1904182191 1478888 0 224766 0 0 0
1791125463 2895, 13801, 48, 0x0000000000000000 | 1.41 0.93 0.63 | cpu  62136196 5691 15042945 1904184613 1478890 0 224766 0 0 0
1791125464 2857, 13801, 53, 0x0000000000000000 | 1.38 0.93 0.64 | cpu  62136307 5691 15042957 1904187087 1478890 0 224766 0 0 0
1791125465 2865, 13801, 57, 0x0000000000000004 | 1.38 0.93 0.64 | cpu  62136418 5691 15042969 1904189573 1478890 0 224766 0 0 0
1791125466 2857, 13801, 55, 0x0000000000000000 | 1.38 0.93 0.64 | cpu  62136532 5691 15042978 1904192056 1478891 0 224766 0 0 0
1791125467 2865, 13801, 57, 0x0000000000000000 | 1.38 0.93 0.64 | cpu  62136642 5691 15042989 1904194527 1478891 0 224766 0 0 0
1791125469 2865, 13801, 58, 0x0000000000000004 | 1.35 0.93 0.64 | cpu  62136752 5691 15043000 1904196994 1478891 0 224766 0 0 0
1791125470 2865, 13801, 57, 0x0000000000000004 | 1.35 0.93 0.64 | cpu  62136860 5691 15043012 1904199425 1478891 0 224766 0 0 0
1791125471 2865, 13801, 58, 0x0000000000000004 | 1.35 0.93 0.64 | cpu  62136971 5691 15043024 1904201852 1478891 0 224766 0 0 0
1791125472 2865, 13801, 58, 0x0000000000000000 | 1.35 0.93 0.64 | cpu  62137084 5691 15043037 1904204324 1478893 0 224766 0 0 0
1791125473 2857, 13801, 57, 0x0000000000000000 | 1.35 0.93 0.64 | cpu  62137193 5691 15043047 1904206794 1478893 0 224766 0 0 0
1791125474 2857, 13801, 54, 0x0000000000000000 | 1.32 0.93 0.64 | cpu  62137304 5691 15043062 1904209260 1478893 0 224766 0 0 0
1791125475 2857, 13801, 59, 0x0000000000000000 | 1.32 0.93 0.64 | cpu  62137422 5691 15043077 1904211783 1478893 0 224766 0 0 0
1791125476 2857, 13801, 57, 0x0000000000000000 | 1.32 0.93 0.64 | cpu  62137531 5691 15043087 1904214220 1478893 0 224766 0 0 0
1791125477 2865, 13801, 59, 0x0000000000000004 | 1.32 0.93 0.64 | cpu  62137642 5691 15043100 1904216692 1478894 0 224766 0 0 0
1791125478 2857, 13801, 59, 0x0000000000000000 | 1.37 0.95 0.65 | cpu  62137760 5691 15043164 1904219218 1478894 0 224766 0 0 0
1791125479 2872, 13801, 57, 0x0000000000000000 | 1.37 0.95 0.65 | cpu  62137869 5691 15043174 1904221651 1478894 0 224766 0 0 0
1791125480 2857, 13801, 58, 0x0000000000000000 | 1.37 0.95 0.65 | cpu  62137984 5691 15043187 1904224184 1478895 0 224766 0 0 0
1791125482 2857, 13801, 58, 0x0000000000000000 | 1.37 0.95 0.65 | cpu  62138094 5691 15043201 1904226608 1478896 0 224766 0 0 0
1791125483 2857, 13801, 60, 0x0000000000000004 | 1.37 0.95 0.65 | cpu  62138204 5691 15043216 1904229077 1478896 0 224766 0 0 0
1791125484 2857, 13801, 59, 0x0000000000000000 | 1.42 0.97 0.65 | cpu  62138314 5691 15043231 1904231509 1478896 0 224766 0 0 0
1791125485 2865, 13801, 59, 0x0000000000000004 | 1.42 0.97 0.65 | cpu  62138424 5691 15043247 1904233972 1478896 0 224766 0 0 0
1791125486 2857, 13801, 60, 0x0000000000000000 | 1.42 0.97 0.65 | cpu  62138538 5691 15043268 1904236482 1478898 0 224766 0 0 0
1791125487 2857, 13801, 61, 0x0000000000000004 | 1.42 0.97 0.65 | cpu  62138650 5691 15043284 1904238950 1478898 0 224766 0 0 0
1791125488 2857, 13801, 60, 0x0000000000000004 | 1.42 0.97 0.65 | cpu  62138760 5691 15043301 1904241420 1478898 0 224766 0 0 0
1791125489 2865, 13801, 60, 0x0000000000000000 | 1.39 0.97 0.66 | cpu  62138874 5691 15043317 1904243904 1478898 0 224766 0 0 0
1791125490 2865, 13801, 62, 0x0000000000000004 | 1.39 0.97 0.66 | cpu  62138988 5691 15043334 1904246380 1478898 0 224766 0 0 0
1791125491 2865, 13801, 61, 0x0000000000000000 | 1.39 0.97 0.66 | cpu  62139102 5691 15043351 1904248870 1478899 0 224766 0 0 0
1791125492 2865, 13801, 62, 0x0000000000000004 | 1.39 0.97 0.66 | cpu  62139215 5691 15043370 1904251331 1478899 0 224766 0 0 0
1791125493 2857, 13801, 61, 0x0000000000000000 | 1.36 0.97 0.66 | cpu  62139323 5691 15043386 1904253759 1478899 0 224766 0 0 0
1791125495 2865, 13801, 61, 0x0000000000000004 | 1.36 0.97 0.66 | cpu  62139440 5691 15043405 1904256268 1478899 0 224766 0 0 0
1791125496 2865, 13801, 62, 0x0000000000000000 | 1.36 0.97 0.66 | cpu  62139554 5691 15043422 1904258800 1478899 0 224766 0 0 0
1791125497 2850, 13801, 63, 0x0000000000000004 | 1.36 0.97 0.66 | cpu  62139666 5691 15043453 1904261252 1478900 0 224766 0 0 0
1791125498 2857, 13801, 62, 0x0000000000000004 | 1.36 0.97 0.66 | cpu  62139776 5691 15043473 1904263713 1478900 0 224766 0 0 0
1791125499 2857, 13801, 61, 0x0000000000000000 | 1.33 0.97 0.66 | cpu  62139891 5691 15043494 1904266236 1478900 0 224766 0 0 0
1791125500 2865, 13801, 62, 0x0000000000000000 | 1.33 0.97 0.66 | cpu  62140004 5691 15043507 1904268711 1478900 0 224766 0 0 0
1791125501 2850, 13801, 63, 0x0000000000000004 | 1.33 0.97 0.66 | cpu  62140116 5691 15043525 1904271181 1478900 0 224766 0 0 0
1791125502 2850, 13801, 62, 0x0000000000000000 | 1.33 0.97 0.66 | cpu  62140227 5691 15043542 1904273646 1478901 0 224766 0 0 0
1791125503 2880, 13801, 60, 0x0000000000000004 | 1.33 0.97 0.66 | cpu  62140331 5691 15043560 1904276111 1478901 0 224766 0 0 0
1791125504 2850, 13801, 61, 0x0000000000000000 | 1.38 0.99 0.67 | cpu  62140446 5691 15043584 1904278630 1478901 0 224766 0 0 0
1791125505 2865, 13801, 62, 0x0000000000000000 | 1.38 0.99 0.67 | cpu  62140560 5691 15043595 1904281109 1478901 0 224766 0 0 0
1791125507 2850, 13801, 63, 0x0000000000000004 | 1.38 0.99 0.67 | cpu  62140672 5691 15043612 1904283577 1478902 0 224766 0 0 0
1791125508 2850, 13801, 63, 0x0000000000000000 | 1.38 0.99 0.67 | cpu  62140783 5691 15043630 1904286060 1478902 0 224766 0 0 0
1791125509 2850, 13801, 63, 0x0000000000000000 | 1.35 0.99 0.67 | cpu  62140893 5691 15043645 1904288524 1478902 0 224766 0 0 0
1791125510 2850, 13801, 63, 0x0000000000000004 | 1.35 0.99 0.67 | cpu  62141007 5691 15043662 1904290987 1478903 0 224766 0 0 0
1791125511 2850, 13801, 63, 0x0000000000000000 | 1.35 0.99 0.67 | cpu  62141116 5691 15043682 1904293448 1478904 0 224766 0 0 0
1791125512 2842, 13801, 63, 0x0000000000000000 | 1.35 0.99 0.67 | cpu  62141228 5691 15043696 1904295945 1478904 0 224766 0 0 0
1791125513 2850, 13801, 65, 0x0000000000000004 | 1.35 0.99 0.67 | cpu  62141341 5691 15043713 1904298464 1478905 0 224766 0 0 0
1791125514 2850, 13801, 65, 0x0000000000000004 | 1.32 0.99 0.67 | cpu  62141453 5691 15043730 1904300930 1478905 0 224766 0 0 0
1791125515 2842, 13801, 64, 0x0000000000000000 | 1.32 0.99 0.67 | cpu  62141565 5691 15043750 1904303446 1478905 0 224766 0 0 0
1791125516 2850, 13801, 64, 0x0000000000000004 | 1.32 0.99 0.67 | cpu  62141677 5691 15043770 1904305906 1478905 0 224766 0 0 0
1791125517 2842, 13801, 64, 0x0000000000000004 | 1.32 0.99 0.67 | cpu  62141793 5691 15043787 1904308431 1478905 0 224766 0 0 0
1791125518 2850, 13801, 64, 0x0000000000000004 | 1.30 0.99 0.67 | cpu  62141903 5691 15043804 1904310883 1478905 0 224766 0 0 0
1791125520 2850, 13801, 64, 0x0000000000000000 | 1.30 0.99 0.67 | cpu  62142012 5691 15043817 1904313314 1478905 0 224766 0 0 0
1791125521 2850, 13801, 64, 0x0000000000000004 | 1.30 0.99 0.67 | cpu  62142123 5691 15043839 1904315781 1478905 0 224766 0 0 0
1791125522 2850, 13801, 64, 0x0000000000000000 | 1.30 0.99 0.67 | cpu  62142238 5691 15043859 1904318306 1478905 0 224766 0 0 0
1791125523 2850, 13801, 64, 0x0000000000000004 | 1.30 0.99 0.67 | cpu  62142355 5691 15043887 1904320819 1478905 0 224766 0 0 0
1791125524 2850, 13801, 66, 0x0000000000000004 | 1.27 0.99 0.68 | cpu  62142466 5691 15043908 1904323280 1478905 0 224766 0 0 0
1791125525 2850, 13801, 63, 0x0000000000000000 | 1.27 0.99 0.68 | cpu  62142576 5691 15043923 1904325748 1478905 0 224766 0 0 0
1791125526 2850, 13801, 66, 0x0000000000000004 | 1.27 0.99 0.68 | cpu  62142690 5691 15043939 1904328214 1478905 0 224766 0 0 0
1791125527 2850, 13801, 65, 0x0000000000000000 | 1.27 0.99 0.68 | cpu  62142805 5691 15043960 1904330732 1478905 0 224766 0 0 0
1791125528 2842, 13801, 65, 0x0000000000000000 | 1.33 1.01 0.68 | cpu  62142917 5691 15043972 1904333207 1478906 0 224766 0 0 0
1791125529 2842, 13801, 67, 0x0000000000000004 | 1.33 1.01 0.68 | cpu  62143031 5691 15043994 1904335738 1478906 0 224766 0 0 0
1791125530 2835, 13801, 65, 0x0000000000000004 | 1.33 1.01 0.68 | cpu  62143143 5691 15044011 1904338253 1478906 0 224766 0 0 0
1791125532 2842, 13801, 64, 0x0000000000000000 | 1.33 1.01 0.68 | cpu  62143253 5691 15044034 1904340715 1478906 0 224766 0 0 0
1791125533 2842, 13801, 65, 0x0000000000000004 | 1.33 1.01 0.68 | cpu  62143365 5691 15044055 1904343196 1478906 0 224766 0 0 0
1791125534 2842, 13801, 65, 0x0000000000000004 | 1.31 1.01 0.68 | cpu  62143476 5691 15044072 1904345656 1478906 0 224766 0 0 0
1791125535 2850, 13801, 65, 0x0000000000000000 | 1.31 1.01 0.68 | cpu  62143586 5691 15044084 1904348124 1478907 0 224766 0 0 0
1791125536 2850, 13801, 65, 0x0000000000000004 | 1.31 1.01 0.68 | cpu  62143700 5691 15044104 1904350592 1478907 0 224766 0 0 0
1791125537 2842, 13801, 67, 0x0000000000000004 | 1.31 1.01 0.68 | cpu  62143811 5691 15044118 1904353057 1478907 0 224766 0 0 0
1791125538 2842, 13801, 65, 0x0000000000000000 | 1.31 1.01 0.68 | cpu  62143928 5691 15044139 1904355627 1478907 0 224766 0 0 0
1791125539 2842, 13801, 66, 0x0000000000000004 | 1.28 1.01 0.69 | cpu  62144044 5691 15044161 1904358094 1478907 0 224766 0 0 0
1791125540 2842, 13801, 66, 0x0000000000000004 | 1.28 1.01 0.69 | cpu  62144158 5691 15044180 1904360611 1478907 0 224766 0 0 0
1791125541 2842, 13801, 66, 0x0000000000000004 | 1.28 1.01 0.69 | cpu  62144273 5691 15044194 1904363073 1478910 0 224766 0 0 0
1791125542 2850, 13801, 67, 0x0000000000000000 | 1.28 1.01 0.69 | cpu  62144386 5691 15044256 1904365489 1478910 0 224766 0 0 0
1791125544 2850, 13801, 67, 0x0000000000000004 | 1.26 1.01 0.69 | cpu  62144504 5691 15044270 1904368073 1478910 0 224766 0 0 0
1791125545 2842, 13801, 66, 0x0000000000000004 | 1.26 1.01 0.69 | cpu  62144613 5691 15044282 1904370546 1478910 0 224766 0 0 0
1791125546 2850, 13801, 68, 0x0000000000000004 | 1.26 1.01 0.69 | cpu  62144722 5691 15044294 1904372975 1478910 0 224766 0 0 0
1791125547 2850, 13801, 67, 0x0000000000000004 | 1.26 1.01 0.69 | cpu  62144854 5691 15044322 1904375431 1478912 0 224766 0 0 0
1791125548 2842, 13801, 67, 0x0000000000000004 | 1.26 1.01 0.69 | cpu  62144966 5691 15044332 1904377928 1478912 0 224766 0 0 0
1791125549 2842, 13801, 67, 0x0000000000000000 | 1.24 1.01 0.69 | cpu  62145076 5691 15044344 1904380408 1478912 0 224766 0 0 0
1791125550 2850, 13801, 68, 0x0000000000000004 | 1.24 1.01 0.69 | cpu  62145190 5691 15044359 1904382870 1478912 0 224766 0 0 0
1791125551 2850, 13801, 67, 0x0000000000000000 | 1.24 1.01 0.69 | cpu  62145307 5691 15044379 1904385407 1478912 0 224766 0 0 0
1791125552 2842, 13801, 67, 0x0000000000000000 | 1.24 1.01 0.69 | cpu  62145420 5691 15044419 1904387849 1478912 0 224766 0 0 0
1791125553 2850, 13801, 68, 0x0000000000000004 | 1.22 1.00 0.69 | cpu  62145535 5691 15044434 1904390368 1478912 0 224766 0 0 0
1791125554 2850, 13801, 68, 0x0000000000000004 | 1.22 1.00 0.69 | cpu  62145647 5691 15044442 1904392854 1478912 0 224766 0 0 0
1791125556 2842, 13801, 68, 0x0000000000000004 | 1.22 1.00 0.69 | cpu  62145762 5691 15044460 1904395437 1478913 0 224766 0 0 0
1791125557 2850, 13801, 67, 0x0000000000000000 | 1.22 1.00 0.69 | cpu  62145873 5691 15044471 1904397926 1478913 0 224766 0 0 0
1791125558 2842, 13801, 68, 0x0000000000000004 | 1.22 1.00 0.69 | cpu  62145984 5691 15044481 1904400399 1478913 0 224766 0 0 0
1791125559 2842, 13801, 68, 0x0000000000000000 | 1.28 1.02 0.70 | cpu  62146093 5691 15044492 1904402828 1478913 0 224766 0 0 0
1791125560 2850, 13801, 69, 0x0000000000000004 | 1.28 1.02 0.70 | cpu  62146201 5691 15044502 1904405249 1478913 0 224766 0 0 0
1791125561 2850, 13801, 68, 0x0000000000000000 | 1.28 1.02 0.70 | cpu  62146311 5691 15044514 1904407725 1478913 0 224766 0 0 0
1791125562 2850, 13801, 68, 0x0000000000000004 | 1.28 1.02 0.70 | cpu  62146424 5691 15044524 1904410214 1478913 0 224766 0 0 0
1791125563 2850, 13801, 67, 0x0000000000000000 | 1.28 1.02 0.70 | cpu  62146538 5691 15044536 1904412748 1478913 0 224766 0 0 0
1791125564 2842, 13801, 68, 0x0000000000000004 | 1.26 1.02 0.70 | cpu  62146648 5691 15044554 1904415212 1478914 0 224766 0 0 0
1791125565 2850, 13801, 69, 0x0000000000000004 | 1.26 1.02 0.70 | cpu  62146757 5691 15044564 1904417647 1478914 0 224766 0 0 0
1791125566 2850, 13801, 70, 0x0000000000000004 | 1.26 1.02 0.70 | cpu  62146867 5691 15044574 1904420132 1478914 0 224766 0 0 0
1791125567 2842, 13801, 69, 0x0000000000000004 | 1.26 1.02 0.70 | cpu  62146978 5691 15044592 1904422607 1478914 0 224766 0 0 0
1791125569 2850, 13801, 67, 0x0000000000000000 | 1.24 1.02 0.70 | cpu  62147090 5691 15044609 1904425099 1478914 0 224766 0 0 0
1791125570 2850, 13801, 68, 0x0000000000000004 | 1.24 1.02 0.70 | cpu  62147200 5691 15044626 1904427566 1478914 0 224766 0 0 0
1791125571 2850, 13801, 67, 0x0000000000000000 | 1.24 1.02 0.70 | cpu  62147312 5691 15044636 1904430034 1478914 0 224766 0 0 0
1791125572 2887, 13801, 58, 0x0000000000000000 | 1.24 1.02 0.70 | cpu  62147362 5691 15044689 1904432522 1478916 0 224766 0 0 0
1791125573 2707, 13801, 57, 0x0000000000000000 | 1.24 1.02 0.70 | cpu  62147416 5691 15044775 1904434969 1478917 0 224766 0 0 0
1791125574 2400, 13801, 56, 0x0000000000000000 | 1.22 1.02 0.71 | cpu  62147460 5691 15044844 1904437403 1478917 0 224766 0 0 0
1791125575 2400, 13801, 55, 0x0000000000000000 | 1.22 1.02 0.71 | cpu  62147516 5691 15044899 1904439879 1478917 0 224766 0 0 0
1791125576 2400, 13801, 55, 0x0000000000000000 | 1.22 1.02 0.71 | cpu  62147565 5691 15044966 1904442366 1478917 0 224766 0 0 0
1791125577 2400, 13801, 55, 0x0000000000000000 | 1.22 1.02 0.71 | cpu  62147614 5691 15045030 1904444846 1478917 0 224766 0 0 0
1791125578 2400, 13801, 54, 0x0000000000000000 | 1.22 1.02 0.71 | cpu  62147669 5691 15045090 1904447328 1478918 0 224766 0 0 0
1791125579 2400, 13801, 54, 0x0000000000000000 | 1.28 1.04 0.71 | cpu  62147725 5691 15045148 1904449811 1478918 0 224766 0 0 0
1791125580 2400, 13801, 54, 0x0000000000000000 | 1.28 1.04 0.71 | cpu  62147778 5691 15045211 1904452290 1478918 0 224766 0 0 0
1791125582 2400, 13801, 53, 0x0000000000000000 | 1.28 1.04 0.71 | cpu  62147828 5691 15045278 1904454765 1478919 0 224766 0 0 0
1791125583 2400, 13801, 53, 0x0000000000000000 | 1.28 1.04 0.71 | cpu  62147886 5691 15045337 1904457241 1478919 0 224766 0 0 0
1791125584 2400, 13801, 53, 0x0000000000000000 | 1.34 1.05 0.72 | cpu  62147940 5691 15045434 1904459677 1478919 0 224766 0 0 0
1791125585 2400, 13801, 53, 0x0000000000000000 | 1.34 1.05 0.72 | cpu  62147986 5691 15045506 1904462154 1478919 0 224766 0 0 0
1791125586 2400, 13801, 53, 0x0000000000000000 | 1.34 1.05 0.72 | cpu  62148040 5691 15045566 1904464626 1478921 0 224766 0 0 0
1791125587 2400, 13801, 53, 0x0000000000000000 | 1.34 1.05 0.72 | cpu  62148091 5691 15045630 1904467104 1478921 0 224766 0 0 0
1791125588 2400, 13801, 52, 0x0000000000000000 | 1.34 1.05 0.72 | cpu  62148138 5691 15045696 1904469532 1478921 0 224766 0 0 0
1791125589 2400, 13801, 52, 0x0000000000000000 | 1.31 1.05 0.72 | cpu  62148194 5691 15045761 1904472003 1478921 0 224766 0 0 0
1791125590 2400, 13801, 52, 0x0000000000000000 | 1.31 1.05 0.72 | cpu  62148248 5691 15045850 1904474416 1478922 0 224766 0 0 0
1791125591 2400, 13801, 52, 0x0000000000000000 | 1.31 1.05 0.72 | cpu  62148325 5691 15045938 1904476843 1478923 0 224766 0 0 0
1791125592 2400, 13801, 52, 0x0000000000000000 | 1.31 1.05 0.72 | cpu  62148391 5691 15045986 1904479326 1478926 0 224766 0 0 0
1791125593 2400, 13801, 52, 0x0000000000000000 | 1.37 1.07 0.73 | cpu  62148429 5691 15046066 1904481768 1478964 0 224766 0 0 0
