1791126145 34, 0, 78.74
1791126147 36, 0, 70.33
1791126148 36, 0, 61.38
1791126149 36, 0, 48.70
1791126150 36, 0, 36.02
1791126151 7796, 17, 58.67
1791126152 10142, 17, 90.02
1791126153 12448, 17, 95.63
1791126154 14754, 28, 96.84
1791126155 17060, 19, 89.67
1791126156 19364, 19, 96.42
1791126158 21670, 23, 94.42
1791126159 23216, 17, 94.37
1791126160 25522, 10, 95.36
1791126161 27828, 27, 90.16
1791126162 30132, 17, 94.62
1791126163 31658, 17, 89.05
1791126164 31660, 0, 83.03
1791126165 31664, 0, 74.26
1791126166 31668, 2, 76.37
1791126167 31674, 5, 76.58
1791126169 31678, 3, 76.64
1791126170 31704, 4, 76.50
1791126171 31742, 0, 82.55
1791126172 31742, 6, 75.00
1791126173 31742, 7, 74.63
1791126174 31742, 0, 74.68
1791126175 31742, 9, 74.30
1791126176 31742, 7, 74.15
1791126177 31742, 0, 74.33
1791126178 31742, 4, 74.28
1791126179 31742, 0, 74.03
1791126180 31742, 10, 74.01
1791126182 31742, 7, 73.98
1791126183 31742, 0, 74.47
1791126184 31742, 7, 73.47
1791126185 31742, 7, 73.23
1791126186 31742, 7, 73.97
1791126187 31742, 2, 73.11
1791126188 31742, 0, 72.87
1791126189 31742, 10, 72.73
1791126190 31742, 4, 72.63
1791126191 31742, 8, 73.57
1791126192 31742, 0, 73.17
1791126193 31742, 10, 72.87
1791126195 31742, 6, 72.75
1791126196 31742, 0, 72.55
1791126197 31742, 9, 72.98
1791126198 31742, 6, 72.75
1791126199 31742, 5, 72.44
1791126200 31742, 0, 72.32
1791126201 31742, 0, 72.41
1791126202 31742, 5, 72.62
1791126203 31742, 2, 72.18
1791126204 31742, 5, 71.87
1791126205 31742, 6, 72.18
1791126206 31742, 1, 71.75
1791126208 31742, 4, 71.64
1791126209 31742, 0, 71.94
1791126210 31742, 9, 71.77
1791126211 31754, 1, 72.76
1791126212 31754, 67, 368.22
1791126213 25714, 56, 333.97
1791126214 26152, 61, 277.21
1791126215 26372, 63, 335.81
1791126216 26732, 76, 373.28
1791126217 26736, 66, 370.20
1791126218 26810, 80, 354.45
1791126219 27460, 82, 403.25
1791126221 27464, 62, 403.16
1791126222 27474, 60, 358.80
1791126223 27474, 66, 342.57
1791126224 27474, 74, 355.40
1791126225 27474, 69, 356.24
1791126226 27474, 61, 378.70
1791126227 27474, 70, 358.26
1791126228 27474, 67, 409.39
1791126229 27474, 76, 354.45
1791126230 27474, 68, 363.04
1791126231 27474, 68, 386.67
1791126232 27474, 74, 400.60
1791126234 27474, 71, 335.05
1791126235 27474, 81, 398.21
1791126236 27474, 78, 401.12
1791126237 27474, 58, 372.54
1791126238 27474, 63, 347.87
1791126239 27474, 81, 366.71
1791126240 27494, 78, 418.28
1791126241 27494, 60, 416.32
1791126242 27494, 71, 363.13
1791126243 27494, 81, 416.75
1791126244 27494, 81, 372.31
1791126245 27494, 60, 342.55
1791126247 27494, 67, 368.32
1791126248 27494, 67, 353.30
1791126249 27494, 82, 409.19
1791126250 27494, 68, 342.83
1791126251 27494, 80, 380.71
1791126252 27494, 70, 380.84
1791126253 27494, 81, 399.55
1791126254 27494, 69, 386.06
1791126255 27494, 57, 318.25
1791126256 27494, 71, 363.75
1791126257 27494, 75, 397.66
1791126258 27494, 69, 373.91
1791126260 27494, 74, 358.36
1791126261 27494, 58, 435.42
1791126262 27494, 60, 356.96
1791126263 27494, 63, 344.11
1791126264 27494, 61, 376.03
1791126265 27494, 67, 352.09
1791126266 27494, 71, 393.87
1791126267 27494, 81, 415.06
1791126268 27494, 76, 394.11
1791126269 27494, 79, 394.58
1791126270 27494, 70, 342.08
1791126271 27494, 82, 409.85
1791126273 27494, 71, 389.91
1791126274 27494, 76, 395.78
1791126275 27494, 62, 425.93
1791126276 27494, 11, 342.71
1791126277 27494, 78, 377.10
1791126278 27494, 62, 394.01
1791126279 27494, 59, 365.11
1791126280 27494, 69, 358.39
1791126281 27494, 79, 378.08
1791126282 27494, 60, 391.52
1791126283 27494, 62, 359.01
1791126285 27494, 67, 371.70
1791126286 27494, 66, 392.92
1791126287 27494, 75, 358.06
1791126288 27494, 81, 422.41
1791126289 27494, 78, 405.67
1791126290 27494, 82, 417.61
1791126291 27494, 77, 374.64
1791126292 27494, 72, 408.44
1791126293 27494, 66, 421.29
1791126294 27874, 76, 417.28
1791126296 27874, 75, 447.37
1791126297 27874, 79, 408.13
1791126298 27874, 77, 367.74
1791126299 27874, 75, 397.15
1791126300 27874, 83, 422.42
1791126301 27874, 79, 416.25
1791126302 27874, 36, 372.09
1791126303 27874, 74, 422.19
1791126304 27874, 84, 434.56
1791126305 27874, 69, 411.85
1791126306 27874, 72, 411.18
1791126308 27874, 71, 369.68
1791126309 27874, 68, 369.35
1791126310 27874, 2, 220.33
1791126311 27874, 0, 101.23
1791126312 27874, 6, 81.42
1791126313 27874, 2, 80.58
1791126314 27874, 8, 80.27
1791126315 27874, 0, 79.95
1791126316 27874, 0, 79.70
1791126317 27874, 6, 79.18
1791126319 27874, 7, 79.25
1791126320 27874, 0, 78.33
1791126321 27874, 0, 77.90
1791126322 27874, 0, 77.90
1791126323 27874, 7, 77.52
1791126324 27874, 7, 77.79
1791126325 27874, 0, 78.47
1791126326 27874, 10, 78.60
1791126327 27874, 3, 78.00
1791126328 27874, 8, 77.83
1791126330 27874, 0, 78.03
