1791128096 34, 0, 98.70
1791128097 36, 0, 67.86
1791128098 36, 0, 59.49
1791128099 36, 0, 49.93
1791128100 36, 0, 48.03
1791128101 36, 0, 47.69
1791128103 704, 0, 37.53
1791128104 704, 0, 75.81
1791128105 772, 0, 74.96
1791128106 772, 0, 75.21
1791128107 19052, 0, 75.66
1791128108 19072, 20, 84.91
1791128109 19090, 27, 92.76
1791128110 19118, 28, 93.51
1791128111 19144, 28, 93.09
1791128113 19168, 30, 94.17
1791128114 20650, 30, 93.82
1791128115 20680, 0, 83.00
1791128116 19600, 0, 74.67
1791128117 19600, 0, 73.95
1791128118 19602, 0, 73.68
1791128119 20066, 1, 74.42
1791128120 20546, 1, 73.90
1791128121 21066, 1, 73.68
1791128122 23134, 0, 74.86
1791128124 23134, 0, 73.32
1791128125 23134, 4, 84.81
1791128126 25454, 7, 77.59
1791128127 25454, 4, 75.38
1791128128 25454, 4, 73.30
1791128129 25454, 2, 73.33
1791128130 25454, 4, 73.55
1791128131 25454, 2, 73.04
1791128132 25454, 2, 72.78
1791128134 25454, 4, 72.32
1791128135 25454, 4, 72.19
1791128136 25454, 8, 72.61
1791128137 25454, 8, 72.87
1791128138 25454, 6, 72.68
1791128139 25454, 3, 72.16
1791128140 25454, 1, 71.61
1791128141 25454, 3, 71.53
1791128142 25454, 7, 71.74
1791128144 25454, 2, 71.87
1791128145 25454, 4, 71.90
1791128146 25454, 8, 71.76
1791128147 25454, 8, 72.01
1791128148 25454, 6, 72.17
1791128149 25454, 3, 72.08
1791128150 25454, 0, 71.64
1791128151 25454, 2, 71.68
1791128152 25454, 5, 71.58
1791128154 25454, 7, 71.56
1791128155 25454, 8, 71.91
1791128156 25454, 1, 71.73
1791128157 25458, 0, 71.17
1791128158 25462, 0, 71.80
1791128159 25462, 10, 73.05
1791128160 25462, 0, 96.58
1791128161 25468, 55, 196.27
1791128162 25468, 80, 202.97
1791128163 25468, 74, 214.85
1791128165 23136, 0, 158.81
1791128166 24250, 0, 100.81
1791128167 24262, 0, 157.45
1791128168 24262, 0, 95.35
1791128169 24262, 0, 71.79
1791128170 24286, 22, 84.97
1791128171 24430, 0, 96.40
1791128172 25812, 0, 72.22
1791128173 27862, 74, 178.26
1791128174 27862, 60, 179.68
1791128175 27910, 49, 190.59
1791128176 27920, 74, 188.51
1791128178 27920, 53, 184.50
1791128179 28000, 0, 186.82
1791128180 28000, 57, 179.45
1791128181 28000, 49, 191.88
1791128182 28000, 65, 190.88
1791128183 28000, 51, 183.29
1791128184 28000, 51, 190.31
1791128185 28500, 80, 196.10
1791128186 29742, 56, 198.38
1791128187 29776, 46, 190.01
1791128188 29856, 81, 196.65
1791128190 29856, 56, 198.19
1791128191 29868, 66, 196.83
1791128192 29868, 73, 186.06
1791128193 29868, 49, 184.98
1791128194 29874, 51, 194.02
1791128195 29874, 59, 182.39
1791128196 29874, 55, 180.41
1791128197 29874, 48, 191.92
1791128199 29880, 59, 199.02
1791128200 29880, 51, 185.18
1791128201 29880, 51, 192.35
1791128202 29880, 73, 189.01
1791128203 29880, 45, 184.38
1791128204 29880, 45, 192.26
1791128205 29880, 76, 191.74
1791128206 29880, 80, 186.81
1791128207 29880, 52, 200.92
1791128209 29880, 76, 193.01
1791128210 29880, 49, 186.46
1791128211 29880, 47, 188.22
1791128212 29880, 50, 199.27
1791128213 29880, 47, 180.21
1791128214 29880, 57, 201.60
1791128215 29880, 49, 193.73
1791128216 29880, 80, 182.99
1791128217 29880, 53, 198.42
1791128219 29880, 72, 191.33
1791128220 29880, 47, 185.45
1791128221 29880, 49, 190.14
1791128222 29880, 51, 196.77
1791128223 29880, 51, 186.63
1791128224 29880, 51, 193.19
1791128225 29880, 55, 199.43
1791128226 29880, 52, 182.97
1791128228 29880, 53, 200.54
1791128229 29880, 49, 186.74
1791128230 29880, 54, 184.41
1791128231 29880, 49, 189.81
1791128232 29880, 79, 183.54
1791128233 29880, 50, 192.10
1791128234 29880, 55, 201.20
1791128235 29880, 59, 189.79
1791128237 29880, 47, 192.75
1791128238 29880, 77, 197.15
1791128239 29880, 71, 194.91
1791128240 29880, 44, 193.80
1791128241 29880, 48, 193.48
1791128242 29880, 74, 183.46
1791128243 29880, 49, 193.19
1791128244 29880, 51, 196.25
1791128245 29886, 77, 194.04
1791128247 29886, 52, 189.81
1791128248 29886, 54, 204.19
1791128249 29886, 77, 194.83
1791128250 29886, 50, 190.56
1791128251 29888, 70, 203.85
1791128252 29888, 55, 200.94
1791128253 29888, 50, 206.04
1791128254 29888, 74, 191.21
1791128255 29888, 47, 184.37
1791128256 29888, 54, 204.24
1791128258 29888, 61, 192.56
1791128259 29888, 54, 203.54
1791128260 29888, 65, 196.02
1791128261 29888, 51, 186.80
1791128262 29888, 53, 205.50
1791128263 29888, 59, 192.85
1791128264 29888, 48, 184.22
1791128265 29888, 49, 193.55
1791128267 29888, 71, 196.83
1791128268 29888, 45, 186.46
1791128269 29888, 52, 193.28
1791128270 29888, 46, 193.61
1791128271 29888, 52, 182.72
1791128272 29888, 49, 192.21
1791128273 29888, 47, 192.16
1791128274 29888, 80, 188.10
1791128275 29888, 54, 205.23
1791128277 29888, 77, 197.62
1791128278 29888, 52, 191.26
1791128279 29888, 49, 193.64
1791128280 29888, 58, 207.46
1791128281 29888, 53, 195.76
1791128282 29888, 50, 194.92
1791128283 29888, 50, 195.94
1791128284 29888, 55, 185.03
1791128286 29888, 53, 195.08
1791128287 29888, 81, 188.75
1791128288 29888, 57, 191.00
1791128289 29888, 54, 200.12
1791128290 29888, 58, 186.92
1791128291 29888, 49, 194.62
1791128292 29888, 53, 195.55
1791128293 29888, 74, 192.82
1791128295 29888, 47, 193.79
1791128296 29888, 48, 195.22
1791128297 29888, 51, 194.91
1791128298 29888, 56, 186.65
1791128299 29888, 54, 202.82
1791128300 29888, 57, 191.16
1791128301 29888, 47, 195.41
1791128302 29888, 54, 196.20
1791128303 29888, 56, 186.72
1791128305 29888, 49, 197.29
1791128306 29888, 77, 187.40
1791128307 29888, 54, 183.27
1791128308 29888, 54, 210.18
1791128309 29888, 52, 190.70
1791128310 29908, 56, 214.38
1791128311 29908, 79, 194.66
1791128312 29908, 55, 185.10
1791128313 29908, 49, 194.60
1791128315 29908, 73, 193.11
1791128316 29908, 48, 188.59
1791128317 29908, 46, 193.60
1791128318 29908, 47, 194.85
1791128319 29908, 78, 192.20
1791128320 29908, 53, 191.77
1791128321 29908, 50, 204.29
1791128322 29908, 76, 192.39
1791128323 29908, 51, 191.85
1791128324 29908, 49, 193.68
1791128326 29908, 67, 184.83
1791128327 29908, 51, 203.29
1791128328 29908, 78, 195.63
1791128329 29908, 57, 194.27
1791128330 29908, 52, 195.32
1791128331 29908, 76, 191.21
1791128332 29908, 52, 192.78
1791128333 29914, 50, 198.54
1791128334 29914, 54, 187.64
1791128335 29914, 54, 204.75
1791128336 29914, 59, 197.47
1791128337 29914, 50, 184.49
1791128339 29914, 49, 194.03
1791128340 29914, 75, 197.62
1791128341 29914, 50, 188.97
1791128342 29914, 50, 187.29
1791128343 29914, 54, 206.65
1791128344 29914, 58, 194.54
1791128345 29914, 49, 198.89
1791128346 29914, 67, 188.27
1791128347 29914, 52, 185.07
1791128348 29914, 52, 212.99
1791128349 29914, 58, 193.41
1791128351 29914, 54, 211.80
1791128352 29914, 52, 194.22
1791128353 29914, 51, 197.65
1791128354 29914, 47, 192.88
1791128355 29914, 74, 195.12
1791128356 29914, 51, 184.19
1791128357 29914, 49, 195.21
1791128358 29914, 76, 190.41
1791128359 29914, 49, 187.89
1791128360 29914, 55, 207.75
1791128361 29914, 76, 203.84
1791128362 29914, 52, 191.88
1791128364 29914, 47, 195.14
1791128365 29914, 54, 187.67
1791128366 29914, 50, 187.28
1791128367 29914, 47, 195.76
1791128368 29914, 49, 197.03
1791128369 29914, 53, 186.06
1791128370 29914, 53, 203.72
1791128371 29914, 68, 204.82
1791128372 29914, 51, 192.93
1791128373 29914, 54, 205.54
1791128375 29914, 56, 191.27
1791128376 29914, 49, 202.96
1791128377 29914, 49, 195.08
1791128378 29914, 77, 193.29
1791128379 29914, 52, 192.16
1791128380 29914, 45, 194.95
1791128381 29914, 48, 184.58
1791128382 29914, 53, 197.88
1791128383 29914, 52, 203.17
1791128384 29914, 58, 189.62
1791128386 29914, 45, 194.99
1791128387 29914, 80, 199.33
1791128388 29914, 54, 190.52
1791128389 29914, 57, 210.38
1791128390 29914, 79, 196.08
1791128391 29914, 49, 193.45
1791128392 29914, 80, 198.77
1791128393 29914, 54, 195.38
1791128394 29914, 46, 195.25
1791128395 29914, 74, 206.81
1791128396 29914, 54, 196.08
1791128398 29914, 51, 197.70
1791128399 29914, 51, 186.56
1791128400 29914, 54, 191.45
1791128401 29914, 52, 196.45
1791128402 29914, 60, 191.30
1791128403 29914, 55, 209.89
1791128404 29914, 79, 196.92
1791128405 29914, 49, 195.45
1791128406 29914, 51, 198.08
1791128407 29914, 58, 185.30
1791128409 29914, 51, 198.70
1791128410 29914, 62, 189.29
1791128411 29914, 51, 195.01
1791128412 29914, 55, 218.32
1791128413 29914, 56, 199.66
1791128414 29914, 47, 196.88
1791128415 29914, 53, 204.43
1791128416 29914, 55, 194.35
1791128417 29914, 48, 203.04
1791128418 29914, 51, 202.74
1791128419 29914, 57, 190.97
1791128420 29914, 50, 199.74
1791128422 29914, 58, 186.65
1791128423 29914, 48, 203.06
1791128424 29914, 78, 195.01
1791128425 29914, 54, 186.26
1791128426 29914, 57, 211.89
1791128427 29914, 80, 198.41
1791128428 29914, 51, 206.18
1791128429 29914, 75, 197.26
1791128430 29914, 51, 190.10
1791128431 29914, 52, 208.57
1791128432 29914, 79, 201.22
1791128434 29914, 54, 201.67
1791128435 29914, 48, 198.40
1791128436 29914, 49, 184.68
1791128437 29914, 58, 198.42
1791128438 29914, 77, 200.99
1791128439 29914, 51, 191.29
1791128440 29914, 51, 205.34
1791128441 29914, 57, 192.37
1791128442 29914, 57, 202.17
1791128443 29914, 72, 197.91
1791128444 29914, 48, 185.53
1791128445 29914, 79, 218.07
1791128447 29914, 75, 225.02
1791128448 29914, 75, 219.83
1791128449 29914, 6, 133.49
1791128450 29914, 3, 90.11
1791128451 29914, 8, 75.37
1791128452 29914, 5, 75.52
1791128453 29914, 3, 75.19
1791128454 29914, 4, 75.38
1791128455 29914, 0, 75.01
1791128456 29914, 4, 75.10
1791128457 29914, 3, 75.64
1791128458 29914, 0, 75.13
1791128460 29914, 3, 75.22
1791128461 29914, 8, 75.38
1791128462 29914, 3, 74.69
1791128463 29914, 10, 75.71
1791128464 29914, 0, 75.52
1791128465 29914, 0, 74.39
1791128466 29914, 0, 74.14
