1791125596 34, 0, 78.08
1791125597 36, 0, 62.84
1791125598 36, 0, 51.08
1791125599 36, 0, 41.52
1791125600 36, 0, 29.26
1791125601 36, 0, 25.59
1791125603 704, 0, 18.80
1791125604 704, 0, 52.11
1791125605 704, 0, 73.92
1791125606 772, 0, 73.29
1791125607 23414, 15, 82.36
1791125608 23418, 31, 85.81
1791125609 23420, 23, 95.44
1791125610 23422, 6, 86.47
1791125612 23424, 7, 78.43
1791125613 23424, 4, 76.82
1791125614 23424, 5, 76.44
1791125615 23426, 4, 80.12
1791125616 23426, 4, 78.25
1791125617 23428, 33, 80.01
1791125618 23432, 33, 97.15
1791125619 23436, 32, 96.85
1791125621 24620, 26, 98.31
1791125622 27424, 23, 94.74
1791125623 28226, 0, 88.61
1791125624 28226, 0, 72.82
1791125625 28226, 0, 72.15
1791125626 24206, 0, 72.78
1791125627 24206, 0, 72.19
1791125629 24594, 1, 73.98
1791125630 25020, 0, 73.26
1791125631 29120, 5, 78.41
1791125632 29120, 2, 72.42
1791125633 29120, 4, 72.13
1791125634 29120, 6, 71.87
1791125635 29120, 6, 72.40
1791125636 29120, 0, 72.10
1791125638 29120, 0, 72.15
1791125639 29120, 9, 72.00
1791125640 29120, 6, 72.28
1791125641 29120, 1, 72.55
1791125642 29120, 1, 72.07
1791125643 29120, 1, 71.90
1791125644 29120, 10, 72.30
1791125645 29120, 5, 71.95
1791125647 29120, 0, 72.13
1791125648 29120, 8, 72.11
1791125649 29120, 0, 71.83
1791125650 29120, 7, 71.92
1791125651 29120, 0, 71.97
1791125652 29120, 0, 72.22
1791125653 29120, 10, 72.71
1791125654 29120, 3, 72.25
1791125655 29120, 3, 71.75
1791125656 29120, 1, 71.78
1791125658 29120, 1, 72.45
1791125659 29120, 5, 72.83
1791125660 29120, 0, 72.33
1791125661 29120, 0, 72.41
1791125662 29120, 6, 72.26
1791125663 29120, 7, 72.64
1791125664 29120, 0, 72.28
1791125665 29120, 7, 71.98
1791125666 29120, 0, 72.22
1791125667 29120, 10, 72.08
1791125669 29120, 3, 71.79
1791125670 29120, 0, 71.90
1791125671 29120, 0, 71.63
1791125672 29120, 0, 71.65
1791125673 29122, 0, 83.32
1791125674 29124, 29, 84.86
1791125675 29126, 0, 92.07
1791125676 29126, 0, 75.53
1791125677 29126, 0, 90.50
1791125678 29126, 0, 71.47
1791125679 29126, 75, 217.70
1791125681 29126, 0, 207.85
1791125682 29128, 79, 319.75
1791125683 25022, 0, 215.49
1791125684 25102, 0, 110.42
1791125685 26922, 47, 105.17
1791125686 26922, 0, 159.14
1791125687 26930, 0, 135.70
1791125688 26932, 0, 106.76
1791125689 26932, 0, 83.15
1791125690 26932, 0, 88.18
1791125692 26932, 0, 87.89
1791125693 26932, 0, 70.84
1791125694 26932, 0, 70.87
1791125695 26932, 0, 71.00
1791125696 26932, 0, 71.00
1791125697 26932, 0, 71.00
1791125698 26934, 0, 71.30
1791125699 26934, 0, 71.81
1791125700 26974, 96, 200.90
1791125701 27926, 66, 341.13
1791125702 28146, 90, 425.71
1791125703 28238, 82, 406.00
1791125705 28684, 94, 472.44
1791125706 28684, 63, 445.78
1791125707 28684, 72, 372.41
1791125708 28684, 82, 410.86
1791125709 28684, 77, 434.24
1791125710 28684, 92, 460.88
1791125711 28684, 75, 437.55
1791125712 28684, 88, 434.99
1791125713 28686, 82, 446.30
1791125714 28686, 83, 467.51
1791125716 28686, 77, 440.80
1791125717 28706, 84, 419.36
1791125718 28828, 65, 463.03
1791125719 28828, 52, 386.86
1791125720 28828, 71, 405.51
1791125721 28828, 78, 385.93
1791125722 28828, 77, 428.82
1791125723 28828, 86, 425.33
1791125724 28828, 74, 463.00
1791125725 28828, 94, 450.49
1791125727 28828, 84, 446.24
1791125728 28828, 75, 462.16
1791125729 28828, 76, 402.60
1791125730 28828, 88, 469.88
1791125731 28828, 91, 442.63
1791125732 28828, 75, 465.60
1791125733 28828, 77, 404.89
1791125734 28828, 84, 447.08
1791125735 28828, 86, 460.88
1791125737 28828, 88, 471.27
1791125738 28828, 93, 470.62
1791125739 28828, 88, 449.39
1791125740 28828, 89, 448.04
1791125741 28828, 76, 465.70
1791125742 28828, 79, 418.15
1791125743 28828, 78, 454.90
1791125744 28828, 87, 418.19
1791125745 28828, 92, 479.77
1791125747 28828, 76, 423.82
1791125748 28828, 89, 440.06
1791125749 28828, 89, 466.91
1791125750 28828, 93, 479.10
1791125751 28828, 94, 470.56
1791125752 28828, 87, 464.09
1791125753 28828, 82, 466.15
1791125754 28968, 96, 468.42
1791125755 28968, 83, 462.08
1791125757 28968, 87, 463.82
1791125758 28968, 94, 481.21
1791125759 28968, 94, 472.83
1791125760 28968, 95, 475.12
1791125761 28968, 92, 469.30
1791125762 28968, 70, 462.36
1791125763 28968, 52, 374.32
1791125764 28968, 49, 294.62
1791125765 28968, 0, 108.01
1791125766 28968, 0, 91.89
1791125767 28968, 4, 79.85
1791125769 28968, 0, 79.46
1791125770 28968, 9, 79.34
1791125771 28968, 5, 78.67
1791125772 28968, 3, 77.86
1791125773 28968, 0, 77.50
1791125774 28968, 9, 77.69
1791125775 28968, 4, 77.29
1791125776 28968, 8, 77.78
1791125777 28968, 0, 76.80
1791125778 28968, 8, 76.46
1791125780 28968, 3, 76.48
1791125781 28968, 9, 76.73
1791125782 28968, 0, 76.16
1791125783 28968, 7, 76.11
1791125784 28968, 2, 76.13
1791125785 28968, 10, 76.42
1791125786 28968, 0, 75.27
1791125787 28968, 0, 74.87
