1791107667 660, 2619, 41, 0x0000000000000001 | 6.95 10.33 10.28 | cpu  2149142998 50793333 275204181 15073734149 1685347 0 10764107 0 0 0
1791107668 390, 2619, 40, 0x0000000000000001 | 6.95 10.33 10.28 | cpu  2149143726 50793333 275204554 15073761016 1685347 0 10764117 0 0 0
1791107669 345, 2619, 40, 0x0000000000000001 | 6.95 10.33 10.28 | cpu  2149144030 50793333 275204989 15073786577 1685347 0 10764120 0 0 0
1791107670 345, 2619, 40, 0x0000000000000001 | 6.79 10.24 10.25 | cpu  2149144848 50793333 275205499 15073810211 1685353 0 10764142 0 0 0
1791107671 345, 2619, 40, 0x0000000000000001 | 6.79 10.24 10.25 | cpu  2149145032 50793333 275205872 15073836157 1685356 0 10764151 0 0 0
1791107673 345, 2619, 40, 0x0000000000000001 | 6.79 10.24 10.25 | cpu  2149145214 50793334 275206211 15073861753 1685356 0 10764160 0 0 0
1791107674 1785, 2619, 40, 0x0000000000000000 | 6.79 10.24 10.25 | cpu  2149145952 50793334 275206391 15073885508 1685357 0 10764165 0 0 0
1791107675 1785, 2619, 41, 0x0000000000000000 | 6.79 10.24 10.25 | cpu  2149146313 50793334 275206633 15073910297 1685357 0 10764172 0 0 0
1791107676 1785, 2619, 41, 0x0000000000000000 | 6.41 10.11 10.21 | cpu  2149147355 50793334 275206872 15073934537 1685357 0 10764200 0 0 0
1791107677 1785, 2619, 41, 0x0000000000000000 | 6.41 10.11 10.21 | cpu  2149148283 50793334 275207277 15073958656 1685357 0 10764210 0 0 0
1791107678 1785, 2619, 41, 0x0000000000000000 | 6.41 10.11 10.21 | cpu  2149148824 50793334 275207606 15073981958 1685357 0 10764225 0 0 0
1791107679 1785, 2619, 41, 0x0000000000000000 | 6.41 10.11 10.21 | cpu  2149149318 50793334 275207908 15074006393 1685357 0 10764234 0 0 0
1791107680 1785, 2619, 41, 0x0000000000000000 | 11.02 11.00 10.50 | cpu  2149149824 50793334 275208197 15074031256 1685357 0 10764243 0 0 0
1791107682 1785, 2619, 40, 0x0000000000000000 | 11.02 11.00 10.50 | cpu  2149150431 50793334 275208423 15074055753 1685357 0 10764248 0 0 0
1791107683 1785, 2619, 41, 0x0000000000000000 | 11.02 11.00 10.50 | cpu  2149151664 50793334 275208620 15074079751 1685357 0 10764252 0 0 0
1791107684 1785, 2619, 41, 0x0000000000000000 | 11.02 11.00 10.50 | cpu  2149152212 50793334 275208784 15074105276 1685357 0 10764256 0 0 0
1791107685 1785, 2619, 41, 0x0000000000000000 | 10.54 10.90 10.47 | cpu  2149152716 50793334 275208965 15074130052 1685357 0 10764259 0 0 0
1791107686 1785, 2619, 41, 0x0000000000000000 | 10.54 10.90 10.47 | cpu  2149153204 50793334 275209272 15074154373 1685357 0 10764263 0 0 0
1791107687 1785, 2619, 41, 0x0000000000000000 | 10.54 10.90 10.47 | cpu  2149153710 50793334 275209554 15074178442 1685357 0 10764263 0 0 0
1791107688 1785, 2619, 40, 0x0000000000000000 | 10.54 10.90 10.47 | cpu  2149154335 50793334 275209841 15074202357 1685357 0 10764264 0 0 0
1791107690 1785, 2619, 40, 0x0000000000000000 | 10.54 10.90 10.47 | cpu  2149154919 50793334 275210148 15074226318 1685357 0 10764271 0 0 0
1791107691 1785, 2619, 40, 0x0000000000000000 | 10.09 10.80 10.44 | cpu  2149155320 50793334 275210450 15074250958 1685357 0 10764277 0 0 0
1791107692 1785, 2619, 40, 0x0000000000000000 | 10.09 10.80 10.44 | cpu  2149155880 50793335 275210746 15074276499 1685357 0 10764281 0 0 0
1791107693 1785, 2619, 40, 0x0000000000000000 | 10.09 10.80 10.44 | cpu  2149156249 50793335 275211071 15074301743 1685357 0 10764281 0 0 0
1791107694 1785, 2619, 40, 0x0000000000000000 | 10.09 10.80 10.44 | cpu  2149156419 50793335 275211382 15074327264 1685357 0 10764283 0 0 0
1791107695 1785, 2619, 40, 0x0000000000000000 | 9.52 10.67 10.40 | cpu  2149156533 50793335 275211648 15074352274 1685357 0 10764284 0 0 0
1791107696 1785, 2619, 40, 0x0000000000000000 | 9.52 10.67 10.40 | cpu  2149156736 50793335 275212016 15074377528 1685357 0 10764288 0 0 0
1791107698 1785, 2619, 40, 0x0000000000000000 | 9.52 10.67 10.40 | cpu  2149156974 50793335 275212273 15074402400 1685357 0 10764288 0 0 0
1791107699 1785, 2619, 40, 0x0000000000000000 | 9.52 10.67 10.40 | cpu  2149157215 50793335 275212544 15074428312 1685357 0 10764288 0 0 0
1791107700 1785, 2619, 40, 0x0000000000000000 | 9.52 10.67 10.40 | cpu  2149157450 50793335 275212894 15074454946 1685357 0 10764289 0 0 0
1791107701 1785, 2619, 40, 0x0000000000000000 | 9.24 10.60 10.37 | cpu  2149157632 50793335 275213268 15074480194 1685357 0 10764289 0 0 0
1791107702 1785, 2619, 40, 0x0000000000000000 | 9.24 10.60 10.37 | cpu  2149157824 50793335 275213688 15074506166 1685357 0 10764301 0 0 0
1791107704 1785, 2619, 40, 0x0000000000000000 | 9.24 10.60 10.37 | cpu  2149158140 50793335 275213945 15074530859 1685357 0 10764306 0 0 0
1791107705 1785, 2619, 40, 0x0000000000000000 | 9.24 10.60 10.37 | cpu  2149158782 50793335 275214219 15074555352 1685357 0 10764312 0 0 0
1791107706 1785, 2619, 40, 0x0000000000000000 | 8.90 10.50 10.35 | cpu  2149159087 50793335 275214577 15074581368 1685357 0 10764325 0 0 0
1791107707 1785, 2619, 40, 0x0000000000000000 | 8.90 10.50 10.35 | cpu  2149161186 50793335 275214883 15074602889 1685357 0 10764330 0 0 0
1791107708 1785, 2619, 40, 0x0000000000000000 | 8.90 10.50 10.35 | cpu  2149164177 50793335 275215240 15074624876 1685357 0 10764338 0 0 0
1791107709 1785, 2619, 40, 0x0000000000000000 | 8.90 10.50 10.35 | cpu  2149167060 50793335 275215573 15074646750 1685357 0 10764346 0 0 0
1791107710 1785, 2619, 40, 0x0000000000000000 | 8.67 10.43 10.32 | cpu  2149169673 50793335 275215955 15074669817 1685357 0 10764356 0 0 0
1791107712 1785, 2619, 40, 0x0000000000000000 | 8.67 10.43 10.32 | cpu  2149172784 50793335 275216488 15074695046 1685357 0 10764372 0 0 0
1791107713 1785, 2619, 40, 0x0000000000000000 | 8.67 10.43 10.32 | cpu  2149173728 50793335 275216823 15074719312 1685357 0 10764374 0 0 0
1791107714 1785, 2619, 40, 0x0000000000000000 | 8.67 10.43 10.32 | cpu  2149173970 50793335 275217180 15074744010 1685357 0 10764376 0 0 0
1791107715 1785, 2619, 40, 0x0000000000000000 | 8.62 10.39 10.31 | cpu  2149174281 50793335 275218421 15074770780 1685357 0 10764382 0 0 0
1791107716 1785, 2619, 40, 0x0000000000000000 | 8.62 10.39 10.31 | cpu  2149174612 50793335 275218882 15074796879 1685357 0 10764400 0 0 0
1791107718 1785, 2619, 40, 0x0000000000000000 | 8.62 10.39 10.31 | cpu  2149175025 50793335 275219275 15074823245 1685357 0 10764423 0 0 0
1791107719 1785, 2619, 40, 0x0000000000000000 | 8.62 10.39 10.31 | cpu  2149175404 50793335 275219699 15074848860 1685357 0 10764463 0 0 0
1791107720 1785, 2619, 40, 0x0000000000000000 | 8.62 10.39 10.31 | cpu  2149175720 50793335 275220134 15074874232 1685357 0 10764486 0 0 0
1791107721 1785, 2619, 40, 0x0000000000000000 | 8.41 10.31 10.29 | cpu  2149175992 50793335 275220460 15074900483 1685357 0 10764506 0 0 0
1791107722 1785, 2619, 40, 0x0000000000000000 | 8.41 10.31 10.29 | cpu  2149176144 50793335 275220696 15074925483 1685357 0 10764508 0 0 0
1791107723 1785, 2619, 40, 0x0000000000000000 | 8.41 10.31 10.29 | cpu  2149176341 50793335 275221075 15074950568 1685357 0 10764514 0 0 0
1791107725 1785, 2619, 40, 0x0000000000000000 | 8.41 10.31 10.29 | cpu  2149176589 50793336 275221420 15074975352 1685357 0 10764520 0 0 0
1791107726 1785, 2619, 39, 0x0000000000000000 | 8.21 10.24 10.26 | cpu  2149177050 50793336 275221880 15075000913 1685357 0 10764523 0 0 0
1791107727 1785, 2619, 39, 0x0000000000000000 | 8.21 10.24 10.26 | cpu  2149177245 50793336 275222342 15075025318 1685357 0 10764536 0 0 0
1791107728 1785, 2619, 39, 0x0000000000000000 | 8.21 10.24 10.26 | cpu  2149177460 50793336 275222733 15075050330 1685357 0 10764540 0 0 0
1791107729 1785, 2619, 39, 0x0000000000000000 | 8.21 10.24 10.26 | cpu  2149177669 50793336 275223133 15075075395 1685357 0 10764546 0 0 0
1791107730 1785, 2619, 39, 0x0000000000000000 | 7.88 10.14 10.23 | cpu  2149177838 50793336 275223426 15075100622 1685357 0 10764548 0 0 0
1791107731 1785, 2619, 39, 0x0000000000000000 | 7.88 10.14 10.23 | cpu  2149177997 50793336 275223662 15075126109 1685358 0 10764551 0 0 0
1791107733 1785, 2619, 39, 0x0000000000000000 | 7.88 10.14 10.23 | cpu  2149178171 50793337 275223914 15075152324 1685358 0 10764552 0 0 0
1791107734 1785, 2619, 39, 0x0000000000000000 | 7.88 10.14 10.23 | cpu  2149178336 50793337 275224146 15075177680 1685359 0 10764554 0 0 0
1791107735 1785, 2619, 39, 0x0000000000000000 | 7.88 10.14 10.23 | cpu  2149178513 50793337 275224488 15075203289 1685359 0 10764561 0 0 0
1791107736 1785, 2619, 39, 0x0000000000000000 | 7.73 10.07 10.21 | cpu  2149178720 50793337 275224913 15075228403 1685359 0 10764573 0 0 0
1791107737 1785, 2619, 39, 0x0000000000000000 | 7.73 10.07 10.21 | cpu  2149178931 50793337 275225350 15075254021 1685359 0 10764575 0 0 0
1791107738 1785, 2619, 39, 0x0000000000000000 | 7.73 10.07 10.21 | cpu  2149179132 50793337 275225772 15075279260 1685359 0 10764579 0 0 0
1791107740 1785, 2619, 39, 0x0000000000000000 | 7.73 10.07 10.21 | cpu  2149179370 50793337 275226274 15075307309 1685359 0 10764594 0 0 0
1791107741 1785, 2619, 39, 0x0000000000000000 | 7.59 10.00 10.18 | cpu  2149179559 50793337 275226743 15075332476 1685359 0 10764603 0 0 0
1791107742 1785, 2619, 39, 0x0000000000000000 | 7.59 10.00 10.18 | cpu  2149179767 50793337 275227037 15075359033 1685359 0 10764606 0 0 0
1791107743 1785, 2619, 39, 0x0000000000000000 | 7.59 10.00 10.18 | cpu  2149179907 50793337 275227285 15075385329 1685359 0 10764607 0 0 0
1791107745 1785, 2619, 39, 0x0000000000000000 | 7.59 10.00 10.18 | cpu  2149180071 50793337 275227534 15075411232 1685359 0 10764609 0 0 0
1791107746 1785, 2619, 39, 0x0000000000000000 | 7.22 9.88 10.14 | cpu  2149180259 50793337 275227680 15075436328 1685359 0 10764610 0 0 0
1791107747 1785, 2619, 39, 0x0000000000000000 | 7.22 9.88 10.14 | cpu  2149180743 50793337 275228040 15075460752 1685359 0 10764614 0 0 0
1791107748 1785, 2619, 39, 0x0000000000000000 | 7.22 9.88 10.14 | cpu  2149180922 50793337 275228453 15075485522 1685359 0 10764620 0 0 0
1791107749 1785, 2619, 39, 0x0000000000000000 | 7.22 9.88 10.14 | cpu  2149181137 50793337 275228896 15075510759 1685359 0 10764632 0 0 0
1791107750 1785, 2619, 39, 0x0000000000000000 | 7.12 9.82 10.12 | cpu  2149181373 50793337 275229315 15075536549 1685359 0 10764637 0 0 0
1791107751 1785, 2619, 39, 0x0000000000000000 | 7.12 9.82 10.12 | cpu  2149181632 50793337 275229967 15075562153 1685359 0 10764650 0 0 0
1791107753 1785, 2619, 39, 0x0000000000000000 | 7.12 9.82 10.12 | cpu  2149181838 50793337 275230352 15075586513 1685359 0 10764659 0 0 0
1791107754 1785, 2619, 39, 0x0000000000000000 | 7.12 9.82 10.12 | cpu  2149182034 50793337 275230714 15075611677 1685359 0 10764661 0 0 0
1791107755 1785, 2619, 39, 0x0000000000000000 | 7.12 9.82 10.12 | cpu  2149182180 50793337 275231628 15075635673 1685359 0 10764664 0 0 0
1791107756 1785, 2619, 39, 0x0000000000000000 | 7.27 9.81 10.11 | cpu  2149182355 50793337 275231931 15075660502 1685359 0 10764668 0 0 0
1791107757 1785, 2619, 39, 0x0000000000000000 | 7.27 9.81 10.11 | cpu  2149182558 50793337 275232236 15075685789 1685359 0 10764669 0 0 0
1791107758 1785, 2619, 39, 0x0000000000000000 | 7.27 9.81 10.11 | cpu  2149182743 50793337 275232544 15075711006 1685359 0 10764670 0 0 0
1791107759 1785, 2619, 39, 0x0000000000000000 | 7.27 9.81 10.11 | cpu  2149182956 50793337 275232966 15075736708 1685359 0 10764672 0 0 0
1791107761 1785, 2619, 39, 0x0000000000000000 | 7.25 9.76 10.10 | cpu  2149183161 50793337 275233345 15075761908 1685359 0 10764679 0 0 0
1791107762 1785, 2619, 39, 0x0000000000000000 | 7.25 9.76 10.10 | cpu  2149183348 50793337 275233687 15075786672 1685359 0 10764692 0 0 0
1791107763 1785, 2619, 39, 0x0000000000000000 | 7.25 9.76 10.10 | cpu  2149183527 50793337 275234005 15075811964 1685359 0 10764698 0 0 0
1791107764 1785, 2619, 39, 0x0000000000000000 | 7.25 9.76 10.10 | cpu  2149183715 50793337 275234302 15075836823 1685359 0 10764702 0 0 0
1791107765 1785, 2619, 42, 0x0000000000000000 | 7.07 9.68 10.07 | cpu  2149183914 50793338 275234548 15075862275 1685359 0 10764706 0 0 0
1791107766 1785, 2619, 41, 0x0000000000000000 | 7.07 9.68 10.07 | cpu  2149184185 50793338 275234762 15075888344 1685359 0 10764710 0 0 0
1791107768 1785, 2619, 42, 0x0000000000000000 | 7.07 9.68 10.07 | cpu  2149184726 50793338 275235000 15075914195 1685359 0 10764730 0 0 0
1791107769 1785, 2619, 45, 0x0000000000000000 | 7.07 9.68 10.07 | cpu  2149184993 50793338 275235254 15075940091 1685359 0 10764733 0 0 0
1791107770 1785, 2619, 43, 0x0000000000000000 | 7.07 9.68 10.07 | cpu  2149185220 50793338 275235508 15075964972 1685359 0 10764740 0 0 0
1791107771 1785, 2619, 44, 0x0000000000000000 | 6.82 9.59 10.04 | cpu  2149185516 50793338 275235806 15075989590 1685359 0 10764754 0 0 0
1791107772 1785, 2619, 45, 0x0000000000000000 | 6.82 9.59 10.04 | cpu  2149186262 50793338 275236056 15076014331 1685359 0 10764766 0 0 0
1791107773 1785, 2619, 44, 0x0000000000000000 | 6.82 9.59 10.04 | cpu  2149186619 50793338 275236334 15076039708 1685359 0 10764781 0 0 0
1791107775 1785, 2619, 43, 0x0000000000000000 | 6.82 9.59 10.04 | cpu  2149186907 50793338 275236552 15076067475 1685359 0 10764796 0 0 0
1791107776 1785, 2619, 44, 0x0000000000000000 | 6.60 9.49 10.00 | cpu  2149187196 50793338 275236778 15076092915 1685359 0 10764807 0 0 0
1791107777 1785, 2619, 45, 0x0000000000000000 | 6.60 9.49 10.00 | cpu  2149187512 50793338 275237100 15076118254 1685359 0 10764840 0 0 0
1791107778 1785, 2619, 44, 0x0000000000000000 | 6.60 9.49 10.00 | cpu  2149187822 50793338 275237345 15076143714 1685359 0 10764848 0 0 0
1791107779 1785, 2619, 46, 0x0000000000000000 | 6.60 9.49 10.00 | cpu  2149188102 50793338 275237578 15076168557 1685359 0 10764849 0 0 0
1791107780 1785, 2619, 43, 0x0000000000000000 | 6.39 9.40 9.97 | cpu  2149188354 50793338 275237794 15076193531 1685359 0 10764858 0 0 0
1791107782 1785, 2619, 43, 0x0000000000000000 | 6.39 9.40 9.97 | cpu  2149188632 50793338 275237977 15076219699 1685359 0 10764864 0 0 0
1791107783 1785, 2619, 42, 0x0000000000000000 | 6.39 9.40 9.97 | cpu  2149188928 50793338 275238174 15076245540 1685359 0 10764874 0 0 0
1791107784 1785, 2619, 42, 0x0000000000000000 | 6.39 9.40 9.97 | cpu  2149189227 50793338 275238377 15076270254 1685359 0 10764897 0 0 0
1791107785 1785, 2619, 42, 0x0000000000000000 | 6.39 9.40 9.97 | cpu  2149189497 50793338 275238576 15076294574 1685359 0 10764915 0 0 0
1791107786 1785, 2619, 42, 0x0000000000000000 | 6.20 9.31 9.94 | cpu  2149189784 50793338 275238845 15076319278 1685359 0 10764925 0 0 0
1791107787 1785, 2619, 42, 0x0000000000000000 | 6.20 9.31 9.94 | cpu  2149190204 50793338 275239359 15076345558 1685359 0 10764946 0 0 0
1791107789 1785, 2619, 42, 0x0000000000000000 | 6.20 9.31 9.94 | cpu  2149190861 50793338 275239798 15076370676 1685359 0 10764968 0 0 0
1791107790 1785, 2619, 42, 0x0000000000000000 | 6.20 9.31 9.94 | cpu  2149191166 50793338 275240078 15076395176 1685359 0 10764982 0 0 0
1791107791 1785, 2619, 41, 0x0000000000000000 | 6.10 9.24 9.91 | cpu  2149191472 50793338 275240276 15076420038 1685359 0 10764983 0 0 0
1791107792 1785, 2619, 41, 0x0000000000000000 | 6.10 9.24 9.91 | cpu  2149191766 50793338 275240454 15076445724 1685359 0 10764986 0 0 0
1791107793 1785, 2619, 41, 0x0000000000000000 | 6.10 9.24 9.91 | cpu  2149192044 50793338 275240595 15076470655 1685359 0 10764996 0 0 0
1791107794 1785, 2619, 41, 0x0000000000000000 | 6.10 9.24 9.91 | cpu  2149192323 50793338 275240755 15076495905 1685360 0 10764998 0 0 0
1791107795 1785, 2619, 41, 0x0000000000000000 | 5.93 9.15 9.88 | cpu  2149192590 50793338 275240952 15076520397 1685360 0 10765005 0 0 0
1791107797 1785, 2619, 41, 0x0000000000000000 | 5.93 9.15 9.88 | cpu  2149192886 50793338 275241201 15076545596 1685360 0 10765015 0 0 0
1791107798 1785, 2619, 41, 0x0000000000000000 | 5.93 9.15 9.88 | cpu  2149193211 50793338 275241522 15076570306 1685360 0 10765041 0 0 0
1791107799 1785, 2619, 41, 0x0000000000000000 | 5.93 9.15 9.88 | cpu  2149193517 50793340 275241830 15076594534 1685360 0 10765051 0 0 0
1791107800 1785, 2619, 41, 0x0000000000000000 | 5.93 9.15 9.88 | cpu  2149193780 50793340 275242120 15076619376 1685360 0 10765060 0 0 0
1791107801 1785, 2619, 41, 0x0000000000000000 | 5.86 9.08 9.85 | cpu  2149194136 50793340 275242431 15076644971 1685360 0 10765066 0 0 0
1791107802 1785, 2619, 41, 0x0000000000000000 | 5.86 9.08 9.85 | cpu  2149194400 50793340 275242592 15076668952 1685360 0 10765071 0 0 0
1791107803 1785, 2619, 41, 0x0000000000000000 | 5.86 9.08 9.85 | cpu  2149194721 50793340 275242885 15076695471 1685360 0 10765080 0 0 0
1791107805 1785, 2619, 41, 0x0000000000000000 | 5.86 9.08 9.85 | cpu  2149194968 50793340 275243042 15076720774 1685360 0 10765089 0 0 0
1791107806 1785, 2619, 40, 0x0000000000000000 | 5.63 8.98 9.82 | cpu  2149195198 50793340 275243205 15076746106 1685360 0 10765090 0 0 0
1791107807 1785, 2619, 40, 0x0000000000000000 | 5.63 8.98 9.82 | cpu  2149195466 50793340 275243461 15076771496 1685360 0 10765092 0 0 0
1791107808 1785, 2619, 40, 0x0000000000000000 | 5.63 8.98 9.82 | cpu  2149195796 50793341 275243766 15076797067 1685360 0 10765100 0 0 0
1791107809 1785, 2619, 40, 0x0000000000000000 | 5.63 8.98 9.82 | cpu  2149196194 50793341 275243993 15076822377 1685360 0 10765106 0 0 0
1791107810 1785, 2619, 40, 0x0000000000000000 | 5.58 8.92 9.79 | cpu  2149196742 50793341 275244441 15076846947 1685360 0 10765114 0 0 0
1791107812 1785, 2619, 40, 0x0000000000000000 | 5.58 8.92 9.79 | cpu  2149197054 50793341 275244738 15076871303 1685360 0 10765126 0 0 0
1791107813 1785, 2619, 40, 0x0000000000000000 | 5.58 8.92 9.79 | cpu  2149197349 50793341 275245004 15076896342 1685360 0 10765140 0 0 0
1791107814 1785, 2619, 40, 0x0000000000000000 | 5.58 8.92 9.79 | cpu  2149197623 50793341 275245129 15076920954 1685360 0 10765142 0 0 0
1791107815 1785, 2619, 40, 0x0000000000000000 | 5.58 8.92 9.79 | cpu  2149197848 50793341 275245248 15076945340 1685360 0 10765144 0 0 0
1791107816 1785, 2619, 40, 0x0000000000000000 | 5.37 8.82 9.75 | cpu  2149198094 50793341 275245390 15076969865 1685360 0 10765144 0 0 0
1791107817 1785, 2619, 40, 0x0000000000000000 | 5.37 8.82 9.75 | cpu  2149198401 50793341 275245582 15076996417 1685360 0 10765151 0 0 0
1791107818 1785, 2619, 40, 0x0000000000000000 | 5.37 8.82 9.75 | cpu  2149198675 50793341 275245851 15077020923 1685360 0 10765158 0 0 0
1791107820 1785, 2619, 40, 0x0000000000000000 | 5.37 8.82 9.75 | cpu  2149198980 50793342 275246206 15077046470 1685360 0 10765170 0 0 0
1791107821 1785, 2619, 40, 0x0000000000000000 | 5.34 8.75 9.73 | cpu  2149199302 50793342 275246514 15077071252 1685360 0 10765178 0 0 0
1791107822 1785, 2619, 40, 0x0000000000000000 | 5.34 8.75 9.73 | cpu  2149199614 50793342 275246821 15077095567 1685360 0 10765180 0 0 0
1791107823 1785, 2619, 40, 0x0000000000000000 | 5.34 8.75 9.73 | cpu  2149199912 50793342 275247074 15077119886 1685365 0 10765197 0 0 0
1791107824 1785, 2619, 40, 0x0000000000000000 | 5.34 8.75 9.73 | cpu  2149200218 50793342 275247349 15077145148 1685365 0 10765212 0 0 0
1791107825 1785, 2619, 40, 0x0000000000000000 | 5.31 8.69 9.70 | cpu  2149200461 50793342 275247570 15077170218 1685365 0 10765215 0 0 0
1791107826 1785, 2619, 40, 0x0000000000000000 | 5.31 8.69 9.70 | cpu  2149200717 50793342 275247718 15077195860 1685365 0 10765219 0 0 0
1791107828 1785, 2619, 40, 0x0000000000000000 | 5.31 8.69 9.70 | cpu  2149200998 50793342 275247872 15077221167 1685365 0 10765225 0 0 0
1791107829 1785, 2619, 40, 0x0000000000000000 | 5.31 8.69 9.70 | cpu  2149201285 50793342 275248073 15077245537 1685365 0 10765229 0 0 0
1791107830 1785, 2619, 40, 0x0000000000000000 | 5.31 8.69 9.70 | cpu  2149201602 50793342 275248243 15077271286 1685365 0 10765232 0 0 0
1791107831 1785, 2619, 40, 0x0000000000000000 | 5.37 8.65 9.68 | cpu  2149202229 50793342 275248534 15077295144 1685365 0 10765245 0 0 0
1791107832 1785, 2619, 40, 0x0000000000000000 | 5.37 8.65 9.68 | cpu  2149202609 50793342 275248847 15077321004 1685365 0 10765252 0 0 0
1791107833 1785, 2619, 40, 0x0000000000000000 | 5.37 8.65 9.68 | cpu  2149202891 50793342 275249086 15077346029 1685365 0 10765260 0 0 0
1791107834 1785, 2619, 39, 0x0000000000000000 | 5.37 8.65 9.68 | cpu  2149203166 50793342 275249313 15077372427 1685365 0 10765262 0 0 0
1791107836 1785, 2619, 39, 0x0000000000000000 | 5.34 8.59 9.66 | cpu  2149203454 50793342 275249562 15077397193 1685365 0 10765272 0 0 0
1791107837 1785, 2619, 39, 0x0000000000000000 | 5.34 8.59 9.66 | cpu  2149203733 50793342 275249859 15077421434 1685365 0 10765281 0 0 0
1791107838 1785, 2619, 39, 0x0000000000000000 | 5.34 8.59 9.66 | cpu  2149204009 50793342 275250033 15077446425 1685365 0 10765282 0 0 0
1791107839 1785, 2619, 39, 0x0000000000000000 | 5.34 8.59 9.66 | cpu  2149204316 50793345 275250228 15077471851 1685365 0 10765288 0 0 0
1791107840 1785, 2619, 39, 0x0000000000000000 | 5.34 8.59 9.66 | cpu  2149204588 50793345 275250396 15077496022 1685365 0 10765295 0 0 0
1791107841 1785, 2619, 39, 0x0000000000000000 | 5.39 8.54 9.64 | cpu  2149204914 50793345 275250608 15077522402 1685365 0 10765299 0 0 0
1791107842 1785, 2619, 39, 0x0000000000000000 | 5.39 8.54 9.64 | cpu  2149205238 50793345 275250893 15077547658 1685365 0 10765315 0 0 0
1791107844 1785, 2619, 39, 0x0000000000000000 | 5.39 8.54 9.64 | cpu  2149205526 50793345 275251110 15077572244 1685365 0 10765326 0 0 0
1791107845 1785, 2619, 39, 0x0000000000000000 | 5.39 8.54 9.64 | cpu  2149205789 50793345 275251307 15077596819 1685365 0 10765337 0 0 0
1791107846 1785, 2619, 39, 0x0000000000000000 | 5.36 8.48 9.61 | cpu  2149206077 50793345 275251531 15077622042 1685365 0 10765346 0 0 0
1791107847 1785, 2619, 39, 0x0000000000000000 | 5.36 8.48 9.61 | cpu  2149206409 50793345 275251764 15077647349 1685365 0 10765356 0 0 0
1791107848 1785, 2619, 39, 0x0000000000000000 | 5.36 8.48 9.61 | cpu  2149206748 50793346 275252082 15077674010 1685365 0 10765368 0 0 0
1791107849 1785, 2619, 39, 0x0000000000000000 | 5.36 8.48 9.61 | cpu  2149207059 50793346 275252312 15077700560 1685365 0 10765376 0 0 0
1791107851 1785, 2619, 39, 0x0000000000000000 | 5.33 8.43 9.59 | cpu  2149207375 50793346 275252517 15077725618 1685365 0 10765377 0 0 0
1791107852 1785, 2619, 39, 0x0000000000000000 | 5.33 8.43 9.59 | cpu  2149208057 50793346 275252782 15077749918 1685365 0 10765384 0 0 0
1791107853 1785, 2619, 39, 0x0000000000000000 | 5.33 8.43 9.59 | cpu  2149208346 50793346 275253134 15077773851 1685365 0 10765400 0 0 0
1791107854 1785, 2619, 39, 0x0000000000000000 | 5.33 8.43 9.59 | cpu  2149208630 50793346 275253421 15077798661 1685366 0 10765404 0 0 0
1791107855 1785, 2619, 39, 0x0000000000000000 | 5.33 8.43 9.59 | cpu  2149208900 50793346 275253708 15077823200 1685366 0 10765409 0 0 0
1791107856 1785, 2619, 39, 0x0000000000000000 | 5.30 8.37 9.56 | cpu  2149209194 50793346 275254016 15077847942 1685368 0 10765416 0 0 0
1791107857 1785, 2619, 39, 0x0000000000000000 | 5.30 8.37 9.56 | cpu  2149209500 50793346 275254332 15077872520 1685368 0 10765422 0 0 0
1791107859 1785, 2619, 39, 0x0000000000000000 | 5.30 8.37 9.56 | cpu  2149209843 50793346 275254742 15077896548 1685368 0 10765433 0 0 0
1791107860 1785, 2619, 39, 0x0000000000000000 | 5.30 8.37 9.56 | cpu  2149210123 50793346 275255121 15077921047 1685368 0 10765438 0 0 0
1791107861 1785, 2619, 39, 0x0000000000000000 | 5.28 8.31 9.54 | cpu  2149210462 50793346 275255407 15077946759 1685368 0 10765440 0 0 0
1791107862 1785, 2619, 39, 0x0000000000000000 | 5.28 8.31 9.54 | cpu  2149210776 50793346 275255621 15077972399 1685368 0 10765452 0 0 0
1791107863 1785, 2619, 39, 0x0000000000000000 | 5.28 8.31 9.54 | cpu  2149211072 50793346 275255784 15077998064 1685368 0 10765455 0 0 0
1791107864 1785, 2619, 39, 0x0000000000000000 | 5.28 8.31 9.54 | cpu  2149211334 50793346 275255915 15078024602 1685368 0 10765456 0 0 0
1791107865 1785, 2619, 39, 0x0000000000000000 | 5.42 8.29 9.52 | cpu  2149211604 50793346 275256104 15078049917 1685368 0 10765461 0 0 0
1791107867 1785, 2619, 39, 0x0000000000000000 | 5.42 8.29 9.52 | cpu  2149211899 50793346 275256315 15078074816 1685369 0 10765464 0 0 0
1791107868 1785, 2619, 39, 0x0000000000000000 | 5.42 8.29 9.52 | cpu  2149212246 50793347 275256686 15078099858 1685369 0 10765476 0 0 0
1791107869 1785, 2619, 39, 0x0000000000000000 | 5.42 8.29 9.52 | cpu  2149212603 50793347 275257139 15078126103 1685369 0 10765482 0 0 0
1791107870 1785, 2619, 39, 0x0000000000000000 | 5.42 8.29 9.52 | cpu  2149212894 50793347 275257442 15078150751 1685369 0 10765486 0 0 0
1791107871 1785, 2619, 39, 0x0000000000000000 | 5.47 8.25 9.50 | cpu  2149213239 50793347 275257728 15078176641 1685369 0 10765487 0 0 0
1791107872 1785, 2619, 39, 0x0000000000000000 | 5.47 8.25 9.50 | cpu  2149213662 50793347 275257938 15078202821 1685369 0 10765494 0 0 0
1791107874 1785, 2619, 40, 0x0000000000000000 | 5.47 8.25 9.50 | cpu  2149214192 50793347 275258069 15078227752 1685369 0 10765496 0 0 0
1791107875 1785, 2619, 43, 0x0000000000000000 | 5.47 8.25 9.50 | cpu  2149214448 50793347 275258202 15078251786 1685369 0 10765498 0 0 0
1791107876 1785, 2619, 42, 0x0000000000000000 | 5.43 8.20 9.48 | cpu  2149214767 50793348 275258374 15078277483 1685371 0 10765515 0 0 0
1791107877 1785, 2619, 44, 0x0000000000000000 | 5.43 8.20 9.48 | cpu  2149215173 50793348 275258754 15078302166 1685371 0 10765530 0 0 0
1791107878 1785, 2619, 45, 0x0000000000000000 | 5.43 8.20 9.48 | cpu  2149215529 50793348 275259031 15078327533 1685371 0 10765533 0 0 0
1791107879 1785, 2619, 44, 0x0000000000000000 | 5.43 8.20 9.48 | cpu  2149215865 50793348 275259404 15078353459 1685371 0 10765541 0 0 0
1791107881 1785, 2619, 43, 0x0000000000000000 | 5.63 8.19 9.47 | cpu  2149216246 50793348 275260330 15078376913 1685371 0 10765550 0 0 0
1791107882 1785, 2619, 44, 0x0000000000000000 | 5.63 8.19 9.47 | cpu  2149216600 50793349 275260699 15078401606 1685371 0 10765566 0 0 0
1791107883 1785, 2619, 44, 0x0000000000000000 | 5.63 8.19 9.47 | cpu  2149216942 50793349 275260998 15078426928 1685371 0 10765572 0 0 0
1791107884 1785, 2619, 45, 0x0000000000000000 | 5.63 8.19 9.47 | cpu  2149217248 50793349 275261345 15078451094 1685371 0 10765584 0 0 0
1791107885 1785, 2619, 45, 0x0000000000000000 | 5.63 8.19 9.47 | cpu  2149217514 50793349 275261572 15078476431 1685371 0 10765589 0 0 0
1791107886 1785, 2619, 45, 0x0000000000000000 | 5.50 8.12 9.44 | cpu  2149217825 50793349 275261849 15078501430 1685371 0 10765598 0 0 0
1791107887 1785, 2619, 46, 0x0000000000000000 | 5.50 8.12 9.44 | cpu  2149218247 50793349 275262288 15078526727 1685371 0 10765615 0 0 0
1791107889 1785, 2619, 47, 0x0000000000000000 | 5.50 8.12 9.44 | cpu  2149218600 50793349 275262601 15078551753 1685371 0 10765625 0 0 0
1791107890 1785, 2619, 45, 0x0000000000000000 | 5.50 8.12 9.44 | cpu  2149218898 50793349 275263025 15078576581 1685371 0 10765639 0 0 0
1791107891 1785, 2619, 46, 0x0000000000000000 | 5.70 8.12 9.43 | cpu  2149219440 50793349 275263528 15078602238 1685371 0 10765661 0 0 0
1791107892 1785, 2619, 47, 0x0000000000000000 | 5.70 8.12 9.43 | cpu  2149219941 50793349 275264606 15078626958 1685371 0 10765685 0 0 0
1791107893 1785, 2619, 46, 0x0000000000000000 | 5.70 8.12 9.43 | cpu  2149220482 50793349 275264936 15078652187 1685371 0 10765714 0 0 0
1791107894 1785, 2619, 47, 0x0000000000000000 | 5.70 8.12 9.43 | cpu  2149221102 50793349 275265184 15078676294 1685371 0 10765739 0 0 0
1791107896 1785, 2619, 48, 0x0000000000000000 | 5.65 8.07 9.41 | cpu  2149221399 50793349 275265415 15078700987 1685371 0 10765742 0 0 0
1791107897 1785, 2619, 48, 0x0000000000000000 | 5.65 8.07 9.41 | cpu  2149221690 50793349 275265614 15078725226 1685371 0 10765746 0 0 0
1791107898 1785, 2619, 49, 0x0000000000000000 | 5.65 8.07 9.41 | cpu  2149221963 50793349 275265746 15078750219 1685371 0 10765747 0 0 0
1791107899 1785, 2619, 48, 0x0000000000000000 | 5.65 8.07 9.41 | cpu  2149222245 50793349 275265902 15078774958 1685371 0 10765752 0 0 0
1791107900 1785, 2619, 48, 0x0000000000000000 | 5.65 8.07 9.41 | cpu  2149222520 50793349 275266089 15078799480 1685371 0 10765755 0 0 0
1791107901 1785, 2619, 49, 0x0000000000000000 | 5.59 8.02 9.39 | cpu  2149222840 50793349 275266320 15078825147 1685371 0 10765759 0 0 0
1791107902 1785, 2619, 50, 0x0000000000000000 | 5.59 8.02 9.39 | cpu  2149223185 50793349 275266643 15078849935 1685371 0 10765783 0 0 0
1791107903 1785, 2619, 49, 0x0000000000000000 | 5.59 8.02 9.39 | cpu  2149223510 50793350 275266950 15078874798 1685371 0 10765790 0 0 0
1791107905 1785, 2619, 47, 0x0000000000000000 | 5.59 8.02 9.39 | cpu  2149223766 50793350 275267172 15078899749 1685371 0 10765798 0 0 0
1791107906 1785, 2619, 46, 0x0000000000000000 | 5.55 7.97 9.36 | cpu  2149224044 50793350 275267456 15078924101 1685372 0 10765802 0 0 0
1791107907 1785, 2619, 46, 0x0000000000000000 | 5.55 7.97 9.36 | cpu  2149224290 50793350 275267731 15078949652 1685372 0 10765804 0 0 0
1791107908 1785, 2619, 46, 0x0000000000000000 | 5.55 7.97 9.36 | cpu  2149224524 50793350 275268000 15078975530 1685372 0 10765805 0 0 0
1791107909 1785, 2619, 45, 0x0000000000000000 | 5.55 7.97 9.36 | cpu  2149224721 50793350 275268187 15078999935 1685372 0 10765807 0 0 0
1791107910 1785, 2619, 45, 0x0000000000000000 | 5.42 7.90 9.33 | cpu  2149224955 50793350 275268446 15079024294 1685372 0 10765809 0 0 0
1791107911 1785, 2619, 45, 0x0000000000000000 | 5.42 7.90 9.33 | cpu  2149225210 50793350 275268684 15079049191 1685372 0 10765809 0 0 0
1791107913 1785, 2619, 45, 0x0000000000000000 | 5.42 7.90 9.33 | cpu  2149225441 50793350 275268939 15079073608 1685372 0 10765810 0 0 0
1791107914 1785, 2619, 44, 0x0000000000000000 | 5.42 7.90 9.33 | cpu  2149225726 50793350 275269227 15079098403 1685372 0 10765815 0 0 0
1791107915 1785, 2619, 44, 0x0000000000000000 | 5.42 7.90 9.33 | cpu  2149226294 50793350 275269509 15079123056 1685373 0 10765820 0 0 0
1791107916 1785, 2619, 44, 0x0000000000000000 | 5.31 7.84 9.30 | cpu  2149226536 50793350 275269784 15079148991 1685373 0 10765826 0 0 0
1791107917 1785, 2619, 44, 0x0000000000000000 | 5.31 7.84 9.30 | cpu  2149226804 50793350 275270171 15079174031 1685373 0 10765852 0 0 0
1791107918 1785, 2619, 44, 0x0000000000000000 | 5.31 7.84 9.30 | cpu  2149227045 50793351 275270490 15079199116 1685373 0 10765862 0 0 0
1791107919 1785, 2619, 44, 0x0000000000000000 | 5.31 7.84 9.30 | cpu  2149227278 50793351 275270793 15079224314 1685373 0 10765878 0 0 0
1791107921 1785, 2619, 43, 0x0000000000000000 | 5.20 7.77 9.28 | cpu  2149227509 50793351 275271090 15079248147 1685373 0 10765882 0 0 0
1791107922 1785, 2619, 43, 0x0000000000000000 | 5.20 7.77 9.28 | cpu  2149227766 50793352 275271332 15079273135 1685373 0 10765882 0 0 0
1791107923 1785, 2619, 43, 0x0000000000000000 | 5.20 7.77 9.28 | cpu  2149228006 50793352 275271589 15079297976 1685373 0 10765883 0 0 0
1791107924 1785, 2619, 43, 0x0000000000000000 | 5.20 7.77 9.28 | cpu  2149228232 50793352 275271825 15079326001 1685373 0 10765883 0 0 0
1791107925 1785, 2619, 43, 0x0000000000000000 | 5.19 7.73 9.25 | cpu  2149228457 50793352 275272022 15079351340 1685373 0 10765886 0 0 0
1791107926 1785, 2619, 43, 0x0000000000000000 | 5.19 7.73 9.25 | cpu  2149228692 50793352 275272292 15079375997 1685373 0 10765886 0 0 0
1791107928 1785, 2619, 43, 0x0000000000000000 | 5.19 7.73 9.25 | cpu  2149228918 50793352 275272573 15079401177 1685373 0 10765890 0 0 0
1791107929 1785, 2619, 43, 0x0000000000000000 | 5.19 7.73 9.25 | cpu  2149229183 50793352 275272886 15079427261 1685373 0 10765897 0 0 0
1791107930 1785, 2619, 42, 0x0000000000000000 | 5.19 7.73 9.25 | cpu  2149229426 50793352 275273230 15079452033 1685373 0 10765921 0 0 0
1791107931 1785, 2619, 42, 0x0000000000000000 | 5.17 7.68 9.23 | cpu  2149229707 50793352 275273630 15079477172 1685373 0 10765943 0 0 0
1791107932 1785, 2619, 42, 0x0000000000000000 | 5.17 7.68 9.23 | cpu  2149229984 50793352 275273966 15079501422 1685373 0 10765946 0 0 0
1791107933 1785, 2619, 42, 0x0000000000000000 | 5.17 7.68 9.23 | cpu  2149230242 50793352 275274276 15079526421 1685373 0 10765952 0 0 0
1791107934 1785, 2619, 42, 0x0000000000000000 | 5.17 7.68 9.23 | cpu  2149230427 50793352 275274588 15079550947 1685373 0 10765954 0 0 0
1791107936 1785, 2619, 42, 0x0000000000000000 | 5.00 7.60 9.20 | cpu  2149230706 50793352 275274704 15079576213 1685373 0 10765955 0 0 0
1791107937 1785, 2619, 42, 0x0000000000000000 | 5.00 7.60 9.20 | cpu  2149231194 50793352 275274912 15079600757 1685373 0 10765958 0 0 0
1791107938 1785, 2619, 42, 0x0000000000000000 | 5.00 7.60 9.20 | cpu  2149231447 50793352 275275271 15079625541 1685382 0 10765965 0 0 0
1791107939 1785, 2619, 42, 0x0000000000000000 | 5.00 7.60 9.20 | cpu  2149231714 50793352 275275583 15079652299 1685387 0 10765973 0 0 0
1791107940 1785, 2619, 42, 0x0000000000000000 | 5.00 7.60 9.20 | cpu  2149232046 50793353 275275910 15079677214 1685387 0 10765988 0 0 0
1791107941 1785, 2619, 41, 0x0000000000000000 | 5.08 7.58 9.18 | cpu  2149232369 50793353 275276198 15079701462 1685387 0 10765992 0 0 0
1791107942 1785, 2619, 41, 0x0000000000000000 | 5.08 7.58 9.18 | cpu  2149232772 50793353 275276514 15079726969 1685387 0 10765996 0 0 0
1791107944 1785, 2619, 41, 0x0000000000000000 | 5.08 7.58 9.18 | cpu  2149233110 50793353 275276786 15079751750 1685387 0 10766004 0 0 0
1791107945 1785, 2619, 41, 0x0000000000000000 | 5.08 7.58 9.18 | cpu  2149233332 50793353 275276955 15079776703 1685387 0 10766005 0 0 0
1791107946 1785, 2619, 41, 0x0000000000000000 | 4.91 7.50 9.14 | cpu  2149233583 50793353 275277108 15079801716 1685387 0 10766011 0 0 0
1791107947 1785, 2619, 41, 0x0000000000000000 | 4.91 7.50 9.14 | cpu  2149233864 50793353 275277290 15079827440 1685387 0 10766018 0 0 0
1791107948 1785, 2619, 41, 0x0000000000000000 | 4.91 7.50 9.14 | cpu  2149234134 50793353 275277478 15079852717 1685387 0 10766024 0 0 0
