1791107951 0, 0, 97.70
1791107952 0, 0, 65.40
1791107954 4, 0, 65.34
1791107955 4, 0, 65.20
1791107956 4, 0, 65.40
1791107957 4, 0, 65.28
1791107958 4, 0, 65.21
1791107959 4, 0, 65.17
1791107960 727, 0, 82.78
1791107962 727, 0, 94.00
1791107963 727, 0, 93.99
1791107964 795, 0, 93.99
1791107965 16257, 1, 94.16
1791107966 16257, 12, 94.24
1791107967 16267, 19, 99.65
1791107969 16277, 19, 101.50
1791107970 16287, 15, 101.55
1791107971 16297, 15, 101.78
1791107972 16309, 15, 101.69
1791107973 16321, 15, 100.88
1791107974 16331, 18, 101.53
1791107975 17683, 15, 102.03
1791107977 18931, 0, 99.84
1791107978 18931, 0, 94.16
1791107979 18931, 0, 94.02
1791107980 16869, 0, 94.17
1791107981 16869, 0, 94.05
1791107982 16879, 0, 93.92
1791107984 16995, 0, 93.89
1791107985 17315, 1, 93.89
1791107986 17615, 1, 93.79
1791107987 17955, 1, 93.85
1791107988 19301, 0, 94.39
1791107990 19301, 0, 93.92
1791107991 19301, 5, 94.13
1791107992 19301, 4, 94.15
1791107993 21041, 3, 95.10
1791107994 21041, 1, 94.00
1791107995 21041, 4, 93.90
1791107996 21041, 0, 93.92
1791107998 21041, 0, 93.95
1791107999 21041, 0, 93.86
1791108000 21041, 1, 93.83
1791108001 21041, 0, 93.88
1791108002 21041, 3, 93.88
1791108003 21041, 3, 93.85
1791108005 21041, 4, 93.83
1791108006 21041, 0, 93.76
1791108007 21041, 2, 93.81
1791108008 21041, 0, 93.83
1791108009 21041, 3, 93.78
1791108010 21041, 1, 93.74
1791108012 21041, 2, 93.81
1791108013 21041, 0, 93.85
1791108014 21041, 0, 93.76
1791108015 21041, 0, 93.73
1791108016 21041, 2, 93.74
1791108017 21041, 1, 93.70
1791108018 21041, 0, 93.74
1791108019 21041, 0, 93.67
1791108021 21041, 4, 93.74
1791108022 21041, 2, 93.76
1791108023 21041, 1, 93.80
1791108024 21041, 0, 93.70
1791108025 21041, 2, 93.78
1791108026 21041, 0, 93.73
1791108027 21041, 0, 93.76
1791108029 21041, 0, 93.67
1791108030 21041, 0, 93.68
1791108031 21041, 4, 93.75
1791108032 21041, 0, 93.66
1791108033 21041, 1, 93.76
1791108034 21041, 0, 93.63
1791108035 21041, 2, 93.71
1791108037 21041, 0, 93.78
1791108038 21041, 1, 93.63
1791108039 21041, 0, 93.64
1791108040 21041, 2, 93.68
1791108041 21041, 2, 93.69
1791108042 21041, 0, 93.65
1791108044 21041, 0, 93.64
1791108045 21041, 2, 93.62
1791108046 21041, 0, 93.60
1791108047 21041, 0, 93.54
1791108048 21051, 0, 93.65
1791108049 21053, 0, 116.20
1791108050 21057, 25, 175.12
1791108052 19311, 0, 146.59
1791108053 20139, 0, 105.28
1791108054 20211, 0, 94.29
1791108055 22783, 27, 159.93
1791108056 22851, 63, 213.52
1791108057 23823, 35, 199.85
1791108058 24211, 9, 218.60
1791108060 24241, 46, 204.59
1791108061 24241, 46, 205.87
1791108062 24251, 13, 211.81
1791108063 24263, 44, 188.14
1791108064 24263, 28, 174.15
1791108065 24281, 39, 182.04
1791108067 24281, 43, 190.46
1791108068 24281, 38, 157.89
1791108069 24281, 43, 186.04
1791108070 24281, 29, 185.21
1791108071 24281, 40, 179.20
1791108072 24285, 12, 193.43
1791108074 24285, 29, 179.22
1791108075 24285, 0, 95.82
1791108076 24285, 0, 95.72
1791108077 24285, 0, 95.83
1791108078 24285, 0, 95.68
1791108079 24285, 0, 95.72
1791108081 24285, 0, 95.75
1791108082 24285, 0, 95.88
1791108083 24285, 0, 95.74
1791108084 24285, 0, 95.63
1791108085 24285, 0, 95.64
1791108086 24285, 0, 95.62
1791108087 24285, 0, 95.69
1791108089 24285, 0, 95.72
1791108090 24285, 0, 95.55
1791108091 24285, 0, 95.50
1791108092 24285, 0, 95.68
1791108093 24285, 0, 95.55
1791108094 24285, 0, 95.51
1791108096 24285, 0, 95.47
1791108097 24285, 0, 95.50
1791108098 24285, 0, 95.58
1791108099 24285, 0, 95.41
1791108100 24285, 0, 95.56
1791108101 24285, 0, 95.51
1791108103 24285, 0, 95.57
1791108104 24285, 0, 95.65
1791108105 24285, 0, 95.61
1791108106 24285, 0, 95.52
1791108107 24285, 0, 95.38
1791108109 24285, 0, 95.49
1791108110 24285, 0, 95.62
1791108111 24285, 0, 95.50
1791108112 24285, 0, 95.45
1791108113 24285, 0, 95.53
1791108114 24285, 0, 95.44
1791108116 24285, 0, 95.64
1791108117 24285, 0, 95.57
1791108118 24285, 0, 95.61
1791108119 24285, 0, 95.41
1791108120 24285, 0, 95.66
1791108121 24285, 0, 95.68
1791108122 24285, 0, 95.54
1791108124 24285, 0, 95.50
1791108125 24285, 0, 95.45
1791108126 24285, 0, 95.52
1791108127 24285, 0, 95.61
1791108128 24285, 0, 95.56
1791108129 24285, 0, 95.49
1791108130 24285, 0, 95.60
1791108132 24285, 0, 95.53
1791108133 24285, 0, 95.61
1791108134 24285, 0, 95.52
1791108135 24285, 0, 95.48
1791108136 24285, 0, 95.63
1791108137 24285, 0, 95.56
1791108139 24285, 0, 95.64
1791108140 24285, 0, 95.63
1791108141 24285, 0, 95.63
1791108142 24285, 0, 95.59
1791108143 24285, 0, 95.52
1791108144 24285, 0, 95.51
1791108145 24285, 0, 95.57
1791108147 24285, 0, 95.49
1791108148 24285, 0, 95.44
1791108149 24285, 0, 95.49
1791108150 24285, 0, 95.57
1791108151 24285, 0, 95.60
1791108152 24285, 0, 95.70
1791108153 24285, 0, 95.65
1791108155 24285, 0, 95.61
1791108156 24285, 0, 95.59
1791108157 24285, 0, 95.71
1791108158 24285, 0, 95.55
1791108159 24285, 0, 95.66
1791108160 24285, 0, 95.63
1791108162 24285, 0, 95.65
1791108163 24285, 0, 95.64
1791108164 24285, 0, 95.61
1791108165 24285, 0, 95.61
1791108166 24285, 0, 95.60
1791108167 24285, 0, 95.67
1791108168 24285, 0, 95.55
1791108170 24285, 0, 95.69
1791108171 24285, 0, 95.70
1791108172 24285, 0, 95.65
1791108173 24285, 0, 95.64
1791108174 24285, 0, 95.67
1791108175 24285, 0, 95.71
1791108176 24285, 0, 95.75
1791108178 24285, 0, 95.63
1791108179 24285, 0, 95.64
1791108180 24285, 0, 95.72
1791108181 24285, 0, 95.78
1791108182 24285, 0, 95.68
1791108183 24285, 0, 95.61
1791108184 24285, 0, 95.66
1791108186 24285, 0, 95.61
1791108187 24285, 0, 95.63
1791108188 24285, 0, 95.63
1791108189 24285, 0, 95.62
1791108190 24285, 0, 95.66
1791108191 24285, 0, 95.74
1791108192 24285, 0, 95.68
1791108194 24285, 0, 95.77
1791108195 24285, 0, 95.78
1791108196 24285, 0, 95.66
1791108197 24285, 0, 95.70
1791108198 24285, 0, 95.72
1791108199 24285, 32, 197.65
1791108200 24285, 56, 183.80
1791108201 24285, 44, 191.10
1791108203 24287, 47, 201.77
1791108204 24287, 38, 196.16
1791108205 24289, 47, 213.94
1791108206 24289, 56, 218.46
1791108207 24289, 42, 205.61
1791108208 24289, 58, 205.99
1791108209 24291, 9, 205.69
1791108211 24291, 31, 222.09
1791108212 24291, 45, 201.49
1791108213 24293, 32, 208.52
1791108214 24293, 51, 221.47
1791108215 24293, 52, 217.01
1791108216 24295, 43, 209.48
1791108217 24295, 49, 217.36
1791108219 24295, 21, 208.82
1791108220 24295, 46, 194.15
1791108221 24299, 45, 217.13
1791108222 24299, 46, 195.40
1791108223 24299, 54, 199.41
1791108224 24299, 45, 203.09
1791108225 24299, 50, 211.93
1791108227 24299, 53, 214.36
1791108228 24301, 53, 219.20
1791108229 24321, 42, 230.31
1791108230 24323, 58, 231.54
1791108231 24323, 58, 217.32
1791108232 24323, 53, 218.16
1791108233 24325, 21, 191.18
1791108235 24325, 54, 232.02
1791108236 24325, 54, 247.16
1791108237 24325, 18, 227.36
1791108238 24327, 55, 202.09
1791108239 24327, 43, 223.07
1791108240 24327, 4, 100.33
1791108242 24327, 2, 99.82
1791108243 24327, 4, 99.69
1791108244 24327, 0, 99.58
1791108245 24327, 0, 99.35
1791108246 24327, 0, 99.28
1791108247 24327, 0, 99.26
1791108249 24327, 2, 99.15
1791108250 24327, 2, 99.07
1791108251 24327, 0, 98.87
1791108252 24327, 2, 98.78
1791108253 24327, 4, 98.75
1791108254 24327, 4, 98.75
1791108255 24327, 4, 98.78
1791108257 24327, 0, 98.68
1791108258 24327, 0, 98.14
1791108259 24327, 0, 98.11
1791108260 24327, 0, 98.07
1791108261 24327, 0, 98.07
1791108262 24327, 0, 98.07
1791108263 24327, 0, 98.06
1791108265 24327, 0, 98.03
1791108266 24327, 0, 97.77
1791108267 24327, 0, 97.62
1791108268 24327, 0, 97.58
1791108269 24327, 0, 97.55
1791108270 24327, 0, 97.58
1791108272 24327, 0, 97.58
1791108273 24327, 0, 97.58
1791108274 24327, 0, 97.56
1791108275 24327, 0, 100.05
