1791107477 0, 0, 88.21
1791107478 0, 0, 65.58
1791107479 4, 0, 65.55
1791107480 4, 0, 65.46
1791107482 4, 0, 65.41
1791107483 4, 0, 65.28
1791107484 4, 0, 65.19
1791107485 4, 0, 65.15
1791107486 22, 0, 65.40
1791107487 727, 0, 94.11
1791107489 727, 0, 94.25
1791107490 727, 0, 94.25
1791107491 795, 0, 94.23
1791107492 16257, 0, 94.28
1791107493 16263, 20, 97.31
1791107494 16273, 20, 102.21
1791107496 16283, 19, 101.16
1791107497 16293, 15, 100.46
1791107498 16305, 14, 101.02
1791107499 16317, 18, 102.44
1791107500 16329, 18, 101.93
1791107501 17079, 19, 101.08
1791107503 18931, 17, 101.50
1791107504 18931, 0, 94.15
1791107505 18931, 0, 94.09
1791107506 16869, 0, 94.26
1791107507 16869, 0, 94.01
1791107508 16869, 0, 93.99
1791107510 16895, 0, 93.97
1791107511 17175, 0, 93.93
1791107512 17475, 1, 93.90
1791107514 17815, 1, 93.90
1791107515 19301, 1, 94.38
1791107516 19301, 0, 93.95
1791107517 19301, 5, 94.09
1791107518 19301, 5, 94.22
1791107519 21041, 4, 94.75
1791107520 21041, 4, 94.10
1791107522 21041, 0, 94.02
1791107523 21041, 0, 94.03
1791107524 21041, 0, 93.99
1791107525 21041, 2, 93.95
1791107526 21041, 0, 93.82
1791107528 21041, 0, 93.87
1791107529 21041, 1, 93.86
1791107530 21041, 2, 93.80
1791107531 21041, 1, 93.87
1791107532 21041, 2, 93.74
1791107533 21041, 2, 93.73
1791107535 21041, 2, 93.75
1791107536 21041, 0, 93.70
1791107537 21041, 3, 93.69
1791107538 21041, 0, 93.73
1791107539 21041, 2, 93.46
1791107540 21041, 2, 93.02
1791107542 21041, 0, 93.05
1791107543 21041, 0, 93.06
1791107544 21041, 2, 93.04
1791107545 21041, 2, 93.04
1791107546 21041, 2, 93.10
1791107547 21041, 4, 93.06
1791107549 21041, 0, 93.04
1791107550 21041, 1, 93.05
1791107551 21041, 4, 93.09
1791107552 21041, 4, 93.01
1791107553 21041, 0, 93.05
1791107554 21041, 0, 93.02
1791107555 21041, 0, 93.02
1791107557 21041, 0, 93.00
1791107558 21041, 0, 93.00
1791107559 21041, 2, 92.95
1791107560 21041, 4, 92.92
1791107561 21041, 1, 92.88
1791107562 21041, 2, 93.03
1791107564 21041, 1, 93.02
1791107565 21041, 1, 92.98
1791107566 21041, 4, 93.04
1791107567 21041, 0, 93.02
1791107568 21041, 0, 92.95
1791107569 21041, 0, 92.94
1791107571 21041, 0, 92.99
1791107572 21041, 0, 92.83
1791107573 21051, 0, 93.06
1791107574 21053, 35, 129.71
1791107575 21057, 52, 172.62
1791107576 19311, 0, 149.04
1791107577 20115, 0, 93.12
1791107579 20203, 0, 107.80
1791107580 22783, 43, 158.23
1791107581 22845, 63, 184.80
1791107582 23823, 40, 190.89
1791107583 24211, 33, 231.58
1791107584 24237, 50, 207.44
1791107586 24241, 51, 193.41
1791107587 24251, 53, 210.22
1791107588 24251, 37, 223.88
1791107589 24267, 53, 213.74
1791107590 24269, 61, 215.37
1791107592 24269, 35, 181.05
1791107593 24269, 58, 234.11
1791107594 24269, 55, 201.85
1791107595 24273, 28, 210.00
1791107596 24273, 53, 212.34
1791107597 24273, 53, 232.46
1791107599 24273, 10, 202.40
1791107600 24275, 42, 211.36
1791107601 24275, 55, 212.28
1791107602 24277, 55, 222.81
1791107603 24277, 54, 235.29
1791107604 24277, 60, 232.46
1791107606 24279, 37, 203.25
1791107607 24279, 41, 238.66
1791107608 24279, 31, 212.40
1791107609 24281, 33, 237.70
1791107610 24281, 58, 234.76
1791107612 24283, 54, 230.99
1791107613 24283, 66, 231.96
1791107614 24283, 66, 237.72
1791107615 24283, 54, 207.57
1791107616 24287, 42, 205.69
1791107617 24287, 47, 215.05
1791107618 24287, 53, 231.66
1791107620 24287, 57, 224.76
1791107621 24287, 17, 208.80
1791107622 24289, 59, 232.66
1791107623 24309, 67, 246.15
1791107624 24311, 65, 236.92
1791107625 24311, 0, 236.13
1791107626 24313, 5, 227.55
1791107628 24313, 40, 221.65
1791107629 24313, 62, 246.59
1791107630 24313, 56, 250.68
1791107631 24315, 63, 221.77
1791107632 24315, 49, 236.58
1791107633 24315, 0, 104.31
1791107634 24315, 0, 98.06
1791107636 24315, 0, 97.75
1791107637 24315, 2, 97.60
1791107638 24315, 1, 97.47
1791107639 24315, 0, 97.31
1791107640 24315, 4, 97.17
1791107641 24315, 3, 97.06
1791107643 24315, 0, 96.96
1791107644 24315, 2, 96.79
1791107645 24315, 1, 96.63
1791107646 24315, 2, 96.56
1791107647 24315, 0, 96.47
1791107648 24315, 1, 96.36
1791107649 24315, 3, 96.25
1791107651 24315, 4, 96.11
1791107652 24315, 0, 96.03
1791107653 24315, 2, 96.06
1791107654 24315, 0, 95.79
1791107655 24315, 1, 95.76
1791107656 24315, 0, 95.63
1791107658 24315, 4, 95.57
1791107659 24315, 4, 95.66
1791107660 24315, 4, 95.81
1791107661 24315, 0, 95.36
1791107662 24315, 0, 95.09
1791107663 24315, 0, 95.24
