1791239694 637, 7001, 51, 0x0000000000000000 | 63.87 64.37 51.79 | cpu  434505754 194386218 120306759 12867160308 550015 0 2659404 0 0 0
1791239696 405, 7001, 50, 0x0000000000000000 | 59.24 63.40 51.54 | cpu  434507954 194386218 120307277 12867187791 550015 0 2659408 0 0 0
1791239697 240, 810, 50, 0x0000000000000000 | 59.24 63.40 51.54 | cpu  434510557 194386218 120308873 12867211446 550015 0 2659413 0 0 0
1791239698 180, 405, 50, 0x0000000000000000 | 59.24 63.40 51.54 | cpu  434513188 194386218 120310810 12867237170 550015 0 2659422 0 0 0
1791239699 180, 405, 49, 0x0000000000000000 | 59.24 63.40 51.54 | cpu  434513935 194386218 120310984 12867266548 550016 0 2659423 0 0 0
1791239700 180, 405, 49, 0x0000000000000000 | 55.06 62.46 51.31 | cpu  434514535 194386218 120311161 12867296522 550016 0 2659427 0 0 0
1791239701 180, 405, 49, 0x0000000000000000 | 55.06 62.46 51.31 | cpu  434518004 194386218 120312810 12867320801 550016 0 2659434 0 0 0
1791239703 180, 405, 49, 0x0000000000000000 | 55.06 62.46 51.31 | cpu  434520708 194386218 120314097 12867347694 550049 0 2659440 0 0 0
1791239704 180, 405, 49, 0x0000000000000000 | 55.06 62.46 51.31 | cpu  434525252 194386218 120316455 12867373158 550049 0 2659460 0 0 0
1791239705 180, 14001, 49, 0x0000000000000000 | 55.06 62.46 51.31 | cpu  434529413 194386218 120319798 12867396009 550087 0 2659466 0 0 0
1791239706 2430, 13801, 50, 0x0000000000000000 | 51.05 61.51 51.06 | cpu  434533074 194386218 120320916 12867422692 550087 0 2659472 0 0 0
1791239708 2430, 13801, 50, 0x0000000000000000 | 51.05 61.51 51.06 | cpu  434537800 194386218 120325945 12867442994 550087 0 2659482 0 0 0
1791239709 2430, 13801, 50, 0x0000000000000000 | 51.05 61.51 51.06 | cpu  434539499 194386218 120327009 12867469417 550221 0 2659488 0 0 0
1791239710 2430, 13801, 50, 0x0000000000000000 | 51.05 61.51 51.06 | cpu  434540196 194386218 120327298 12867498804 550222 0 2659491 0 0 0
1791239711 2430, 13801, 50, 0x0000000000000000 | 47.44 60.59 50.81 | cpu  434543044 194386222 120328681 12867524065 550222 0 2659509 0 0 0
1791239712 2437, 13801, 50, 0x0000000000000000 | 47.44 60.59 50.81 | cpu  434544726 194386222 120329170 12867551510 550222 0 2659519 0 0 0
1791239713 2430, 13801, 50, 0x0000000000000000 | 47.44 60.59 50.81 | cpu  434545566 194386222 120329607 12867579132 550222 0 2659541 0 0 0
1791239715 2437, 13801, 51, 0x0000000000000000 | 47.44 60.59 50.81 | cpu  434548334 194386222 120331353 12867604011 550224 0 2659578 0 0 0
1791239716 2437, 13801, 51, 0x0000000000000000 | 44.20 59.70 50.58 | cpu  434550980 194386222 120333340 12867630262 550224 0 2659583 0 0 0
1791239717 2467, 13801, 51, 0x0000000000000000 | 44.20 59.70 50.58 | cpu  434552412 194386222 120334006 12867658006 550224 0 2659590 0 0 0
1791239718 2460, 13801, 51, 0x0000000000000000 | 44.20 59.70 50.58 | cpu  434553305 194386222 120334541 12867685527 550224 0 2659592 0 0 0
1791239719 2467, 13801, 51, 0x0000000000000000 | 44.20 59.70 50.58 | cpu  434555081 194386222 120335618 12867713337 550224 0 2659594 0 0 0
1791239720 2445, 13801, 51, 0x0000000000000000 | 41.30 58.84 50.35 | cpu  434556522 194386222 120336557 12867740986 550224 0 2659603 0 0 0
1791239722 2437, 13801, 51, 0x0000000000000000 | 41.30 58.84 50.35 | cpu  434559884 194386222 120338925 12867763927 550224 0 2659614 0 0 0
1791239723 2467, 13801, 51, 0x0000000000000000 | 41.30 58.84 50.35 | cpu  434561838 194386222 120340079 12867790822 550224 0 2659617 0 0 0
1791239724 2460, 13801, 51, 0x0000000000000000 | 41.30 58.84 50.35 | cpu  434566811 194386222 120344133 12867810237 550224 0 2659621 0 0 0
1791239725 2467, 13801, 50, 0x0000000000000000 | 41.30 58.84 50.35 | cpu  434572415 194386222 120349244 12867829923 550224 0 2659631 0 0 0
1791239726 2467, 13801, 51, 0x0000000000000000 | 38.55 57.98 50.12 | cpu  434573863 194386222 120349548 12867857460 550225 0 2659633 0 0 0
1791239727 2467, 13801, 51, 0x0000000000000000 | 38.55 57.98 50.12 | cpu  434577688 194386222 120350000 12867882631 550225 0 2659637 0 0 0
1791239728 2430, 13801, 50, 0x0000000000000000 | 38.55 57.98 50.12 | cpu  434583619 194386222 120351563 12867904682 550225 0 2659648 0 0 0
1791239730 2430, 13801, 50, 0x0000000000000000 | 38.55 57.98 50.12 | cpu  434588541 194386222 120352256 12867929067 550270 0 2659653 0 0 0
1791239731 2437, 13801, 50, 0x0000000000000000 | 36.43 57.21 49.91 | cpu  434592736 194386222 120352764 12867952909 550307 0 2659660 0 0 0
1791239732 2430, 13801, 50, 0x0000000000000000 | 36.43 57.21 49.91 | cpu  434596501 194386222 120354617 12867976927 550307 0 2659667 0 0 0
1791239733 2430, 13801, 50, 0x0000000000000000 | 36.43 57.21 49.91 | cpu  434598897 194386222 120356614 12868001847 550307 0 2659677 0 0 0
1791239734 2430, 13801, 51, 0x0000000000000000 | 36.43 57.21 49.91 | cpu  434600194 194386222 120357089 12868028992 550307 0 2659682 0 0 0
1791239735 2430, 13801, 50, 0x0000000000000000 | 34.07 56.38 49.68 | cpu  434601549 194386222 120357489 12868057523 550307 0 2659688 0 0 0
1791239736 2430, 13801, 50, 0x0000000000000000 | 34.07 56.38 49.68 | cpu  434603428 194386222 120357958 12868084383 550308 0 2659692 0 0 0
1791239738 2430, 13801, 50, 0x0000000000000000 | 34.07 56.38 49.68 | cpu  434606394 194386222 120359335 12868108901 550308 0 2659703 0 0 0
1791239739 2430, 13801, 50, 0x0000000000000000 | 34.07 56.38 49.68 | cpu  434609103 194386222 120360554 12868134159 550308 0 2659712 0 0 0
1791239740 2430, 13801, 50, 0x0000000000000000 | 34.07 56.38 49.68 | cpu  434611380 194386222 120361913 12868159450 550308 0 2659720 0 0 0
1791239741 2430, 13801, 50, 0x0000000000000000 | 31.82 55.54 49.45 | cpu  434614900 194386222 120364480 12868183291 550308 0 2659727 0 0 0
1791239742 2430, 13801, 50, 0x0000000000000000 | 31.82 55.54 49.45 | cpu  434619950 194386222 120368999 12868204365 550317 0 2659734 0 0 0
1791239743 2632, 13801, 51, 0x0000000000000000 | 31.82 55.54 49.45 | cpu  434622680 194386223 120372379 12868228047 550317 0 2659741 0 0 0
1791239745 2430, 13801, 50, 0x0000000000000000 | 31.82 55.54 49.45 | cpu  434623940 194386223 120372593 12868255540 550317 0 2659747 0 0 0
1791239746 2452, 13801, 50, 0x0000000000000000 | 29.75 54.72 49.21 | cpu  434626125 194386223 120373733 12868280981 550317 0 2659752 0 0 0
1791239747 2430, 13801, 50, 0x0000000000000000 | 29.75 54.72 49.21 | cpu  434627098 194386223 120374084 12868308927 550318 0 2659756 0 0 0
1791239748 2430, 13801, 50, 0x0000000000000000 | 29.75 54.72 49.21 | cpu  434628206 194386223 120374554 12868337175 550318 0 2659759 0 0 0
1791239749 2430, 13801, 50, 0x0000000000000000 | 29.75 54.72 49.21 | cpu  434631220 194386223 120375888 12868362252 550330 0 2659765 0 0 0
1791239750 2430, 13801, 50, 0x0000000000000000 | 27.93 53.93 48.99 | cpu  434632991 194386223 120377860 12868387456 550385 0 2659770 0 0 0
1791239751 2430, 13801, 50, 0x0000000000000000 | 27.93 53.93 48.99 | cpu  434633516 194386223 120378111 12868416997 550385 0 2659771 0 0 0
1791239753 2430, 13801, 50, 0x0000000000000000 | 27.93 53.93 48.99 | cpu  434634234 194386223 120378518 12868445191 550385 0 2659773 0 0 0
1791239754 2430, 13801, 50, 0x0000000000000000 | 27.93 53.93 48.99 | cpu  434634731 194386223 120378806 12868474184 550386 0 2659774 0 0 0
1791239755 2430, 13801, 50, 0x0000000000000000 | 27.93 53.93 48.99 | cpu  434637136 194386223 120380573 12868498900 550481 0 2659785 0 0 0
1791239756 2430, 13801, 50, 0x0000000000000000 | 26.26 53.15 48.76 | cpu  434637764 194386223 120380898 12868526688 550481 0 2659788 0 0 0
1791239757 2430, 13801, 50, 0x0000000000000000 | 26.26 53.15 48.76 | cpu  434642647 194386223 120384070 12868546922 550481 0 2659800 0 0 0
1791239758 2430, 13801, 50, 0x0000000000000000 | 26.26 53.15 48.76 | cpu  434644685 194386223 120386052 12868572158 550481 0 2659808 0 0 0
1791239759 2430, 13801, 50, 0x0000000000000000 | 26.26 53.15 48.76 | cpu  434647658 194386223 120386994 12868597205 550482 0 2659812 0 0 0
1791239761 2430, 13801, 50, 0x0000000000000000 | 24.63 52.36 48.53 | cpu  434652743 194386223 120392137 12868617815 550485 0 2659823 0 0 0
1791239762 2430, 13801, 50, 0x0000000000000000 | 24.63 52.36 48.53 | cpu  434654083 194386223 120392628 12868645617 550485 0 2659824 0 0 0
1791239763 2430, 13801, 50, 0x0000000000000000 | 24.63 52.36 48.53 | cpu  434657069 194386223 120394286 12868671030 550485 0 2659830 0 0 0
1791239764 2430, 13801, 50, 0x0000000000000000 | 24.63 52.36 48.53 | cpu  434657608 194386223 120394550 12868700071 550485 0 2659835 0 0 0
1791239765 2430, 13801, 50, 0x0000000000000000 | 33.39 53.72 48.99 | cpu  434658843 194386223 120394938 12868727926 550485 0 2659837 0 0 0
1791239766 2430, 13801, 51, 0x0000000000000000 | 33.39 53.72 48.99 | cpu  434664833 194386223 120396995 12868749877 550486 0 2659843 0 0 0
1791239768 2430, 13801, 51, 0x0000000000000000 | 33.39 53.72 48.99 | cpu  434667886 194386223 120398694 12868774527 550503 0 2659848 0 0 0
1791239769 2430, 13801, 50, 0x0000000000000000 | 33.39 53.72 48.99 | cpu  434669210 194386223 120399028 12868801915 550503 0 2659850 0 0 0
1791239770 2430, 13801, 51, 0x0000000000000000 | 33.39 53.72 48.99 | cpu  434670360 194386223 120399416 12868829559 550503 0 2659852 0 0 0
1791239771 2430, 13801, 51, 0x0000000000000000 | 31.36 52.96 48.77 | cpu  434672396 194386223 120400669 12868855481 550503 0 2659861 0 0 0
1791239772 2430, 13801, 51, 0x0000000000000000 | 31.36 52.96 48.77 | cpu  434673322 194386223 120401243 12868882913 550503 0 2659865 0 0 0
1791239773 2430, 13801, 51, 0x0000000000000000 | 31.36 52.96 48.77 | cpu  434673758 194386223 120401710 12868911968 550503 0 2659885 0 0 0
1791239775 2430, 13801, 51, 0x0000000000000000 | 31.36 52.96 48.77 | cpu  434678644 194386223 120406028 12868932414 550503 0 2659898 0 0 0
1791239776 2430, 13801, 51, 0x0000000000000000 | 29.25 52.16 48.53 | cpu  434679627 194386223 120407411 12868959262 550503 0 2659901 0 0 0
1791239777 2430, 13801, 50, 0x0000000000000000 | 29.25 52.16 48.53 | cpu  434682136 194386223 120408835 12868985512 550503 0 2659906 0 0 0
1791239778 2430, 13801, 50, 0x0000000000000000 | 29.25 52.16 48.53 | cpu  434686077 194386223 120412370 12869008098 550503 0 2659916 0 0 0
1791239779 2430, 13801, 50, 0x0000000000000000 | 29.25 52.16 48.53 | cpu  434688159 194386223 120414435 12869033643 550504 0 2659922 0 0 0
1791239780 2430, 13801, 50, 0x0000000000000000 | 27.31 51.38 48.30 | cpu  434690532 194386223 120415789 12869059115 550532 0 2659930 0 0 0
1791239781 2430, 13801, 50, 0x0000000000000000 | 27.31 51.38 48.30 | cpu  434690955 194386223 120416099 12869087077 550532 0 2659931 0 0 0
1791239783 2430, 13801, 50, 0x0000000000000000 | 27.31 51.38 48.30 | cpu  434691623 194386224 120416432 12869115384 550570 0 2659935 0 0 0
1791239784 2430, 13801, 50, 0x0000000000000000 | 27.31 51.38 48.30 | cpu  434694500 194386224 120417793 12869140720 550572 0 2659943 0 0 0
1791239785 2430, 13801, 50, 0x0000000000000000 | 27.31 51.38 48.30 | cpu  434696009 194386224 120419752 12869167220 550572 0 2659949 0 0 0
1791239786 2430, 13801, 50, 0x0000000000000000 | 25.52 50.61 48.07 | cpu  434696813 194386224 120419945 12869195203 550572 0 2659954 0 0 0
1791239787 2430, 13801, 50, 0x0000000000000000 | 25.52 50.61 48.07 | cpu  434697278 194386224 120420126 12869223284 550572 0 2659959 0 0 0
1791239788 2430, 13801, 50, 0x0000000000000000 | 25.52 50.61 48.07 | cpu  434699284 194386224 120421425 12869248883 550572 0 2659966 0 0 0
1791239789 2430, 13801, 50, 0x0000000000000000 | 25.52 50.61 48.07 | cpu  434699978 194386224 120421825 12869276800 550668 0 2659969 0 0 0
1791239791 2430, 13801, 50, 0x0000000000000000 | 23.96 49.87 47.84 | cpu  434700765 194386224 120422214 12869305333 550668 0 2659969 0 0 0
1791239792 2430, 13801, 50, 0x0000000000000000 | 23.96 49.87 47.84 | cpu  434705361 194386224 120426080 12869327797 550676 0 2659980 0 0 0
1791239793 2430, 13801, 50, 0x0000000000000000 | 23.96 49.87 47.84 | cpu  434707148 194386224 120427590 12869354656 550676 0 2659987 0 0 0
1791239794 2430, 13801, 50, 0x0000000000000000 | 23.96 49.87 47.84 | cpu  434707738 194386224 120428097 12869383420 550676 0 2659989 0 0 0
1791239795 2430, 13801, 50, 0x0000000000000000 | 22.52 49.14 47.62 | cpu  434712482 194386224 120431059 12869404617 550677 0 2659997 0 0 0
1791239796 2430, 13801, 50, 0x0000000000000000 | 22.52 49.14 47.62 | cpu  434715921 194386224 120434136 12869428670 550678 0 2660004 0 0 0
1791239798 2430, 13801, 50, 0x0000000000000000 | 22.52 49.14 47.62 | cpu  434718202 194386224 120435627 12869454279 550678 0 2660021 0 0 0
1791239799 2430, 13801, 50, 0x0000000000000000 | 22.52 49.14 47.62 | cpu  434718664 194386224 120435867 12869483339 550678 0 2660023 0 0 0
1791239800 2430, 13801, 50, 0x0000000000000000 | 22.52 49.14 47.62 | cpu  434719521 194386224 120436080 12869511864 550679 0 2660025 0 0 0
1791239801 2430, 13801, 50, 0x0000000000000000 | 21.27 48.44 47.40 | cpu  434723797 194386225 120438126 12869536078 550679 0 2660030 0 0 0
1791239802 2430, 13801, 50, 0x0000000000000000 | 21.27 48.44 47.40 | cpu  434725258 194386225 120439302 12869562092 550679 0 2660034 0 0 0
1791239803 2430, 13801, 50, 0x0000000000000000 | 21.27 48.44 47.40 | cpu  434726494 194386225 120439677 12869589756 550679 0 2660036 0 0 0
1791239805 2430, 13801, 50, 0x0000000000000000 | 21.27 48.44 47.40 | cpu  434728391 194386225 120440950 12869617881 550679 0 2660045 0 0 0
1791239806 2430, 13801, 50, 0x0000000000000000 | 20.05 47.74 47.17 | cpu  434728886 194386225 120441284 12869646273 550680 0 2660048 0 0 0
1791239807 2437, 13801, 50, 0x0000000000000000 | 20.05 47.74 47.17 | cpu  434730063 194386225 120441912 12869673479 550714 0 2660050 0 0 0
1791239808 2430, 13801, 50, 0x0000000000000000 | 20.05 47.74 47.17 | cpu  434734086 194386225 120444552 12869697012 550714 0 2660055 0 0 0
1791239809 2467, 13801, 50, 0x0000000000000000 | 20.05 47.74 47.17 | cpu  434736522 194386225 120446388 12869722146 550718 0 2660064 0 0 0
1791239810 2430, 13801, 50, 0x0000000000000000 | 18.93 47.04 46.95 | cpu  434738596 194386225 120447633 12869747842 550718 0 2660074 0 0 0
1791239812 2932, 13801, 52, 0x0000000000000000 | 18.93 47.04 46.95 | cpu  434739472 194386225 120448316 12869775658 550718 0 2660083 0 0 0
1791239813 2932, 13801, 53, 0x0000000000000000 | 18.93 47.04 46.95 | cpu  434743446 194386225 120451064 12869798483 550718 0 2660085 0 0 0
1791239814 2932, 13801, 54, 0x0000000000000000 | 18.93 47.04 46.95 | cpu  434747354 194386225 120454152 12869821041 550718 0 2660089 0 0 0
1791239815 2932, 13801, 54, 0x0000000000000000 | 18.93 47.04 46.95 | cpu  434749412 194386225 120455573 12869847021 550718 0 2660096 0 0 0
1791239816 2932, 13801, 53, 0x0000000000000000 | 17.89 46.36 46.73 | cpu  434750140 194386225 120455884 12869875061 550718 0 2660102 0 0 0
1791239817 2940, 13801, 52, 0x0000000000000000 | 17.89 46.36 46.73 | cpu  434750612 194386225 120456152 12869903594 550718 0 2660102 0 0 0
1791239818 2505, 13801, 53, 0x0000000000000000 | 17.89 46.36 46.73 | cpu  434753544 194386225 120458024 12869926572 550720 0 2660110 0 0 0
1791239820 2940, 13801, 52, 0x0000000000000000 | 17.89 46.36 46.73 | cpu  434755769 194386225 120460113 12869949861 550777 0 2660117 0 0 0
1791239821 2610, 13801, 53, 0x0000000000000000 | 17.02 45.71 46.52 | cpu  434756477 194386225 120460350 12869978221 550777 0 2660120 0 0 0
1791239822 2932, 13801, 53, 0x0000000000000000 | 17.02 45.71 46.52 | cpu  434758468 194386225 120461571 12870003629 550777 0 2660127 0 0 0
1791239823 2932, 13801, 55, 0x0000000000000000 | 17.02 45.71 46.52 | cpu  434758921 194386225 120461907 12870032364 550777 0 2660137 0 0 0
1791239824 2932, 13801, 55, 0x0000000000000000 | 17.02 45.71 46.52 | cpu  434760670 194386225 120462495 12870059584 550777 0 2660141 0 0 0
1791239825 2925, 13801, 55, 0x0000000000000000 | 17.02 45.71 46.52 | cpu  434764676 194386225 120464906 12870081425 550777 0 2660149 0 0 0
1791239826 2932, 13801, 56, 0x0000000000000000 | 16.22 45.07 46.31 | cpu  434766832 194386225 120466080 12870106946 550777 0 2660154 0 0 0
1791239827 2932, 13801, 55, 0x0000000000000000 | 16.22 45.07 46.31 | cpu  434769021 194386225 120467248 12870132592 550777 0 2660162 0 0 0
1791239829 2932, 13801, 55, 0x0000000000000000 | 16.22 45.07 46.31 | cpu  434769856 194386225 120467656 12870160899 550778 0 2660168 0 0 0
1791239830 2925, 13801, 56, 0x0000000000000000 | 16.22 45.07 46.31 | cpu  434773205 194386225 120471178 12870182150 550778 0 2660177 0 0 0
1791239831 2932, 13801, 56, 0x0000000000000000 | 15.40 44.42 46.09 | cpu  434776278 194386225 120472773 12870205663 550778 0 2660183 0 0 0
1791239832 2932, 13801, 56, 0x0000000000000000 | 15.40 44.42 46.09 | cpu  434778524 194386225 120474502 12870229350 550778 0 2660186 0 0 0
1791239833 2932, 13801, 57, 0x0000000000000000 | 15.40 44.42 46.09 | cpu  434780400 194386226 120475782 12870255442 550778 0 2660190 0 0 0
1791239834 2932, 13801, 57, 0x0000000000000000 | 15.40 44.42 46.09 | cpu  434781128 194386226 120476088 12870283386 550778 0 2660192 0 0 0
1791239835 2932, 13801, 57, 0x0000000000000000 | 35.22 48.05 47.26 | cpu  434783324 194386226 120477432 12870309896 550778 0 2660198 0 0 0
1791239837 2932, 13801, 56, 0x0000000000000000 | 35.22 48.05 47.26 | cpu  434786355 194386226 120480024 12870334162 550793 0 2660203 0 0 0
1791239838 2932, 13801, 57, 0x0000000000000000 | 35.22 48.05 47.26 | cpu  434787132 194386226 120480296 12870363421 550793 0 2660207 0 0 0
1791239839 2932, 13801, 56, 0x0000000000000000 | 35.22 48.05 47.26 | cpu  434789174 194386226 120481523 12870392229 550793 0 2660214 0 0 0
1791239840 2932, 13801, 57, 0x0000000000000000 | 35.22 48.05 47.26 | cpu  434789828 194386226 120481810 12870420568 550793 0 2660215 0 0 0
1791239841 2932, 13801, 57, 0x0000000000000000 | 32.88 47.35 47.03 | cpu  434790752 194386226 120482342 12870448186 550793 0 2660220 0 0 0
1791239842 2932, 13801, 57, 0x0000000000000000 | 32.88 47.35 47.03 | cpu  434794142 194386226 120485278 12870471831 550793 0 2660226 0 0 0
1791239844 2932, 13801, 57, 0x0000000000000000 | 32.88 47.35 47.03 | cpu  434796038 194386226 120486795 12870497453 550793 0 2660237 0 0 0
1791239845 2932, 13801, 58, 0x0000000000000000 | 32.88 47.35 47.03 | cpu  434796476 194386226 120487142 12870526164 550793 0 2660238 0 0 0
1791239846 2932, 13801, 58, 0x0000000000000000 | 30.73 46.66 46.81 | cpu  434800283 194386226 120489948 12870548947 550793 0 2660248 0 0 0
1791239847 2932, 13801, 59, 0x0000000000000000 | 30.73 46.66 46.81 | cpu  434802270 194386226 120492234 12870573186 550793 0 2660254 0 0 0
1791239848 2932, 13801, 59, 0x0000000000000000 | 30.73 46.66 46.81 | cpu  434803200 194386226 120492852 12870601262 550793 0 2660255 0 0 0
1791239849 2932, 13801, 59, 0x0000000000000000 | 30.73 46.66 46.81 | cpu  434806971 194386227 120495251 12870623792 550793 0 2660261 0 0 0
1791239850 2932, 13801, 59, 0x0000000000000000 | 28.83 46.00 46.60 | cpu  434809149 194386228 120497212 12870648993 550801 0 2660264 0 0 0
1791239852 2932, 13801, 59, 0x0000000000000000 | 28.83 46.00 46.60 | cpu  434809950 194386228 120497610 12870677486 550801 0 2660266 0 0 0
1791239853 2932, 13801, 58, 0x0000000000000000 | 28.83 46.00 46.60 | cpu  434812671 194386228 120499056 12870701785 550801 0 2660270 0 0 0
1791239854 2932, 13801, 59, 0x0000000000000000 | 28.83 46.00 46.60 | cpu  434815042 194386228 120501135 12870727383 550801 0 2660274 0 0 0
1791239855 2932, 13801, 59, 0x0000000000000000 | 28.83 46.00 46.60 | cpu  434816200 194386228 120501487 12870754793 550801 0 2660276 0 0 0
1791239856 2925, 13801, 59, 0x0000000000000000 | 27.16 45.37 46.39 | cpu  434818707 194386228 120502810 12870780819 550801 0 2660284 0 0 0
1791239857 2932, 13801, 60, 0x0000000000000000 | 27.16 45.37 46.39 | cpu  434819684 194386228 120503384 12870809207 550801 0 2660289 0 0 0
1791239858 2932, 13801, 59, 0x0000000000000000 | 27.16 45.37 46.39 | cpu  434821360 194386228 120504241 12870834903 550801 0 2660294 0 0 0
1791239860 2932, 13801, 59, 0x0000000000000000 | 27.16 45.37 46.39 | cpu  434825808 194386228 120506942 12870857013 550802 0 2660300 0 0 0
1791239861 2932, 13801, 60, 0x0000000000000000 | 25.55 44.73 46.18 | cpu  434828164 194386228 120508353 12870881651 550802 0 2660313 0 0 0
1791239862 2932, 13801, 60, 0x0000000000000000 | 25.55 44.73 46.18 | cpu  434829334 194386228 120508873 12870909230 550802 0 2660316 0 0 0
1791239863 2932, 13801, 60, 0x0000000000000000 | 25.55 44.73 46.18 | cpu  434832795 194386228 120511176 12870933418 550802 0 2660324 0 0 0
1791239864 2932, 13801, 60, 0x0000000000000000 | 25.55 44.73 46.18 | cpu  434835190 194386228 120513402 12870956680 550803 0 2660329 0 0 0
1791239865 2932, 13801, 60, 0x0000000000000000 | 25.55 44.73 46.18 | cpu  434836385 194386228 120513736 12870983865 550803 0 2660331 0 0 0
1791239866 2932, 13801, 60, 0x0000000000000000 | 24.14 44.12 45.97 | cpu  434838614 194386228 120514695 12871010653 550803 0 2660336 0 0 0
1791239868 2932, 13801, 60, 0x0000000000000000 | 24.14 44.12 45.97 | cpu  434842521 194386228 120518066 12871031805 550820 0 2660345 0 0 0
1791239869 2932, 13801, 60, 0x0000000000000000 | 24.14 44.12 45.97 | cpu  434843144 194386228 120518291 12871060176 550820 0 2660345 0 0 0
1791239870 2925, 13801, 61, 0x0000000000000000 | 24.14 44.12 45.97 | cpu  434844936 194386228 120518929 12871086728 550823 0 2660350 0 0 0
1791239871 2932, 13801, 60, 0x0000000000000000 | 22.61 43.47 45.75 | cpu  434849870 194386228 120521856 12871107212 550823 0 2660358 0 0 0
1791239872 2850, 13801, 60, 0x0000000000000000 | 22.61 43.47 45.75 | cpu  434852494 194386228 120523578 12871131525 550823 0 2660364 0 0 0
1791239873 2932, 13801, 59, 0x0000000000000000 | 22.61 43.47 45.75 | cpu  434857701 194386228 120524838 12871153787 550834 0 2660369 0 0 0
1791239874 2932, 13801, 61, 0x0000000000000000 | 22.61 43.47 45.75 | cpu  434861502 194386228 120525089 12871178499 550834 0 2660371 0 0 0
1791239875 2932, 13801, 60, 0x0000000000000000 | 38.18 46.35 46.67 | cpu  434865095 194386228 120525543 12871204790 550834 0 2660376 0 0 0
1791239877 2932, 13801, 60, 0x0000000000000000 | 38.18 46.35 46.67 | cpu  434869323 194386228 120528702 12871225993 550834 0 2660386 0 0 0
1791239878 2925, 13801, 61, 0x0000000000000000 | 38.18 46.35 46.67 | cpu  434869919 194386228 120528845 12871254103 550834 0 2660387 0 0 0
1791239879 2932, 13801, 61, 0x0000000000000000 | 38.18 46.35 46.67 | cpu  434871976 194386228 120530038 12871280897 550834 0 2660394 0 0 0
1791239880 2932, 13801, 61, 0x0000000000000000 | 38.18 46.35 46.67 | cpu  434874468 194386228 120530837 12871305713 550834 0 2660398 0 0 0
1791239881 2932, 13801, 61, 0x0000000000000000 | 35.60 45.68 46.46 | cpu  434877456 194386228 120532274 12871330723 550834 0 2660401 0 0 0
1791239882 2932, 13801, 60, 0x0000000000000000 | 35.60 45.68 46.46 | cpu  434881790 194386228 120535371 12871352152 550834 0 2660410 0 0 0
1791239883 2932, 13801, 61, 0x0000000000000000 | 35.60 45.68 46.46 | cpu  434882449 194386228 120535730 12871380599 550834 0 2660413 0 0 0
1791239885 2932, 13801, 61, 0x0000000000000000 | 35.60 45.68 46.46 | cpu  434884311 194386228 120537011 12871408304 550834 0 2660420 0 0 0
1791239886 2932, 13801, 61, 0x0000000000000000 | 32.99 44.97 46.22 | cpu  434886785 194386229 120538557 12871431982 550835 0 2660422 0 0 0
1791239887 2932, 13801, 61, 0x0000000000000000 | 32.99 44.97 46.22 | cpu  434889046 194386229 120540374 12871456653 550847 0 2660426 0 0 0
1791239888 2932, 13801, 61, 0x0000000000000000 | 32.99 44.97 46.22 | cpu  434891789 194386229 120541728 12871481555 550847 0 2660430 0 0 0
1791239889 2932, 13801, 62, 0x0000000000000000 | 32.99 44.97 46.22 | cpu  434893809 194386229 120543561 12871506074 550847 0 2660434 0 0 0
1791239890 2932, 13801, 60, 0x0000000000000000 | 32.99 44.97 46.22 | cpu  434895824 194386229 120544568 12871531598 550847 0 2660439 0 0 0
1791239891 2932, 13801, 61, 0x0000000000000000 | 30.83 44.33 46.01 | cpu  434896534 194386229 120544863 12871559062 550848 0 2660444 0 0 0
1791239892 2925, 13801, 62, 0x0000000000000000 | 30.83 44.33 46.01 | cpu  434897365 194386229 120545269 12871588104 550848 0 2660450 0 0 0
1791239894 2932, 13801, 61, 0x0000000000000000 | 30.83 44.33 46.01 | cpu  434901244 194386229 120548374 12871610369 550848 0 2660457 0 0 0
1791239895 2932, 13801, 61, 0x0000000000000000 | 30.83 44.33 46.01 | cpu  434902281 194386229 120548598 12871637920 550848 0 2660460 0 0 0
1791239896 2932, 13801, 60, 0x0000000000000000 | 51.98 48.49 47.34 | cpu  434904114 194386229 120549783 12871663709 550849 0 2660466 0 0 0
1791239897 2932, 13801, 62, 0x0000000000000000 | 51.98 48.49 47.34 | cpu  434904640 194386229 120550068 12871692116 550850 0 2660470 0 0 0
1791239898 2932, 13801, 62, 0x0000000000000000 | 51.98 48.49 47.34 | cpu  434907514 194386229 120551735 12871716455 550850 0 2660476 0 0 0
1791239899 2932, 13801, 62, 0x0000000000000000 | 51.98 48.49 47.34 | cpu  434909369 194386229 120553684 12871741728 550850 0 2660480 0 0 0
1791239900 2932, 13801, 61, 0x0000000000000000 | 48.46 47.82 47.13 | cpu  434911123 194386229 120555317 12871767976 550850 0 2660487 0 0 0
1791239902 2932, 13801, 61, 0x0000000000000000 | 48.46 47.82 47.13 | cpu  434911702 194386229 120555633 12871795067 550850 0 2660490 0 0 0
1791239903 2932, 13801, 61, 0x0000000000000000 | 48.46 47.82 47.13 | cpu  434913560 194386229 120557044 12871819876 550850 0 2660496 0 0 0
1791239904 2932, 13801, 62, 0x0000000000000000 | 48.46 47.82 47.13 | cpu  434917064 194386229 120560414 12871842267 550851 0 2660504 0 0 0
1791239905 2925, 13801, 62, 0x0000000000000000 | 48.46 47.82 47.13 | cpu  434918261 194386229 120561204 12871869617 550851 0 2660506 0 0 0
1791239906 2925, 13801, 62, 0x0000000000000000 | 45.06 47.12 46.91 | cpu  434922148 194386229 120563589 12871892421 550851 0 2660511 0 0 0
1791239907 2932, 13801, 61, 0x0000000000000000 | 45.06 47.12 46.91 | cpu  434924149 194386229 120564744 12871918429 550851 0 2660516 0 0 0
1791239908 2932, 13801, 62, 0x0000000000000000 | 45.06 47.12 46.91 | cpu  434924640 194386229 120565017 12871947066 550851 0 2660520 0 0 0
1791239910 2932, 13801, 62, 0x0000000000000000 | 45.06 47.12 46.91 | cpu  434926830 194386229 120566410 12871972329 550851 0 2660522 0 0 0
1791239911 2932, 13801, 62, 0x0000000000000000 | 41.93 46.44 46.69 | cpu  434929356 194386229 120568606 12871997686 550851 0 2660527 0 0 0
1791239912 2925, 13801, 62, 0x0000000000000000 | 41.93 46.44 46.69 | cpu  434931306 194386229 120569292 12872024072 550890 0 2660530 0 0 0
1791239913 2932, 13801, 62, 0x0000000000000000 | 41.93 46.44 46.69 | cpu  434933242 194386229 120570382 12872049875 550890 0 2660540 0 0 0
1791239914 2932, 13801, 62, 0x0000000000000000 | 41.93 46.44 46.69 | cpu  434933793 194386229 120570618 12872078002 550890 0 2660540 0 0 0
1791239915 2932, 13801, 61, 0x0000000000000000 | 41.93 46.44 46.69 | cpu  434936977 194386229 120572362 12872102380 550890 0 2660543 0 0 0
1791239916 2932, 13801, 62, 0x0000000000000000 | 39.05 45.77 46.47 | cpu  434939263 194386229 120574726 12872125829 550891 0 2660549 0 0 0
1791239918 2917, 13801, 63, 0x0000000000000000 | 39.05 45.77 46.47 | cpu  434941221 194386229 120576046 12872154172 550891 0 2660557 0 0 0
1791239919 2932, 13801, 62, 0x0000000000000000 | 39.05 45.77 46.47 | cpu  434941723 194386229 120576335 12872181932 550891 0 2660557 0 0 0
1791239920 2917, 13801, 61, 0x0000000000000000 | 39.05 45.77 46.47 | cpu  434943440 194386229 120577618 12872207219 550892 0 2660563 0 0 0
1791239921 2917, 13801, 62, 0x0000000000000000 | 36.49 45.12 46.26 | cpu  434945742 194386229 120579154 12872232266 550892 0 2660572 0 0 0
1791239922 2917, 13801, 63, 0x0000000000000000 | 36.49 45.12 46.26 | cpu  434947811 194386229 120581346 12872255870 550893 0 2660578 0 0 0
1791239923 2917, 13801, 62, 0x0000000000000000 | 36.49 45.12 46.26 | cpu  434950622 194386229 120583004 12872280782 550893 0 2660584 0 0 0
1791239924 2917, 13801, 63, 0x0000000000000000 | 36.49 45.12 46.26 | cpu  434954025 194386229 120585632 12872302753 550893 0 2660590 0 0 0
1791239925 2917, 13801, 63, 0x0000000000000000 | 34.13 44.49 46.05 | cpu  434954498 194386229 120585980 12872330838 550893 0 2660595 0 0 0
1791239927 2917, 13801, 63, 0x0000000000000000 | 34.13 44.49 46.05 | cpu  434956789 194386229 120587512 12872357455 550893 0 2660600 0 0 0
1791239928 2932, 13801, 63, 0x0000000000000000 | 34.13 44.49 46.05 | cpu  434958986 194386229 120589796 12872381608 550893 0 2660604 0 0 0
1791239929 2917, 13801, 64, 0x0000000000000000 | 34.13 44.49 46.05 | cpu  434960096 194386229 120590155 12872409263 550897 0 2660612 0 0 0
1791239930 2917, 13801, 63, 0x0000000000000000 | 34.13 44.49 46.05 | cpu  434961918 194386229 120591211 12872434227 550897 0 2660620 0 0 0
1791239931 2917, 13801, 63, 0x0000000000000000 | 31.87 43.85 45.83 | cpu  434962383 194386229 120591493 12872462807 550897 0 2660622 0 0 0
1791239932 2917, 13801, 63, 0x0000000000000000 | 31.87 43.85 45.83 | cpu  434965213 194386229 120593256 12872486097 550898 0 2660625 0 0 0
1791239933 2917, 13801, 64, 0x0000000000000000 | 31.87 43.85 45.83 | cpu  434967174 194386229 120595121 12872512095 550898 0 2660628 0 0 0
1791239935 2917, 13801, 64, 0x0000000000000000 | 31.87 43.85 45.83 | cpu  434967873 194386229 120595373 12872540028 550898 0 2660631 0 0 0
1791239936 2917, 13801, 63, 0x0000000000000000 | 29.88 43.24 45.62 | cpu  434969996 194386230 120596723 12872565499 550898 0 2660639 0 0 0
1791239937 2917, 13801, 64, 0x0000000000000000 | 29.88 43.24 45.62 | cpu  434971897 194386230 120597994 12872591720 550898 0 2660646 0 0 0
1791239938 2910, 13801, 64, 0x0000000000000000 | 29.88 43.24 45.62 | cpu  434972460 194386230 120598618 12872619668 550903 0 2660648 0 0 0
1791239939 2917, 13801, 64, 0x0000000000000000 | 29.88 43.24 45.62 | cpu  434975280 194386230 120600829 12872644696 550903 0 2660655 0 0 0
1791239940 2917, 13801, 63, 0x0000000000000000 | 29.88 43.24 45.62 | cpu  434979842 194386230 120603568 12872666039 550903 0 2660662 0 0 0
1791239941 2917, 13801, 63, 0x0000000000000000 | 27.97 42.62 45.41 | cpu  434983302 194386230 120606218 12872689084 550944 0 2660673 0 0 0
1791239943 2917, 13801, 63, 0x0000000000000000 | 27.97 42.62 45.41 | cpu  434984378 194386230 120606752 12872716729 550944 0 2660676 0 0 0
1791239944 2917, 13801, 64, 0x0000000000000000 | 27.97 42.62 45.41 | cpu  434986482 194386230 120607922 12872742799 550944 0 2660679 0 0 0
1791239945 2917, 13801, 64, 0x0000000000000000 | 27.97 42.62 45.41 | cpu  434990159 194386230 120610158 12872765628 550944 0 2660682 0 0 0
1791239946 2917, 13801, 64, 0x0000000000000000 | 27.89 42.36 45.31 | cpu  434991576 194386230 120610770 12872793990 550944 0 2660684 0 0 0
1791239947 2917, 13801, 64, 0x0000000000000000 | 27.89 42.36 45.31 | cpu  434993830 194386230 120612114 12872819993 550944 0 2660694 0 0 0
1791239948 2917, 13801, 63, 0x0000000000000000 | 27.89 42.36 45.31 | cpu  434994688 194386230 120612470 12872847701 550944 0 2660698 0 0 0
1791239949 2917, 13801, 63, 0x0000000000000000 | 27.89 42.36 45.31 | cpu  434998466 194386230 120614562 12872870261 550959 0 2660704 0 0 0
1791239951 2910, 13801, 64, 0x0000000000000000 | 26.22 41.77 45.11 | cpu  435000043 194386230 120615846 12872896965 550959 0 2660708 0 0 0
1791239952 2917, 13801, 64, 0x0000000000000000 | 26.22 41.77 45.11 | cpu  435000812 194386230 120616018 12872924693 550959 0 2660710 0 0 0
1791239953 2917, 13801, 64, 0x0000000000000000 | 26.22 41.77 45.11 | cpu  435001599 194386233 120616329 12872952850 550959 0 2660713 0 0 0
1791239954 2917, 13801, 63, 0x0000000000000000 | 26.22 41.77 45.11 | cpu  435003414 194386233 120617518 12872979084 550959 0 2660722 0 0 0
1791239955 2917, 13801, 64, 0x0000000000000000 | 26.22 41.77 45.11 | cpu  435005448 194386233 120618742 12873005061 550959 0 2660731 0 0 0
1791239956 2917, 13801, 63, 0x0000000000000000 | 24.60 41.18 44.90 | cpu  435006358 194386233 120619150 12873033471 550960 0 2660739 0 0 0
1791239957 2917, 13801, 63, 0x0000000000000000 | 24.60 41.18 44.90 | cpu  435011343 194386233 120622298 12873055239 550960 0 2660747 0 0 0
1791239959 2917, 13801, 63, 0x0000000000000000 | 24.60 41.18 44.90 | cpu  435016820 194386233 120626404 12873074183 550960 0 2660760 0 0 0
1791239960 2917, 13801, 64, 0x0000000000000000 | 24.60 41.18 44.90 | cpu  435017387 194386233 120626734 12873102609 550960 0 2660764 0 0 0
1791239961 2917, 13801, 64, 0x0000000000000000 | 23.11 40.60 44.69 | cpu  435019483 194386233 120627719 12873130402 550960 0 2660764 0 0 0
1791239962 2917, 13801, 64, 0x0000000000000000 | 23.11 40.60 44.69 | cpu  435022249 194386233 120630168 12873155129 550960 0 2660769 0 0 0
1791239963 2917, 13801, 64, 0x0000000000000000 | 23.11 40.60 44.69 | cpu  435024196 194386233 120631381 12873181167 550960 0 2660780 0 0 0
1791239964 2917, 13801, 64, 0x0000000000000000 | 23.11 40.60 44.69 | cpu  435027053 194386234 120632176 12873205786 550960 0 2660782 0 0 0
1791239965 2917, 13801, 64, 0x0000000000000000 | 21.74 40.02 44.48 | cpu  435029159 194386234 120633421 12873231911 550960 0 2660788 0 0 0
1791239967 2917, 13801, 63, 0x0000000000000000 | 21.74 40.02 44.48 | cpu  435034482 194386234 120635964 12873253584 550960 0 2660792 0 0 0
1791239968 2917, 13801, 64, 0x0000000000000000 | 21.74 40.02 44.48 | cpu  435035744 194386234 120636216 12873280811 550960 0 2660795 0 0 0
1791239969 2910, 13801, 64, 0x0000000000000000 | 21.74 40.02 44.48 | cpu  435036386 194386234 120636448 12873309378 550960 0 2660796 0 0 0
1791239970 2917, 13801, 64, 0x0000000000000000 | 21.74 40.02 44.48 | cpu  435037367 194386234 120636720 12873336819 550960 0 2660799 0 0 0
1791239971 2917, 13801, 64, 0x0000000000000000 | 20.48 39.46 44.27 | cpu  435038486 194386234 120636967 12873363867 550961 0 2660806 0 0 0
1791239972 2917, 13801, 63, 0x0000000000000000 | 20.48 39.46 44.27 | cpu  435043460 194386234 120639499 12873385442 550961 0 2660818 0 0 0
1791239973 2917, 13801, 64, 0x0000000000000000 | 20.48 39.46 44.27 | cpu  435045398 194386234 120639971 12873412013 550961 0 2660822 0 0 0
1791239975 2917, 13801, 64, 0x0000000000000000 | 20.48 39.46 44.27 | cpu  435045929 194386234 120640278 12873440105 550961 0 2660824 0 0 0
1791239976 2917, 13801, 63, 0x0000000000000000 | 19.40 38.92 44.07 | cpu  435051306 194386234 120643444 12873459467 550961 0 2660831 0 0 0
1791239977 2917, 13801, 63, 0x0000000000000000 | 19.40 38.92 44.07 | cpu  435054859 194386234 120646321 12873481831 550970 0 2660839 0 0 0
1791239978 2910, 13801, 64, 0x0000000000000000 | 19.40 38.92 44.07 | cpu  435055873 194386234 120646555 12873510107 550971 0 2660842 0 0 0
1791239979 2917, 13801, 64, 0x0000000000000000 | 19.40 38.92 44.07 | cpu  435059204 194386234 120649686 12873531793 550971 0 2660844 0 0 0
1791239980 2917, 13801, 63, 0x0000000000000000 | 19.40 38.92 44.07 | cpu  435061086 194386234 120650748 12873557813 550971 0 2660855 0 0 0
1791239981 2917, 13801, 64, 0x0000000000000000 | 18.24 38.35 43.86 | cpu  435062284 194386234 120651117 12873587518 550971 0 2660856 0 0 0
1791239983 2917, 13801, 64, 0x0000000000000000 | 18.24 38.35 43.86 | cpu  435065163 194386234 120652260 12873613718 550971 0 2660863 0 0 0
1791239984 2917, 13801, 63, 0x0000000000000000 | 18.24 38.35 43.86 | cpu  435067562 194386234 120654400 12873636965 550971 0 2660868 0 0 0
1791239985 2917, 13801, 64, 0x0000000000000000 | 18.24 38.35 43.86 | cpu  435068825 194386234 120654776 12873663516 550971 0 2660873 0 0 0
1791239986 2917, 13801, 63, 0x0000000000000000 | 17.26 37.82 43.66 | cpu  435069380 194386234 120655043 12873691575 550973 0 2660879 0 0 0
1791239987 2910, 13801, 64, 0x0000000000000000 | 17.26 37.82 43.66 | cpu  435070128 194386234 120655310 12873720013 550973 0 2660884 0 0 0
1791239988 2917, 13801, 64, 0x0000000000000000 | 17.26 37.82 43.66 | cpu  435071208 194386234 120655613 12873748447 550973 0 2660887 0 0 0
1791239989 2917, 13801, 64, 0x0000000000000000 | 17.26 37.82 43.66 | cpu  435073164 194386234 120656823 12873773466 550977 0 2660895 0 0 0
1791239990 2917, 13801, 63, 0x0000000000000000 | 16.44 37.30 43.46 | cpu  435075196 194386235 120658200 12873799486 550977 0 2660906 0 0 0
1791239992 2917, 13801, 64, 0x0000000000000000 | 16.44 37.30 43.46 | cpu  435075874 194386235 120658510 12873827443 550977 0 2660909 0 0 0
1791239993 2917, 13801, 63, 0x0000000000000000 | 16.44 37.30 43.46 | cpu  435079970 194386235 120661013 12873848849 550977 0 2660920 0 0 0
1791239994 2917, 13801, 64, 0x0000000000000000 | 16.44 37.30 43.46 | cpu  435083721 194386235 120664328 12873869827 550977 0 2660927 0 0 0
1791239995 2917, 13801, 63, 0x0000000000000000 | 16.44 37.30 43.46 | cpu  435087672 194386235 120666633 12873893347 550978 0 2660932 0 0 0
1791239996 2917, 13801, 64, 0x0000000000000000 | 15.60 36.78 43.26 | cpu  435089507 194386236 120668575 12873919960 550979 0 2660941 0 0 0
1791239997 2917, 13801, 62, 0x0000000000000000 | 15.60 36.78 43.26 | cpu  435091472 194386236 120670019 12873945511 550979 0 2660945 0 0 0
1791239998 2917, 13801, 64, 0x0000000000000000 | 15.60 36.78 43.26 | cpu  435092442 194386236 120670292 12873973703 550979 0 2660946 0 0 0
1791240000 2917, 13801, 63, 0x0000000000000000 | 15.60 36.78 43.26 | cpu  435095268 194386236 120671547 12873998808 550979 0 2660950 0 0 0
1791240001 2917, 13801, 62, 0x0000000000000000 | 25.97 38.58 43.81 | cpu  435097398 194386236 120673953 12874022416 551500 0 2660959 0 0 0
1791240002 2917, 13801, 63, 0x0000000000000000 | 25.97 38.58 43.81 | cpu  435097957 194386236 120674202 12874049485 551500 0 2660962 0 0 0
1791240003 2917, 13801, 63, 0x0000000000000000 | 25.97 38.58 43.81 | cpu  435099000 194386236 120674517 12874077122 551500 0 2660963 0 0 0
1791240004 2917, 13801, 63, 0x0000000000000000 | 25.97 38.58 43.81 | cpu  435100054 194386236 120674838 12874104384 551500 0 2660967 0 0 0
1791240005 2917, 13801, 63, 0x0000000000000000 | 25.97 38.58 43.81 | cpu  435101622 194386236 120675635 12874131390 551500 0 2660972 0 0 0
1791240006 2917, 13801, 63, 0x0000000000000000 | 24.37 38.04 43.60 | cpu  435102502 194386236 120675847 12874159867 551500 0 2660973 0 0 0
1791240008 2910, 13801, 64, 0x0000000000000000 | 24.37 38.04 43.60 | cpu  435104896 194386236 120677096 12874184098 551500 0 2660980 0 0 0
1791240009 2917, 13801, 63, 0x0000000000000000 | 24.37 38.04 43.60 | cpu  435108644 194386236 120678940 12874207824 551500 0 2660989 0 0 0
1791240010 2917, 13801, 63, 0x0000000000000000 | 24.37 38.04 43.60 | cpu  435113316 194386236 120680162 12874230310 551500 0 2660996 0 0 0
1791240011 2917, 13801, 63, 0x0000000000000000 | 22.98 37.52 43.41 | cpu  435116867 194386236 120682978 12874252894 551500 0 2661001 0 0 0
1791240012 2917, 13801, 63, 0x0000000000000000 | 22.98 37.52 43.41 | cpu  435122578 194386237 120686332 12874274018 551500 0 2661010 0 0 0
1791240013 2917, 13801, 63, 0x0000000000000000 | 22.98 37.52 43.41 | cpu  435125706 194386237 120688903 12874296462 551500 0 2661018 0 0 0
1791240014 2917, 13801, 64, 0x0000000000000000 | 22.98 37.52 43.41 | cpu  435127658 194386237 120690124 12874323010 551500 0 2661022 0 0 0
1791240016 2917, 13801, 64, 0x0000000000000000 | 21.70 37.02 43.21 | cpu  435128272 194386237 120690390 12874352538 551500 0 2661025 0 0 0
1791240017 2917, 13801, 63, 0x0000000000000000 | 21.70 37.02 43.21 | cpu  435129406 194386237 120690770 12874379772 551500 0 2661031 0 0 0
1791240018 2910, 13801, 64, 0x0000000000000000 | 21.70 37.02 43.21 | cpu  435133996 194386237 120693746 12874400522 551526 0 2661040 0 0 0
1791240019 2917, 13801, 65, 0x0000000000000000 | 21.70 37.02 43.21 | cpu  435134637 194386237 120693844 12874429766 551526 0 2661041 0 0 0
1791240020 2917, 13801, 64, 0x0000000000000000 | 21.70 37.02 43.21 | cpu  435135181 194386237 120693991 12874458469 551526 0 2661044 0 0 0
1791240021 2917, 13801, 64, 0x0000000000000000 | 20.36 36.49 43.00 | cpu  435135888 194386237 120694095 12874486319 551526 0 2661044 0 0 0
1791240022 2917, 13801, 63, 0x0000000000000000 | 20.36 36.49 43.00 | cpu  435137854 194386237 120694378 12874513918 551526 0 2661045 0 0 0
1791240024 2917, 13801, 64, 0x0000000000000000 | 20.36 36.49 43.00 | cpu  435139439 194386237 120694554 12874541064 551527 0 2661046 0 0 0
1791240025 2917, 13801, 63, 0x0000000000000000 | 20.36 36.49 43.00 | cpu  435142651 194386237 120696146 12874565720 551527 0 2661050 0 0 0
1791240026 2917, 13801, 63, 0x0000000000000000 | 19.21 35.98 42.81 | cpu  435145452 194386237 120697459 12874591064 551527 0 2661054 0 0 0
1791240027 2917, 13801, 63, 0x0000000000000000 | 19.21 35.98 42.81 | cpu  435147143 194386238 120698804 12874616974 551527 0 2661056 0 0 0
1791240028 2917, 13801, 64, 0x0000000000000000 | 19.21 35.98 42.81 | cpu  435149585 194386238 120699973 12874641077 551527 0 2661057 0 0 0
1791240029 2917, 13801, 63, 0x0000000000000000 | 19.21 35.98 42.81 | cpu  435151903 194386238 120702347 12874664286 551527 0 2661058 0 0 0
1791240030 2917, 13801, 63, 0x0000000000000000 | 19.21 35.98 42.81 | cpu  435157646 194386238 120707549 12874683837 551534 0 2661064 0 0 0
1791240032 2917, 13801, 62, 0x0000000000000000 | 18.23 35.50 42.61 | cpu  435159549 194386238 120709027 12874711244 551534 0 2661065 0 0 0
1791240033 2910, 13801, 63, 0x0000000000000000 | 18.23 35.50 42.61 | cpu  435160102 194386238 120709568 12874740545 551534 0 2661065 0 0 0
1791240034 2917, 13801, 63, 0x0000000000000000 | 18.23 35.50 42.61 | cpu  435162441 194386238 120710050 12874768228 551535 0 2661066 0 0 0
1791240035 2917, 13801, 63, 0x0000000000000000 | 18.23 35.50 42.61 | cpu  435166217 194386238 120712892 12874792025 551535 0 2661068 0 0 0
1791240036 2917, 13801, 63, 0x0000000000000000 | 17.33 35.02 42.42 | cpu  435167226 194386238 120713182 12874819692 551536 0 2661070 0 0 0
1791240037 2917, 13801, 63, 0x0000000000000000 | 17.33 35.02 42.42 | cpu  435167789 194386238 120713386 12874847704 551536 0 2661075 0 0 0
1791240039 2917, 13801, 63, 0x0000000000000000 | 17.33 35.02 42.42 | cpu  435168306 194386238 120713631 12874875625 551536 0 2661075 0 0 0
1791240040 2917, 13801, 63, 0x0000000000000000 | 17.33 35.02 42.42 | cpu  435169417 194386238 120714006 12874904576 551536 0 2661076 0 0 0
1791240041 2932, 13801, 63, 0x0000000000000000 | 16.42 34.54 42.23 | cpu  435170219 194386238 120714255 12874932967 551536 0 2661079 0 0 0
1791240042 2917, 13801, 62, 0x0000000000000000 | 16.42 34.54 42.23 | cpu  435172400 194386238 120715742 12874959256 551536 0 2661079 0 0 0
1791240043 2917, 13801, 63, 0x0000000000000000 | 16.42 34.54 42.23 | cpu  435172820 194386239 120716042 12874987770 551536 0 2661079 0 0 0
1791240044 2917, 13801, 62, 0x0000000000000000 | 16.42 34.54 42.23 | cpu  435175924 194386239 120718469 12875011359 551537 0 2661081 0 0 0
1791240045 2917, 13801, 63, 0x0000000000000000 | 16.42 34.54 42.23 | cpu  435177958 194386239 120720120 12875036748 551537 0 2661082 0 0 0
1791240047 2917, 13801, 63, 0x0000000000000000 | 24.24 35.86 42.61 | cpu  435182570 194386239 120722858 12875057348 551537 0 2661082 0 0 0
1791240048 2917, 13801, 64, 0x0000000000000000 | 24.24 35.86 42.61 | cpu  435186640 194386239 120726027 12875078827 551537 0 2661082 0 0 0
1791240049 2932, 13801, 63, 0x0000000000000000 | 24.24 35.86 42.61 | cpu  435189642 194386240 120729152 12875100466 551539 0 2661083 0 0 0
1791240050 2917, 13801, 63, 0x0000000000000000 | 24.24 35.86 42.61 | cpu  435190161 194386240 120729518 12875129389 551539 0 2661089 0 0 0
1791240051 2917, 13801, 63, 0x0000000000000000 | 22.78 35.37 42.41 | cpu  435192756 194386240 120730629 12875153587 551539 0 2661091 0 0 0
1791240052 2917, 13801, 63, 0x0000000000000000 | 22.78 35.37 42.41 | cpu  435195446 194386240 120732786 12875179117 551615 0 2661094 0 0 0
1791240053 2917, 13801, 63, 0x0000000000000000 | 22.78 35.37 42.41 | cpu  435196008 194386240 120732946 12875207463 551615 0 2661094 0 0 0
1791240055 2917, 13801, 63, 0x0000000000000000 | 22.78 35.37 42.41 | cpu  435196862 194386240 120733354 12875235315 551615 0 2661096 0 0 0
1791240056 2917, 13801, 63, 0x0000000000000000 | 21.43 34.88 42.22 | cpu  435197721 194386240 120733595 12875263574 551615 0 2661097 0 0 0
1791240057 2917, 13801, 64, 0x0000000000000000 | 21.43 34.88 42.22 | cpu  435198696 194386240 120733937 12875291045 551615 0 2661098 0 0 0
1791240058 2917, 13801, 64, 0x0000000000000000 | 21.43 34.88 42.22 | cpu  435199327 194386240 120734190 12875319447 551615 0 2661098 0 0 0
1791240059 2910, 13801, 65, 0x0000000000000000 | 21.43 34.88 42.22 | cpu  435199989 194386240 120734486 12875347998 551616 0 2661100 0 0 0
1791240060 2917, 13801, 65, 0x0000000000000000 | 21.43 34.88 42.22 | cpu  435202244 194386240 120735846 12875372487 551616 0 2661103 0 0 0
1791240061 2917, 13801, 64, 0x0000000000000000 | 22.76 34.93 42.20 | cpu  435203854 194386240 120737220 12875397603 551616 0 2661106 0 0 0
1791240062 2917, 13801, 63, 0x0000000000000000 | 22.76 34.93 42.20 | cpu  435205575 194386240 120738884 12875423363 551616 0 2661110 0 0 0
1791240064 2917, 13801, 63, 0x0000000000000000 | 22.76 34.93 42.20 | cpu  435210454 194386240 120741939 12875445074 551616 0 2661112 0 0 0
1791240065 2917, 13801, 63, 0x0000000000000000 | 22.76 34.93 42.20 | cpu  435214814 194386240 120745824 12875465471 551616 0 2661117 0 0 0
1791240066 2917, 13801, 64, 0x0000000000000000 | 34.79 37.22 42.90 | cpu  435217192 194386240 120747548 12875489268 551616 0 2661118 0 0 0
1791240067 2917, 13801, 64, 0x0000000000000000 | 34.79 37.22 42.90 | cpu  435220094 194386240 120749480 12875515214 551616 0 2661120 0 0 0
1791240068 2917, 13801, 64, 0x0000000000000000 | 34.79 37.22 42.90 | cpu  435223903 194386240 120752208 12875537322 551617 0 2661124 0 0 0
1791240069 2917, 13801, 64, 0x0000000000000000 | 34.79 37.22 42.90 | cpu  435224829 194386240 120752648 12875565924 551617 0 2661125 0 0 0
1791240070 2917, 13801, 64, 0x0000000000000000 | 34.79 37.22 42.90 | cpu  435225701 194386240 120752953 12875593717 551617 0 2661126 0 0 0
1791240072 2917, 13801, 64, 0x0000000000000000 | 32.49 36.70 42.70 | cpu  435226773 194386240 120753304 12875621504 551617 0 2661128 0 0 0
1791240073 2917, 13801, 63, 0x0000000000000000 | 32.49 36.70 42.70 | cpu  435228528 194386240 120753608 12875649356 551625 0 2661128 0 0 0
1791240074 2917, 13801, 64, 0x0000000000000000 | 32.49 36.70 42.70 | cpu  435229428 194386240 120753911 12875677162 551625 0 2661130 0 0 0
1791240075 2917, 13801, 64, 0x0000000000000000 | 32.49 36.70 42.70 | cpu  435229945 194386240 120754268 12875704762 551625 0 2661131 0 0 0
1791240076 2910, 13801, 65, 0x0000000000000000 | 30.44 36.21 42.51 | cpu  435230924 194386240 120754763 12875732204 551625 0 2661131 0 0 0
1791240077 2917, 13801, 65, 0x0000000000000000 | 30.44 36.21 42.51 | cpu  435232848 194386241 120756081 12875759533 551625 0 2661132 0 0 0
1791240078 2917, 13801, 64, 0x0000000000000000 | 30.44 36.21 42.51 | cpu  435234878 194386241 120757821 12875784306 551625 0 2661134 0 0 0
1791240080 2917, 13801, 64, 0x0000000000000000 | 30.44 36.21 42.51 | cpu  435235516 194386241 120758444 12875813519 551625 0 2661135 0 0 0
1791240081 2917, 13801, 64, 0x0000000000000000 | 28.65 35.74 42.32 | cpu  435239803 194386241 120761071 12875834498 551625 0 2661137 0 0 0
1791240082 2917, 13801, 64, 0x0000000000000000 | 28.65 35.74 42.32 | cpu  435246128 194386241 120765291 12875852445 551625 0 2661139 0 0 0
1791240083 2917, 13801, 65, 0x0000000000000000 | 28.65 35.74 42.32 | cpu  435247280 194386241 120766532 12875878919 551625 0 2661140 0 0 0
1791240084 2917, 13801, 64, 0x0000000000000000 | 28.65 35.74 42.32 | cpu  435250436 194386241 120768982 12875901947 551625 0 2661143 0 0 0
1791240085 2917, 13801, 64, 0x0000000000000000 | 28.65 35.74 42.32 | cpu  435255008 194386241 120772657 12875923648 551626 0 2661146 0 0 0
1791240086 2917, 13801, 64, 0x0000000000000000 | 26.99 35.28 42.14 | cpu  435256403 194386241 120773052 12875950350 551626 0 2661146 0 0 0
1791240087 2917, 13801, 64, 0x0000000000000000 | 26.99 35.28 42.14 | cpu  435261004 194386241 120773472 12875974983 551626 0 2661147 0 0 0
1791240089 2917, 13801, 64, 0x0000000000000000 | 26.99 35.28 42.14 | cpu  435264788 194386241 120773758 12875999663 551626 0 2661147 0 0 0
1791240090 2917, 13801, 64, 0x0000000000000000 | 26.99 35.28 42.14 | cpu  435269201 194386241 120774005 12876024691 551626 0 2661149 0 0 0
1791240091 2917, 13801, 65, 0x0000000000000000 | 28.12 35.38 42.13 | cpu  435273410 194386241 120774373 12876049154 551626 0 2661150 0 0 0
1791240092 2917, 13801, 65, 0x0000000000000000 | 28.12 35.38 42.13 | cpu  435276677 194386241 120774610 12876076364 551626 0 2661150 0 0 0
1791240093 2917, 13801, 65, 0x0000000000000000 | 28.12 35.38 42.13 | cpu  435277438 194386241 120775069 12876103381 551626 0 2661150 0 0 0
1791240094 2917, 13801, 65, 0x0000000000000000 | 28.12 35.38 42.13 | cpu  435277919 194386241 120775406 12876131123 551627 0 2661150 0 0 0
1791240095 2917, 13801, 64, 0x0000000000000000 | 28.12 35.38 42.13 | cpu  435281024 194386241 120777630 12876153550 551627 0 2661157 0 0 0
1791240097 2917, 13801, 65, 0x0000000000000000 | 26.34 34.89 41.94 | cpu  435281578 194386241 120778222 12876181535 551627 0 2661158 0 0 0
1791240098 2917, 13801, 64, 0x0000000000000000 | 26.34 34.89 41.94 | cpu  435282334 194386241 120778756 12876209788 551627 0 2661159 0 0 0
1791240099 2917, 13801, 64, 0x0000000000000000 | 26.34 34.89 41.94 | cpu  435288373 194386241 120783031 12876229898 551627 0 2661160 0 0 0
1791240100 2917, 13801, 65, 0x0000000000000000 | 26.34 34.89 41.94 | cpu  435291665 194386241 120786026 12876253038 551627 0 2661161 0 0 0
1791240101 2917, 13801, 65, 0x0000000000000000 | 24.72 34.41 41.74 | cpu  435292142 194386241 120786410 12876281182 551627 0 2661161 0 0 0
1791240102 2917, 13801, 65, 0x0000000000000000 | 24.72 34.41 41.74 | cpu  435295286 194386241 120788676 12876304524 551627 0 2661162 0 0 0
1791240104 2910, 13801, 65, 0x0000000000000000 | 24.72 34.41 41.74 | cpu  435299367 194386241 120791583 12876326623 551627 0 2661162 0 0 0
1791240105 2917, 13801, 64, 0x0000000000000000 | 24.72 34.41 41.74 | cpu  435301223 194386241 120792438 12876352851 551627 0 2661162 0 0 0
1791240106 2917, 13801, 65, 0x0000000000000000 | 23.30 33.95 41.56 | cpu  435302212 194386241 120792633 12876380722 551627 0 2661162 0 0 0
1791240107 2917, 13801, 65, 0x0000000000000000 | 23.30 33.95 41.56 | cpu  435302819 194386241 120792855 12876409085 551627 0 2661162 0 0 0
1791240108 2917, 13801, 66, 0x0000000000000000 | 23.30 33.95 41.56 | cpu  435303792 194386241 120793109 12876437924 551627 0 2661164 0 0 0
1791240109 2917, 13801, 66, 0x0000000000000000 | 23.30 33.95 41.56 | cpu  435304523 194386241 120793490 12876466668 551647 0 2661165 0 0 0
1791240110 2910, 13801, 66, 0x0000000000000000 | 23.30 33.95 41.56 | cpu  435305232 194386241 120793882 12876495235 551647 0 2661167 0 0 0
1791240112 2917, 13801, 66, 0x0000000000000000 | 21.99 33.51 41.37 | cpu  435305889 194386241 120794190 12876524762 551647 0 2661169 0 0 0
1791240113 2917, 13801, 64, 0x0000000000000000 | 21.99 33.51 41.37 | cpu  435308582 194386241 120795986 12876550973 551647 0 2661175 0 0 0
1791240114 2917, 13801, 64, 0x0000000000000000 | 21.99 33.51 41.37 | cpu  435309569 194386241 120797086 12876577197 551648 0 2661182 0 0 0
1791240115 2917, 13801, 65, 0x0000000000000000 | 21.99 33.51 41.37 | cpu  435310572 194386241 120797622 12876605063 551648 0 2661189 0 0 0
1791240116 2917, 13801, 65, 0x0000000000000000 | 20.71 33.05 41.18 | cpu  435314618 194386241 120801369 12876624811 551648 0 2661196 0 0 0
1791240117 2917, 13801, 65, 0x0000000000000000 | 20.71 33.05 41.18 | cpu  435317330 194386241 120803745 12876648045 551648 0 2661200 0 0 0
1791240118 2917, 13801, 65, 0x0000000000000000 | 20.71 33.05 41.18 | cpu  435320436 194386241 120806808 12876670405 551648 0 2661211 0 0 0
1791240120 2917, 13801, 65, 0x0000000000000000 | 20.71 33.05 41.18 | cpu  435324210 194386241 120809022 12876692162 551648 0 2661216 0 0 0
1791240121 2917, 13801, 65, 0x0000000000000000 | 19.61 32.62 41.00 | cpu  435324825 194386242 120809449 12876720242 551648 0 2661216 0 0 0
1791240122 2917, 13801, 65, 0x0000000000000000 | 19.61 32.62 41.00 | cpu  435327920 194386242 120811484 12876744531 551670 0 2661219 0 0 0
1791240123 2917, 13801, 66, 0x0000000000000000 | 19.61 32.62 41.00 | cpu  435329734 194386242 120813243 12876768848 551695 0 2661225 0 0 0
1791240124 2917, 13801, 65, 0x0000000000000000 | 19.61 32.62 41.00 | cpu  435330312 194386242 120813424 12876797563 551695 0 2661226 0 0 0
1791240125 2917, 13801, 65, 0x0000000000000000 | 19.61 32.62 41.00 | cpu  435331294 194386242 120813682 12876826227 551695 0 2661230 0 0 0
1791240126 2917, 13801, 65, 0x0000000000000000 | 18.52 32.17 40.81 | cpu  435331966 194386242 120813920 12876855505 551695 0 2661233 0 0 0
1791240128 2917, 13801, 66, 0x0000000000000000 | 18.52 32.17 40.81 | cpu  435332880 194386242 120814242 12876883398 551695 0 2661235 0 0 0
1791240129 2917, 13801, 66, 0x0000000000000000 | 18.52 32.17 40.81 | cpu  435333443 194386242 120814733 12876910899 551695 0 2661237 0 0 0
1791240130 2910, 13801, 66, 0x0000000000000000 | 18.52 32.17 40.81 | cpu  435335157 194386242 120816004 12876936605 551695 0 2661241 0 0 0
1791240131 2917, 13801, 66, 0x0000000000000000 | 17.60 31.76 40.63 | cpu  435337027 194386242 120817331 12876963145 551695 0 2661247 0 0 0
1791240132 2917, 13801, 66, 0x0000000000000000 | 17.60 31.76 40.63 | cpu  435337455 194386242 120817740 12876991347 551696 0 2661250 0 0 0
1791240133 2917, 13801, 65, 0x0000000000000000 | 17.60 31.76 40.63 | cpu  435341379 194386242 120820866 12877013745 551696 0 2661257 0 0 0
1791240134 2917, 13801, 66, 0x0000000000000000 | 17.60 31.76 40.63 | cpu  435343080 194386242 120822201 12877040241 551696 0 2661261 0 0 0
1791240136 2917, 13801, 66, 0x0000000000000000 | 17.60 31.76 40.63 | cpu  435348972 194386242 120825630 12877059160 551696 0 2661268 0 0 0
1791240137 2917, 13801, 66, 0x0000000000000000 | 16.83 31.36 40.45 | cpu  435352554 194386242 120828531 12877081113 551696 0 2661279 0 0 0
1791240138 2917, 13801, 66, 0x0000000000000000 | 16.83 31.36 40.45 | cpu  435353391 194386242 120829071 12877108891 551696 0 2661281 0 0 0
1791240139 2917, 13801, 66, 0x0000000000000000 | 16.83 31.36 40.45 | cpu  435354428 194386242 120829553 12877136284 551696 0 2661286 0 0 0
1791240140 2917, 13801, 66, 0x0000000000000000 | 16.83 31.36 40.45 | cpu  435358216 194386242 120831935 12877159211 551696 0 2661292 0 0 0
1791240141 2917, 13801, 66, 0x0000000000000000 | 16.04 30.96 40.27 | cpu  435360452 194386242 120833428 12877185010 551696 0 2661299 0 0 0
1791240142 2917, 13801, 66, 0x0000000000000000 | 16.04 30.96 40.27 | cpu  435361358 194386242 120833814 12877212576 551697 0 2661300 0 0 0
1791240143 2917, 13801, 66, 0x0000000000000000 | 16.04 30.96 40.27 | cpu  435362107 194386243 120834102 12877240372 551697 0 2661302 0 0 0
1791240145 2917, 13801, 66, 0x0000000000000000 | 16.04 30.96 40.27 | cpu  435363152 194386243 120834498 12877268721 551697 0 2661313 0 0 0
1791240146 2917, 13801, 66, 0x0000000000000000 | 15.24 30.54 40.09 | cpu  435364398 194386243 120835034 12877297743 551697 0 2661316 0 0 0
1791240147 2917, 13801, 66, 0x0000000000000000 | 15.24 30.54 40.09 | cpu  435366652 194386243 120836746 12877322759 551697 0 2661321 0 0 0
1791240148 2917, 13801, 65, 0x0000000000000000 | 15.24 30.54 40.09 | cpu  435367447 194386243 120837315 12877350949 551697 0 2661322 0 0 0
1791240149 2917, 13801, 65, 0x0000000000000000 | 15.24 30.54 40.09 | cpu  435370614 194386243 120839884 12877374693 551697 0 2661333 0 0 0
1791240150 2917, 13801, 65, 0x0000000000000000 | 15.24 30.54 40.09 | cpu  435373423 194386243 120842198 12877397931 551697 0 2661337 0 0 0
1791240151 2917, 13801, 65, 0x0000000000000000 | 14.50 30.13 39.91 | cpu  435375564 194386243 120843706 12877422613 551697 0 2661340 0 0 0
1791240153 2917, 13801, 65, 0x0000000000000000 | 14.50 30.13 39.91 | cpu  435379548 194386243 120846692 12877443875 551697 0 2661346 0 0 0
1791240154 2917, 13801, 65, 0x0000000000000000 | 14.50 30.13 39.91 | cpu  435383357 194386243 120849679 12877466471 551697 0 2661348 0 0 0
1791240155 2917, 13801, 66, 0x0000000000000000 | 14.50 30.13 39.91 | cpu  435385698 194386243 120850911 12877493258 551697 0 2661353 0 0 0
1791240156 2917, 13801, 66, 0x0000000000000000 | 13.90 29.75 39.73 | cpu  435386513 194386243 120851246 12877521294 551697 0 2661356 0 0 0
1791240157 2917, 13801, 65, 0x0000000000000000 | 13.90 29.75 39.73 | cpu  435387091 194386243 120851417 12877550343 551697 0 2661357 0 0 0
1791240158 2917, 13801, 65, 0x0000000000000000 | 13.90 29.75 39.73 | cpu  435390231 194386243 120853668 12877573690 551802 0 2661361 0 0 0
1791240159 2917, 13801, 66, 0x0000000000000000 | 13.90 29.75 39.73 | cpu  435392148 194386243 120855367 12877599336 551803 0 2661366 0 0 0
1791240161 2917, 13801, 66, 0x0000000000000000 | 13.34 29.37 39.55 | cpu  435392765 194386243 120855492 12877627434 551803 0 2661368 0 0 0
1791240162 2917, 13801, 65, 0x0000000000000000 | 13.34 29.37 39.55 | cpu  435393598 194386243 120855650 12877655441 551803 0 2661372 0 0 0
1791240163 2917, 13801, 65, 0x0000000000000000 | 13.34 29.37 39.55 | cpu  435394190 194386244 120855801 12877683630 551803 0 2661377 0 0 0
1791240164 2917, 13801, 65, 0x0000000000000000 | 13.34 29.37 39.55 | cpu  435396470 194386244 120857252 12877707634 551803 0 2661386 0 0 0
1791240165 2917, 13801, 66, 0x0000000000000000 | 13.34 29.37 39.55 | cpu  435397148 194386244 120857499 12877735652 551803 0 2661386 0 0 0
1791240166 2917, 13801, 65, 0x0000000000000000 | 12.76 28.98 39.37 | cpu  435399415 194386244 120859042 12877760774 551803 0 2661399 0 0 0
1791240167 2917, 13801, 65, 0x0000000000000000 | 12.76 28.98 39.37 | cpu  435405544 194386244 120862804 12877779938 551803 0 2661406 0 0 0
1791240168 2917, 13801, 65, 0x0000000000000000 | 12.76 28.98 39.37 | cpu  435407645 194386244 120865877 12877803018 551805 0 2661409 0 0 0
1791240170 2917, 13801, 64, 0x0000000000000000 | 12.76 28.98 39.37 | cpu  435411892 194386244 120868866 12877823854 551805 0 2661414 0 0 0
1791240171 2917, 13801, 64, 0x0000000000000000 | 22.39 30.71 39.87 | cpu  435416439 194386244 120869298 12877849280 551805 0 2661419 0 0 0
1791240172 2917, 13801, 64, 0x0000000000000000 | 22.39 30.71 39.87 | cpu  435422278 194386244 120871952 12877869181 551805 0 2661423 0 0 0
1791240173 2917, 13801, 64, 0x0000000000000000 | 22.39 30.71 39.87 | cpu  435427504 194386244 120873044 12877890871 551805 0 2661429 0 0 0
1791240174 2917, 13801, 64, 0x0000000000000000 | 22.39 30.71 39.87 | cpu  435430871 194386244 120873542 12877915677 551805 0 2661430 0 0 0
1791240175 2917, 13801, 64, 0x0000000000000000 | 22.39 30.71 39.87 | cpu  435433495 194386244 120875555 12877939751 551805 0 2661432 0 0 0
1791240176 2917, 13801, 64, 0x0000000000000000 | 21.07 30.30 39.69 | cpu  435435267 194386244 120876812 12877966314 551805 0 2661437 0 0 0
1791240178 2917, 13801, 64, 0x0000000000000000 | 21.07 30.30 39.69 | cpu  435439242 194386244 120879116 12877990257 551805 0 2661442 0 0 0
1791240179 2917, 13801, 64, 0x0000000000000000 | 21.07 30.30 39.69 | cpu  435440886 194386244 120879375 12878018124 551805 0 2661444 0 0 0
1791240180 2910, 13801, 65, 0x0000000000000000 | 21.07 30.30 39.69 | cpu  435441642 194386244 120879541 12878046071 551806 0 2661446 0 0 0
1791240181 2917, 13801, 65, 0x0000000000000000 | 19.79 29.88 39.51 | cpu  435442322 194386244 120879682 12878075223 551806 0 2661446 0 0 0
1791240182 2917, 13801, 65, 0x0000000000000000 | 19.79 29.88 39.51 | cpu  435444239 194386244 120880955 12878101521 551839 0 2661448 0 0 0
1791240183 2910, 13801, 64, 0x0000000000000000 | 19.79 29.88 39.51 | cpu  435445920 194386244 120882241 12878126401 551839 0 2661451 0 0 0
1791240184 2917, 13801, 64, 0x0000000000000000 | 19.79 29.88 39.51 | cpu  435448670 194386244 120883304 12878151233 551839 0 2661452 0 0 0
1791240186 2917, 13801, 64, 0x0000000000000000 | 19.79 29.88 39.51 | cpu  435452356 194386244 120886503 12878174318 551839 0 2661458 0 0 0
1791240187 2917, 13801, 63, 0x0000000000000000 | 18.68 29.48 39.33 | cpu  435456145 194386244 120889055 12878195910 551839 0 2661464 0 0 0
1791240188 2917, 13801, 64, 0x0000000000000000 | 18.68 29.48 39.33 | cpu  435456803 194386244 120889278 12878224280 551839 0 2661466 0 0 0
1791240189 2917, 13801, 64, 0x0000000000000000 | 18.68 29.48 39.33 | cpu  435458768 194386244 120889625 12878251425 551839 0 2661469 0 0 0
1791240190 2917, 13801, 64, 0x0000000000000000 | 18.68 29.48 39.33 | cpu  435464492 194386244 120892843 12878273159 551840 0 2661473 0 0 0
1791240191 2917, 13801, 64, 0x0000000000000000 | 17.67 29.09 39.15 | cpu  435466822 194386244 120894130 12878297935 551840 0 2661482 0 0 0
1791240192 2917, 13801, 64, 0x0000000000000000 | 17.67 29.09 39.15 | cpu  435467860 194386244 120894700 12878326732 551840 0 2661496 0 0 0
1791240194 2917, 13801, 63, 0x0000000000000000 | 17.67 29.09 39.15 | cpu  435468820 194386244 120895024 12878354607 551840 0 2661502 0 0 0
1791240195 2917, 13801, 64, 0x0000000000000000 | 17.67 29.09 39.15 | cpu  435471280 194386244 120896503 12878381890 551840 0 2661507 0 0 0
1791240196 2917, 13801, 63, 0x0000000000000000 | 16.81 28.73 38.97 | cpu  435473806 194386244 120898606 12878405368 551841 0 2661513 0 0 0
1791240197 2917, 13801, 63, 0x0000000000000000 | 16.81 28.73 38.97 | cpu  435474586 194386244 120898922 12878433680 551841 0 2661515 0 0 0
1791240198 2917, 13801, 63, 0x0000000000000000 | 16.81 28.73 38.97 | cpu  435475415 194386244 120899209 12878461492 551841 0 2661517 0 0 0
1791240199 2917, 13801, 64, 0x0000000000000000 | 16.81 28.73 38.97 | cpu  435477497 194386244 120900480 12878486525 551841 0 2661522 0 0 0
1791240200 2917, 13801, 64, 0x0000000000000000 | 16.81 28.73 38.97 | cpu  435479460 194386244 120901694 12878513001 551841 0 2661530 0 0 0
1791240202 2917, 13801, 63, 0x0000000000000000 | 16.11 28.38 38.81 | cpu  435482722 194386244 120903396 12878536546 551842 0 2661534 0 0 0
1791240203 2917, 13801, 63, 0x0000000000000000 | 16.11 28.38 38.81 | cpu  435487043 194386244 120906743 12878559368 551842 0 2661543 0 0 0
1791240204 2917, 13801, 63, 0x0000000000000000 | 16.11 28.38 38.81 | cpu  435491035 194386244 120909449 12878582381 551842 0 2661556 0 0 0
1791240205 2917, 13801, 63, 0x0000000000000000 | 16.11 28.38 38.81 | cpu  435492262 194386244 120909670 12878609818 551842 0 2661557 0 0 0
1791240206 2910, 13801, 64, 0x0000000000000000 | 15.30 28.01 38.63 | cpu  435492737 194386244 120910082 12878637933 551842 0 2661557 0 0 0
1791240207 2917, 13801, 64, 0x0000000000000000 | 15.30 28.01 38.63 | cpu  435494858 194386244 120911362 12878664223 551842 0 2661559 0 0 0
1791240209 2917, 13801, 64, 0x0000000000000000 | 15.30 28.01 38.63 | cpu  435498048 194386244 120914115 12878687638 551842 0 2661564 0 0 0
1791240210 2917, 13801, 63, 0x0000000000000000 | 15.30 28.01 38.63 | cpu  435500009 194386244 120915320 12878713626 551842 0 2661570 0 0 0
1791240211 2917, 13801, 64, 0x0000000000000000 | 14.71 27.68 38.47 | cpu  435500749 194386244 120915602 12878742581 551842 0 2661574 0 0 0
1791240212 2917, 13801, 64, 0x0000000000000000 | 14.71 27.68 38.47 | cpu  435501192 194386244 120915883 12878770699 551843 0 2661576 0 0 0
1791240213 2917, 13801, 63, 0x0000000000000000 | 14.71 27.68 38.47 | cpu  435504080 194386244 120917405 12878794367 551843 0 2661583 0 0 0
1791240214 2917, 13801, 64, 0x0000000000000000 | 14.71 27.68 38.47 | cpu  435506171 194386244 120919167 12878818679 551843 0 2661588 0 0 0
1791240215 2917, 13801, 64, 0x0000000000000000 | 14.71 27.68 38.47 | cpu  435507328 194386244 120919484 12878846134 551843 0 2661593 0 0 0
1791240216 2917, 13801, 63, 0x0000000000000000 | 14.01 27.32 38.29 | cpu  435509672 194386244 120920967 12878871606 551843 0 2661598 0 0 0
1791240218 2917, 13801, 63, 0x0000000000000000 | 14.01 27.32 38.29 | cpu  435511692 194386244 120922398 12878897005 551844 0 2661604 0 0 0
1791240219 2917, 13801, 63, 0x0000000000000000 | 14.01 27.32 38.29 | cpu  435514386 194386244 120924002 12878920558 551844 0 2661610 0 0 0
1791240220 2917, 13801, 63, 0x0000000000000000 | 14.01 27.32 38.29 | cpu  435518615 194386244 120926900 12878941092 551855 0 2661616 0 0 0
1791240221 2917, 13801, 63, 0x0000000000000000 | 13.37 26.96 38.12 | cpu  435521267 194386244 120928928 12878964927 551855 0 2661620 0 0 0
1791240222 2917, 13801, 63, 0x0000000000000000 | 13.37 26.96 38.12 | cpu  435525189 194386244 120930540 12878988738 551855 0 2661632 0 0 0
1791240223 2917, 13801, 63, 0x0000000000000000 | 13.37 26.96 38.12 | cpu  435527804 194386244 120931032 12879014773 551856 0 2661635 0 0 0
1791240224 2917, 13801, 63, 0x0000000000000000 | 13.37 26.96 38.12 | cpu  435529498 194386244 120931545 12879043203 551856 0 2661641 0 0 0
1791240225 2917, 13801, 63, 0x0000000000000000 | 13.37 26.96 38.12 | cpu  435531428 194386244 120932707 12879070073 551867 0 2661650 0 0 0
1791240227 2917, 13801, 63, 0x0000000000000000 | 15.26 27.13 38.11 | cpu  435534163 194386244 120934911 12879092823 551867 0 2661654 0 0 0
1791240228 2917, 13801, 64, 0x0000000000000000 | 15.26 27.13 38.11 | cpu  435534687 194386244 120935069 12879120884 551868 0 2661657 0 0 0
1791240229 2917, 13801, 64, 0x0000000000000000 | 15.26 27.13 38.11 | cpu  435536533 194386244 120936437 12879147082 551871 0 2661666 0 0 0
1791240230 2917, 13801, 64, 0x0000000000000000 | 15.26 27.13 38.11 | cpu  435536967 194386244 120936741 12879175222 551871 0 2661674 0 0 0
1791240231 2917, 13801, 64, 0x0000000000000000 | 14.44 26.76 37.93 | cpu  435537956 194386245 120937025 12879201714 551871 0 2661678 0 0 0
1791240232 2917, 13801, 64, 0x0000000000000000 | 14.44 26.76 37.93 | cpu  435540750 194386245 120939028 12879225431 551871 0 2661684 0 0 0
1791240233 2917, 13801, 63, 0x0000000000000000 | 14.44 26.76 37.93 | cpu  435543493 194386245 120941093 12879248572 551871 0 2661692 0 0 0
1791240234 2917, 13801, 63, 0x0000000000000000 | 14.44 26.76 37.93 | cpu  435545985 194386245 120942273 12879274367 551872 0 2661701 0 0 0
1791240236 2917, 13801, 63, 0x0000000000000000 | 14.44 26.76 37.93 | cpu  435547192 194386245 120942691 12879302000 551873 0 2661704 0 0 0
1791240237 2917, 13801, 63, 0x0000000000000000 | 13.93 26.45 37.77 | cpu  435552664 194386245 120946186 12879321105 551874 0 2661712 0 0 0
1791240238 2917, 13801, 63, 0x0000000000000000 | 13.93 26.45 37.77 | cpu  435554794 194386245 120947780 12879344945 551874 0 2661716 0 0 0
1791240239 2917, 13801, 64, 0x0000000000000000 | 13.93 26.45 37.77 | cpu  435555937 194386245 120948279 12879372929 551874 0 2661719 0 0 0
1791240240 2917, 13801, 63, 0x0000000000000000 | 13.93 26.45 37.77 | cpu  435558277 194386245 120949499 12879397216 551874 0 2661726 0 0 0
1791240241 2910, 13801, 64, 0x0000000000000000 | 13.37 26.13 37.61 | cpu  435558887 194386245 120949704 12879425694 551874 0 2661728 0 0 0
1791240242 2917, 13801, 63, 0x0000000000000000 | 13.37 26.13 37.61 | cpu  435560675 194386245 120950269 12879451883 551874 0 2661730 0 0 0
1791240243 2910, 13801, 64, 0x0000000000000000 | 13.37 26.13 37.61 | cpu  435562166 194386245 120950761 12879478302 551874 0 2661735 0 0 0
1791240245 2917, 13801, 63, 0x0000000000000000 | 13.37 26.13 37.61 | cpu  435565602 194386245 120953693 12879501683 551876 0 2661742 0 0 0
1791240246 2910, 13801, 64, 0x0000000000000000 | 12.78 25.79 37.44 | cpu  435566308 194386245 120953934 12879529493 551877 0 2661752 0 0 0
1791240247 2917, 13801, 63, 0x0000000000000000 | 12.78 25.79 37.44 | cpu  435568401 194386245 120955208 12879554957 551877 0 2661758 0 0 0
1791240248 2917, 13801, 63, 0x0000000000000000 | 12.78 25.79 37.44 | cpu  435569206 194386245 120955639 12879582261 551877 0 2661760 0 0 0
1791240249 2910, 13801, 64, 0x0000000000000000 | 12.78 25.79 37.44 | cpu  435570254 194386245 120956000 12879610937 551877 0 2661761 0 0 0
1791240250 2917, 13801, 63, 0x0000000000000000 | 12.78 25.79 37.44 | cpu  435574142 194386245 120958597 12879632615 551877 0 2661768 0 0 0
1791240251 2917, 13801, 63, 0x0000000000000000 | 12.24 25.47 37.27 | cpu  435577424 194386245 120961699 12879656027 551877 0 2661778 0 0 0
1791240253 2917, 13801, 63, 0x0000000000000000 | 12.24 25.47 37.27 | cpu  435578247 194386245 120962216 12879685276 551877 0 2661780 0 0 0
1791240254 2917, 13801, 63, 0x0000000000000000 | 12.24 25.47 37.27 | cpu  435584066 194386245 120966454 12879703407 551877 0 2661786 0 0 0
1791240255 2917, 13801, 63, 0x0000000000000000 | 12.24 25.47 37.27 | cpu  435588674 194386245 120968110 12879725279 551877 0 2661791 0 0 0
1791240256 2917, 13801, 64, 0x0000000000000000 | 11.82 25.16 37.10 | cpu  435590128 194386245 120968370 12879753854 551877 0 2661794 0 0 0
1791240257 2917, 13801, 64, 0x0000000000000000 | 11.82 25.16 37.10 | cpu  435591145 194386245 120968571 12879781593 551877 0 2661794 0 0 0
1791240258 2910, 13801, 63, 0x0000000000000000 | 11.82 25.16 37.10 | cpu  435593129 194386245 120969674 12879806185 551877 0 2661806 0 0 0
1791240259 2917, 13801, 64, 0x0000000000000000 | 11.82 25.16 37.10 | cpu  435594404 194386245 120970086 12879833424 551877 0 2661806 0 0 0
1791240261 2917, 13801, 64, 0x0000000000000000 | 11.82 25.16 37.10 | cpu  435594849 194386245 120970282 12879862691 551878 0 2661809 0 0 0
1791240262 2917, 13801, 63, 0x0000000000000000 | 11.27 24.82 36.93 | cpu  435597100 194386245 120971692 12879887972 551878 0 2661814 0 0 0
1791240263 2917, 13801, 63, 0x0000000000000000 | 11.27 24.82 36.93 | cpu  435599560 194386245 120973140 12879913108 551878 0 2661820 0 0 0
1791240264 2917, 13801, 63, 0x0000000000000000 | 11.27 24.82 36.93 | cpu  435600354 194386245 120973348 12879941461 551878 0 2661822 0 0 0
1791240265 2910, 13801, 63, 0x0000000000000000 | 11.27 24.82 36.93 | cpu  435602387 194386245 120974743 12879967799 551880 0 2661831 0 0 0
1791240266 2917, 13801, 64, 0x0000000000000000 | 10.93 24.53 36.77 | cpu  435602952 194386245 120975116 12879996800 551880 0 2661832 0 0 0
1791240268 2917, 13801, 63, 0x0000000000000000 | 10.93 24.53 36.77 | cpu  435606363 194386245 120977432 12880021419 551880 0 2661848 0 0 0
1791240269 2917, 13801, 63, 0x0000000000000000 | 10.93 24.53 36.77 | cpu  435609377 194386245 120979672 12880045219 551880 0 2661850 0 0 0
1791240270 2910, 13801, 64, 0x0000000000000000 | 10.93 24.53 36.77 | cpu  435611916 194386245 120981556 12880070457 551880 0 2661853 0 0 0
1791240271 2917, 13801, 63, 0x0000000000000000 | 30.87 28.44 37.97 | cpu  435616747 194386245 120985662 12880089379 551881 0 2661858 0 0 0
1791240272 2917, 13801, 63, 0x0000000000000000 | 30.87 28.44 37.97 | cpu  435617980 194386245 120986783 12880116983 551881 0 2661861 0 0 0
1791240273 2917, 13801, 63, 0x0000000000000000 | 30.87 28.44 37.97 | cpu  435619136 194386245 120987183 12880145533 551881 0 2661866 0 0 0
1791240274 2917, 13801, 64, 0x0000000000000000 | 30.87 28.44 37.97 | cpu  435620138 194386245 120987652 12880173482 551882 0 2661869 0 0 0
1791240276 2917, 13801, 64, 0x0000000000000000 | 30.87 28.44 37.97 | cpu  435621172 194386245 120987996 12880200831 551883 0 2661872 0 0 0
1791240277 2917, 13801, 63, 0x0000000000000000 | 29.04 28.10 37.81 | cpu  435623450 194386245 120989384 12880226462 551883 0 2661882 0 0 0
1791240278 2917, 13801, 63, 0x0000000000000000 | 29.04 28.10 37.81 | cpu  435624017 194386245 120989670 12880254416 551883 0 2661890 0 0 0
1791240279 2910, 13801, 64, 0x0000000000000000 | 29.04 28.10 37.81 | cpu  435624578 194386245 120989976 12880283224 551883 0 2661892 0 0 0
1791240280 2917, 13801, 63, 0x0000000000000000 | 29.04 28.10 37.81 | cpu  435627329 194386245 120991667 12880306975 551883 0 2661895 0 0 0
1791240281 2917, 13801, 62, 0x0000000000000000 | 27.28 27.75 37.64 | cpu  435629503 194386245 120993878 12880332412 551883 0 2661899 0 0 0
1791240282 2917, 13801, 64, 0x0000000000000000 | 27.28 27.75 37.64 | cpu  435632044 194386245 120995312 12880358777 551883 0 2661907 0 0 0
1791240284 2917, 13801, 64, 0x0000000000000000 | 27.28 27.75 37.64 | cpu  435633163 194386245 120995816 12880386877 551883 0 2661908 0 0 0
1791240285 2917, 13801, 63, 0x0000000000000000 | 27.28 27.75 37.64 | cpu  435636340 194386245 120997909 12880411308 551883 0 2661919 0 0 0
1791240286 2917, 13801, 63, 0x0000000000000000 | 46.23 31.67 38.86 | cpu  435638492 194386245 120998561 12880438503 551883 0 2661923 0 0 0
1791240287 2917, 13801, 64, 0x0000000000000000 | 46.23 31.67 38.86 | cpu  435644384 194386245 121002010 12880457613 551883 0 2661930 0 0 0
1791240288 2917, 13801, 63, 0x0000000000000000 | 46.23 31.67 38.86 | cpu  435648882 194386245 121006234 12880477160 551886 0 2661937 0 0 0
1791240289 2917, 13801, 64, 0x0000000000000000 | 46.23 31.67 38.86 | cpu  435650345 194386245 121006655 12880503960 551887 0 2661939 0 0 0
1791240290 2917, 13801, 63, 0x0000000000000000 | 46.23 31.67 38.86 | cpu  435652114 194386245 121007296 12880530513 551887 0 2661942 0 0 0
1791240292 2917, 13801, 63, 0x0000000000000000 | 43.01 31.24 38.68 | cpu  435652812 194386245 121007396 12880558979 551887 0 2661948 0 0 0
1791240293 2917, 13801, 63, 0x0000000000000000 | 43.01 31.24 38.68 | cpu  435655339 194386245 121007953 12880585696 551887 0 2661952 0 0 0
1791240294 2917, 13801, 63, 0x0000000000000000 | 43.01 31.24 38.68 | cpu  435656163 194386245 121008191 12880613309 551923 0 2661956 0 0 0
1791240295 2917, 13801, 63, 0x0000000000000000 | 43.01 31.24 38.68 | cpu  435658239 194386245 121009311 12880638680 551923 0 2661964 0 0 0
1791240296 2910, 13801, 64, 0x0000000000000000 | 40.05 30.82 38.51 | cpu  435658662 194386245 121009501 12880666904 551923 0 2661973 0 0 0
1791240297 2917, 13801, 65, 0x0000000000000000 | 40.05 30.82 38.51 | cpu  435659045 194386245 121009740 12880695283 551923 0 2661977 0 0 0
1791240298 2917, 13801, 63, 0x0000000000000000 | 40.05 30.82 38.51 | cpu  435661619 194386245 121011564 12880720602 551923 0 2661980 0 0 0
1791240300 2917, 13801, 63, 0x0000000000000000 | 40.05 30.82 38.51 | cpu  435663368 194386245 121012903 12880746336 551924 0 2661985 0 0 0
1791240301 2917, 13801, 64, 0x0000000000000000 | 58.46 34.79 39.75 | cpu  435664803 194386245 121013641 12880774204 551924 0 2661993 0 0 0
1791240302 2917, 13801, 63, 0x0000000000000000 | 58.46 34.79 39.75 | cpu  435668737 194386246 121016335 12880798346 551924 0 2662005 0 0 0
1791240303 2917, 13801, 63, 0x0000000000000000 | 58.46 34.79 39.75 | cpu  435669602 194386246 121016770 12880826345 551924 0 2662007 0 0 0
1791240304 2917, 13801, 64, 0x0000000000000000 | 58.46 34.79 39.75 | cpu  435672664 194386246 121019368 12880850711 551926 0 2662013 0 0 0
1791240305 2917, 13801, 63, 0x0000000000000000 | 58.46 34.79 39.75 | cpu  435678920 194386246 121025699 12880866761 551926 0 2662019 0 0 0
1791240307 2917, 13801, 64, 0x0000000000000000 | 54.42 34.35 39.58 | cpu  435680323 194386246 121026965 12880893357 551926 0 2662024 0 0 0
1791240308 2917, 13801, 64, 0x0000000000000000 | 54.42 34.35 39.58 | cpu  435681333 194386246 121027121 12880920828 551926 0 2662025 0 0 0
1791240309 2917, 13801, 64, 0x0000000000000000 | 54.42 34.35 39.58 | cpu  435682052 194386246 121027296 12880949343 551926 0 2662027 0 0 0
1791240310 2917, 13801, 64, 0x0000000000000000 | 54.42 34.35 39.58 | cpu  435684122 194386246 121027749 12880976675 551926 0 2662031 0 0 0
1791240311 2910, 13801, 63, 0x0000000000000000 | 50.62 33.89 39.40 | cpu  435686245 194386246 121028044 12881002998 551926 0 2662032 0 0 0
1791240312 2917, 13801, 63, 0x0000000000000000 | 50.62 33.89 39.40 | cpu  435688148 194386246 121029279 12881029991 551928 0 2662034 0 0 0
1791240313 2917, 13801, 64, 0x0000000000000000 | 50.62 33.89 39.40 | cpu  435688811 194386248 121029545 12881058322 551928 0 2662038 0 0 0
1791240315 2917, 13801, 64, 0x0000000000000000 | 50.62 33.89 39.40 | cpu  435689386 194386248 121029848 12881086320 551928 0 2662038 0 0 0
1791240316 2917, 13801, 63, 0x0000000000000000 | 47.45 33.51 39.25 | cpu  435690333 194386248 121030209 12881114940 551929 0 2662042 0 0 0
1791240317 2917, 13801, 62, 0x0000000000000000 | 47.45 33.51 39.25 | cpu  435694300 194386248 121033897 12881135455 551929 0 2662046 0 0 0
1791240318 2917, 13801, 63, 0x0000000000000000 | 47.45 33.51 39.25 | cpu  435695172 194386248 121034304 12881163832 551929 0 2662046 0 0 0
1791240319 2932, 13801, 63, 0x0000000000000000 | 47.45 33.51 39.25 | cpu  435699869 194386248 121037664 12881185935 551929 0 2662056 0 0 0
1791240320 2917, 13801, 63, 0x0000000000000000 | 47.45 33.51 39.25 | cpu  435700793 194386248 121038202 12881214004 551929 0 2662059 0 0 0
1791240321 2917, 13801, 62, 0x0000000000000000 | 44.21 33.07 39.08 | cpu  435706368 194386248 121040648 12881234077 551929 0 2662065 0 0 0
1791240323 2932, 13801, 62, 0x0000000000000000 | 44.21 33.07 39.08 | cpu  435711871 194386248 121044920 12881252228 551929 0 2662075 0 0 0
1791240324 2932, 13801, 62, 0x0000000000000000 | 44.21 33.07 39.08 | cpu  435715764 194386248 121048040 12881274220 551930 0 2662078 0 0 0
1791240325 2917, 13801, 63, 0x0000000000000000 | 44.21 33.07 39.08 | cpu  435716576 194386248 121048176 12881302367 551930 0 2662080 0 0 0
1791240326 2917, 13801, 63, 0x0000000000000000 | 41.07 32.61 38.89 | cpu  435717208 194386248 121048245 12881329545 551930 0 2662082 0 0 0
1791240327 2917, 13801, 63, 0x0000000000000000 | 41.07 32.61 38.89 | cpu  435718098 194386248 121048509 12881357467 551930 0 2662083 0 0 0
1791240328 2917, 13801, 63, 0x0000000000000000 | 41.07 32.61 38.89 | cpu  435719261 194386248 121048772 12881385287 551930 0 2662086 0 0 0
1791240329 2917, 13801, 63, 0x0000000000000000 | 41.07 32.61 38.89 | cpu  435719984 194386248 121049023 12881413199 551930 0 2662092 0 0 0
1791240330 2917, 13801, 63, 0x0000000000000000 | 41.07 32.61 38.89 | cpu  435721985 194386251 121050100 12881439356 551930 0 2662100 0 0 0
1791240332 2917, 13801, 62, 0x0000000000000000 | 38.18 32.15 38.71 | cpu  435722380 194386251 121050336 12881468609 551930 0 2662101 0 0 0
1791240333 2917, 13801, 63, 0x0000000000000000 | 38.18 32.15 38.71 | cpu  435722772 194386251 121050603 12881496883 551930 0 2662103 0 0 0
1791240334 2917, 13801, 62, 0x0000000000000000 | 38.18 32.15 38.71 | cpu  435725151 194386251 121052022 12881523053 551930 0 2662106 0 0 0
1791240335 2917, 13801, 63, 0x0000000000000000 | 38.18 32.15 38.71 | cpu  435727620 194386251 121053732 12881547371 551931 0 2662109 0 0 0
1791240336 2925, 13801, 63, 0x0000000000000000 | 35.52 31.70 38.53 | cpu  435730665 194386251 121056248 12881569808 551931 0 2662120 0 0 0
1791240337 2910, 13801, 62, 0x0000000000000000 | 35.52 31.70 38.53 | cpu  435732409 194386251 121057484 12881596110 551931 0 2662128 0 0 0
1791240338 2917, 13801, 63, 0x0000000000000000 | 35.52 31.70 38.53 | cpu  435735249 194386251 121058797 12881620499 551932 0 2662130 0 0 0
1791240340 2932, 13801, 63, 0x0000000000000000 | 35.52 31.70 38.53 | cpu  435739918 194386251 121062519 12881641923 551933 0 2662137 0 0 0
1791240341 2917, 13801, 63, 0x0000000000000000 | 35.52 31.70 38.53 | cpu  435743750 194386251 121064839 12881664263 551949 0 2662140 0 0 0
1791240342 2917, 13801, 63, 0x0000000000000000 | 33.08 31.25 38.35 | cpu  435745536 194386251 121066287 12881688844 551949 0 2662147 0 0 0
1791240343 2917, 13801, 63, 0x0000000000000000 | 33.08 31.25 38.35 | cpu  435746134 194386252 121066498 12881718142 551949 0 2662149 0 0 0
1791240344 2917, 13801, 63, 0x0000000000000000 | 33.08 31.25 38.35 | cpu  435747037 194386252 121066698 12881746229 551949 0 2662153 0 0 0
1791240345 2917, 13801, 62, 0x0000000000000000 | 33.08 31.25 38.35 | cpu  435747961 194386252 121066997 12881774702 551954 0 2662156 0 0 0
1791240346 2910, 13801, 63, 0x0000000000000000 | 30.99 30.85 38.18 | cpu  435749278 194386252 121067232 12881803092 551954 0 2662158 0 0 0
1791240348 2917, 13801, 63, 0x0000000000000000 | 30.99 30.85 38.18 | cpu  435749798 194386252 121067477 12881831712 551955 0 2662160 0 0 0
1791240349 2917, 13801, 62, 0x0000000000000000 | 30.99 30.85 38.18 | cpu  435751677 194386252 121068728 12881858098 551959 0 2662166 0 0 0
1791240350 2917, 13801, 62, 0x0000000000000000 | 30.99 30.85 38.18 | cpu  435752156 194386252 121069052 12881887284 551959 0 2662169 0 0 0
1791240351 2917, 13801, 62, 0x0000000000000000 | 29.07 30.46 38.02 | cpu  435752888 194386252 121069504 12881915261 551959 0 2662172 0 0 0
1791240352 2917, 13801, 62, 0x0000000000000000 | 29.07 30.46 38.02 | cpu  435755402 194386252 121071152 12881941733 551965 0 2662192 0 0 0
1791240353 2917, 13801, 62, 0x0000000000000000 | 29.07 30.46 38.02 | cpu  435760107 194386252 121074807 12881962202 551965 0 2662200 0 0 0
1791240355 2925, 13801, 62, 0x0000000000000000 | 29.07 30.46 38.02 | cpu  435760823 194386252 121075284 12881990048 551965 0 2662204 0 0 0
1791240356 2932, 13801, 62, 0x0000000000000000 | 29.07 30.46 38.02 | cpu  435765206 194386252 121078676 12882010353 551966 0 2662212 0 0 0
1791240357 2932, 13801, 61, 0x0000000000000000 | 27.30 30.07 37.85 | cpu  435769663 194386252 121082075 12882032593 551967 0 2662222 0 0 0
1791240358 2925, 13801, 63, 0x0000000000000000 | 27.30 30.07 37.85 | cpu  435771257 194386252 121083110 12882058492 551967 0 2662224 0 0 0
1791240359 2932, 13801, 62, 0x0000000000000000 | 27.30 30.07 37.85 | cpu  435775096 194386252 121085182 12882080742 551968 0 2662233 0 0 0
1791240360 2932, 13801, 62, 0x0000000000000000 | 27.30 30.07 37.85 | cpu  435776500 194386252 121086045 12882108734 551968 0 2662234 0 0 0
1791240361 2932, 13801, 62, 0x0000000000000000 | 25.60 29.67 37.68 | cpu  435777500 194386253 121086438 12882136314 551968 0 2662239 0 0 0
1791240362 2932, 13801, 62, 0x0000000000000000 | 25.60 29.67 37.68 | cpu  435778954 194386254 121086685 12882163967 551968 0 2662240 0 0 0
1791240364 2932, 13801, 62, 0x0000000000000000 | 25.60 29.67 37.68 | cpu  435779885 194386254 121086977 12882192835 551968 0 2662243 0 0 0
1791240365 2932, 13801, 62, 0x0000000000000000 | 25.60 29.67 37.68 | cpu  435781337 194386254 121087582 12882221007 551968 0 2662244 0 0 0
1791240366 2917, 13801, 62, 0x0000000000000000 | 24.03 29.27 37.51 | cpu  435782445 194386254 121087947 12882249892 551968 0 2662246 0 0 0
1791240367 2932, 13801, 62, 0x0000000000000000 | 24.03 29.27 37.51 | cpu  435784428 194386254 121089139 12882276771 551968 0 2662252 0 0 0
1791240368 2940, 13801, 60, 0x0000000000000000 | 24.03 29.27 37.51 | cpu  435785430 194386254 121089640 12882304804 551969 0 2662256 0 0 0
1791240370 2572, 13801, 58, 0x0000000000000000 | 24.03 29.27 37.51 | cpu  435788003 194386254 121090985 12882332871 551969 0 2662267 0 0 0
1791240371 2430, 13801, 58, 0x0000000000000000 | 24.03 29.27 37.51 | cpu  435792124 194386254 121093651 12882355252 551969 0 2662273 0 0 0
1791240372 2430, 13801, 57, 0x0000000000000000 | 22.66 28.90 37.34 | cpu  435795699 194386254 121096102 12882379527 551969 0 2662276 0 0 0
1791240373 2430, 13801, 57, 0x0000000000000000 | 22.66 28.90 37.34 | cpu  435800428 194386254 121099443 12882401296 551969 0 2662285 0 0 0
1791240374 2430, 13801, 57, 0x0000000000000000 | 22.66 28.90 37.34 | cpu  435804071 194386254 121103323 12882422636 551969 0 2662291 0 0 0
1791240375 2430, 13801, 57, 0x0000000000000000 | 22.66 28.90 37.34 | cpu  435806032 194386254 121103847 12882451007 551969 0 2662294 0 0 0
1791240377 2430, 13801, 57, 0x0000000000000000 | 21.41 28.54 37.18 | cpu  435808617 194386254 121105157 12882477042 551969 0 2662299 0 0 0
1791240378 2430, 13801, 56, 0x0000000000000000 | 21.41 28.54 37.18 | cpu  435811758 194386254 121107164 12882501262 551969 0 2662304 0 0 0
1791240379 2430, 13801, 56, 0x0000000000000000 | 21.41 28.54 37.18 | cpu  435813075 194386254 121107654 12882528805 551969 0 2662306 0 0 0
1791240380 2430, 13801, 56, 0x0000000000000000 | 21.41 28.54 37.18 | cpu  435813822 194386254 121107881 12882556776 551969 0 2662308 0 0 0
1791240381 2430, 13801, 56, 0x0000000000000000 | 20.25 28.18 37.02 | cpu  435814423 194386254 121108215 12882586762 551969 0 2662312 0 0 0
1791240382 2430, 13801, 56, 0x0000000000000000 | 20.25 28.18 37.02 | cpu  435815383 194386254 121108702 12882615427 551999 0 2662320 0 0 0
1791240384 2430, 13801, 56, 0x0000000000000000 | 20.25 28.18 37.02 | cpu  435815867 194386254 121108984 12882644093 551999 0 2662320 0 0 0
1791240385 2430, 13801, 55, 0x0000000000000000 | 20.25 28.18 37.02 | cpu  435817866 194386254 121110211 12882669779 551999 0 2662329 0 0 0
1791240386 2430, 13801, 55, 0x0000000000000000 | 19.27 27.85 36.86 | cpu  435818728 194386254 121110819 12882698019 551999 0 2662332 0 0 0
1791240387 2430, 13801, 55, 0x0000000000000000 | 19.27 27.85 36.86 | cpu  435822382 194386254 121113163 12882723589 551999 0 2662348 0 0 0
1791240388 2430, 13801, 55, 0x0000000000000000 | 19.27 27.85 36.86 | cpu  435823615 194386254 121113866 12882751485 552000 0 2662350 0 0 0
1791240389 2430, 13801, 55, 0x0000000000000000 | 19.27 27.85 36.86 | cpu  435828393 194386254 121116926 12882773988 552000 0 2662355 0 0 0
1791240391 2430, 13801, 55, 0x0000000000000000 | 19.27 27.85 36.86 | cpu  435834356 194386254 121121037 12882794982 552000 0 2662360 0 0 0
1791240392 2430, 13801, 55, 0x0000000000000000 | 18.29 27.50 36.70 | cpu  435839503 194386254 121124068 12882818759 552000 0 2662368 0 0 0
1791240393 2430, 13801, 54, 0x0000000000000000 | 18.29 27.50 36.70 | cpu  435843558 194386254 121124444 12882844210 552000 0 2662374 0 0 0
1791240394 2430, 13801, 54, 0x0000000000000000 | 18.29 27.50 36.70 | cpu  435848313 194386254 121124906 12882869033 552000 0 2662380 0 0 0
1791240395 2430, 13801, 54, 0x0000000000000000 | 18.29 27.50 36.70 | cpu  435854863 194386254 121126054 12882891606 552000 0 2662382 0 0 0
1791240397 2430, 13801, 54, 0x0000000000000000 | 30.12 29.80 37.39 | cpu  435860802 194386254 121128627 12882912498 552001 0 2662389 0 0 0
1791240398 2430, 13801, 54, 0x0000000000000000 | 30.12 29.80 37.39 | cpu  435861568 194386254 121128909 12882941564 552001 0 2662395 0 0 0
1791240399 2430, 13801, 54, 0x0000000000000000 | 30.12 29.80 37.39 | cpu  435862267 194386254 121129271 12882971360 552002 0 2662400 0 0 0
1791240400 2430, 13801, 54, 0x0000000000000000 | 30.12 29.80 37.39 | cpu  435862745 194386254 121129538 12882999300 552002 0 2662407 0 0 0
1791240401 2430, 13801, 54, 0x0000000000000000 | 28.27 29.42 37.23 | cpu  435863650 194386254 121129990 12883027789 552002 0 2662409 0 0 0
