1791241854 2, 0, 68.98
1791241855 2, 0, 39.51
1791241856 4, 0, 27.77
1791241857 4, 0, 26.35
1791241859 4, 0, 18.56
1791241860 4, 0, 18.07
1791241861 4, 0, 19.88
1791241862 4, 0, 17.57
1791241863 4, 0, 17.46
1791241864 672, 0, 15.36
1791241866 672, 0, 70.87
1791241867 672, 0, 69.85
1791241868 672, 0, 69.90
1791241869 740, 0, 69.78
1791241870 740, 0, 70.18
1791241871 16200, 0, 70.63
1791241872 16200, 0, 69.71
1791241874 16208, 30, 77.71
1791241875 16216, 19, 79.17
1791241876 16220, 50, 80.38
1791241877 16228, 27, 106.17
1791241878 16236, 25, 109.93
1791241879 16244, 22, 79.84
1791241880 16252, 22, 82.28
1791241881 16260, 30, 81.17
1791241883 16268, 25, 81.05
1791241884 16276, 23, 79.74
1791241885 17324, 15, 80.51
1791241886 18552, 31, 79.87
1791241887 18874, 0, 77.60
1791241888 18874, 0, 70.24
1791241889 18874, 0, 69.58
1791241891 18454, 0, 69.48
1791241892 16812, 0, 69.99
1791241893 16812, 0, 69.57
1791241894 16812, 0, 69.62
1791241896 16838, 0, 69.65
1791241897 17058, 3, 69.46
1791241898 17298, 1, 69.45
1791241899 17518, 2, 69.64
1791241900 17758, 1, 69.89
1791241901 17978, 3, 69.93
1791241903 19244, 0, 72.68
1791241904 19244, 0, 69.56
1791241905 19244, 5, 74.61
1791241906 19244, 4, 84.17
1791241907 19244, 6, 78.87
1791241908 20984, 13, 72.14
1791241909 20984, 11, 70.16
1791241910 20984, 6, 70.37
1791241912 20984, 0, 69.86
1791241913 20984, 14, 69.79
1791241914 20984, 9, 69.66
1791241915 20984, 0, 69.95
1791241916 20984, 0, 69.76
1791241917 20984, 25, 69.81
1791241918 20984, 5, 69.56
1791241920 20984, 0, 69.41
1791241921 20984, 12, 69.58
1791241922 20984, 0, 69.04
1791241923 20984, 0, 68.74
1791241924 20984, 6, 69.12
1791241925 20984, 1, 69.15
1791241927 20984, 13, 69.31
1791241928 20984, 1, 69.05
1791241929 20984, 0, 68.52
1791241930 20984, 12, 68.63
1791241931 20984, 12, 68.57
1791241932 20984, 0, 68.65
1791241934 20984, 12, 68.79
1791241935 20984, 2, 69.29
1791241936 20984, 4, 69.26
1791241937 20984, 2, 69.07
1791241938 20984, 5, 68.97
1791241939 20984, 11, 68.39
1791241940 20984, 6, 68.70
1791241942 20984, 0, 68.83
1791241943 20984, 0, 68.98
1791241944 20984, 0, 69.07
1791241945 20984, 12, 68.95
1791241946 20984, 0, 68.36
1791241947 20984, 9, 68.60
1791241949 20984, 0, 68.64
1791241950 20984, 0, 69.18
1791241951 20984, 0, 69.42
1791241952 20984, 14, 69.60
1791241953 20984, 0, 69.31
1791241954 20984, 0, 69.34
1791241955 20984, 0, 69.04
1791241957 20984, 0, 69.33
1791241958 20984, 13, 69.02
1791241959 20984, 9, 69.13
1791241960 20984, 0, 69.30
1791241961 20984, 9, 69.34
1791241962 20984, 0, 69.49
1791241964 20984, 5, 69.01
1791241965 20984, 0, 69.23
1791241966 20984, 17, 69.31
1791241967 20984, 2, 69.21
1791241968 20984, 0, 69.18
1791241969 20984, 0, 68.75
1791241971 20986, 0, 68.84
1791241972 20986, 0, 69.10
1791241973 20990, 0, 73.57
1791241974 20990, 54, 177.60
1791241975 20992, 44, 163.27
1791241976 20992, 46, 198.04
1791241977 20992, 49, 185.73
1791241978 20992, 31, 182.73
1791241980 19246, 0, 117.16
1791241981 19268, 0, 74.37
1791241982 20072, 36, 119.78
1791241983 20082, 0, 99.76
1791241984 20124, 0, 69.91
1791241985 20976, 24, 117.98
1791241986 22230, 22, 145.60
1791241987 22594, 32, 154.07
1791241989 22654, 25, 159.72
1791241990 22654, 40, 161.38
1791241991 22714, 35, 184.41
1791241992 22714, 42, 177.54
1791241993 22746, 49, 195.21
1791241994 22746, 42, 181.52
1791241995 23692, 43, 206.84
1791241996 23916, 45, 205.01
1791241997 24078, 46, 219.45
1791241999 24078, 47, 212.52
1791242000 24078, 41, 196.27
1791242001 24094, 46, 187.91
1791242002 24106, 38, 183.94
1791242003 24106, 49, 198.86
1791242004 24106, 39, 185.01
1791242006 24106, 44, 191.75
1791242007 24106, 40, 177.55
1791242008 24106, 27, 200.59
1791242009 24106, 33, 188.28
1791242010 24118, 38, 176.03
1791242011 24118, 30, 167.22
1791242012 24118, 33, 165.17
1791242013 24118, 33, 191.81
1791242014 24118, 35, 183.83
1791242015 24118, 38, 186.39
1791242017 24118, 28, 184.51
1791242018 24122, 33, 175.61
1791242019 24130, 37, 168.17
1791242020 24130, 37, 172.64
1791242021 24130, 30, 180.24
1791242022 24130, 40, 195.04
1791242023 24130, 41, 199.49
1791242025 24130, 41, 200.80
1791242026 24130, 37, 165.85
1791242027 24130, 30, 175.03
1791242028 24130, 36, 187.00
1791242029 24130, 27, 183.23
1791242030 24130, 33, 185.13
1791242031 24130, 34, 183.85
1791242032 24130, 34, 176.21
1791242033 24130, 38, 177.67
1791242035 24130, 32, 164.92
1791242036 24130, 31, 163.77
1791242037 24130, 30, 169.22
1791242038 24130, 36, 163.80
1791242039 24130, 24, 179.80
1791242040 24130, 29, 181.02
1791242041 24130, 34, 177.64
1791242042 24130, 31, 169.96
1791242043 24130, 41, 197.33
1791242045 24130, 34, 192.39
1791242046 24130, 45, 180.95
1791242047 24130, 36, 172.82
1791242048 24130, 38, 200.33
1791242049 24130, 45, 201.02
1791242050 24130, 30, 207.87
1791242051 24130, 48, 202.40
1791242053 24130, 46, 196.81
1791242054 24130, 40, 184.15
1791242055 24130, 41, 197.43
1791242056 24130, 40, 192.95
1791242057 24130, 41, 191.20
1791242058 24130, 56, 203.32
1791242059 24130, 47, 213.17
1791242061 24130, 48, 204.21
1791242062 24130, 40, 188.79
1791242063 24130, 44, 218.64
1791242064 24130, 47, 205.99
1791242065 24130, 40, 197.35
1791242066 24130, 48, 194.23
1791242067 24130, 43, 213.64
1791242069 24130, 41, 206.04
1791242070 24130, 38, 188.21
1791242071 24130, 51, 192.13
1791242072 24130, 39, 181.66
1791242073 24130, 36, 170.76
1791242075 24130, 11, 144.56
1791242076 24130, 16, 144.31
1791242077 24130, 21, 161.84
1791242078 24130, 19, 147.62
1791242080 24130, 30, 161.90
1791242081 24130, 39, 160.83
1791242082 24130, 37, 196.13
1791242083 24130, 42, 184.03
1791242084 24130, 48, 217.09
1791242085 24130, 48, 219.41
1791242087 24130, 39, 198.28
1791242088 24130, 48, 185.60
1791242089 24130, 43, 184.31
1791242090 24130, 49, 189.99
1791242091 24130, 44, 196.61
1791242092 24130, 39, 204.83
1791242093 24130, 41, 194.05
1791242095 24130, 42, 208.53
1791242096 24130, 56, 205.47
1791242097 24130, 45, 218.40
1791242098 24130, 48, 209.21
1791242099 24130, 43, 196.30
1791242100 24130, 50, 212.15
1791242101 24130, 44, 206.90
1791242103 24130, 44, 203.81
1791242104 24130, 57, 193.04
1791242105 24130, 47, 222.59
1791242106 24130, 40, 208.50
1791242107 24130, 41, 192.49
1791242108 24130, 49, 210.04
1791242110 24130, 44, 221.44
1791242111 24130, 48, 209.06
1791242112 24130, 41, 187.58
1791242113 24130, 39, 191.59
1791242114 24130, 43, 183.92
1791242115 24130, 43, 205.61
1791242116 24130, 46, 204.88
1791242118 24130, 41, 195.92
1791242119 24130, 49, 189.46
1791242120 24130, 41, 183.98
1791242121 24130, 43, 213.65
1791242122 24130, 45, 203.16
1791242123 24130, 44, 208.25
1791242124 24130, 48, 203.17
1791242126 24130, 39, 190.04
1791242127 24130, 39, 196.87
1791242128 24130, 40, 189.51
1791242129 24130, 41, 205.93
1791242130 24130, 43, 199.82
1791242131 24130, 39, 203.22
1791242132 24130, 40, 197.14
1791242134 24130, 43, 215.41
1791242135 24130, 42, 207.36
1791242136 24130, 41, 206.41
1791242137 24130, 51, 211.53
1791242138 24130, 46, 219.50
1791242139 24130, 43, 215.26
1791242140 24130, 45, 203.39
1791242142 24130, 45, 224.48
1791242143 24130, 46, 213.07
1791242144 24130, 42, 204.43
1791242145 24130, 41, 195.38
1791242146 24130, 48, 229.78
1791242147 24130, 51, 222.17
1791242148 24130, 44, 214.01
1791242149 24130, 55, 210.72
1791242151 24130, 43, 209.53
1791242152 24130, 39, 207.29
1791242153 24130, 42, 196.97
1791242154 24130, 49, 221.44
1791242155 24130, 46, 220.21
1791242156 24130, 43, 215.13
1791242157 24130, 42, 207.86
1791242159 24130, 43, 223.61
1791242160 24130, 59, 217.93
1791242161 24150, 47, 222.34
1791242162 24150, 55, 216.98
1791242163 24150, 43, 206.00
1791242164 24150, 48, 214.57
1791242165 24150, 43, 203.35
1791242167 24150, 50, 197.99
1791242168 24150, 45, 202.91
1791242169 24150, 49, 198.05
1791242170 24150, 47, 192.87
1791242171 24150, 39, 205.07
1791242172 24150, 57, 205.83
1791242173 24150, 45, 225.43
1791242175 24150, 57, 217.13
1791242176 24150, 44, 211.71
1791242177 24150, 51, 213.30
1791242178 24150, 41, 205.37
1791242179 24150, 53, 216.78
1791242180 24150, 45, 206.40
1791242181 24170, 47, 230.80
1791242183 24170, 49, 222.08
1791242184 24170, 41, 225.11
1791242185 24170, 38, 207.39
1791242186 24170, 42, 191.99
1791242187 24170, 41, 182.81
1791242188 24170, 42, 207.39
1791242189 24170, 47, 202.78
1791242190 24170, 41, 201.30
1791242192 24170, 49, 197.85
1791242193 24170, 43, 200.27
1791242194 24170, 49, 218.06
1791242195 24170, 44, 213.48
1791242196 24170, 40, 205.84
1791242197 24170, 40, 196.85
1791242198 24170, 46, 217.63
1791242200 24170, 44, 208.76
1791242201 24170, 40, 193.01
1791242202 24172, 50, 193.43
1791242203 24174, 42, 192.68
1791242204 24174, 41, 203.67
1791242205 24174, 42, 193.97
1791242206 24174, 50, 221.46
1791242208 24174, 46, 218.67
1791242209 24174, 44, 221.90
1791242210 24174, 43, 210.45
1791242211 24174, 39, 201.82
1791242212 24174, 40, 196.26
1791242213 24174, 40, 197.54
1791242214 24174, 47, 201.90
1791242216 24174, 41, 200.79
1791242217 24174, 48, 197.80
1791242218 24174, 41, 188.90
1791242219 24174, 43, 211.17
1791242220 24174, 42, 204.88
1791242221 24174, 46, 235.01
1791242222 24174, 48, 225.50
1791242223 24174, 39, 207.72
1791242225 24174, 45, 199.28
1791242226 24174, 41, 201.88
1791242227 24174, 54, 212.26
1791242228 24174, 43, 216.18
1791242229 24174, 54, 218.77
1791242230 24174, 44, 217.10
1791242231 24174, 38, 209.73
1791242232 24174, 42, 198.66
1791242234 24174, 39, 196.47
1791242235 24174, 48, 192.27
1791242236 24174, 37, 194.20
1791242237 24174, 40, 191.95
1791242238 24174, 42, 226.62
1791242239 24174, 52, 216.88
1791242240 24174, 42, 209.96
1791242242 24174, 57, 216.85
1791242243 24174, 45, 218.51
1791242244 24174, 41, 210.11
1791242245 24174, 42, 198.83
1791242246 24174, 42, 207.92
1791242247 24174, 42, 195.45
1791242248 24174, 42, 215.73
1791242249 24174, 58, 209.08
1791242251 24174, 47, 230.76
1791242252 24174, 46, 219.41
1791242253 24174, 43, 213.79
1791242254 24174, 48, 207.51
1791242255 24174, 39, 190.75
1791242256 24174, 42, 207.60
1791242257 24174, 40, 199.94
1791242258 24174, 44, 219.05
1791242260 24174, 45, 211.58
1791242261 24174, 43, 220.84
1791242262 24174, 48, 218.93
1791242263 24174, 40, 204.50
1791242264 24174, 49, 200.64
1791242265 24174, 44, 219.55
1791242266 24174, 51, 222.88
1791242267 24174, 45, 224.03
1791242269 24174, 61, 227.66
1791242270 24174, 50, 229.12
1791242271 24174, 40, 205.20
1791242272 24174, 42, 186.18
1791242273 24174, 40, 211.33
1791242274 24174, 50, 205.79
1791242275 24174, 42, 215.28
1791242277 24174, 50, 203.44
1791242278 24174, 44, 199.95
1791242279 24174, 57, 212.91
1791242280 24174, 46, 214.66
1791242281 24174, 52, 214.49
1791242282 24174, 44, 206.65
1791242283 24174, 41, 200.51
1791242284 24174, 41, 192.33
1791242286 24174, 37, 210.59
1791242287 24174, 42, 209.07
1791242288 24174, 43, 222.14
1791242289 24174, 43, 215.38
1791242290 24174, 43, 220.88
1791242291 24174, 41, 209.83
1791242292 24174, 37, 211.79
1791242294 24174, 45, 211.18
1791242295 24174, 39, 213.46
1791242296 24174, 62, 214.24
1791242297 24174, 47, 239.45
1791242298 24174, 46, 226.77
1791242299 24174, 39, 211.51
1791242300 24174, 46, 218.95
1791242301 24174, 45, 211.42
1791242303 24174, 44, 210.44
1791242304 24174, 42, 197.74
1791242305 24174, 39, 205.18
1791242306 24174, 39, 194.72
1791242307 24174, 39, 203.04
1791242308 24174, 37, 178.15
1791242310 24174, 31, 197.87
1791242311 24174, 31, 185.50
1791242312 24174, 31, 201.53
1791242313 24174, 38, 187.00
1791242314 24174, 39, 192.49
1791242315 24174, 32, 177.55
1791242316 24174, 55, 200.36
1791242317 24174, 40, 220.87
1791242318 24174, 38, 205.34
1791242320 24174, 35, 190.28
1791242321 24174, 32, 181.89
1791242322 24176, 34, 185.12
1791242323 24176, 32, 176.29
1791242324 24176, 44, 201.09
1791242325 24176, 35, 199.52
1791242326 24176, 39, 190.61
1791242327 24176, 34, 175.88
1791242328 24176, 42, 183.15
1791242330 24176, 40, 196.91
1791242331 24176, 44, 188.22
1791242332 24176, 35, 184.40
1791242333 24176, 46, 186.59
1791242334 24176, 30, 192.99
1791242335 24176, 33, 182.06
1791242336 24176, 34, 175.59
1791242337 24176, 28, 174.51
1791242339 24176, 46, 230.43
1791242340 24176, 27, 205.51
1791242341 24176, 37, 214.21
1791242342 24176, 36, 197.43
1791242343 24176, 42, 189.84
1791242344 24176, 38, 186.70
1791242345 24176, 45, 198.37
1791242346 24176, 37, 181.87
1791242347 24176, 46, 185.34
1791242349 24176, 39, 215.01
1791242350 24176, 34, 202.90
1791242351 24176, 34, 194.13
1791242352 24176, 41, 188.20
1791242353 24176, 34, 188.76
1791242354 24176, 34, 175.28
1791242355 24176, 38, 191.36
1791242356 24176, 34, 185.68
1791242358 24176, 25, 184.63
1791242359 24176, 36, 169.48
1791242360 24176, 44, 221.62
1791242361 24176, 41, 206.50
1791242362 24176, 37, 200.21
1791242363 24176, 42, 189.07
1791242364 24176, 48, 200.40
1791242365 24176, 39, 189.18
1791242366 24176, 43, 222.50
1791242368 24176, 43, 208.31
1791242369 24176, 46, 209.51
1791242370 24176, 31, 200.27
1791242371 24176, 40, 203.35
1791242372 24176, 34, 190.26
1791242373 24176, 40, 186.64
1791242374 24176, 32, 173.91
1791242375 24176, 46, 186.30
1791242376 24176, 36, 199.26
1791242378 24176, 37, 188.41
1791242379 24176, 40, 182.17
1791242380 24176, 36, 172.53
1791242381 24176, 38, 187.18
1791242382 24176, 35, 182.73
1791242383 24176, 39, 183.74
1791242384 24176, 39, 176.90
1791242385 24176, 46, 190.31
1791242386 24176, 44, 185.23
1791242388 24176, 44, 199.82
1791242389 24176, 41, 196.43
1791242390 24176, 42, 207.03
1791242391 24176, 46, 199.55
1791242392 24176, 43, 205.93
1791242393 24176, 28, 184.41
1791242394 24176, 38, 198.28
1791242395 24176, 33, 184.06
1791242397 24176, 33, 181.35
1791242398 24176, 30, 181.25
1791242399 24176, 37, 170.73
1791242400 24176, 28, 198.58
1791242401 24176, 28, 178.98
1791242402 24176, 40, 178.98
1791242403 24176, 45, 212.32
1791242404 24176, 54, 214.86
1791242406 24176, 43, 212.16
1791242407 24176, 59, 211.20
1791242408 24176, 46, 212.57
1791242409 24176, 51, 227.60
1791242410 24176, 47, 220.27
1791242411 24176, 40, 204.05
1791242412 24176, 54, 199.86
1791242413 24176, 44, 225.55
1791242415 24176, 45, 205.44
1791242416 24176, 36, 195.54
1791242417 24176, 48, 193.55
1791242418 24176, 40, 192.16
1791242419 24176, 48, 192.48
1791242420 24176, 36, 207.53
1791242421 24176, 45, 195.34
1791242422 24176, 35, 198.75
1791242423 24176, 35, 190.75
1791242425 24176, 38, 185.27
1791242426 24176, 29, 172.94
1791242427 24176, 46, 178.90
1791242428 24176, 44, 197.03
1791242429 24176, 43, 188.96
1791242430 24176, 32, 190.28
1791242431 24176, 30, 181.49
1791242433 24176, 41, 197.59
1791242434 24176, 38, 180.93
1791242435 24176, 47, 223.40
1791242436 24176, 46, 211.95
1791242437 24176, 36, 201.71
1791242438 24176, 35, 183.81
1791242439 24176, 35, 203.40
1791242440 24176, 33, 185.74
1791242442 24176, 40, 184.44
1791242443 24176, 28, 171.81
1791242444 24176, 38, 177.27
1791242445 24176, 29, 193.16
1791242446 24176, 31, 185.13
1791242447 24176, 39, 177.80
1791242448 24176, 31, 165.96
1791242449 24176, 38, 175.43
1791242450 24176, 37, 194.08
1791242452 24176, 33, 192.00
1791242453 24176, 38, 210.04
1791242454 24176, 38, 191.57
1791242455 24176, 41, 215.66
1791242456 24176, 45, 204.55
1791242457 24176, 31, 207.88
1791242458 24176, 42, 190.40
1791242459 24176, 44, 200.67
1791242461 24176, 43, 191.15
1791242462 24176, 39, 202.12
1791242463 24176, 49, 195.18
1791242464 24176, 40, 229.02
1791242465 24176, 41, 216.97
1791242466 24176, 38, 187.67
1791242467 24176, 60, 197.54
1791242469 24176, 40, 224.81
1791242470 24176, 42, 211.89
1791242471 24176, 43, 199.14
1791242472 24176, 59, 227.18
1791242473 24176, 48, 231.71
1791242474 24176, 45, 220.09
1791242475 24176, 43, 207.20
1791242477 24176, 43, 219.34
1791242478 24176, 45, 212.47
1791242479 24176, 40, 202.56
1791242480 24176, 48, 210.74
1791242481 24176, 20, 183.47
1791242483 24176, 28, 171.44
1791242484 24176, 22, 159.84
1791242485 24176, 20, 154.86
1791242486 24176, 17, 181.69
1791242487 24176, 33, 172.53
1791242489 24176, 28, 190.38
1791242490 24176, 41, 191.88
1791242491 24176, 51, 195.86
1791242492 24176, 42, 204.98
1791242493 24176, 55, 206.81
1791242494 24176, 46, 219.53
1791242495 24176, 44, 214.87
1791242496 24176, 43, 203.25
1791242497 24176, 45, 199.92
1791242499 24176, 40, 185.39
1791242500 24176, 43, 198.12
1791242501 24176, 42, 193.04
1791242502 24176, 39, 196.07
1791242503 24176, 40, 190.16
1791242504 24176, 34, 218.75
1791242505 24176, 45, 217.54
1791242507 24176, 45, 207.50
1791242508 24176, 56, 222.05
1791242509 24176, 41, 234.30
1791242510 24176, 46, 224.65
1791242511 24176, 42, 201.63
1791242512 24176, 49, 196.32
1791242513 24176, 39, 186.63
1791242515 24176, 60, 206.38
1791242516 24176, 48, 221.40
1791242517 24176, 41, 207.91
1791242518 24176, 43, 191.74
1791242519 24176, 41, 207.41
1791242520 24176, 49, 201.14
1791242522 24176, 41, 206.00
1791242523 24176, 40, 201.72
1791242524 24176, 39, 178.02
1791242525 24176, 46, 193.29
1791242526 24176, 44, 217.60
1791242527 24176, 41, 202.17
1791242528 24176, 29, 185.33
1791242529 24176, 40, 175.02
1791242530 24176, 30, 172.20
1791242532 24176, 43, 173.39
1791242533 24176, 37, 185.77
1791242534 24176, 38, 185.18
1791242535 24176, 37, 187.32
1791242536 24176, 39, 179.68
1791242537 24176, 0, 165.72
1791242538 24176, 0, 99.98
1791242539 24176, 0, 73.00
1791242541 24176, 0, 72.94
1791242542 24176, 0, 72.71
1791242543 24176, 0, 72.78
1791242544 24176, 0, 72.57
1791242545 24176, 9, 72.45
1791242546 24176, 13, 72.40
1791242547 24176, 29, 72.29
1791242549 24176, 1, 72.36
1791242550 24176, 0, 72.49
1791242551 24176, 23, 72.34
1791242552 24176, 15, 72.10
1791242553 24176, 2, 71.64
1791242554 24176, 0, 71.64
1791242555 24176, 0, 71.80
1791242557 24176, 24, 71.99
1791242558 24176, 7, 71.12
1791242559 24176, 0, 70.69
1791242560 24176, 1, 70.91
1791242561 24176, 0, 71.20
1791242562 24176, 16, 71.22
1791242564 24176, 4, 71.16
1791242565 24176, 0, 71.05
1791242566 24176, 2, 71.01
1791242567 24176, 0, 71.17
1791242568 24176, 20, 72.57
1791242569 24176, 0, 71.24
1791242571 24176, 0, 70.82
1791242572 24176, 0, 70.62
1791242573 24176, 0, 71.35
