1791244009 2, 0, 51.29
1791244010 2, 0, 38.15
1791244011 4, 0, 28.73
1791244012 4, 0, 25.74
1791244013 4, 0, 16.43
1791244015 4, 0, 17.06
1791244016 4, 0, 16.79
1791244017 4, 0, 16.28
1791244018 4, 0, 16.17
1791244019 672, 0, 21.34
1791244020 672, 0, 69.86
1791244022 672, 0, 69.63
1791244023 672, 0, 69.60
1791244024 740, 0, 69.71
1791244025 16200, 1, 70.34
1791244026 16200, 0, 70.33
1791244027 16202, 27, 71.26
1791244029 16208, 35, 79.94
1791244030 16216, 25, 94.54
1791244031 16220, 30, 106.63
1791244032 16228, 23, 81.45
1791244033 16234, 22, 81.58
1791244034 16240, 20, 78.28
1791244035 16248, 23, 79.42
1791244037 16254, 29, 81.22
1791244038 16262, 25, 80.68
1791244039 16268, 31, 78.35
1791244040 16276, 19, 82.59
1791244041 17626, 28, 81.28
1791244042 18874, 27, 81.43
1791244043 18874, 0, 71.85
1791244045 18874, 0, 70.16
1791244046 18874, 0, 70.02
1791244047 16812, 0, 70.26
1791244048 16812, 0, 70.03
1791244049 16812, 0, 69.82
1791244050 16826, 0, 72.21
1791244052 16898, 0, 73.89
1791244053 17118, 1, 69.37
1791244054 17358, 1, 69.73
1791244055 17558, 1, 70.09
1791244056 17758, 1, 69.75
1791244058 17938, 1, 69.82
1791244059 19244, 0, 72.00
1791244060 19244, 0, 69.27
1791244061 19244, 9, 73.40
1791244062 19244, 4, 83.55
1791244064 19244, 5, 72.43
1791244065 20984, 9, 71.04
1791244066 20984, 7, 70.00
1791244067 20984, 6, 69.27
1791244068 20984, 5, 69.46
1791244069 20984, 0, 69.68
1791244070 20984, 46, 69.46
1791244072 20984, 9, 68.94
1791244073 20984, 11, 68.92
1791244074 20984, 4, 68.50
1791244075 20984, 0, 68.46
1791244076 20984, 2, 68.06
1791244077 20984, 18, 68.05
1791244078 20984, 27, 68.08
1791244080 20984, 0, 68.39
1791244081 20984, 0, 68.50
1791244082 20984, 8, 68.22
1791244083 20984, 0, 68.81
1791244084 20984, 68, 68.60
1791244085 20984, 1, 68.34
1791244087 20984, 16, 68.26
1791244088 20984, 0, 68.90
1791244089 20984, 18, 69.00
1791244090 20984, 0, 68.46
1791244091 20984, 7, 68.35
1791244092 20984, 0, 68.32
1791244093 20984, 0, 68.25
1791244095 20984, 38, 68.34
1791244096 20984, 2, 68.14
1791244097 20984, 2, 68.08
1791244098 20984, 1, 68.14
1791244099 20984, 0, 68.68
1791244100 20984, 2, 68.78
1791244101 20984, 0, 68.49
1791244103 20984, 7, 68.38
1791244104 20984, 0, 68.03
1791244105 20984, 15, 68.55
1791244106 20984, 3, 68.90
1791244107 20984, 0, 68.85
1791244108 20984, 13, 68.23
1791244109 20984, 0, 68.46
1791244111 20984, 8, 68.82
1791244112 20984, 9, 68.51
1791244113 20984, 6, 68.11
1791244114 20984, 0, 68.54
1791244115 20984, 15, 68.31
1791244116 20984, 0, 68.43
1791244117 20984, 5, 67.61
1791244119 20984, 0, 67.67
1791244120 20984, 9, 67.36
1791244121 20984, 0, 68.07
1791244122 20984, 4, 67.86
1791244123 20984, 0, 68.25
1791244124 20984, 0, 67.53
1791244126 20986, 0, 67.97
1791244127 20988, 0, 67.88
1791244128 20990, 55, 106.98
1791244129 20990, 40, 188.13
1791244130 20992, 42, 159.44
1791244131 20992, 37, 187.07
1791244133 20992, 36, 170.29
1791244134 20992, 33, 165.82
1791244135 19268, 0, 102.57
1791244136 20058, 0, 86.45
1791244137 20082, 0, 141.75
1791244138 20124, 0, 103.56
1791244139 22008, 40, 164.83
1791244141 22654, 48, 179.69
1791244142 22654, 40, 185.28
1791244143 22714, 40, 185.01
1791244144 22714, 43, 198.72
1791244145 22746, 38, 189.76
1791244146 22746, 35, 167.27
1791244147 23692, 42, 179.89
1791244149 23692, 37, 194.52
1791244150 23998, 45, 190.03
1791244151 24078, 45, 208.55
1791244152 24078, 46, 205.50
1791244153 24078, 41, 189.72
1791244154 24106, 47, 187.26
1791244155 24106, 39, 178.61
1791244157 24106, 33, 189.86
1791244158 24106, 31, 173.53
1791244159 24106, 42, 171.44
1791244160 24106, 30, 169.30
1791244161 24106, 52, 193.02
1791244162 24106, 42, 201.17
1791244163 24118, 41, 183.74
1791244165 24118, 42, 180.70
1791244166 24118, 43, 207.70
1791244167 24118, 39, 202.30
1791244168 24118, 44, 202.71
1791244169 24118, 42, 193.45
1791244170 24130, 39, 188.14
1791244171 24130, 44, 175.98
1791244173 24130, 33, 176.86
1791244174 24130, 21, 178.71
1791244175 24130, 36, 199.86
1791244176 24130, 19, 177.14
1791244177 24130, 35, 164.46
1791244178 24130, 40, 179.74
1791244179 24130, 43, 216.84
1791244181 24130, 31, 194.42
1791244182 24130, 39, 193.74
1791244183 24130, 42, 181.34
1791244184 24130, 43, 180.13
1791244185 24130, 40, 169.87
1791244186 24130, 46, 192.62
1791244187 24130, 40, 187.58
1791244188 24130, 45, 220.39
1791244190 24130, 45, 208.95
1791244191 24130, 42, 203.57
1791244192 24130, 47, 220.64
1791244193 24130, 39, 195.97
1791244194 24130, 38, 186.13
1791244195 24130, 47, 221.76
1791244196 24130, 48, 195.33
1791244198 24130, 41, 203.45
1791244199 24130, 42, 190.90
1791244200 24130, 44, 190.34
1791244201 24130, 38, 186.94
1791244202 24130, 39, 201.38
1791244203 24130, 44, 192.97
1791244204 24130, 43, 190.61
1791244205 24130, 46, 193.89
1791244207 24130, 36, 191.04
1791244208 24130, 28, 182.41
1791244209 24130, 32, 177.25
1791244210 24130, 37, 187.62
1791244211 24130, 47, 217.01
1791244212 24130, 45, 204.93
1791244213 24130, 40, 187.98
1791244215 24130, 49, 196.30
1791244216 24130, 44, 209.32
1791244217 24130, 43, 204.79
1791244218 24130, 38, 189.44
1791244219 24130, 48, 191.77
1791244220 24130, 41, 179.51
1791244221 24130, 44, 215.83
1791244223 24130, 45, 189.07
1791244224 24130, 47, 208.62
1791244225 24130, 41, 194.00
1791244226 24130, 41, 198.39
1791244227 24130, 42, 189.24
1791244228 24130, 45, 230.48
1791244230 24130, 44, 210.13
1791244231 24130, 28, 183.69
1791244232 24130, 29, 164.24
1791244233 24130, 27, 168.37
1791244234 24130, 40, 176.08
1791244235 24130, 42, 198.40
1791244236 24130, 38, 197.18
1791244238 24130, 27, 195.55
1791244239 24130, 41, 192.67
1791244240 24130, 43, 209.54
1791244241 24130, 51, 214.39
1791244242 24130, 44, 215.70
1791244243 24130, 44, 210.33
1791244244 24130, 40, 195.64
1791244246 24130, 45, 197.92
1791244247 24130, 43, 184.50
1791244248 24130, 46, 202.96
1791244249 24130, 42, 190.91
1791244250 24130, 45, 220.38
1791244251 24130, 46, 212.05
1791244252 24130, 40, 200.13
1791244253 24130, 57, 207.24
1791244255 24130, 43, 217.20
1791244256 24130, 39, 195.02
1791244257 24130, 30, 177.78
1791244258 24130, 40, 174.23
1791244259 24130, 41, 189.23
1791244260 24130, 40, 182.91
1791244261 24130, 33, 199.55
1791244263 24130, 46, 197.72
1791244264 24130, 40, 196.29
1791244265 24130, 48, 190.28
1791244266 24130, 40, 180.35
1791244267 24130, 42, 209.55
1791244268 24130, 43, 202.51
1791244269 24130, 22, 206.82
1791244271 24130, 39, 173.60
1791244272 24130, 39, 187.58
1791244273 24130, 39, 186.69
1791244274 24130, 40, 197.27
1791244275 24130, 48, 199.02
1791244276 24130, 41, 203.92
1791244277 24130, 50, 202.94
1791244278 24130, 44, 197.73
1791244280 24130, 45, 205.57
1791244281 24130, 28, 185.96
1791244282 24130, 34, 175.76
1791244283 24130, 44, 199.15
1791244284 24130, 52, 201.40
1791244285 24130, 43, 218.57
1791244286 24130, 46, 203.94
1791244288 24130, 46, 204.65
1791244289 24130, 51, 208.89
1791244290 24130, 46, 222.40
1791244291 24130, 46, 209.89
1791244292 24130, 39, 199.31
1791244293 24130, 48, 209.81
1791244294 24130, 38, 196.76
1791244295 24130, 32, 208.29
1791244297 24130, 45, 197.13
1791244298 24130, 53, 209.93
1791244299 24130, 44, 201.44
1791244300 24130, 41, 206.63
1791244301 24130, 41, 195.36
1791244302 24130, 44, 227.77
1791244304 24130, 50, 218.40
1791244305 24130, 33, 195.58
1791244306 24130, 28, 176.32
1791244307 24130, 42, 198.81
1791244308 24130, 40, 209.22
1791244309 24150, 48, 213.55
1791244310 24150, 47, 218.05
1791244311 24150, 37, 212.12
1791244313 24150, 41, 202.86
1791244314 24150, 48, 210.60
1791244315 24150, 46, 202.19
1791244316 24150, 46, 196.81
1791244317 24150, 48, 198.28
1791244318 24150, 49, 200.90
1791244319 24150, 48, 175.60
1791244321 24150, 15, 190.18
1791244322 24150, 38, 187.32
1791244323 24150, 55, 222.31
1791244324 24150, 45, 213.13
1791244325 24150, 44, 216.76
1791244326 24150, 46, 205.90
1791244327 24150, 39, 200.13
1791244329 24150, 32, 183.74
1791244330 24150, 25, 190.61
1791244331 24150, 29, 184.92
1791244332 24150, 48, 203.11
1791244333 24170, 48, 228.94
1791244334 24170, 56, 225.04
1791244335 24170, 46, 209.24
1791244337 24170, 37, 199.27
1791244338 24170, 40, 183.21
1791244339 24170, 52, 201.99
1791244340 24170, 42, 199.80
1791244341 24170, 39, 200.36
1791244342 24170, 42, 193.63
1791244343 24170, 40, 180.60
1791244344 24170, 53, 206.10
1791244346 24170, 43, 197.05
1791244347 24170, 44, 208.82
1791244348 24170, 39, 196.41
1791244349 24170, 57, 203.10
1791244350 24170, 44, 214.34
1791244351 24170, 38, 200.24
1791244353 24170, 33, 182.32
1791244354 24174, 37, 179.17
1791244355 24174, 38, 176.36
1791244356 24174, 39, 184.27
1791244357 24174, 42, 190.39
1791244358 24174, 57, 199.58
1791244359 24174, 46, 208.16
1791244361 24174, 44, 218.83
1791244362 24174, 43, 209.07
1791244363 24174, 41, 200.72
1791244364 24174, 37, 194.67
1791244365 24174, 39, 201.35
1791244366 24174, 48, 195.79
1791244368 24174, 38, 182.68
1791244369 24174, 37, 194.99
1791244370 24174, 36, 183.58
1791244371 24174, 51, 188.42
1791244372 24174, 41, 208.46
1791244373 24174, 40, 196.76
1791244374 24174, 48, 241.08
1791244375 24174, 48, 219.35
1791244377 24174, 38, 199.36
1791244378 24174, 27, 178.38
1791244379 24174, 39, 189.36
1791244380 24174, 28, 179.56
1791244381 24174, 33, 196.68
1791244382 24174, 45, 205.68
1791244383 24174, 55, 216.31
1791244384 24174, 45, 208.02
1791244386 24174, 42, 206.82
1791244387 24174, 42, 198.02
1791244388 24174, 39, 192.23
1791244389 24174, 48, 191.08
1791244390 24174, 42, 197.74
1791244391 24174, 47, 191.94
1791244392 24174, 45, 212.21
1791244393 24174, 47, 215.76
1791244395 24174, 43, 196.04
1791244396 24174, 55, 197.36
1791244397 24174, 44, 221.05
1791244398 24174, 46, 212.31
1791244399 24174, 41, 198.76
1791244400 24174, 49, 205.61
1791244401 24174, 31, 185.35
1791244402 24174, 37, 186.82
1791244404 24174, 40, 202.16
1791244405 24174, 34, 193.15
1791244406 24174, 44, 207.87
1791244407 24174, 53, 216.82
1791244408 24174, 41, 211.63
1791244409 24174, 48, 207.53
1791244410 24174, 42, 184.77
1791244412 24174, 40, 206.20
1791244413 24174, 40, 198.76
1791244414 24174, 51, 215.86
1791244415 24174, 43, 196.27
1791244416 24174, 42, 215.50
1791244417 24174, 44, 215.34
1791244418 24174, 26, 209.57
1791244419 24174, 41, 184.65
1791244421 24174, 45, 218.99
1791244422 24174, 43, 212.79
1791244423 24174, 43, 225.91
1791244424 24174, 37, 216.94
1791244425 24174, 44, 225.21
1791244426 24174, 46, 203.08
1791244427 24174, 31, 185.83
1791244429 24174, 30, 175.07
1791244430 24174, 42, 195.18
1791244431 24174, 33, 189.79
1791244432 24174, 42, 210.00
1791244433 24174, 44, 201.95
1791244434 24174, 43, 202.41
1791244435 24174, 43, 192.81
1791244437 24174, 45, 215.00
1791244438 24174, 52, 205.28
1791244439 24174, 26, 198.09
1791244440 24174, 38, 191.09
1791244441 24174, 38, 179.49
1791244442 24174, 50, 195.78
1791244443 24174, 36, 204.49
1791244444 24174, 59, 210.47
1791244446 24174, 48, 227.16
1791244447 24174, 52, 218.90
1791244448 24174, 41, 201.35
1791244449 24174, 38, 205.11
1791244450 24174, 43, 203.35
1791244451 24174, 43, 198.30
1791244452 24174, 41, 202.65
1791244454 24174, 40, 203.81
1791244455 24174, 29, 205.74
1791244456 24174, 45, 221.75
1791244457 24174, 40, 202.60
1791244458 24174, 54, 209.43
1791244459 24174, 42, 210.34
1791244460 24174, 41, 210.37
1791244462 24174, 42, 198.67
1791244463 24174, 47, 195.70
1791244464 24174, 40, 191.31
1791244465 24174, 40, 193.51
1791244466 24174, 41, 193.40
1791244467 24174, 40, 216.01
1791244468 24174, 18, 186.42
1791244469 24174, 41, 212.17
1791244471 24174, 46, 203.98
1791244472 24174, 30, 188.97
1791244473 24174, 48, 178.83
1791244474 24174, 49, 226.44
1791244475 24174, 39, 206.07
1791244476 24174, 38, 193.89
1791244477 24174, 37, 187.26
1791244478 24176, 39, 173.91
1791244480 24176, 57, 187.15
1791244481 24176, 46, 221.65
1791244482 24176, 49, 206.05
1791244483 24176, 32, 186.57
1791244484 24176, 48, 189.38
1791244485 24176, 41, 193.79
1791244486 24176, 40, 185.18
1791244488 24176, 42, 186.37
1791244489 24176, 41, 187.99
1791244490 24176, 39, 187.48
1791244491 24176, 40, 195.13
1791244492 24176, 41, 178.70
1791244493 24176, 47, 220.52
1791244494 24176, 56, 224.13
1791244496 24176, 38, 211.65
1791244497 24176, 32, 190.54
1791244498 24176, 46, 195.77
1791244499 24176, 41, 193.36
1791244500 24176, 47, 186.45
1791244501 24176, 48, 187.29
1791244502 24176, 40, 204.08
1791244503 24176, 43, 205.91
1791244505 24176, 41, 208.98
1791244506 24176, 41, 196.61
1791244507 24176, 40, 192.69
1791244508 24176, 45, 191.78
1791244509 24176, 39, 195.69
1791244510 24176, 49, 193.89
1791244511 24176, 42, 178.31
1791244513 24176, 19, 209.46
1791244514 24176, 43, 203.55
1791244515 24176, 41, 209.22
1791244516 24176, 36, 185.83
1791244517 24176, 42, 196.12
1791244518 24176, 43, 196.58
1791244519 24176, 45, 212.19
1791244520 24176, 55, 207.51
1791244522 24176, 41, 210.10
1791244523 24176, 34, 205.21
1791244524 24176, 37, 197.75
1791244525 24176, 49, 195.69
1791244526 24176, 27, 183.63
1791244527 24176, 36, 172.84
1791244528 24176, 55, 199.85
1791244529 24176, 42, 207.20
1791244531 24176, 41, 190.79
1791244532 24176, 32, 181.61
1791244533 24176, 40, 196.37
1791244534 24176, 47, 194.97
1791244535 24176, 41, 180.49
1791244536 24176, 49, 190.66
1791244537 24176, 40, 177.99
1791244539 24176, 39, 200.51
1791244540 24176, 40, 193.67
1791244541 24176, 44, 194.18
1791244542 24176, 44, 197.47
1791244543 24176, 43, 221.01
1791244544 24176, 39, 207.11
1791244545 24176, 32, 204.72
1791244546 24176, 45, 206.43
1791244548 24176, 33, 194.01
1791244549 24176, 41, 190.59
1791244550 24176, 40, 209.20
1791244551 24176, 29, 190.85
1791244552 24176, 40, 201.18
1791244553 24176, 38, 204.85
1791244554 24176, 44, 218.91
1791244556 24176, 42, 204.24
1791244557 24176, 44, 221.91
1791244558 24176, 46, 213.46
1791244559 24176, 47, 215.67
1791244560 24176, 46, 218.71
1791244561 24176, 37, 198.24
1791244562 24176, 49, 213.32
1791244564 24176, 45, 222.37
1791244565 24176, 47, 214.62
1791244566 24176, 39, 185.55
1791244567 24176, 46, 199.72
1791244568 24176, 29, 183.01
1791244569 24176, 49, 189.29
1791244570 24176, 47, 222.40
1791244571 24176, 37, 207.54
1791244573 24176, 46, 211.21
1791244574 24176, 49, 209.16
1791244575 24176, 39, 187.91
1791244576 24176, 31, 170.29
1791244577 24176, 38, 192.28
1791244578 24176, 41, 193.60
1791244579 24176, 39, 203.02
1791244580 24176, 40, 194.81
1791244581 24176, 39, 191.68
1791244583 24176, 29, 180.40
1791244584 24176, 53, 213.67
1791244585 24176, 46, 218.10
1791244586 24176, 40, 197.99
1791244587 24176, 38, 199.08
1791244588 24176, 45, 222.85
1791244589 24176, 45, 214.26
1791244590 24176, 39, 182.18
1791244592 24176, 51, 182.91
1791244593 24176, 34, 215.71
1791244594 24176, 48, 198.40
1791244595 24176, 39, 185.70
1791244596 24176, 39, 188.92
1791244597 24176, 45, 220.46
1791244599 24176, 51, 221.61
1791244600 24176, 44, 213.45
1791244601 24176, 42, 200.55
1791244602 24176, 46, 214.12
1791244603 24176, 46, 223.01
1791244604 24176, 41, 203.50
1791244605 24176, 32, 200.38
1791244607 24176, 37, 182.39
1791244608 24176, 39, 204.61
1791244609 24176, 40, 193.71
1791244610 24176, 45, 224.59
1791244611 24176, 45, 225.58
1791244612 24176, 41, 202.00
1791244613 24176, 41, 193.04
1791244614 24176, 44, 208.32
1791244616 24176, 47, 204.78
1791244617 24176, 40, 192.91
1791244618 24176, 55, 215.05
1791244619 24176, 46, 234.61
1791244620 24176, 41, 217.96
1791244621 24176, 43, 205.51
1791244622 24176, 50, 218.29
1791244624 24176, 43, 211.83
1791244625 24176, 39, 198.82
1791244626 24176, 36, 179.32
1791244627 24176, 55, 217.37
1791244628 24176, 41, 216.36
1791244629 24176, 43, 202.01
1791244630 24176, 37, 171.49
1791244632 24176, 39, 183.53
1791244633 24176, 40, 190.58
1791244634 24176, 42, 211.42
1791244635 24176, 38, 189.16
1791244636 24176, 43, 206.30
1791244637 24176, 42, 204.94
1791244638 24176, 43, 224.59
1791244640 24176, 26, 206.60
1791244641 24176, 39, 191.30
1791244642 24176, 41, 194.42
1791244643 24176, 32, 192.49
1791244644 24176, 41, 182.58
1791244645 24176, 35, 189.86
1791244647 24176, 46, 184.66
1791244648 24176, 41, 197.49
1791244649 24176, 38, 204.92
1791244650 24176, 38, 207.65
1791244651 24176, 31, 193.73
1791244652 24176, 42, 203.51
1791244654 24176, 40, 196.13
1791244655 24176, 41, 219.91
1791244656 24176, 49, 208.30
1791244657 24176, 39, 209.69
1791244658 24176, 42, 197.05
1791244659 24176, 39, 192.32
1791244660 24176, 36, 175.98
1791244661 24176, 46, 231.35
1791244663 24176, 41, 217.20
1791244664 24176, 33, 202.04
1791244665 24176, 16, 185.62
1791244666 24176, 36, 185.58
1791244667 24176, 40, 196.26
1791244668 24176, 42, 206.41
1791244669 24176, 43, 196.26
1791244671 24176, 39, 177.55
1791244672 24176, 44, 175.98
1791244673 24176, 44, 217.56
1791244674 24176, 45, 205.81
1791244675 24176, 37, 184.80
1791244676 24176, 47, 176.94
1791244677 24176, 42, 182.11
1791244679 24176, 48, 188.55
1791244680 24176, 48, 187.20
1791244681 24176, 49, 196.21
1791244682 24176, 51, 190.32
1791244683 24176, 0, 147.62
1791244684 24176, 5, 109.17
1791244686 24176, 11, 71.96
1791244687 24176, 2, 71.88
1791244688 24176, 0, 71.71
1791244689 24176, 0, 71.59
1791244690 24176, 13, 71.43
1791244691 24176, 10, 71.37
1791244692 24176, 25, 71.37
1791244694 24176, 0, 71.25
1791244695 24176, 14, 71.30
1791244696 24176, 3, 71.26
1791244697 24176, 6, 70.82
1791244698 24176, 41, 70.84
1791244699 24176, 0, 70.33
1791244701 24176, 12, 70.26
1791244702 24176, 0, 70.18
1791244703 24176, 1, 70.47
1791244704 24176, 0, 69.85
1791244705 24176, 0, 69.97
1791244706 24176, 63, 69.95
1791244707 24176, 34, 69.57
1791244709 24176, 0, 69.46
1791244710 24176, 46, 69.44
1791244711 24176, 3, 69.06
1791244712 24176, 18, 71.07
1791244713 24176, 0, 70.04
1791244714 24176, 0, 69.18
1791244716 24176, 0, 69.33
1791244717 24176, 0, 68.92
