1791576580 2647, 14001, 40, 0x0000000000000000 | 3.68 4.19 4.68 | cpu  59111200 8301 9610419 1112105388 146285 0 457521 0 0 0
1791576581 1612, 7001, 39, 0x0000000000000000 | 3.68 4.19 4.68 | cpu  59111789 8301 9610534 1112115389 146288 0 457521 0 0 0
1791576582 300, 810, 39, 0x0000000000000000 | 3.68 4.19 4.68 | cpu  59112040 8301 9610666 1112125767 146288 0 457521 0 0 0
1791576583 300, 810, 39, 0x0000000000000000 | 3.68 4.19 4.68 | cpu  59112486 8302 9610716 1112136117 146288 0 457521 0 0 0
1791576584 300, 405, 39, 0x0000000000000000 | 3.63 4.17 4.67 | cpu  59112768 8302 9610784 1112146707 146288 0 457521 0 0 0
1791576586 300, 405, 39, 0x0000000000000000 | 3.63 4.17 4.67 | cpu  59112904 8302 9610829 1112157300 146288 0 457522 0 0 0
1791576587 300, 405, 39, 0x0000000000000000 | 3.63 4.17 4.67 | cpu  59113117 8302 9610910 1112167861 146291 0 457522 0 0 0
1791576588 300, 405, 39, 0x0000000000000000 | 3.63 4.17 4.67 | cpu  59113664 8302 9610962 1112178145 146291 0 457522 0 0 0
1791576589 2670, 13801, 40, 0x0000000000000000 | 3.58 4.15 4.66 | cpu  59113906 8302 9611140 1112188396 146291 0 457522 0 0 0
1791576590 2647, 13801, 40, 0x0000000000000000 | 3.58 4.15 4.66 | cpu  59114463 8302 9611282 1112198406 146291 0 457523 0 0 0
1791576591 2647, 13801, 41, 0x0000000000000000 | 3.58 4.15 4.66 | cpu  59114847 8302 9611387 1112208652 146291 0 457523 0 0 0
1791576592 2722, 13801, 41, 0x0000000000000000 | 3.58 4.15 4.66 | cpu  59115321 8302 9611566 1112218693 146292 0 457523 0 0 0
1791576593 2715, 13801, 41, 0x0000000000000000 | 3.58 4.15 4.66 | cpu  59115736 8302 9611716 1112228886 146293 0 457523 0 0 0
1791576595 2715, 13801, 42, 0x0000000000000000 | 3.53 4.13 4.65 | cpu  59116204 8302 9611780 1112239033 146293 0 457523 0 0 0
1791576596 2700, 13801, 42, 0x0000000000000000 | 3.53 4.13 4.65 | cpu  59116608 8302 9611838 1112249308 146293 0 457523 0 0 0
1791576597 2715, 13801, 41, 0x0000000000000000 | 3.53 4.13 4.65 | cpu  59117077 8302 9611894 1112259567 146293 0 457523 0 0 0
1791576598 2715, 13801, 42, 0x0000000000000000 | 3.53 4.13 4.65 | cpu  59117480 8302 9611946 1112269827 146293 0 457523 0 0 0
1791576599 2715, 13801, 42, 0x0000000000000000 | 3.41 4.09 4.63 | cpu  59117948 8302 9612006 1112279997 146293 0 457523 0 0 0
1791576600 2662, 13801, 41, 0x0000000000000000 | 3.41 4.09 4.63 | cpu  59118352 8302 9612063 1112290263 146294 0 457523 0 0 0
1791576601 2670, 13801, 41, 0x0000000000000000 | 3.41 4.09 4.63 | cpu  59118949 8303 9612361 1112299997 146294 0 457523 0 0 0
1791576602 2715, 13801, 42, 0x0000000000000000 | 3.41 4.09 4.63 | cpu  59120179 8303 9612551 1112309363 146294 0 457523 0 0 0
1791576604 2715, 13801, 42, 0x0000000000000000 | 3.46 4.09 4.63 | cpu  59120703 8303 9612730 1112319461 146295 0 457524 0 0 0
1791576605 2655, 13801, 41, 0x0000000000000000 | 3.46 4.09 4.63 | cpu  59121255 8303 9612935 1112329464 146295 0 457524 0 0 0
1791576606 2677, 13801, 41, 0x0000000000000000 | 3.46 4.09 4.63 | cpu  59121689 8303 9613101 1112339648 146295 0 457524 0 0 0
1791576607 2775, 13801, 41, 0x0000000000000000 | 3.46 4.09 4.63 | cpu  59121908 8303 9613293 1112350032 146295 0 457524 0 0 0
1791576608 2647, 13801, 41, 0x0000000000000000 | 3.46 4.09 4.63 | cpu  59122156 8303 9613480 1112360385 146295 0 457524 0 0 0
1791576609 2647, 13801, 41, 0x0000000000000000 | 3.50 4.09 4.63 | cpu  59122474 8303 9613781 1112370473 146295 0 457525 0 0 0
1791576610 2662, 13801, 41, 0x0000000000000000 | 3.50 4.09 4.63 | cpu  59123647 8303 9613957 1112379844 146295 0 457525 0 0 0
1791576611 2662, 13801, 41, 0x0000000000000000 | 3.50 4.09 4.63 | cpu  59123961 8303 9614051 1112390189 146296 0 457525 0 0 0
1791576613 2662, 13801, 41, 0x0000000000000000 | 3.50 4.09 4.63 | cpu  59124170 8303 9614130 1112400696 146296 0 457525 0 0 0
1791576614 2662, 13801, 41, 0x0000000000000000 | 3.46 4.07 4.62 | cpu  59124434 8303 9614271 1112411024 146296 0 457526 0 0 0
1791576615 2662, 13801, 41, 0x0000000000000000 | 3.46 4.07 4.62 | cpu  59124641 8303 9614418 1112421513 146296 0 457526 0 0 0
1791576616 2662, 13801, 41, 0x0000000000000000 | 3.46 4.07 4.62 | cpu  59124855 8303 9614530 1112431961 146296 0 457527 0 0 0
1791576617 2670, 13801, 41, 0x0000000000000000 | 3.46 4.07 4.62 | cpu  59125052 8303 9614622 1112442792 146297 0 457527 0 0 0
1791576618 2647, 13801, 41, 0x0000000000000000 | 3.46 4.07 4.62 | cpu  59125282 8303 9614656 1112453312 146297 0 457527 0 0 0
1791576619 2647, 13801, 41, 0x0000000000000000 | 3.34 4.04 4.60 | cpu  59125594 8303 9614693 1112463722 146297 0 457527 0 0 0
1791576620 2647, 13801, 41, 0x0000000000000000 | 3.34 4.04 4.60 | cpu  59128502 8303 9614753 1112471954 146297 0 457527 0 0 0
1791576622 2647, 13801, 41, 0x0000000000000000 | 3.34 4.04 4.60 | cpu  59132105 8303 9614827 1112479534 146297 0 457527 0 0 0
1791576623 2647, 13801, 41, 0x0000000000000000 | 3.34 4.04 4.60 | cpu  59134131 8303 9614958 1112488182 146298 0 457528 0 0 0
1791576624 2647, 13801, 41, 0x0000000000000000 | 3.31 4.02 4.60 | cpu  59134418 8303 9615098 1112498564 146298 0 457528 0 0 0
1791576625 2647, 13801, 41, 0x0000000000000000 | 3.31 4.02 4.60 | cpu  59134715 8303 9615267 1112508907 146298 0 457528 0 0 0
1791576626 2647, 13801, 41, 0x0000000000000000 | 3.31 4.02 4.60 | cpu  59134954 8303 9615572 1112519190 146298 0 457528 0 0 0
1791576627 2647, 13801, 41, 0x0000000000000000 | 3.31 4.02 4.60 | cpu  59135336 8304 9615869 1112529296 146298 0 457528 0 0 0
1791576628 2647, 13801, 41, 0x0000000000000000 | 3.31 4.02 4.60 | cpu  59135901 8304 9616152 1112539184 146299 0 457528 0 0 0
1791576630 2647, 13801, 41, 0x0000000000000000 | 6.97 4.77 4.83 | cpu  59136537 8304 9616385 1112549161 146299 0 457528 0 0 0
1791576631 2647, 13801, 41, 0x0000000000000000 | 6.97 4.77 4.83 | cpu  59136818 8304 9616536 1112559529 146299 0 457529 0 0 0
1791576632 2647, 13801, 41, 0x0000000000000000 | 6.97 4.77 4.83 | cpu  59137012 8304 9616640 1112570055 146300 0 457529 0 0 0
1791576633 2647, 13801, 41, 0x0000000000000000 | 6.97 4.77 4.83 | cpu  59137233 8304 9616741 1112580542 146300 0 457529 0 0 0
1791576634 2647, 13801, 41, 0x0000000000000000 | 6.57 4.72 4.82 | cpu  59137405 8304 9616849 1112591049 146300 0 457530 0 0 0
1791576635 2647, 13801, 41, 0x0000000000000000 | 6.57 4.72 4.82 | cpu  59137579 8304 9616956 1112601569 146300 0 457530 0 0 0
1791576636 2647, 13801, 41, 0x0000000000000000 | 6.57 4.72 4.82 | cpu  59137785 8304 9617116 1112611955 146301 0 457530 0 0 0
1791576637 2647, 13801, 41, 0x0000000000000000 | 6.57 4.72 4.82 | cpu  59137978 8304 9617246 1112622347 146301 0 457530 0 0 0
1791576639 2647, 13801, 41, 0x0000000000000000 | 6.57 4.72 4.82 | cpu  59138174 8304 9617495 1112632721 146302 0 457530 0 0 0
1791576640 2647, 13801, 41, 0x0000000000000000 | 6.37 4.71 4.81 | cpu  59138376 8304 9617699 1112642964 146302 0 457530 0 0 0
1791576641 2647, 13801, 41, 0x0000000000000000 | 6.37 4.71 4.81 | cpu  59138538 8304 9617786 1112653516 146302 0 457531 0 0 0
1791576642 2647, 13801, 41, 0x0000000000000000 | 6.37 4.71 4.81 | cpu  59138696 8304 9617867 1112664063 146302 0 457531 0 0 0
1791576643 2647, 13801, 41, 0x0000000000000000 | 6.37 4.71 4.81 | cpu  59138858 8304 9617948 1112674627 146302 0 457531 0 0 0
1791576644 2647, 13801, 41, 0x0000000000000000 | 6.10 4.68 4.80 | cpu  59139045 8304 9618058 1112685137 146304 0 457531 0 0 0
1791576645 2647, 13801, 41, 0x0000000000000000 | 6.10 4.68 4.80 | cpu  59139903 8304 9618196 1112694958 146304 0 457531 0 0 0
1791576646 2647, 13801, 41, 0x0000000000000000 | 6.10 4.68 4.80 | cpu  59140124 8305 9618368 1112705387 146305 0 457532 0 0 0
1791576648 2647, 13801, 41, 0x0000000000000000 | 6.10 4.68 4.80 | cpu  59140408 8305 9618518 1112715755 146305 0 457532 0 0 0
1791576649 2647, 13801, 41, 0x0000000000000000 | 5.93 4.67 4.80 | cpu  59140743 8305 9618692 1112725942 146305 0 457533 0 0 0
1791576650 2647, 13801, 41, 0x0000000000000000 | 5.93 4.67 4.80 | cpu  59140973 8305 9618891 1112736219 146305 0 457533 0 0 0
1791576651 2647, 13801, 41, 0x0000000000000000 | 5.93 4.67 4.80 | cpu  59141292 8305 9619152 1112746518 146305 0 457533 0 0 0
1791576652 2647, 13801, 41, 0x0000000000000000 | 5.93 4.67 4.80 | cpu  59142345 8305 9619343 1112755940 146305 0 457533 0 0 0
1791576653 2647, 13801, 41, 0x0000000000000000 | 5.93 4.67 4.80 | cpu  59142620 8305 9619425 1112766392 146305 0 457533 0 0 0
1791576654 2647, 13801, 41, 0x0000000000000000 | 5.77 4.66 4.80 | cpu  59142904 8305 9619549 1112776814 146306 0 457533 0 0 0
1791576655 2647, 13801, 41, 0x0000000000000000 | 5.77 4.66 4.80 | cpu  59143086 8305 9619647 1112787344 146307 0 457533 0 0 0
1791576656 2647, 13801, 41, 0x0000000000000000 | 5.77 4.66 4.80 | cpu  59143336 8305 9619729 1112797837 146307 0 457533 0 0 0
1791576658 2647, 13801, 41, 0x0000000000000000 | 5.77 4.66 4.80 | cpu  59143496 8305 9619817 1112808394 146307 0 457533 0 0 0
1791576659 2647, 13801, 41, 0x0000000000000000 | 5.47 4.61 4.78 | cpu  59143684 8305 9619951 1112818851 146307 0 457534 0 0 0
1791576660 2647, 13801, 41, 0x0000000000000000 | 5.47 4.61 4.78 | cpu  59143848 8305 9620026 1112829375 146307 0 457534 0 0 0
1791576661 2647, 13801, 41, 0x0000000000000000 | 5.47 4.61 4.78 | cpu  59144016 8305 9620115 1112839910 146308 0 457534 0 0 0
1791576662 2647, 13801, 41, 0x0000000000000000 | 5.47 4.61 4.78 | cpu  59144201 8305 9620276 1112850289 146308 0 457534 0 0 0
1791576663 2647, 13801, 41, 0x0000000000000000 | 5.47 4.61 4.78 | cpu  59144380 8305 9620526 1112860666 146308 0 457534 0 0 0
1791576664 2647, 13801, 41, 0x0000000000000000 | 5.27 4.58 4.77 | cpu  59144539 8306 9620723 1112871056 146308 0 457535 0 0 0
1791576665 2647, 13801, 41, 0x0000000000000000 | 5.27 4.58 4.77 | cpu  59144703 8306 9620842 1112881586 146308 0 457535 0 0 0
1791576667 2647, 13801, 41, 0x0000000000000000 | 5.27 4.58 4.77 | cpu  59144871 8306 9620939 1112892108 146308 0 457535 0 0 0
1791576668 2647, 13801, 41, 0x0000000000000000 | 5.27 4.58 4.77 | cpu  59145032 8306 9621027 1112902659 146309 0 457535 0 0 0
1791576669 2647, 13801, 41, 0x0000000000000000 | 5.01 4.54 4.76 | cpu  59145193 8306 9621119 1112913230 146309 0 457535 0 0 0
1791576670 2647, 13801, 41, 0x0000000000000000 | 5.01 4.54 4.76 | cpu  59145385 8306 9621231 1112923765 146309 0 457535 0 0 0
1791576671 2647, 13801, 41, 0x0000000000000000 | 5.01 4.54 4.76 | cpu  59146201 8307 9621416 1112933554 146309 0 457535 0 0 0
1791576672 2647, 13801, 41, 0x0000000000000000 | 5.01 4.54 4.76 | cpu  59146411 8307 9621610 1112943860 146310 0 457536 0 0 0
1791576673 2647, 13801, 41, 0x0000000000000000 | 5.01 4.54 4.76 | cpu  59146708 8307 9621755 1112954234 146310 0 457536 0 0 0
1791576674 2647, 13801, 41, 0x0000000000000000 | 4.93 4.53 4.75 | cpu  59147031 8307 9621986 1112964363 146310 0 457536 0 0 0
1791576676 2647, 13801, 41, 0x0000000000000000 | 4.93 4.53 4.75 | cpu  59147242 8307 9622208 1112974749 146310 0 457536 0 0 0
1791576677 2647, 13801, 41, 0x0000000000000000 | 4.93 4.53 4.75 | cpu  59147537 8307 9622361 1112985063 146310 0 457537 0 0 0
1791576678 2647, 13801, 41, 0x0000000000000000 | 4.93 4.53 4.75 | cpu  59147976 8307 9622644 1112995085 146310 0 457537 0 0 0
1791576679 2647, 13801, 41, 0x0000000000000000 | 4.78 4.51 4.74 | cpu  59148727 8307 9622803 1113004964 146310 0 457537 0 0 0
1791576680 2647, 13801, 41, 0x0000000000000000 | 4.78 4.51 4.74 | cpu  59149008 8307 9622909 1113015390 146310 0 457537 0 0 0
1791576681 2647, 13801, 41, 0x0000000000000000 | 4.78 4.51 4.74 | cpu  59149213 8307 9623033 1113025874 146310 0 457538 0 0 0
1791576682 2647, 13801, 41, 0x0000000000000000 | 4.78 4.51 4.74 | cpu  59149449 8308 9623135 1113036314 146312 0 457538 0 0 0
1791576683 2647, 13801, 41, 0x0000000000000000 | 4.78 4.51 4.74 | cpu  59149628 8308 9623249 1113046817 146312 0 457538 0 0 0
1791576685 2647, 13801, 41, 0x0000000000000000 | 4.55 4.46 4.73 | cpu  59149784 8308 9623350 1113057383 146312 0 457538 0 0 0
1791576686 2647, 13801, 41, 0x0000000000000000 | 4.55 4.46 4.73 | cpu  59149966 8308 9623450 1113067761 146312 0 457538 0 0 0
1791576687 2647, 13801, 41, 0x0000000000000000 | 4.55 4.46 4.73 | cpu  59150150 8308 9623618 1113078230 146313 0 457539 0 0 0
1791576688 2647, 13801, 41, 0x0000000000000000 | 4.55 4.46 4.73 | cpu  59150315 8308 9623741 1113088761 146313 0 457539 0 0 0
1791576689 2647, 13801, 41, 0x0000000000000000 | 4.35 4.42 4.71 | cpu  59150476 8308 9623822 1113099327 146313 0 457539 0 0 0
1791576690 2647, 13801, 41, 0x0000000000000000 | 4.35 4.42 4.71 | cpu  59150662 8308 9623878 1113109921 146313 0 457539 0 0 0
1791576691 2970, 13801, 45, 0x0000000000000000 | 4.35 4.42 4.71 | cpu  59150881 8308 9623902 1113120569 146313 0 457539 0 0 0
1791576692 3030, 13801, 46, 0x0000000000000000 | 4.35 4.42 4.71 | cpu  59151113 8308 9623919 1113131169 146313 0 457539 0 0 0
1791576694 2917, 13801, 43, 0x0000000000000000 | 4.32 4.42 4.71 | cpu  59151932 8308 9624011 1113141032 146315 0 457539 0 0 0
1791576695 2985, 13801, 49, 0x0000000000000000 | 4.32 4.42 4.71 | cpu  59152312 8308 9624191 1113151404 146315 0 457540 0 0 0
1791576696 3030, 13801, 48, 0x0000000000000000 | 4.32 4.42 4.71 | cpu  59152691 8308 9624326 1113161695 146315 0 457540 0 0 0
1791576697 2992, 13801, 56, 0x0000000000000000 | 4.32 4.42 4.71 | cpu  59153049 8308 9624427 1113172080 146315 0 457541 0 0 0
1791576698 2977, 13801, 50, 0x0000000000000000 | 4.32 4.42 4.71 | cpu  59153382 8308 9624803 1113182036 146317 0 457541 0 0 0
1791576699 3030, 13801, 47, 0x0000000000000000 | 4.45 4.44 4.72 | cpu  59153793 8308 9625174 1113191982 146317 0 457541 0 0 0
1791576700 3030, 13801, 49, 0x0000000000000000 | 4.45 4.44 4.72 | cpu  59154097 8308 9625347 1113202361 146317 0 457542 0 0 0
1791576702 3015, 13801, 50, 0x0000000000000000 | 4.45 4.44 4.72 | cpu  59155075 8308 9625453 1113212125 146317 0 457542 0 0 0
1791576703 3022, 13801, 52, 0x0000000000000000 | 4.45 4.44 4.72 | cpu  59155433 8308 9625505 1113222706 146317 0 457542 0 0 0
1791576704 3022, 13801, 51, 0x0000000000000000 | 4.26 4.40 4.70 | cpu  59155714 8308 9625573 1113233217 146318 0 457543 0 0 0
1791576705 3030, 13801, 48, 0x0000000000000000 | 4.26 4.40 4.70 | cpu  59155991 8308 9625629 1113243703 146318 0 457543 0 0 0
1791576706 3022, 13801, 49, 0x0000000000000000 | 4.26 4.40 4.70 | cpu  59156259 8309 9625692 1113254228 146319 0 457543 0 0 0
1791576707 3022, 13801, 50, 0x0000000000000000 | 4.26 4.40 4.70 | cpu  59156493 8309 9625738 1113264820 146319 0 457544 0 0 0
1791576708 3030, 13801, 49, 0x0000000000000000 | 4.26 4.40 4.70 | cpu  59156754 8309 9625783 1113275363 146319 0 457544 0 0 0
1791576709 3022, 13801, 51, 0x0000000000000000 | 4.16 4.38 4.69 | cpu  59157006 8309 9625835 1113286004 146319 0 457544 0 0 0
1791576711 3022, 13801, 50, 0x0000000000000000 | 4.16 4.38 4.69 | cpu  59157299 8309 9625959 1113296370 146319 0 457544 0 0 0
1791576712 3030, 13801, 47, 0x0000000000000000 | 4.16 4.38 4.69 | cpu  59157542 8309 9626063 1113307038 146319 0 457544 0 0 0
1791576713 3022, 13801, 52, 0x0000000000000000 | 4.16 4.38 4.69 | cpu  59157778 8309 9626106 1113317599 146319 0 457544 0 0 0
1791576714 3022, 13801, 54, 0x0000000000000000 | 3.98 4.34 4.68 | cpu  59158008 8309 9626140 1113328203 146319 0 457545 0 0 0
1791576715 3022, 13801, 47, 0x0000000000000000 | 3.98 4.34 4.68 | cpu  59158238 8309 9626182 1113338710 146321 0 457545 0 0 0
1791576716 3030, 13801, 44, 0x0000000000000000 | 3.98 4.34 4.68 | cpu  59158470 8309 9626225 1113349141 146321 0 457545 0 0 0
1791576717 2647, 13801, 42, 0x0000000000000000 | 3.98 4.34 4.68 | cpu  59158706 8309 9626250 1113359694 146321 0 457545 0 0 0
1791576718 2647, 13801, 42, 0x0000000000000000 | 3.98 4.34 4.68 | cpu  59158928 8309 9626271 1113370251 146322 0 457545 0 0 0
1791576720 2647, 13801, 41, 0x0000000000000000 | 3.83 4.30 4.66 | cpu  59159148 8309 9626292 1113380828 146322 0 457545 0 0 0
1791576721 2647, 13801, 41, 0x0000000000000000 | 3.83 4.30 4.66 | cpu  59159637 8309 9626361 1113390975 146323 0 457546 0 0 0
1791576722 2647, 13801, 41, 0x0000000000000000 | 3.83 4.30 4.66 | cpu  59160600 8309 9626427 1113400811 146323 0 457546 0 0 0
1791576723 2647, 13801, 41, 0x0000000000000000 | 3.83 4.30 4.66 | cpu  59160917 8310 9626596 1113411161 146323 0 457546 0 0 0
1791576724 2647, 13801, 41, 0x0000000000000000 | 3.84 4.29 4.66 | cpu  59161244 8310 9626763 1113421463 146323 0 457546 0 0 0
1791576725 2647, 13801, 41, 0x0000000000000000 | 3.84 4.29 4.66 | cpu  59161574 8310 9626883 1113431788 146323 0 457546 0 0 0
1791576726 2647, 13801, 41, 0x0000000000000000 | 3.84 4.29 4.66 | cpu  59161902 8310 9626971 1113442159 146323 0 457546 0 0 0
1791576727 2647, 13801, 41, 0x0000000000000000 | 3.84 4.29 4.66 | cpu  59162163 8310 9627084 1113452596 146328 0 457547 0 0 0
1791576729 2647, 13801, 41, 0x0000000000000000 | 3.85 4.29 4.65 | cpu  59163184 8310 9627211 1113462211 146328 0 457547 0 0 0
1791576730 2647, 13801, 41, 0x0000000000000000 | 3.85 4.29 4.65 | cpu  59163530 8310 9627257 1113472620 146328 0 457547 0 0 0
1791576731 2647, 13801, 41, 0x0000000000000000 | 3.85 4.29 4.65 | cpu  59163853 8310 9627306 1113482964 146328 0 457547 0 0 0
1791576732 2647, 13801, 41, 0x0000000000000000 | 3.85 4.29 4.65 | cpu  59164085 8310 9627380 1113493439 146328 0 457547 0 0 0
1791576733 525, 810, 40, 0x0000000000000000 | 3.85 4.29 4.65 | cpu  59164399 8310 9627571 1113504561 146328 0 457547 0 0 0
1791576734 300, 405, 39, 0x0000000000000000 | 3.78 4.27 4.64 | cpu  59164657 8310 9627775 1113515328 146328 0 457548 0 0 0
1791576735 300, 405, 39, 0x0000000000000000 | 3.78 4.27 4.64 | cpu  59164911 8310 9627987 1113525807 146330 0 457549 0 0 0
1791576737 300, 405, 39, 0x0000000000000000 | 3.78 4.27 4.64 | cpu  59165143 8311 9628061 1113536458 146330 0 457549 0 0 0
1791576738 300, 405, 39, 0x0000000000000000 | 3.78 4.27 4.64 | cpu  59165468 8311 9628161 1113546909 146330 0 457550 0 0 0
1791576739 300, 405, 39, 0x0000000000000000 | 3.72 4.25 4.64 | cpu  59166308 8311 9628237 1113556906 146330 0 457551 0 0 0
1791576740 300, 405, 39, 0x0000000000000000 | 3.72 4.25 4.64 | cpu  59166608 8311 9628348 1113567318 146330 0 457553 0 0 0
1791576741 300, 405, 39, 0x0000000000000000 | 3.72 4.25 4.64 | cpu  59166952 8311 9628449 1113577760 146330 0 457553 0 0 0
1791576742 300, 405, 39, 0x0000000000000000 | 3.72 4.25 4.64 | cpu  59167312 8311 9628586 1113588164 146330 0 457555 0 0 0
1791576743 300, 405, 39, 0x0000000000000000 | 3.72 4.25 4.64 | cpu  59167676 8311 9628800 1113598448 146330 0 457556 0 0 0
1791576745 300, 405, 39, 0x0000000000000000 | 3.74 4.24 4.63 | cpu  59167957 8311 9628936 1113608932 146330 0 457556 0 0 0
1791576746 292, 405, 39, 0x0000000000000000 | 3.74 4.24 4.63 | cpu  59168982 8311 9629052 1113618567 146331 0 457556 0 0 0
1791576747 300, 405, 39, 0x0000000000000000 | 3.74 4.24 4.63 | cpu  59169371 8311 9629151 1113628925 146331 0 457556 0 0 0
1791576748 300, 405, 39, 0x0000000000000000 | 3.74 4.24 4.63 | cpu  59169690 8311 9629277 1113639399 146331 0 457556 0 0 0
1791576749 300, 405, 39, 0x0000000000000000 | 3.68 4.22 4.62 | cpu  59169990 8311 9629453 1113649632 146331 0 457557 0 0 0
1791576750 300, 405, 39, 0x0000000000000000 | 3.68 4.22 4.62 | cpu  59170240 8311 9629523 1113660109 146331 0 457557 0 0 0
1791576751 300, 405, 38, 0x0000000000000000 | 3.68 4.22 4.62 | cpu  59170481 8311 9629578 1113670700 146332 0 457557 0 0 0
1791576752 300, 405, 39, 0x0000000000000000 | 3.68 4.22 4.62 | cpu  59170709 8311 9629603 1113681267 146332 0 457557 0 0 0
1791576754 300, 405, 38, 0x0000000000000000 | 3.63 4.20 4.61 | cpu  59170939 8311 9629622 1113691935 146332 0 457557 0 0 0
1791576755 300, 405, 39, 0x0000000000000000 | 3.63 4.20 4.61 | cpu  59171174 8311 9629656 1113702548 146332 0 457557 0 0 0
1791576756 300, 405, 39, 0x0000000000000000 | 3.63 4.20 4.61 | cpu  59172158 8311 9629748 1113712383 146333 0 457558 0 0 0
1791576757 300, 405, 38, 0x0000000000000000 | 3.63 4.20 4.61 | cpu  59172444 8311 9629899 1113722832 146333 0 457558 0 0 0
1791576758 300, 405, 38, 0x0000000000000000 | 3.63 4.20 4.61 | cpu  59172819 8311 9630073 1113733374 146334 0 457558 0 0 0
1791576759 300, 405, 39, 0x0000000000000000 | 3.82 4.23 4.62 | cpu  59173326 8311 9630326 1113743357 146336 0 457558 0 0 0
1791576760 300, 405, 39, 0x0000000000000000 | 3.82 4.23 4.62 | cpu  59173625 8311 9630523 1113753808 146337 0 457559 0 0 0
1791576762 300, 405, 38, 0x0000000000000000 | 3.82 4.23 4.62 | cpu  59173986 8311 9630617 1113764262 146337 0 457559 0 0 0
1791576763 300, 405, 38, 0x0000000000000000 | 3.82 4.23 4.62 | cpu  59174440 8311 9630742 1113774624 146337 0 457559 0 0 0
1791576764 300, 405, 38, 0x0000000000000000 | 3.75 4.21 4.61 | cpu  59175307 8311 9630842 1113784555 146337 0 457559 0 0 0
1791576765 300, 405, 38, 0x0000000000000000 | 3.75 4.21 4.61 | cpu  59175667 8312 9631010 1113794784 146338 0 457559 0 0 0
1791576766 300, 405, 39, 0x0000000000000000 | 3.75 4.21 4.61 | cpu  59175915 8312 9631078 1113805368 146338 0 457559 0 0 0
1791576767 300, 405, 38, 0x0000000000000000 | 3.75 4.21 4.61 | cpu  59176204 8312 9631120 1113815934 146338 0 457560 0 0 0
1791576768 300, 405, 38, 0x0000000000000000 | 3.75 4.21 4.61 | cpu  59176472 8312 9631285 1113826369 146339 0 457561 0 0 0
1791576770 300, 405, 38, 0x0000000000000000 | 3.77 4.21 4.61 | cpu  59176708 8312 9631435 1113836891 146339 0 457561 0 0 0
1791576771 300, 405, 38, 0x0000000000000000 | 3.77 4.21 4.61 | cpu  59176941 8313 9631549 1113847494 146340 0 457561 0 0 0
1791576772 300, 405, 39, 0x0000000000000000 | 3.77 4.21 4.61 | cpu  59177209 8313 9631709 1113858544 146340 0 457561 0 0 0
1791576773 300, 405, 38, 0x0000000000000000 | 3.77 4.21 4.61 | cpu  59177443 8313 9631812 1113869105 146340 0 457561 0 0 0
1791576774 300, 405, 38, 0x0000000000000000 | 3.63 4.17 4.60 | cpu  59177684 8313 9631860 1113879706 146340 0 457561 0 0 0
1791576775 300, 405, 38, 0x0000000000000000 | 3.63 4.17 4.60 | cpu  59177909 8313 9631904 1113890367 146342 0 457562 0 0 0
1791576776 300, 405, 38, 0x0000000000000000 | 3.63 4.17 4.60 | cpu  59178137 8313 9631944 1113901136 146342 0 457562 0 0 0
1791576778 300, 405, 38, 0x0000000000000000 | 3.63 4.17 4.60 | cpu  59178366 8313 9631958 1113911796 146342 0 457562 0 0 0
1791576779 300, 405, 38, 0x0000000000000000 | 7.02 4.86 4.82 | cpu  59179023 8313 9632030 1113921866 146343 0 457562 0 0 0
1791576780 292, 405, 38, 0x0000000000000000 | 7.02 4.86 4.82 | cpu  59179542 8313 9632102 1113932181 146343 0 457562 0 0 0
1791576781 300, 405, 38, 0x0000000000000000 | 7.02 4.86 4.82 | cpu  59179903 8313 9632191 1113942521 146344 0 457562 0 0 0
1791576782 300, 405, 38, 0x0000000000000000 | 7.02 4.86 4.82 | cpu  59180174 8313 9632317 1113953052 146344 0 457563 0 0 0
1791576783 300, 405, 38, 0x0000000000000000 | 7.02 4.86 4.82 | cpu  59180547 8313 9632458 1113963407 146344 0 457563 0 0 0
1791576784 300, 405, 39, 0x0000000000000000 | 6.70 4.83 4.81 | cpu  59180929 8313 9632638 1113973802 146344 0 457563 0 0 0
1791576785 300, 405, 38, 0x0000000000000000 | 6.70 4.83 4.81 | cpu  59181216 8314 9632811 1113984201 146345 0 457563 0 0 0
1791576787 300, 405, 38, 0x0000000000000000 | 6.70 4.83 4.81 | cpu  59182221 8314 9632908 1113994017 146345 0 457563 0 0 0
1791576788 300, 405, 38, 0x0000000000000000 | 6.70 4.83 4.81 | cpu  59182596 8314 9632995 1114004466 146345 0 457563 0 0 0
1791576789 300, 405, 38, 0x0000000000000000 | 6.40 4.80 4.80 | cpu  59182900 8314 9633057 1114015129 146345 0 457563 0 0 0
1791576790 300, 405, 38, 0x0000000000000000 | 6.40 4.80 4.80 | cpu  59183166 8314 9633099 1114025639 146345 0 457563 0 0 0
1791576791 300, 405, 38, 0x0000000000000000 | 6.40 4.80 4.80 | cpu  59183437 8314 9633128 1114036217 146346 0 457563 0 0 0
1791576792 300, 405, 38, 0x0000000000000000 | 6.40 4.80 4.80 | cpu  59183669 8314 9633153 1114046742 146346 0 457563 0 0 0
1791576793 300, 405, 38, 0x0000000000000000 | 6.40 4.80 4.80 | cpu  59183898 8314 9633168 1114057379 146346 0 457564 0 0 0
1791576795 300, 405, 38, 0x0000000000000000 | 6.05 4.75 4.78 | cpu  59184143 8314 9633205 1114067839 146346 0 457564 0 0 0
1791576796 300, 405, 38, 0x0000000000000000 | 6.05 4.75 4.78 | cpu  59184384 8315 9633282 1114078441 146346 0 457564 0 0 0
1791576797 292, 405, 38, 0x0000000000000000 | 6.05 4.75 4.78 | cpu  59184643 8315 9633472 1114088856 146346 0 457564 0 0 0
1791576798 300, 405, 38, 0x0000000000000000 | 6.05 4.75 4.78 | cpu  59184885 8315 9633601 1114099373 146346 0 457564 0 0 0
1791576799 300, 405, 38, 0x0000000000000000 | 5.89 4.74 4.78 | cpu  59185548 8315 9633684 1114109581 146347 0 457565 0 0 0
1791576800 300, 405, 38, 0x0000000000000000 | 5.89 4.74 4.78 | cpu  59186067 8315 9633798 1114119986 146347 0 457565 0 0 0
1791576801 300, 405, 38, 0x0000000000000000 | 5.89 4.74 4.78 | cpu  59186418 8315 9633889 1114130457 146347 0 457565 0 0 0
1791576803 300, 405, 38, 0x0000000000000000 | 5.89 4.74 4.78 | cpu  59186695 8315 9634042 1114140941 146347 0 457566 0 0 0
1791576804 300, 405, 38, 0x0000000000000000 | 5.74 4.73 4.77 | cpu  59187048 8315 9634249 1114151308 146347 0 457566 0 0 0
1791576805 300, 405, 38, 0x0000000000000000 | 5.74 4.73 4.77 | cpu  59187413 8315 9634468 1114161673 146347 0 457566 0 0 0
1791576806 300, 405, 38, 0x0000000000000000 | 5.74 4.73 4.77 | cpu  59187697 8315 9634671 1114172089 146348 0 457566 0 0 0
1791576807 300, 405, 38, 0x0000000000000000 | 5.74 4.73 4.77 | cpu  59188702 8315 9634752 1114181917 146348 0 457567 0 0 0
1791576808 300, 405, 38, 0x0000000000000000 | 5.74 4.73 4.77 | cpu  59189095 8315 9634941 1114192024 146348 0 457567 0 0 0
1791576809 300, 405, 38, 0x0000000000000000 | 5.60 4.72 4.77 | cpu  59189393 8315 9635128 1114202376 146348 0 457567 0 0 0
1791576810 300, 405, 38, 0x0000000000000000 | 5.60 4.72 4.77 | cpu  59189681 8315 9635155 1114212905 146348 0 457567 0 0 0
1791576812 300, 405, 38, 0x0000000000000000 | 5.60 4.72 4.77 | cpu  59189948 8315 9635214 1114223454 146348 0 457567 0 0 0
1791576813 300, 405, 38, 0x0000000000000000 | 5.60 4.72 4.77 | cpu  59190204 8315 9635325 1114233928 146348 0 457567 0 0 0
1791576814 300, 405, 38, 0x0000000000000000 | 5.31 4.67 4.76 | cpu  59190448 8315 9635455 1114244452 146349 0 457567 0 0 0
1791576815 300, 405, 38, 0x0000000000000000 | 5.31 4.67 4.76 | cpu  59190669 8315 9635493 1114255023 146349 0 457567 0 0 0
1791576816 300, 405, 38, 0x0000000000000000 | 5.31 4.67 4.76 | cpu  59190913 8315 9635561 1114265587 146349 0 457567 0 0 0
1791576817 300, 405, 38, 0x0000000000000000 | 5.31 4.67 4.76 | cpu  59191151 8316 9635622 1114276557 146350 0 457567 0 0 0
1791576818 300, 405, 38, 0x0000000000000000 | 5.31 4.67 4.76 | cpu  59191402 8316 9635757 1114287017 146353 0 457568 0 0 0
1791576820 300, 405, 38, 0x0000000000000000 | 5.28 4.68 4.76 | cpu  59191674 8316 9635901 1114297497 146353 0 457568 0 0 0
1791576821 300, 405, 38, 0x0000000000000000 | 5.28 4.68 4.76 | cpu  59191919 8316 9636022 1114308119 146353 0 457568 0 0 0
1791576822 300, 405, 38, 0x0000000000000000 | 5.28 4.68 4.76 | cpu  59192151 8316 9636096 1114318808 146353 0 457568 0 0 0
1791576823 300, 405, 38, 0x0000000000000000 | 5.28 4.68 4.76 | cpu  59192381 8316 9636122 1114329449 146353 0 457568 0 0 0
1791576824 300, 405, 38, 0x0000000000000000 | 5.18 4.67 4.75 | cpu  59192923 8317 9636238 1114339611 146354 0 457568 0 0 0
1791576825 300, 405, 38, 0x0000000000000000 | 5.18 4.67 4.75 | cpu  59193561 8317 9636318 1114349808 146354 0 457568 0 0 0
1791576826 300, 405, 38, 0x0000000000000000 | 5.18 4.67 4.75 | cpu  59193926 8317 9636415 1114360273 146354 0 457568 0 0 0
1791576828 300, 405, 38, 0x0000000000000000 | 5.18 4.67 4.75 | cpu  59194200 8317 9636535 1114370808 146354 0 457568 0 0 0
1791576829 300, 405, 38, 0x0000000000000000 | 5.01 4.64 4.74 | cpu  59194589 8317 9636625 1114381118 146354 0 457569 0 0 0
1791576830 300, 405, 38, 0x0000000000000000 | 5.01 4.64 4.74 | cpu  59194956 8317 9636720 1114391460 146355 0 457570 0 0 0
1791576831 292, 405, 38, 0x0000000000000000 | 5.01 4.64 4.74 | cpu  59195249 8317 9636826 1114401954 146355 0 457570 0 0 0
1791576832 300, 405, 38, 0x0000000000000000 | 5.01 4.64 4.74 | cpu  59196548 8317 9636964 1114411338 146355 0 457570 0 0 0
1791576833 300, 405, 38, 0x0000000000000000 | 5.01 4.64 4.74 | cpu  59196916 8317 9637062 1114421872 146355 0 457570 0 0 0
1791576834 300, 405, 38, 0x0000000000000000 | 4.93 4.63 4.74 | cpu  59197237 8317 9637129 1114432372 146355 0 457570 0 0 0
1791576835 300, 405, 38, 0x0000000000000000 | 4.93 4.63 4.74 | cpu  59197485 8317 9637192 1114442870 146357 0 457571 0 0 0
1791576837 300, 405, 38, 0x0000000000000000 | 4.93 4.63 4.74 | cpu  59197755 8317 9637226 1114453489 146357 0 457571 0 0 0
1791576838 300, 405, 38, 0x0000000000000000 | 4.93 4.63 4.74 | cpu  59198007 8317 9637286 1114464223 146357 0 457571 0 0 0
1791576839 300, 405, 38, 0x0000000000000000 | 4.93 4.63 4.74 | cpu  59198238 8317 9637430 1114474737 146357 0 457571 0 0 0
1791576840 300, 405, 38, 0x0000000000000000 | 4.93 4.63 4.74 | cpu  59198469 8317 9637573 1114485273 146357 0 457571 0 0 0
1791576841 300, 405, 38, 0x0000000000000000 | 4.93 4.63 4.74 | cpu  59198698 8317 9637663 1114495854 146358 0 457571 0 0 0
1791576842 300, 405, 38, 0x0000000000000000 | 4.93 4.63 4.74 | cpu  59198936 8317 9637699 1114506458 146358 0 457571 0 0 0
1791576843 300, 405, 38, 0x0000000000000000 | 4.93 4.63 4.74 | cpu  59199170 8317 9637739 1114517089 146358 0 457571 0 0 0
1791576845 300, 405, 38, 0x0000000000000000 | 4.78 4.61 4.73 | cpu  59199424 8317 9637847 1114527513 146358 0 457571 0 0 0
1791576846 300, 405, 38, 0x0000000000000000 | 4.78 4.61 4.73 | cpu  59199688 8317 9637980 1114538044 146358 0 457572 0 0 0
1791576847 300, 405, 38, 0x0000000000000000 | 4.78 4.61 4.73 | cpu  59200605 8317 9638046 1114547908 146359 0 457572 0 0 0
1791576848 292, 405, 38, 0x0000000000000000 | 4.78 4.61 4.73 | cpu  59200887 8317 9638171 1114558445 146359 0 457572 0 0 0
1791576849 300, 405, 38, 0x0000000000000000 | 4.63 4.58 4.72 | cpu  59201283 8317 9638325 1114569150 146359 0 457572 0 0 0
1791576850 300, 405, 38, 0x0000000000000000 | 4.63 4.58 4.72 | cpu  59201656 8317 9638447 1114579587 146359 0 457572 0 0 0
1791576851 300, 405, 38, 0x0000000000000000 | 4.63 4.58 4.72 | cpu  59201929 8317 9638556 1114590121 146359 0 457572 0 0 0
1791576853 300, 405, 38, 0x0000000000000000 | 4.63 4.58 4.72 | cpu  59202320 8317 9638682 1114600491 146360 0 457573 0 0 0
1791576854 300, 405, 38, 0x0000000000000000 | 7.79 5.23 4.93 | cpu  59202817 8317 9638809 1114610713 146360 0 457573 0 0 0
1791576855 300, 405, 38, 0x0000000000000000 | 7.79 5.23 4.93 | cpu  59203772 8318 9638887 1114620510 146361 0 457573 0 0 0
1791576856 300, 405, 38, 0x0000000000000000 | 7.79 5.23 4.93 | cpu  59204129 8318 9638948 1114631099 146361 0 457573 0 0 0
1791576857 300, 405, 38, 0x0000000000000000 | 7.79 5.23 4.93 | cpu  59204404 8318 9639073 1114641673 146362 0 457574 0 0 0
1791576858 300, 405, 38, 0x0000000000000000 | 7.79 5.23 4.93 | cpu  59204716 8318 9639188 1114652257 146362 0 457574 0 0 0
1791576859 300, 405, 38, 0x0000000000000000 | 7.32 5.18 4.92 | cpu  59204965 8318 9639262 1114662909 146363 0 457574 0 0 0
1791576861 300, 405, 38, 0x0000000000000000 | 7.32 5.18 4.92 | cpu  59205201 8318 9639301 1114673535 146363 0 457574 0 0 0
1791576862 300, 405, 38, 0x0000000000000000 | 7.32 5.18 4.92 | cpu  59205433 8318 9639331 1114684194 146363 0 457574 0 0 0
1791576863 300, 405, 38, 0x0000000000000000 | 7.32 5.18 4.92 | cpu  59205670 8318 9639371 1114694816 146363 0 457574 0 0 0
1791576864 300, 405, 38, 0x0000000000000000 | 6.98 5.14 4.90 | cpu  59205904 8318 9639406 1114705518 146363 0 457574 0 0 0
1791576865 300, 405, 38, 0x0000000000000000 | 6.98 5.14 4.90 | cpu  59206154 8318 9639442 1114715997 146364 0 457574 0 0 0
1791576866 300, 405, 38, 0x0000000000000000 | 6.98 5.14 4.90 | cpu  59206385 8318 9639473 1114726661 146364 0 457574 0 0 0
1791576867 300, 405, 38, 0x0000000000000000 | 6.98 5.14 4.90 | cpu  59206617 8318 9639499 1114737325 146364 0 457574 0 0 0
1791576868 300, 405, 38, 0x0000000000000000 | 6.98 5.14 4.90 | cpu  59206862 8318 9639579 1114747856 146364 0 457575 0 0 0
1791576870 300, 405, 38, 0x0000000000000000 | 6.58 5.09 4.89 | cpu  59207135 8318 9639720 1114758305 146365 0 457575 0 0 0
1791576871 300, 405, 38, 0x0000000000000000 | 6.58 5.09 4.89 | cpu  59208113 8318 9639797 1114768045 146365 0 457575 0 0 0
1791576872 300, 405, 38, 0x0000000000000000 | 6.58 5.09 4.89 | cpu  59208404 8318 9639916 1114778547 146365 0 457576 0 0 0
1791576873 300, 405, 38, 0x0000000000000000 | 6.58 5.09 4.89 | cpu  59208771 8318 9640031 1114789134 146365 0 457576 0 0 0
1791576874 300, 405, 38, 0x0000000000000000 | 6.61 5.12 4.90 | cpu  59209140 8318 9640345 1114799257 146366 0 457576 0 0 0
1791576875 300, 405, 38, 0x0000000000000000 | 6.61 5.12 4.90 | cpu  59209430 8318 9640609 1114809547 146366 0 457576 0 0 0
1791576876 300, 405, 38, 0x0000000000000000 | 6.61 5.12 4.90 | cpu  59209839 8318 9640758 1114819663 146366 0 457576 0 0 0
1791576878 300, 405, 38, 0x0000000000000000 | 6.61 5.12 4.90 | cpu  59210822 8318 9640921 1114829558 146367 0 457576 0 0 0
1791576879 300, 405, 38, 0x0000000000000000 | 6.40 5.10 4.90 | cpu  59211195 8318 9641075 1114839760 146367 0 457576 0 0 0
1791576880 300, 405, 38, 0x0000000000000000 | 6.40 5.10 4.90 | cpu  59211579 8318 9641189 1114850159 146367 0 457577 0 0 0
1791576881 300, 405, 38, 0x0000000000000000 | 6.40 5.10 4.90 | cpu  59211860 8319 9641316 1114860615 146368 0 457577 0 0 0
1791576882 300, 405, 38, 0x0000000000000000 | 6.40 5.10 4.90 | cpu  59212172 8319 9641445 1114871234 146368 0 457577 0 0 0
1791576883 300, 405, 38, 0x0000000000000000 | 6.40 5.10 4.90 | cpu  59212429 8319 9641505 1114881780 146368 0 457577 0 0 0
1791576884 300, 405, 38, 0x0000000000000000 | 6.05 5.05 4.88 | cpu  59212687 8319 9641568 1114892368 146368 0 457577 0 0 0
1791576886 292, 405, 38, 0x0000000000000000 | 6.05 5.05 4.88 | cpu  59212919 8319 9641597 1114903029 146368 0 457577 0 0 0
1791576887 300, 405, 38, 0x0000000000000000 | 6.05 5.05 4.88 | cpu  59213150 8319 9641624 1114913595 146368 0 457577 0 0 0
1791576888 300, 405, 38, 0x0000000000000000 | 6.05 5.05 4.88 | cpu  59213417 8320 9641675 1114924123 146368 0 457578 0 0 0
1791576889 300, 405, 38, 0x0000000000000000 | 5.72 5.00 4.86 | cpu  59213668 8320 9641714 1114934723 146368 0 457578 0 0 0
1791576890 300, 405, 38, 0x0000000000000000 | 5.72 5.00 4.86 | cpu  59213906 8320 9641754 1114945466 146369 0 457579 0 0 0
1791576891 300, 405, 38, 0x0000000000000000 | 5.72 5.00 4.86 | cpu  59214152 8320 9641798 1114956070 146369 0 457579 0 0 0
1791576892 300, 405, 38, 0x0000000000000000 | 5.72 5.00 4.86 | cpu  59215069 8320 9641876 1114965995 146370 0 457579 0 0 0
1791576893 300, 405, 38, 0x0000000000000000 | 5.72 5.00 4.86 | cpu  59215373 8320 9642095 1114976354 146370 0 457579 0 0 0
1791576895 300, 405, 38, 0x0000000000000000 | 5.67 5.00 4.87 | cpu  59215758 8320 9642277 1114986689 146370 0 457580 0 0 0
1791576896 300, 405, 38, 0x0000000000000000 | 5.67 5.00 4.87 | cpu  59216120 8320 9642379 1114997109 146371 0 457580 0 0 0
1791576897 300, 405, 38, 0x0000000000000000 | 5.67 5.00 4.87 | cpu  59216400 8320 9642504 1115007545 146371 0 457580 0 0 0
1791576898 300, 405, 38, 0x0000000000000000 | 5.67 5.00 4.87 | cpu  59216759 8320 9642600 1115017997 146371 0 457580 0 0 0
1791576899 300, 405, 38, 0x0000000000000000 | 5.53 4.98 4.86 | cpu  59217211 8320 9642720 1115028305 146371 0 457580 0 0 0
1791576900 300, 405, 38, 0x0000000000000000 | 5.53 4.98 4.86 | cpu  59218098 8320 9642812 1115038200 146373 0 457580 0 0 0
1791576901 300, 405, 38, 0x0000000000000000 | 5.53 4.98 4.86 | cpu  59218456 8320 9642868 1115048612 146373 0 457580 0 0 0
1791576903 292, 405, 38, 0x0000000000000000 | 5.53 4.98 4.86 | cpu  59218764 8320 9642984 1115059038 146373 0 457581 0 0 0
1791576904 300, 405, 38, 0x0000000000000000 | 5.41 4.97 4.86 | cpu  59219038 8320 9643054 1115069531 146373 0 457581 0 0 0
1791576905 300, 405, 38, 0x0000000000000000 | 5.41 4.97 4.86 | cpu  59219340 8320 9643141 1115080058 146374 0 457581 0 0 0
1791576906 300, 405, 38, 0x0000000000000000 | 5.41 4.97 4.86 | cpu  59219648 8320 9643275 1115090723 146374 0 457582 0 0 0
1791576907 300, 405, 38, 0x0000000000000000 | 5.41 4.97 4.86 | cpu  59219898 8320 9643375 1115101315 146374 0 457582 0 0 0
1791576908 300, 405, 38, 0x0000000000000000 | 5.41 4.97 4.86 | cpu  59220352 8321 9643544 1115111418 146374 0 457583 0 0 0
1791576909 300, 405, 38, 0x0000000000000000 | 5.38 4.97 4.86 | cpu  59221072 8321 9643819 1115121345 146374 0 457583 0 0 0
1791576910 300, 405, 38, 0x0000000000000000 | 5.38 4.97 4.86 | cpu  59221435 8321 9643936 1115131768 146374 0 457583 0 0 0
1791576912 300, 405, 38, 0x0000000000000000 | 5.38 4.97 4.86 | cpu  59221720 8321 9644061 1115142277 146374 0 457583 0 0 0
1791576913 300, 405, 38, 0x0000000000000000 | 5.38 4.97 4.86 | cpu  59222101 8321 9644173 1115152809 146374 0 457583 0 0 0
1791576914 300, 405, 38, 0x0000000000000000 | 5.19 4.94 4.85 | cpu  59222472 8321 9644269 1115163180 146374 0 457583 0 0 0
1791576915 2685, 13801, 40, 0x0000000000000000 | 5.19 4.94 4.85 | cpu  59222761 8321 9644406 1115173585 146374 0 457583 0 0 0
1791576916 3022, 13801, 50, 0x0000000000000000 | 5.19 4.94 4.85 | cpu  59223774 8321 9644501 1115183332 146376 0 457584 0 0 0
1791576917 3015, 13801, 53, 0x0000000000000000 | 5.19 4.94 4.85 | cpu  59224137 8321 9644595 1115193636 146376 0 457584 0 0 0
1791576918 3022, 13801, 49, 0x0000000000000000 | 5.19 4.94 4.85 | cpu  59224472 8321 9644716 1115204092 146376 0 457584 0 0 0
1791576920 3030, 13801, 48, 0x0000000000000000 | 5.17 4.94 4.85 | cpu  59224742 8321 9644818 1115214545 146376 0 457584 0 0 0
1791576921 3015, 13801, 53, 0x0000000000000000 | 5.17 4.94 4.85 | cpu  59225029 8322 9644856 1115225095 146376 0 457585 0 0 0
1791576922 3022, 13801, 50, 0x0000000000000000 | 5.17 4.94 4.85 | cpu  59225281 8322 9644909 1115235729 146376 0 457585 0 0 0
1791576923 3022, 13801, 49, 0x0000000000000000 | 5.17 4.94 4.85 | cpu  59225530 8322 9644976 1115246246 146377 0 457585 0 0 0
1791576924 3007, 13801, 51, 0x0000000000000000 | 5.00 4.91 4.84 | cpu  59225764 8322 9645014 1115256960 146377 0 457585 0 0 0
1791576925 3030, 13801, 48, 0x0000000000000000 | 5.00 4.91 4.84 | cpu  59226132 8322 9645098 1115267285 146377 0 457585 0 0 0
1791576926 3000, 13801, 54, 0x0000000000000000 | 5.00 4.91 4.84 | cpu  59226941 8322 9645176 1115277251 146377 0 457585 0 0 0
1791576927 3022, 13801, 50, 0x0000000000000000 | 5.00 4.91 4.84 | cpu  59227297 8322 9645328 1115287613 146377 0 457585 0 0 0
1791576929 2985, 13801, 56, 0x0000000000000000 | 5.00 4.91 4.84 | cpu  59227592 8322 9645447 1115298065 146378 0 457585 0 0 0
1791576930 3030, 13801, 49, 0x0000000000000000 | 5.00 4.91 4.84 | cpu  59227981 8322 9645614 1115308221 146378 0 457586 0 0 0
1791576931 3022, 13801, 51, 0x0000000000000000 | 5.00 4.91 4.84 | cpu  59228350 8322 9645773 1115318674 146378 0 457586 0 0 0
1791576932 3022, 13801, 52, 0x0000000000000000 | 5.00 4.91 4.84 | cpu  59228633 8322 9645905 1115329120 146378 0 457587 0 0 0
1791576933 2992, 13801, 54, 0x0000000000000000 | 5.00 4.91 4.84 | cpu  59229665 8322 9646010 1115338996 146378 0 457587 0 0 0
1791576934 3022, 13801, 52, 0x0000000000000000 | 5.08 4.93 4.84 | cpu  59230026 8322 9646073 1115349412 146378 0 457587 0 0 0
1791576935 3022, 13801, 51, 0x0000000000000000 | 5.08 4.93 4.84 | cpu  59230364 8322 9646136 1115359742 146378 0 457587 0 0 0
1791576937 2985, 13801, 56, 0x0000000000000000 | 5.08 4.93 4.84 | cpu  59230636 8323 9646219 1115370259 146379 0 457588 0 0 0
1791576938 3022, 13801, 51, 0x0000000000000000 | 5.08 4.93 4.84 | cpu  59230896 8323 9646314 1115381039 146379 0 457589 0 0 0
1791576939 3000, 13801, 52, 0x0000000000000000 | 5.07 4.93 4.85 | cpu  59231174 8323 9646493 1115391297 146379 0 457590 0 0 0
1791576940 3022, 13801, 50, 0x0000000000000000 | 5.07 4.93 4.85 | cpu  59231441 8323 9646681 1115401679 146379 0 457590 0 0 0
1791576941 3022, 13801, 51, 0x0000000000000000 | 5.07 4.93 4.85 | cpu  59231676 8323 9646727 1115412391 146380 0 457590 0 0 0
1791576942 3030, 13801, 48, 0x0000000000000000 | 5.07 4.93 4.85 | cpu  59232114 8323 9646900 1115422618 146380 0 457590 0 0 0
1791576943 3022, 13801, 53, 0x0000000000000000 | 5.07 4.93 4.85 | cpu  59232449 8323 9647100 1115433046 146380 0 457590 0 0 0
1791576945 3022, 13801, 51, 0x0000000000000000 | 4.91 4.89 4.84 | cpu  59232680 8323 9647185 1115443583 146380 0 457590 0 0 0
1791576946 3022, 13801, 51, 0x0000000000000000 | 4.91 4.89 4.84 | cpu  59232917 8323 9647220 1115454115 146380 0 457590 0 0 0
1791576947 3022, 13801, 52, 0x0000000000000000 | 4.91 4.89 4.84 | cpu  59233755 8323 9647304 1115463962 146381 0 457590 0 0 0
1791576948 2992, 13801, 54, 0x0000000000000000 | 4.91 4.89 4.84 | cpu  59234136 8323 9647429 1115474158 146381 0 457591 0 0 0
1791576949 3000, 13801, 54, 0x0000000000000000 | 4.75 4.86 4.83 | cpu  59234530 8323 9647530 1115484509 146381 0 457591 0 0 0
1791576950 2977, 13801, 55, 0x0000000000000000 | 4.75 4.86 4.83 | cpu  59234819 8323 9647633 1115494699 146381 0 457591 0 0 0
1791576951 2992, 13801, 54, 0x0000000000000000 | 4.75 4.86 4.83 | cpu  59235171 8323 9647742 1115505119 146381 0 457591 0 0 0
1791576952 2977, 13801, 52, 0x0000000000000000 | 4.75 4.86 4.83 | cpu  59235538 8323 9647852 1115515509 146383 0 457591 0 0 0
1791576954 2977, 13801, 56, 0x0000000000000000 | 4.75 4.86 4.83 | cpu  59235908 8323 9647980 1115526046 146383 0 457592 0 0 0
1791576955 2985, 13801, 53, 0x0000000000000000 | 4.61 4.83 4.81 | cpu  59236874 8324 9648164 1115535881 146383 0 457592 0 0 0
1791576956 3022, 13801, 52, 0x0000000000000000 | 4.61 4.83 4.81 | cpu  59237225 8324 9648237 1115546348 146384 0 457592 0 0 0
1791576957 2977, 13801, 55, 0x0000000000000000 | 4.61 4.83 4.81 | cpu  59237507 8324 9648304 1115556778 146384 0 457592 0 0 0
1791576958 2977, 13801, 55, 0x0000000000000000 | 4.61 4.83 4.81 | cpu  59237799 8324 9648346 1115567439 146384 0 457592 0 0 0
1791576959 2977, 13801, 58, 0x0000000000000000 | 4.40 4.78 4.80 | cpu  59238041 8324 9648399 1115578018 146384 0 457592 0 0 0
1791576960 2992, 13801, 55, 0x0000000000000000 | 4.40 4.78 4.80 | cpu  59238278 8324 9648443 1115588542 146384 0 457593 0 0 0
1791576961 3022, 13801, 51, 0x0000000000000000 | 4.40 4.78 4.80 | cpu  59238528 8324 9648505 1115599080 146385 0 457593 0 0 0
1791576963 3030, 13801, 48, 0x0000000000000000 | 4.40 4.78 4.80 | cpu  59238760 8324 9648538 1115609672 146385 0 457593 0 0 0
1791576964 3022, 13801, 54, 0x0000000000000000 | 4.21 4.74 4.78 | cpu  59239003 8324 9648579 1115620272 146385 0 457593 0 0 0
1791576965 2985, 13801, 55, 0x0000000000000000 | 4.21 4.74 4.78 | cpu  59239233 8324 9648609 1115630878 146385 0 457593 0 0 0
1791576966 3000, 13801, 53, 0x0000000000000000 | 4.21 4.74 4.78 | cpu  59239484 8324 9648695 1115641290 146385 0 457593 0 0 0
1791576967 2970, 13801, 60, 0x0000000000000000 | 4.21 4.74 4.78 | cpu  59239737 8324 9648802 1115652013 146386 0 457593 0 0 0
1791576968 2977, 13801, 57, 0x0000000000000000 | 4.21 4.74 4.78 | cpu  59239984 8324 9648869 1115662692 146386 0 457593 0 0 0
1791576969 3015, 13801, 53, 0x0000000000000000 | 4.03 4.69 4.77 | cpu  59240215 8324 9648899 1115673320 146386 0 457593 0 0 0
1791576971 3022, 13801, 51, 0x0000000000000000 | 4.03 4.69 4.77 | cpu  59240446 8324 9648933 1115683916 146386 0 457593 0 0 0
1791576972 3022, 13801, 54, 0x0000000000000000 | 4.03 4.69 4.77 | cpu  59240677 8324 9648967 1115694513 146386 0 457593 0 0 0
1791576973 3022, 13801, 52, 0x0000000000000000 | 4.03 4.69 4.77 | cpu  59240910 8324 9649003 1115705218 146387 0 457593 0 0 0
1791576974 3000, 13801, 52, 0x0000000000000000 | 3.87 4.65 4.75 | cpu  59241145 8324 9649034 1115715820 146387 0 457593 0 0 0
1791576975 3022, 13801, 49, 0x0000000000000000 | 3.87 4.65 4.75 | cpu  59241376 8324 9649067 1115726478 146387 0 457594 0 0 0
1791576976 3022, 13801, 51, 0x0000000000000000 | 3.87 4.65 4.75 | cpu  59241608 8324 9649120 1115737085 146387 0 457594 0 0 0
1791576977 3015, 13801, 54, 0x0000000000000000 | 3.87 4.65 4.75 | cpu  59241839 8324 9649266 1115747564 146387 0 457594 0 0 0
1791576978 3022, 13801, 51, 0x0000000000000000 | 3.87 4.65 4.75 | cpu  59242094 8324 9649452 1115757928 146389 0 457594 0 0 0
1791576980 3022, 13801, 51, 0x0000000000000000 | 3.96 4.65 4.76 | cpu  59242876 8324 9649620 1115767940 146389 0 457595 0 0 0
1791576981 3022, 13801, 51, 0x0000000000000000 | 3.96 4.65 4.76 | cpu  59243313 8324 9649742 1115778262 146389 0 457595 0 0 0
1791576982 3015, 13801, 52, 0x0000000000000000 | 3.96 4.65 4.76 | cpu  59243674 8324 9649832 1115788640 146389 0 457595 0 0 0
1791576983 2977, 13801, 59, 0x0000000000000000 | 3.96 4.65 4.76 | cpu  59243963 8324 9649950 1115799118 146389 0 457595 0 0 0
1791576984 3022, 13801, 52, 0x0000000000000000 | 3.88 4.63 4.75 | cpu  59244314 8324 9650051 1115809523 146391 0 457595 0 0 0
1791576985 3007, 13801, 53, 0x0000000000000000 | 3.88 4.63 4.75 | cpu  59244687 8324 9650161 1115819987 146391 0 457595 0 0 0
1791576986 3007, 13801, 53, 0x0000000000000000 | 3.88 4.63 4.75 | cpu  59244982 8324 9650274 1115830464 146391 0 457595 0 0 0
1791576988 3030, 13801, 49, 0x0000000000000000 | 3.88 4.63 4.75 | cpu  59246000 8324 9650378 1115840240 146391 0 457596 0 0 0
1791576989 3022, 13801, 51, 0x0000000000000000 | 3.89 4.61 4.74 | cpu  59246359 8324 9650438 1115850670 146391 0 457596 0 0 0
1791576990 2992, 13801, 56, 0x0000000000000000 | 3.89 4.61 4.74 | cpu  59246638 8324 9650479 1115861079 146392 0 457596 0 0 0
1791576991 2985, 13801, 55, 0x0000000000000000 | 3.89 4.61 4.74 | cpu  59246971 8324 9650628 1115871345 146392 0 457596 0 0 0
1791576992 3022, 13801, 52, 0x0000000000000000 | 3.89 4.61 4.74 | cpu  59247228 8324 9650740 1115881864 146394 0 457596 0 0 0
1791576993 3022, 13801, 52, 0x0000000000000000 | 3.89 4.61 4.74 | cpu  59247466 8324 9650788 1115892433 146394 0 457597 0 0 0
1791576994 2992, 13801, 56, 0x0000000000000000 | 3.82 4.59 4.73 | cpu  59247700 8325 9650830 1115902997 146394 0 457597 0 0 0
1791576995 3022, 13801, 50, 0x0000000000000000 | 3.82 4.59 4.73 | cpu  59247943 8325 9650874 1115913711 146395 0 457597 0 0 0
1791576997 3022, 13801, 52, 0x0000000000000000 | 3.82 4.59 4.73 | cpu  59248761 8325 9651035 1115923351 146395 0 457597 0 0 0
1791576998 2985, 13801, 54, 0x0000000000000000 | 3.82 4.59 4.73 | cpu  59249189 8325 9651192 1115934349 146395 0 457598 0 0 0
1791576999 3015, 13801, 52, 0x0000000000000000 | 3.84 4.58 4.73 | cpu  59249574 8325 9651381 1115944582 146395 0 457598 0 0 0
1791577000 2977, 13801, 56, 0x0000000000000000 | 3.84 4.58 4.73 | cpu  59249903 8325 9651558 1115954957 146396 0 457598 0 0 0
1791577001 2977, 13801, 58, 0x0000000000000000 | 3.84 4.58 4.73 | cpu  59250260 8325 9651679 1115965366 146397 0 457598 0 0 0
1791577002 3015, 13801, 51, 0x0000000000000000 | 3.84 4.58 4.73 | cpu  59250641 8325 9651822 1115975752 146397 0 457599 0 0 0
1791577003 3015, 13801, 53, 0x0000000000000000 | 3.84 4.58 4.73 | cpu  59250966 8325 9652001 1115986281 146397 0 457599 0 0 0
1791577005 3022, 13801, 51, 0x0000000000000000 | 3.85 4.57 4.72 | cpu  59251996 8325 9652267 1115995725 146397 0 457599 0 0 0
1791577006 2992, 13801, 55, 0x0000000000000000 | 3.85 4.57 4.72 | cpu  59252348 8325 9652389 1116006090 146397 0 457599 0 0 0
1791577007 3030, 13801, 50, 0x0000000000000000 | 3.85 4.57 4.72 | cpu  59252639 8326 9652449 1116016671 146398 0 457599 0 0 0
1791577008 2992, 13801, 53, 0x0000000000000000 | 3.85 4.57 4.72 | cpu  59252946 8326 9652504 1116027177 146398 0 457600 0 0 0
1791577009 2977, 13801, 55, 0x0000000000000000 | 3.70 4.53 4.71 | cpu  59253198 8326 9652568 1116037693 146398 0 457600 0 0 0
1791577010 2992, 13801, 57, 0x0000000000000000 | 3.70 4.53 4.71 | cpu  59253455 8326 9652641 1116048109 146398 0 457600 0 0 0
1791577011 3022, 13801, 51, 0x0000000000000000 | 3.70 4.53 4.71 | cpu  59253684 8326 9652781 1116058604 146398 0 457600 0 0 0
1791577013 2985, 13801, 56, 0x0000000000000000 | 3.70 4.53 4.71 | cpu  59253923 8326 9652933 1116069063 146398 0 457601 0 0 0
1791577014 3000, 13801, 54, 0x0000000000000000 | 3.64 4.50 4.70 | cpu  59254163 8326 9652978 1116079665 146399 0 457601 0 0 0
1791577015 3022, 13801, 53, 0x0000000000000000 | 3.64 4.50 4.70 | cpu  59254416 8326 9653051 1116090165 146399 0 457602 0 0 0
1791577016 3022, 13801, 51, 0x0000000000000000 | 3.64 4.50 4.70 | cpu  59254665 8326 9653158 1116100721 146400 0 457602 0 0 0
1791577017 3007, 13801, 53, 0x0000000000000000 | 3.64 4.50 4.70 | cpu  59254916 8326 9653235 1116111298 146400 0 457602 0 0 0
1791577018 3015, 13801, 53, 0x0000000000000000 | 3.64 4.50 4.70 | cpu  59255870 8326 9653300 1116121113 146400 0 457602 0 0 0
1791577019 3030, 13801, 49, 0x0000000000000000 | 3.59 4.47 4.69 | cpu  59256157 8326 9653439 1116131592 146400 0 457602 0 0 0
1791577020 3022, 13801, 51, 0x0000000000000000 | 3.59 4.47 4.69 | cpu  59256518 8326 9653520 1116142027 146400 0 457602 0 0 0
1791577022 3022, 13801, 51, 0x0000000000000000 | 3.59 4.47 4.69 | cpu  59256890 8326 9653625 1116152485 146401 0 457602 0 0 0
1791577023 3015, 13801, 51, 0x0000000000000000 | 3.59 4.47 4.69 | cpu  59257172 8326 9653755 1116162940 146401 0 457602 0 0 0
1791577024 3022, 13801, 50, 0x0000000000000000 | 3.54 4.45 4.68 | cpu  59257537 8326 9653852 1116173306 146401 0 457603 0 0 0
1791577025 3022, 13801, 49, 0x0000000000000000 | 3.54 4.45 4.68 | cpu  59258362 8327 9653990 1116183305 146401 0 457603 0 0 0
1791577026 3030, 13801, 49, 0x0000000000000000 | 3.54 4.45 4.68 | cpu  59258910 8327 9654071 1116193536 146401 0 457603 0 0 0
1791577027 2985, 13801, 58, 0x0000000000000000 | 3.54 4.45 4.68 | cpu  59259282 8327 9654176 1116203861 146402 0 457603 0 0 0
1791577028 3030, 13801, 49, 0x0000000000000000 | 3.54 4.45 4.68 | cpu  59259558 8327 9654292 1116214465 146402 0 457604 0 0 0
1791577030 3030, 13801, 48, 0x0000000000000000 | 3.42 4.41 4.67 | cpu  59259855 8328 9654362 1116225021 146402 0 457604 0 0 0
1791577031 2985, 13801, 56, 0x0000000000000000 | 3.42 4.41 4.67 | cpu  59260086 8328 9654393 1116235622 146402 0 457604 0 0 0
1791577032 3030, 13801, 50, 0x0000000000000000 | 3.42 4.41 4.67 | cpu  59260331 8328 9654450 1116246183 146402 0 457604 0 0 0
1791577033 3022, 13801, 50, 0x0000000000000000 | 3.42 4.41 4.67 | cpu  59260560 8328 9654482 1116256765 146402 0 457604 0 0 0
1791577034 3015, 13801, 53, 0x0000000000000000 | 3.39 4.39 4.66 | cpu  59260793 8328 9654516 1116267382 146402 0 457604 0 0 0
1791577035 3022, 13801, 51, 0x0000000000000000 | 3.39 4.39 4.66 | cpu  59261025 8328 9654555 1116277963 146402 0 457605 0 0 0
1791577036 3022, 13801, 51, 0x0000000000000000 | 3.39 4.39 4.66 | cpu  59261263 8328 9654590 1116288540 146402 0 457605 0 0 0
1791577037 2985, 13801, 56, 0x0000000000000000 | 3.39 4.39 4.66 | cpu  59261792 8328 9654683 1116298708 146402 0 457605 0 0 0
1791577039 2992, 13801, 53, 0x0000000000000000 | 3.52 4.40 4.66 | cpu  59262434 8328 9654766 1116308845 146403 0 457605 0 0 0
1791577040 3022, 13801, 53, 0x0000000000000000 | 3.52 4.40 4.66 | cpu  59262834 8328 9654953 1116319240 146403 0 457605 0 0 0
1791577041 3022, 13801, 51, 0x0000000000000000 | 3.52 4.40 4.66 | cpu  59263117 8328 9655121 1116329478 146404 0 457606 0 0 0
1791577042 3022, 13801, 49, 0x0000000000000000 | 3.52 4.40 4.66 | cpu  59263486 8328 9655231 1116339913 146404 0 457606 0 0 0
1791577043 3030, 13801, 49, 0x0000000000000000 | 3.52 4.40 4.66 | cpu  59263849 8328 9655329 1116350309 146404 0 457606 0 0 0
1791577044 3022, 13801, 51, 0x0000000000000000 | 3.47 4.37 4.65 | cpu  59264134 8328 9655458 1116360708 146406 0 457606 0 0 0
1791577045 3022, 13801, 52, 0x0000000000000000 | 3.47 4.37 4.65 | cpu  59265190 8328 9655657 1116370268 146406 0 457607 0 0 0
1791577047 3015, 13801, 53, 0x0000000000000000 | 3.47 4.37 4.65 | cpu  59265539 8328 9655818 1116380630 146406 0 457607 0 0 0
1791577048 3022, 13801, 52, 0x0000000000000000 | 3.47 4.37 4.65 | cpu  59265873 8328 9655901 1116391091 146407 0 457607 0 0 0
1791577049 2985, 13801, 54, 0x0000000000000000 | 3.44 4.35 4.64 | cpu  59266126 8328 9655953 1116401697 146407 0 457607 0 0 0
1791577050 2992, 13801, 55, 0x0000000000000000 | 3.44 4.35 4.64 | cpu  59266409 8328 9655998 1116412262 146408 0 457607 0 0 0
1791577051 2985, 13801, 57, 0x0000000000000000 | 3.44 4.35 4.64 | cpu  59266665 8328 9656092 1116422705 146408 0 457607 0 0 0
1791577052 2985, 13801, 54, 0x0000000000000000 | 3.44 4.35 4.64 | cpu  59266921 8328 9656201 1116433212 146408 0 457607 0 0 0
1791577053 2977, 13801, 56, 0x0000000000000000 | 3.44 4.35 4.64 | cpu  59267448 8328 9656384 1116443310 146408 0 457607 0 0 0
1791577054 3022, 13801, 52, 0x0000000000000000 | 3.40 4.33 4.63 | cpu  59267683 8328 9656436 1116453882 146408 0 457607 0 0 0
1791577056 2977, 13801, 56, 0x0000000000000000 | 3.40 4.33 4.63 | cpu  59267915 8328 9656468 1116464476 146408 0 457607 0 0 0
1791577057 2985, 13801, 57, 0x0000000000000000 | 3.40 4.33 4.63 | cpu  59268193 8328 9656552 1116474889 146409 0 457607 0 0 0
1791577058 3022, 13801, 52, 0x0000000000000000 | 3.40 4.33 4.63 | cpu  59268446 8329 9656646 1116485467 146409 0 457607 0 0 0
1791577059 3000, 13801, 53, 0x0000000000000000 | 3.37 4.30 4.62 | cpu  59268724 8329 9656772 1116495837 146411 0 457607 0 0 0
1791577060 3007, 13801, 55, 0x0000000000000000 | 3.37 4.30 4.62 | cpu  59268977 8329 9656851 1116506269 146412 0 457607 0 0 0
1791577061 3007, 13801, 53, 0x0000000000000000 | 3.37 4.30 4.62 | cpu  59269208 8329 9656885 1116516911 146412 0 457608 0 0 0
1791577062 2977, 13801, 55, 0x0000000000000000 | 3.37 4.30 4.62 | cpu  59269449 8329 9656920 1116527485 146412 0 457608 0 0 0
1791577063 2992, 13801, 56, 0x0000000000000000 | 3.37 4.30 4.62 | cpu  59269699 8330 9657002 1116538168 146412 0 457608 0 0 0
1791577065 3030, 13801, 49, 0x0000000000000000 | 3.34 4.28 4.61 | cpu  59269948 8330 9657118 1116548886 146412 0 457608 0 0 0
1791577066 2977, 13801, 55, 0x0000000000000000 | 3.34 4.28 4.61 | cpu  59270185 8330 9657188 1116559492 146413 0 457608 0 0 0
1791577067 2985, 13801, 60, 0x0000000000000000 | 3.34 4.28 4.61 | cpu  59270427 8330 9657228 1116570047 146413 0 457608 0 0 0
1791577068 3000, 13801, 53, 0x0000000000000000 | 3.34 4.28 4.61 | cpu  59270694 8330 9657280 1116580718 146413 0 457609 0 0 0
1791577069 3022, 13801, 52, 0x0000000000000000 | 3.31 4.26 4.60 | cpu  59270949 8330 9657403 1116591194 146413 0 457610 0 0 0
1791577070 2977, 13801, 58, 0x0000000000000000 | 3.31 4.26 4.60 | cpu  59271199 8330 9657553 1116601633 146414 0 457610 0 0 0
1791577071 2985, 13801, 55, 0x0000000000000000 | 3.31 4.26 4.60 | cpu  59271451 8330 9657658 1116612166 146414 0 457610 0 0 0
1791577073 3007, 13801, 53, 0x0000000000000000 | 3.31 4.26 4.60 | cpu  59272361 8330 9657728 1116622060 146414 0 457610 0 0 0
1791577074 2977, 13801, 58, 0x0000000000000000 | 3.29 4.24 4.60 | cpu  59272644 8330 9657853 1116632603 146414 0 457610 0 0 0
1791577075 2992, 13801, 55, 0x0000000000000000 | 3.29 4.24 4.60 | cpu  59273010 8330 9657959 1116643010 146415 0 457611 0 0 0
1791577076 3015, 13801, 55, 0x0000000000000000 | 3.29 4.24 4.60 | cpu  59273396 8330 9658127 1116653398 146416 0 457611 0 0 0
1791577077 3022, 13801, 52, 0x0000000000000000 | 3.29 4.24 4.60 | cpu  59273704 8330 9658306 1116663981 146416 0 457611 0 0 0
1791577078 3022, 13801, 51, 0x0000000000000000 | 3.29 4.24 4.60 | cpu  59274056 8330 9658435 1116674343 146416 0 457612 0 0 0
1791577079 3022, 13801, 52, 0x0000000000000000 | 3.26 4.22 4.59 | cpu  59275048 8330 9658626 1116683853 146416 0 457612 0 0 0
1791577081 3007, 13801, 53, 0x0000000000000000 | 3.26 4.22 4.59 | cpu  59275395 8330 9658783 1116694198 146416 0 457612 0 0 0
1791577082 3000, 13801, 53, 0x0000000000000000 | 3.26 4.22 4.59 | cpu  59275754 8330 9658934 1116704977 146417 0 457612 0 0 0
1791577083 3030, 13801, 49, 0x0000000000000000 | 3.26 4.22 4.59 | cpu  59276012 8330 9659012 1116715446 146417 0 457612 0 0 0
1791577084 3022, 13801, 50, 0x0000000000000000 | 3.16 4.18 4.57 | cpu  59276297 8330 9659066 1116725987 146417 0 457612 0 0 0
1791577085 2985, 13801, 56, 0x0000000000000000 | 3.16 4.18 4.57 | cpu  59276534 8330 9659123 1116736528 146417 0 457612 0 0 0
1791577086 2977, 13801, 58, 0x0000000000000000 | 3.16 4.18 4.57 | cpu  59276765 8331 9659158 1116747156 146417 0 457613 0 0 0
1791577087 2985, 13801, 55, 0x0000000000000000 | 3.16 4.18 4.57 | cpu  59277003 8331 9659193 1116757729 146418 0 457613 0 0 0
1791577089 3007, 13801, 56, 0x0000000000000000 | 3.16 4.18 4.57 | cpu  59277261 8331 9659301 1116768255 146418 0 457613 0 0 0
1791577090 3000, 13801, 53, 0x0000000000000000 | 3.07 4.15 4.56 | cpu  59277503 8331 9659398 1116778849 146418 0 457613 0 0 0
1791577091 3022, 13801, 52, 0x0000000000000000 | 3.07 4.15 4.56 | cpu  59277738 8331 9659437 1116789581 146418 0 457613 0 0 0
1791577092 3030, 13801, 49, 0x0000000000000000 | 3.07 4.15 4.56 | cpu  59277968 8331 9659469 1116800166 146418 0 457613 0 0 0
1791577093 3007, 13801, 53, 0x0000000000000000 | 3.07 4.15 4.56 | cpu  59278210 8331 9659507 1116810739 146420 0 457613 0 0 0
1791577094 3030, 13801, 50, 0x0000000000000000 | 2.98 4.11 4.54 | cpu  59278442 8331 9659541 1116821375 146420 0 457613 0 0 0
1791577095 3030, 13801, 49, 0x0000000000000000 | 2.98 4.11 4.54 | cpu  59278682 8331 9659580 1116831938 146420 0 457613 0 0 0
1791577096 3030, 13801, 47, 0x0000000000000000 | 2.98 4.11 4.54 | cpu  59279540 8331 9659651 1116841718 146420 0 457613 0 0 0
1791577098 2647, 13801, 43, 0x0000000000000000 | 2.98 4.11 4.54 | cpu  59279867 8331 9659784 1116851957 146420 0 457614 0 0 0
1791577099 2647, 13801, 42, 0x0000000000000000 | 3.06 4.11 4.54 | cpu  59280203 8331 9659918 1116862246 146421 0 457614 0 0 0
1791577100 2647, 13801, 42, 0x0000000000000000 | 3.06 4.11 4.54 | cpu  59280557 8331 9660069 1116872521 146421 0 457614 0 0 0
1791577101 2647, 13801, 42, 0x0000000000000000 | 3.06 4.11 4.54 | cpu  59280825 8331 9660326 1116882756 146421 0 457614 0 0 0
1791577102 2647, 13801, 42, 0x0000000000000000 | 3.06 4.11 4.54 | cpu  59281151 8331 9660526 1116892858 146421 0 457614 0 0 0
1791577103 2647, 13801, 42, 0x0000000000000000 | 3.06 4.11 4.54 | cpu  59281910 8331 9660661 1116902699 146421 0 457615 0 0 0
1791577104 2647, 13801, 41, 0x0000000000000000 | 3.14 4.11 4.54 | cpu  59282571 8331 9660761 1116912684 146422 0 457615 0 0 0
1791577105 2647, 13801, 41, 0x0000000000000000 | 3.14 4.11 4.54 | cpu  59282847 8331 9660839 1116923096 146422 0 457616 0 0 0
1791577107 2647, 13801, 41, 0x0000000000000000 | 3.14 4.11 4.54 | cpu  59283044 8331 9660897 1116933523 146422 0 457616 0 0 0
1791577108 2647, 13801, 41, 0x0000000000000000 | 3.14 4.11 4.54 | cpu  59283235 8331 9660959 1116944052 146423 0 457616 0 0 0
1791577109 2647, 13801, 41, 0x0000000000000000 | 3.05 4.07 4.52 | cpu  59283431 8331 9661027 1116954582 146423 0 457616 0 0 0
1791577110 2647, 13801, 41, 0x0000000000000000 | 3.05 4.07 4.52 | cpu  59283625 8332 9661081 1116965102 146423 0 457616 0 0 0
1791577111 2647, 13801, 41, 0x0000000000000000 | 3.05 4.07 4.52 | cpu  59284409 8332 9661179 1116974929 146424 0 457616 0 0 0
1791577112 2647, 13801, 41, 0x0000000000000000 | 3.05 4.07 4.52 | cpu  59284733 8332 9661322 1116985223 146424 0 457616 0 0 0
1791577113 2647, 13801, 41, 0x0000000000000000 | 3.05 4.07 4.52 | cpu  59285083 8332 9661520 1116995532 146424 0 457616 0 0 0
1791577114 2647, 13801, 41, 0x0000000000000000 | 3.28 4.10 4.53 | cpu  59285412 8332 9661796 1117005697 146424 0 457616 0 0 0
1791577116 2692, 13801, 41, 0x0000000000000000 | 3.28 4.10 4.53 | cpu  59285689 8332 9662072 1117015879 146424 0 457617 0 0 0
1791577117 2647, 13801, 41, 0x0000000000000000 | 3.28 4.10 4.53 | cpu  59286021 8332 9662272 1117026062 146424 0 457617 0 0 0
1791577118 2647, 13801, 41, 0x0000000000000000 | 3.28 4.10 4.53 | cpu  59286392 8332 9662469 1117036611 146425 0 457617 0 0 0
1791577119 2647, 13801, 41, 0x0000000000000000 | 3.34 4.10 4.53 | cpu  59287367 8332 9662635 1117046143 146426 0 457617 0 0 0
1791577120 2647, 13801, 41, 0x0000000000000000 | 3.34 4.10 4.53 | cpu  59287742 8332 9662718 1117056486 146426 0 457617 0 0 0
1791577121 2647, 13801, 41, 0x0000000000000000 | 3.34 4.10 4.53 | cpu  59288004 8332 9662758 1117066981 146427 0 457618 0 0 0
1791577122 2647, 13801, 41, 0x0000000000000000 | 3.34 4.10 4.53 | cpu  59288310 8332 9662814 1117077416 146427 0 457619 0 0 0
1791577123 2647, 13801, 41, 0x0000000000000000 | 3.34 4.10 4.53 | cpu  59288552 8332 9662830 1117087948 146427 0 457619 0 0 0
1791577125 2647, 13801, 41, 0x0000000000000000 | 3.23 4.07 4.52 | cpu  59288802 8332 9662902 1117098515 146427 0 457619 0 0 0
1791577126 2647, 13801, 41, 0x0000000000000000 | 3.23 4.07 4.52 | cpu  59289048 8332 9662988 1117109059 146427 0 457619 0 0 0
1791577127 2647, 13801, 41, 0x0000000000000000 | 3.23 4.07 4.52 | cpu  59289287 8333 9663021 1117119605 146428 0 457619 0 0 0
1791577128 2647, 13801, 41, 0x0000000000000000 | 3.23 4.07 4.52 | cpu  59289544 8333 9663042 1117130141 146428 0 457619 0 0 0
1791577129 2647, 13801, 41, 0x0000000000000000 | 3.14 4.03 4.50 | cpu  59289785 8333 9663058 1117140718 146428 0 457620 0 0 0
1791577130 2647, 13801, 41, 0x0000000000000000 | 3.14 4.03 4.50 | cpu  59290531 8333 9663114 1117150651 146428 0 457620 0 0 0
1791577131 2647, 13801, 41, 0x0000000000000000 | 3.14 4.03 4.50 | cpu  59290973 8333 9663186 1117160916 146428 0 457620 0 0 0
1791577132 2385, 810, 41, 0x0000000000000000 | 3.14 4.03 4.50 | cpu  59291356 8333 9663284 1117171777 146428 0 457621 0 0 0
1791577134 427, 810, 40, 0x0000000000000000 | 3.20 4.03 4.50 | cpu  59291670 8333 9663388 1117183004 146429 0 457621 0 0 0
1791577135 300, 405, 39, 0x0000000000000000 | 3.20 4.03 4.50 | cpu  59292033 8333 9663517 1117193538 146429 0 457622 0 0 0
1791577136 300, 405, 39, 0x0000000000000000 | 3.20 4.03 4.50 | cpu  59292403 8333 9663712 1117203830 146430 0 457622 0 0 0
1791577137 300, 405, 39, 0x0000000000000000 | 3.20 4.03 4.50 | cpu  59292833 8333 9663921 1117214074 146430 0 457622 0 0 0
1791577138 300, 405, 39, 0x0000000000000000 | 3.20 4.03 4.50 | cpu  59293877 8333 9664066 1117224025 146430 0 457623 0 0 0
1791577139 300, 405, 39, 0x0000000000000000 | 3.27 4.03 4.50 | cpu  59294240 8333 9664123 1117234509 146430 0 457623 0 0 0
1791577141 300, 405, 39, 0x0000000000000000 | 3.27 4.03 4.50 | cpu  59294485 8333 9664165 1117245068 146430 0 457623 0 0 0
1791577142 300, 405, 39, 0x0000000000000000 | 3.27 4.03 4.50 | cpu  59294760 8333 9664193 1117255828 146431 0 457623 0 0 0
1791577143 300, 405, 39, 0x0000000000000000 | 3.27 4.03 4.50 | cpu  59294962 8334 9664260 1117266445 146431 0 457623 0 0 0
1791577144 300, 405, 39, 0x0000000000000000 | 3.17 4.00 4.48 | cpu  59295080 8334 9664390 1117277336 146431 0 457624 0 0 0
