1791576102 2, 0, 60.65
1791576103 2, 0, 36.55
1791576105 4, 0, 34.38
1791576106 4, 0, 32.46
1791576107 4, 0, 23.07
1791576108 4, 0, 22.75
1791576109 4, 0, 20.86
1791576110 4, 0, 20.90
1791576111 508, 0, 40.63
1791576113 3770, 32, 68.69
1791576114 4830, 15, 81.26
1791576115 6650, 23, 82.50
1791576116 7690, 12, 80.33
1791576117 8750, 4, 82.35
1791576118 9790, 19, 80.34
1791576119 11230, 18, 80.35
1791576120 12270, 5, 82.35
1791576121 13670, 9, 80.68
1791576123 14730, 23, 79.72
1791576124 16110, 12, 81.28
1791576125 17170, 3, 83.14
1791576126 18570, 13, 81.25
1791576127 19610, 27, 81.43
1791576128 20310, 0, 76.41
1791576129 21612, 0, 72.23
1791576130 21612, 0, 69.37
1791576132 21612, 0, 68.80
1791576133 21612, 4, 69.15
1791576134 21612, 2, 70.10
1791576135 21612, 2, 69.90
1791576136 21612, 3, 69.96
1791576137 21612, 2, 70.31
1791576138 21612, 3, 70.28
1791576139 21612, 2, 70.56
1791576141 21642, 0, 77.01
1791576142 21642, 2, 69.74
1791576143 21642, 2, 69.07
1791576144 21642, 2, 68.88
1791576145 21642, 2, 69.18
1791576146 21642, 1, 69.31
1791576147 21642, 5, 69.50
1791576148 21642, 8, 69.64
1791576150 21642, 0, 69.68
1791576151 21642, 5, 69.93
1791576152 21642, 8, 69.61
1791576153 21642, 0, 69.63
1791576154 21642, 5, 69.30
1791576155 21642, 8, 69.15
1791576156 21642, 0, 69.24
1791576157 21642, 10, 69.61
1791576159 21642, 8, 69.66
1791576160 21642, 0, 69.06
1791576161 21642, 12, 69.42
1791576162 21642, 8, 69.68
1791576163 21642, 5, 69.26
1791576164 21642, 5, 69.38
1791576165 21642, 8, 69.35
1791576166 21642, 5, 70.06
1791576167 21642, 7, 70.01
1791576169 21652, 6, 69.92
1791576170 21654, 34, 174.66
1791576171 21654, 1, 172.52
1791576172 19860, 23, 115.29
1791576173 21522, 31, 223.60
1791576174 22160, 65, 259.63
1791576175 22972, 63, 442.82
1791576177 22996, 27, 270.86
1791576178 22996, 27, 293.45
1791576179 23014, 18, 283.11
1791576180 23014, 33, 293.35
1791576181 23026, 20, 246.86
1791576182 23026, 32, 205.33
1791576183 23026, 35, 260.20
1791576184 23026, 23, 218.86
1791576186 23026, 43, 279.93
1791576187 23026, 28, 264.98
1791576188 23026, 24, 197.22
1791576189 23026, 44, 269.52
1791576190 23306, 58, 343.84
1791576191 23306, 0, 93.72
1791576192 23306, 0, 82.02
1791576193 23306, 0, 69.46
1791576195 23306, 0, 69.32
1791576196 23306, 0, 68.64
1791576197 23306, 0, 68.46
1791576198 23306, 0, 68.37
1791576199 23306, 0, 68.27
1791576200 23306, 0, 68.85
1791576201 23306, 0, 68.79
1791576202 23306, 0, 68.57
1791576204 23306, 0, 68.61
1791576205 23306, 0, 69.15
1791576206 23306, 0, 69.63
1791576207 23306, 0, 69.12
1791576208 23306, 0, 69.59
1791576209 23306, 0, 39.64
1791576210 23306, 0, 28.98
1791576212 23306, 0, 27.34
1791576213 23306, 0, 22.60
1791576214 23306, 0, 23.48
1791576215 23306, 0, 22.20
1791576216 23306, 0, 22.44
1791576217 23306, 0, 23.46
1791576219 23306, 0, 22.58
1791576220 23306, 0, 22.56
1791576221 23306, 0, 21.58
1791576222 23306, 0, 21.23
1791576223 23306, 0, 20.40
1791576224 23306, 0, 20.70
1791576225 23306, 0, 21.39
1791576226 23306, 0, 21.23
1791576228 23306, 0, 20.38
1791576229 23306, 0, 20.65
1791576230 23306, 0, 20.79
1791576231 23306, 0, 21.24
1791576232 23306, 0, 20.35
1791576233 23306, 0, 19.99
1791576235 23306, 0, 19.86
1791576236 23306, 0, 19.97
1791576237 23306, 0, 20.54
1791576238 23306, 0, 21.55
1791576239 23306, 0, 22.09
1791576240 23306, 0, 21.70
1791576241 23306, 0, 21.25
1791576242 23306, 0, 21.27
1791576244 23306, 0, 20.87
1791576245 23306, 0, 20.96
1791576246 23306, 0, 20.52
1791576247 23306, 0, 19.93
1791576248 23306, 0, 19.93
1791576249 23306, 0, 20.89
1791576250 23306, 0, 20.25
1791576252 23306, 0, 19.62
1791576253 23306, 0, 19.62
1791576254 23306, 0, 19.43
1791576255 23306, 0, 19.19
1791576256 23306, 0, 19.12
1791576257 23306, 0, 19.42
1791576258 23306, 0, 19.72
1791576259 23306, 0, 21.39
1791576261 23306, 0, 21.28
1791576262 23306, 0, 21.59
1791576263 23306, 0, 21.75
1791576264 23306, 0, 21.20
1791576265 23306, 0, 20.76
1791576266 23306, 0, 20.59
1791576267 23306, 0, 20.55
1791576269 23306, 0, 19.61
1791576270 23306, 0, 20.28
1791576271 23306, 0, 20.00
1791576272 23306, 0, 19.75
1791576273 23306, 0, 20.30
1791576274 23306, 0, 20.12
1791576275 23306, 0, 19.90
1791576277 23306, 0, 20.28
1791576278 23306, 0, 20.33
1791576279 23306, 0, 20.68
1791576280 23306, 0, 20.16
1791576281 23306, 0, 19.58
1791576282 23306, 0, 19.56
1791576283 23306, 0, 19.32
1791576284 23306, 0, 19.50
1791576286 23306, 0, 19.80
1791576287 23306, 0, 20.15
1791576288 23306, 0, 20.32
1791576289 23306, 0, 19.85
1791576290 23306, 0, 19.61
1791576291 23306, 0, 19.24
1791576292 23306, 0, 19.51
1791576294 23306, 0, 20.74
1791576295 23306, 0, 21.34
1791576296 23306, 0, 21.23
1791576297 23306, 0, 21.02
1791576298 23306, 0, 21.30
1791576299 23306, 0, 21.61
1791576300 23306, 0, 20.97
1791576302 23306, 0, 20.03
1791576303 23306, 0, 19.14
1791576304 23306, 0, 19.52
1791576305 23306, 0, 19.36
1791576306 23306, 0, 19.33
1791576307 23306, 0, 19.26
1791576308 23306, 0, 20.10
1791576309 23306, 0, 19.82
1791576311 23306, 0, 19.99
1791576312 23306, 0, 19.48
1791576313 23306, 0, 19.82
1791576314 23306, 0, 19.94
1791576315 23306, 0, 19.74
1791576316 23306, 0, 19.31
1791576317 23306, 0, 19.30
1791576319 23306, 0, 19.58
1791576320 23306, 0, 19.52
1791576321 23306, 0, 20.40
1791576322 23306, 0, 21.35
1791576323 23306, 0, 21.51
1791576324 23306, 0, 21.28
1791576325 23306, 0, 21.22
1791576327 23306, 0, 21.23
1791576328 23306, 0, 20.93
1791576329 23306, 0, 20.23
1791576330 23306, 0, 19.38
1791576331 23306, 0, 19.20
1791576332 23306, 0, 19.31
1791576333 23306, 0, 19.79
1791576334 23306, 0, 20.14
1791576336 23306, 0, 20.19
1791576337 23306, 0, 21.29
1791576338 23306, 0, 21.20
1791576339 23306, 0, 21.94
1791576340 23306, 0, 20.74
1791576341 23306, 0, 20.85
1791576342 23306, 0, 20.79
1791576344 23306, 0, 20.63
1791576345 23306, 0, 19.34
1791576346 23306, 0, 19.59
1791576347 23306, 0, 19.78
1791576348 23306, 0, 20.27
1791576349 23306, 0, 19.18
1791576350 23306, 0, 19.35
1791576352 23306, 0, 19.48
1791576353 23306, 0, 19.45
1791576354 23306, 0, 19.47
1791576355 23306, 0, 19.61
1791576356 23306, 0, 19.74
1791576357 23306, 0, 19.59
1791576358 23306, 0, 20.94
1791576360 23306, 0, 21.30
1791576361 23306, 0, 20.93
1791576362 23306, 0, 20.87
1791576363 23306, 0, 20.73
1791576364 23306, 0, 20.90
1791576365 23306, 0, 20.77
1791576366 23306, 0, 19.84
1791576367 23306, 0, 19.87
1791576369 23306, 0, 19.09
1791576370 23306, 0, 19.50
1791576371 23306, 0, 20.68
1791576372 23306, 0, 20.72
1791576373 23306, 0, 20.53
1791576374 23306, 27, 104.50
1791576375 23306, 56, 338.99
1791576377 23306, 23, 320.02
1791576378 23306, 35, 244.81
1791576379 23306, 37, 326.96
1791576380 23306, 54, 280.91
1791576381 23306, 29, 284.22
1791576382 23306, 31, 312.09
1791576383 23306, 61, 262.47
1791576384 23306, 37, 324.80
1791576386 23306, 27, 227.17
1791576387 23308, 25, 345.89
1791576388 23308, 38, 228.91
1791576389 23308, 36, 280.55
1791576390 23308, 60, 324.65
1791576391 23308, 41, 334.97
1791576392 23308, 33, 288.57
1791576394 23308, 35, 348.40
1791576395 23308, 69, 336.12
1791576396 23308, 25, 225.24
1791576397 23308, 36, 296.16
1791576398 23308, 23, 225.09
1791576399 23308, 45, 305.17
1791576400 23308, 34, 233.50
1791576401 23308, 45, 284.56
1791576403 23308, 51, 318.68
1791576404 23308, 49, 350.50
1791576405 23308, 49, 368.01
1791576406 23308, 39, 359.08
1791576407 23488, 90, 378.91
1791576408 23488, 41, 394.14
1791576409 23488, 64, 308.20
1791576411 23488, 57, 398.14
1791576412 23488, 57, 365.73
1791576413 23488, 46, 367.59
1791576414 23488, 26, 301.50
1791576415 23488, 19, 215.04
1791576416 23488, 35, 245.65
1791576417 23488, 41, 382.76
1791576418 23488, 45, 317.49
1791576420 23508, 67, 411.78
1791576421 23508, 48, 325.02
1791576422 23508, 44, 262.74
1791576423 23508, 43, 271.92
1791576424 23508, 52, 332.32
1791576425 23508, 49, 280.52
1791576426 23508, 28, 235.19
1791576427 23508, 33, 251.51
1791576429 23508, 48, 382.35
1791576430 23508, 31, 307.13
1791576431 23508, 35, 270.43
1791576432 23508, 41, 244.08
1791576433 23508, 89, 384.30
1791576434 23508, 33, 345.26
1791576435 23508, 48, 328.80
1791576437 23508, 40, 329.85
1791576438 23508, 30, 236.56
1791576439 23508, 59, 349.78
1791576440 23508, 56, 336.88
1791576441 23508, 30, 305.95
1791576442 23508, 45, 295.88
1791576443 23508, 49, 379.03
1791576444 23508, 30, 248.58
1791576446 23508, 52, 308.63
1791576447 23508, 59, 375.95
1791576448 23508, 53, 346.14
1791576449 23688, 90, 408.67
1791576450 23688, 23, 314.93
1791576451 23688, 45, 291.94
1791576452 23688, 54, 304.14
1791576454 23688, 42, 330.31
1791576455 23688, 27, 207.93
1791576456 23688, 71, 359.29
1791576457 23688, 52, 354.21
1791576458 23688, 47, 352.80
1791576459 23688, 47, 413.30
1791576460 23688, 37, 321.23
1791576461 23688, 31, 279.74
1791576463 23688, 44, 261.23
1791576464 23688, 45, 325.78
1791576465 23688, 86, 319.21
1791576466 23688, 26, 302.64
1791576467 23688, 62, 281.98
1791576468 23688, 26, 281.11
1791576469 23688, 23, 229.97
1791576471 23688, 29, 228.92
1791576472 23688, 50, 409.51
1791576473 23688, 26, 251.65
1791576474 23688, 67, 223.92
1791576475 23688, 38, 352.10
1791576476 23690, 33, 224.70
1791576477 23690, 65, 248.21
1791576478 23690, 33, 324.16
1791576480 23690, 67, 299.65
1791576481 23690, 62, 409.63
1791576482 23690, 33, 285.27
1791576483 23690, 22, 333.14
1791576484 23690, 34, 234.09
1791576485 23690, 22, 226.85
1791576486 23690, 45, 279.92
1791576488 23690, 56, 338.30
1791576489 23690, 37, 323.91
1791576490 23690, 54, 288.55
1791576491 23690, 47, 352.69
1791576492 23690, 64, 370.79
1791576493 23690, 69, 426.26
1791576494 23690, 37, 371.50
1791576495 23690, 27, 275.80
1791576497 23690, 43, 353.86
1791576498 23690, 27, 342.14
1791576499 23690, 44, 314.63
1791576500 23690, 36, 293.07
1791576501 23690, 40, 365.07
1791576502 23690, 62, 346.67
1791576503 23690, 52, 342.86
1791576505 23690, 71, 283.92
1791576506 23690, 60, 399.14
1791576507 23690, 35, 353.75
1791576508 23690, 32, 258.60
1791576509 23690, 77, 375.23
1791576510 23690, 65, 316.89
1791576511 23690, 81, 322.75
1791576512 23690, 55, 399.05
1791576514 23690, 33, 340.46
1791576515 23690, 67, 337.54
1791576516 23690, 33, 240.56
1791576517 23690, 44, 292.24
1791576518 23690, 63, 351.54
1791576519 23690, 22, 315.55
1791576520 23690, 32, 257.67
1791576522 23690, 69, 337.39
1791576523 23690, 62, 389.70
1791576524 23690, 29, 359.55
1791576525 23690, 70, 250.23
1791576526 23690, 38, 382.67
1791576527 23690, 39, 295.97
1791576528 23690, 22, 234.61
1791576529 23690, 32, 306.57
1791576531 23690, 18, 216.88
1791576532 23690, 18, 217.08
1791576533 23690, 8, 74.89
1791576534 23690, 4, 71.10
1791576535 23690, 0, 70.98
1791576536 23690, 8, 70.85
1791576537 23690, 8, 70.14
1791576538 23690, 4, 69.85
1791576540 23690, 0, 69.76
1791576541 23690, 8, 69.82
1791576542 23690, 4, 69.72
1791576543 23690, 0, 69.56
1791576544 23690, 0, 69.34
1791576545 23690, 4, 69.21
1791576546 23690, 4, 69.05
1791576547 23690, 0, 69.55
1791576549 23690, 8, 69.26
1791576550 23690, 4, 69.87
1791576551 23690, 7, 69.98
1791576552 23690, 0, 69.14
1791576553 23690, 0, 68.58
1791576554 23690, 0, 69.21
1791576555 23690, 0, 68.25
1791576556 23690, 0, 68.45
1791576558 23690, 0, 68.24
1791576559 23690, 0, 68.76
1791576560 23690, 0, 68.53
1791576561 23690, 0, 68.07
1791576562 23690, 0, 68.19
1791576563 23690, 0, 68.36
1791576564 23690, 0, 68.51
1791576565 23690, 0, 68.91
1791576567 23690, 0, 68.88
1791576568 23690, 0, 69.15
1791576569 23690, 0, 53.16
1791576570 23690, 0, 34.62
1791576571 23690, 0, 29.93
1791576572 23690, 0, 27.70
1791576573 23690, 0, 20.35
1791576575 23690, 0, 20.32
1791576576 23690, 0, 20.80
1791576577 23690, 0, 22.05
