1791029725 2497, 14001, 41, 0x0000000000000000 | 1.08 1.12 0.86 | cpu  4609698 3117763 2151111 249599774 300311 0 180348 0 0 0
1791029726 2497, 14001, 41, 0x0000000000000000 | 1.08 1.12 0.86 | cpu  4609854 3117763 2151147 249602092 300311 0 180348 0 0 0
1791029727 675, 7001, 40, 0x0000000000000000 | 1.08 1.12 0.86 | cpu  4610062 3117763 2151190 249604349 300312 0 180350 0 0 0
1791029728 427, 810, 40, 0x0000000000000000 | 1.08 1.12 0.86 | cpu  4610115 3117763 2151231 249606778 300312 0 180354 0 0 0
1791029729 247, 810, 40, 0x0000000000000000 | 1.08 1.12 0.86 | cpu  4610160 3117763 2151249 249609230 300312 0 180354 0 0 0
1791029730 2572, 13801, 41, 0x0000000000000000 | 1.08 1.12 0.86 | cpu  4610267 3117763 2151283 249611595 300313 0 180355 0 0 0
1791029731 2535, 13801, 40, 0x0000000000000000 | 1.07 1.12 0.87 | cpu  4610380 3117763 2151301 249613967 300313 0 180355 0 0 0
1791029732 2535, 13801, 42, 0x0000000000000000 | 1.07 1.12 0.87 | cpu  4610513 3117763 2151348 249616288 300313 0 180357 0 0 0
1791029733 2535, 13801, 40, 0x0000000000000000 | 1.07 1.12 0.87 | cpu  4610633 3117763 2151363 249618672 300313 0 180357 0 0 0
1791029735 2535, 13801, 40, 0x0000000000000000 | 1.07 1.12 0.87 | cpu  4610749 3117763 2151382 249621045 300313 0 180358 0 0 0
1791029736 2535, 13801, 40, 0x0000000000000000 | 1.07 1.12 0.87 | cpu  4610867 3117763 2151399 249623419 300315 0 180359 0 0 0
1791029737 2497, 13801, 40, 0x0000000000000000 | 1.06 1.11 0.87 | cpu  4610992 3117763 2151419 249625796 300315 0 180359 0 0 0
1791029738 2535, 13801, 40, 0x0000000000000000 | 1.06 1.11 0.87 | cpu  4611109 3117763 2151438 249628164 300315 0 180360 0 0 0
1791029739 2535, 13801, 40, 0x0000000000000000 | 1.06 1.11 0.87 | cpu  4611226 3117763 2151456 249630532 300315 0 180360 0 0 0
1791029740 2535, 13801, 40, 0x0000000000000000 | 1.06 1.11 0.87 | cpu  4611343 3117763 2151472 249632902 300316 0 180360 0 0 0
1791029741 2535, 13801, 40, 0x0000000000000000 | 1.06 1.11 0.87 | cpu  4611462 3117763 2151489 249635267 300316 0 180360 0 0 0
1791029742 2535, 13801, 40, 0x0000000000000000 | 1.06 1.11 0.87 | cpu  4611579 3117763 2151507 249637646 300316 0 180361 0 0 0
1791029743 2535, 13801, 40, 0x0000000000000000 | 1.06 1.11 0.87 | cpu  4611697 3117763 2151529 249640005 300317 0 180361 0 0 0
1791029744 2655, 13801, 40, 0x0000000000000000 | 1.06 1.11 0.87 | cpu  4611751 3117763 2151635 249642340 300317 0 180362 0 0 0
1791029745 2497, 13801, 39, 0x0000000000000000 | 1.06 1.11 0.87 | cpu  4611762 3117763 2151743 249644727 300318 0 180362 0 0 0
1791029746 2527, 13801, 39, 0x0000000000000000 | 1.06 1.11 0.87 | cpu  4611833 3117763 2151787 249647118 300318 0 180362 0 0 0
1791029747 2520, 13801, 39, 0x0000000000000000 | 1.05 1.11 0.87 | cpu  4611904 3117763 2151828 249649503 300318 0 180363 0 0 0
1791029748 2527, 13801, 39, 0x0000000000000000 | 1.05 1.11 0.87 | cpu  4611976 3117763 2151870 249651884 300319 0 180363 0 0 0
1791029749 2527, 13801, 39, 0x0000000000000000 | 1.05 1.11 0.87 | cpu  4612064 3117763 2151898 249654268 300319 0 180363 0 0 0
1791029750 2692, 13801, 39, 0x0000000000000000 | 1.05 1.11 0.87 | cpu  4612170 3117763 2151905 249656659 300319 0 180363 0 0 0
1791029751 2505, 13801, 39, 0x0000000000000000 | 1.05 1.11 0.87 | cpu  4612274 3117763 2151912 249659050 300320 0 180364 0 0 0
1791029752 2497, 13801, 39, 0x0000000000000000 | 1.05 1.11 0.87 | cpu  4612383 3117763 2151918 249661434 300320 0 180364 0 0 0
1791029753 2497, 13801, 39, 0x0000000000000000 | 1.05 1.11 0.87 | cpu  4612438 3117763 2151975 249663820 300321 0 180364 0 0 0
1791029754 2497, 13801, 39, 0x0000000000000000 | 1.05 1.11 0.87 | cpu  4612487 3117763 2152038 249666211 300321 0 180364 0 0 0
1791029755 2497, 13801, 39, 0x0000000000000000 | 1.05 1.11 0.87 | cpu  4612547 3117763 2152096 249668593 300321 0 180364 0 0 0
1791029756 2497, 13801, 39, 0x0000000000000000 | 1.04 1.11 0.87 | cpu  4612600 3117763 2152156 249670979 300322 0 180365 0 0 0
1791029758 2497, 13801, 38, 0x0000000000000000 | 1.04 1.11 0.87 | cpu  4612652 3117763 2152215 249673363 300322 0 180366 0 0 0
1791029759 2497, 13801, 38, 0x0000000000000000 | 1.04 1.11 0.87 | cpu  4612709 3117763 2152271 249675749 300323 0 180366 0 0 0
1791029760 2497, 13801, 38, 0x0000000000000000 | 1.04 1.11 0.87 | cpu  4612763 3117763 2152328 249678137 300323 0 180366 0 0 0
1791029761 2497, 13801, 38, 0x0000000000000000 | 1.04 1.11 0.87 | cpu  4612818 3117763 2152385 249680525 300323 0 180366 0 0 0
1791029762 2497, 13801, 38, 0x0000000000000000 | 1.04 1.10 0.87 | cpu  4612873 3117763 2152450 249682905 300323 0 180367 0 0 0
1791029763 2497, 13801, 38, 0x0000000000000000 | 1.04 1.10 0.87 | cpu  4612930 3117763 2152506 249685290 300324 0 180367 0 0 0
1791029764 2497, 13801, 38, 0x0000000000000000 | 1.04 1.10 0.87 | cpu  4612984 3117763 2152566 249687680 300325 0 180368 0 0 0
1791029765 2497, 13801, 38, 0x0000000000000000 | 1.04 1.10 0.87 | cpu  4613035 3117763 2152628 249690070 300325 0 180368 0 0 0
1791029766 2497, 13801, 38, 0x0000000000000000 | 1.04 1.10 0.87 | cpu  4613092 3117763 2152682 249692459 300325 0 180368 0 0 0
1791029767 2497, 13801, 38, 0x0000000000000000 | 1.04 1.10 0.87 | cpu  4613150 3117763 2152741 249694841 300325 0 180368 0 0 0
1791029768 2497, 13801, 38, 0x0000000000000000 | 1.04 1.10 0.87 | cpu  4613205 3117763 2152800 249697226 300325 0 180368 0 0 0
1791029769 2497, 13801, 38, 0x0000000000000000 | 1.04 1.10 0.87 | cpu  4613260 3117763 2152857 249699611 300326 0 180370 0 0 0
1791029770 2497, 13801, 38, 0x0000000000000000 | 1.04 1.10 0.87 | cpu  4613312 3117763 2152917 249702000 300326 0 180370 0 0 0
1791029771 2497, 13801, 38, 0x0000000000000000 | 1.04 1.10 0.87 | cpu  4613374 3117763 2152967 249704392 300326 0 180370 0 0 0
1791029772 2497, 13801, 38, 0x0000000000000000 | 1.03 1.10 0.87 | cpu  4613445 3117763 2153010 249706777 300326 0 180371 0 0 0
1791029773 2497, 13801, 37, 0x0000000000000000 | 1.03 1.10 0.87 | cpu  4613508 3117763 2153058 249709166 300328 0 180371 0 0 0
1791029774 2497, 13801, 37, 0x0000000000000000 | 1.03 1.10 0.87 | cpu  4613565 3117763 2153114 249711550 300328 0 180371 0 0 0
1791029775 2497, 13801, 37, 0x0000000000000000 | 1.03 1.10 0.87 | cpu  4613621 3117763 2153177 249713935 300328 0 180371 0 0 0
1791029776 2497, 13801, 37, 0x0000000000000000 | 1.03 1.10 0.87 | cpu  4613673 3117763 2153236 249716321 300328 0 180371 0 0 0
1791029777 2497, 13801, 37, 0x0000000000000000 | 1.03 1.10 0.87 | cpu  4613729 3117763 2153294 249718712 300328 0 180371 0 0 0
1791029778 2497, 13801, 37, 0x0000000000000000 | 1.03 1.10 0.87 | cpu  4613793 3117763 2153350 249721094 300330 0 180372 0 0 0
1791029779 2497, 13801, 37, 0x0000000000000000 | 1.03 1.10 0.87 | cpu  4613847 3117763 2153408 249723478 300330 0 180373 0 0 0
1791029780 2497, 13801, 37, 0x0000000000000000 | 1.03 1.10 0.87 | cpu  4613902 3117763 2153466 249725870 300330 0 180373 0 0 0
1791029781 2497, 13801, 37, 0x0000000000000000 | 1.03 1.10 0.87 | cpu  4613956 3117763 2153524 249728260 300330 0 180373 0 0 0
1791029783 2497, 13801, 37, 0x0000000000000000 | 1.03 1.10 0.87 | cpu  4614010 3117763 2153584 249730643 300330 0 180374 0 0 0
1791029784 2497, 13801, 37, 0x0000000000000000 | 1.03 1.10 0.87 | cpu  4614064 3117763 2153644 249733036 300333 0 180374 0 0 0
1791029785 2497, 13801, 37, 0x0000000000000000 | 1.03 1.10 0.87 | cpu  4614120 3117763 2153701 249735429 300333 0 180377 0 0 0
1791029786 2497, 13801, 37, 0x0000000000000000 | 1.03 1.10 0.87 | cpu  4614175 3117763 2153758 249737816 300333 0 180377 0 0 0
1791029787 2497, 13801, 37, 0x0000000000000000 | 1.03 1.09 0.88 | cpu  4614231 3117763 2153819 249740204 300333 0 180377 0 0 0
1791029788 2497, 13801, 37, 0x0000000000000000 | 1.03 1.09 0.88 | cpu  4614285 3117763 2153877 249742590 300333 0 180377 0 0 0
1791029789 2497, 13801, 37, 0x0000000000000000 | 1.03 1.09 0.88 | cpu  4614338 3117763 2153936 249744972 300337 0 180377 0 0 0
1791029790 2497, 13801, 37, 0x0000000000000000 | 1.03 1.09 0.88 | cpu  4614394 3117763 2153998 249747358 300337 0 180377 0 0 0
1791029791 2497, 13801, 36, 0x0000000000000000 | 1.03 1.09 0.88 | cpu  4614447 3117763 2154058 249749745 300338 0 180378 0 0 0
1791029792 2497, 13801, 36, 0x0000000000000000 | 1.10 1.11 0.88 | cpu  4614504 3117763 2154113 249752134 300338 0 180379 0 0 0
1791029793 2497, 13801, 36, 0x0000000000000000 | 1.10 1.11 0.88 | cpu  4614573 3117763 2154156 249754525 300338 0 180379 0 0 0
1791029794 2497, 13801, 36, 0x0000000000000000 | 1.10 1.11 0.88 | cpu  4614649 3117763 2154197 249756911 300339 0 180379 0 0 0
1791029795 2947, 13801, 43, 0x0000000000000000 | 1.10 1.11 0.88 | cpu  4614753 3117763 2154206 249759304 300339 0 180379 0 0 0
1791029796 2955, 13801, 42, 0x0000000000000000 | 1.10 1.11 0.88 | cpu  4614854 3117763 2154222 249761688 300339 0 180380 0 0 0
1791029797 2932, 13801, 45, 0x0000000000000000 | 1.10 1.11 0.88 | cpu  4614961 3117763 2154235 249764078 300339 0 180382 0 0 0
1791029798 2940, 13801, 44, 0x0000000000000000 | 1.10 1.11 0.88 | cpu  4615071 3117763 2154248 249766461 300339 0 180382 0 0 0
1791029799 2932, 13801, 46, 0x0000000000000000 | 1.10 1.11 0.88 | cpu  4615178 3117763 2154261 249768848 300341 0 180385 0 0 0
1791029800 2932, 13801, 46, 0x0000000000000000 | 1.10 1.11 0.88 | cpu  4615285 3117763 2154273 249771234 300341 0 180387 0 0 0
1791029801 2940, 13801, 46, 0x0000000000000000 | 1.10 1.11 0.88 | cpu  4615395 3117763 2154290 249773619 300342 0 180387 0 0 0
1791029802 2940, 13801, 46, 0x0000000000000000 | 1.09 1.11 0.88 | cpu  4615504 3117763 2154302 249776016 300342 0 180388 0 0 0
1791029803 2940, 13801, 45, 0x0000000000000000 | 1.09 1.11 0.88 | cpu  4615611 3117763 2154314 249778413 300342 0 180389 0 0 0
1791029804 2932, 13801, 47, 0x0000000000000000 | 1.09 1.11 0.88 | cpu  4615720 3117763 2154326 249780802 300345 0 180389 0 0 0
1791029806 2940, 13801, 46, 0x0000000000000000 | 1.09 1.11 0.88 | cpu  4615827 3117763 2154339 249783199 300345 0 180390 0 0 0
1791029807 2947, 13801, 44, 0x0000000000000000 | 1.08 1.10 0.89 | cpu  4615936 3117763 2154352 249785595 300346 0 180391 0 0 0
1791029808 2940, 13801, 46, 0x0000000000000000 | 1.08 1.10 0.89 | cpu  4616043 3117763 2154366 249787985 300346 0 180392 0 0 0
1791029809 2932, 13801, 48, 0x0000000000000000 | 1.08 1.10 0.89 | cpu  4616153 3117763 2154379 249790372 300346 0 180393 0 0 0
1791029810 2940, 13801, 45, 0x0000000000000000 | 1.08 1.10 0.89 | cpu  4616261 3117763 2154392 249792761 300346 0 180394 0 0 0
1791029811 2940, 13801, 48, 0x0000000000000000 | 1.08 1.10 0.89 | cpu  4616370 3117763 2154406 249795157 300346 0 180395 0 0 0
1791029812 2940, 13801, 48, 0x0000000000000000 | 1.23 1.14 0.90 | cpu  4616486 3117763 2154459 249797496 300347 0 180396 0 0 0
1791029813 2940, 13801, 47, 0x0000000000000000 | 1.23 1.14 0.90 | cpu  4616599 3117763 2154472 249799874 300348 0 180397 0 0 0
1791029814 2940, 13801, 48, 0x0000000000000000 | 1.23 1.14 0.90 | cpu  4616707 3117763 2154485 249802259 300348 0 180398 0 0 0
1791029815 2940, 13801, 47, 0x0000000000000000 | 1.23 1.14 0.90 | cpu  4616814 3117763 2154498 249804646 300348 0 180398 0 0 0
1791029816 2940, 13801, 47, 0x0000000000000000 | 1.23 1.14 0.90 | cpu  4616922 3117763 2154508 249807042 300348 0 180399 0 0 0
1791029817 2940, 13801, 49, 0x0000000000000000 | 1.21 1.13 0.90 | cpu  4617030 3117763 2154521 249809431 300348 0 180402 0 0 0
1791029818 2932, 13801, 48, 0x0000000000000000 | 1.21 1.13 0.90 | cpu  4617138 3117763 2154534 249811826 300349 0 180403 0 0 0
1791029819 2940, 13801, 48, 0x0000000000000000 | 1.21 1.13 0.90 | cpu  4617245 3117763 2154548 249814215 300349 0 180404 0 0 0
1791029820 2932, 13801, 49, 0x0000000000000000 | 1.21 1.13 0.90 | cpu  4617352 3117763 2154560 249816606 300349 0 180405 0 0 0
1791029821 2940, 13801, 47, 0x0000000000000000 | 1.21 1.13 0.90 | cpu  4617460 3117763 2154572 249818994 300349 0 180406 0 0 0
1791029822 2940, 13801, 49, 0x0000000000000000 | 1.28 1.15 0.90 | cpu  4617568 3117763 2154584 249821385 300349 0 180407 0 0 0
1791029823 2932, 13801, 49, 0x0000000000000000 | 1.28 1.15 0.90 | cpu  4617676 3117763 2154598 249823785 300350 0 180408 0 0 0
1791029824 2940, 13801, 49, 0x0000000000000000 | 1.28 1.15 0.90 | cpu  4617786 3117763 2154612 249826163 300350 0 180408 0 0 0
1791029825 2940, 13801, 48, 0x0000000000000000 | 1.28 1.15 0.90 | cpu  4617893 3117763 2154624 249828551 300350 0 180410 0 0 0
1791029826 2940, 13801, 50, 0x0000000000000000 | 1.26 1.14 0.91 | cpu  4618003 3117763 2154637 249830949 300350 0 180410 0 0 0
1791029828 2940, 13801, 50, 0x0000000000000000 | 1.26 1.14 0.91 | cpu  4618114 3117763 2154653 249833336 300350 0 180410 0 0 0
1791029829 2940, 13801, 50, 0x0000000000000000 | 1.26 1.14 0.91 | cpu  4618222 3117763 2154665 249835733 300350 0 180410 0 0 0
1791029830 2932, 13801, 51, 0x0000000000000000 | 1.26 1.14 0.91 | cpu  4618330 3117763 2154679 249838119 300352 0 180410 0 0 0
1791029831 2932, 13801, 50, 0x0000000000000000 | 1.26 1.14 0.91 | cpu  4618437 3117763 2154690 249840520 300352 0 180411 0 0 0
1791029832 2940, 13801, 51, 0x0000000000000000 | 1.23 1.14 0.91 | cpu  4618545 3117763 2154703 249842914 300352 0 180412 0 0 0
1791029833 2940, 13801, 51, 0x0000000000000000 | 1.23 1.14 0.91 | cpu  4618652 3117763 2154717 249845311 300352 0 180413 0 0 0
1791029834 2940, 13801, 50, 0x0000000000000000 | 1.23 1.14 0.91 | cpu  4618760 3117763 2154728 249847700 300352 0 180414 0 0 0
1791029835 2940, 13801, 51, 0x0000000000000000 | 1.23 1.14 0.91 | cpu  4618868 3117763 2154740 249850088 300355 0 180415 0 0 0
1791029836 2940, 13801, 49, 0x0000000000000000 | 1.23 1.14 0.91 | cpu  4618980 3117763 2154755 249852471 300355 0 180416 0 0 0
1791029837 2940, 13801, 51, 0x0000000000000000 | 1.22 1.14 0.91 | cpu  4619096 3117763 2154772 249854854 300355 0 180416 0 0 0
1791029838 2940, 13801, 50, 0x0000000000000000 | 1.22 1.14 0.91 | cpu  4619205 3117763 2154784 249857248 300355 0 180416 0 0 0
1791029839 2940, 13801, 51, 0x0000000000000000 | 1.22 1.14 0.91 | cpu  4619312 3117763 2154797 249859639 300357 0 180418 0 0 0
1791029840 2940, 13801, 52, 0x0000000000000000 | 1.22 1.14 0.91 | cpu  4619421 3117763 2154810 249862024 300357 0 180418 0 0 0
1791029841 2932, 13801, 52, 0x0000000000000000 | 1.22 1.14 0.91 | cpu  4619528 3117763 2154822 249864419 300358 0 180419 0 0 0
1791029842 2940, 13801, 52, 0x0000000000000000 | 1.20 1.14 0.91 | cpu  4619636 3117763 2154836 249866820 300358 0 180420 0 0 0
1791029843 2940, 13801, 52, 0x0000000000000000 | 1.20 1.14 0.91 | cpu  4619747 3117763 2154853 249869202 300358 0 180422 0 0 0
1791029844 2940, 13801, 53, 0x0000000000000000 | 1.20 1.14 0.91 | cpu  4619865 3117763 2154895 249871548 300358 0 180423 0 0 0
1791029845 2940, 13801, 52, 0x0000000000000000 | 1.20 1.14 0.91 | cpu  4619973 3117763 2154909 249873952 300358 0 180424 0 0 0
1791029846 2940, 13801, 53, 0x0000000000000000 | 1.34 1.17 0.92 | cpu  4620080 3117763 2154922 249876338 300359 0 180425 0 0 0
1791029847 2940, 13801, 53, 0x0000000000000000 | 1.34 1.17 0.92 | cpu  4620190 3117763 2154936 249878725 300360 0 180427 0 0 0
1791029848 2940, 13801, 53, 0x0000000000000000 | 1.34 1.17 0.92 | cpu  4620477 3117763 2154983 249880874 300360 0 180430 0 0 0
1791029850 2940, 13801, 53, 0x0000000000000000 | 1.34 1.17 0.92 | cpu  4620585 3117763 2154996 249883259 300362 0 180430 0 0 0
1791029851 2925, 13801, 53, 0x0000000000000000 | 1.34 1.17 0.92 | cpu  4620692 3117763 2155008 249885650 300362 0 180430 0 0 0
1791029852 2925, 13801, 53, 0x0000000000000000 | 1.31 1.17 0.92 | cpu  4620802 3117763 2155021 249888040 300362 0 180430 0 0 0
1791029853 2925, 13801, 54, 0x0000000000000000 | 1.31 1.17 0.92 | cpu  4620914 3117763 2155041 249890428 300362 0 180430 0 0 0
1791029854 2925, 13801, 54, 0x0000000000000000 | 1.31 1.17 0.92 | cpu  4621022 3117763 2155056 249892822 300362 0 180432 0 0 0
1791029855 2940, 13801, 52, 0x0000000000000000 | 1.31 1.17 0.92 | cpu  4621129 3117763 2155070 249895210 300363 0 180433 0 0 0
1791029856 2955, 13801, 46, 0x0000000000000000 | 1.31 1.17 0.92 | cpu  4621199 3117763 2155109 249897609 300363 0 180433 0 0 0
1791029857 2955, 13801, 46, 0x0000000000000000 | 1.29 1.16 0.92 | cpu  4621259 3117763 2155161 249899998 300364 0 180433 0 0 0
1791029858 2505, 13801, 45, 0x0000000000000000 | 1.29 1.16 0.92 | cpu  4621314 3117763 2155219 249902385 300364 0 180433 0 0 0
1791029859 2505, 13801, 44, 0x0000000000000000 | 1.29 1.16 0.92 | cpu  4621373 3117763 2155278 249904767 300364 0 180434 0 0 0
1791029860 2505, 13801, 44, 0x0000000000000000 | 1.29 1.16 0.92 | cpu  4621425 3117763 2155339 249907159 300365 0 180435 0 0 0
1791029861 2505, 13801, 44, 0x0000000000000000 | 1.29 1.16 0.92 | cpu  4621487 3117763 2155396 249909542 300365 0 180435 0 0 0
1791029862 2505, 13801, 44, 0x0000000000000000 | 1.27 1.16 0.92 | cpu  4621542 3117763 2155453 249911941 300365 0 180436 0 0 0
1791029863 2505, 13801, 44, 0x0000000000000000 | 1.27 1.16 0.92 | cpu  4621594 3117763 2155513 249914330 300366 0 180436 0 0 0
1791029864 2505, 13801, 44, 0x0000000000000000 | 1.27 1.16 0.92 | cpu  4621652 3117763 2155571 249916721 300366 0 180436 0 0 0
1791029865 2505, 13801, 44, 0x0000000000000000 | 1.27 1.16 0.92 | cpu  4621706 3117763 2155628 249919107 300367 0 180436 0 0 0
1791029866 2505, 13801, 43, 0x0000000000000000 | 1.27 1.16 0.92 | cpu  4621763 3117763 2155683 249921498 300367 0 180436 0 0 0
1791029867 2505, 13801, 43, 0x0000000000000000 | 1.33 1.17 0.93 | cpu  4621815 3117763 2155743 249923886 300367 0 180436 0 0 0
1791029868 2505, 13801, 43, 0x0000000000000000 | 1.33 1.17 0.93 | cpu  4621871 3117763 2155800 249926272 300368 0 180436 0 0 0
1791029869 2505, 13801, 43, 0x0000000000000000 | 1.33 1.17 0.93 | cpu  4621925 3117763 2155859 249928662 300368 0 180436 0 0 0
1791029870 2505, 13801, 43, 0x0000000000000000 | 1.33 1.17 0.93 | cpu  4621981 3117763 2155923 249931046 300368 0 180436 0 0 0
1791029871 2505, 13801, 43, 0x0000000000000000 | 1.30 1.17 0.93 | cpu  4622036 3117763 2155983 249933441 300368 0 180436 0 0 0
1791029873 2505, 13801, 43, 0x0000000000000000 | 1.30 1.17 0.93 | cpu  4622096 3117763 2156041 249935830 300368 0 180436 0 0 0
1791029874 2505, 13801, 42, 0x0000000000000000 | 1.30 1.17 0.93 | cpu  4622150 3117763 2156100 249938210 300369 0 180437 0 0 0
1791029875 2505, 13801, 42, 0x0000000000000000 | 1.30 1.17 0.93 | cpu  4622219 3117763 2156146 249940599 300370 0 180437 0 0 0
1791029876 2505, 13801, 42, 0x0000000000000000 | 1.30 1.17 0.93 | cpu  4622292 3117763 2156216 249942956 300370 0 180438 0 0 0
1791029877 2505, 13801, 42, 0x0000000000000000 | 1.27 1.17 0.93 | cpu  4622345 3117763 2156290 249945332 300370 0 180440 0 0 0
1791029878 2497, 13801, 42, 0x0000000000000000 | 1.27 1.17 0.93 | cpu  4622395 3117763 2156382 249947693 300370 0 180440 0 0 0
1791029879 2497, 13801, 42, 0x0000000000000000 | 1.27 1.17 0.93 | cpu  4622444 3117763 2156576 249949949 300371 0 180441 0 0 0
1791029880 2505, 13801, 42, 0x0000000000000000 | 1.27 1.17 0.93 | cpu  4622507 3117763 2156623 249952343 300371 0 180442 0 0 0
