1791029424 2497, 14001, 41, 0x0000000000000000 | 1.25 1.05 0.72 | cpu  4584830 3117763 2139741 248913363 300149 0 180233 0 0 0
1791029425 2100, 7001, 41, 0x0000000000000000 | 1.25 1.05 0.72 | cpu  4584987 3117763 2139776 248915678 300150 0 180233 0 0 0
1791029426 847, 7001, 40, 0x0000000000000000 | 1.25 1.05 0.72 | cpu  4585200 3117763 2139813 248917930 300150 0 180233 0 0 0
1791029427 480, 810, 40, 0x0000000000000000 | 1.23 1.05 0.72 | cpu  4585252 3117763 2139850 248920362 300150 0 180234 0 0 0
1791029428 292, 810, 40, 0x0000000000000000 | 1.23 1.05 0.72 | cpu  4585299 3117763 2139870 248922816 300152 0 180235 0 0 0
1791029429 2497, 13801, 41, 0x0000000000000000 | 1.23 1.05 0.72 | cpu  4585405 3117763 2139904 248925184 300154 0 180235 0 0 0
1791029430 2535, 13801, 41, 0x0000000000000000 | 1.23 1.05 0.72 | cpu  4585519 3117763 2139920 248927562 300154 0 180235 0 0 0
1791029431 2535, 13801, 40, 0x0000000000000000 | 1.23 1.05 0.72 | cpu  4585636 3117763 2139937 248929934 300154 0 180235 0 0 0
1791029432 2535, 13801, 41, 0x0000000000000000 | 1.29 1.06 0.73 | cpu  4585756 3117763 2139954 248932302 300155 0 180235 0 0 0
1791029433 2535, 13801, 42, 0x0000000000000000 | 1.29 1.06 0.73 | cpu  4585872 3117763 2139972 248934676 300155 0 180235 0 0 0
1791029434 2535, 13801, 42, 0x0000000000000000 | 1.29 1.06 0.73 | cpu  4585990 3117763 2139989 248937052 300156 0 180235 0 0 0
1791029435 2527, 13801, 40, 0x0000000000000000 | 1.29 1.06 0.73 | cpu  4586115 3117763 2140005 248939411 300156 0 180235 0 0 0
1791029436 2535, 13801, 41, 0x0000000000000000 | 1.29 1.06 0.73 | cpu  4586236 3117763 2140025 248941775 300156 0 180235 0 0 0
1791029437 2535, 13801, 41, 0x0000000000000000 | 1.27 1.06 0.73 | cpu  4586358 3117763 2140041 248944146 300157 0 180235 0 0 0
1791029438 2535, 13801, 41, 0x0000000000000000 | 1.27 1.06 0.73 | cpu  4586478 3117763 2140057 248946527 300157 0 180236 0 0 0
1791029439 2497, 13801, 40, 0x0000000000000000 | 1.27 1.06 0.73 | cpu  4586600 3117763 2140073 248948892 300159 0 180236 0 0 0
1791029440 2535, 13801, 40, 0x0000000000000000 | 1.27 1.06 0.73 | cpu  4586718 3117763 2140089 248951268 300159 0 180236 0 0 0
1791029441 2535, 13801, 40, 0x0000000000000000 | 1.24 1.06 0.73 | cpu  4586826 3117763 2140116 248953640 300159 0 180236 0 0 0
1791029443 2505, 13801, 40, 0x0000000000000000 | 1.24 1.06 0.73 | cpu  4586869 3117763 2140187 248956030 300159 0 180236 0 0 0
1791029444 2497, 13801, 39, 0x0000000000000000 | 1.24 1.06 0.73 | cpu  4586888 3117763 2140290 248958408 300160 0 180236 0 0 0
1791029445 2535, 13801, 39, 0x0000000000000000 | 1.24 1.06 0.73 | cpu  4586958 3117763 2140331 248960792 300160 0 180236 0 0 0
1791029446 2527, 13801, 39, 0x0000000000000000 | 1.24 1.06 0.73 | cpu  4587025 3117763 2140376 248963185 300160 0 180237 0 0 0
1791029447 2527, 13801, 39, 0x0000000000000000 | 1.22 1.06 0.73 | cpu  4587094 3117763 2140423 248965568 300160 0 180238 0 0 0
1791029448 2527, 13801, 39, 0x0000000000000000 | 1.22 1.06 0.73 | cpu  4587180 3117763 2140448 248967956 300160 0 180238 0 0 0
1791029449 2565, 13801, 39, 0x0000000000000000 | 1.22 1.06 0.73 | cpu  4587288 3117763 2140454 248970343 300163 0 180239 0 0 0
1791029450 2497, 13801, 39, 0x0000000000000000 | 1.22 1.06 0.73 | cpu  4587392 3117763 2140461 248972730 300164 0 180239 0 0 0
1791029451 2497, 13801, 39, 0x0000000000000000 | 1.22 1.06 0.73 | cpu  4587494 3117763 2140471 248975121 300164 0 180239 0 0 0
1791029452 2497, 13801, 39, 0x0000000000000000 | 1.21 1.06 0.74 | cpu  4587548 3117763 2140532 248977507 300164 0 180240 0 0 0
1791029453 2497, 13801, 39, 0x0000000000000000 | 1.21 1.06 0.74 | cpu  4587604 3117763 2140588 248979897 300164 0 180240 0 0 0
1791029454 2497, 13801, 39, 0x0000000000000000 | 1.21 1.06 0.74 | cpu  4587658 3117763 2140647 248982283 300166 0 180242 0 0 0
1791029455 2497, 13801, 39, 0x0000000000000000 | 1.21 1.06 0.74 | cpu  4587715 3117763 2140715 248984662 300166 0 180242 0 0 0
1791029456 2497, 13801, 39, 0x0000000000000000 | 1.21 1.06 0.74 | cpu  4587771 3117763 2140877 248986949 300166 0 180243 0 0 0
1791029457 2497, 13801, 38, 0x0000000000000000 | 1.27 1.07 0.74 | cpu  4587827 3117763 2140983 248989287 300166 0 180243 0 0 0
1791029458 2497, 13801, 38, 0x0000000000000000 | 1.27 1.07 0.74 | cpu  4587883 3117763 2141046 248991675 300166 0 180243 0 0 0
1791029459 2497, 13801, 38, 0x0000000000000000 | 1.27 1.07 0.74 | cpu  4587938 3117763 2141105 248994059 300167 0 180243 0 0 0
1791029460 2497, 13801, 38, 0x0000000000000000 | 1.27 1.07 0.74 | cpu  4587990 3117763 2141165 248996450 300167 0 180243 0 0 0
1791029461 2497, 13801, 38, 0x0000000000000000 | 1.33 1.09 0.75 | cpu  4588051 3117763 2141223 248998833 300167 0 180243 0 0 0
1791029462 2497, 13801, 38, 0x0000000000000000 | 1.33 1.09 0.75 | cpu  4588105 3117763 2141284 249001223 300167 0 180243 0 0 0
1791029463 2497, 13801, 38, 0x0000000000000000 | 1.33 1.09 0.75 | cpu  4588156 3117763 2141345 249003617 300167 0 180243 0 0 0
1791029464 2497, 13801, 38, 0x0000000000000000 | 1.33 1.09 0.75 | cpu  4588211 3117763 2141403 249006002 300169 0 180243 0 0 0
1791029465 2497, 13801, 38, 0x0000000000000000 | 1.33 1.09 0.75 | cpu  4588268 3117763 2141467 249008387 300169 0 180243 0 0 0
1791029467 2497, 13801, 38, 0x0000000000000000 | 1.30 1.09 0.75 | cpu  4588322 3117763 2141525 249010776 300169 0 180243 0 0 0
1791029468 2497, 13801, 38, 0x0000000000000000 | 1.30 1.09 0.75 | cpu  4588380 3117763 2141584 249013162 300169 0 180243 0 0 0
1791029469 2497, 13801, 38, 0x0000000000000000 | 1.30 1.09 0.75 | cpu  4588429 3117763 2141647 249015558 300169 0 180243 0 0 0
1791029470 2497, 13801, 38, 0x0000000000000000 | 1.30 1.09 0.75 | cpu  4588487 3117763 2141707 249017940 300172 0 180243 0 0 0
1791029471 2497, 13801, 38, 0x0000000000000000 | 1.30 1.09 0.75 | cpu  4588550 3117763 2141758 249020328 300172 0 180243 0 0 0
1791029472 2497, 13801, 37, 0x0000000000000000 | 1.28 1.09 0.75 | cpu  4588620 3117763 2141800 249022719 300172 0 180243 0 0 0
1791029473 2497, 13801, 37, 0x0000000000000000 | 1.28 1.09 0.75 | cpu  4588680 3117763 2141852 249025112 300172 0 180243 0 0 0
1791029474 2497, 13801, 37, 0x0000000000000000 | 1.28 1.09 0.75 | cpu  4588735 3117763 2141910 249027496 300172 0 180243 0 0 0
1791029475 2497, 13801, 37, 0x0000000000000000 | 1.28 1.09 0.75 | cpu  4588786 3117763 2141971 249029879 300174 0 180243 0 0 0
1791029476 2497, 13801, 37, 0x0000000000000000 | 1.28 1.09 0.75 | cpu  4588838 3117763 2142032 249032270 300174 0 180243 0 0 0
1791029477 2497, 13801, 37, 0x0000000000000000 | 1.26 1.08 0.75 | cpu  4588890 3117763 2142092 249034659 300175 0 180243 0 0 0
1791029478 2497, 13801, 37, 0x0000000000000000 | 1.26 1.08 0.75 | cpu  4588940 3117763 2142156 249037046 300175 0 180243 0 0 0
1791029479 2497, 13801, 37, 0x0000000000000000 | 1.26 1.08 0.75 | cpu  4588998 3117763 2142213 249039428 300176 0 180243 0 0 0
1791029480 2497, 13801, 37, 0x0000000000000000 | 1.26 1.08 0.75 | cpu  4589050 3117763 2142275 249041814 300176 0 180243 0 0 0
1791029481 2497, 13801, 37, 0x0000000000000000 | 1.26 1.08 0.75 | cpu  4589106 3117763 2142344 249044194 300176 0 180243 0 0 0
1791029482 2497, 13801, 37, 0x0000000000000000 | 1.40 1.12 0.77 | cpu  4589172 3117763 2142436 249046540 300176 0 180243 0 0 0
1791029483 2497, 13801, 37, 0x0000000000000000 | 1.40 1.12 0.77 | cpu  4589224 3117763 2142498 249048931 300176 0 180244 0 0 0
1791029484 2497, 13801, 37, 0x0000000000000000 | 1.40 1.12 0.77 | cpu  4589275 3117763 2142560 249051320 300178 0 180244 0 0 0
1791029485 2497, 13801, 37, 0x0000000000000000 | 1.40 1.12 0.77 | cpu  4589325 3117763 2142622 249053710 300178 0 180245 0 0 0
1791029486 2497, 13801, 37, 0x0000000000000000 | 1.36 1.11 0.77 | cpu  4589384 3117763 2142683 249056092 300178 0 180246 0 0 0
1791029487 2497, 13801, 37, 0x0000000000000000 | 1.36 1.11 0.77 | cpu  4589438 3117763 2142745 249058477 300178 0 180246 0 0 0
1791029488 2497, 13801, 37, 0x0000000000000000 | 1.36 1.11 0.77 | cpu  4589490 3117763 2142807 249060870 300178 0 180246 0 0 0
1791029489 2497, 13801, 37, 0x0000000000000000 | 1.36 1.11 0.77 | cpu  4589548 3117763 2142939 249063183 300180 0 180246 0 0 0
1791029491 2497, 13801, 36, 0x0000000000000000 | 1.36 1.11 0.77 | cpu  4589600 3117763 2143003 249065574 300180 0 180247 0 0 0
1791029492 2497, 13801, 36, 0x0000000000000000 | 1.33 1.11 0.77 | cpu  4589657 3117763 2143059 249067966 300180 0 180248 0 0 0
1791029493 2497, 13801, 36, 0x0000000000000000 | 1.33 1.11 0.77 | cpu  4589731 3117763 2143104 249070354 300181 0 180248 0 0 0
1791029494 2497, 13801, 36, 0x0000000000000000 | 1.33 1.11 0.77 | cpu  4589800 3117763 2143146 249072746 300181 0 180248 0 0 0
1791029495 2557, 13801, 40, 0x0000000000000000 | 1.33 1.11 0.77 | cpu  4589896 3117763 2143163 249075143 300183 0 180249 0 0 0
1791029496 2955, 13801, 42, 0x0000000000000000 | 1.33 1.11 0.77 | cpu  4589996 3117763 2143180 249077533 300183 0 180250 0 0 0
1791029497 2940, 13801, 46, 0x0000000000000000 | 1.31 1.11 0.77 | cpu  4590103 3117763 2143193 249079924 300183 0 180253 0 0 0
1791029498 2940, 13801, 45, 0x0000000000000000 | 1.31 1.11 0.77 | cpu  4590212 3117763 2143205 249082313 300184 0 180254 0 0 0
1791029499 2932, 13801, 47, 0x0000000000000000 | 1.31 1.11 0.77 | cpu  4590320 3117763 2143218 249084704 300184 0 180255 0 0 0
1791029500 2932, 13801, 45, 0x0000000000000000 | 1.31 1.11 0.77 | cpu  4590426 3117763 2143230 249087085 300185 0 180257 0 0 0
1791029501 2940, 13801, 46, 0x0000000000000000 | 1.31 1.11 0.77 | cpu  4590643 3117763 2143263 249089320 300208 0 180257 0 0 0
1791029502 2955, 13801, 46, 0x0000000000000000 | 1.36 1.13 0.78 | cpu  4590813 3117763 2143301 249091602 300208 0 180258 0 0 0
1791029503 2940, 13801, 46, 0x0000000000000000 | 1.36 1.13 0.78 | cpu  4590921 3117763 2143311 249093994 300208 0 180259 0 0 0
1791029504 2932, 13801, 47, 0x0000000000000000 | 1.36 1.13 0.78 | cpu  4591032 3117763 2143325 249096376 300208 0 180260 0 0 0
1791029505 2940, 13801, 47, 0x0000000000000000 | 1.36 1.13 0.78 | cpu  4591141 3117763 2143337 249098762 300209 0 180261 0 0 0
1791029506 2947, 13801, 47, 0x0000000000000000 | 1.36 1.13 0.78 | cpu  4591248 3117763 2143349 249101151 300209 0 180261 0 0 0
1791029507 2932, 13801, 47, 0x0000000000000000 | 1.33 1.12 0.78 | cpu  4591356 3117763 2143362 249103540 300210 0 180262 0 0 0
1791029508 2940, 13801, 46, 0x0000000000000000 | 1.33 1.12 0.78 | cpu  4591464 3117763 2143374 249105929 300210 0 180262 0 0 0
1791029509 2932, 13801, 48, 0x0000000000000000 | 1.33 1.12 0.78 | cpu  4591572 3117763 2143386 249108316 300210 0 180262 0 0 0
1791029510 2932, 13801, 48, 0x0000000000000000 | 1.33 1.12 0.78 | cpu  4591679 3117763 2143399 249110707 300210 0 180262 0 0 0
1791029511 2940, 13801, 48, 0x0000000000000000 | 1.31 1.12 0.78 | cpu  4591788 3117763 2143414 249113102 300210 0 180264 0 0 0
1791029512 2932, 13801, 48, 0x0000000000000000 | 1.31 1.12 0.78 | cpu  4591900 3117763 2143427 249115490 300211 0 180265 0 0 0
1791029514 2940, 13801, 47, 0x0000000000000000 | 1.31 1.12 0.78 | cpu  4592007 3117763 2143440 249117885 300211 0 180265 0 0 0
1791029515 2940, 13801, 48, 0x0000000000000000 | 1.31 1.12 0.78 | cpu  4592115 3117763 2143453 249120283 300212 0 180266 0 0 0
1791029516 2940, 13801, 47, 0x0000000000000000 | 1.31 1.12 0.78 | cpu  4592227 3117763 2143468 249122671 300212 0 180268 0 0 0
1791029517 2932, 13801, 50, 0x0000000000000000 | 1.28 1.12 0.78 | cpu  4592334 3117763 2143479 249125062 300212 0 180268 0 0 0
1791029518 2932, 13801, 49, 0x0000000000000000 | 1.28 1.12 0.78 | cpu  4592442 3117763 2143491 249127444 300213 0 180269 0 0 0
1791029519 2940, 13801, 49, 0x0000000000000000 | 1.28 1.12 0.78 | cpu  4592550 3117763 2143502 249129833 300213 0 180269 0 0 0
1791029520 2940, 13801, 49, 0x0000000000000000 | 1.28 1.12 0.78 | cpu  4592658 3117763 2143514 249132228 300213 0 180269 0 0 0
1791029521 2932, 13801, 49, 0x0000000000000000 | 1.28 1.12 0.78 | cpu  4592766 3117763 2143527 249134626 300214 0 180269 0 0 0
1791029522 2940, 13801, 47, 0x0000000000000000 | 1.26 1.12 0.78 | cpu  4592874 3117763 2143539 249137009 300214 0 180270 0 0 0
1791029523 2947, 13801, 47, 0x0000000000000000 | 1.26 1.12 0.78 | cpu  4592983 3117763 2143628 249139327 300215 0 180271 0 0 0
1791029524 2940, 13801, 50, 0x0000000000000000 | 1.26 1.12 0.78 | cpu  4593091 3117763 2143642 249141724 300215 0 180271 0 0 0
1791029525 2940, 13801, 50, 0x0000000000000000 | 1.26 1.12 0.78 | cpu  4593199 3117763 2143654 249144123 300216 0 180271 0 0 0
1791029526 2940, 13801, 50, 0x0000000000000000 | 1.26 1.12 0.78 | cpu  4593307 3117763 2143666 249146515 300216 0 180271 0 0 0
1791029527 2932, 13801, 46, 0x0000000000000000 | 1.24 1.11 0.79 | cpu  4593421 3117763 2143682 249148896 300216 0 180273 0 0 0
1791029528 2940, 13801, 51, 0x0000000000000000 | 1.24 1.11 0.79 | cpu  4593528 3117763 2143694 249151280 300217 0 180274 0 0 0
1791029529 2932, 13801, 51, 0x0000000000000000 | 1.24 1.11 0.79 | cpu  4593636 3117763 2143707 249153676 300217 0 180275 0 0 0
1791029530 2940, 13801, 49, 0x0000000000000000 | 1.24 1.11 0.79 | cpu  4593747 3117763 2143723 249156072 300217 0 180276 0 0 0
1791029531 2932, 13801, 50, 0x0000000000000000 | 1.22 1.11 0.79 | cpu  4593856 3117763 2143737 249158466 300218 0 180276 0 0 0
1791029532 2940, 13801, 49, 0x0000000000000000 | 1.22 1.11 0.79 | cpu  4593963 3117763 2143749 249160860 300218 0 180276 0 0 0
1791029533 2932, 13801, 51, 0x0000000000000000 | 1.22 1.11 0.79 | cpu  4594071 3117763 2143763 249163248 300219 0 180277 0 0 0
1791029535 2940, 13801, 51, 0x0000000000000000 | 1.22 1.11 0.79 | cpu  4594178 3117763 2143774 249165642 300219 0 180279 0 0 0
1791029536 2940, 13801, 51, 0x0000000000000000 | 1.22 1.11 0.79 | cpu  4594288 3117763 2143787 249168028 300219 0 180279 0 0 0
1791029537 2932, 13801, 51, 0x0000000000000000 | 1.20 1.11 0.79 | cpu  4594401 3117763 2143802 249170412 300219 0 180279 0 0 0
1791029538 2932, 13801, 52, 0x0000000000000000 | 1.20 1.11 0.79 | cpu  4594510 3117763 2143816 249172816 300219 0 180279 0 0 0
1791029539 2932, 13801, 52, 0x0000000000000000 | 1.20 1.11 0.79 | cpu  4594620 3117763 2143830 249175205 300220 0 180279 0 0 0
1791029540 2940, 13801, 52, 0x0000000000000000 | 1.20 1.11 0.79 | cpu  4594727 3117763 2143843 249177593 300220 0 180280 0 0 0
1791029541 2932, 13801, 52, 0x0000000000000000 | 1.20 1.11 0.79 | cpu  4594835 3117763 2143856 249179989 300220 0 180280 0 0 0
1791029542 2917, 13801, 53, 0x0000000000000000 | 1.18 1.11 0.79 | cpu  4594943 3117763 2143869 249182382 300221 0 180281 0 0 0
1791029543 2932, 13801, 52, 0x0000000000000000 | 1.18 1.11 0.79 | cpu  4595054 3117763 2143889 249184765 300221 0 180282 0 0 0
1791029544 2932, 13801, 53, 0x0000000000000000 | 1.18 1.11 0.79 | cpu  4595163 3117763 2143904 249187157 300222 0 180284 0 0 0
1791029545 2932, 13801, 53, 0x0000000000000000 | 1.18 1.11 0.79 | cpu  4595271 3117763 2143916 249189556 300222 0 180284 0 0 0
1791029546 2932, 13801, 53, 0x0000000000000000 | 1.18 1.11 0.79 | cpu  4595380 3117763 2143928 249191953 300222 0 180285 0 0 0
1791029547 2925, 13801, 53, 0x0000000000000000 | 1.25 1.12 0.80 | cpu  4595488 3117763 2143942 249194341 300223 0 180287 0 0 0
1791029548 2932, 13801, 53, 0x0000000000000000 | 1.25 1.12 0.80 | cpu  4595597 3117763 2143956 249196730 300224 0 180289 0 0 0
1791029549 2940, 13801, 51, 0x0000000000000000 | 1.25 1.12 0.80 | cpu  4595693 3117763 2144019 249199072 300224 0 180291 0 0 0
1791029550 2955, 13801, 45, 0x0000000000000000 | 1.25 1.12 0.80 | cpu  4595745 3117763 2144080 249201470 300224 0 180291 0 0 0
1791029551 2505, 13801, 44, 0x0000000000000000 | 1.25 1.12 0.80 | cpu  4595797 3117763 2144141 249203865 300224 0 180291 0 0 0
1791029552 2505, 13801, 44, 0x0000000000000000 | 1.23 1.12 0.80 | cpu  4595847 3117763 2144203 249206261 300225 0 180291 0 0 0
1791029553 2505, 13801, 43, 0x0000000000000000 | 1.23 1.12 0.80 | cpu  4595903 3117763 2144258 249208643 300227 0 180291 0 0 0
1791029554 2505, 13801, 43, 0x0000000000000000 | 1.23 1.12 0.80 | cpu  4595958 3117763 2144316 249211035 300227 0 180292 0 0 0
1791029555 2505, 13801, 43, 0x0000000000000000 | 1.23 1.12 0.80 | cpu  4596012 3117763 2144376 249213432 300227 0 180293 0 0 0
1791029556 2505, 13801, 43, 0x0000000000000000 | 1.21 1.12 0.80 | cpu  4596065 3117763 2144433 249215818 300227 0 180294 0 0 0
1791029558 2505, 13801, 43, 0x0000000000000000 | 1.21 1.12 0.80 | cpu  4596120 3117763 2144493 249218201 300228 0 180294 0 0 0
1791029559 2497, 13801, 43, 0x0000000000000000 | 1.21 1.12 0.80 | cpu  4596171 3117763 2144555 249220594 300229 0 180294 0 0 0
1791029560 2497, 13801, 43, 0x0000000000000000 | 1.21 1.12 0.80 | cpu  4596224 3117763 2144616 249222984 300229 0 180296 0 0 0
1791029561 2497, 13801, 42, 0x0000000000000000 | 1.21 1.12 0.80 | cpu  4596276 3117763 2144683 249225372 300229 0 180296 0 0 0
1791029562 2505, 13801, 42, 0x0000000000000000 | 1.19 1.12 0.80 | cpu  4596338 3117763 2144742 249227755 300229 0 180297 0 0 0
1791029563 2497, 13801, 42, 0x0000000000000000 | 1.19 1.12 0.80 | cpu  4596392 3117763 2144801 249230142 300229 0 180297 0 0 0
1791029564 2497, 13801, 42, 0x0000000000000000 | 1.19 1.12 0.80 | cpu  4596448 3117763 2144859 249232533 300231 0 180298 0 0 0
1791029565 2497, 13801, 42, 0x0000000000000000 | 1.19 1.12 0.80 | cpu  4596502 3117763 2144917 249234929 300231 0 180298 0 0 0
1791029566 2497, 13801, 42, 0x0000000000000000 | 1.19 1.12 0.80 | cpu  4596556 3117763 2144976 249237324 300231 0 180298 0 0 0
1791029567 2497, 13801, 42, 0x0000000000000000 | 1.18 1.11 0.80 | cpu  4596606 3117763 2145038 249239719 300231 0 180298 0 0 0
1791029568 2497, 13801, 42, 0x0000000000000000 | 1.18 1.11 0.80 | cpu  4596662 3117763 2145095 249242105 300232 0 180298 0 0 0
1791029569 2497, 13801, 41, 0x0000000000000000 | 1.18 1.11 0.80 | cpu  4596731 3117763 2145139 249244496 300232 0 180298 0 0 0
1791029570 2497, 13801, 41, 0x0000000000000000 | 1.18 1.11 0.80 | cpu  4596800 3117763 2145182 249246892 300232 0 180298 0 0 0
1791029571 2497, 13801, 41, 0x0000000000000000 | 1.18 1.11 0.80 | cpu  4596842 3117763 2145252 249249284 300232 0 180299 0 0 0
1791029572 2497, 13801, 41, 0x0000000000000000 | 1.16 1.11 0.80 | cpu  4596897 3117763 2145368 249251634 300233 0 180301 0 0 0
1791029573 2497, 13801, 41, 0x0000000000000000 | 1.16 1.11 0.80 | cpu  4596989 3117763 2145462 249253950 300234 0 180302 0 0 0
