1791030019 2, 5, 61.83
1791030020 4, 0, 58.44
1791030021 4, 0, 43.45
1791030022 4, 0, 24.41
1791030023 4, 0, 15.04
1791030024 3740, 17, 35.33
1791030025 4800, 5, 71.05
1791030026 6620, 24, 67.72
1791030027 7660, 26, 71.20
1791030028 9000, 26, 70.66
1791030029 10500, 27, 70.90
1791030030 11540, 11, 71.27
1791030031 12940, 26, 67.83
1791030032 14700, 29, 71.51
1791030033 16080, 26, 70.41
1791030034 17140, 25, 70.98
1791030035 18880, 15, 72.86
1791030037 20280, 14, 71.35
1791030038 21582, 0, 65.29
1791030039 21582, 0, 59.78
1791030040 21582, 5, 59.49
1791030041 21582, 5, 60.08
1791030042 21582, 5, 60.04
1791030043 21610, 5, 60.29
1791030044 21612, 4, 57.76
1791030045 21612, 4, 57.38
1791030046 21612, 5, 57.55
1791030047 21612, 1, 57.50
1791030048 21612, 0, 57.46
1791030049 21612, 7, 57.23
1791030050 21612, 3, 56.92
1791030051 21612, 0, 57.28
1791030052 21612, 8, 57.72
1791030053 21612, 4, 57.44
1791030054 21612, 0, 57.21
1791030055 21612, 5, 57.35
1791030056 21612, 4, 56.62
1791030057 21612, 1, 57.01
1791030058 21612, 3, 56.75
1791030059 21612, 2, 56.71
1791030060 21612, 5, 56.72
1791030062 21612, 2, 57.00
1791030063 21612, 0, 56.74
1791030064 21612, 8, 57.22
1791030065 21612, 4, 56.93
1791030066 21612, 3, 57.19
1791030067 21612, 0, 57.44
1791030068 21612, 4, 56.91
1791030069 21612, 5, 57.05
1791030070 21612, 2, 56.80
1791030071 21612, 0, 56.82
1791030072 21612, 6, 57.08
1791030073 21612, 4, 57.44
1791030074 21612, 6, 57.19
1791030075 21612, 4, 57.06
1791030076 21612, 0, 57.03
1791030077 21612, 3, 56.85
1791030078 21612, 1, 56.99
1791030079 21612, 7, 57.32
1791030080 21612, 4, 56.62
1791030081 21612, 1, 56.74
1791030082 21612, 2, 56.58
1791030083 21612, 0, 56.67
1791030084 21612, 3, 56.91
1791030086 21612, 3, 56.85
1791030087 21630, 3, 76.24
1791030088 20342, 77, 266.99
1791030089 22390, 86, 308.98
1791030090 23270, 94, 355.18
1791030091 24156, 94, 382.43
1791030092 24182, 88, 351.36
1791030093 24182, 91, 344.08
1791030094 24192, 92, 361.23
1791030095 24202, 90, 384.61
1791030096 24202, 23, 346.04
1791030097 24202, 91, 335.11
1791030098 24202, 93, 383.77
1791030099 24202, 90, 339.30
1791030100 24382, 93, 386.24
1791030101 24382, 67, 348.86
1791030102 24382, 92, 369.78
1791030103 24382, 79, 363.00
1791030104 24382, 87, 364.67
1791030105 24382, 90, 328.47
1791030106 24382, 88, 367.66
1791030107 24382, 90, 370.42
1791030109 24382, 92, 364.13
1791030110 24382, 92, 369.09
1791030111 24384, 95, 360.52
1791030112 24384, 79, 299.35
1791030113 24384, 90, 371.41
1791030114 24384, 92, 389.98
1791030115 24384, 77, 348.43
1791030116 24384, 93, 387.46
1791030117 24384, 95, 382.22
1791030118 24384, 87, 356.00
1791030119 24384, 90, 373.03
1791030120 24384, 93, 314.59
1791030121 24384, 85, 380.67
1791030122 24384, 93, 364.38
1791030123 24384, 92, 381.88
1791030124 24384, 93, 358.01
1791030125 24384, 92, 395.46
1791030126 24384, 94, 390.02
1791030127 24664, 94, 402.80
1791030128 24664, 93, 404.60
1791030129 24664, 93, 381.91
1791030130 24664, 95, 356.47
1791030132 24664, 94, 402.06
1791030133 24664, 93, 406.29
1791030134 24664, 93, 393.93
1791030135 24664, 78, 362.17
1791030136 24664, 1, 164.35
1791030137 24664, 0, 90.77
1791030138 24664, 6, 69.24
1791030139 24664, 0, 60.56
1791030140 24664, 6, 60.33
1791030141 24664, 4, 60.70
1791030142 24664, 4, 60.33
1791030143 24664, 1, 59.97
1791030144 24664, 0, 59.78
1791030145 24664, 8, 59.95
1791030146 24664, 4, 59.84
1791030147 24664, 1, 59.21
1791030148 24664, 1, 59.46
1791030149 24664, 0, 59.69
1791030150 24664, 6, 60.15
1791030151 24664, 4, 59.90
1791030152 24664, 4, 60.08
1791030153 24664, 2, 60.09
1791030154 24664, 4, 59.46
1791030156 24664, 3, 59.26
1791030157 24664, 0, 60.27
1791030158 24659, 0, 59.13
