1791028961 2, 0, 11.61
1791028962 4, 0, 11.35
1791028963 4, 0, 12.66
1791028964 4, 0, 11.98
1791028965 4, 0, 12.14
1791028966 508, 2, 16.99
1791028967 1408, 4, 58.74
1791028968 3740, 3, 62.77
1791028969 4520, 2, 61.64
1791028970 4520, 4, 58.64
1791028971 4800, 4, 61.56
1791028972 5560, 4, 61.88
1791028973 5560, 4, 61.45
1791028974 5560, 4, 61.49
1791028975 5840, 4, 62.08
1791028976 6620, 3, 61.96
1791028977 6620, 3, 62.16
1791028978 6900, 7, 62.01
1791028979 7660, 5, 62.71
1791028980 7660, 3, 62.78
1791028982 7940, 4, 59.31
1791028983 8720, 4, 62.16
1791028984 8720, 5, 64.74
1791028985 9000, 11, 64.68
1791028986 9760, 5, 62.08
1791028987 10140, 4, 61.62
1791028988 10500, 8, 62.17
1791028989 11200, 11, 65.36
1791028990 12600, 27, 72.33
1791028991 14340, 32, 72.29
1791028992 15740, 30, 72.65
1791028993 17040, 32, 73.39
1791028994 18540, 20, 69.58
1791028995 19940, 21, 71.88
1791028996 20282, 0, 71.29
1791028997 21542, 5, 59.44
1791028998 21582, 0, 59.25
1791028999 21582, 5, 60.56
1791029000 21582, 4, 61.07
1791029001 21582, 5, 60.83
1791029002 21610, 5, 60.41
1791029003 21612, 3, 59.71
1791029004 21612, 3, 58.70
1791029006 21612, 3, 58.24
1791029007 21612, 0, 58.33
1791029008 21612, 0, 58.60
1791029009 21612, 7, 58.69
1791029010 21612, 4, 58.91
1791029011 21612, 1, 58.70
1791029012 21612, 0, 58.40
1791029013 21612, 5, 58.66
1791029014 21612, 2, 58.20
1791029015 21612, 4, 57.97
1791029016 21612, 0, 58.10
1791029017 21612, 1, 57.99
1791029018 21612, 0, 58.78
1791029019 21612, 4, 58.55
1791029020 21612, 4, 58.78
1791029021 21612, 3, 58.04
1791029022 21612, 1, 57.88
1791029023 21612, 1, 57.68
1791029024 21612, 0, 58.34
1791029025 21612, 3, 57.74
1791029026 21612, 3, 57.35
1791029027 21612, 1, 57.71
1791029028 21612, 2, 57.43
1791029030 21612, 0, 57.46
1791029031 21612, 8, 57.26
1791029032 21612, 4, 56.96
1791029033 21612, 3, 56.96
1791029034 21612, 1, 56.95
1791029035 21612, 5, 57.40
1791029036 21612, 3, 57.58
1791029037 21612, 5, 57.39
1791029038 21612, 4, 56.94
1791029039 21612, 1, 57.28
1791029040 21612, 0, 57.44
1791029041 21612, 0, 57.51
1791029042 21612, 4, 57.55
1791029043 21612, 1, 57.26
1791029044 21612, 7, 56.90
1791029045 21612, 4, 56.89
1791029046 21612, 3, 57.34
1791029047 21612, 3, 56.93
1791029048 21626, 1, 58.16
1791029049 21626, 0, 57.55
1791029050 21626, 0, 57.98
1791029051 21628, 1, 75.29
1791029052 21630, 0, 58.41
1791029054 21630, 0, 57.29
1791029055 21630, 1, 57.52
1791029056 21630, 10, 182.18
1791029057 20082, 0, 178.44
1791029058 20868, 0, 87.29
1791029059 22402, 94, 368.89
1791029060 23274, 94, 353.08
1791029061 24156, 87, 388.31
1791029062 24182, 78, 286.40
1791029063 24182, 90, 341.61
1791029064 24192, 92, 360.78
1791029065 24202, 93, 386.16
1791029066 24202, 83, 362.39
1791029067 24202, 91, 331.29
1791029068 24202, 91, 383.36
1791029069 24202, 88, 345.18
1791029070 24402, 92, 401.93
1791029071 24402, 0, 334.25
1791029072 24402, 94, 395.80
1791029073 24402, 81, 346.57
1791029074 24402, 86, 363.75
1791029075 24402, 89, 339.16
1791029077 24402, 94, 364.72
1791029078 24402, 94, 378.96
1791029079 24402, 89, 337.89
1791029080 24402, 92, 370.26
1791029081 24404, 95, 392.41
1791029082 24404, 89, 338.21
1791029083 24404, 90, 379.21
1791029084 24404, 92, 386.68
1791029085 24404, 13, 363.88
1791029086 24404, 94, 361.23
1791029087 24404, 94, 381.51
1791029088 24404, 80, 366.46
1791029089 24404, 87, 364.13
1791029090 24404, 91, 301.72
1791029091 24404, 88, 392.33
1791029092 24404, 90, 372.14
1791029093 24404, 81, 391.16
1791029094 24404, 19, 353.92
1791029095 24404, 95, 393.52
1791029096 24404, 92, 397.57
1791029097 24724, 93, 393.72
1791029099 24724, 93, 410.10
1791029100 24724, 93, 386.16
1791029101 24724, 53, 352.83
1791029102 24724, 94, 402.48
1791029103 24724, 94, 404.90
1791029104 24724, 94, 390.84
1791029105 24724, 68, 336.45
1791029106 24724, 0, 129.36
1791029107 24724, 0, 85.66
1791029108 24724, 6, 61.22
1791029109 24724, 1, 61.29
1791029110 24724, 8, 61.18
1791029111 24724, 4, 60.94
1791029112 24724, 5, 60.95
1791029113 24724, 4, 60.33
1791029114 24724, 1, 60.05
1791029115 24724, 1, 60.30
1791029116 24724, 0, 59.70
1791029117 24724, 1, 59.81
1791029118 24724, 0, 59.89
1791029119 24724, 3, 59.53
1791029120 24724, 0, 59.38
1791029121 24724, 6, 59.43
1791029123 24724, 3, 59.29
1791029124 24724, 7, 59.08
1791029125 24724, 4, 59.21
1791029126 24724, 3, 59.26
1791029127 24724, 3, 60.22
1791029128 24724, 0, 58.94
