1791029575 2, 0, 61.99
1791029576 4, 0, 50.95
1791029577 4, 0, 38.74
1791029578 4, 0, 29.39
1791029579 4, 0, 23.33
1791029580 3740, 0, 23.09
1791029581 4800, 14, 68.26
1791029582 6620, 7, 71.49
1791029583 7660, 25, 70.40
1791029584 9000, 13, 71.23
1791029585 10500, 9, 71.18
1791029586 11540, 17, 70.45
1791029588 12940, 11, 70.18
1791029589 14700, 11, 71.37
1791029590 16080, 10, 71.46
1791029591 17480, 14, 72.47
1791029592 18880, 27, 69.87
1791029593 20280, 27, 69.97
1791029594 21582, 15, 64.20
1791029595 21582, 0, 58.82
1791029596 21582, 5, 59.94
1791029597 21582, 6, 60.28
1791029598 21582, 5, 60.18
1791029599 21610, 0, 59.76
1791029600 21610, 6, 71.12
1791029601 21612, 5, 59.08
1791029602 21612, 4, 57.31
1791029603 21612, 4, 57.42
1791029604 21612, 4, 57.55
1791029605 21612, 1, 57.17
1791029606 21612, 3, 56.88
1791029607 21612, 2, 56.95
1791029608 21612, 5, 57.09
1791029609 21612, 3, 57.03
1791029611 21612, 0, 56.79
1791029612 21612, 5, 56.70
1791029613 21612, 3, 56.79
1791029614 21612, 4, 57.30
1791029615 21612, 4, 56.92
1791029616 21612, 0, 56.33
1791029617 21612, 1, 56.69
1791029618 21612, 7, 56.79
1791029619 21612, 4, 57.00
1791029620 21612, 2, 57.21
1791029621 21612, 0, 56.64
1791029622 21612, 0, 56.82
1791029623 21612, 3, 56.60
1791029624 21612, 3, 56.24
1791029625 21612, 2, 56.59
1791029626 21612, 7, 56.28
1791029627 21612, 4, 56.56
1791029628 21612, 2, 56.71
1791029629 21612, 1, 56.71
1791029630 21612, 0, 56.44
1791029631 21612, 4, 56.46
1791029632 21612, 2, 56.30
1791029633 21612, 7, 56.19
1791029634 21612, 4, 56.53
1791029636 21612, 3, 56.21
1791029637 21612, 2, 56.12
1791029638 21612, 0, 55.80
1791029639 21612, 3, 56.08
1791029640 21612, 0, 55.90
1791029641 21612, 4, 55.72
1791029642 21612, 5, 55.74
1791029643 21612, 4, 56.28
1791029644 21612, 3, 56.14
1791029645 21622, 4, 55.85
1791029646 21692, 84, 187.79
1791029647 23448, 43, 245.56
1791029648 24670, 92, 330.20
1791029649 25450, 66, 350.72
1791029650 26598, 93, 392.48
1791029651 26624, 91, 387.06
1791029652 26624, 91, 285.21
1791029653 26634, 90, 340.81
1791029654 26634, 72, 367.07
1791029655 26644, 92, 372.23
1791029656 26644, 90, 339.46
1791029657 26644, 94, 331.73
1791029659 26644, 93, 386.98
1791029660 26644, 93, 345.45
1791029661 26644, 86, 382.95
1791029662 26784, 94, 418.80
1791029663 26784, 27, 307.06
1791029664 26784, 91, 395.38
1791029665 26784, 92, 332.36
1791029666 26784, 95, 361.05
1791029667 26784, 92, 366.20
1791029668 26784, 80, 339.74
1791029669 26784, 87, 380.87
1791029670 26784, 87, 321.31
1791029671 26784, 91, 401.49
1791029672 26784, 93, 376.77
1791029673 26786, 47, 358.35
1791029674 26786, 89, 324.30
1791029675 26786, 83, 378.71
1791029676 26786, 95, 399.33
1791029677 26786, 81, 407.55
1791029678 26786, 15, 339.31
1791029679 26786, 95, 395.12
1791029681 26786, 95, 402.23
1791029682 26786, 77, 329.88
1791029683 26786, 94, 385.80
1791029684 26786, 74, 303.83
1791029685 26786, 92, 409.35
1791029686 26786, 93, 376.77
1791029687 26786, 92, 395.40
1791029688 26786, 94, 413.04
1791029689 26786, 95, 369.17
1791029690 26786, 93, 405.51
1791029691 26786, 93, 407.44
1791029692 27346, 96, 423.18
1791029693 27346, 94, 419.36
1791029694 27346, 93, 396.20
1791029695 27346, 95, 417.31
1791029696 27346, 83, 376.21
1791029697 27346, 94, 424.78
1791029698 27346, 91, 406.12
1791029699 27346, 94, 376.05
1791029700 27346, 69, 213.15
1791029701 27346, 7, 90.79
1791029703 27346, 4, 66.82
1791029704 27346, 1, 60.50
1791029705 27346, 2, 60.37
1791029706 27346, 1, 60.66
1791029707 27346, 7, 60.53
1791029708 27346, 4, 60.47
1791029709 27346, 3, 60.16
1791029710 27346, 1, 59.84
1791029711 27346, 7, 59.82
1791029712 27346, 4, 59.84
1791029713 27346, 2, 59.94
1791029714 27346, 0, 59.53
1791029715 27346, 0, 59.64
1791029716 27346, 6, 59.69
1791029717 27346, 3, 59.42
1791029718 27346, 6, 59.20
1791029719 27346, 3, 59.31
1791029720 27346, 4, 59.25
1791029721 27346, 13, 60.63
1791029722 27346, 0, 59.08
1791029723 27346, 0, 58.93
