1791071309 2572, 14001, 43, 0x0000000000000000 | 1.59 3.67 4.22 | cpu  125385370 2730534 28006171 3525244416 116524 0 252366 0 0 0
1791071310 825, 7001, 42, 0x0000000000000000 | 1.59 3.67 4.22 | cpu  125386486 2730534 28006206 3525271057 116524 0 252368 0 0 0
1791071312 277, 810, 42, 0x0000000000000000 | 1.54 3.63 4.20 | cpu  125386564 2730534 28006249 3525299330 116524 0 252368 0 0 0
1791071313 247, 810, 42, 0x0000000000000000 | 1.54 3.63 4.20 | cpu  125387733 2730534 28006305 3525326654 116524 0 252368 0 0 0
1791071314 225, 810, 42, 0x0000000000000000 | 1.54 3.63 4.20 | cpu  125387840 2730534 28006387 3525355158 116524 0 252368 0 0 0
1791071315 225, 405, 41, 0x0000000000000000 | 1.54 3.63 4.20 | cpu  125387886 2730534 28006447 3525383339 116524 0 252369 0 0 0
1791071316 225, 14001, 41, 0x0000000000000000 | 1.54 3.63 4.20 | cpu  125387984 2730534 28006494 3525413276 116524 0 252371 0 0 0
1791071317 2572, 13801, 43, 0x0000000000000000 | 6.30 4.58 4.50 | cpu  125389084 2730534 28006552 3525440336 116524 0 252372 0 0 0
1791071318 2572, 13801, 43, 0x0000000000000000 | 6.30 4.58 4.50 | cpu  125389425 2730534 28006590 3525468703 116524 0 252372 0 0 0
1791071319 2572, 13801, 43, 0x0000000000000000 | 6.30 4.58 4.50 | cpu  125389824 2730534 28006670 3525495985 116524 0 252372 0 0 0
1791071320 2572, 13801, 43, 0x0000000000000000 | 6.30 4.58 4.50 | cpu  125390250 2730534 28006716 3525523763 116524 0 252373 0 0 0
1791071322 2572, 13801, 43, 0x0000000000000000 | 5.88 4.52 4.48 | cpu  125390694 2730534 28006800 3525551427 116524 0 252375 0 0 0
1791071323 2572, 13801, 43, 0x0000000000000000 | 5.88 4.52 4.48 | cpu  125391038 2730534 28006848 3525579253 116524 0 252377 0 0 0
1791071324 2572, 13801, 43, 0x0000000000000000 | 5.88 4.52 4.48 | cpu  125391418 2730534 28006991 3525607251 116524 0 252391 0 0 0
1791071325 2572, 13801, 43, 0x0000000000000000 | 5.88 4.52 4.48 | cpu  125391762 2730534 28007157 3525635521 116524 0 252409 0 0 0
1791071326 2572, 13801, 43, 0x0000000000000000 | 5.88 4.52 4.48 | cpu  125392224 2730534 28007236 3525663820 116524 0 252410 0 0 0
1791071327 2572, 13801, 43, 0x0000000000000000 | 5.49 4.46 4.47 | cpu  125392613 2730534 28007278 3525691747 116524 0 252410 0 0 0
1791071328 2640, 13801, 44, 0x0000000000000000 | 5.49 4.46 4.47 | cpu  125392988 2730534 28007327 3525719562 116524 0 252411 0 0 0
1791071329 2640, 13801, 44, 0x0000000000000000 | 5.49 4.46 4.47 | cpu  125393503 2730534 28007357 3525748270 116524 0 252412 0 0 0
1791071330 2640, 13801, 44, 0x0000000000000000 | 5.49 4.46 4.47 | cpu  125393897 2730534 28007461 3525775970 116524 0 252412 0 0 0
1791071332 2640, 13801, 44, 0x0000000000000000 | 5.13 4.40 4.45 | cpu  125394282 2730534 28007495 3525803866 116524 0 252412 0 0 0
1791071333 2617, 13801, 44, 0x0000000000000000 | 5.13 4.40 4.45 | cpu  125394785 2730534 28007568 3525832158 116524 0 252412 0 0 0
1791071334 2572, 13801, 44, 0x0000000000000000 | 5.13 4.40 4.45 | cpu  125395350 2730534 28007635 3525859711 116524 0 252412 0 0 0
1791071335 2572, 13801, 44, 0x0000000000000000 | 5.13 4.40 4.45 | cpu  125395740 2730534 28007691 3525887532 116524 0 252414 0 0 0
1791071336 2572, 13801, 44, 0x0000000000000000 | 5.13 4.40 4.45 | cpu  125396150 2730534 28007768 3525915557 116524 0 252414 0 0 0
1791071337 2572, 13801, 44, 0x0000000000000000 | 4.80 4.35 4.43 | cpu  125396804 2730534 28007872 3525943568 116524 0 252415 0 0 0
1791071338 2572, 13801, 44, 0x0000000000000000 | 4.80 4.35 4.43 | cpu  125397225 2730534 28007914 3525971372 116524 0 252415 0 0 0
1791071339 2572, 13801, 44, 0x0000000000000000 | 4.80 4.35 4.43 | cpu  125397590 2730534 28007957 3525999161 116524 0 252415 0 0 0
1791071340 2572, 13801, 44, 0x0000000000000000 | 4.80 4.35 4.43 | cpu  125397974 2730534 28008133 3526026902 116524 0 252415 0 0 0
1791071342 2865, 13801, 44, 0x0000000000000000 | 4.49 4.29 4.41 | cpu  125398053 2730534 28008225 3526054948 116524 0 252418 0 0 0
1791071343 2827, 13801, 44, 0x0000000000000000 | 4.49 4.29 4.41 | cpu  125398055 2730534 28008350 3526082969 116524 0 252418 0 0 0
1791071344 2572, 13801, 44, 0x0000000000000000 | 4.49 4.29 4.41 | cpu  125398058 2730534 28008473 3526111038 116524 0 252418 0 0 0
1791071345 2572, 13801, 44, 0x0000000000000000 | 4.49 4.29 4.41 | cpu  125398090 2730534 28008563 3526139316 116524 0 252419 0 0 0
1791071346 2595, 13801, 44, 0x0000000000000000 | 4.49 4.29 4.41 | cpu  125398204 2730534 28008622 3526167856 116524 0 252419 0 0 0
1791071347 2595, 13801, 44, 0x0000000000000000 | 4.29 4.25 4.40 | cpu  125398301 2730534 28008707 3526197077 116524 0 252419 0 0 0
1791071348 2595, 13801, 44, 0x0000000000000000 | 4.29 4.25 4.40 | cpu  125398376 2730534 28008762 3526225205 116524 0 252420 0 0 0
1791071349 2595, 13801, 44, 0x0000000000000000 | 4.29 4.25 4.40 | cpu  125398450 2730534 28008812 3526253328 116524 0 252420 0 0 0
1791071350 2767, 13801, 45, 0x0000000000000000 | 4.29 4.25 4.40 | cpu  125398530 2730534 28008868 3526281498 116524 0 252420 0 0 0
1791071352 2745, 13801, 45, 0x0000000000000000 | 4.03 4.20 4.38 | cpu  125398641 2730534 28008893 3526309612 116524 0 252421 0 0 0
1791071353 2737, 13801, 45, 0x0000000000000000 | 4.03 4.20 4.38 | cpu  125398761 2730534 28008942 3526337662 116525 0 252421 0 0 0
1791071354 2572, 13801, 44, 0x0000000000000000 | 4.03 4.20 4.38 | cpu  125398874 2730534 28008958 3526365804 116525 0 252421 0 0 0
1791071355 2572, 13801, 45, 0x0000000000000000 | 4.03 4.20 4.38 | cpu  125398985 2730534 28008972 3526393900 116525 0 252421 0 0 0
1791071356 2572, 13801, 45, 0x0000000000000000 | 4.03 4.20 4.38 | cpu  125399100 2730534 28008981 3526422056 116525 0 252421 0 0 0
1791071357 2572, 13801, 45, 0x0000000000000000 | 3.79 4.15 4.36 | cpu  125399176 2730534 28009034 3526450180 116525 0 252422 0 0 0
1791071358 2572, 13801, 45, 0x0000000000000000 | 3.79 4.15 4.36 | cpu  125399245 2730534 28009136 3526478328 116525 0 252422 0 0 0
1791071359 2572, 13801, 45, 0x0000000000000000 | 3.79 4.15 4.36 | cpu  125399302 2730534 28009202 3526506379 116525 0 252422 0 0 0
1791071360 2572, 13801, 45, 0x0000000000000000 | 3.79 4.15 4.36 | cpu  125399359 2730534 28009266 3526534311 116525 0 252424 0 0 0
1791071362 2572, 13801, 45, 0x0000000000000000 | 3.56 4.09 4.34 | cpu  125399417 2730534 28009342 3526562450 116525 0 252424 0 0 0
1791071363 2572, 13801, 45, 0x0000000000000000 | 3.56 4.09 4.34 | cpu  125399471 2730534 28009425 3526590530 116525 0 252424 0 0 0
1791071364 2572, 13801, 45, 0x0000000000000000 | 3.56 4.09 4.34 | cpu  125399536 2730534 28009522 3526618747 116525 0 252424 0 0 0
1791071365 2572, 13801, 45, 0x0000000000000000 | 3.56 4.09 4.34 | cpu  125399587 2730534 28009595 3526647128 116525 0 252424 0 0 0
1791071366 2572, 13801, 45, 0x0000000000000000 | 3.56 4.09 4.34 | cpu  125399652 2730534 28009659 3526675276 116525 0 252424 0 0 0
1791071367 2572, 13801, 45, 0x0000000000000000 | 3.36 4.04 4.32 | cpu  125399708 2730534 28009724 3526703314 116525 0 252424 0 0 0
1791071368 2572, 13801, 45, 0x0000000000000000 | 3.36 4.04 4.32 | cpu  125399763 2730534 28009822 3526731449 116525 0 252425 0 0 0
1791071369 2572, 13801, 45, 0x0000000000000000 | 3.36 4.04 4.32 | cpu  125399827 2730534 28009953 3526759485 116525 0 252425 0 0 0
1791071370 2572, 13801, 45, 0x0000000000000000 | 3.36 4.04 4.32 | cpu  125399890 2730534 28010031 3526787476 116525 0 252425 0 0 0
1791071371 2572, 13801, 45, 0x0000000000000000 | 3.25 4.01 4.31 | cpu  125399946 2730534 28010102 3526816003 116525 0 252425 0 0 0
1791071373 2572, 13801, 45, 0x0000000000000000 | 3.25 4.01 4.31 | cpu  125400018 2730534 28010249 3526844006 116525 0 252427 0 0 0
1791071374 2572, 13801, 45, 0x0000000000000000 | 3.25 4.01 4.31 | cpu  125400102 2730534 28010406 3526872042 116525 0 252433 0 0 0
1791071375 2572, 13801, 45, 0x0000000000000000 | 3.25 4.01 4.31 | cpu  125400158 2730534 28010488 3526900096 116525 0 252433 0 0 0
1791071376 2572, 13801, 45, 0x0000000000000000 | 3.25 4.01 4.31 | cpu  125400208 2730534 28010558 3526928228 116525 0 252433 0 0 0
1791071377 2572, 13801, 45, 0x0000000000000000 | 3.07 3.96 4.29 | cpu  125400264 2730534 28010624 3526956247 116525 0 252434 0 0 0
1791071378 2572, 13801, 45, 0x0000000000000000 | 3.07 3.96 4.29 | cpu  125400317 2730534 28010695 3526984395 116525 0 252434 0 0 0
1791071379 2572, 13801, 46, 0x0000000000000000 | 3.07 3.96 4.29 | cpu  125400386 2730534 28010797 3527013025 116525 0 252434 0 0 0
1791071380 2572, 13801, 46, 0x0000000000000000 | 3.07 3.96 4.29 | cpu  125400449 2730534 28010862 3527041141 116525 0 252434 0 0 0
1791071381 2572, 13801, 46, 0x0000000000000000 | 3.07 3.96 4.29 | cpu  125400520 2730534 28010922 3527069148 116525 0 252436 0 0 0
1791071383 2572, 13801, 46, 0x0000000000000000 | 2.90 3.91 4.27 | cpu  125400805 2730534 28010991 3527097169 116525 0 252436 0 0 0
1791071384 2572, 13801, 46, 0x0000000000000000 | 2.90 3.91 4.27 | cpu  125400858 2730534 28011059 3527125314 116525 0 252436 0 0 0
1791071385 2572, 13801, 46, 0x0000000000000000 | 2.90 3.91 4.27 | cpu  125400927 2730534 28011174 3527153393 116525 0 252443 0 0 0
1791071386 2572, 13801, 46, 0x0000000000000000 | 2.90 3.91 4.27 | cpu  125400986 2730534 28011236 3527181559 116525 0 252443 0 0 0
1791071387 2572, 13801, 46, 0x0000000000000000 | 2.75 3.86 4.26 | cpu  125401049 2730534 28011315 3527209708 116525 0 252444 0 0 0
1791071388 2572, 13801, 46, 0x0000000000000000 | 2.75 3.86 4.26 | cpu  125401117 2730534 28011419 3527238235 116525 0 252446 0 0 0
1791071389 2572, 13801, 46, 0x0000000000000000 | 2.75 3.86 4.26 | cpu  125401189 2730534 28011588 3527266755 116525 0 252457 0 0 0
1791071390 2572, 13801, 46, 0x0000000000000000 | 2.75 3.86 4.26 | cpu  125401256 2730534 28011722 3527295333 116525 0 252458 0 0 0
1791071391 2572, 13801, 46, 0x0000000000000000 | 2.75 3.86 4.26 | cpu  125401318 2730534 28011873 3527323347 116525 0 252458 0 0 0
1791071393 2572, 13801, 46, 0x0000000000000000 | 2.69 3.83 4.24 | cpu  125401373 2730534 28011978 3527351353 116525 0 252458 0 0 0
1791071394 2572, 13801, 46, 0x0000000000000000 | 2.69 3.83 4.24 | cpu  125405848 2730534 28012184 3527374833 116525 0 252460 0 0 0
1791071395 2572, 13801, 46, 0x0000000000000000 | 2.69 3.83 4.24 | cpu  125406725 2730534 28012256 3527402749 116525 0 252460 0 0 0
1791071396 2572, 13801, 46, 0x0000000000000000 | 2.69 3.83 4.24 | cpu  125407606 2730534 28012363 3527430201 116525 0 252460 0 0 0
1791071397 2572, 13801, 46, 0x0000000000000000 | 2.63 3.80 4.23 | cpu  125409150 2730534 28012426 3527457579 116525 0 252460 0 0 0
1791071398 2572, 13801, 46, 0x0000000000000000 | 2.63 3.80 4.23 | cpu  125409618 2730535 28012514 3527485245 116525 0 252460 0 0 0
1791071399 2572, 13801, 46, 0x0000000000000000 | 2.63 3.80 4.23 | cpu  125409673 2730535 28012587 3527513448 116525 0 252460 0 0 0
1791071400 2572, 13801, 46, 0x0000000000000000 | 2.63 3.80 4.23 | cpu  125409728 2730535 28012658 3527542078 116525 0 252461 0 0 0
1791071401 2572, 13801, 46, 0x0000000000000000 | 2.63 3.80 4.23 | cpu  125409882 2730535 28012776 3527570956 116525 0 252461 0 0 0
1791071403 2572, 13801, 47, 0x0000000000000000 | 2.74 3.80 4.23 | cpu  125410086 2730535 28012882 3527600784 116525 0 252463 0 0 0
1791071404 2572, 13801, 47, 0x0000000000000000 | 2.74 3.80 4.23 | cpu  125410264 2730535 28012966 3527628777 116525 0 252466 0 0 0
1791071405 2572, 13801, 47, 0x0000000000000000 | 2.74 3.80 4.23 | cpu  125410428 2730535 28013034 3527656779 116525 0 252466 0 0 0
1791071406 2572, 13801, 47, 0x0000000000000000 | 2.74 3.80 4.23 | cpu  125410516 2730535 28013096 3527684770 116525 0 252467 0 0 0
1791071407 2572, 13801, 47, 0x0000000000000000 | 2.76 3.79 4.22 | cpu  125410592 2730535 28013197 3527712908 116525 0 252467 0 0 0
1791071408 2602, 13801, 47, 0x0000000000000000 | 2.76 3.79 4.22 | cpu  125410661 2730535 28013262 3527741510 116525 0 252468 0 0 0
1791071409 2977, 13801, 51, 0x0000000000000000 | 2.76 3.79 4.22 | cpu  125412652 2730535 28013336 3527768220 116525 0 252468 0 0 0
1791071410 3007, 13801, 51, 0x0000000000000000 | 2.76 3.79 4.22 | cpu  125415185 2730535 28013355 3527794469 116525 0 252468 0 0 0
1791071412 2992, 13801, 51, 0x0000000000000000 | 2.78 3.77 4.22 | cpu  125416667 2730535 28013394 3527820322 116525 0 252468 0 0 0
1791071413 2977, 13801, 53, 0x0000000000000000 | 2.78 3.77 4.22 | cpu  125416899 2730535 28013446 3527848317 116526 0 252468 0 0 0
1791071414 2962, 13801, 55, 0x0000000000000000 | 2.78 3.77 4.22 | cpu  125419052 2730535 28013486 3527874397 116526 0 252469 0 0 0
1791071415 2992, 13801, 53, 0x0000000000000000 | 2.78 3.77 4.22 | cpu  125419277 2730535 28013524 3527902455 116526 0 252469 0 0 0
1791071416 2962, 13801, 57, 0x0000000000000000 | 2.78 3.77 4.22 | cpu  125419393 2730535 28013544 3527931082 116526 0 252469 0 0 0
1791071417 2970, 13801, 55, 0x0000000000000000 | 2.64 3.73 4.20 | cpu  125419524 2730535 28013577 3527959369 116526 0 252469 0 0 0
1791071418 2985, 13801, 53, 0x0000000000000000 | 2.64 3.73 4.20 | cpu  125419752 2730535 28013630 3527987896 116526 0 252469 0 0 0
1791071419 2992, 13801, 53, 0x0000000000000000 | 2.64 3.73 4.20 | cpu  125419981 2730535 28013654 3528016160 116526 0 252469 0 0 0
1791071420 2985, 13801, 53, 0x0000000000000000 | 2.64 3.73 4.20 | cpu  125420208 2730535 28013672 3528044703 116526 0 252469 0 0 0
1791071422 2970, 13801, 56, 0x0000000000000000 | 2.67 3.72 4.19 | cpu  125420430 2730535 28013693 3528072511 116526 0 252470 0 0 0
1791071423 2977, 13801, 54, 0x0000000000000000 | 2.67 3.72 4.19 | cpu  125420663 2730535 28013744 3528101058 116526 0 252470 0 0 0
1791071424 2962, 13801, 59, 0x0000000000000000 | 2.67 3.72 4.19 | cpu  125420889 2730535 28013778 3528129107 116526 0 252470 0 0 0
1791071425 2970, 13801, 57, 0x0000000000000000 | 2.67 3.72 4.19 | cpu  125421027 2730535 28013800 3528156944 116526 0 252472 0 0 0
1791071426 2970, 13801, 55, 0x0000000000000000 | 2.67 3.72 4.19 | cpu  125424152 2730535 28013850 3528183072 116526 0 252474 0 0 0
1791071427 2970, 13801, 56, 0x0000000000000000 | 2.62 3.69 4.18 | cpu  125426103 2730535 28013875 3528209838 116526 0 252474 0 0 0
1791071428 2970, 13801, 56, 0x0000000000000000 | 2.62 3.69 4.18 | cpu  125426965 2730535 28013940 3528237345 116526 0 252474 0 0 0
1791071429 2970, 13801, 55, 0x0000000000000000 | 2.62 3.69 4.18 | cpu  125427195 2730535 28013962 3528266168 116526 0 252474 0 0 0
1791071430 2970, 13801, 57, 0x0000000000000000 | 2.62 3.69 4.18 | cpu  125429501 2730535 28013991 3528292401 116526 0 252474 0 0 0
1791071432 2985, 13801, 54, 0x0000000000000000 | 2.49 3.64 4.16 | cpu  125429673 2730535 28014010 3528320544 116526 0 252474 0 0 0
1791071433 2970, 13801, 56, 0x0000000000000000 | 2.49 3.64 4.16 | cpu  125429788 2730535 28014031 3528348738 116526 0 252475 0 0 0
1791071434 2970, 13801, 59, 0x0000000000000000 | 2.49 3.64 4.16 | cpu  125429944 2730535 28014088 3528377136 116526 0 252476 0 0 0
1791071435 2970, 13801, 61, 0x0000000000000000 | 2.49 3.64 4.16 | cpu  125430163 2730535 28014117 3528405185 116526 0 252477 0 0 0
1791071436 2970, 13801, 58, 0x0000000000000000 | 2.49 3.64 4.16 | cpu  125430384 2730535 28014138 3528433153 116526 0 252477 0 0 0
1791071437 2970, 13801, 59, 0x0000000000000000 | 2.45 3.62 4.15 | cpu  125430601 2730535 28014163 3528461201 116526 0 252479 0 0 0
1791071438 2970, 13801, 59, 0x0000000000000000 | 2.45 3.62 4.15 | cpu  125430826 2730535 28014193 3528489464 116526 0 252479 0 0 0
1791071439 2977, 13801, 57, 0x0000000000000000 | 2.45 3.62 4.15 | cpu  125431061 2730535 28014248 3528517727 116526 0 252479 0 0 0
1791071440 2977, 13801, 56, 0x0000000000000000 | 2.45 3.62 4.15 | cpu  125431203 2730535 28014271 3528546516 116526 0 252480 0 0 0
1791071442 2970, 13801, 60, 0x0000000000000000 | 2.33 3.57 4.13 | cpu  125431327 2730535 28014298 3528574809 116526 0 252481 0 0 0
1791071443 2977, 13801, 57, 0x0000000000000000 | 2.33 3.57 4.13 | cpu  125432444 2730535 28014328 3528602939 116527 0 252481 0 0 0
1791071444 2962, 13801, 59, 0x0000000000000000 | 2.33 3.57 4.13 | cpu  125435545 2730535 28014416 3528627756 116527 0 252481 0 0 0
1791071445 2977, 13801, 57, 0x0000000000000000 | 2.33 3.57 4.13 | cpu  125437118 2730535 28014479 3528654286 116527 0 252484 0 0 0
1791071446 2977, 13801, 55, 0x0000000000000000 | 2.33 3.57 4.13 | cpu  125437347 2730535 28014516 3528683099 116527 0 252484 0 0 0
1791071447 2977, 13801, 56, 0x0000000000000000 | 2.38 3.56 4.13 | cpu  125439472 2730535 28014574 3528708491 116527 0 252484 0 0 0
1791071448 2970, 13801, 58, 0x0000000000000000 | 2.38 3.56 4.13 | cpu  125439669 2730535 28014600 3528736683 116527 0 252484 0 0 0
1791071449 2970, 13801, 58, 0x0000000000000000 | 2.38 3.56 4.13 | cpu  125439783 2730535 28014624 3528765189 116527 0 252484 0 0 0
1791071450 2970, 13801, 57, 0x0000000000000000 | 2.38 3.56 4.13 | cpu  125439909 2730535 28014684 3528793298 116527 0 252484 0 0 0
1791071452 2970, 13801, 61, 0x0000000000000000 | 2.43 3.55 4.12 | cpu  125440116 2730535 28014706 3528821255 116527 0 252484 0 0 0
1791071453 2977, 13801, 56, 0x0000000000000000 | 2.43 3.55 4.12 | cpu  125440360 2730535 28014806 3528849255 116527 0 252485 0 0 0
1791071454 2977, 13801, 55, 0x0000000000000000 | 2.43 3.55 4.12 | cpu  125440593 2730535 28014846 3528877458 116527 0 252494 0 0 0
1791071455 2970, 13801, 57, 0x0000000000000000 | 2.43 3.55 4.12 | cpu  125440817 2730535 28014870 3528906085 116527 0 252494 0 0 0
1791071456 2970, 13801, 57, 0x0000000000000000 | 2.43 3.55 4.12 | cpu  125441051 2730535 28015018 3528934170 116527 0 252494 0 0 0
1791071457 2970, 13801, 58, 0x0000000000000000 | 2.48 3.54 4.11 | cpu  125441277 2730535 28015108 3528961911 116527 0 252494 0 0 0
1791071458 2970, 13801, 57, 0x0000000000000000 | 2.48 3.54 4.11 | cpu  125441504 2730535 28015135 3528989982 116527 0 252494 0 0 0
1791071459 2962, 13801, 58, 0x0000000000000000 | 2.48 3.54 4.11 | cpu  125441870 2730535 28015158 3529018051 116527 0 252494 0 0 0
1791071460 2970, 13801, 57, 0x0000000000000000 | 2.48 3.54 4.11 | cpu  125441982 2730535 28015176 3529046179 116527 0 252494 0 0 0
1791071462 2970, 13801, 60, 0x0000000000000000 | 2.52 3.53 4.11 | cpu  125442102 2730535 28015237 3529074555 116527 0 252495 0 0 0
1791071463 2970, 13801, 57, 0x0000000000000000 | 2.52 3.53 4.11 | cpu  125442216 2730535 28015256 3529102859 116527 0 252495 0 0 0
1791071464 2970, 13801, 60, 0x0000000000000000 | 2.52 3.53 4.11 | cpu  125444954 2730535 28015351 3529128115 116527 0 252495 0 0 0
1791071465 2977, 13801, 56, 0x0000000000000000 | 2.52 3.53 4.11 | cpu  125447472 2730535 28015394 3529153825 116527 0 252496 0 0 0
1791071466 2970, 13801, 57, 0x0000000000000000 | 2.52 3.53 4.11 | cpu  125449111 2730535 28015454 3529181347 116527 0 252496 0 0 0
1791071467 2970, 13801, 56, 0x0000000000000000 | 2.64 3.54 4.11 | cpu  125449436 2730535 28015708 3529209697 116527 0 252496 0 0 0
1791071468 2985, 13801, 55, 0x0000000000000000 | 2.64 3.54 4.11 | cpu  125451686 2730535 28015786 3529235588 116527 0 252497 0 0 0
1791071469 2970, 13801, 57, 0x0000000000000000 | 2.64 3.54 4.11 | cpu  125451897 2730535 28015902 3529264174 116527 0 252497 0 0 0
1791071471 2970, 13801, 58, 0x0000000000000000 | 2.64 3.54 4.11 | cpu  125452103 2730535 28016554 3529293163 116527 0 252498 0 0 0
1791071472 2977, 13801, 56, 0x0000000000000000 | 2.75 3.55 4.11 | cpu  125452288 2730535 28016688 3529321442 116527 0 252500 0 0 0
1791071473 2970, 13801, 57, 0x0000000000000000 | 2.75 3.55 4.11 | cpu  125452516 2730535 28016772 3529349974 116527 0 252501 0 0 0
1791071474 2970, 13801, 58, 0x0000000000000000 | 2.75 3.55 4.11 | cpu  125452853 2730535 28016962 3529377972 116527 0 252503 0 0 0
1791071475 2962, 13801, 59, 0x0000000000000000 | 2.75 3.55 4.11 | cpu  125453078 2730535 28016994 3529406045 116527 0 252508 0 0 0
1791071476 2970, 13801, 58, 0x0000000000000000 | 2.75 3.55 4.11 | cpu  125453311 2730535 28017019 3529434180 116527 0 252510 0 0 0
1791071477 2970, 13801, 59, 0x0000000000000000 | 2.77 3.54 4.10 | cpu  125453592 2730535 28017096 3529461939 116527 0 252511 0 0 0
1791071478 2970, 13801, 59, 0x0000000000000000 | 2.77 3.54 4.10 | cpu  125453786 2730535 28017673 3529489522 116527 0 252512 0 0 0
1791071479 2970, 13801, 59, 0x0000000000000000 | 2.77 3.54 4.10 | cpu  125453898 2730535 28017694 3529517955 116527 0 252514 0 0 0
1791071481 2970, 13801, 59, 0x0000000000000000 | 2.77 3.54 4.10 | cpu  125454012 2730535 28017712 3529546175 116527 0 252514 0 0 0
1791071482 2970, 13801, 61, 0x0000000000000000 | 2.71 3.51 4.09 | cpu  125454125 2730535 28017736 3529574612 116527 0 252514 0 0 0
1791071483 2962, 13801, 60, 0x0000000000000000 | 2.71 3.51 4.09 | cpu  125454252 2730535 28017806 3529602959 116527 0 252514 0 0 0
1791071484 2970, 13801, 58, 0x0000000000000000 | 2.71 3.51 4.09 | cpu  125454547 2730535 28017834 3529631671 116527 0 252516 0 0 0
1791071485 2970, 13801, 60, 0x0000000000000000 | 2.71 3.51 4.09 | cpu  125454680 2730535 28017942 3529659901 116527 0 252517 0 0 0
1791071486 2970, 13801, 61, 0x0000000000000000 | 2.71 3.51 4.09 | cpu  125454800 2730535 28018005 3529687971 116527 0 252517 0 0 0
1791071487 2962, 13801, 60, 0x0000000000000000 | 2.57 3.47 4.07 | cpu  125454921 2730535 28018034 3529716184 116527 0 252517 0 0 0
1791071488 2962, 13801, 61, 0x0000000000000000 | 2.57 3.47 4.07 | cpu  125455048 2730535 28018097 3529744357 116527 0 252517 0 0 0
1791071489 2970, 13801, 59, 0x0000000000000000 | 2.57 3.47 4.07 | cpu  125455161 2730535 28018117 3529772674 116527 0 252518 0 0 0
1791071491 2970, 13801, 58, 0x0000000000000000 | 2.57 3.47 4.07 | cpu  125457446 2730535 28018188 3529799043 116541 0 252520 0 0 0
1791071492 2985, 13801, 56, 0x0000000000000000 | 2.44 3.43 4.06 | cpu  125461564 2730535 28018298 3529822196 116541 0 252520 0 0 0
1791071493 2985, 13801, 56, 0x0000000000000000 | 2.44 3.43 4.06 | cpu  125462436 2730535 28018325 3529848662 116541 0 252520 0 0 0
1791071494 2992, 13801, 53, 0x0000000000000000 | 2.44 3.43 4.06 | cpu  125463228 2730535 28018416 3529876444 116541 0 252520 0 0 0
1791071495 2572, 13801, 51, 0x0000000000000000 | 2.44 3.43 4.06 | cpu  125464273 2730535 28018481 3529903782 116541 0 252521 0 0 0
1791071496 2572, 13801, 51, 0x0000000000000000 | 2.44 3.43 4.06 | cpu  125465284 2730535 28018549 3529931095 116541 0 252521 0 0 0
1791071497 2572, 13801, 50, 0x0000000000000000 | 2.33 3.39 4.04 | cpu  125465350 2730535 28018627 3529959364 116541 0 252521 0 0 0
1791071498 2572, 13801, 50, 0x0000000000000000 | 2.33 3.39 4.04 | cpu  125465456 2730535 28018732 3529988548 116541 0 252522 0 0 0
1791071499 2572, 13801, 50, 0x0000000000000000 | 2.33 3.39 4.04 | cpu  125465631 2730535 28018834 3530016595 116541 0 252522 0 0 0
1791071501 2572, 13801, 49, 0x0000000000000000 | 2.33 3.39 4.04 | cpu  125465803 2730535 28018992 3530045179 116541 0 252524 0 0 0
1791071502 2572, 13801, 49, 0x0000000000000000 | 2.30 3.37 4.03 | cpu  125465988 2730535 28019130 3530073124 116541 0 252524 0 0 0
1791071503 2572, 13801, 49, 0x0000000000000000 | 2.30 3.37 4.03 | cpu  125466094 2730535 28019209 3530102138 116541 0 252524 0 0 0
1791071504 2572, 13801, 49, 0x0000000000000000 | 2.30 3.37 4.03 | cpu  125466153 2730535 28019276 3530130367 116541 0 252524 0 0 0
1791071505 2572, 13801, 49, 0x0000000000000000 | 2.30 3.37 4.03 | cpu  125466219 2730535 28019378 3530158978 116541 0 252524 0 0 0
1791071506 2572, 13801, 48, 0x0000000000000000 | 2.30 3.37 4.03 | cpu  125467416 2730535 28019462 3530187853 116541 0 252524 0 0 0
1791071507 2572, 13801, 48, 0x0000000000000000 | 2.20 3.33 4.01 | cpu  125471138 2730535 28019538 3530212220 116541 0 252524 0 0 0
1791071508 2572, 13801, 48, 0x0000000000000000 | 2.20 3.33 4.01 | cpu  125471959 2730535 28019607 3530239690 116541 0 252524 0 0 0
1791071510 2572, 13801, 48, 0x0000000000000000 | 2.20 3.33 4.01 | cpu  125472718 2730535 28019683 3530267052 116541 0 252524 0 0 0
1791071511 2572, 13801, 48, 0x0000000000000000 | 2.20 3.33 4.01 | cpu  125474785 2730535 28019789 3530293312 116541 0 252524 0 0 0
1791071512 2572, 13801, 47, 0x0000000000000000 | 2.18 3.30 4.00 | cpu  125474944 2730535 28019863 3530321793 116541 0 252525 0 0 0
1791071513 2572, 13801, 47, 0x0000000000000000 | 2.18 3.30 4.00 | cpu  125475002 2730535 28019931 3530349840 116541 0 252525 0 0 0
1791071514 2572, 13801, 47, 0x0000000000000000 | 2.18 3.30 4.00 | cpu  125475053 2730536 28020008 3530377966 116541 0 252525 0 0 0
1791071515 2572, 13801, 47, 0x0000000000000000 | 2.18 3.30 4.00 | cpu  125475211 2730536 28020098 3530406565 116541 0 252525 0 0 0
1791071516 2572, 13801, 47, 0x0000000000000000 | 2.18 3.30 4.00 | cpu  125475375 2730536 28020189 3530434479 116541 0 252526 0 0 0
1791071517 2572, 13801, 47, 0x0000000000000000 | 2.25 3.30 3.99 | cpu  125475551 2730536 28020249 3530462623 116541 0 252526 0 0 0
1791071518 2572, 13801, 47, 0x0000000000000000 | 2.25 3.30 3.99 | cpu  125475733 2730536 28020314 3530491072 116541 0 252526 0 0 0
1791071520 2572, 13801, 47, 0x0000000000000000 | 2.25 3.30 3.99 | cpu  125475880 2730536 28020402 3530519041 116541 0 252527 0 0 0
1791071521 2572, 13801, 46, 0x0000000000000000 | 2.25 3.30 3.99 | cpu  125475947 2730536 28020575 3530548049 116541 0 252530 0 0 0
1791071522 2572, 13801, 46, 0x0000000000000000 | 2.39 3.31 3.99 | cpu  125475982 2730536 28020764 3530576524 116541 0 252530 0 0 0
1791071523 2572, 13801, 46, 0x0000000000000000 | 2.39 3.31 3.99 | cpu  125476020 2730536 28020940 3530604584 116541 0 252537 0 0 0
1791071524 2572, 13801, 46, 0x0000000000000000 | 2.39 3.31 3.99 | cpu  125476099 2730536 28021105 3530633163 116541 0 252537 0 0 0
