1791071832 2572, 14001, 48, 0x0000000000000000 | 1.64 3.75 4.30 | cpu  125590082 2730539 28037138 3538394868 116547 0 252728 0 0 0
1791071834 825, 7001, 47, 0x0000000000000000 | 1.64 3.75 4.30 | cpu  125591206 2730539 28037217 3538421394 116547 0 252728 0 0 0
1791071835 285, 810, 47, 0x0000000000000000 | 1.64 3.75 4.30 | cpu  125591227 2730539 28037262 3538449295 116547 0 252728 0 0 0
1791071836 255, 810, 47, 0x0000000000000000 | 1.64 3.75 4.30 | cpu  125591231 2730539 28037288 3538477890 116547 0 252728 0 0 0
1791071837 225, 810, 47, 0x0000000000000000 | 1.75 3.74 4.29 | cpu  125591317 2730539 28037361 3538506658 116547 0 252729 0 0 0
1791071838 225, 405, 46, 0x0000000000000000 | 1.75 3.74 4.29 | cpu  125591406 2730539 28037401 3538535025 116547 0 252730 0 0 0
1791071839 225, 405, 46, 0x0000000000000000 | 1.75 3.74 4.29 | cpu  125592572 2730539 28037457 3538564186 116547 0 252730 0 0 0
1791071840 2572, 13801, 47, 0x0000000000000000 | 1.75 3.74 4.29 | cpu  125592742 2730539 28037532 3538592779 116547 0 252730 0 0 0
1791071841 2572, 13801, 47, 0x0000000000000000 | 1.75 3.74 4.29 | cpu  125592887 2730539 28037570 3538620830 116547 0 252730 0 0 0
1791071843 3007, 13801, 48, 0x0000000000000000 | 1.69 3.69 4.28 | cpu  125592974 2730539 28037648 3538649005 116547 0 252730 0 0 0
1791071844 3007, 13801, 49, 0x0000000000000000 | 1.69 3.69 4.28 | cpu  125593064 2730539 28037680 3538677029 116547 0 252730 0 0 0
1791071845 2812, 13801, 48, 0x0000000000000000 | 1.69 3.69 4.28 | cpu  125593157 2730539 28037723 3538705192 116547 0 252730 0 0 0
1791071846 2700, 13801, 48, 0x0000000000000000 | 1.69 3.69 4.28 | cpu  125593242 2730539 28037765 3538733298 116547 0 252730 0 0 0
1791071847 2640, 13801, 47, 0x0000000000000000 | 1.63 3.65 4.26 | cpu  125593328 2730539 28037811 3538761933 116547 0 252731 0 0 0
1791071848 2602, 13801, 47, 0x0000000000000000 | 1.63 3.65 4.26 | cpu  125593440 2730539 28037993 3538789884 116547 0 252731 0 0 0
1791071849 2595, 13801, 47, 0x0000000000000000 | 1.63 3.65 4.26 | cpu  125593525 2730539 28038072 3538817882 116547 0 252732 0 0 0
1791071850 2587, 13801, 47, 0x0000000000000000 | 1.63 3.65 4.26 | cpu  125593599 2730539 28038126 3538845991 116548 0 252733 0 0 0
1791071851 2572, 13801, 47, 0x0000000000000000 | 1.63 3.65 4.26 | cpu  125593611 2730539 28038255 3538874594 116548 0 252733 0 0 0
1791071853 2572, 13801, 47, 0x0000000000000000 | 1.58 3.60 4.24 | cpu  125593682 2730539 28038415 3538902467 116548 0 252734 0 0 0
