1791072159 772, 7001, 45, 0x0000000000000000 | 18.32 16.34 9.72 | cpu  125959966 2730716 28080730 3546316093 122253 0 253077 0 0 0
1791072160 487, 7001, 45, 0x0000000000000000 | 18.32 16.34 9.72 | cpu  125964108 2730716 28080910 3546339976 122253 0 253081 0 0 0
1791072161 300, 810, 45, 0x0000000000000000 | 18.32 16.34 9.72 | cpu  125966755 2730716 28081076 3546365510 122253 0 253081 0 0 0
1791072162 225, 810, 45, 0x0000000000000000 | 18.32 16.34 9.72 | cpu  125969093 2730716 28081123 3546393692 122253 0 253081 0 0 0
1791072163 225, 405, 44, 0x0000000000000000 | 25.34 17.83 10.24 | cpu  125969328 2730716 28081171 3546422060 122253 0 253081 0 0 0
1791072164 225, 405, 44, 0x0000000000000000 | 25.34 17.83 10.24 | cpu  125971485 2730716 28081260 3546448226 122253 0 253082 0 0 0
1791072165 225, 405, 44, 0x0000000000000000 | 25.34 17.83 10.24 | cpu  125971688 2730716 28081336 3546476569 122253 0 253088 0 0 0
1791072167 2685, 13801, 46, 0x0000000000000000 | 25.34 17.83 10.24 | cpu  125972655 2730716 28081424 3546504451 122253 0 253088 0 0 0
1791072168 2572, 13801, 45, 0x0000000000000000 | 23.39 17.55 10.19 | cpu  125973156 2730716 28081511 3546532234 122253 0 253088 0 0 0
1791072169 2580, 13801, 46, 0x0000000000000000 | 23.39 17.55 10.19 | cpu  125973786 2730716 28081561 3546559975 122253 0 253089 0 0 0
1791072170 2632, 13801, 45, 0x0000000000000000 | 23.39 17.55 10.19 | cpu  125974415 2730716 28081667 3546589692 122253 0 253089 0 0 0
1791072171 2617, 13801, 45, 0x0000000000000000 | 23.39 17.55 10.19 | cpu  125975062 2730716 28081756 3546617789 122253 0 253093 0 0 0
1791072172 2632, 13801, 46, 0x0000000000000000 | 21.68 17.29 10.15 | cpu  125975601 2730716 28081792 3546645593 122253 0 253093 0 0 0
1791072173 2640, 13801, 46, 0x0000000000000000 | 21.68 17.29 10.15 | cpu  125976086 2730716 28081827 3546673821 122253 0 253093 0 0 0
1791072174 2640, 13801, 46, 0x0000000000000000 | 21.68 17.29 10.15 | cpu  125976539 2730716 28081900 3546701735 122253 0 253093 0 0 0
1791072176 2640, 13801, 45, 0x0000000000000000 | 21.68 17.29 10.15 | cpu  125978800 2730716 28081964 3546728287 122253 0 253094 0 0 0
1791072177 2617, 13801, 46, 0x0000000000000000 | 21.68 17.29 10.15 | cpu  125982223 2730716 28082143 3546753444 122253 0 253095 0 0 0
1791072178 2572, 13801, 45, 0x0000000000000000 | 20.19 17.06 10.11 | cpu  125984038 2730716 28082257 3546780336 122253 0 253095 0 0 0
1791072179 2640, 13801, 45, 0x0000000000000000 | 20.19 17.06 10.11 | cpu  125984685 2730716 28082344 3546807849 122253 0 253096 0 0 0
1791072180 2647, 13801, 45, 0x0000000000000000 | 20.19 17.06 10.11 | cpu  125987360 2730716 28082482 3546833775 122253 0 253096 0 0 0
1791072181 2640, 13801, 46, 0x0000000000000000 | 20.19 17.06 10.11 | cpu  125987996 2730716 28082605 3546861683 122253 0 253097 0 0 0
1791072182 2625, 13801, 46, 0x0000000000000000 | 18.65 16.79 10.06 | cpu  125988556 2730716 28082705 3546889382 122253 0 253099 0 0 0
1791072183 2572, 13801, 45, 0x0000000000000000 | 18.65 16.79 10.06 | cpu  125989170 2730716 28082742 3546916878 122253 0 253100 0 0 0
1791072184 2572, 13801, 45, 0x0000000000000000 | 18.65 16.79 10.06 | cpu  125989410 2730716 28082830 3546944782 122253 0 253100 0 0 0
1791072186 2572, 13801, 45, 0x0000000000000000 | 18.65 16.79 10.06 | cpu  125989560 2730716 28082955 3546973648 122253 0 253104 0 0 0
1791072187 2572, 13801, 45, 0x0000000000000000 | 18.65 16.79 10.06 | cpu  125989679 2730716 28083118 3547001412 122253 0 253110 0 0 0
1791072188 2610, 13801, 45, 0x0000000000000000 | 17.40 16.56 10.02 | cpu  125989850 2730716 28083207 3547029755 122253 0 253110 0 0 0
1791072189 2595, 13801, 45, 0x0000000000000000 | 17.40 16.56 10.02 | cpu  125990005 2730716 28083280 3547058704 122253 0 253120 0 0 0
1791072190 2595, 13801, 45, 0x0000000000000000 | 17.40 16.56 10.02 | cpu  125990097 2730716 28083404 3547087650 122253 0 253122 0 0 0
1791072191 2595, 13801, 45, 0x0000000000000000 | 17.40 16.56 10.02 | cpu  125990177 2730716 28083450 3547115784 122253 0 253123 0 0 0
1791072192 2595, 13801, 45, 0x0000000000000000 | 16.16 16.32 9.98 | cpu  125990267 2730716 28083542 3547144034 122253 0 253123 0 0 0
1791072193 2572, 13801, 45, 0x0000000000000000 | 16.16 16.32 9.98 | cpu  125990362 2730716 28083579 3547173278 122253 0 253123 0 0 0
1791072195 2730, 13801, 45, 0x0000000000000000 | 16.16 16.32 9.98 | cpu  125990482 2730716 28083592 3547201295 122253 0 253124 0 0 0
1791072196 2572, 13801, 45, 0x0000000000000000 | 16.16 16.32 9.98 | cpu  125990594 2730716 28083606 3547229342 122253 0 253124 0 0 0
1791072197 2580, 13801, 45, 0x0000000000000000 | 16.16 16.32 9.98 | cpu  125990704 2730716 28083619 3547257349 122253 0 253124 0 0 0
1791072198 2572, 13801, 45, 0x0000000000000000 | 14.95 16.06 9.93 | cpu  125993497 2730716 28083715 3547283134 122257 0 253125 0 0 0
1791072199 2572, 13801, 45, 0x0000000000000000 | 14.95 16.06 9.93 | cpu  125995667 2730716 28083836 3547308758 122257 0 253125 0 0 0
1791072200 2572, 13801, 44, 0x0000000000000000 | 14.95 16.06 9.93 | cpu  125997287 2730716 28083908 3547334973 122257 0 253128 0 0 0
1791072201 2572, 13801, 44, 0x0000000000000000 | 14.95 16.06 9.93 | cpu  125997448 2730716 28083979 3547362790 122257 0 253129 0 0 0
1791072202 2572, 13801, 44, 0x0000000000000000 | 13.99 15.85 9.89 | cpu  125999566 2730716 28084065 3547389326 122257 0 253130 0 0 0
1791072203 2572, 13801, 44, 0x0000000000000000 | 13.99 15.85 9.89 | cpu  125999653 2730716 28084189 3547417786 122257 0 253134 0 0 0
1791072204 2572, 13801, 44, 0x0000000000000000 | 13.99 15.85 9.89 | cpu  125999718 2730716 28084264 3547445821 122257 0 253134 0 0 0
1791072206 2572, 13801, 44, 0x0000000000000000 | 13.99 15.85 9.89 | cpu  125999820 2730716 28084389 3547473808 122257 0 253134 0 0 0
1791072207 2572, 13801, 44, 0x0000000000000000 | 13.99 15.85 9.89 | cpu  125999984 2730716 28084463 3547501878 122257 0 253136 0 0 0
1791072208 2572, 13801, 44, 0x0000000000000000 | 13.11 15.63 9.86 | cpu  126000144 2730716 28084539 3547530295 122257 0 253138 0 0 0
1791072209 2572, 13801, 44, 0x0000000000000000 | 13.11 15.63 9.86 | cpu  126000321 2730716 28084652 3547558723 122257 0 253138 0 0 0
1791072210 2572, 13801, 44, 0x0000000000000000 | 13.11 15.63 9.86 | cpu  126000399 2730716 28084726 3547587276 122257 0 253140 0 0 0
1791072211 2572, 13801, 44, 0x0000000000000000 | 13.11 15.63 9.86 | cpu  126000454 2730716 28084793 3547615367 122257 0 253140 0 0 0
1791072212 2572, 13801, 44, 0x0000000000000000 | 12.14 15.39 9.81 | cpu  126000504 2730716 28084866 3547643275 122257 0 253142 0 0 0
1791072213 2572, 13801, 44, 0x0000000000000000 | 12.14 15.39 9.81 | cpu  126000566 2730716 28084930 3547671457 122257 0 253142 0 0 0
1791072215 2572, 13801, 44, 0x0000000000000000 | 12.14 15.39 9.81 | cpu  126000650 2730716 28085042 3547700440 122257 0 253144 0 0 0
1791072216 2572, 13801, 44, 0x0000000000000000 | 12.14 15.39 9.81 | cpu  126005433 2730716 28085169 3547723586 122257 0 253144 0 0 0
1791072217 2572, 13801, 44, 0x0000000000000000 | 12.14 15.39 9.81 | cpu  126006202 2730716 28085240 3547750703 122257 0 253144 0 0 0
1791072218 2572, 13801, 44, 0x0000000000000000 | 11.25 15.15 9.76 | cpu  126006962 2730716 28085315 3547777926 122257 0 253144 0 0 0
1791072219 2572, 13801, 44, 0x0000000000000000 | 11.25 15.15 9.76 | cpu  126008308 2730716 28085402 3547804893 122257 0 253145 0 0 0
1791072220 2572, 13801, 44, 0x0000000000000000 | 11.25 15.15 9.76 | cpu  126009459 2730716 28085520 3547831738 122257 0 253146 0 0 0
1791072221 2572, 13801, 44, 0x0000000000000000 | 11.25 15.15 9.76 | cpu  126009526 2730716 28085723 3547859641 122257 0 253148 0 0 0
1791072222 2572, 13801, 44, 0x0000000000000000 | 10.43 14.91 9.71 | cpu  126009589 2730716 28085835 3547887631 122257 0 253148 0 0 0
1791072223 2572, 13801, 44, 0x0000000000000000 | 10.43 14.91 9.71 | cpu  126009740 2730716 28085899 3547915691 122257 0 253148 0 0 0
1791072224 2572, 13801, 44, 0x0000000000000000 | 10.43 14.91 9.71 | cpu  126009919 2730716 28085964 3547943629 122257 0 253148 0 0 0
1791072226 2572, 13801, 44, 0x0000000000000000 | 10.43 14.91 9.71 | cpu  126010088 2730717 28086071 3547971530 122257 0 253148 0 0 0
1791072227 2572, 13801, 44, 0x0000000000000000 | 10.43 14.91 9.71 | cpu  126010219 2730717 28086148 3547999366 122257 0 253149 0 0 0
1791072228 2572, 13801, 44, 0x0000000000000000 | 9.83 14.72 9.68 | cpu  126010277 2730717 28086214 3548027537 122261 0 253149 0 0 0
1791072229 2572, 13801, 43, 0x0000000000000000 | 9.83 14.72 9.68 | cpu  126010334 2730717 28086294 3548056066 122261 0 253150 0 0 0
1791072230 2572, 13801, 44, 0x0000000000000000 | 9.83 14.72 9.68 | cpu  126010384 2730717 28086366 3548084042 122261 0 253150 0 0 0
1791072231 2572, 13801, 43, 0x0000000000000000 | 9.83 14.72 9.68 | cpu  126010447 2730717 28086470 3548111977 122261 0 253150 0 0 0
1791072232 2572, 13801, 43, 0x0000000000000000 | 9.28 14.52 9.64 | cpu  126013959 2730718 28086630 3548136757 122261 0 253150 0 0 0
1791072233 2572, 13801, 43, 0x0000000000000000 | 9.28 14.52 9.64 | cpu  126015981 2730718 28086705 3548163262 122261 0 253150 0 0 0
1791072234 2572, 13801, 43, 0x0000000000000000 | 9.28 14.52 9.64 | cpu  126016863 2730718 28086775 3548191646 122261 0 253150 0 0 0
1791072236 2572, 13801, 43, 0x0000000000000000 | 9.28 14.52 9.64 | cpu  126017027 2730718 28086852 3548220324 122261 0 253151 0 0 0
1791072237 2572, 13801, 43, 0x0000000000000000 | 9.28 14.52 9.64 | cpu  126018895 2730718 28086960 3548247076 122261 0 253151 0 0 0
1791072238 2572, 13801, 43, 0x0000000000000000 | 8.62 14.30 9.59 | cpu  126018952 2730718 28087034 3548275750 122261 0 253152 0 0 0
1791072239 2572, 13801, 43, 0x0000000000000000 | 8.62 14.30 9.59 | cpu  126019026 2730718 28087140 3548304162 122261 0 253152 0 0 0
1791072240 2572, 13801, 43, 0x0000000000000000 | 8.62 14.30 9.59 | cpu  126019234 2730718 28087447 3548331973 122261 0 253152 0 0 0
1791072241 2572, 13801, 43, 0x0000000000000000 | 8.62 14.30 9.59 | cpu  126019475 2730718 28087564 3548360477 122261 0 253153 0 0 0
1791072242 2572, 13801, 43, 0x0000000000000000 | 8.17 14.11 9.56 | cpu  126019662 2730718 28087803 3548388505 122261 0 253154 0 0 0
1791072243 2572, 13801, 43, 0x0000000000000000 | 8.17 14.11 9.56 | cpu  126019933 2730718 28088769 3548415669 122261 0 253157 0 0 0
1791072244 2572, 13801, 43, 0x0000000000000000 | 8.17 14.11 9.56 | cpu  126020021 2730718 28088933 3548444546 122261 0 253158 0 0 0
1791072246 2572, 13801, 43, 0x0000000000000000 | 8.17 14.11 9.56 | cpu  126020084 2730718 28089108 3548473164 122261 0 253161 0 0 0
1791072247 2572, 13801, 43, 0x0000000000000000 | 8.17 14.11 9.56 | cpu  126020142 2730718 28089232 3548501545 122261 0 253162 0 0 0
1791072248 2572, 13801, 43, 0x0000000000000000 | 7.68 13.91 9.52 | cpu  126024202 2730718 28089353 3548526801 122261 0 253163 0 0 0
1791072249 2572, 13801, 43, 0x0000000000000000 | 7.68 13.91 9.52 | cpu  126025814 2730718 28089413 3548553261 122261 0 253163 0 0 0
1791072250 2572, 13801, 43, 0x0000000000000000 | 7.68 13.91 9.52 | cpu  126026663 2730718 28089477 3548580545 122261 0 253163 0 0 0
1791072251 2595, 13801, 43, 0x0000000000000000 | 7.68 13.91 9.52 | cpu  126026850 2730718 28089539 3548609588 122261 0 253168 0 0 0
1791072252 2985, 13801, 47, 0x0000000000000000 | 7.30 13.73 9.48 | cpu  126029045 2730718 28089605 3548635678 122261 0 253168 0 0 0
1791072253 3007, 13801, 47, 0x0000000000000000 | 7.30 13.73 9.48 | cpu  126029159 2730718 28089633 3548663689 122261 0 253169 0 0 0
1791072255 2992, 13801, 48, 0x0000000000000000 | 7.30 13.73 9.48 | cpu  126029267 2730718 28089666 3548691849 122261 0 253169 0 0 0
1791072256 2977, 13801, 48, 0x0000000000000000 | 7.30 13.73 9.48 | cpu  126029431 2730718 28089688 3548719989 122261 0 253170 0 0 0
1791072257 2970, 13801, 53, 0x0000000000000000 | 7.30 13.73 9.48 | cpu  126029652 2730718 28089709 3548747916 122261 0 253171 0 0 0
1791072258 2992, 13801, 48, 0x0000000000000000 | 6.88 13.53 9.44 | cpu  126029886 2730718 28089769 3548776497 122261 0 253171 0 0 0
1791072259 2977, 13801, 52, 0x0000000000000000 | 6.88 13.53 9.44 | cpu  126030108 2730718 28089794 3548804491 122261 0 253172 0 0 0
1791072260 2985, 13801, 51, 0x0000000000000000 | 6.88 13.53 9.44 | cpu  126030324 2730718 28089813 3548831979 122261 0 253172 0 0 0
1791072261 2992, 13801, 49, 0x0000000000000000 | 6.88 13.53 9.44 | cpu  126030509 2730718 28089839 3548860028 122261 0 253172 0 0 0
1791072262 2985, 13801, 51, 0x0000000000000000 | 6.41 13.32 9.40 | cpu  126030627 2730718 28089858 3548888269 122261 0 253173 0 0 0
1791072263 2992, 13801, 49, 0x0000000000000000 | 6.41 13.32 9.40 | cpu  126030747 2730718 28089914 3548916319 122261 0 253173 0 0 0
1791072264 2985, 13801, 51, 0x0000000000000000 | 6.41 13.32 9.40 | cpu  126030862 2730718 28089937 3548944441 122261 0 253174 0 0 0
1791072266 2977, 13801, 51, 0x0000000000000000 | 6.41 13.32 9.40 | cpu  126030972 2730718 28089955 3548972075 122262 0 253174 0 0 0
1791072267 2977, 13801, 52, 0x0000000000000000 | 6.41 13.32 9.40 | cpu  126031092 2730718 28089984 3549000901 122262 0 253176 0 0 0
1791072268 2985, 13801, 50, 0x0000000000000000 | 5.97 13.12 9.35 | cpu  126031205 2730718 28090012 3549029075 122262 0 253180 0 0 0
1791072269 2985, 13801, 49, 0x0000000000000000 | 5.97 13.12 9.35 | cpu  126031327 2730718 28090076 3549056982 122262 0 253180 0 0 0
1791072270 2985, 13801, 51, 0x0000000000000000 | 5.97 13.12 9.35 | cpu  126031488 2730718 28090110 3549085030 122262 0 253180 0 0 0
1791072271 2977, 13801, 50, 0x0000000000000000 | 5.97 13.12 9.35 | cpu  126036239 2730718 28090152 3549107393 122262 0 253180 0 0 0
1791072272 2985, 13801, 48, 0x0000000000000000 | 5.73 12.95 9.32 | cpu  126037073 2730718 28090180 3549134736 122263 0 253180 0 0 0
1791072273 2992, 13801, 50, 0x0000000000000000 | 5.73 12.95 9.32 | cpu  126037920 2730718 28090206 3549162030 122263 0 253186 0 0 0
1791072274 2977, 13801, 52, 0x0000000000000000 | 5.73 12.95 9.32 | cpu  126038351 2730718 28090270 3549189579 122263 0 253187 0 0 0
1791072275 2985, 13801, 52, 0x0000000000000000 | 5.73 12.95 9.32 | cpu  126040088 2730718 28090292 3549215513 122263 0 253189 0 0 0
1791072277 2992, 13801, 49, 0x0000000000000000 | 5.73 12.95 9.32 | cpu  126040201 2730718 28090308 3549243578 122263 0 253189 0 0 0
1791072278 2992, 13801, 50, 0x0000000000000000 | 5.36 12.75 9.27 | cpu  126040311 2730718 28090328 3549271218 122263 0 253191 0 0 0
1791072279 2985, 13801, 52, 0x0000000000000000 | 5.36 12.75 9.27 | cpu  126040480 2730718 28090353 3549298802 122263 0 253192 0 0 0
1791072280 2970, 13801, 53, 0x0000000000000000 | 5.36 12.75 9.27 | cpu  126040711 2730718 28090413 3549326693 122263 0 253194 0 0 0
1791072281 2970, 13801, 56, 0x0000000000000000 | 5.36 12.75 9.27 | cpu  126040930 2730718 28090433 3549354462 122263 0 253200 0 0 0
1791072282 3007, 13801, 48, 0x0000000000000000 | 5.36 12.75 9.27 | cpu  126041118 2730718 28090475 3549382291 122263 0 253200 0 0 0
1791072283 2572, 13801, 46, 0x0000000000000000 | 5.17 12.59 9.24 | cpu  126041333 2730718 28090507 3549410113 122263 0 253200 0 0 0
1791072284 2572, 13801, 46, 0x0000000000000000 | 5.17 12.59 9.24 | cpu  126041554 2730718 28090542 3549437873 122263 0 253204 0 0 0
1791072285 2572, 13801, 46, 0x0000000000000000 | 5.17 12.59 9.24 | cpu  126041692 2730718 28090604 3549465941 122263 0 253205 0 0 0
1791072286 2572, 13801, 46, 0x0000000000000000 | 5.17 12.59 9.24 | cpu  126041810 2730718 28090622 3549494486 122263 0 253209 0 0 0
1791072288 2572, 13801, 46, 0x0000000000000000 | 4.83 12.40 9.19 | cpu  126041911 2730718 28090643 3549522422 122263 0 253209 0 0 0
1791072289 2572, 13801, 46, 0x0000000000000000 | 4.83 12.40 9.19 | cpu  126041997 2730718 28090683 3549550342 122263 0 253209 0 0 0
1791072290 2572, 13801, 46, 0x0000000000000000 | 4.83 12.40 9.19 | cpu  126042099 2730718 28090714 3549578262 122263 0 253210 0 0 0
1791072291 2572, 13801, 46, 0x0000000000000000 | 4.83 12.40 9.19 | cpu  126042214 2730718 28090792 3549606721 122263 0 253210 0 0 0
1791072292 2572, 13801, 46, 0x0000000000000000 | 4.83 12.40 9.19 | cpu  126046956 2730718 28090882 3549629874 122263 0 253211 0 0 0
1791072293 2572, 13801, 45, 0x0000000000000000 | 4.61 12.22 9.15 | cpu  126047884 2730718 28090911 3549657042 122263 0 253213 0 0 0
1791072294 2572, 13801, 45, 0x0000000000000000 | 4.61 12.22 9.15 | cpu  126048756 2730718 28090937 3549684217 122263 0 253214 0 0 0
1791072295 2572, 13801, 45, 0x0000000000000000 | 4.61 12.22 9.15 | cpu  126050442 2730719 28090977 3549711443 122263 0 253214 0 0 0
1791072296 2572, 13801, 45, 0x0000000000000000 | 4.61 12.22 9.15 | cpu  126051131 2730719 28091032 3549739002 122263 0 253214 0 0 0
1791072298 2572, 13801, 45, 0x0000000000000000 | 4.32 12.04 9.11 | cpu  126051247 2730719 28091068 3549767218 122263 0 253214 0 0 0
1791072299 2572, 13801, 45, 0x0000000000000000 | 4.32 12.04 9.11 | cpu  126051372 2730719 28091128 3549795173 122263 0 253215 0 0 0
1791072300 2572, 810, 45, 0x0000000000000000 | 4.32 12.04 9.11 | cpu  126051563 2730719 28091164 3549823782 122263 0 253215 0 0 0
1791072301 352, 810, 44, 0x0000000000000000 | 4.32 12.04 9.11 | cpu  126051796 2730720 28091274 3549851754 122263 0 253215 0 0 0
1791072302 225, 405, 44, 0x0000000000000000 | 4.32 12.04 9.11 | cpu  126052040 2730720 28091407 3549879659 122263 0 253225 0 0 0
1791072303 225, 405, 44, 0x0000000000000000 | 4.21 11.89 9.08 | cpu  126052264 2730720 28091455 3549907767 122263 0 253230 0 0 0
1791072304 217, 405, 43, 0x0000000000000000 | 4.21 11.89 9.08 | cpu  126052383 2730720 28091480 3549936064 122263 0 253230 0 0 0
1791072305 225, 405, 43, 0x0000000000000000 | 4.21 11.89 9.08 | cpu  126052486 2730720 28091514 3549964315 122263 0 253230 0 0 0
1791072306 225, 405, 43, 0x0000000000000000 | 4.21 11.89 9.08 | cpu  126052622 2730720 28091559 3549993865 122263 0 253230 0 0 0
1791072308 225, 405, 43, 0x0000000000000000 | 3.95 11.71 9.03 | cpu  126057487 2730720 28091669 3550016184 122263 0 253230 0 0 0
1791072309 225, 405, 43, 0x0000000000000000 | 3.95 11.71 9.03 | cpu  126058566 2730720 28091740 3550043267 122263 0 253231 0 0 0
1791072310 225, 405, 43, 0x0000000000000000 | 3.95 11.71 9.03 | cpu  126059405 2730720 28091790 3550070761 122263 0 253231 0 0 0
1791072311 225, 405, 43, 0x0000000000000000 | 3.95 11.71 9.03 | cpu  126060655 2730720 28091916 3550097812 122263 0 253232 0 0 0
1791072312 225, 405, 43, 0x0000000000000000 | 3.95 11.71 9.03 | cpu  126061761 2730720 28091949 3550125437 122263 0 253232 0 0 0
1791072313 225, 405, 43, 0x0000000000000000 | 3.80 11.54 9.00 | cpu  126061878 2730720 28092006 3550153571 122263 0 253233 0 0 0
1791072314 225, 405, 43, 0x0000000000000000 | 3.80 11.54 9.00 | cpu  126061992 2730720 28092055 3550181697 122263 0 253233 0 0 0
1791072315 225, 405, 43, 0x0000000000000000 | 3.80 11.54 9.00 | cpu  126062163 2730720 28092094 3550209974 122263 0 253233 0 0 0
1791072316 225, 405, 43, 0x0000000000000000 | 3.80 11.54 9.00 | cpu  126062418 2730720 28092206 3550238069 122263 0 253233 0 0 0
1791072318 225, 405, 42, 0x0000000000000000 | 3.65 11.39 8.96 | cpu  126062657 2730720 28092244 3550267296 122263 0 253234 0 0 0
1791072319 225, 405, 42, 0x0000000000000000 | 3.65 11.39 8.96 | cpu  126062878 2730720 28092307 3550295365 122263 0 253234 0 0 0
1791072320 225, 405, 42, 0x0000000000000000 | 3.65 11.39 8.96 | cpu  126063095 2730720 28092344 3550323448 122263 0 253234 0 0 0
1791072321 217, 405, 42, 0x0000000000000000 | 3.65 11.39 8.96 | cpu  126063313 2730720 28092366 3550351494 122263 0 253234 0 0 0
1791072322 225, 405, 42, 0x0000000000000000 | 3.65 11.39 8.96 | cpu  126063487 2730720 28092381 3550379746 122263 0 253234 0 0 0
1791072323 225, 405, 42, 0x0000000000000000 | 3.52 11.23 8.92 | cpu  126063609 2730720 28092446 3550407924 122263 0 253235 0 0 0
1791072324 225, 405, 42, 0x0000000000000000 | 3.52 11.23 8.92 | cpu  126063718 2730720 28092501 3550436011 122263 0 253235 0 0 0
1791072325 225, 405, 42, 0x0000000000000000 | 3.52 11.23 8.92 | cpu  126063831 2730720 28092527 3550464107 122263 0 253235 0 0 0
1791072326 225, 405, 42, 0x0000000000000000 | 3.52 11.23 8.92 | cpu  126063934 2730720 28092556 3550492479 122263 0 253235 0 0 0
1791072328 225, 405, 42, 0x0000000000000000 | 3.32 11.06 8.88 | cpu  126064048 2730720 28092574 3550521789 122263 0 253235 0 0 0
1791072329 225, 405, 42, 0x0000000000000000 | 3.32 11.06 8.88 | cpu  126064182 2730720 28092620 3550549562 122263 0 253235 0 0 0
1791072330 225, 405, 42, 0x0000000000000000 | 3.32 11.06 8.88 | cpu  126069025 2730720 28092709 3550572284 122263 0 253236 0 0 0
1791072331 225, 405, 42, 0x0000000000000000 | 3.32 11.06 8.88 | cpu  126070008 2730720 28092820 3550600085 122263 0 253236 0 0 0
1791072332 225, 405, 42, 0x0000000000000000 | 3.32 11.06 8.88 | cpu  126071165 2730720 28093023 3550626090 122263 0 253243 0 0 0
1791072333 225, 405, 42, 0x0000000000000000 | 3.45 10.96 8.86 | cpu  126072810 2730720 28093382 3550653659 122263 0 253245 0 0 0
1791072334 225, 405, 42, 0x0000000000000000 | 3.45 10.96 8.86 | cpu  126074221 2730720 28093650 3550680545 122263 0 253246 0 0 0
1791072335 225, 405, 42, 0x0000000000000000 | 3.45 10.96 8.86 | cpu  126074383 2730720 28093768 3550709746 122263 0 253253 0 0 0
1791072336 225, 405, 42, 0x0000000000000000 | 3.45 10.96 8.86 | cpu  126074523 2730720 28093879 3550738762 122263 0 253254 0 0 0
1791072338 225, 405, 42, 0x0000000000000000 | 3.42 10.83 8.83 | cpu  126074780 2730720 28093950 3550767381 122263 0 253267 0 0 0
1791072339 225, 405, 42, 0x0000000000000000 | 3.42 10.83 8.83 | cpu  126075111 2730720 28093987 3550795836 122263 0 253267 0 0 0
1791072340 225, 405, 42, 0x0000000000000000 | 3.42 10.83 8.83 | cpu  126075448 2730720 28094058 3550824237 122263 0 253268 0 0 0
1791072341 225, 405, 42, 0x0000000000000000 | 3.42 10.83 8.83 | cpu  126075759 2730720 28094100 3550852636 122263 0 253268 0 0 0
1791072342 225, 405, 42, 0x0000000000000000 | 3.42 10.83 8.83 | cpu  126075974 2730720 28094129 3550880653 122263 0 253269 0 0 0
1791072343 225, 405, 42, 0x0000000000000000 | 3.38 10.70 8.79 | cpu  126076184 2730720 28094192 3550909635 122263 0 253271 0 0 0
1791072344 225, 405, 42, 0x0000000000000000 | 3.38 10.70 8.79 | cpu  126076384 2730720 28094279 3550937650 122263 0 253274 0 0 0
1791072345 225, 405, 42, 0x0000000000000000 | 3.38 10.70 8.79 | cpu  126076505 2730720 28094327 3550965752 122263 0 253274 0 0 0
1791072347 225, 405, 42, 0x0000000000000000 | 3.38 10.70 8.79 | cpu  126076623 2730720 28094344 3550994054 122263 0 253274 0 0 0
1791072348 225, 405, 42, 0x0000000000000000 | 3.27 10.55 8.76 | cpu  126078295 2730720 28094468 3551020930 122263 0 253274 0 0 0
1791072349 225, 405, 42, 0x0000000000000000 | 3.27 10.55 8.76 | cpu  126081518 2730720 28094516 3551044835 122263 0 253274 0 0 0
1791072350 225, 405, 42, 0x0000000000000000 | 3.27 10.55 8.76 | cpu  126082303 2730720 28094626 3551072843 122263 0 253274 0 0 0
1791072351 225, 405, 42, 0x0000000000000000 | 3.27 10.55 8.76 | cpu  126083145 2730720 28094681 3551099775 122263 0 253274 0 0 0
1791072352 225, 405, 42, 0x0000000000000000 | 3.27 10.55 8.76 | cpu  126085190 2730720 28094716 3551126050 122263 0 253274 0 0 0
1791072353 225, 405, 42, 0x0000000000000000 | 3.17 10.41 8.72 | cpu  126085366 2730720 28094736 3551154309 122263 0 253274 0 0 0
1791072354 225, 405, 42, 0x0000000000000000 | 3.17 10.41 8.72 | cpu  126085484 2730720 28094757 3551182654 122263 0 253274 0 0 0
1791072355 217, 405, 42, 0x0000000000000000 | 3.17 10.41 8.72 | cpu  126085600 2730720 28094781 3551210960 122263 0 253274 0 0 0
1791072357 225, 405, 42, 0x0000000000000000 | 3.17 10.41 8.72 | cpu  126085820 2730720 28094846 3551239097 122263 0 253275 0 0 0
1791072358 225, 405, 43, 0x0000000000000000 | 3.08 10.27 8.68 | cpu  126086043 2730720 28094856 3551267121 122263 0 253275 0 0 0
1791072359 225, 405, 42, 0x0000000000000000 | 3.08 10.27 8.68 | cpu  126086269 2730720 28094868 3551295158 122263 0 253275 0 0 0
1791072360 225, 405, 43, 0x0000000000000000 | 3.08 10.27 8.68 | cpu  126086491 2730721 28094887 3551323431 122263 0 253275 0 0 0
1791072361 225, 405, 43, 0x0000000000000000 | 3.08 10.27 8.68 | cpu  126086710 2730721 28094909 3551351620 122263 0 253275 0 0 0
1791072362 225, 405, 42, 0x0000000000000000 | 3.08 10.27 8.68 | cpu  126086960 2730721 28094974 3551380900 122263 0 253275 0 0 0
1791072363 225, 405, 43, 0x0000000000000000 | 2.99 10.13 8.65 | cpu  126087116 2730721 28094996 3551409072 122263 0 253275 0 0 0
1791072364 225, 405, 43, 0x0000000000000000 | 2.99 10.13 8.65 | cpu  126087242 2730721 28095090 3551437206 122263 0 253275 0 0 0
1791072365 225, 405, 43, 0x0000000000000000 | 2.99 10.13 8.65 | cpu  126087371 2730721 28095186 3551465454 122263 0 253276 0 0 0
1791072367 225, 405, 43, 0x0000000000000000 | 2.99 10.13 8.65 | cpu  126087493 2730721 28095220 3551493729 122263 0 253276 0 0 0
1791072368 225, 405, 43, 0x0000000000000000 | 2.83 9.98 8.61 | cpu  126091632 2730721 28095339 3551516813 122264 0 253276 0 0 0
1791072369 225, 405, 43, 0x0000000000000000 | 2.83 9.98 8.61 | cpu  126093190 2730721 28095365 3551543678 122264 0 253276 0 0 0
1791072370 225, 405, 43, 0x0000000000000000 | 2.83 9.98 8.61 | cpu  126094046 2730721 28095392 3551571277 122264 0 253276 0 0 0
1791072371 225, 405, 43, 0x0000000000000000 | 2.83 9.98 8.61 | cpu  126094586 2730721 28095418 3551600200 122264 0 253276 0 0 0
1791072372 217, 405, 43, 0x0000000000000000 | 2.83 9.98 8.61 | cpu  126096104 2730721 28095471 3551627280 122264 0 253276 0 0 0
1791072373 225, 405, 43, 0x0000000000000000 | 2.84 9.86 8.58 | cpu  126096231 2730721 28095521 3551655711 122264 0 253276 0 0 0
1791072374 225, 405, 43, 0x0000000000000000 | 2.84 9.86 8.58 | cpu  126096359 2730721 28095569 3551684180 122264 0 253278 0 0 0
1791072376 225, 405, 43, 0x0000000000000000 | 2.84 9.86 8.58 | cpu  126096554 2730721 28095760 3551712594 122264 0 253280 0 0 0
1791072377 225, 405, 43, 0x0000000000000000 | 2.84 9.86 8.58 | cpu  126097048 2730721 28095785 3551740620 122264 0 253280 0 0 0
1791072378 225, 405, 43, 0x0000000000000000 | 2.78 9.73 8.54 | cpu  126097275 2730721 28095834 3551768879 122264 0 253281 0 0 0
1791072379 225, 405, 43, 0x0000000000000000 | 2.78 9.73 8.54 | cpu  126097510 2730721 28095877 3551797138 122264 0 253281 0 0 0
1791072380 225, 405, 43, 0x0000000000000000 | 2.78 9.73 8.54 | cpu  126097743 2730721 28095936 3551825375 122264 0 253282 0 0 0
1791072381 225, 405, 43, 0x0000000000000000 | 2.78 9.73 8.54 | cpu  126097915 2730721 28096013 3551853978 122264 0 253284 0 0 0
1791072382 225, 405, 43, 0x0000000000000000 | 2.78 9.73 8.54 | cpu  126098043 2730721 28096037 3551882684 122264 0 253284 0 0 0
1791072383 225, 405, 43, 0x0000000000000000 | 2.95 9.65 8.52 | cpu  126102614 2730721 28096180 3551906114 122264 0 253284 0 0 0
1791072384 225, 405, 43, 0x0000000000000000 | 2.95 9.65 8.52 | cpu  126105093 2730721 28096225 3551933270 122264 0 253284 0 0 0
1791072386 225, 405, 43, 0x0000000000000000 | 2.95 9.65 8.52 | cpu  126106021 2730721 28096251 3551960650 122264 0 253284 0 0 0
1791072387 225, 405, 43, 0x0000000000000000 | 2.95 9.65 8.52 | cpu  126106252 2730721 28096277 3551988839 122264 0 253284 0 0 0
1791072388 225, 405, 43, 0x0000000000000000 | 2.80 9.51 8.48 | cpu  126108220 2730722 28096305 3552014235 122264 0 253284 0 0 0
1791072389 225, 405, 43, 0x0000000000000000 | 2.80 9.51 8.48 | cpu  126108352 2730722 28096368 3552041934 122264 0 253287 0 0 0
1791072390 225, 405, 43, 0x0000000000000000 | 2.80 9.51 8.48 | cpu  126108470 2730722 28096400 3552070806 122264 0 253287 0 0 0
1791072391 225, 405, 43, 0x0000000000000000 | 2.80 9.51 8.48 | cpu  126108666 2730722 28096432 3552098621 122264 0 253287 0 0 0
1791072392 225, 405, 43, 0x0000000000000000 | 2.80 9.51 8.48 | cpu  126108888 2730722 28096454 3552126836 122264 0 253287 0 0 0
1791072393 225, 405, 43, 0x0000000000000000 | 2.73 9.39 8.45 | cpu  126109106 2730722 28096478 3552154526 122264 0 253287 0 0 0
1791072394 225, 405, 43, 0x0000000000000000 | 2.73 9.39 8.45 | cpu  126109344 2730722 28096546 3552183685 122264 0 253288 0 0 0
1791072396 225, 405, 43, 0x0000000000000000 | 2.73 9.39 8.45 | cpu  126109565 2730722 28096573 3552212005 122264 0 253288 0 0 0
1791072397 225, 405, 43, 0x0000000000000000 | 2.73 9.39 8.45 | cpu  126109785 2730722 28096594 3552240198 122264 0 253288 0 0 0
1791072398 225, 405, 43, 0x0000000000000000 | 2.67 9.26 8.41 | cpu  126109958 2730722 28096636 3552268404 122264 0 253288 0 0 0
1791072399 225, 405, 43, 0x0000000000000000 | 2.67 9.26 8.41 | cpu  126110597 2730722 28096665 3552295813 122264 0 253290 0 0 0
1791072400 225, 405, 43, 0x0000000000000000 | 2.67 9.26 8.41 | cpu  126115259 2730722 28096805 3552320055 122264 0 253290 0 0 0
1791072401 225, 405, 43, 0x0000000000000000 | 2.67 9.26 8.41 | cpu  126117434 2730723 28096854 3552347308 122265 0 253290 0 0 0
1791072402 225, 405, 43, 0x0000000000000000 | 2.70 9.16 8.38 | cpu  126118912 2730723 28096877 3552374159 122265 0 253290 0 0 0
1791072403 225, 405, 43, 0x0000000000000000 | 2.70 9.16 8.38 | cpu  126119135 2730723 28096897 3552402250 122265 0 253290 0 0 0
1791072405 225, 405, 43, 0x0000000000000000 | 2.70 9.16 8.38 | cpu  126121306 2730723 28096925 3552428510 122265 0 253290 0 0 0
1791072406 217, 405, 43, 0x0000000000000000 | 2.70 9.16 8.38 | cpu  126121451 2730723 28096992 3552456805 122265 0 253294 0 0 0
1791072407 225, 405, 43, 0x0000000000000000 | 2.70 9.16 8.38 | cpu  126121560 2730723 28097013 3552484615 122265 0 253294 0 0 0
1791072408 225, 405, 43, 0x0000000000000000 | 2.72 9.06 8.35 | cpu  126121766 2730723 28097040 3552512426 122265 0 253294 0 0 0
1791072409 225, 405, 43, 0x0000000000000000 | 2.72 9.06 8.35 | cpu  126121990 2730723 28097072 3552540051 122265 0 253295 0 0 0
1791072410 225, 405, 43, 0x0000000000000000 | 2.72 9.06 8.35 | cpu  126122209 2730723 28097104 3552568254 122265 0 253295 0 0 0
1791072411 225, 405, 43, 0x0000000000000000 | 2.72 9.06 8.35 | cpu  126122369 2730723 28097169 3552596632 122265 0 253295 0 0 0
1791072412 225, 405, 43, 0x0000000000000000 | 2.72 9.06 8.35 | cpu  126122492 2730723 28097188 3552625466 122265 0 253296 0 0 0
1791072413 225, 405, 43, 0x0000000000000000 | 2.67 8.94 8.32 | cpu  126122604 2730723 28097206 3552653705 122265 0 253296 0 0 0
1791072414 225, 405, 43, 0x0000000000000000 | 2.67 8.94 8.32 | cpu  126122721 2730723 28097231 3552682076 122265 0 253296 0 0 0
1791072416 225, 405, 43, 0x0000000000000000 | 2.67 8.94 8.32 | cpu  126127516 2730723 28097393 3552705160 122265 0 253297 0 0 0
1791072417 225, 405, 43, 0x0000000000000000 | 2.67 8.94 8.32 | cpu  126129688 2730723 28097455 3552731439 122265 0 253297 0 0 0
1791072418 225, 405, 43, 0x0000000000000000 | 3.09 8.92 8.32 | cpu  126130619 2730723 28097504 3552759370 122265 0 253298 0 0 0
1791072419 225, 405, 43, 0x0000000000000000 | 3.09 8.92 8.32 | cpu  126130846 2730723 28097530 3552787958 122265 0 253298 0 0 0
1791072420 225, 405, 43, 0x0000000000000000 | 3.09 8.92 8.32 | cpu  126133115 2730723 28097560 3552813843 122265 0 253298 0 0 0
1791072421 225, 405, 43, 0x0000000000000000 | 3.09 8.92 8.32 | cpu  126133241 2730723 28097597 3552842164 122265 0 253298 0 0 0
1791072422 997, 13801, 46, 0x0000000000000000 | 3.09 8.92 8.32 | cpu  126133350 2730723 28097653 3552869806 122265 0 253298 0 0 0
1791072423 2977, 13801, 50, 0x0000000000000000 | 3.09 8.82 8.29 | cpu  126133546 2730723 28097679 3552897862 122265 0 253299 0 0 0
1791072424 2970, 13801, 53, 0x0000000000000000 | 3.09 8.82 8.29 | cpu  126133770 2730723 28097700 3552925970 122265 0 253300 0 0 0
1791072426 3000, 13801, 49, 0x0000000000000000 | 3.09 8.82 8.29 | cpu  126133994 2730723 28097720 3552953939 122265 0 253301 0 0 0
1791072427 2992, 13801, 51, 0x0000000000000000 | 3.09 8.82 8.29 | cpu  126134403 2730723 28097757 3552981799 122265 0 253301 0 0 0
1791072428 2992, 13801, 50, 0x0000000000000000 | 3.00 8.71 8.25 | cpu  126134628 2730723 28097802 3553009328 122265 0 253302 0 0 0
1791072429 2977, 13801, 53, 0x0000000000000000 | 3.00 8.71 8.25 | cpu  126134787 2730723 28097822 3553037077 122265 0 253303 0 0 0
1791072430 2977, 13801, 51, 0x0000000000000000 | 3.00 8.71 8.25 | cpu  126134901 2730723 28097841 3553065645 122265 0 253303 0 0 0
1791072431 2970, 13801, 55, 0x0000000000000000 | 3.00 8.71 8.25 | cpu  126135496 2730723 28097902 3553094201 122266 0 253306 0 0 0
1791072432 2992, 13801, 51, 0x0000000000000000 | 3.00 8.71 8.25 | cpu  126139962 2730723 28097953 3553118400 122268 0 253306 0 0 0
1791072433 2977, 13801, 53, 0x0000000000000000 | 3.00 8.62 8.22 | cpu  126140901 2730723 28097992 3553145857 122268 0 253308 0 0 0
1791072434 2977, 13801, 52, 0x0000000000000000 | 3.00 8.62 8.22 | cpu  126141793 2730723 28098015 3553173103 122268 0 253312 0 0 0
1791072436 2992, 13801, 51, 0x0000000000000000 | 3.00 8.62 8.22 | cpu  126143797 2730723 28098038 3553198278 122268 0 253312 0 0 0
1791072437 2970, 13801, 56, 0x0000000000000000 | 3.00 8.62 8.22 | cpu  126144087 2730724 28098060 3553226250 122268 0 253314 0 0 0
1791072438 2970, 13801, 54, 0x0000000000000000 | 2.84 8.49 8.19 | cpu  126144208 2730724 28098107 3553254870 122268 0 253316 0 0 0
1791072439 2985, 13801, 52, 0x0000000000000000 | 2.84 8.49 8.19 | cpu  126144326 2730724 28098148 3553282979 122268 0 253330 0 0 0
1791072440 2977, 13801, 55, 0x0000000000000000 | 2.84 8.49 8.19 | cpu  126144534 2730724 28098269 3553310971 122268 0 253345 0 0 0
1791072441 2992, 13801, 53, 0x0000000000000000 | 2.84 8.49 8.19 | cpu  126144761 2730724 28098314 3553338906 122268 0 253347 0 0 0
1791072442 2992, 13801, 51, 0x0000000000000000 | 2.84 8.49 8.19 | cpu  126144992 2730724 28098337 3553367444 122268 0 253350 0 0 0
1791072443 2970, 13801, 54, 0x0000000000000000 | 2.77 8.38 8.15 | cpu  126145220 2730724 28098394 3553394950 122268 0 253352 0 0 0
1791072444 2985, 13801, 54, 0x0000000000000000 | 2.77 8.38 8.15 | cpu  126145454 2730724 28098485 3553422898 122268 0 253352 0 0 0
1791072446 2970, 13801, 55, 0x0000000000000000 | 2.77 8.38 8.15 | cpu  126145680 2730724 28098510 3553450935 122268 0 253352 0 0 0
1791072447 2970, 13801, 57, 0x0000000000000000 | 2.77 8.38 8.15 | cpu  126145872 2730724 28098526 3553478958 122268 0 253354 0 0 0
1791072448 2970, 13801, 55, 0x0000000000000000 | 2.63 8.26 8.11 | cpu  126145992 2730724 28098552 3553507179 122268 0 253354 0 0 0
1791072449 2962, 13801, 57, 0x0000000000000000 | 2.63 8.26 8.11 | cpu  126146114 2730724 28098601 3553535207 122268 0 253354 0 0 0
1791072450 2977, 13801, 54, 0x0000000000000000 | 2.63 8.26 8.11 | cpu  126146231 2730724 28098627 3553563440 122268 0 253354 0 0 0
1791072451 2970, 13801, 57, 0x0000000000000000 | 2.63 8.26 8.11 | cpu  126146346 2730724 28098644 3553591562 122268 0 253356 0 0 0
1791072452 2970, 13801, 54, 0x0000000000000000 | 2.63 8.26 8.11 | cpu  126146461 2730724 28098663 3553619462 122268 0 253356 0 0 0
1791072453 2970, 13801, 56, 0x0000000000000000 | 2.66 8.17 8.09 | cpu  126149794 2730724 28098757 3553643298 122268 0 253357 0 0 0
1791072454 2977, 13801, 54, 0x0000000000000000 | 2.66 8.17 8.09 | cpu  126152868 2730724 28098918 3553667494 122269 0 253357 0 0 0
1791072455 2985, 13801, 53, 0x0000000000000000 | 2.66 8.17 8.09 | cpu  126153716 2730724 28098954 3553694770 122269 0 253358 0 0 0
1791072456 2962, 13801, 56, 0x0000000000000000 | 2.66 8.17 8.09 | cpu  126154634 2730724 28098984 3553722570 122269 0 253358 0 0 0
1791072458 2977, 13801, 54, 0x0000000000000000 | 15.66 10.77 8.93 | cpu  126156726 2730724 28099020 3553748778 122269 0 253358 0 0 0
1791072459 2992, 13801, 54, 0x0000000000000000 | 15.66 10.77 8.93 | cpu  126156905 2730724 28099047 3553776848 122269 0 253363 0 0 0
1791072460 2970, 13801, 57, 0x0000000000000000 | 15.66 10.77 8.93 | cpu  126157041 2730724 28099142 3553806083 122269 0 253364 0 0 0
1791072461 2970, 13801, 57, 0x0000000000000000 | 15.66 10.77 8.93 | cpu  126157206 2730724 28099196 3553834114 122269 0 253364 0 0 0
1791072462 2977, 13801, 54, 0x0000000000000000 | 15.66 10.77 8.93 | cpu  126157450 2730724 28099236 3553862701 122269 0 253364 0 0 0
1791072463 2970, 13801, 55, 0x0000000000000000 | 14.56 10.63 8.89 | cpu  126157668 2730724 28099256 3553890622 122269 0 253367 0 0 0
1791072464 2970, 13801, 56, 0x0000000000000000 | 14.56 10.63 8.89 | cpu  126157890 2730724 28099276 3553918272 122269 0 253367 0 0 0
1791072465 2970, 13801, 56, 0x0000000000000000 | 14.56 10.63 8.89 | cpu  126158106 2730724 28099344 3553946387 122269 0 253374 0 0 0
1791072466 2962, 13801, 59, 0x0000000000000000 | 14.56 10.63 8.89 | cpu  126158225 2730724 28099372 3553973972 122269 0 253374 0 0 0
1791072468 2970, 13801, 57, 0x0000000000000000 | 13.48 10.47 8.85 | cpu  126158340 2730724 28099393 3554002164 122269 0 253374 0 0 0
1791072469 2970, 13801, 57, 0x0000000000000000 | 13.48 10.47 8.85 | cpu  126158455 2730724 28099415 3554030748 122269 0 253374 0 0 0
1791072470 2970, 13801, 58, 0x0000000000000000 | 13.48 10.47 8.85 | cpu  126159650 2730724 28099450 3554058466 122269 0 253375 0 0 0
1791072471 2970, 13801, 59, 0x0000000000000000 | 13.48 10.47 8.85 | cpu  126163974 2730724 28099581 3554081917 122269 0 253375 0 0 0
1791072472 2970, 13801, 57, 0x0000000000000000 | 13.48 10.47 8.85 | cpu  126165700 2730724 28099600 3554107589 122269 0 253375 0 0 0
1791072473 2970, 13801, 61, 0x0000000000000000 | 12.64 10.34 8.82 | cpu  126166641 2730724 28099626 3554135450 122269 0 253377 0 0 0
1791072474 2962, 13801, 59, 0x0000000000000000 | 12.64 10.34 8.82 | cpu  126166863 2730724 28099653 3554163655 122269 0 253379 0 0 0
1791072475 2970, 13801, 57, 0x0000000000000000 | 12.64 10.34 8.82 | cpu  126168884 2730724 28099679 3554188940 122269 0 253380 0 0 0
1791072476 2977, 13801, 57, 0x0000000000000000 | 12.64 10.34 8.82 | cpu  126169002 2730724 28099738 3554217046 122269 0 253380 0 0 0
1791072477 2977, 13801, 60, 0x0000000000000000 | 11.79 10.21 8.78 | cpu  126169119 2730724 28099765 3554245206 122269 0 253382 0 0 0
1791072479 2962, 13801, 60, 0x0000000000000000 | 11.79 10.21 8.78 | cpu  126169326 2730724 28099791 3554273338 122269 0 253382 0 0 0
1791072480 2962, 13801, 59, 0x0000000000000000 | 11.79 10.21 8.78 | cpu  126169549 2730724 28099810 3554301458 122269 0 253384 0 0 0
1791072481 2970, 13801, 60, 0x0000000000000000 | 11.79 10.21 8.78 | cpu  126169781 2730724 28099833 3554330069 122269 0 253384 0 0 0
1791072482 2970, 13801, 58, 0x0000000000000000 | 11.79 10.21 8.78 | cpu  126170004 2730724 28099890 3554357553 122269 0 253385 0 0 0
1791072483 2970, 13801, 58, 0x0000000000000000 | 11.00 10.07 8.74 | cpu  126170226 2730724 28099909 3554385529 122269 0 253385 0 0 0
1791072484 2977, 13801, 56, 0x0000000000000000 | 11.00 10.07 8.74 | cpu  126170448 2730724 28099929 3554413545 122269 0 253385 0 0 0
1791072485 2992, 13801, 55, 0x0000000000000000 | 11.00 10.07 8.74 | cpu  126170644 2730724 28099949 3554441589 122269 0 253385 0 0 0
1791072486 3000, 13801, 52, 0x0000000000000000 | 11.00 10.07 8.74 | cpu  126170720 2730724 28100002 3554469650 122269 0 253388 0 0 0
1791072487 2572, 13801, 51, 0x0000000000000000 | 10.28 9.93 8.71 | cpu  126174020 2730724 28100213 3554494663 122269 0 253390 0 0 0
1791072489 2572, 13801, 51, 0x0000000000000000 | 10.28 9.93 8.71 | cpu  126176288 2730724 28100258 3554521123 122269 0 253392 0 0 0
1791072490 2572, 13801, 50, 0x0000000000000000 | 10.28 9.93 8.71 | cpu  126177133 2730724 28100309 3554548192 122270 0 253392 0 0 0
1791072491 2572, 13801, 50, 0x0000000000000000 | 10.28 9.93 8.71 | cpu  126177331 2730724 28100358 3554576060 122270 0 253393 0 0 0
1791072492 2572, 13801, 50, 0x0000000000000000 | 10.28 9.93 8.71 | cpu  126179380 2730724 28100523 3554602421 122270 0 253393 0 0 0
1791072493 2572, 13801, 50, 0x0000000000000000 | 9.62 9.80 8.67 | cpu  126179493 2730724 28100632 3554630369 122270 0 253395 0 0 0
1791072494 2572, 13801, 49, 0x0000000000000000 | 9.62 9.80 8.67 | cpu  126179571 2730724 28100676 3554658429 122270 0 253395 0 0 0
1791072495 2572, 13801, 49, 0x0000000000000000 | 9.62 9.80 8.67 | cpu  126179700 2730724 28100723 3554686500 122270 0 253396 0 0 0
1791072496 2572, 13801, 49, 0x0000000000000000 | 9.62 9.80 8.67 | cpu  126179890 2730724 28100769 3554714341 122270 0 253396 0 0 0
1791072497 2572, 13801, 49, 0x0000000000000000 | 9.09 9.69 8.64 | cpu  126180092 2730724 28100819 3554743270 122270 0 253397 0 0 0
1791072499 2572, 13801, 49, 0x0000000000000000 | 9.09 9.69 8.64 | cpu  126180296 2730724 28100896 3554771175 122270 0 253397 0 0 0
1791072500 2572, 13801, 49, 0x0000000000000000 | 9.09 9.69 8.64 | cpu  126180480 2730724 28100944 3554799064 122270 0 253397 0 0 0
1791072501 2572, 13801, 48, 0x0000000000000000 | 9.09 9.69 8.64 | cpu  126180694 2730724 28100983 3554827122 122270 0 253397 0 0 0
1791072502 2572, 13801, 48, 0x0000000000000000 | 9.09 9.69 8.64 | cpu  126180909 2730724 28101002 3554855162 122270 0 253398 0 0 0
1791072503 2572, 13801, 48, 0x0000000000000000 | 8.52 9.56 8.60 | cpu  126181002 2730724 28101092 3554883190 122270 0 253398 0 0 0
1791072504 2572, 13801, 48, 0x0000000000000000 | 8.52 9.56 8.60 | cpu  126181062 2730724 28101235 3554910982 122270 0 253401 0 0 0
1791072505 2572, 13801, 48, 0x0000000000000000 | 8.52 9.56 8.60 | cpu  126181087 2730724 28101440 3554938940 122270 0 253401 0 0 0
1791072506 2572, 13801, 48, 0x0000000000000000 | 8.52 9.56 8.60 | cpu  126181128 2730724 28101630 3554967363 122270 0 253407 0 0 0
1791072507 2572, 13801, 47, 0x0000000000000000 | 8.52 9.56 8.60 | cpu  126181202 2730724 28101677 3554995531 122270 0 253407 0 0 0
1791072508 2572, 13801, 47, 0x0000000000000000 | 8.16 9.47 8.58 | cpu  126183297 2730724 28101888 3555022490 122273 0 253408 0 0 0
1791072510 2572, 13801, 47, 0x0000000000000000 | 8.16 9.47 8.58 | cpu  126187546 2730724 28102072 3555046682 122273 0 253408 0 0 0
1791072511 2572, 13801, 47, 0x0000000000000000 | 8.16 9.47 8.58 | cpu  126188479 2730724 28102086 3555073873 122273 0 253408 0 0 0
1791072512 2572, 13801, 47, 0x0000000000000000 | 8.16 9.47 8.58 | cpu  126189348 2730724 28102126 3555101142 122273 0 253408 0 0 0
1791072513 2572, 13801, 47, 0x0000000000000000 | 7.66 9.35 8.54 | cpu  126189874 2730724 28102136 3555128666 122273 0 253408 0 0 0
1791072514 2572, 13801, 47, 0x0000000000000000 | 7.66 9.35 8.54 | cpu  126191698 2730724 28102167 3555156009 122273 0 253408 0 0 0
1791072515 2572, 13801, 47, 0x0000000000000000 | 7.66 9.35 8.54 | cpu  126191822 2730724 28102206 3555184488 122273 0 253409 0 0 0
1791072516 2572, 13801, 47, 0x0000000000000000 | 7.66 9.35 8.54 | cpu  126191936 2730724 28102229 3555212557 122273 0 253409 0 0 0
1791072517 2572, 13801, 47, 0x0000000000000000 | 7.29 9.24 8.51 | cpu  126192209 2730724 28102305 3555240436 122273 0 253411 0 0 0
1791072518 2572, 13801, 47, 0x0000000000000000 | 7.29 9.24 8.51 | cpu  126192410 2730724 28102341 3555268419 122273 0 253411 0 0 0
1791072520 2572, 810, 46, 0x0000000000000000 | 7.29 9.24 8.51 | cpu  126192624 2730724 28102382 3555296606 122273 0 253411 0 0 0
1791072521 360, 810, 45, 0x0000000000000000 | 7.29 9.24 8.51 | cpu  126192839 2730724 28102436 3555324817 122273 0 253412 0 0 0
1791072522 225, 405, 45, 0x0000000000000000 | 7.29 9.24 8.51 | cpu  126193008 2730724 28102505 3555353007 122273 0 253412 0 0 0
