1791074936 2572, 14001, 47, 0x0000000000000000 | 25.67 10.40 8.97 | cpu  127905613 2730762 28667772 3614827198 128142 0 255913 0 0 0
1791074937 525, 7001, 46, 0x0000000000000000 | 25.67 10.40 8.97 | cpu  127906735 2730762 28667827 3614854380 128142 0 255913 0 0 0
1791074938 330, 810, 46, 0x0000000000000000 | 25.67 10.40 8.97 | cpu  127906810 2730762 28667871 3614882657 128143 0 255913 0 0 0
1791074939 292, 810, 46, 0x0000000000000000 | 25.67 10.40 8.97 | cpu  127907951 2730762 28667932 3614910058 128143 0 255914 0 0 0
1791074940 225, 810, 46, 0x0000000000000000 | 23.77 10.26 8.94 | cpu  127908057 2730762 28668007 3614938251 128143 0 255915 0 0 0
1791074941 225, 405, 45, 0x0000000000000000 | 23.77 10.26 8.94 | cpu  127908104 2730762 28668170 3614966569 128143 0 255916 0 0 0
1791074942 225, 405, 45, 0x0000000000000000 | 23.77 10.26 8.94 | cpu  127908196 2730762 28668224 3614995000 128143 0 255917 0 0 0
1791074944 2572, 13801, 46, 0x0000000000000000 | 23.77 10.26 8.94 | cpu  127909140 2730762 28668300 3615022366 128143 0 255917 0 0 0
1791074945 2572, 13801, 47, 0x0000000000000000 | 22.03 10.13 8.90 | cpu  127909518 2730762 28668420 3615050638 128143 0 255919 0 0 0
1791074946 2572, 13801, 47, 0x0000000000000000 | 22.03 10.13 8.90 | cpu  127909885 2730762 28668455 3615078453 128143 0 255919 0 0 0
1791074947 2572, 13801, 46, 0x0000000000000000 | 22.03 10.13 8.90 | cpu  127910362 2730762 28668532 3615106141 128143 0 255919 0 0 0
1791074948 2572, 13801, 47, 0x0000000000000000 | 22.03 10.13 8.90 | cpu  127910728 2730762 28668584 3615133888 128143 0 255919 0 0 0
1791074949 2572, 13801, 48, 0x0000000000000000 | 22.03 10.13 8.90 | cpu  127911120 2730762 28668618 3615161701 128143 0 255919 0 0 0
1791074950 2572, 13801, 47, 0x0000000000000000 | 20.35 9.97 8.86 | cpu  127911471 2730762 28668680 3615189577 128143 0 255919 0 0 0
1791074951 2572, 13801, 47, 0x0000000000000000 | 20.35 9.97 8.86 | cpu  127912224 2730762 28668736 3615217412 128143 0 255920 0 0 0
1791074952 2572, 13801, 47, 0x0000000000000000 | 20.35 9.97 8.86 | cpu  127912633 2730762 28668812 3615245169 128143 0 255920 0 0 0
1791074954 2580, 13801, 46, 0x0000000000000000 | 20.35 9.97 8.86 | cpu  127913004 2730762 28668885 3615273017 128143 0 255920 0 0 0
1791074955 2625, 13801, 46, 0x0000000000000000 | 18.80 9.82 8.81 | cpu  127913382 2730762 28668918 3615300847 128143 0 255921 0 0 0
1791074956 2625, 13801, 46, 0x0000000000000000 | 18.80 9.82 8.81 | cpu  127913912 2730762 28669096 3615329000 128143 0 255921 0 0 0
1791074957 2640, 13801, 46, 0x0000000000000000 | 18.80 9.82 8.81 | cpu  127914296 2730762 28669129 3615357218 128143 0 255921 0 0 0
1791074958 2632, 13801, 46, 0x0000000000000000 | 18.80 9.82 8.81 | cpu  127914750 2730762 28669194 3615384973 128143 0 255921 0 0 0
1791074959 2640, 13801, 46, 0x0000000000000000 | 18.80 9.82 8.81 | cpu  127915279 2730762 28669227 3615412706 128143 0 255922 0 0 0
1791074960 2640, 13801, 46, 0x0000000000000000 | 17.37 9.68 8.77 | cpu  127915728 2730762 28669262 3615440493 128143 0 255922 0 0 0
1791074961 2632, 13801, 46, 0x0000000000000000 | 17.37 9.68 8.77 | cpu  127916092 2730762 28669390 3615468432 128143 0 255922 0 0 0
1791074962 2640, 13801, 46, 0x0000000000000000 | 17.37 9.68 8.77 | cpu  127916630 2730762 28669441 3615496711 128143 0 255922 0 0 0
1791074964 2572, 13801, 46, 0x0000000000000000 | 17.37 9.68 8.77 | cpu  127917096 2730762 28669511 3615524362 128143 0 255923 0 0 0
1791074965 2572, 13801, 46, 0x0000000000000000 | 16.06 9.53 8.73 | cpu  127917509 2730762 28669592 3615552301 128143 0 255924 0 0 0
1791074966 2572, 13801, 46, 0x0000000000000000 | 16.06 9.53 8.73 | cpu  127918054 2730762 28669626 3615580212 128143 0 255924 0 0 0
1791074967 2572, 13801, 46, 0x0000000000000000 | 16.06 9.53 8.73 | cpu  127918263 2730762 28669697 3615608251 128143 0 255924 0 0 0
1791074968 2655, 13801, 46, 0x0000000000000000 | 16.06 9.53 8.73 | cpu  127918332 2730762 28669759 3615636357 128143 0 255924 0 0 0
1791074969 2572, 13801, 45, 0x0000000000000000 | 16.06 9.53 8.73 | cpu  127918341 2730762 28669917 3615664490 128143 0 255925 0 0 0
1791074970 2572, 13801, 45, 0x0000000000000000 | 14.85 9.39 8.69 | cpu  127918345 2730762 28670043 3615693064 128143 0 255929 0 0 0
1791074971 2587, 13801, 45, 0x0000000000000000 | 14.85 9.39 8.69 | cpu  127918402 2730762 28670115 3615721098 128143 0 255931 0 0 0
1791074972 2595, 13801, 45, 0x0000000000000000 | 14.85 9.39 8.69 | cpu  127918490 2730762 28670188 3615749263 128143 0 255932 0 0 0
1791074974 2595, 13801, 45, 0x0000000000000000 | 14.85 9.39 8.69 | cpu  127918576 2730762 28670339 3615777825 128143 0 255932 0 0 0
1791074975 2595, 13801, 45, 0x0000000000000000 | 13.74 9.25 8.65 | cpu  127918667 2730762 28670420 3615806038 128143 0 255932 0 0 0
1791074976 2595, 13801, 45, 0x0000000000000000 | 13.74 9.25 8.65 | cpu  127918744 2730762 28670469 3615834317 128143 0 255933 0 0 0
1791074977 2572, 13801, 45, 0x0000000000000000 | 13.74 9.25 8.65 | cpu  127918835 2730762 28670508 3615862841 128143 0 255935 0 0 0
1791074978 2730, 13801, 46, 0x0000000000000000 | 13.74 9.25 8.65 | cpu  127918948 2730762 28670518 3615890964 128143 0 255935 0 0 0
1791074979 2722, 13801, 45, 0x0000000000000000 | 13.74 9.25 8.65 | cpu  127919064 2730762 28670533 3615919081 128143 0 255935 0 0 0
1791074980 2572, 13801, 45, 0x0000000000000000 | 12.80 9.13 8.61 | cpu  127919185 2730763 28670578 3615947279 128143 0 255935 0 0 0
1791074981 2587, 13801, 45, 0x0000000000000000 | 12.80 9.13 8.61 | cpu  127919278 2730763 28670608 3615975364 128143 0 255935 0 0 0
1791074982 2572, 13801, 45, 0x0000000000000000 | 12.80 9.13 8.61 | cpu  127919353 2730763 28670660 3616003523 128143 0 255935 0 0 0
1791074984 2572, 13801, 45, 0x0000000000000000 | 12.80 9.13 8.61 | cpu  127919422 2730763 28670716 3616032029 128143 0 255936 0 0 0
1791074985 2572, 13801, 45, 0x0000000000000000 | 11.94 9.01 8.57 | cpu  127919547 2730763 28670858 3616061232 128143 0 255946 0 0 0
1791074986 2572, 13801, 45, 0x0000000000000000 | 11.94 9.01 8.57 | cpu  127919721 2730763 28671175 3616089007 128143 0 255947 0 0 0
1791074987 2572, 13801, 45, 0x0000000000000000 | 11.94 9.01 8.57 | cpu  127919862 2730763 28671276 3616117028 128143 0 255949 0 0 0
1791074988 2572, 13801, 45, 0x0000000000000000 | 11.94 9.01 8.57 | cpu  127919934 2730763 28671439 3616145048 128143 0 255949 0 0 0
1791074989 2572, 13801, 45, 0x0000000000000000 | 11.94 9.01 8.57 | cpu  127920099 2730763 28672351 3616173575 128143 0 255958 0 0 0
1791074990 2572, 13801, 45, 0x0000000000000000 | 11.14 8.90 8.54 | cpu  127920206 2730763 28672518 3616201612 128143 0 255966 0 0 0
1791074991 2572, 13801, 44, 0x0000000000000000 | 11.14 8.90 8.54 | cpu  127920291 2730763 28672644 3616229813 128144 0 255973 0 0 0
1791074992 2572, 13801, 44, 0x0000000000000000 | 11.14 8.90 8.54 | cpu  127920344 2730763 28672720 3616257944 128144 0 255973 0 0 0
1791074994 2572, 13801, 44, 0x0000000000000000 | 11.14 8.90 8.54 | cpu  127920406 2730763 28672781 3616286304 128144 0 255973 0 0 0
1791074995 2572, 13801, 44, 0x0000000000000000 | 10.33 8.76 8.50 | cpu  127920462 2730763 28672852 3616314953 128144 0 255973 0 0 0
1791074996 2572, 13801, 44, 0x0000000000000000 | 10.33 8.76 8.50 | cpu  127920517 2730763 28672953 3616343030 128144 0 255973 0 0 0
1791074997 2572, 13801, 44, 0x0000000000000000 | 10.33 8.76 8.50 | cpu  127924506 2730763 28673137 3616367784 128144 0 255974 0 0 0
1791074998 2572, 13801, 44, 0x0000000000000000 | 10.33 8.76 8.50 | cpu  127924578 2730763 28673808 3616395361 128144 0 255974 0 0 0
1791074999 2572, 13801, 44, 0x0000000000000000 | 10.33 8.76 8.50 | cpu  127924626 2730763 28674563 3616423358 128144 0 255974 0 0 0
1791075000 2572, 13801, 44, 0x0000000000000000 | 10.22 8.77 8.50 | cpu  127924672 2730763 28675338 3616450753 128144 0 255974 0 0 0
1791075001 2572, 13801, 44, 0x0000000000000000 | 10.22 8.77 8.50 | cpu  127926163 2730763 28675796 3616476986 128144 0 255974 0 0 0
1791075002 2572, 13801, 44, 0x0000000000000000 | 10.22 8.77 8.50 | cpu  127927066 2730763 28675895 3616504299 128144 0 255978 0 0 0
1791075004 2572, 13801, 44, 0x0000000000000000 | 10.22 8.77 8.50 | cpu  127928551 2730763 28676006 3616530583 128144 0 255980 0 0 0
1791075005 2572, 13801, 44, 0x0000000000000000 | 9.56 8.66 8.47 | cpu  127929205 2730763 28676081 3616558106 128144 0 255981 0 0 0
1791075006 2572, 13801, 44, 0x0000000000000000 | 9.56 8.66 8.47 | cpu  127929288 2730763 28676150 3616586604 128144 0 255981 0 0 0
1791075007 2572, 13801, 44, 0x0000000000000000 | 9.56 8.66 8.47 | cpu  127929355 2730763 28676288 3616615160 128144 0 255981 0 0 0
1791075008 2572, 13801, 44, 0x0000000000000000 | 9.56 8.66 8.47 | cpu  127929512 2730763 28676393 3616643798 128144 0 255982 0 0 0
1791075009 2572, 13801, 44, 0x0000000000000000 | 9.56 8.66 8.47 | cpu  127929685 2730764 28676453 3616671983 128144 0 255982 0 0 0
1791075010 2572, 13801, 44, 0x0000000000000000 | 8.96 8.54 8.43 | cpu  127929861 2730764 28676515 3616700470 128144 0 255982 0 0 0
1791075011 2572, 13801, 44, 0x0000000000000000 | 8.96 8.54 8.43 | cpu  127930006 2730764 28676582 3616728634 128144 0 255983 0 0 0
1791075013 2572, 13801, 44, 0x0000000000000000 | 8.96 8.54 8.43 | cpu  127930079 2730764 28676705 3616757723 128144 0 255983 0 0 0
1791075014 2572, 13801, 44, 0x0000000000000000 | 8.96 8.54 8.43 | cpu  127930137 2730764 28676770 3616785916 128144 0 255983 0 0 0
1791075015 2572, 13801, 44, 0x0000000000000000 | 8.32 8.42 8.39 | cpu  127930188 2730764 28676845 3616813989 128144 0 255984 0 0 0
1791075016 2572, 13801, 44, 0x0000000000000000 | 8.32 8.42 8.39 | cpu  127930567 2730764 28676956 3616841855 128144 0 255984 0 0 0
1791075017 2572, 13801, 44, 0x0000000000000000 | 8.32 8.42 8.39 | cpu  127930617 2730764 28677043 3616869910 128144 0 255984 0 0 0
1791075018 2572, 13801, 44, 0x0000000000000000 | 8.32 8.42 8.39 | cpu  127930688 2730764 28677147 3616897988 128144 0 255984 0 0 0
1791075019 2572, 13801, 44, 0x0000000000000000 | 8.32 8.42 8.39 | cpu  127930742 2730764 28677215 3616926084 128144 0 255986 0 0 0
1791075020 2572, 13801, 43, 0x0000000000000000 | 7.73 8.30 8.35 | cpu  127930802 2730764 28677284 3616954436 128144 0 255987 0 0 0
1791075021 2572, 13801, 43, 0x0000000000000000 | 7.73 8.30 8.35 | cpu  127930856 2730764 28677354 3616982562 128144 0 255988 0 0 0
1791075022 2572, 13801, 43, 0x0000000000000000 | 7.73 8.30 8.35 | cpu  127930923 2730764 28677425 3617010777 128144 0 255989 0 0 0
1791075024 2572, 13801, 43, 0x0000000000000000 | 7.73 8.30 8.35 | cpu  127930983 2730764 28677536 3617038872 128144 0 255990 0 0 0
1791075025 2572, 13801, 43, 0x0000000000000000 | 7.19 8.17 8.31 | cpu  127931088 2730764 28677616 3617067144 128144 0 255990 0 0 0
1791075026 2572, 13801, 43, 0x0000000000000000 | 7.19 8.17 8.31 | cpu  127931140 2730764 28677688 3617095253 128144 0 255991 0 0 0
1791075027 2572, 13801, 43, 0x0000000000000000 | 7.19 8.17 8.31 | cpu  127931197 2730764 28677752 3617123516 128144 0 255992 0 0 0
1791075028 2572, 13801, 43, 0x0000000000000000 | 7.19 8.17 8.31 | cpu  127931252 2730764 28677824 3617151517 128144 0 255992 0 0 0
1791075029 2572, 13801, 43, 0x0000000000000000 | 7.19 8.17 8.31 | cpu  127933771 2730764 28677975 3617176630 128144 0 255993 0 0 0
1791075030 2572, 13801, 43, 0x0000000000000000 | 6.86 8.09 8.28 | cpu  127938430 2730764 28678108 3617200902 128144 0 255993 0 0 0
1791075031 2572, 13801, 43, 0x0000000000000000 | 6.86 8.09 8.28 | cpu  127939336 2730764 28678176 3617228330 128144 0 255994 0 0 0
1791075032 2572, 13801, 43, 0x0000000000000000 | 6.86 8.09 8.28 | cpu  127940107 2730764 28678256 3617256236 128144 0 255994 0 0 0
1791075034 2572, 13801, 43, 0x0000000000000000 | 6.86 8.09 8.28 | cpu  127941259 2730764 28678345 3617283548 128144 0 255994 0 0 0
1791075035 2572, 13801, 43, 0x0000000000000000 | 6.47 7.99 8.25 | cpu  127942425 2730764 28678465 3617310405 128144 0 255994 0 0 0
1791075036 2572, 13801, 43, 0x0000000000000000 | 6.47 7.99 8.25 | cpu  127942488 2730764 28678534 3617338529 128144 0 255994 0 0 0
1791075037 2572, 13801, 43, 0x0000000000000000 | 6.47 7.99 8.25 | cpu  127942593 2730764 28678648 3617366541 128144 0 255994 0 0 0
1791075038 2587, 13801, 43, 0x0000000000000000 | 6.47 7.99 8.25 | cpu  127942787 2730764 28678708 3617395662 128145 0 255994 0 0 0
1791075039 2992, 13801, 49, 0x0000000000000000 | 6.47 7.99 8.25 | cpu  127943015 2730764 28678732 3617424282 128145 0 255995 0 0 0
1791075040 3007, 13801, 45, 0x0000000000000000 | 6.19 7.90 8.22 | cpu  127943230 2730764 28678825 3617452542 128145 0 255995 0 0 0
1791075041 2992, 13801, 47, 0x0000000000000000 | 6.19 7.90 8.22 | cpu  127943455 2730764 28678939 3617480482 128145 0 255997 0 0 0
1791075043 2985, 13801, 47, 0x0000000000000000 | 6.19 7.90 8.22 | cpu  127943634 2730764 28678960 3617509294 128145 0 255998 0 0 0
1791075044 3000, 13801, 48, 0x0000000000000000 | 6.19 7.90 8.22 | cpu  127943749 2730764 28678986 3617537537 128145 0 255998 0 0 0
1791075045 2985, 13801, 48, 0x0000000000000000 | 5.78 7.79 8.18 | cpu  127943867 2730764 28679022 3617565689 128145 0 255998 0 0 0
1791075046 3000, 13801, 47, 0x0000000000000000 | 5.78 7.79 8.18 | cpu  127943987 2730764 28679060 3617594680 128145 0 255998 0 0 0
1791075047 2872, 13801, 46, 0x0000000000000000 | 5.78 7.79 8.18 | cpu  127944106 2730764 28679081 3617622808 128145 0 255998 0 0 0
1791075048 2985, 13801, 48, 0x0000000000000000 | 5.78 7.79 8.18 | cpu  127944226 2730764 28679120 3617651166 128145 0 256000 0 0 0
1791075049 2992, 13801, 49, 0x0000000000000000 | 5.78 7.79 8.18 | cpu  127944339 2730764 28679140 3617679867 128145 0 256001 0 0 0
1791075050 2992, 13801, 48, 0x0000000000000000 | 5.39 7.68 8.14 | cpu  127944463 2730764 28679193 3617708014 128145 0 256002 0 0 0
1791075051 3000, 13801, 48, 0x0000000000000000 | 5.39 7.68 8.14 | cpu  127944591 2730764 28679224 3617736453 128145 0 256002 0 0 0
1791075053 2985, 13801, 47, 0x0000000000000000 | 5.39 7.68 8.14 | cpu  127944715 2730764 28679292 3617764689 128145 0 256003 0 0 0
1791075054 3000, 13801, 48, 0x0000000000000000 | 5.39 7.68 8.14 | cpu  127944829 2730764 28679338 3617792774 128145 0 256004 0 0 0
1791075055 2977, 13801, 49, 0x0000000000000000 | 5.04 7.57 8.10 | cpu  127944940 2730764 28679360 3617820848 128145 0 256004 0 0 0
1791075056 3007, 13801, 48, 0x0000000000000000 | 5.04 7.57 8.10 | cpu  127945060 2730764 28679418 3617848559 128145 0 256009 0 0 0
1791075057 3000, 13801, 48, 0x0000000000000000 | 5.04 7.57 8.10 | cpu  127945176 2730764 28679439 3617877165 128145 0 256010 0 0 0
1791075058 2985, 13801, 49, 0x0000000000000000 | 5.04 7.57 8.10 | cpu  127945303 2730764 28679471 3617905924 128145 0 256010 0 0 0
1791075059 2985, 13801, 49, 0x0000000000000000 | 5.04 7.57 8.10 | cpu  127945419 2730764 28679495 3617934675 128145 0 256010 0 0 0
1791075060 3000, 13801, 49, 0x0000000000000000 | 4.72 7.46 8.07 | cpu  127945534 2730764 28679515 3617963483 128145 0 256010 0 0 0
1791075061 2820, 13801, 48, 0x0000000000000000 | 4.72 7.46 8.07 | cpu  127945655 2730764 28679573 3617992093 128145 0 256011 0 0 0
1791075063 2985, 13801, 48, 0x0000000000000000 | 4.72 7.46 8.07 | cpu  127945768 2730764 28679592 3618020259 128145 0 256011 0 0 0
1791075064 2992, 13801, 50, 0x0000000000000000 | 4.72 7.46 8.07 | cpu  127945884 2730764 28679616 3618048561 128145 0 256011 0 0 0
1791075065 2992, 13801, 48, 0x0000000000000000 | 4.42 7.35 8.03 | cpu  127946000 2730764 28679635 3618076864 128145 0 256011 0 0 0
1791075066 2977, 13801, 50, 0x0000000000000000 | 4.42 7.35 8.03 | cpu  127946113 2730764 28679654 3618105133 128145 0 256011 0 0 0
1791075067 2992, 13801, 49, 0x0000000000000000 | 4.42 7.35 8.03 | cpu  127946236 2730764 28679714 3618132846 128145 0 256013 0 0 0
1791075068 3000, 13801, 49, 0x0000000000000000 | 4.42 7.35 8.03 | cpu  127947380 2730764 28679742 3618160812 128145 0 256013 0 0 0
1791075069 2985, 13801, 51, 0x0000000000000000 | 4.42 7.35 8.03 | cpu  127952081 2730764 28679785 3618184460 128145 0 256013 0 0 0
1791075070 2992, 13801, 48, 0x0000000000000000 | 4.14 7.24 7.99 | cpu  127952720 2730764 28680302 3618211106 128145 0 256013 0 0 0
1791075071 2977, 13801, 48, 0x0000000000000000 | 4.14 7.24 7.99 | cpu  127952840 2730764 28680911 3618238206 128145 0 256014 0 0 0
1791075073 2977, 13801, 49, 0x0000000000000000 | 4.14 7.24 7.99 | cpu  127952969 2730764 28681580 3618265143 128145 0 256015 0 0 0
1791075074 2977, 13801, 51, 0x0000000000000000 | 4.14 7.24 7.99 | cpu  127955140 2730764 28681855 3618291253 128145 0 256016 0 0 0
1791075075 2992, 13801, 49, 0x0000000000000000 | 4.05 7.17 7.96 | cpu  127956490 2730764 28682073 3618318140 128145 0 256026 0 0 0
1791075076 3000, 13801, 49, 0x0000000000000000 | 4.05 7.17 7.96 | cpu  127957763 2730764 28682092 3618345258 128145 0 256026 0 0 0
1791075077 3000, 13801, 49, 0x0000000000000000 | 4.05 7.17 7.96 | cpu  127959389 2730764 28682160 3618371431 128145 0 256030 0 0 0
1791075078 2925, 13801, 47, 0x0000000000000000 | 4.05 7.17 7.96 | cpu  127961070 2730764 28682825 3618399026 128145 0 256030 0 0 0
1791075079 2985, 13801, 50, 0x0000000000000000 | 4.05 7.17 7.96 | cpu  127961299 2730764 28682843 3618427022 128145 0 256030 0 0 0
1791075080 2985, 13801, 52, 0x0000000000000000 | 3.89 7.09 7.93 | cpu  127963494 2730764 28682887 3618453245 128145 0 256030 0 0 0
1791075081 2992, 13801, 51, 0x0000000000000000 | 3.89 7.09 7.93 | cpu  127963681 2730764 28682910 3618481398 128145 0 256030 0 0 0
1791075083 2970, 13801, 52, 0x0000000000000000 | 3.89 7.09 7.93 | cpu  127963806 2730764 28682937 3618509929 128145 0 256030 0 0 0
1791075084 3000, 13801, 50, 0x0000000000000000 | 3.89 7.09 7.93 | cpu  127963930 2730764 28682988 3618538032 128145 0 256031 0 0 0
1791075085 2985, 13801, 53, 0x0000000000000000 | 3.90 7.04 7.91 | cpu  127964125 2730764 28683112 3618566339 128145 0 256031 0 0 0
1791075086 2985, 13801, 51, 0x0000000000000000 | 3.90 7.04 7.91 | cpu  127964349 2730764 28683131 3618594393 128145 0 256031 0 0 0
1791075087 2992, 13801, 52, 0x0000000000000000 | 3.90 7.04 7.91 | cpu  127964567 2730764 28683154 3618622043 128145 0 256031 0 0 0
1791075088 3000, 13801, 50, 0x0000000000000000 | 3.90 7.04 7.91 | cpu  127964789 2730764 28683184 3618650108 128145 0 256031 0 0 0
1791075089 3000, 13801, 50, 0x0000000000000000 | 3.90 7.04 7.91 | cpu  127964976 2730764 28683238 3618678342 128145 0 256031 0 0 0
1791075090 2985, 13801, 51, 0x0000000000000000 | 3.67 6.93 7.87 | cpu  127965092 2730764 28683257 3618707089 128145 0 256031 0 0 0
1791075091 3000, 13801, 50, 0x0000000000000000 | 3.67 6.93 7.87 | cpu  127965208 2730764 28683274 3618735942 128145 0 256031 0 0 0
1791075093 3007, 13801, 50, 0x0000000000000000 | 3.67 6.93 7.87 | cpu  127965332 2730764 28683297 3618764268 128145 0 256031 0 0 0
1791075094 2887, 13801, 52, 0x0000000000000000 | 3.67 6.93 7.87 | cpu  127965448 2730764 28683337 3618792590 128145 0 256031 0 0 0
1791075095 3000, 13801, 51, 0x0000000000000000 | 3.45 6.84 7.83 | cpu  127965578 2730764 28683375 3618821699 128145 0 256032 0 0 0
1791075096 2985, 13801, 52, 0x0000000000000000 | 3.45 6.84 7.83 | cpu  127968511 2730764 28683406 3618845813 128145 0 256033 0 0 0
1791075097 3000, 13801, 51, 0x0000000000000000 | 3.45 6.84 7.83 | cpu  127971694 2730764 28683468 3618870538 128145 0 256033 0 0 0
1791075098 2985, 13801, 51, 0x0000000000000000 | 3.45 6.84 7.83 | cpu  127972604 2730764 28683499 3618897905 128145 0 256033 0 0 0
1791075099 2992, 13801, 52, 0x0000000000000000 | 3.45 6.84 7.83 | cpu  127974144 2730764 28683548 3618925100 128145 0 256033 0 0 0
1791075100 2992, 13801, 53, 0x0000000000000000 | 3.41 6.77 7.81 | cpu  127974984 2730764 28683586 3618952516 128145 0 256034 0 0 0
1791075101 3000, 13801, 51, 0x0000000000000000 | 3.41 6.77 7.81 | cpu  127975896 2730764 28683604 3618979115 128145 0 256035 0 0 0
1791075103 2992, 13801, 52, 0x0000000000000000 | 3.41 6.77 7.81 | cpu  127976784 2730764 28683627 3619006734 128145 0 256037 0 0 0
1791075104 3000, 13801, 50, 0x0000000000000000 | 3.41 6.77 7.81 | cpu  127979052 2730764 28683657 3619031906 128145 0 256039 0 0 0
1791075105 2992, 13801, 52, 0x0000000000000000 | 3.30 6.69 7.78 | cpu  127979248 2730764 28683716 3619060017 128145 0 256039 0 0 0
1791075106 2970, 13801, 52, 0x0000000000000000 | 3.30 6.69 7.78 | cpu  127979371 2730764 28683856 3619088141 128145 0 256040 0 0 0
1791075107 2992, 13801, 52, 0x0000000000000000 | 3.30 6.69 7.78 | cpu  127979488 2730764 28683895 3619116307 128145 0 256040 0 0 0
1791075108 2992, 13801, 52, 0x0000000000000000 | 3.30 6.69 7.78 | cpu  127979689 2730764 28683924 3619144479 128145 0 256040 0 0 0
1791075109 3000, 13801, 52, 0x0000000000000000 | 3.30 6.69 7.78 | cpu  127979913 2730764 28683946 3619172642 128145 0 256040 0 0 0
1791075110 2970, 13801, 54, 0x0000000000000000 | 3.20 6.61 7.75 | cpu  127980143 2730764 28683998 3619200756 128145 0 256040 0 0 0
1791075111 2992, 13801, 52, 0x0000000000000000 | 3.20 6.61 7.75 | cpu  127980370 2730764 28684033 3619228948 128145 0 256051 0 0 0
1791075112 3000, 13801, 52, 0x0000000000000000 | 3.20 6.61 7.75 | cpu  127980592 2730764 28684052 3619257063 128145 0 256051 0 0 0
1791075114 3000, 13801, 51, 0x0000000000000000 | 3.20 6.61 7.75 | cpu  127980781 2730764 28684075 3619285102 128145 0 256051 0 0 0
1791075115 3000, 13801, 51, 0x0000000000000000 | 3.02 6.52 7.71 | cpu  127980905 2730764 28684102 3619313804 128145 0 256054 0 0 0
1791075116 2985, 13801, 53, 0x0000000000000000 | 3.02 6.52 7.71 | cpu  127981025 2730764 28684161 3619341853 128145 0 256055 0 0 0
1791075117 3000, 13801, 52, 0x0000000000000000 | 3.02 6.52 7.71 | cpu  127981137 2730764 28684182 3619370008 128145 0 256055 0 0 0
1791075118 2992, 13801, 52, 0x0000000000000000 | 3.02 6.52 7.71 | cpu  127981304 2730764 28684235 3619398070 128145 0 256058 0 0 0
1791075119 2970, 13801, 54, 0x0000000000000000 | 3.02 6.52 7.71 | cpu  127981419 2730764 28684263 3619426366 128145 0 256058 0 0 0
1791075120 2970, 13801, 53, 0x0000000000000000 | 2.94 6.45 7.68 | cpu  127981534 2730764 28684286 3619454678 128145 0 256058 0 0 0
1791075121 2992, 13801, 53, 0x0000000000000000 | 2.94 6.45 7.68 | cpu  127981676 2730764 28684364 3619483508 128145 0 256060 0 0 0
1791075123 2970, 13801, 54, 0x0000000000000000 | 2.94 6.45 7.68 | cpu  127981850 2730764 28684430 3619512990 128145 0 256061 0 0 0
1791075124 2977, 13801, 51, 0x0000000000000000 | 2.94 6.45 7.68 | cpu  127981980 2730764 28684482 3619540956 128145 0 256062 0 0 0
1791075125 3007, 13801, 52, 0x0000000000000000 | 2.86 6.37 7.65 | cpu  127982121 2730764 28684502 3619569435 128145 0 256062 0 0 0
1791075126 2992, 13801, 52, 0x0000000000000000 | 2.86 6.37 7.65 | cpu  127984728 2730764 28684782 3619597971 128145 0 256079 0 0 0
1791075127 2970, 13801, 55, 0x0000000000000000 | 2.86 6.37 7.65 | cpu  127988145 2730764 28685332 3619622933 128145 0 256100 0 0 0
1791075128 2977, 13801, 53, 0x0000000000000000 | 2.86 6.37 7.65 | cpu  127988274 2730764 28686084 3619651368 128145 0 256116 0 0 0
1791075130 2962, 13801, 53, 0x0000000000000000 | 2.95 6.33 7.63 | cpu  127991145 2730764 28686167 3619678166 128145 0 256120 0 0 0
1791075131 2970, 13801, 54, 0x0000000000000000 | 2.95 6.33 7.63 | cpu  127992691 2730764 28686669 3619703408 128145 0 256125 0 0 0
1791075132 2970, 13801, 55, 0x0000000000000000 | 2.95 6.33 7.63 | cpu  127992811 2730764 28687350 3619730974 128145 0 256137 0 0 0
1791075133 2992, 13801, 53, 0x0000000000000000 | 2.95 6.33 7.63 | cpu  127992938 2730764 28688101 3619758583 128145 0 256137 0 0 0
1791075134 2992, 13801, 53, 0x0000000000000000 | 2.95 6.33 7.63 | cpu  127994441 2730764 28688496 3619784997 128145 0 256142 0 0 0
1791075135 2992, 13801, 53, 0x0000000000000000 | 2.88 6.26 7.60 | cpu  127995281 2730764 28688515 3619811909 128145 0 256144 0 0 0
1791075136 2977, 13801, 54, 0x0000000000000000 | 2.88 6.26 7.60 | cpu  127996471 2730764 28688536 3619839545 128145 0 256146 0 0 0
1791075137 2970, 13801, 53, 0x0000000000000000 | 2.88 6.26 7.60 | cpu  127997626 2730764 28688563 3619865682 128145 0 256148 0 0 0
1791075138 2992, 13801, 53, 0x0000000000000000 | 2.88 6.26 7.60 | cpu  127997753 2730764 28688628 3619894029 128145 0 256152 0 0 0
1791075139 2812, 13801, 52, 0x0000000000000000 | 2.88 6.26 7.60 | cpu  127997884 2730764 28688649 3619922281 128145 0 256152 0 0 0
1791075141 2985, 13801, 53, 0x0000000000000000 | 2.81 6.19 7.57 | cpu  127998112 2730764 28688677 3619950425 128145 0 256153 0 0 0
1791075142 2970, 13801, 55, 0x0000000000000000 | 2.81 6.19 7.57 | cpu  127998334 2730764 28688696 3619978483 128145 0 256155 0 0 0
1791075143 2970, 13801, 56, 0x0000000000000000 | 2.81 6.19 7.57 | cpu  127998557 2730764 28688728 3620006547 128145 0 256156 0 0 0
1791075144 2992, 13801, 53, 0x0000000000000000 | 2.81 6.19 7.57 | cpu  127998787 2730764 28688777 3620034569 128145 0 256157 0 0 0
1791075145 2985, 13801, 53, 0x0000000000000000 | 2.66 6.10 7.53 | cpu  127998958 2730764 28688800 3620062748 128149 0 256157 0 0 0
1791075146 2985, 13801, 53, 0x0000000000000000 | 2.66 6.10 7.53 | cpu  127999071 2730764 28688816 3620090977 128149 0 256157 0 0 0
1791075147 2865, 13801, 54, 0x0000000000000000 | 2.66 6.10 7.53 | cpu  127999193 2730764 28688849 3620119703 128150 0 256157 0 0 0
1791075148 2970, 13801, 55, 0x0000000000000000 | 2.66 6.10 7.53 | cpu  127999489 2730764 28688939 3620147239 128150 0 256161 0 0 0
1791075149 2977, 13801, 55, 0x0000000000000000 | 2.66 6.10 7.53 | cpu  127999618 2730764 28689022 3620175511 128150 0 256162 0 0 0
1791075150 2970, 13801, 56, 0x0000000000000000 | 2.53 6.02 7.50 | cpu  127999735 2730764 28689045 3620203751 128150 0 256162 0 0 0
1791075152 2977, 13801, 54, 0x0000000000000000 | 2.53 6.02 7.50 | cpu  127999848 2730764 28689064 3620232032 128150 0 256162 0 0 0
1791075153 2970, 13801, 56, 0x0000000000000000 | 2.53 6.02 7.50 | cpu  127999960 2730764 28689086 3620259899 128150 0 256163 0 0 0
1791075154 2985, 13801, 55, 0x0000000000000000 | 2.53 6.02 7.50 | cpu  128000079 2730764 28689126 3620288066 128150 0 256164 0 0 0
1791075155 2992, 13801, 54, 0x0000000000000000 | 2.41 5.93 7.46 | cpu  128000196 2730764 28689166 3620316346 128150 0 256164 0 0 0
1791075156 2970, 13801, 55, 0x0000000000000000 | 2.41 5.93 7.46 | cpu  128000309 2730764 28689189 3620344624 128150 0 256167 0 0 0
1791075157 2977, 13801, 56, 0x0000000000000000 | 2.41 5.93 7.46 | cpu  128000426 2730764 28689209 3620373141 128150 0 256167 0 0 0
1791075158 2977, 13801, 55, 0x0000000000000000 | 2.41 5.93 7.46 | cpu  128000540 2730764 28689233 3620401321 128150 0 256167 0 0 0
1791075159 2970, 13801, 55, 0x0000000000000000 | 2.41 5.93 7.46 | cpu  128000660 2730764 28689282 3620429645 128150 0 256168 0 0 0
1791075161 2977, 13801, 55, 0x0000000000000000 | 2.37 5.87 7.43 | cpu  128000786 2730765 28689316 3620459287 128150 0 256168 0 0 0
1791075162 2970, 13801, 58, 0x0000000000000000 | 2.37 5.87 7.43 | cpu  128000900 2730765 28689350 3620487574 128150 0 256168 0 0 0
1791075163 2970, 13801, 53, 0x0000000000000000 | 2.37 5.87 7.43 | cpu  128003615 2730765 28689496 3620513228 128150 0 256172 0 0 0
1791075164 2970, 13801, 56, 0x0000000000000000 | 2.37 5.87 7.43 | cpu  128005963 2730765 28689527 3620538288 128150 0 256173 0 0 0
1791075165 2985, 13801, 55, 0x0000000000000000 | 2.42 5.82 7.41 | cpu  128007479 2730765 28689677 3620564017 128150 0 256193 0 0 0
1791075166 2977, 13801, 55, 0x0000000000000000 | 2.42 5.82 7.41 | cpu  128007718 2730765 28689763 3620592959 128154 0 256194 0 0 0
1791075167 2985, 13801, 55, 0x0000000000000000 | 2.42 5.82 7.41 | cpu  128009713 2730765 28689786 3620619177 128154 0 256194 0 0 0
1791075168 2970, 13801, 56, 0x0000000000000000 | 2.42 5.82 7.41 | cpu  128009880 2730765 28689816 3620648061 128154 0 256194 0 0 0
1791075169 2970, 13801, 57, 0x0000000000000000 | 2.42 5.82 7.41 | cpu  128009992 2730765 28689837 3620676172 128154 0 256194 0 0 0
1791075171 2977, 13801, 54, 0x0000000000000000 | 2.39 5.76 7.38 | cpu  128010154 2730765 28690007 3620704226 128154 0 256196 0 0 0
1791075172 2970, 13801, 56, 0x0000000000000000 | 2.39 5.76 7.38 | cpu  128010374 2730765 28690058 3620732384 128154 0 256196 0 0 0
1791075173 2970, 13801, 57, 0x0000000000000000 | 2.39 5.76 7.38 | cpu  128010605 2730765 28690101 3620760470 128154 0 256197 0 0 0
1791075174 2977, 13801, 57, 0x0000000000000000 | 2.39 5.76 7.38 | cpu  128010833 2730765 28690121 3620789077 128154 0 256197 0 0 0
1791075175 2977, 13801, 56, 0x0000000000000000 | 2.28 5.68 7.34 | cpu  128010954 2730765 28690142 3620817181 128154 0 256198 0 0 0
1791075176 2970, 13801, 57, 0x0000000000000000 | 2.28 5.68 7.34 | cpu  128011075 2730765 28690201 3620845249 128154 0 256198 0 0 0
1791075177 2977, 13801, 56, 0x0000000000000000 | 2.28 5.68 7.34 | cpu  128015366 2730765 28690276 3620868433 128154 0 256203 0 0 0
1791075178 2985, 13801, 55, 0x0000000000000000 | 2.28 5.68 7.34 | cpu  128016942 2730765 28690321 3620895249 128154 0 256206 0 0 0
1791075179 2992, 13801, 56, 0x0000000000000000 | 2.28 5.68 7.34 | cpu  128017867 2730765 28690344 3620922164 128154 0 256213 0 0 0
1791075180 2992, 13801, 53, 0x0000000000000000 | 2.34 5.63 7.32 | cpu  128018044 2730765 28690390 3620950228 128154 0 256213 0 0 0
1791075182 2572, 13801, 51, 0x0000000000000000 | 2.34 5.63 7.32 | cpu  128020264 2730765 28690510 3620976246 128154 0 256213 0 0 0
1791075183 2572, 13801, 51, 0x0000000000000000 | 2.34 5.63 7.32 | cpu  128020340 2730765 28690578 3621004326 128154 0 256215 0 0 0
1791075184 2572, 13801, 51, 0x0000000000000000 | 2.34 5.63 7.32 | cpu  128020402 2730765 28690648 3621032457 128154 0 256216 0 0 0
1791075185 2572, 13801, 51, 0x0000000000000000 | 2.31 5.57 7.29 | cpu  128020502 2730765 28690720 3621060449 128154 0 256218 0 0 0
1791075186 2572, 13801, 51, 0x0000000000000000 | 2.31 5.57 7.29 | cpu  128020684 2730765 28690795 3621088437 128154 0 256218 0 0 0
1791075187 2572, 13801, 50, 0x0000000000000000 | 2.31 5.57 7.29 | cpu  128020854 2730765 28690901 3621116440 128154 0 256218 0 0 0
1791075188 2572, 13801, 50, 0x0000000000000000 | 2.31 5.57 7.29 | cpu  128021009 2730765 28690980 3621143995 128154 0 256218 0 0 0
1791075189 2572, 13801, 50, 0x0000000000000000 | 2.31 5.57 7.29 | cpu  128021176 2730765 28691048 3621172193 128154 0 256219 0 0 0
1791075190 2572, 13801, 50, 0x0000000000000000 | 2.28 5.51 7.26 | cpu  128021346 2730765 28691122 3621200186 128154 0 256219 0 0 0
1791075191 2572, 13801, 50, 0x0000000000000000 | 2.28 5.51 7.26 | cpu  128021499 2730765 28691195 3621228218 128154 0 256220 0 0 0
1791075193 2572, 13801, 50, 0x0000000000000000 | 2.28 5.51 7.26 | cpu  128021576 2730765 28691293 3621256360 128154 0 256221 0 0 0
1791075194 2572, 13801, 50, 0x0000000000000000 | 2.28 5.51 7.26 | cpu  128021635 2730765 28691361 3621284527 128154 0 256222 0 0 0
1791075195 2572, 13801, 50, 0x0000000000000000 | 2.18 5.44 7.23 | cpu  128021699 2730765 28691452 3621313168 128154 0 256232 0 0 0
1791075196 2572, 13801, 50, 0x0000000000000000 | 2.18 5.44 7.23 | cpu  128021762 2730765 28691511 3621341345 128154 0 256232 0 0 0
1791075197 2572, 13801, 50, 0x0000000000000000 | 2.18 5.44 7.23 | cpu  128021818 2730765 28691584 3621370178 128154 0 256232 0 0 0
1791075198 2572, 13801, 50, 0x0000000000000000 | 2.18 5.44 7.23 | cpu  128021890 2730765 28691696 3621399592 128154 0 256232 0 0 0
1791075199 2572, 13801, 50, 0x0000000000000000 | 2.18 5.44 7.23 | cpu  128021956 2730765 28691762 3621427776 128154 0 256232 0 0 0
1791075200 2572, 13801, 49, 0x0000000000000000 | 2.09 5.36 7.19 | cpu  128022010 2730765 28691836 3621456660 128154 0 256232 0 0 0
1791075202 2572, 13801, 49, 0x0000000000000000 | 2.09 5.36 7.19 | cpu  128022067 2730765 28691908 3621484742 128154 0 256232 0 0 0
1791075203 2572, 13801, 49, 0x0000000000000000 | 2.09 5.36 7.19 | cpu  128022120 2730765 28691980 3621512901 128154 0 256232 0 0 0
1791075204 2572, 13801, 49, 0x0000000000000000 | 2.09 5.36 7.19 | cpu  128022190 2730765 28692081 3621540997 128154 0 256234 0 0 0
1791075205 2572, 13801, 49, 0x0000000000000000 | 2.08 5.31 7.17 | cpu  128022258 2730765 28692140 3621569107 128154 0 256234 0 0 0
1791075206 2572, 13801, 49, 0x0000000000000000 | 2.08 5.31 7.17 | cpu  128022308 2730765 28692226 3621598304 128154 0 256234 0 0 0
1791075207 2572, 13801, 49, 0x0000000000000000 | 2.08 5.31 7.17 | cpu  128022349 2730765 28692315 3621626389 128154 0 256234 0 0 0
1791075208 2572, 13801, 49, 0x0000000000000000 | 2.08 5.31 7.17 | cpu  128022387 2730765 28692433 3621655106 128154 0 256240 0 0 0
1791075209 2572, 13801, 49, 0x0000000000000000 | 2.08 5.31 7.17 | cpu  128022421 2730765 28692648 3621683516 128154 0 256242 0 0 0
1791075210 2572, 13801, 49, 0x0000000000000000 | 1.99 5.24 7.13 | cpu  128022498 2730765 28692710 3621711573 128154 0 256243 0 0 0
