1791075648 2572, 14001, 49, 0x0000000000000000 | 1.65 2.46 5.05 | cpu  128184193 2730771 28715404 3632712920 128166 0 256619 0 0 0
1791075649 945, 7001, 48, 0x0000000000000000 | 1.65 2.46 5.05 | cpu  128185317 2730771 28715444 3632740125 128166 0 256619 0 0 0
1791075650 375, 810, 48, 0x0000000000000000 | 1.65 2.46 5.05 | cpu  128185338 2730771 28715496 3632768850 128166 0 256620 0 0 0
1791075651 255, 810, 48, 0x0000000000000000 | 1.68 2.45 5.04 | cpu  128185357 2730771 28715554 3632797431 128166 0 256620 0 0 0
1791075652 225, 405, 48, 0x0000000000000000 | 1.68 2.45 5.04 | cpu  128185430 2730771 28715593 3632825791 128166 0 256620 0 0 0
1791075653 225, 405, 48, 0x0000000000000000 | 1.68 2.45 5.04 | cpu  128185516 2730771 28715632 3632854163 128166 0 256620 0 0 0
1791075654 225, 405, 47, 0x0000000000000000 | 1.68 2.45 5.04 | cpu  128186682 2730771 28715687 3632883716 128166 0 256621 0 0 0
1791075655 2572, 13801, 48, 0x0000000000000000 | 1.70 2.44 5.02 | cpu  128186848 2730771 28715776 3632911800 128166 0 256621 0 0 0
1791075657 2572, 13801, 49, 0x0000000000000000 | 1.70 2.44 5.02 | cpu  128186998 2730771 28715840 3632939780 128166 0 256621 0 0 0
1791075658 2947, 13801, 50, 0x0000000000000000 | 1.70 2.44 5.02 | cpu  128187079 2730771 28715884 3632968055 128166 0 256621 0 0 0
1791075659 3007, 13801, 50, 0x0000000000000000 | 1.70 2.44 5.02 | cpu  128187157 2730771 28715942 3632996158 128166 0 256625 0 0 0
1791075660 3007, 13801, 50, 0x0000000000000000 | 1.73 2.44 5.00 | cpu  128187238 2730771 28715984 3633024282 128166 0 256625 0 0 0
1791075661 3007, 13801, 50, 0x0000000000000000 | 1.73 2.44 5.00 | cpu  128187328 2730771 28716047 3633052394 128166 0 256625 0 0 0
1791075662 3007, 13801, 50, 0x0000000000000000 | 1.73 2.44 5.00 | cpu  128187634 2730771 28716112 3633080357 128166 0 256625 0 0 0
1791075663 3007, 13801, 50, 0x0000000000000000 | 1.73 2.44 5.00 | cpu  128187716 2730771 28716153 3633108448 128166 0 256625 0 0 0
1791075664 3007, 13801, 50, 0x0000000000000000 | 1.73 2.44 5.00 | cpu  128187804 2730771 28716197 3633136682 128166 0 256625 0 0 0
1791075665 3007, 13801, 49, 0x0000000000000000 | 1.75 2.43 4.99 | cpu  128187807 2730771 28716317 3633164810 128166 0 256625 0 0 0
1791075667 2977, 13801, 49, 0x0000000000000000 | 1.75 2.43 4.99 | cpu  128187848 2730771 28716514 3633193211 128166 0 256626 0 0 0
