1791072159 0, 0, 36.72
1791072160 0, 0, 34.99
1791072161 3, 0, 24.94
1791072162 3, 0, 14.79
1791072163 3, 0, 6.06
1791072164 3, 0, 6.07
1791072165 3, 0, 7.28
1791072166 3739, 0, 24.75
1791072168 4799, 20, 72.70
1791072169 5839, 3, 71.98
1791072170 6899, 5, 72.66
1791072171 7939, 27, 73.78
1791072172 9759, 26, 74.67
1791072173 10499, 12, 74.79
1791072174 11539, 0, 73.32
1791072175 12599, 10, 72.91
1791072177 13639, 28, 72.38
1791072178 14699, 11, 69.96
1791072179 15739, 4, 73.21
1791072180 16779, 30, 74.41
1791072181 17839, 1, 73.93
1791072182 18879, 22, 73.85
1791072183 19939, 32, 72.39
1791072184 20881, 0, 68.20
1791072186 21581, 0, 64.38
1791072187 21581, 0, 63.10
1791072188 21581, 0, 63.95
1791072189 21581, 3, 64.16
1791072190 21581, 2, 62.72
1791072191 21581, 3, 62.58
1791072192 21581, 3, 63.54
1791072193 21609, 0, 66.68
1791072195 21609, 4, 71.82
1791072196 21609, 3, 65.16
1791072197 21611, 3, 62.89
1791072198 21611, 6, 61.52
1791072199 21611, 4, 61.24
1791072200 21611, 0, 62.12
1791072201 21611, 0, 63.03
1791072202 21611, 1, 63.03
1791072203 21611, 0, 62.78
1791072204 21611, 0, 62.10
1791072206 21611, 0, 61.47
1791072207 21611, 0, 61.65
1791072208 21611, 0, 62.14
1791072209 21611, 0, 63.22
1791072210 21611, 0, 63.14
1791072211 21611, 2, 62.19
1791072212 21611, 4, 61.42
1791072213 21611, 4, 60.62
1791072214 21611, 3, 61.14
1791072216 21611, 4, 62.62
1791072217 21611, 0, 62.99
1791072218 21611, 1, 62.76
1791072219 21611, 0, 62.08
1791072220 21611, 0, 61.35
1791072221 21611, 0, 61.46
1791072222 21611, 0, 61.85
1791072223 21611, 3, 62.74
1791072224 21611, 2, 62.77
1791072225 21611, 0, 62.51
1791072227 21611, 3, 61.18
1791072228 21611, 4, 60.02
1791072229 21611, 6, 60.24
1791072230 21611, 6, 61.58
1791072231 21611, 4, 62.26
1791072232 21611, 7, 62.20
1791072233 21611, 4, 61.79
1791072234 21611, 5, 60.63
1791072235 21611, 6, 60.47
1791072237 21611, 6, 61.54
1791072238 21611, 8, 62.33
1791072239 21611, 5, 62.73
1791072240 21611, 5, 62.81
1791072241 21611, 9, 61.12
1791072242 21611, 6, 60.17
1791072243 21611, 9, 59.82
1791072244 21611, 7, 61.21
1791072246 21611, 6, 62.67
1791072247 21611, 7, 62.87
1791072248 21611, 4, 62.21
1791072249 21611, 4, 61.31
1791072250 21611, 3, 60.10
1791072251 21623, 0, 60.61
1791072252 21631, 37, 102.85
1791072253 21691, 31, 203.02
1791072255 23125, 2, 146.03
1791072256 23949, 32, 196.15
1791072257 24671, 62, 311.55
1791072258 25449, 31, 187.29
1791072259 26617, 60, 300.96
1791072260 26617, 41, 308.39
1791072261 26643, 29, 201.87
1791072262 26643, 50, 206.09
1791072263 26643, 29, 228.87
1791072264 26645, 53, 241.71
1791072266 26665, 32, 210.75
1791072267 26665, 49, 267.82
1791072268 26665, 36, 225.84
1791072269 26679, 22, 191.71
1791072270 26679, 23, 192.20
1791072271 26679, 35, 203.89
1791072272 26679, 7, 201.22
1791072273 26679, 27, 174.72
1791072274 26679, 45, 248.65
1791072275 26679, 40, 241.74
1791072277 26679, 19, 185.67
1791072278 26679, 23, 174.17
1791072279 26679, 30, 215.34
1791072280 26679, 52, 279.80
1791072281 26879, 65, 312.25
1791072282 26879, 0, 179.03
1791072283 26879, 0, 78.82
1791072284 26879, 0, 63.20
1791072285 26879, 0, 62.31
1791072286 26879, 0, 61.48
1791072288 26879, 0, 61.17
1791072289 26879, 0, 62.19
1791072290 26879, 0, 62.64
1791072291 26879, 0, 63.19
1791072292 26879, 0, 62.97
1791072293 26879, 0, 61.92
1791072294 26879, 0, 61.26
1791072295 26879, 0, 61.50
1791072296 26879, 0, 62.52
1791072297 26879, 0, 62.77
1791072299 26879, 0, 62.81
1791072300 26879, 0, 62.04
1791072301 26879, 0, 16.95
1791072302 26879, 0, 5.34
1791072303 26879, 0, 4.63
1791072304 26879, 0, 5.10
1791072305 26879, 0, 6.12
1791072306 26879, 0, 6.17
1791072307 26879, 0, 5.11
1791072309 26879, 0, 4.27
1791072310 26879, 0, 4.59
1791072311 26879, 0, 5.12
1791072312 26879, 0, 5.43
1791072313 26879, 0, 5.69
1791072314 26879, 0, 5.51
1791072315 26879, 0, 5.16
1791072316 26879, 0, 4.61
1791072317 26879, 0, 4.03
1791072319 26879, 0, 4.58
1791072320 26879, 0, 5.50
1791072321 26879, 0, 5.20
1791072322 26879, 0, 4.80
1791072323 26879, 0, 4.02
1791072324 26879, 0, 4.06
1791072325 26879, 0, 4.07
1791072326 26879, 0, 5.04
1791072327 26879, 0, 5.27
1791072329 26879, 0, 4.32
1791072330 26879, 0, 4.23
1791072331 26879, 0, 4.29
1791072332 26879, 0, 4.98
1791072333 26879, 0, 4.71
1791072334 26879, 0, 5.07
1791072335 26879, 0, 5.27
1791072336 26879, 0, 4.34
1791072338 26879, 0, 3.59
1791072339 26879, 0, 3.72
1791072340 26879, 0, 4.25
1791072341 26879, 0, 4.39
1791072342 26879, 0, 5.20
1791072343 26879, 0, 4.89
1791072344 26879, 0, 4.68
1791072345 26879, 0, 4.15
1791072347 26879, 0, 3.72
1791072348 26879, 0, 3.92
1791072349 26879, 0, 5.20
1791072350 26879, 0, 5.32
1791072351 26879, 0, 5.05
1791072352 26879, 0, 4.79
1791072353 26879, 0, 4.25
1791072354 26879, 0, 4.19
1791072355 26879, 0, 4.51
1791072356 26879, 0, 5.32
1791072358 26879, 0, 4.97
1791072359 26879, 0, 4.51
1791072360 26879, 0, 3.92
1791072361 26879, 0, 3.80
1791072362 26879, 0, 4.76
1791072363 26879, 0, 4.89
1791072364 26879, 0, 5.28
1791072365 26879, 0, 5.68
1791072367 26879, 0, 5.40
1791072368 26879, 0, 4.18
1791072369 26879, 0, 4.22
1791072370 26879, 0, 4.89
1791072371 26879, 0, 5.54
1791072372 26879, 0, 5.81
1791072373 26879, 0, 5.85
1791072374 26879, 0, 4.91
1791072375 26879, 0, 4.58
1791072377 26879, 0, 4.31
1791072378 26879, 0, 5.16
1791072379 26879, 0, 5.53
1791072380 26879, 0, 6.00
1791072381 26879, 0, 5.46
1791072382 26879, 0, 4.73
1791072383 26879, 0, 4.04
1791072384 26879, 0, 4.22
1791072386 26879, 0, 5.30
1791072387 26879, 0, 5.70
1791072388 26879, 0, 5.38
1791072389 26879, 0, 4.77
1791072390 26879, 0, 4.07
1791072391 26879, 0, 4.28
1791072392 26879, 0, 4.38
1791072393 26879, 0, 5.36
1791072394 26879, 0, 5.64
1791072396 26879, 0, 5.16
1791072397 26879, 0, 4.12
1791072398 26879, 0, 4.03
1791072399 26879, 0, 4.55
1791072400 26879, 0, 5.11
1791072401 26879, 0, 5.32
1791072402 26879, 0, 5.26
1791072403 26879, 0, 4.63
1791072404 26879, 0, 4.30
1791072406 26879, 0, 4.03
1791072407 26879, 0, 4.39
1791072408 26879, 0, 5.30
1791072409 26879, 0, 5.17
1791072410 26879, 0, 4.50
1791072411 26879, 0, 4.02
1791072412 26879, 0, 4.01
1791072413 26879, 0, 4.08
1791072414 26879, 0, 4.23
1791072416 26879, 0, 5.30
1791072417 26879, 0, 5.30
1791072418 26879, 0, 4.49
1791072419 26879, 0, 4.26
1791072420 26879, 0, 4.01
1791072421 26879, 0, 4.28
1791072422 26879, 22, 14.78
1791072423 26879, 38, 185.89
1791072424 26879, 60, 306.26
1791072426 26879, 61, 306.07
1791072427 26879, 24, 189.82
1791072428 26879, 40, 212.72
1791072429 26879, 28, 213.42
1791072430 26879, 56, 291.05
1791072431 26879, 30, 207.03
1791072432 26879, 23, 241.84
1791072433 26879, 44, 213.51
1791072434 26879, 28, 276.03
1791072436 26879, 23, 194.80
1791072437 26879, 48, 242.64
1791072438 26879, 58, 277.89
1791072439 26879, 40, 229.85
1791072440 26879, 32, 244.61
1791072441 26879, 69, 322.88
1791072442 26879, 27, 180.58
1791072443 26879, 37, 207.02
1791072444 26879, 42, 227.71
1791072445 26879, 46, 241.11
1791072447 26879, 56, 272.19
1791072448 26879, 33, 251.40
1791072449 26879, 46, 273.58
1791072450 26879, 28, 245.76
1791072451 26879, 50, 265.68
1791072452 26879, 38, 228.49
1791072453 26879, 55, 279.61
1791072454 26879, 28, 238.61
1791072455 26879, 30, 191.60
1791072456 26879, 48, 219.36
1791072458 26879, 31, 251.92
1791072459 26879, 23, 182.68
1791072460 26879, 42, 257.27
1791072461 26879, 38, 271.10
1791072462 26879, 24, 226.98
1791072463 26879, 36, 221.69
1791072464 26879, 41, 253.12
1791072465 26879, 50, 270.73
1791072466 26879, 56, 299.32
1791072468 26879, 49, 282.30
1791072469 26879, 61, 325.12
1791072470 26879, 50, 277.46
1791072471 26879, 47, 283.30
1791072472 26879, 30, 261.07
1791072473 27199, 59, 302.47
1791072474 27199, 56, 325.90
1791072475 27199, 49, 267.69
1791072476 27199, 43, 262.77
1791072477 27199, 66, 283.36
1791072479 27199, 47, 333.76
1791072480 27199, 46, 304.83
1791072481 27199, 57, 327.87
1791072482 27199, 69, 341.70
1791072483 27199, 48, 288.21
1791072484 27199, 28, 245.20
1791072485 27199, 27, 204.47
1791072486 27199, 4, 118.90
1791072487 27199, 4, 73.19
1791072488 27199, 4, 66.38
1791072490 27199, 11, 66.19
1791072491 27199, 8, 65.49
1791072492 27199, 0, 64.59
1791072493 27199, 0, 63.90
1791072494 27199, 4, 63.98
1791072495 27199, 8, 64.73
1791072496 27199, 0, 65.20
1791072497 27199, 4, 64.81
1791072498 27199, 8, 64.21
1791072500 27199, 6, 63.22
1791072501 27199, 0, 62.87
1791072502 27199, 6, 63.58
1791072503 27199, 8, 65.10
1791072504 27199, 0, 64.10
1791072505 27199, 0, 63.57
1791072506 27199, 0, 62.90
1791072507 27199, 0, 62.45
1791072508 27199, 0, 62.09
1791072510 27199, 0, 62.84
1791072511 27199, 0, 63.30
1791072512 27199, 0, 63.59
1791072513 27199, 0, 63.07
1791072514 27199, 0, 62.44
1791072515 27199, 0, 61.97
1791072516 27199, 0, 62.06
1791072517 27199, 0, 62.73
1791072518 27199, 0, 63.46
1791072520 27199, 0, 63.70
1791072521 27199, 0, 20.82
1791072522 27199, 0, 6.72
