1791071527 0, 0, 51.03
1791071528 0, 0, 42.15
1791071529 3, 0, 30.14
1791071530 3, 0, 27.19
1791071531 3, 0, 12.20
1791071533 3, 0, 6.93
1791071534 3, 0, 6.58
1791071535 3, 0, 6.07
1791071536 3, 0, 5.11
1791071537 641, 0, 27.86
1791071538 641, 0, 62.35
1791071539 641, 0, 62.90
1791071540 641, 0, 62.66
1791071542 711, 0, 62.21
1791071543 16171, 0, 62.08
1791071544 16171, 0, 60.90
1791071545 16177, 29, 72.92
1791071546 16183, 39, 78.83
1791071547 16191, 39, 79.61
1791071548 16195, 39, 77.69
1791071549 16203, 38, 82.45
1791071550 16209, 42, 82.88
1791071551 16217, 38, 85.41
1791071553 16223, 39, 87.63
1791071554 16231, 40, 90.04
1791071555 16237, 31, 95.33
1791071556 16245, 25, 95.39
1791071557 16671, 42, 94.15
1791071558 17597, 35, 93.36
1791071559 18845, 40, 93.69
1791071560 18845, 0, 86.79
1791071561 18845, 0, 72.38
1791071563 16783, 4, 63.42
1791071564 16783, 0, 62.49
1791071565 16791, 0, 61.52
1791071566 16889, 3, 63.90
1791071567 17149, 3, 62.08
1791071568 17389, 7, 62.79
1791071569 17629, 7, 63.04
1791071570 17869, 5, 62.66
1791071572 19215, 7, 63.79
1791071573 19215, 0, 60.81
1791071574 19215, 0, 67.50
1791071575 19215, 24, 73.05
1791071576 19215, 13, 63.39
1791071577 20957, 13, 65.01
1791071578 20957, 15, 62.81
1791071579 20957, 0, 61.93
1791071580 20957, 12, 61.19
1791071582 20957, 15, 61.64
1791071583 20957, 1, 62.46
1791071584 20957, 19, 62.71
1791071585 20957, 14, 62.66
1791071586 20957, 19, 61.94
1791071587 20957, 16, 61.41
1791071588 20957, 25, 61.37
1791071589 20957, 11, 61.77
1791071591 20957, 0, 62.63
1791071592 20957, 0, 63.02
1791071593 20957, 0, 62.44
1791071594 20957, 11, 61.53
1791071595 20957, 14, 60.59
1791071596 20957, 18, 60.82
1791071597 20957, 25, 61.76
1791071598 20957, 12, 62.47
1791071599 20957, 0, 62.45
1791071600 20957, 0, 61.29
1791071602 20957, 11, 61.01
1791071603 20957, 15, 60.43
1791071604 20957, 0, 61.48
1791071605 20957, 0, 61.92
1791071606 20957, 9, 62.32
1791071607 20957, 20, 61.54
1791071608 20957, 12, 61.07
1791071609 20957, 3, 60.01
1791071610 20957, 15, 59.67
1791071612 20957, 23, 60.85
1791071613 20957, 27, 61.88
1791071614 20957, 5, 62.03
1791071615 20957, 1, 61.59
1791071616 20957, 8, 60.29
1791071617 20957, 18, 60.23
1791071618 20957, 3, 60.41
1791071619 20957, 12, 61.47
1791071620 20957, 27, 61.97
1791071622 20957, 11, 62.00
1791071623 20957, 0, 61.05
1791071624 20957, 0, 59.89
1791071625 20957, 4, 59.47
1791071626 20959, 0, 60.88
1791071627 20959, 0, 62.41
1791071628 20961, 23, 80.72
1791071629 20961, 59, 177.18
1791071630 20963, 45, 143.71
1791071632 20963, 48, 174.60
1791071633 20963, 49, 165.04
1791071634 19217, 52, 135.51
1791071635 20025, 0, 84.71
1791071636 20053, 0, 116.65
1791071637 20279, 3, 85.54
1791071638 22221, 43, 145.88
1791071639 22625, 51, 164.15
1791071640 22625, 43, 162.41
1791071642 22685, 47, 166.84
1791071643 22685, 48, 175.76
1791071644 22717, 49, 170.72
1791071645 23663, 40, 155.54
1791071646 23663, 52, 182.16
1791071647 23949, 61, 184.37
1791071648 24049, 50, 198.54
1791071649 24049, 49, 189.10
1791071650 24049, 43, 175.54
1791071651 24077, 48, 167.76
1791071653 24077, 41, 158.28
1791071654 24077, 51, 179.99
1791071655 24077, 43, 170.50
1791071656 24077, 48, 170.63
1791071657 24077, 40, 161.28
1791071658 24077, 47, 184.52
1791071659 24081, 52, 176.14
1791071660 24089, 44, 163.37
1791071661 24089, 59, 172.65
1791071662 24089, 50, 180.75
1791071664 24089, 56, 185.40
1791071665 24089, 47, 176.89
1791071666 24101, 49, 173.35
1791071667 24101, 42, 163.76
1791071668 24101, 46, 180.58
1791071669 24101, 56, 183.21
1791071670 24101, 48, 186.33
1791071671 24101, 11, 154.18
1791071672 24101, 43, 174.63
1791071674 24101, 54, 188.20
1791071675 24101, 47, 187.61
1791071676 24101, 51, 188.36
1791071677 24101, 45, 181.18
1791071678 24101, 42, 166.41
1791071679 24101, 50, 165.07
1791071680 24101, 42, 175.92
1791071681 24101, 60, 177.13
1791071682 24101, 49, 197.83
1791071684 24101, 44, 179.11
1791071685 24101, 51, 196.40
1791071686 24101, 54, 193.30
1791071687 24101, 40, 168.79
1791071688 24101, 51, 194.15
1791071689 24101, 48, 189.03
1791071690 24101, 49, 197.96
1791071692 24101, 51, 182.07
1791071693 24101, 42, 165.84
1791071694 24101, 41, 171.40
1791071695 24101, 44, 174.60
1791071696 24101, 41, 172.56
1791071697 24101, 44, 163.96
1791071698 24101, 49, 192.24
1791071699 24101, 50, 187.53
1791071700 24101, 41, 176.38
1791071702 24101, 41, 181.85
1791071703 24101, 43, 186.46
1791071704 24101, 49, 182.81
1791071705 24101, 40, 171.46
1791071706 24101, 40, 178.24
1791071707 24101, 48, 184.91
1791071708 24101, 40, 180.97
1791071709 24101, 42, 168.97
1791071710 24101, 43, 173.27
1791071712 24101, 44, 176.34
1791071713 24101, 48, 191.48
1791071714 24101, 49, 186.37
1791071715 24101, 41, 179.66
1791071716 24101, 43, 180.06
1791071717 24101, 44, 172.43
1791071718 24101, 59, 202.23
1791071719 24101, 53, 201.85
1791071720 24101, 49, 186.74
1791071722 24101, 41, 167.30
1791071723 24101, 42, 169.14
1791071724 24101, 42, 170.11
1791071725 24101, 43, 180.38
1791071726 24101, 42, 179.46
1791071727 24101, 44, 174.03
1791071728 24101, 45, 187.63
1791071729 24101, 45, 180.10
1791071730 24101, 48, 198.49
1791071732 24101, 48, 190.23
1791071733 24101, 42, 182.54
1791071734 24101, 43, 184.91
1791071735 24101, 46, 188.88
1791071736 24101, 47, 182.25
1791071737 24101, 43, 171.46
1791071738 24101, 49, 198.89
1791071739 24101, 51, 192.46
1791071740 24101, 44, 182.27
1791071741 24101, 43, 186.59
1791071743 24101, 50, 198.80
1791071744 24101, 52, 189.45
1791071745 24101, 41, 174.00
1791071746 24101, 42, 173.12
1791071747 24101, 43, 166.89
1791071748 24101, 48, 191.31
1791071749 24101, 46, 180.76
1791071750 24101, 42, 182.23
1791071751 24101, 46, 172.36
1791071753 24101, 41, 166.91
1791071754 24101, 58, 188.38
1791071755 24101, 48, 184.92
1791071756 24101, 52, 191.80
1791071757 24101, 49, 184.99
1791071758 24101, 43, 173.38
1791071759 24101, 49, 173.03
1791071760 24101, 43, 178.37
1791071762 24101, 55, 189.32
1791071763 24101, 46, 181.16
1791071764 24101, 57, 187.42
1791071765 24101, 48, 179.50
1791071766 24101, 57, 200.32
1791071767 24101, 56, 190.52
1791071768 24101, 48, 189.72
1791071769 24101, 60, 188.80
1791071770 24101, 52, 200.06
1791071772 24101, 57, 194.00
1791071773 24101, 48, 182.47
1791071774 24101, 59, 204.84
1791071775 24101, 49, 193.51
1791071776 24101, 44, 184.65
1791071777 24101, 63, 181.50
1791071778 24101, 55, 212.92
1791071779 24101, 54, 202.72
1791071780 24101, 49, 195.75
1791071782 24101, 45, 193.92
1791071783 24101, 47, 184.31
1791071784 24101, 47, 187.18
1791071785 24101, 42, 179.49
1791071786 24101, 58, 200.38
1791071787 24101, 55, 195.99
1791071788 24101, 50, 193.54
1791071789 24101, 48, 184.35
1791071790 24101, 48, 201.23
1791071792 24101, 48, 198.88
1791071793 24121, 52, 198.46
1791071794 24121, 51, 195.35
1791071795 24121, 44, 191.92
1791071796 24121, 48, 187.26
1791071797 24121, 50, 182.38
1791071798 24121, 48, 180.55
1791071799 24121, 51, 181.05
1791071800 24121, 46, 176.09
1791071802 24121, 49, 171.97
1791071803 24121, 0, 108.66
1791071804 24121, 0, 89.35
1791071805 24121, 0, 66.61
1791071806 24121, 0, 65.46
1791071807 24121, 16, 65.02
1791071808 24121, 4, 64.83
1791071809 24121, 0, 64.81
1791071810 24121, 17, 65.28
1791071812 24121, 24, 65.74
1791071813 24121, 49, 65.50
1791071814 24121, 11, 64.83
1791071815 24121, 28, 64.37
1791071816 24121, 29, 63.94
1791071817 24121, 20, 64.49
1791071818 24121, 5, 64.71
1791071819 24121, 0, 65.34
1791071820 24121, 0, 65.11
1791071821 24121, 25, 64.38
1791071823 24121, 12, 63.74
1791071824 24121, 1, 63.67
1791071825 24121, 18, 64.43
1791071826 24121, 20, 65.56
1791071827 24121, 0, 64.63
1791071828 24121, 0, 64.32
1791071829 24121, 0, 63.77
