1791161260 2, 0, 56.69
1791161261 2, 0, 52.62
1791161262 4, 0, 22.50
1791161264 4, 0, 17.85
1791161265 4, 0, 8.56
1791161266 4, 0, 6.73
1791161267 40, 0, 5.54
1791161268 3428, 13, 23.86
1791161269 8566, 20, 67.28
1791161270 10110, 31, 65.99
1791161271 11654, 19, 65.82
1791161273 13198, 27, 67.03
1791161274 13960, 21, 66.06
1791161275 15484, 17, 65.96
1791161276 17028, 17, 61.37
1791161277 18572, 20, 60.65
1791161278 19334, 13, 65.82
1791161279 20096, 17, 60.45
1791161281 21640, 17, 60.60
1791161282 23184, 29, 63.33
1791161283 23946, 17, 64.34
1791161284 25490, 27, 67.16
1791161285 27034, 20, 66.17
1791161286 27796, 17, 61.29
1791161287 29320, 17, 66.11
1791161288 30864, 19, 61.32
1791161289 31626, 0, 65.70
1791161291 31628, 0, 55.82
1791161292 31628, 0, 54.12
1791161293 31628, 0, 54.23
1791161294 31628, 0, 54.32
1791161295 31630, 0, 54.30
1791161296 31632, 3, 55.14
1791161297 31636, 3, 55.08
1791161298 31638, 1, 55.10
1791161299 31642, 4, 55.18
1791161301 31644, 3, 55.11
1791161302 31646, 1, 55.10
1791161303 31648, 3, 55.25
1791161304 31710, 9, 55.04
1791161305 31710, 7, 55.98
1791161306 31710, 4, 54.42
1791161307 31710, 0, 54.35
1791161308 31710, 7, 54.18
1791161310 31710, 2, 54.21
1791161311 31710, 1, 54.16
1791161312 31710, 2, 54.28
1791161313 31710, 0, 54.27
1791161314 31710, 4, 54.23
1791161315 31710, 0, 54.27
1791161316 31710, 3, 54.35
1791161318 31710, 0, 54.27
1791161319 31710, 7, 54.28
1791161320 31710, 0, 54.35
1791161321 31710, 0, 54.32
1791161322 31710, 0, 54.39
1791161323 31710, 0, 54.30
1791161324 31710, 0, 54.34
1791161325 31710, 6, 54.39
1791161326 31710, 0, 54.38
1791161328 31710, 0, 54.27
1791161329 31710, 3, 54.34
1791161330 31710, 0, 54.35
1791161331 31710, 0, 54.38
1791161332 31710, 0, 54.31
1791161333 31710, 1, 54.34
1791161334 31710, 1, 54.44
1791161336 31710, 7, 54.33
1791161337 31710, 0, 54.34
1791161338 31710, 5, 54.40
1791161339 31710, 0, 54.37
1791161340 31710, 0, 54.26
1791161341 31710, 0, 54.36
1791161342 31710, 7, 54.34
1791161343 31710, 0, 54.39
1791161345 31710, 7, 54.51
1791161346 31710, 0, 54.36
1791161347 31710, 0, 54.39
1791161348 31710, 0, 54.40
1791161349 31710, 7, 54.47
1791161350 31710, 0, 54.40
1791161351 31710, 2, 54.43
1791161352 31710, 0, 54.42
1791161354 31710, 7, 54.43
1791161355 31710, 0, 54.44
1791161356 31710, 7, 54.38
1791161357 31710, 0, 54.42
1791161358 31710, 5, 54.42
1791161359 31710, 0, 54.47
1791161360 31710, 0, 54.45
1791161362 31710, 0, 54.53
1791161363 31710, 0, 54.37
1791161364 31710, 0, 54.52
1791161365 31710, 5, 54.50
1791161366 31710, 0, 54.50
1791161367 31710, 0, 54.46
1791161368 31710, 5, 54.48
1791161369 31710, 0, 54.37
1791161370 31710, 0, 54.41
1791161372 31710, 0, 54.33
1791161373 31710, 6, 54.39
1791161374 31710, 0, 54.39
1791161375 31710, 5, 54.39
1791161376 31710, 0, 54.21
1791161377 31710, 0, 54.39
1791161378 31710, 0, 54.42
1791161379 31710, 7, 54.44
1791161381 31710, 0, 54.47
1791161382 31710, 5, 54.77
1791161383 31710, 0, 54.42
1791161384 31710, 0, 54.46
1791161385 31710, 0, 54.43
1791161386 31710, 0, 54.39
1791161387 31710, 0, 54.51
1791161388 31710, 7, 54.46
1791161389 31710, 0, 54.44
1791161391 31710, 3, 54.33
1791161392 31722, 0, 55.17
1791161393 31722, 83, 293.86
1791161394 25962, 91, 364.75
1791161395 26252, 55, 241.06
1791161396 26532, 38, 247.45
1791161397 26652, 42, 213.63
1791161399 27012, 55, 283.37
1791161400 27012, 77, 307.58
1791161401 27158, 51, 293.52
1791161402 27464, 56, 272.43
1791161403 27886, 49, 311.42
1791161404 27886, 47, 290.12
1791161405 27886, 82, 272.95
1791161406 27886, 78, 355.06
1791161408 27886, 98, 372.64
1791161409 27886, 68, 349.79
1791161410 27886, 51, 362.14
1791161411 27886, 92, 343.30
1791161412 27886, 79, 341.00
1791161413 27886, 43, 329.60
1791161414 27886, 55, 314.52
1791161416 27886, 63, 350.18
1791161417 27886, 46, 350.32
1791161418 27886, 76, 325.18
1791161419 27886, 66, 360.66
1791161420 27886, 97, 361.89
1791161421 27886, 92, 393.26
1791161422 27886, 45, 372.27
1791161424 27886, 55, 370.46
1791161425 27966, 71, 342.73
1791161426 27966, 91, 411.02
1791161427 27966, 77, 389.64
1791161428 27966, 93, 378.90
1791161429 27966, 81, 416.95
1791161431 27966, 95, 420.75
1791161432 27966, 96, 378.42
1791161433 27966, 72, 363.17
1791161434 27966, 93, 423.92
1791161435 27966, 82, 429.23
1791161436 27966, 87, 446.75
1791161437 27966, 81, 425.73
1791161439 27966, 81, 410.88
1791161440 27966, 48, 391.48
1791161441 27966, 99, 455.32
1791161442 27966, 98, 461.57
1791161443 27966, 96, 432.44
1791161444 27966, 95, 411.20
1791161445 27966, 76, 438.88
1791161446 27966, 99, 390.62
1791161448 27966, 82, 406.36
1791161449 27966, 91, 383.43
1791161450 27966, 89, 414.16
1791161451 27966, 61, 399.27
1791161452 27966, 87, 457.07
1791161453 27966, 98, 474.39
1791161455 27966, 91, 440.39
1791161456 27966, 99, 436.66
1791161457 27966, 98, 443.34
1791161458 27966, 98, 472.19
1791161459 27966, 97, 447.44
1791161460 27966, 99, 462.73
1791161461 27966, 99, 465.40
1791161463 27966, 99, 445.46
1791161464 27966, 94, 421.94
1791161465 27966, 79, 421.68
1791161466 27966, 99, 452.82
1791161467 27966, 95, 471.16
1791161468 28526, 67, 419.05
1791161469 29266, 52, 321.11
1791161470 29266, 83, 321.68
1791161472 29266, 99, 470.80
1791161473 29266, 99, 470.59
1791161474 29266, 76, 469.17
1791161475 29266, 97, 472.39
1791161476 29266, 63, 443.90
1791161477 29266, 51, 363.99
1791161479 29266, 99, 404.42
1791161480 29266, 96, 461.87
1791161481 29266, 95, 446.59
1791161482 29266, 0, 259.05
1791161483 29266, 0, 80.33
1791161484 29266, 0, 57.00
1791161486 29266, 5, 56.50
1791161487 29266, 4, 56.43
1791161488 29266, 0, 56.32
1791161489 29266, 7, 56.22
1791161490 29266, 0, 56.30
1791161491 29266, 7, 56.20
1791161493 29266, 0, 56.01
1791161494 29266, 3, 56.06
1791161495 29266, 0, 55.96
1791161496 29266, 0, 55.93
1791161497 29266, 0, 55.91
1791161498 29266, 7, 55.81
1791161500 29266, 0, 55.70
1791161501 29266, 7, 55.77
1791161502 29266, 0, 55.69
1791161503 29266, 3, 55.62
1791161504 29266, 0, 55.65
1791161505 29266, 0, 55.73
1791161507 29266, 7, 55.59
1791161508 29266, 0, 55.64
1791161509 29266, 0, 55.62
1791161510 29266, 0, 55.50
1791161511 29266, 7, 55.46
1791161512 29266, 0, 55.47
1791161514 29266, 7, 55.52
1791161515 29266, 0, 55.62
1791161516 29266, 2, 55.59
1791161517 29266, 0, 55.55
1791161518 29266, 0, 55.47
1791161519 29266, 0, 55.46
1791161521 29266, 0, 55.41
1791161522 29266, 0, 55.56
1791161523 29266, 3, 55.43
1791161524 29266, 0, 55.47
1791161525 29266, 0, 55.40
