1791161529 2, 0, 55.76
1791161530 2, 0, 38.95
1791161531 4, 0, 20.01
1791161532 4, 0, 16.61
1791161533 4, 0, 8.03
1791161534 4, 0, 5.99
1791161535 4, 0, 4.77
1791161537 6290, 25, 55.83
1791161538 9306, 34, 67.31
1791161539 10110, 8, 65.68
1791161540 11654, 19, 66.57
1791161541 13196, 22, 60.09
1791161542 13960, 19, 66.58
1791161544 15484, 19, 65.67
1791161545 17026, 22, 61.06
1791161546 17810, 9, 66.88
1791161547 19334, 14, 66.80
1791161548 20096, 18, 60.46
1791161549 21640, 19, 61.05
1791161551 22422, 21, 60.92
1791161552 23946, 16, 65.95
1791161553 25490, 18, 66.14
1791161554 26252, 21, 60.89
1791161555 27796, 19, 70.67
1791161556 29320, 25, 63.42
1791161558 30102, 19, 62.49
1791161559 31626, 4, 68.21
1791161560 31628, 0, 58.42
1791161561 31628, 0, 55.47
1791161562 31628, 0, 55.31
1791161563 31628, 0, 55.41
1791161565 31630, 0, 55.37
1791161566 31632, 15, 55.98
1791161567 31636, 15, 55.82
1791161568 31638, 17, 55.92
1791161569 31640, 5, 55.98
1791161570 31642, 2, 55.90
1791161572 31644, 16, 55.93
1791161573 31648, 11, 55.85
1791161574 31650, 6, 55.94
1791161575 31700, 4, 58.53
1791161576 31700, 0, 55.59
1791161577 31700, 8, 55.38
1791161579 31700, 0, 58.37
1791161580 31700, 0, 64.04
1791161581 31700, 33, 56.90
1791161582 31700, 0, 56.77
1791161583 31700, 0, 67.57
1791161584 31700, 0, 73.53
1791161586 31700, 3, 75.84
1791161587 31700, 0, 76.00
1791161588 31700, 8, 75.78
1791161589 31700, 36, 75.80
1791161590 31700, 45, 75.76
1791161591 31700, 0, 75.62
1791161593 31700, 0, 75.72
1791161594 31700, 45, 75.76
1791161595 31700, 26, 75.93
1791161596 31700, 13, 75.45
1791161597 31700, 0, 75.61
1791161598 31700, 45, 75.83
1791161600 31700, 0, 75.96
1791161601 31700, 0, 75.84
1791161602 31700, 0, 75.78
1791161603 31700, 45, 75.77
1791161604 31700, 45, 75.82
1791161605 31700, 0, 75.79
1791161607 31700, 0, 63.45
1791161608 31700, 0, 61.86
1791161609 31700, 14, 70.04
1791161610 31700, 0, 75.89
1791161611 31700, 2, 75.74
1791161612 31700, 45, 70.45
1791161614 31700, 35, 65.74
1791161615 31700, 0, 71.98
1791161616 31700, 44, 75.67
1791161617 31700, 45, 75.84
1791161618 31700, 14, 75.87
1791161619 31700, 0, 75.70
1791161621 31700, 0, 75.55
1791161622 31700, 44, 75.73
1791161623 31700, 0, 75.66
1791161624 31700, 0, 75.33
1791161625 31700, 10, 70.10
1791161626 31700, 21, 55.26
1791161628 31700, 15, 55.11
1791161629 31700, 20, 55.28
1791161630 31700, 16, 55.26
1791161631 31700, 45, 64.00
1791161632 31700, 0, 70.70
1791161633 31700, 44, 75.78
1791161635 31700, 45, 75.70
1791161636 31700, 34, 76.01
1791161637 31700, 0, 75.97
1791161638 31700, 0, 74.22
1791161639 31700, 36, 56.53
1791161641 31700, 0, 67.25
1791161642 31700, 0, 75.43
1791161643 31700, 7, 75.56
1791161644 31700, 0, 75.49
1791161645 31700, 0, 58.41
1791161646 31700, 44, 67.84
1791161647 31700, 2, 74.83
1791161649 31700, 0, 75.40
1791161650 31700, 0, 75.47
1791161651 31700, 44, 75.60
1791161652 31700, 30, 75.57
1791161653 31700, 0, 75.46
1791161655 31700, 0, 75.41
1791161656 31700, 14, 75.50
1791161657 31700, 0, 75.75
1791161658 31700, 20, 75.52
1791161659 31700, 32, 75.33
1791161660 31700, 44, 75.44
1791161662 31700, 0, 75.38
1791161663 31700, 0, 75.42
1791161664 31700, 32, 75.49
1791161665 31700, 0, 64.51
1791161666 31700, 0, 55.99
1791161667 31700, 0, 65.39
1791161669 31700, 0, 75.10
1791161670 31700, 17, 75.30
1791161671 31700, 0, 75.22
1791161672 31700, 3, 75.26
1791161673 31700, 31, 75.26
1791161674 31700, 0, 75.41
1791161676 31700, 0, 75.28
1791161677 31700, 10, 75.29
1791161678 31700, 20, 64.35
1791161679 31700, 10, 54.99
1791161680 31700, 6, 54.93
1791161681 31700, 16, 54.88
1791161683 31710, 16, 54.92
1791161684 31712, 89, 216.58
1791161685 31712, 97, 350.78
1791161686 27902, 41, 275.01
1791161687 28522, 27, 252.52
1791161688 28522, 33, 191.59
1791161690 28962, 45, 275.57
1791161691 28962, 60, 316.11
1791161692 29046, 46, 285.70
1791161693 29534, 42, 265.85
1791161694 30116, 48, 304.98
1791161695 30116, 64, 296.38
1791161696 30116, 89, 283.06
1791161697 30116, 81, 362.45
1791161699 30116, 97, 348.73
1791161700 30116, 51, 319.92
1791161701 30116, 76, 356.70
1791161702 30116, 60, 322.25
1791161703 30116, 63, 303.60
1791161704 30116, 70, 340.39
1791161705 30116, 18, 303.20
1791161707 30116, 82, 379.54
1791161708 30116, 72, 355.66
1791161709 30116, 47, 321.67
1791161710 30116, 79, 355.59
1791161711 30116, 74, 364.86
1791161712 30116, 72, 364.38
1791161713 30116, 63, 362.97
1791161715 30116, 81, 378.56
1791161716 30116, 94, 375.48
1791161717 30116, 99, 408.13
1791161718 30116, 95, 419.54
1791161719 30116, 97, 416.43
1791161720 30116, 93, 370.04
1791161721 30116, 79, 379.82
1791161723 30116, 50, 329.38
1791161724 30116, 99, 388.23
1791161725 30116, 97, 423.75
1791161726 30116, 67, 409.62
1791161727 30116, 97, 385.10
1791161728 30116, 80, 413.01
1791161729 30116, 92, 428.48
1791161730 30116, 83, 420.79
1791161732 30116, 76, 396.30
1791161733 30116, 99, 440.88
1791161734 30116, 83, 428.68
1791161735 30116, 97, 415.42
1791161736 30116, 97, 415.41
1791161737 30116, 99, 438.09
1791161738 30116, 99, 384.63
1791161740 30116, 99, 437.42
1791161741 30116, 75, 394.33
1791161742 30116, 96, 406.46
1791161743 30116, 56, 440.54
1791161744 30116, 99, 476.60
1791161745 30116, 99, 452.89
1791161746 30116, 99, 443.17
1791161747 30116, 97, 436.14
1791161749 30116, 68, 455.61
1791161750 30116, 97, 433.92
1791161751 30116, 99, 461.38
1791161752 30116, 96, 404.71
1791161753 30116, 96, 473.58
1791161754 30116, 77, 470.03
1791161755 30116, 34, 350.24
1791161756 30116, 99, 424.99
1791161758 30116, 97, 479.84
1791161759 30436, 67, 430.64
1791161760 30796, 50, 327.59
1791161761 30796, 94, 326.35
1791161762 30796, 94, 442.41
1791161763 30796, 99, 462.15
1791161764 30796, 93, 461.85
1791161766 30796, 94, 460.57
1791161767 30796, 65, 456.95
1791161768 30796, 51, 365.12
1791161769 30796, 99, 395.18
1791161770 30796, 70, 464.51
1791161771 30796, 94, 430.39
1791161772 30796, 45, 264.27
1791161774 30796, 46, 82.37
1791161775 30796, 0, 81.61
1791161776 30796, 0, 81.35
1791161777 30796, 10, 80.79
1791161778 30796, 0, 80.89
1791161779 30796, 15, 80.60
1791161781 30796, 46, 56.35
1791161782 30796, 0, 73.64
1791161783 30796, 0, 71.52
1791161784 30796, 0, 60.01
1791161785 30796, 0, 79.36
1791161786 30796, 28, 78.80
1791161788 30796, 0, 68.51
1791161789 30796, 0, 55.83
1791161790 30796, 17, 55.84
1791161791 30796, 0, 55.83
1791161792 30796, 0, 64.06
1791161793 30796, 48, 74.24
1791161795 30796, 0, 62.61
1791161796 30796, 8, 55.65
1791161797 30796, 8, 55.72
1791161798 30796, 0, 55.68
1791161799 30796, 0, 55.74
1791161800 30796, 0, 55.71
1791161802 30796, 18, 55.59
1791161803 30796, 22, 55.62
1791161804 30796, 0, 55.62
1791161805 30796, 0, 63.18
1791161806 30796, 0, 77.03
1791161807 30796, 50, 77.04
1791161809 30796, 21, 76.90
1791161810 30796, 0, 76.75
1791161811 30796, 0, 68.97
1791161812 30796, 50, 76.98
1791161813 30796, 50, 70.72
1791161814 30796, 0, 72.57
1791161816 30796, 0, 76.95
1791161817 30796, 0, 76.74
1791161818 30796, 13, 76.60
1791161819 30796, 7, 76.68
1791161820 30796, 13, 55.78
1791161821 30796, 14, 55.52
1791161823 30796, 16, 55.36
1791161824 30796, 22, 55.58
1791161825 30796, 0, 56.04
1791161826 30796, 0, 55.37
1791161827 30796, 0, 55.83
