1791370960 180, 405, 30, 0x0000000000000000 | 0.94 1.83 1.39 | cpu  322862301 482632319 32297718 8900492771 30180265 0 1017010 25195 0 0
1791370961 180, 405, 30, 0x0000000000000000 | 0.94 1.83 1.39 | cpu  322862831 482632319 32297743 8900497184 30180289 0 1017011 25195 0 0
1791370962 180, 405, 30, 0x0000000000000000 | 0.94 1.83 1.39 | cpu  322862916 482632319 32297754 8900502172 30180305 0 1017011 25195 0 0
1791370963 180, 405, 30, 0x0000000000000000 | 0.87 1.79 1.38 | cpu  322862924 482632319 32297777 8900507259 30180307 0 1017013 25195 0 0
1791370964 180, 405, 30, 0x0000000000000000 | 0.87 1.79 1.38 | cpu  322862942 482632319 32297794 8900512313 30180312 0 1017013 25195 0 0
1791370965 180, 405, 30, 0x0000000000000000 | 0.87 1.79 1.38 | cpu  322863506 482632319 32297806 8900516809 30180338 0 1017013 25195 0 0
1791370966 2452, 13801, 31, 0x0000000000000000 | 0.87 1.79 1.38 | cpu  322863666 482632319 32297826 8900521543 30180378 0 1017013 25195 0 0
1791370967 2497, 13801, 31, 0x0000000000000000 | 0.87 1.79 1.38 | cpu  322863771 482632319 32297858 8900526341 30180422 0 1017014 25195 0 0
1791370968 2467, 13801, 32, 0x0000000000000000 | 0.88 1.78 1.38 | cpu  322863916 482632319 32297891 8900531095 30180462 0 1017014 25195 0 0
1791370969 2445, 13801, 32, 0x0000000000000000 | 0.88 1.78 1.38 | cpu  322863979 482632319 32297903 8900535904 30180544 0 1017014 25195 0 0
1791370970 2497, 13801, 32, 0x0000000000000000 | 0.88 1.78 1.38 | cpu  322864145 482632319 32297915 8900540656 30180587 0 1017014 25195 0 0
1791370971 2430, 13801, 32, 0x0000000000000000 | 0.88 1.78 1.38 | cpu  322864204 482632319 32297928 8900545479 30180664 0 1017014 25195 0 0
1791370972 2467, 13801, 32, 0x0000000000000000 | 0.89 1.77 1.38 | cpu  322864465 482632319 32297948 8900550164 30180683 0 1017015 25195 0 0
1791370973 2467, 13801, 32, 0x0000000000000000 | 0.89 1.77 1.38 | cpu  322864710 482632319 32297963 8900554862 30180683 0 1017015 25195 0 0
1791370974 2467, 13801, 32, 0x0000000000000000 | 0.89 1.77 1.38 | cpu  322864948 482632319 32298003 8900559555 30180683 0 1017015 25195 0 0
1791370975 2467, 13801, 33, 0x0000000000000000 | 0.89 1.77 1.38 | cpu  322865248 482632319 32298024 8900564228 30180683 0 1017016 25195 0 0
1791370976 2497, 13801, 33, 0x0000000000000000 | 0.89 1.77 1.38 | cpu  322865474 482632319 32298072 8900568922 30180683 0 1017016 25195 0 0
1791370977 2505, 13801, 33, 0x0000000000000000 | 0.98 1.77 1.38 | cpu  322865735 482632319 32298101 8900573609 30180683 0 1017016 25195 0 0
1791370979 2467, 13801, 33, 0x0000000000000000 | 0.98 1.77 1.38 | cpu  322866050 482632319 32298121 8900578239 30180683 0 1017016 25195 0 0
1791370980 2430, 13801, 33, 0x0000000000000000 | 0.98 1.77 1.38 | cpu  322866113 482632319 32298209 8900582997 30180740 0 1017018 25195 0 0
1791370981 2430, 13801, 33, 0x0000000000000000 | 0.98 1.77 1.38 | cpu  322866136 482632319 32298227 8900587850 30180810 0 1017018 25195 0 0
1791370982 2430, 13801, 33, 0x0000000000000000 | 0.98 1.77 1.38 | cpu  322866157 482632319 32298312 8900592706 30180812 0 1017018 25195 0 0
1791370983 2475, 13801, 33, 0x0000000000000000 | 0.98 1.76 1.38 | cpu  322866233 482632319 32298354 8900597564 30180812 0 1017018 25195 0 0
1791370984 2467, 13801, 33, 0x0000000000000000 | 0.98 1.76 1.38 | cpu  322866311 482632319 32298385 8900602420 30180812 0 1017018 25195 0 0
1791370985 2430, 13801, 33, 0x0000000000000000 | 0.98 1.76 1.38 | cpu  322866393 482632319 32298399 8900607275 30180825 0 1017018 25195 0 0
1791370986 2452, 13801, 33, 0x0000000000000000 | 0.98 1.76 1.38 | cpu  322867956 482632319 32298403 8900610859 30180827 0 1017018 25195 0 0
1791370987 2430, 13801, 33, 0x0000000000000000 | 0.98 1.76 1.38 | cpu  322872135 482632319 32298411 8900611777 30180827 0 1017018 25195 0 0
1791370988 2430, 13801, 33, 0x0000000000000000 | 0.98 1.75 1.38 | cpu  322872200 482632319 32298454 8900616634 30180827 0 1017018 25195 0 0
1791370989 2430, 13801, 33, 0x0000000000000000 | 0.98 1.75 1.38 | cpu  322872273 482632319 32298494 8900621492 30180827 0 1017018 25195 0 0
1791370990 2430, 13801, 33, 0x0000000000000000 | 0.98 1.75 1.38 | cpu  322872339 482632319 32298535 8900626338 30180833 0 1017018 25195 0 0
1791370991 2430, 13801, 33, 0x0000000000000000 | 0.98 1.75 1.38 | cpu  322872403 482632319 32298580 8900631188 30180838 0 1017018 25195 0 0
1791370992 2430, 13801, 33, 0x0000000000000000 | 0.98 1.75 1.38 | cpu  322872466 482632319 32298623 8900636046 30180843 0 1017018 25195 0 0
1791370993 2430, 13801, 33, 0x0000000000000000 | 0.98 1.73 1.38 | cpu  322872537 482632319 32298660 8900640906 30180843 0 1017018 25195 0 0
1791370994 2430, 13801, 33, 0x0000000000000000 | 0.98 1.73 1.38 | cpu  322872598 482632319 32298703 8900645756 30180843 0 1017018 25195 0 0
1791370995 2430, 13801, 33, 0x0000000000000000 | 0.98 1.73 1.38 | cpu  322872667 482632319 32298741 8900650611 30180843 0 1017018 25195 0 0
1791370996 2430, 13801, 33, 0x0000000000000000 | 0.98 1.73 1.38 | cpu  322872732 482632319 32298783 8900655462 30180843 0 1017018 25195 0 0
1791370997 2430, 13801, 33, 0x0000000000000000 | 0.98 1.73 1.38 | cpu  322872796 482632319 32298825 8900660321 30180845 0 1017018 25195 0 0
1791370998 2430, 13801, 33, 0x0000000000000000 | 0.98 1.72 1.37 | cpu  322872866 482632319 32298865 8900665176 30180845 0 1017018 25195 0 0
1791370999 2430, 13801, 33, 0x0000000000000000 | 0.98 1.72 1.37 | cpu  322872932 482632319 32298906 8900670030 30180845 0 1017018 25195 0 0
1791371000 2430, 13801, 33, 0x0000000000000000 | 0.98 1.72 1.37 | cpu  322873009 482632319 32298935 8900674886 30180845 0 1017018 25195 0 0
1791371001 2430, 13801, 33, 0x0000000000000000 | 0.98 1.72 1.37 | cpu  322873081 482632319 32298972 8900679736 30180845 0 1017018 25195 0 0
1791371002 2430, 13801, 33, 0x0000000000000000 | 1.06 1.73 1.38 | cpu  322873154 482632319 32299037 8900684572 30180845 0 1017018 25195 0 0
1791371003 2430, 13801, 34, 0x0000000000000000 | 1.06 1.73 1.38 | cpu  322873217 482632319 32299083 8900689437 30180846 0 1017018 25195 0 0
1791371004 2430, 13801, 34, 0x0000000000000000 | 1.06 1.73 1.38 | cpu  322873282 482632319 32299124 8900694297 30180847 0 1017018 25195 0 0
1791371005 2430, 13801, 34, 0x0000000000000000 | 1.06 1.73 1.38 | cpu  322873349 482632319 32299163 8900699157 30180847 0 1017018 25195 0 0
1791371007 2430, 13801, 34, 0x0000000000000000 | 1.06 1.73 1.38 | cpu  322873415 482632319 32299204 8900704019 30180847 0 1017018 25195 0 0
1791371008 2430, 13801, 34, 0x0000000000000000 | 1.06 1.71 1.37 | cpu  322873483 482632319 32299247 8900708877 30180847 0 1017018 25195 0 0
1791371009 2430, 13801, 34, 0x0000000000000000 | 1.06 1.71 1.37 | cpu  322873548 482632319 32299295 8900713727 30180847 0 1017018 25195 0 0
1791371010 2430, 13801, 34, 0x0000000000000000 | 1.06 1.71 1.37 | cpu  322873620 482632319 32299335 8900718582 30180848 0 1017018 25195 0 0
1791371011 2430, 13801, 34, 0x0000000000000000 | 1.06 1.71 1.37 | cpu  322873685 482632319 32299377 8900723436 30180848 0 1017018 25195 0 0
1791371012 2430, 13801, 34, 0x0000000000000000 | 1.06 1.71 1.37 | cpu  322873751 482632319 32299417 8900728295 30180848 0 1017018 25195 0 0
1791371013 2430, 13801, 34, 0x0000000000000000 | 1.05 1.70 1.37 | cpu  322873816 482632319 32299460 8900733158 30180848 0 1017018 25195 0 0
1791371014 2430, 13801, 34, 0x0000000000000000 | 1.05 1.70 1.37 | cpu  322873906 482632319 32299489 8900738008 30180853 0 1017018 25195 0 0
1791371015 2430, 13801, 34, 0x0000000000000000 | 1.05 1.70 1.37 | cpu  322873937 482632319 32299499 8900742860 30180919 0 1017018 25195 0 0
1791371016 2437, 13801, 34, 0x0000000000000000 | 1.05 1.70 1.37 | cpu  322874022 482632319 32299506 8900747721 30180935 0 1017018 25195 0 0
1791371017 2445, 13801, 34, 0x0000000000000000 | 1.05 1.70 1.37 | cpu  322874125 482632319 32299511 8900752575 30180935 0 1017018 25195 0 0
1791371018 2475, 13801, 34, 0x0000000000000000 | 1.05 1.69 1.37 | cpu  322874227 482632319 32299516 8900757428 30180935 0 1017018 25195 0 0
1791371019 2437, 13801, 35, 0x0000000000000000 | 1.05 1.69 1.37 | cpu  322874334 482632319 32299547 8900762251 30180940 0 1017018 25195 0 0
1791371020 2445, 13801, 34, 0x0000000000000000 | 1.05 1.69 1.37 | cpu  322874436 482632319 32299552 8900767099 30180940 0 1017018 25195 0 0
1791371021 2430, 13801, 34, 0x0000000000000000 | 1.05 1.69 1.37 | cpu  322874539 482632319 32299561 8900771973 30180940 0 1017018 25195 0 0
1791371022 2850, 13801, 37, 0x0000000000000000 | 1.05 1.69 1.37 | cpu  322874637 482632319 32299566 8900776829 30180946 0 1017018 25195 0 0
1791371023 2902, 13801, 36, 0x0000000000000000 | 1.05 1.68 1.37 | cpu  322874731 482632319 32299580 8900781676 30180949 0 1017018 25195 0 0
1791371024 2437, 13801, 35, 0x0000000000000000 | 1.05 1.68 1.37 | cpu  322874833 482632319 32299590 8900786539 30180954 0 1017018 25195 0 0
1791371025 2805, 13801, 47, 0x0000000000000004 | 1.05 1.68 1.37 | cpu  322874936 482632319 32299599 8900791415 30180955 0 1017018 25195 0 0
1791371026 2902, 13801, 38, 0x0000000000000000 | 1.05 1.68 1.37 | cpu  322875037 482632319 32299609 8900796267 30180955 0 1017018 25195 0 0
1791371027 2902, 13801, 43, 0x0000000000000000 | 1.05 1.68 1.37 | cpu  322875140 482632319 32299618 8900801160 30180955 0 1017018 25195 0 0
1791371028 2902, 13801, 38, 0x0000000000000000 | 1.04 1.67 1.36 | cpu  322875241 482632319 32299626 8900806012 30180955 0 1017018 25195 0 0
1791371029 2820, 13801, 46, 0x0000000000000000 | 1.04 1.67 1.36 | cpu  322875346 482632319 32299635 8900810879 30180956 0 1017018 25195 0 0
1791371030 2797, 13801, 42, 0x0000000000000000 | 1.04 1.67 1.36 | cpu  322875452 482632319 32299642 8900815758 30180956 0 1017018 25195 0 0
1791371031 2797, 13801, 46, 0x0000000000000000 | 1.04 1.67 1.36 | cpu  322875557 482632319 32299649 8900820626 30180956 0 1017018 25195 0 0
1791371032 2797, 13801, 50, 0x0000000000000004 | 1.04 1.65 1.36 | cpu  322875665 482632319 32299659 8900825481 30180956 0 1017018 25195 0 0
1791371033 2805, 13801, 51, 0x0000000000000004 | 1.04 1.65 1.36 | cpu  322875774 482632319 32299668 8900830345 30180956 0 1017018 25195 0 0
1791371034 2872, 13801, 50, 0x0000000000000004 | 1.04 1.65 1.36 | cpu  322875879 482632319 32299674 8900835220 30180957 0 1017018 25195 0 0
1791371036 2835, 13801, 48, 0x0000000000000000 | 1.04 1.65 1.36 | cpu  322875984 482632319 32299681 8900840086 30180957 0 1017018 25195 0 0
1791371037 2827, 13801, 52, 0x0000000000000004 | 1.04 1.65 1.36 | cpu  322876090 482632319 32299689 8900844974 30180957 0 1017018 25195 0 0
1791371038 2820, 13801, 52, 0x0000000000000004 | 1.04 1.64 1.36 | cpu  322876195 482632319 32299695 8900849852 30180957 0 1017018 25195 0 0
1791371039 2812, 13801, 49, 0x0000000000000000 | 1.04 1.64 1.36 | cpu  322876299 482632319 32299702 8900854721 30180957 0 1017018 25195 0 0
1791371040 2820, 13801, 49, 0x0000000000000000 | 1.04 1.64 1.36 | cpu  322876403 482632319 32299711 8900859595 30180958 0 1017018 25195 0 0
1791371041 2797, 13801, 51, 0x0000000000000000 | 1.04 1.64 1.36 | cpu  322876508 482632319 32299718 8900864462 30180958 0 1017018 25195 0 0
1791371042 2812, 13801, 49, 0x0000000000000000 | 1.04 1.64 1.36 | cpu  322876613 482632319 32299725 8900869324 30180958 0 1017018 25195 0 0
1791371043 2805, 13801, 54, 0x0000000000000004 | 1.03 1.63 1.36 | cpu  322876719 482632319 32299733 8900874191 30180958 0 1017018 25195 0 0
1791371044 2820, 13801, 54, 0x0000000000000004 | 1.03 1.63 1.36 | cpu  322876832 482632319 32299767 8900879030 30180958 0 1017018 25195 0 0
1791371045 2827, 13801, 51, 0x0000000000000000 | 1.03 1.63 1.36 | cpu  322876939 482632319 32299787 8900883887 30180959 0 1017018 25195 0 0
1791371046 2790, 13801, 55, 0x0000000000000004 | 1.03 1.63 1.36 | cpu  322877044 482632319 32299794 8900888757 30180959 0 1017018 25195 0 0
1791371047 2782, 13801, 55, 0x0000000000000004 | 1.03 1.63 1.36 | cpu  322877148 482632319 32299801 8900893637 30180959 0 1017018 25195 0 0
1791371048 2835, 13801, 54, 0x0000000000000000 | 1.03 1.62 1.36 | cpu  322877252 482632319 32299809 8900898511 30180959 0 1017018 25195 0 0
1791371049 2797, 13801, 56, 0x0000000000000004 | 1.03 1.62 1.36 | cpu  322877362 482632319 32299819 8900903386 30180959 0 1017018 25195 0 0
1791371050 2812, 13801, 53, 0x0000000000000000 | 1.03 1.62 1.36 | cpu  322877466 482632319 32299826 8900908255 30180959 0 1017018 25195 0 0
1791371051 2797, 13801, 53, 0x0000000000000000 | 1.03 1.62 1.36 | cpu  322877573 482632319 32299864 8900913072 30180960 0 1017020 25195 0 0
1791371052 2790, 13801, 56, 0x0000000000000004 | 1.03 1.62 1.36 | cpu  322877679 482632319 32299871 8900917935 30180965 0 1017020 25195 0 0
1791371053 2797, 13801, 56, 0x0000000000000000 | 1.03 1.61 1.35 | cpu  322877784 482632319 32299879 8900922808 30180965 0 1017020 25195 0 0
1791371054 2827, 13801, 51, 0x0000000000000000 | 1.03 1.61 1.35 | cpu  322877888 482632319 32299886 8900927681 30180965 0 1017020 25195 0 0
1791371055 2805, 13801, 58, 0x0000000000000004 | 1.03 1.61 1.35 | cpu  322877994 482632319 32299896 8900932558 30180965 0 1017020 25195 0 0
1791371056 2805, 13801, 57, 0x0000000000000004 | 1.03 1.61 1.35 | cpu  322878099 482632319 32299901 8900937437 30180965 0 1017020 25195 0 0
1791371057 2820, 13801, 60, 0x0000000000000004 | 1.02 1.60 1.35 | cpu  322878216 482632319 32299917 8900942298 30180970 0 1017020 25195 0 0
1791371058 2782, 13801, 59, 0x0000000000000000 | 1.02 1.60 1.35 | cpu  322878322 482632319 32299926 8900947161 30180970 0 1017020 25195 0 0
1791371059 2797, 13801, 60, 0x0000000000000004 | 1.02 1.60 1.35 | cpu  322878428 482632319 32299933 8900952040 30180970 0 1017020 25195 0 0
1791371060 2767, 13801, 60, 0x0000000000000004 | 1.02 1.60 1.35 | cpu  322878532 482632319 32299940 8900956922 30180971 0 1017020 25195 0 0
1791371061 2820, 13801, 60, 0x0000000000000004 | 1.02 1.60 1.35 | cpu  322878637 482632319 32299948 8900961799 30180971 0 1017020 25195 0 0
1791371063 2782, 13801, 56, 0x0000000000000000 | 1.02 1.59 1.35 | cpu  322878742 482632319 32299955 8900966668 30180974 0 1017020 25195 0 0
1791371064 2812, 13801, 60, 0x0000000000000004 | 1.02 1.59 1.35 | cpu  322878848 482632319 32299961 8900971549 30180974 0 1017020 25195 0 0
1791371065 2782, 13801, 61, 0x0000000000000004 | 1.02 1.59 1.35 | cpu  322878953 482632319 32299969 8900976418 30180974 0 1017020 25195 0 0
1791371066 2775, 13801, 61, 0x0000000000000004 | 1.02 1.59 1.35 | cpu  322879084 482632319 32299985 8900981266 30180974 0 1017021 25195 0 0
1791371067 2827, 13801, 54, 0x0000000000000000 | 1.02 1.59 1.35 | cpu  322879190 482632319 32299993 8900986136 30180974 0 1017021 25195 0 0
1791371068 2775, 13801, 62, 0x0000000000000004 | 1.02 1.58 1.35 | cpu  322879296 482632319 32300001 8900991012 30180974 0 1017021 25195 0 0
1791371069 2782, 13801, 59, 0x0000000000000000 | 1.02 1.58 1.35 | cpu  322879400 482632319 32300010 8900995885 30180974 0 1017021 25195 0 0
1791371070 2797, 13801, 61, 0x0000000000000004 | 1.02 1.58 1.35 | cpu  322879506 482632319 32300017 8901000745 30180985 0 1017021 25195 0 0
1791371071 2857, 13801, 61, 0x0000000000000004 | 1.02 1.58 1.35 | cpu  322879610 482632319 32300023 8901005614 30180985 0 1017021 25195 0 0
1791371072 2790, 13801, 61, 0x0000000000000000 | 1.02 1.58 1.35 | cpu  322879715 482632319 32300031 8901010491 30180985 0 1017021 25195 0 0
1791371073 2782, 13801, 60, 0x0000000000000004 | 1.02 1.57 1.35 | cpu  322879820 482632319 32300039 8901015361 30180986 0 1017021 25195 0 0
1791371074 2782, 13801, 63, 0x0000000000000004 | 1.02 1.57 1.35 | cpu  322879924 482632319 32300046 8901020236 30180986 0 1017021 25195 0 0
1791371075 2775, 13801, 57, 0x0000000000000000 | 1.02 1.57 1.35 | cpu  322880029 482632319 32300053 8901025122 30180986 0 1017021 25195 0 0
1791371076 2767, 13801, 60, 0x0000000000000000 | 1.02 1.57 1.35 | cpu  322880134 482632319 32300060 8901029988 30180986 0 1017021 25195 0 0
1791371077 2782, 13801, 64, 0x0000000000000004 | 1.02 1.57 1.35 | cpu  322880239 482632319 32300068 8901034855 30180986 0 1017021 25195 0 0
1791371078 2775, 13801, 64, 0x0000000000000004 | 1.02 1.56 1.34 | cpu  322880355 482632319 32300077 8901039714 30180986 0 1017021 25195 0 0
1791371079 2767, 13801, 65, 0x0000000000000004 | 1.02 1.56 1.34 | cpu  322880459 482632319 32300085 8901044592 30180986 0 1017021 25195 0 0
1791371080 2782, 13801, 65, 0x0000000000000004 | 1.02 1.56 1.34 | cpu  322880565 482632319 32300093 8901049465 30180987 0 1017021 25195 0 0
1791371081 2775, 13801, 65, 0x0000000000000004 | 1.02 1.56 1.34 | cpu  322880671 482632319 32300100 8901054345 30180987 0 1017021 25195 0 0
1791371082 2782, 13801, 66, 0x0000000000000004 | 1.02 1.56 1.34 | cpu  322880777 482632319 32300108 8901059245 30180987 0 1017021 25195 0 0
1791371083 2745, 13801, 66, 0x0000000000000004 | 1.02 1.55 1.34 | cpu  322880884 482632319 32300116 8901064115 30180987 0 1017021 25195 0 0
1791371084 2880, 13801, 61, 0x0000000000000000 | 1.02 1.55 1.34 | cpu  322880989 482632319 32300122 8901068991 30180987 0 1017021 25195 0 0
1791371085 2775, 13801, 65, 0x0000000000000004 | 1.02 1.55 1.34 | cpu  322881093 482632319 32300130 8901073868 30180987 0 1017021 25195 0 0
1791371086 2767, 13801, 67, 0x0000000000000004 | 1.02 1.55 1.34 | cpu  322881201 482632319 32300144 8901078729 30180988 0 1017021 25195 0 0
1791371087 2775, 13801, 67, 0x0000000000000004 | 1.01 1.54 1.34 | cpu  322881306 482632319 32300151 8901083612 30180988 0 1017021 25195 0 0
1791371089 2752, 13801, 60, 0x0000000000000000 | 1.01 1.54 1.34 | cpu  322881412 482632319 32300157 8901088497 30180988 0 1017021 25195 0 0
1791371090 2760, 13801, 67, 0x0000000000000004 | 1.01 1.54 1.34 | cpu  322881520 482632319 32300166 8901093364 30180988 0 1017021 25195 0 0
1791371091 2760, 13801, 67, 0x0000000000000004 | 1.01 1.54 1.34 | cpu  322881624 482632319 32300175 8901098231 30180988 0 1017021 25195 0 0
1791371092 2775, 13801, 66, 0x0000000000000004 | 1.01 1.54 1.34 | cpu  322881728 482632319 32300184 8901103105 30180988 0 1017021 25195 0 0
1791371093 2767, 13801, 67, 0x0000000000000004 | 1.01 1.53 1.34 | cpu  322881833 482632319 32300191 8901107975 30180988 0 1017021 25195 0 0
1791371094 2857, 13801, 66, 0x0000000000000004 | 1.01 1.53 1.34 | cpu  322881939 482632319 32300200 8901112842 30180988 0 1017021 25195 0 0
1791371095 2790, 13801, 67, 0x0000000000000004 | 1.01 1.53 1.34 | cpu  322882045 482632319 32300207 8901117720 30180988 0 1017021 25195 0 0
1791371096 2790, 13801, 64, 0x0000000000000000 | 1.01 1.53 1.34 | cpu  322882151 482632319 32300215 8901122581 30180989 0 1017021 25195 0 0
1791371097 2797, 13801, 65, 0x0000000000000000 | 1.01 1.53 1.34 | cpu  322882256 482632319 32300224 8901127459 30180989 0 1017021 25195 0 0
1791371098 2805, 13801, 68, 0x0000000000000004 | 1.01 1.52 1.34 | cpu  322882360 482632319 32300232 8901132334 30180989 0 1017021 25195 0 0
1791371099 2767, 13801, 64, 0x0000000000000000 | 1.01 1.52 1.34 | cpu  322882465 482632319 32300241 8901137214 30180989 0 1017021 25195 0 0
1791371100 2775, 13801, 68, 0x0000000000000004 | 1.01 1.52 1.34 | cpu  322882569 482632319 32300247 8901142086 30180989 0 1017021 25195 0 0
1791371101 2790, 13801, 64, 0x0000000000000000 | 1.01 1.52 1.34 | cpu  322882688 482632319 32300258 8901146963 30180989 0 1017022 25195 0 0
1791371102 2775, 13801, 67, 0x0000000000000000 | 1.01 1.52 1.34 | cpu  322882818 482632319 32300281 8901151794 30180990 0 1017023 25195 0 0
1791371103 2790, 13801, 65, 0x0000000000000004 | 1.01 1.51 1.33 | cpu  322882925 482632319 32300288 8901156672 30180990 0 1017023 25195 0 0
1791371104 2760, 13801, 69, 0x0000000000000004 | 1.01 1.51 1.33 | cpu  322883033 482632319 32300297 8901161544 30180990 0 1017023 25195 0 0
1791371105 2767, 13801, 65, 0x0000000000000000 | 1.01 1.51 1.33 | cpu  322883142 482632319 32300307 8901166413 30180990 0 1017025 25195 0 0
1791371106 2797, 13801, 64, 0x0000000000000000 | 1.01 1.51 1.33 | cpu  322883279 482632319 32300334 8901171231 30181002 0 1017029 25195 0 0
1791371107 2850, 13801, 68, 0x0000000000000004 | 1.01 1.51 1.33 | cpu  322883388 482632319 32300368 8901176092 30181002 0 1017029 25195 0 0
1791371108 2745, 13801, 69, 0x0000000000000004 | 1.01 1.51 1.33 | cpu  322883494 482632319 32300375 8901180960 30181002 0 1017029 25195 0 0
1791371109 2752, 13801, 69, 0x0000000000000004 | 1.01 1.51 1.33 | cpu  322883600 482632319 32300382 8901185830 30181002 0 1017029 25195 0 0
1791371110 2752, 13801, 69, 0x0000000000000004 | 1.01 1.51 1.33 | cpu  322883705 482632319 32300389 8901190699 30181002 0 1017029 25195 0 0
1791371111 2760, 13801, 70, 0x0000000000000004 | 1.01 1.51 1.33 | cpu  322883810 482632319 32300397 8901195569 30181007 0 1017029 25195 0 0
1791371112 2857, 13801, 69, 0x0000000000000004 | 1.01 1.50 1.33 | cpu  322883919 482632319 32300403 8901200436 30181007 0 1017029 25195 0 0
1791371113 2775, 13801, 70, 0x0000000000000004 | 1.01 1.50 1.33 | cpu  322884024 482632319 32300413 8901205322 30181007 0 1017029 25195 0 0
1791371114 2797, 13801, 70, 0x0000000000000004 | 1.01 1.50 1.33 | cpu  322884129 482632319 32300418 8901210188 30181007 0 1017029 25195 0 0
1791371116 2767, 13801, 70, 0x0000000000000004 | 1.01 1.50 1.33 | cpu  322884234 482632319 32300425 8901215057 30181007 0 1017029 25195 0 0
1791371117 2767, 13801, 64, 0x0000000000000000 | 1.01 1.50 1.33 | cpu  322884339 482632319 32300433 8901219931 30181008 0 1017029 25195 0 0
1791371118 2805, 13801, 70, 0x0000000000000004 | 1.01 1.49 1.33 | cpu  322884445 482632319 32300439 8901224813 30181008 0 1017029 25196 0 0
1791371119 2805, 13801, 70, 0x0000000000000004 | 1.01 1.49 1.33 | cpu  322884550 482632319 32300445 8901229690 30181008 0 1017029 25196 0 0
1791371120 2715, 13801, 71, 0x0000000000000004 | 1.01 1.49 1.33 | cpu  322884654 482632319 32300451 8901234563 30181008 0 1017029 25196 0 0
1791371121 2790, 13801, 69, 0x0000000000000004 | 1.01 1.49 1.33 | cpu  322884759 482632319 32300458 8901239436 30181008 0 1017029 25196 0 0
1791371122 2797, 13801, 69, 0x0000000000000004 | 1.01 1.49 1.33 | cpu  322884864 482632319 32300466 8901244308 30181009 0 1017029 25196 0 0
1791371123 2775, 13801, 69, 0x0000000000000000 | 1.01 1.48 1.33 | cpu  322884969 482632319 32300471 8901249176 30181009 0 1017029 25196 0 0
1791371124 2790, 13801, 71, 0x0000000000000004 | 1.01 1.48 1.33 | cpu  322885077 482632319 32300481 8901254039 30181009 0 1017029 25196 0 0
1791371125 2715, 13801, 71, 0x0000000000000004 | 1.01 1.48 1.33 | cpu  322885181 482632319 32300490 8901258904 30181009 0 1017029 25196 0 0
1791371126 2760, 13801, 68, 0x0000000000000000 | 1.01 1.48 1.33 | cpu  322885285 482632319 32300497 8901263759 30181009 0 1017029 25196 0 0
1791371127 2767, 13801, 70, 0x0000000000000004 | 1.01 1.48 1.33 | cpu  322885390 482632319 32300503 8901268634 30181009 0 1017029 25196 0 0
1791371128 2715, 13801, 71, 0x0000000000000004 | 1.01 1.47 1.32 | cpu  322885495 482632319 32300509 8901273507 30181009 0 1017029 25196 0 0
1791371129 2782, 13801, 69, 0x0000000000000004 | 1.01 1.47 1.32 | cpu  322885603 482632319 32300517 8901278375 30181013 0 1017029 25196 0 0
1791371130 2782, 13801, 72, 0x0000000000000004 | 1.01 1.47 1.32 | cpu  322885708 482632319 32300523 8901283247 30181013 0 1017029 25196 0 0
1791371131 2865, 13801, 71, 0x0000000000000004 | 1.01 1.47 1.32 | cpu  322885817 482632319 32300562 8901288095 30181013 0 1017029 25196 0 0
1791371132 2775, 13801, 68, 0x0000000000000000 | 1.01 1.47 1.32 | cpu  322885920 482632319 32300570 8901292990 30181013 0 1017029 25196 0 0
1791371133 2745, 13801, 72, 0x0000000000000004 | 1.00 1.46 1.32 | cpu  322886027 482632319 32300579 8901297858 30181013 0 1017029 25196 0 0
1791371134 2767, 13801, 72, 0x0000000000000004 | 1.00 1.46 1.32 | cpu  322886132 482632319 32300587 8901302724 30181017 0 1017029 25196 0 0
1791371135 2827, 13801, 67, 0x0000000000000000 | 1.00 1.46 1.32 | cpu  322886238 482632319 32300596 8901307597 30181017 0 1017029 25196 0 0
1791371136 2835, 13801, 62, 0x0000000000000000 | 1.00 1.46 1.32 | cpu  322886321 482632319 32300620 8901312456 30181017 0 1017029 25196 0 0
1791371137 2880, 13801, 61, 0x0000000000000000 | 1.00 1.46 1.32 | cpu  322886385 482632319 32300662 8901317314 30181017 0 1017029 25196 0 0
1791371138 2430, 13801, 59, 0x0000000000000000 | 1.08 1.47 1.33 | cpu  322886451 482632319 32300703 8901322180 30181017 0 1017029 25196 0 0
1791371139 2430, 13801, 58, 0x0000000000000000 | 1.08 1.47 1.33 | cpu  322886518 482632319 32300744 8901327046 30181018 0 1017029 25196 0 0
1791371140 2430, 13801, 58, 0x0000000000000000 | 1.08 1.47 1.33 | cpu  322886581 482632319 32300788 8901331908 30181018 0 1017029 25196 0 0
1791371141 2430, 13801, 57, 0x0000000000000000 | 1.08 1.47 1.33 | cpu  322886644 482632319 32300830 8901336771 30181018 0 1017029 25196 0 0
1791371143 2430, 13801, 57, 0x0000000000000000 | 1.08 1.46 1.32 | cpu  322886710 482632319 32300870 8901341640 30181018 0 1017029 25196 0 0
1791371144 2430, 13801, 57, 0x0000000000000000 | 1.08 1.46 1.32 | cpu  322886772 482632319 32300914 8901346500 30181018 0 1017029 25196 0 0
1791371145 2430, 13801, 56, 0x0000000000000000 | 1.08 1.46 1.32 | cpu  322886852 482632319 32300959 8901351347 30181021 0 1017029 25196 0 0
1791371146 2430, 13801, 56, 0x0000000000000000 | 1.08 1.46 1.32 | cpu  322886912 482632319 32301006 8901356202 30181021 0 1017029 25196 0 0
1791371147 2430, 13801, 56, 0x0000000000000000 | 1.08 1.46 1.32 | cpu  322886980 482632319 32301079 8901361026 30181021 0 1017029 25196 0 0
1791371148 2430, 13801, 55, 0x0000000000000000 | 1.07 1.46 1.32 | cpu  322887048 482632319 32301117 8901365895 30181021 0 1017029 25196 0 0
1791371149 2430, 13801, 55, 0x0000000000000000 | 1.07 1.46 1.32 | cpu  322887113 482632319 32301160 8901370759 30181021 0 1017029 25196 0 0
1791371150 2430, 13801, 55, 0x0000000000000000 | 1.07 1.46 1.32 | cpu  322887184 482632319 32301195 8901375619 30181022 0 1017029 25196 0 0
1791371151 2430, 13801, 55, 0x0000000000000000 | 1.07 1.46 1.32 | cpu  322887261 482632319 32301230 8901380470 30181023 0 1017029 25196 0 0
