1791370960 0, 0, 10.59
1791370961 3, 0, 11.40
1791370962 3, 0, 13.98
1791370963 3, 0, 14.74
1791370964 3, 0, 12.96
1791370965 3, 0, 13.08
1791370966 507, 0, 26.43
1791370967 4519, 16, 72.52
1791370968 5559, 22, 72.05
1791370969 5559, 1, 74.17
1791370970 6619, 2, 73.85
1791370971 6899, 1, 68.94
1791370972 8719, 32, 76.59
1791370973 10499, 35, 81.27
1791370974 12239, 34, 81.64
1791370975 14339, 24, 80.55
1791370976 16079, 21, 83.70
1791370977 17839, 25, 82.07
1791370978 19939, 35, 82.81
1791370980 20281, 36, 75.65
1791370981 21581, 0, 66.07
1791370982 21581, 5, 68.90
1791370983 21581, 6, 68.48
1791370984 21581, 5, 69.18
1791370985 21617, 2, 71.15
1791370986 21617, 4, 66.75
1791370987 21617, 4, 66.21
1791370988 21617, 4, 66.40
1791370989 21617, 0, 66.20
1791370990 21617, 8, 66.40
1791370991 21617, 4, 66.31
1791370992 21617, 3, 66.13
1791370993 21617, 5, 66.10
1791370994 21617, 4, 66.28
1791370995 21617, 5, 66.58
1791370996 21617, 5, 66.65
1791370997 21617, 4, 66.61
1791370998 21617, 7, 66.45
1791370999 21617, 4, 66.54
1791371000 21617, 1, 66.47
1791371001 21617, 7, 66.75
1791371002 21617, 4, 66.65
1791371003 21617, 1, 66.82
1791371004 21617, 8, 66.66
1791371005 21617, 4, 66.67
1791371006 21617, 0, 66.47
1791371008 21617, 8, 66.73
1791371009 21617, 4, 66.78
1791371010 21617, 0, 66.90
1791371011 21617, 8, 66.46
1791371012 21617, 4, 66.50
1791371013 21617, 3, 66.34
1791371014 21627, 7, 66.49
1791371015 21629, 0, 66.44
1791371016 21633, 0, 67.30
1791371017 21633, 0, 67.87
1791371018 21633, 0, 70.06
1791371019 21635, 23, 78.11
1791371020 21635, 0, 67.46
1791371021 21637, 0, 77.48
1791371022 19747, 4, 204.72
1791371023 19749, 4, 107.91
1791371024 20235, 0, 79.46
1791371025 21475, 91, 349.29
1791371026 21475, 2, 213.47
1791371027 22057, 1, 105.31
1791371028 22063, 0, 212.57
1791371029 22867, 89, 326.45
1791371030 22891, 51, 350.82
1791371031 22899, 59, 311.67
1791371032 22913, 92, 431.33
1791371033 22913, 77, 409.88
1791371034 22913, 67, 348.35
1791371035 22913, 90, 390.64
1791371037 23193, 90, 429.81
1791371038 23193, 56, 417.89
1791371039 23193, 90, 433.46
1791371040 23193, 62, 299.29
1791371041 23193, 90, 413.39
1791371042 23193, 51, 399.84
1791371043 23193, 85, 406.59
1791371044 23193, 94, 361.98
1791371045 23193, 53, 362.48
1791371046 23193, 91, 423.45
1791371047 23193, 77, 461.97
1791371048 23193, 79, 351.57
1791371049 23193, 89, 438.30
1791371050 23193, 59, 396.58
1791371051 23193, 42, 393.41
1791371052 23193, 83, 338.10
1791371053 23193, 76, 395.49
1791371054 23193, 92, 456.83
1791371055 23193, 90, 458.48
1791371056 23193, 0, 394.52
1791371057 23353, 91, 466.14
1791371058 23353, 84, 463.89
1791371059 23353, 93, 474.20
1791371060 23353, 90, 481.00
1791371061 23353, 19, 398.03
1791371062 23353, 49, 396.02
1791371064 23353, 83, 416.26
1791371065 23353, 89, 473.90
1791371066 23353, 91, 485.28
1791371067 23353, 77, 376.41
1791371068 23353, 76, 388.76
1791371069 23353, 60, 435.45
1791371070 23355, 77, 363.08
1791371071 23355, 92, 399.14
1791371072 23355, 67, 413.31
1791371073 23355, 86, 410.75
1791371074 23355, 85, 465.67
1791371075 23355, 32, 425.07
1791371076 23355, 45, 379.09
1791371077 23355, 92, 407.61
1791371078 23355, 77, 475.88
1791371079 23355, 91, 450.72
1791371080 23355, 85, 397.87
1791371081 23355, 86, 446.21
1791371082 23355, 60, 455.33
1791371083 23655, 91, 480.48
1791371084 23655, 81, 351.90
1791371085 23655, 78, 431.62
1791371086 23655, 92, 471.85
1791371087 23655, 83, 428.03
1791371088 23655, 82, 450.89
1791371090 23655, 87, 403.57
1791371091 23655, 95, 474.42
1791371092 23655, 76, 453.49
1791371093 23655, 78, 438.29
1791371094 23655, 55, 341.75
1791371095 23655, 91, 390.93
1791371096 23655, 61, 403.27
1791371097 23655, 66, 342.64
1791371098 23655, 86, 393.45
1791371099 23655, 51, 399.75
1791371100 23655, 87, 433.61
1791371101 23655, 52, 340.86
1791371102 23655, 71, 438.81
1791371103 23655, 86, 471.96
1791371104 23655, 90, 404.39
1791371105 23655, 42, 436.20
1791371106 23655, 52, 344.35
1791371107 23655, 90, 396.67
1791371108 23655, 93, 473.00
1791371109 23655, 92, 482.11
1791371110 23655, 86, 477.09
1791371111 23655, 93, 455.93
1791371112 23655, 90, 399.10
1791371113 23655, 79, 437.28
1791371114 23655, 83, 433.24
1791371116 23655, 91, 471.76
1791371117 23655, 88, 448.44
1791371118 23655, 92, 358.26
1791371119 23655, 64, 430.42
1791371120 23655, 87, 482.16
1791371121 23655, 95, 463.83
1791371122 23655, 94, 397.54
1791371123 23655, 68, 451.44
1791371124 23655, 86, 477.73
1791371125 23655, 73, 461.29
1791371126 23655, 54, 432.37
1791371127 23655, 90, 353.17
1791371128 23655, 78, 480.47
1791371129 23655, 75, 404.04
1791371130 23655, 85, 453.31
1791371131 23655, 95, 408.28
1791371132 23655, 58, 432.26
1791371133 23655, 88, 458.59
1791371134 23655, 49, 431.11
1791371135 23655, 4, 326.82
1791371136 23655, 52, 272.07
1791371137 23655, 4, 113.71
1791371138 23655, 8, 99.67
1791371139 23655, 4, 83.75
1791371140 23655, 7, 83.30
1791371141 23655, 4, 82.83
1791371142 23655, 2, 82.64
1791371144 23655, 4, 82.38
1791371145 23655, 0, 81.95
1791371146 23655, 6, 81.73
1791371147 23655, 3, 81.67
1791371148 23655, 8, 81.50
1791371149 23655, 4, 81.03
1791371150 23655, 6, 80.39
1791371151 23655, 0, 80.64
