1791179998 2, 0, 84.26
1791179999 2, 0, 69.64
1791180000 4, 0, 55.58
1791180001 4, 0, 50.98
1791180002 4, 0, 35.51
1791180003 4, 0, 31.92
1791180004 4, 0, 28.87
1791180005 508, 0, 35.53
1791180007 3770, 7, 88.64
1791180008 4830, 26, 91.87
1791180009 5590, 25, 94.89
1791180010 6650, 28, 93.99
1791180011 7690, 38, 90.88
1791180012 8750, 19, 94.83
1791180013 9790, 38, 91.52
1791180014 10170, 31, 93.74
1791180015 11230, 25, 93.70
1791180017 11930, 38, 91.16
1791180018 12970, 31, 93.08
1791180019 13930, 29, 91.60
1791180020 14730, 29, 90.44
1791180021 15430, 35, 90.42
1791180022 16470, 28, 94.35
1791180023 17170, 7, 93.30
1791180024 18210, 31, 90.93
1791180025 19270, 28, 94.33
1791180027 19970, 23, 90.91
1791180028 20312, 1, 87.14
1791180029 21612, 0, 86.69
1791180030 21612, 0, 83.77
1791180031 21612, 0, 83.71
1791180032 21612, 10, 84.67
1791180033 21612, 21, 85.20
1791180034 21612, 20, 85.22
1791180035 21612, 14, 85.04
1791180037 21612, 18, 84.97
1791180038 21640, 0, 88.37
1791180039 21640, 14, 92.86
1791180040 21640, 11, 93.57
1791180041 21642, 7, 83.81
1791180042 21642, 15, 83.91
1791180043 21642, 22, 83.61
1791180044 21642, 27, 83.52
1791180045 21642, 16, 83.58
1791180047 21642, 8, 83.52
1791180048 21642, 1, 83.59
1791180049 21642, 0, 83.63
1791180050 21642, 5, 83.49
1791180051 21642, 9, 83.57
1791180052 21642, 10, 83.45
1791180053 21642, 20, 83.45
1791180054 21642, 21, 83.37
1791180055 21642, 23, 83.41
1791180057 21642, 25, 83.39
1791180058 21642, 22, 83.42
1791180059 21642, 6, 83.46
1791180060 21642, 0, 83.49
1791180061 21642, 0, 83.38
1791180062 21642, 1, 83.32
1791180063 21642, 12, 83.22
1791180064 21642, 23, 83.31
1791180066 21642, 9, 83.37
1791180067 21642, 0, 83.32
1791180068 21642, 8, 83.25
1791180069 21642, 13, 83.21
1791180070 21642, 9, 83.05
1791180071 21642, 17, 83.14
1791180072 21642, 19, 83.04
1791180073 21642, 0, 82.98
1791180074 21642, 0, 83.07
1791180075 21642, 0, 83.15
1791180077 21642, 13, 83.18
1791180078 21642, 18, 83.14
1791180079 21642, 0, 83.07
1791180080 21642, 14, 82.97
1791180081 21642, 2, 83.08
1791180082 21642, 0, 83.12
1791180083 21642, 0, 83.11
1791180084 21642, 15, 83.05
1791180086 21642, 43, 82.92
1791180087 21642, 58, 83.02
1791180088 21642, 47, 82.80
1791180089 21642, 29, 82.90
1791180090 21642, 32, 82.77
1791180091 21642, 16, 82.77
1791180092 21642, 1, 82.82
1791180093 21642, 0, 82.87
1791180094 21642, 0, 82.73
1791180095 21642, 13, 82.72
1791180097 21642, 11, 82.57
1791180098 21652, 23, 82.75
1791180099 21660, 24, 98.90
1791180100 21720, 25, 226.01
1791180101 22548, 26, 156.05
1791180102 24040, 34, 222.99
1791180103 24970, 26, 332.36
1791180104 25760, 56, 231.06
1791180105 26846, 81, 401.43
1791180107 26872, 21, 248.67
1791180108 26872, 56, 252.83
1791180109 26872, 28, 229.58
1791180110 26872, 54, 272.01
1791180111 26880, 69, 286.87
1791180112 26880, 53, 354.60
1791180113 26898, 34, 257.70
1791180114 26898, 48, 308.75
1791180115 26898, 34, 316.35
1791180117 26898, 46, 361.97
1791180118 26898, 0, 289.61
1791180119 26898, 39, 218.55
1791180120 26898, 77, 342.91
1791180121 27038, 32, 400.14
1791180122 27038, 77, 344.50
1791180123 27038, 75, 422.27
1791180124 27038, 38, 230.06
1791180125 27038, 31, 268.93
1791180126 27038, 30, 372.30
1791180128 27038, 56, 251.46
1791180129 27038, 37, 348.62
1791180130 27038, 67, 326.51
1791180131 27038, 34, 231.32
1791180132 27038, 74, 349.73
1791180133 27038, 33, 317.04
1791180134 27038, 79, 292.85
1791180135 27038, 30, 386.18
1791180136 27038, 2, 197.69
1791180138 27038, 38, 286.92
1791180139 27038, 55, 308.66
1791180140 27038, 76, 389.54
1791180141 27038, 67, 339.59
1791180142 27038, 40, 321.97
1791180143 27038, 50, 413.07
1791180144 27038, 69, 310.39
1791180145 27038, 35, 375.28
1791180147 27038, 43, 210.69
1791180148 27038, 36, 328.09
1791180149 27038, 28, 253.90
1791180150 27038, 65, 313.52
1791180151 27038, 31, 305.14
1791180152 27038, 41, 270.13
1791180153 27038, 47, 326.41
1791180154 27038, 69, 361.83
1791180155 27038, 56, 349.93
1791180157 27038, 49, 430.10
1791180158 27038, 83, 386.92
1791180159 27038, 55, 385.76
1791180160 27518, 96, 471.17
1791180161 27518, 59, 376.57
1791180162 27518, 49, 332.17
1791180163 27518, 55, 451.85
1791180164 27518, 60, 349.05
1791180166 27518, 94, 499.33
1791180167 27518, 53, 363.19
1791180168 27518, 34, 345.65
1791180169 27518, 25, 243.00
1791180170 27518, 47, 268.76
1791180171 27518, 75, 451.41
1791180172 27518, 58, 373.34
1791180173 27518, 86, 372.65
1791180174 27558, 59, 498.06
1791180175 27558, 22, 339.80
1791180176 27558, 40, 329.69
1791180178 27558, 42, 289.11
1791180179 27558, 70, 362.77
1791180180 27558, 39, 333.58
1791180181 27558, 69, 381.58
1791180182 27558, 33, 248.12
1791180183 27558, 54, 289.54
1791180184 27558, 3, 396.29
1791180185 27558, 31, 360.24
1791180187 27558, 36, 284.51
1791180188 27558, 26, 283.32
1791180189 27558, 58, 288.00
1791180190 27558, 96, 444.60
1791180191 27558, 40, 295.32
1791180192 27558, 63, 334.88
1791180193 27558, 66, 325.36
1791180194 27558, 50, 353.81
1791180195 27558, 35, 251.17
1791180197 27558, 78, 393.55
1791180198 27558, 55, 357.22
1791180199 27558, 50, 383.55
1791180200 27558, 49, 313.12
1791180201 27558, 89, 401.78
1791180202 27558, 63, 368.51
1791180203 27558, 31, 305.21
1791180204 27558, 54, 307.63
1791180205 27558, 65, 387.23
1791180206 27558, 47, 310.86
1791180208 27558, 58, 422.96
1791180209 27638, 96, 464.42
1791180210 27638, 28, 393.12
1791180211 27638, 55, 302.00
1791180212 27638, 46, 309.10
1791180213 27638, 72, 352.62
1791180214 27638, 57, 369.08
1791180215 27638, 46, 262.99
1791180216 27638, 93, 459.14
1791180218 27638, 53, 390.77
1791180219 27638, 54, 396.48
1791180220 27638, 96, 434.89
1791180221 27638, 32, 372.70
1791180222 27638, 41, 358.37
1791180223 27638, 42, 311.05
1791180224 27638, 42, 285.77
1791180225 27638, 61, 358.19
1791180226 27638, 28, 279.65
1791180228 27638, 96, 463.47
1791180229 27638, 27, 285.24
1791180230 27638, 63, 291.98
1791180231 27638, 27, 334.92
1791180232 27638, 28, 265.14
1791180233 27638, 33, 248.20
1791180234 27638, 35, 252.00
1791180235 27638, 96, 442.36
1791180236 27638, 26, 328.06
1791180238 27638, 25, 238.24
1791180239 27638, 39, 432.52
1791180240 27638, 24, 279.44
1791180241 27638, 44, 259.58
1791180242 27638, 71, 252.07
1791180243 27638, 43, 379.48
1791180244 27638, 48, 311.32
1791180245 27638, 79, 444.88
1791180246 27638, 42, 427.21
1791180248 27638, 53, 296.22
1791180249 27638, 24, 375.45
1791180250 27638, 43, 259.35
1791180251 27638, 30, 229.90
1791180252 27638, 47, 254.61
1791180253 27638, 56, 328.79
1791180254 27638, 59, 391.80
1791180255 27638, 38, 393.79
1791180256 27638, 57, 393.80
1791180258 27638, 54, 393.12
1791180259 27638, 86, 416.91
1791180260 27638, 95, 422.02
1791180261 27638, 44, 387.54
1791180262 27638, 54, 418.95
1791180263 27638, 32, 288.12
1791180264 27638, 71, 425.79
1791180265 27638, 26, 405.92
1791180266 27638, 46, 331.09
1791180268 27638, 37, 338.66
1791180269 27638, 0, 304.89
1791180270 27638, 48, 381.16
1791180271 27638, 81, 383.42
1791180272 27638, 85, 311.93
1791180273 27638, 29, 327.85
1791180274 27638, 59, 432.52
1791180275 27638, 89, 438.82
1791180276 27638, 50, 456.23
1791180278 27638, 35, 275.38
1791180279 27638, 85, 282.28
1791180280 27638, 38, 440.66
1791180281 27638, 81, 365.36
1791180282 27638, 45, 361.16
1791180283 27638, 69, 459.52
1791180284 27638, 68, 404.96
1791180285 27638, 51, 311.67
1791180286 27638, 21, 407.88
1791180287 27638, 0, 270.19
1791180289 27638, 42, 286.51
1791180290 27638, 67, 361.49
1791180291 27638, 54, 404.34
1791180292 27638, 30, 272.16
1791180293 27638, 37, 285.24
1791180294 27638, 86, 400.16
1791180295 27638, 83, 478.64
1791180296 27638, 40, 471.62
1791180298 27638, 31, 273.52
1791180299 27638, 44, 438.58
1791180300 27638, 39, 313.81
1791180301 27638, 54, 337.92
1791180302 27638, 63, 261.86
1791180303 27638, 41, 344.94
1791180304 27638, 29, 246.73
1791180305 27638, 28, 252.90
1791180306 27638, 68, 139.77
1791180308 27638, 30, 99.04
1791180309 27638, 1, 89.85
1791180310 27638, 3, 89.47
1791180311 27638, 34, 88.77
1791180312 27638, 0, 87.98
1791180313 27638, 0, 87.93
1791180314 27638, 0, 87.48
1791180315 27638, 5, 87.25
1791180316 27638, 26, 86.63
1791180318 27638, 24, 86.64
1791180319 27638, 0, 86.61
1791180320 27638, 7, 86.36
1791180321 27638, 12, 85.99
1791180322 27638, 0, 85.59
1791180323 27638, 35, 85.40
1791180324 27638, 18, 85.36
1791180325 27638, 0, 85.16
1791180326 27638, 11, 84.93
1791180328 27638, 0, 84.96
1791180329 27638, 0, 85.04
1791180330 27638, 28, 85.00
1791180331 27638, 1, 84.98
1791180332 27638, 19, 84.78
1791180333 27638, 4, 84.83
1791180334 27638, 10, 84.71
1791180335 27638, 18, 85.79
1791180336 27638, 0, 84.29
1791180338 27638, 0, 84.26
1791180339 27638, 0, 84.19
1791180340 27638, 0, 84.27
