1791180696 2, 0, 83.99
1791180698 2, 0, 67.04
1791180699 4, 0, 50.92
1791180700 4, 0, 48.05
1791180701 4, 0, 32.66
1791180702 4, 0, 27.60
1791180703 4, 0, 27.31
1791180704 508, 0, 34.33
1791180705 3770, 0, 83.99
1791180707 4550, 37, 91.09
1791180708 5590, 30, 93.51
1791180709 6650, 37, 93.48
1791180710 7690, 29, 92.48
1791180711 8750, 38, 92.05
1791180712 9790, 7, 93.38
1791180713 10530, 38, 91.04
1791180714 11230, 38, 90.50
1791180715 12270, 39, 94.34
1791180717 13330, 34, 90.84
1791180718 14030, 5, 94.41
1791180719 15070, 25, 90.93
1791180720 15770, 33, 90.44
1791180721 16810, 17, 93.33
1791180722 17870, 37, 90.92
1791180723 18570, 35, 90.36
1791180724 19610, 26, 94.25
1791180726 20310, 30, 90.81
1791180727 21612, 27, 85.84
1791180728 21612, 0, 84.94
1791180729 21612, 0, 83.79
1791180730 21612, 0, 83.93
1791180731 21612, 10, 85.10
1791180732 21612, 15, 84.96
1791180733 21612, 18, 84.76
1791180734 21612, 10, 84.64
1791180736 21630, 11, 84.72
1791180737 21640, 2, 87.86
1791180738 21642, 2, 83.64
1791180739 21642, 7, 83.62
1791180740 21642, 5, 83.55
1791180742 21642, 7, 83.49
1791180743 21642, 4, 83.43
1791180744 21642, 0, 83.58
1791180745 21642, 9, 83.50
1791180746 21642, 16, 83.37
1791180748 21642, 17, 83.49
1791180749 21642, 0, 83.49
1791180750 21642, 12, 83.44
1791180751 21642, 23, 83.42
1791180752 21642, 0, 83.45
1791180753 21642, 21, 83.32
1791180754 21642, 24, 83.23
1791180755 21642, 0, 83.30
1791180757 21642, 41, 83.28
1791180758 21642, 59, 83.28
1791180759 21642, 20, 83.27
1791180760 21642, 0, 83.24
1791180761 21642, 16, 83.15
1791180762 21642, 9, 83.12
1791180763 21642, 0, 83.18
1791180764 21642, 0, 83.31
1791180766 21642, 36, 83.23
1791180767 21642, 2, 83.09
1791180768 21642, 1, 83.20
1791180769 21642, 12, 83.10
1791180770 21642, 14, 83.17
1791180771 21642, 11, 83.20
1791180772 21642, 11, 83.34
1791180773 21642, 13, 83.28
1791180774 21642, 0, 83.17
1791180776 21642, 11, 83.20
1791180777 21642, 46, 83.10
1791180778 21642, 62, 83.14
1791180779 21642, 29, 83.17
1791180780 21642, 1, 83.19
1791180781 21642, 21, 83.11
1791180782 21642, 34, 83.20
1791180783 21642, 19, 83.23
1791180784 21642, 0, 83.21
1791180786 21642, 0, 82.91
1791180787 21642, 1, 83.15
1791180788 21642, 34, 83.16
1791180789 21642, 67, 83.02
1791180790 21642, 26, 83.03
1791180791 21642, 1, 83.09
1791180792 21642, 3, 83.08
1791180793 21642, 33, 83.04
1791180795 21642, 25, 83.15
1791180796 21642, 0, 83.03
1791180797 21642, 0, 83.08
1791180798 21642, 10, 83.00
1791180799 21642, 7, 83.00
1791180800 21652, 0, 83.21
1791180801 21660, 25, 130.85
1791180802 19866, 24, 213.41
1791180803 21418, 25, 146.46
1791180805 22470, 61, 307.46
1791180806 23360, 51, 231.02
1791180807 24228, 78, 388.83
1791180808 24252, 20, 301.04
1791180809 24252, 13, 271.26
1791180810 24252, 50, 227.72
1791180811 24260, 30, 249.52
1791180812 24260, 49, 333.01
1791180814 24276, 47, 257.55
1791180815 24276, 38, 317.22
1791180816 24276, 62, 289.32
1791180817 24276, 49, 347.41
1791180818 24276, 37, 218.06
1791180819 24536, 84, 390.61
1791180820 24536, 30, 342.90
1791180821 24536, 53, 361.83
1791180823 24536, 37, 226.31
1791180824 24536, 29, 247.73
1791180825 24536, 29, 326.69
1791180826 24536, 62, 251.43
1791180827 24536, 60, 291.65
1791180828 24536, 23, 266.20
1791180829 24536, 65, 269.61
1791180830 24536, 38, 285.76
1791180832 24536, 26, 371.28
1791180833 24536, 26, 220.21
1791180834 24536, 44, 260.59
1791180835 24536, 49, 310.41
1791180836 24536, 44, 357.69
1791180838 24536, 36, 317.11
1791180839 24536, 54, 365.38
1791180840 24536, 72, 307.85
1791180841 24536, 34, 317.95
1791180842 24536, 52, 292.10
1791180843 24536, 21, 265.15
1791180844 24536, 55, 276.61
1791180845 24536, 25, 324.75
1791180847 24536, 49, 272.24
1791180848 24536, 51, 329.13
1791180849 24536, 0, 326.85
1791180850 24536, 76, 334.77
1791180851 24536, 68, 359.66
1791180852 24616, 70, 351.25
1791180853 24616, 54, 435.21
1791180854 24616, 53, 340.52
1791180856 24616, 79, 378.73
1791180857 24616, 41, 310.12
1791180858 24616, 86, 399.31
1791180859 24616, 56, 400.64
1791180860 24616, 24, 324.18
1791180861 24616, 38, 220.06
1791180862 24616, 70, 354.09
1791180863 24616, 42, 386.18
1791180864 24616, 52, 323.45
1791180865 24656, 80, 451.27
1791180867 24656, 27, 293.74
1791180868 24656, 32, 289.89
1791180869 24656, 46, 277.85
1791180870 24656, 33, 320.33
1791180871 24656, 25, 336.24
1791180872 24656, 33, 231.69
1791180873 24656, 33, 266.38
1791180875 24656, 45, 343.11
1791180876 24656, 35, 279.37
1791180877 24656, 43, 284.94
1791180878 24656, 41, 249.63
1791180879 24656, 95, 389.11
1791180880 24656, 37, 283.62
1791180881 24656, 48, 342.86
1791180882 24656, 44, 308.29
1791180883 24656, 27, 260.03
1791180885 24656, 63, 292.74
1791180886 24656, 64, 345.46
1791180887 24656, 37, 329.89
1791180888 24656, 54, 305.59
1791180889 24656, 77, 406.49
1791180890 24656, 29, 249.34
1791180891 24656, 55, 312.16
1791180892 24656, 71, 387.19
1791180894 24656, 69, 361.58
1791180895 24956, 93, 422.15
1791180896 24956, 27, 359.43
1791180897 24956, 41, 306.18
1791180898 24956, 41, 275.76
1791180899 24956, 49, 359.39
1791180900 24956, 44, 278.26
1791180901 24956, 86, 383.47
1791180902 24956, 50, 395.58
1791180904 24956, 55, 372.27
1791180905 24956, 13, 378.27
1791180906 24956, 55, 334.58
1791180907 24956, 32, 320.52
1791180908 24956, 37, 275.28
1791180909 24956, 40, 328.54
1791180910 24956, 85, 283.14
1791180911 24956, 34, 384.67
1791180912 24956, 49, 256.08
1791180913 24956, 26, 318.35
1791180915 24956, 31, 248.63
1791180916 24956, 31, 241.33
1791180917 24956, 96, 318.38
1791180918 24956, 66, 443.81
1791180919 24956, 25, 254.26
1791180920 24956, 39, 369.98
1791180921 24956, 27, 254.18
1791180922 24958, 25, 240.65
1791180923 24958, 70, 275.39
1791180925 24958, 47, 297.74
1791180926 24958, 59, 406.32
1791180927 24958, 48, 382.01
1791180928 24958, 46, 294.28
1791180929 24958, 38, 256.82
1791180930 24958, 30, 236.62
1791180931 24958, 25, 230.13
1791180932 24958, 49, 292.97
1791180933 24958, 58, 369.96
1791180935 24958, 43, 362.36
1791180936 24958, 63, 375.44
1791180937 24958, 53, 371.72
1791180938 24958, 67, 364.16
1791180939 24958, 66, 335.46
1791180940 24958, 49, 382.40
1791180941 24958, 61, 279.69
1791180942 24958, 68, 409.64
1791180943 24958, 37, 306.99
1791180945 24958, 37, 330.74
1791180946 24958, 69, 283.25
1791180947 24958, 40, 359.10
1791180948 24958, 22, 362.80
1791180949 24958, 76, 288.23
1791180950 24958, 74, 338.96
1791180951 24958, 65, 408.47
1791180952 24958, 40, 414.22
1791180953 24958, 38, 257.76
1791180955 24958, 82, 362.04
1791180956 24958, 57, 338.06
1791180957 24958, 41, 359.54
1791180958 24958, 91, 426.51
1791180959 24958, 64, 365.90
1791180960 24958, 80, 353.75
1791180961 24958, 28, 287.48
1791180962 24958, 39, 251.34
1791180963 24958, 50, 314.97
1791180965 24958, 37, 383.47
1791180966 24958, 36, 246.38
1791180967 24958, 36, 277.41
1791180968 24958, 49, 376.38
1791180969 24958, 0, 397.39
1791180970 24958, 26, 395.70
1791180971 24958, 87, 355.53
1791180972 24958, 39, 321.30
1791180973 24958, 46, 317.48
1791180975 24958, 45, 292.31
1791180976 24958, 21, 266.36
1791180977 24958, 25, 225.20
1791180978 24958, 9, 224.40
1791180979 24958, 1, 89.73
1791180980 24958, 0, 87.81
1791180981 24958, 5, 87.26
1791180982 24958, 55, 86.97
1791180983 24958, 15, 86.88
1791180985 24958, 11, 86.16
1791180986 24958, 9, 85.98
1791180987 24958, 0, 85.79
1791180988 24958, 0, 85.64
1791180989 24958, 16, 85.61
1791180990 24958, 29, 85.29
1791180991 24958, 39, 85.23
1791180992 24958, 3, 85.26
1791180993 24958, 6, 85.28
1791180995 24958, 34, 85.13
1791180996 24958, 5, 84.98
1791180997 24958, 0, 84.92
1791180998 24958, 0, 84.80
1791180999 24958, 1, 84.69
1791181000 24958, 25, 84.69
1791181001 24958, 23, 84.60
1791181002 24958, 18, 84.51
1791181003 24958, 0, 84.48
1791181005 24958, 13, 84.40
1791181006 24958, 16, 84.40
1791181007 24958, 0, 85.25
1791181008 24958, 0, 84.21
1791181009 24953, 0, 84.51
