1791057788 0, 0, 43.98
1791057789 0, 0, 38.00
1791057790 3, 0, 20.92
1791057791 3, 0, 20.05
1791057792 3, 0, 13.34
1791057793 3, 0, 13.19
1791057795 3, 0, 13.40
1791057796 507, 0, 29.42
1791057797 3739, 0, 67.09
1791057798 4519, 30, 71.21
1791057799 5559, 34, 69.49
1791057800 5839, 36, 69.11
1791057801 6899, 35, 68.66
1791057803 7659, 36, 68.35
1791057804 8719, 35, 68.78
1791057805 8999, 0, 70.86
1791057806 9759, 0, 70.55
1791057807 10499, 2, 70.54
1791057808 11439, 17, 70.25
1791057809 12239, 33, 70.81
1791057810 12939, 37, 68.02
1791057812 13639, 36, 68.36
1791057813 14339, 37, 71.14
1791057814 15039, 18, 92.71
1791057815 15739, 1, 96.45
1791057816 16439, 32, 93.94
1791057817 17139, 31, 95.92
1791057818 17839, 38, 69.71
1791057819 18539, 39, 71.71
1791057821 19579, 7, 71.52
1791057822 20279, 35, 69.82
1791057823 20281, 1, 61.88
1791057824 21581, 11, 64.98
1791057825 21581, 0, 59.43
1791057826 21581, 0, 60.58
1791057827 21581, 9, 64.08
1791057828 21581, 6, 64.08
1791057830 21581, 3, 62.78
1791057831 21581, 6, 60.75
1791057832 21581, 7, 60.55
1791057833 21581, 5, 61.47
1791057834 21609, 0, 67.25
1791057835 21609, 2, 62.65
1791057836 21611, 2, 61.78
1791057838 21611, 6, 59.32
1791057839 21611, 3, 58.75
1791057840 21611, 3, 58.59
1791057841 21611, 1, 60.49
1791057842 21611, 0, 62.14
1791057843 21611, 2, 61.88
1791057845 21611, 0, 60.98
1791057846 21611, 18, 59.00
1791057847 21611, 3, 58.75
1791057848 21611, 3, 59.82
1791057849 21611, 5, 61.74
1791057850 21611, 4, 62.04
1791057851 21611, 5, 61.54
1791057853 21611, 0, 60.01
1791057854 21611, 11, 58.67
1791057855 21611, 0, 58.73
1791057856 21611, 0, 59.93
1791057857 21611, 19, 61.28
1791057858 21611, 10, 60.94
1791057859 21611, 0, 60.02
1791057861 21611, 17, 58.39
1791057862 21611, 2, 58.45
1791057863 21611, 11, 59.42
1791057864 21611, 21, 60.69
1791057865 21611, 21, 61.71
1791057866 21611, 28, 60.56
1791057867 21611, 3, 58.99
1791057868 21611, 7, 57.94
1791057870 21611, 0, 58.28
1791057871 21611, 6, 59.68
1791057872 21611, 8, 60.82
1791057873 21611, 10, 61.05
1791057874 21611, 7, 59.31
1791057875 21611, 0, 58.35
1791057877 21611, 16, 57.85
1791057878 21611, 27, 59.37
1791057879 21611, 10, 60.15
1791057880 21611, 20, 60.58
1791057881 21611, 16, 60.05
1791057882 21611, 0, 58.53
1791057883 21611, 8, 57.49
1791057885 21611, 12, 57.63
1791057886 21611, 7, 59.43
1791057887 21611, 3, 60.23
1791057888 21611, 10, 60.08
1791057889 21611, 0, 58.23
1791057890 21611, 0, 57.41
1791057892 21611, 2, 57.36
1791057893 21611, 23, 58.57
1791057894 21611, 26, 59.85
1791057895 21611, 0, 60.32
1791057896 21611, 19, 58.71
1791057897 21611, 25, 57.95
1791057898 21611, 7, 57.35
1791057900 21611, 12, 58.32
1791057901 21611, 0, 59.04
1791057902 21611, 12, 60.38
1791057903 21611, 0, 60.09
1791057904 21611, 7, 58.10
1791057905 21611, 27, 57.21
1791057907 21611, 9, 57.47
1791057908 21611, 10, 58.57
1791057909 21625, 0, 59.98
1791057910 21629, 24, 138.41
1791057911 21629, 22, 155.74
1791057912 21629, 21, 154.94
1791057914 19815, 22, 164.10
1791057915 20727, 16, 141.68
1791057916 21289, 21, 165.10
1791057917 22351, 58, 263.99
1791057918 22829, 24, 193.58
1791057919 24117, 62, 310.99
1791057920 24117, 35, 264.73
1791057922 24141, 19, 176.75
1791057923 24141, 0, 174.68
1791057924 24141, 29, 156.47
1791057925 24151, 21, 228.78
1791057926 24151, 42, 194.99
1791057927 24151, 33, 274.77
1791057928 24165, 25, 187.38
1791057929 24165, 43, 231.84
1791057931 24165, 0, 220.65
1791057932 24165, 58, 220.99
1791057933 24165, 47, 276.19
1791057934 24165, 24, 206.17
1791057935 24165, 32, 187.38
1791057936 24425, 64, 317.67
1791057937 24425, 58, 289.89
1791057938 24425, 21, 186.45
1791057940 24425, 50, 233.53
1791057941 24425, 20, 228.33
1791057942 24425, 19, 142.71
1791057943 24425, 24, 190.24
1791057944 24425, 22, 164.14
1791057945 24425, 47, 257.40
1791057946 24425, 22, 189.83
1791057947 24425, 37, 247.61
1791057949 24425, 26, 211.75
1791057950 24425, 46, 275.34
1791057951 24425, 23, 184.30
1791057952 24425, 61, 239.01
1791057953 24425, 40, 263.16
1791057954 24425, 33, 221.97
1791057955 24425, 72, 295.97
1791057956 24425, 30, 171.47
1791057958 24425, 21, 179.15
1791057959 24425, 29, 191.85
1791057960 24425, 40, 244.92
1791057961 24425, 34, 292.60
1791057962 24425, 44, 236.64
1791057963 24425, 26, 273.53
1791057964 24425, 28, 225.56
1791057965 24425, 56, 241.04
1791057967 24425, 25, 196.23
1791057968 24425, 43, 281.60
1791057969 24425, 27, 188.32
1791057970 24425, 45, 217.82
1791057971 24425, 33, 229.18
1791057972 24425, 24, 182.27
1791057973 24425, 50, 251.95
1791057974 24425, 46, 242.89
1791057976 24425, 28, 191.74
1791057977 24425, 44, 200.06
1791057978 24425, 44, 243.93
1791057979 24425, 57, 283.52
1791057980 24427, 47, 267.67
1791057981 24427, 61, 303.38
1791057982 24427, 44, 267.32
1791057983 24427, 57, 274.55
1791057984 24647, 62, 310.88
1791057986 24647, 42, 300.48
1791057987 24647, 50, 276.82
1791057988 24647, 50, 228.65
1791057989 24647, 43, 329.00
1791057990 24647, 46, 302.27
1791057991 24647, 62, 323.15
1791057992 24647, 47, 273.00
1791057993 24647, 50, 267.92
1791057994 24647, 29, 192.38
1791057996 24647, 64, 311.69
1791057997 24647, 41, 280.98
1791057998 24647, 38, 250.78
1791057999 24647, 78, 327.96
1791058000 24647, 58, 340.33
1791058001 24647, 25, 185.85
1791058002 24647, 43, 218.50
1791058003 24647, 32, 195.07
1791058005 24647, 39, 245.82
1791058006 24647, 32, 233.40
1791058007 24647, 51, 271.21
1791058008 24647, 26, 208.69
1791058009 24647, 25, 188.71
1791058010 24647, 39, 223.32
1791058011 24647, 67, 317.36
1791058012 24647, 51, 261.34
1791058014 24647, 27, 213.35
1791058015 24647, 30, 220.72
1791058016 24647, 33, 199.90
1791058017 24647, 73, 281.66
1791058018 24647, 33, 334.82
1791058019 24647, 33, 217.90
1791058020 24647, 47, 207.28
1791058021 24647, 56, 308.82
1791058022 24647, 40, 234.43
1791058023 24647, 25, 182.60
1791058025 24647, 34, 234.93
1791058026 24647, 42, 269.08
1791058027 24647, 29, 296.62
1791058028 24647, 31, 234.35
1791058029 24647, 35, 204.83
1791058030 24647, 54, 262.01
1791058031 24647, 38, 293.62
1791058032 24647, 24, 211.04
1791058033 24647, 38, 229.88
1791058035 24647, 52, 289.06
1791058036 24647, 32, 260.08
1791058037 24647, 41, 222.50
1791058038 24647, 40, 297.35
1791058039 24807, 54, 303.71
1791058040 24807, 21, 227.39
1791058041 24807, 33, 216.57
1791058042 24807, 28, 222.88
1791058044 24807, 23, 200.66
1791058045 24807, 35, 237.08
1791058046 24807, 38, 234.58
1791058047 24807, 21, 180.28
1791058048 24807, 42, 209.10
1791058049 24807, 70, 287.09
1791058050 24807, 45, 262.24
1791058051 24807, 55, 295.74
1791058052 24807, 43, 272.66
1791058054 24807, 75, 350.20
1791058055 24807, 40, 212.60
1791058056 24807, 38, 250.33
1791058057 24807, 32, 226.99
1791058058 24807, 36, 217.56
1791058059 24807, 47, 258.68
1791058060 24807, 43, 228.36
1791058062 24807, 24, 237.06
1791058063 24807, 30, 209.17
1791058064 24807, 28, 194.86
1791058065 24807, 62, 255.51
1791058066 24807, 30, 207.27
1791058067 24807, 29, 194.76
1791058068 24807, 25, 185.55
1791058069 24807, 23, 188.17
1791058071 24807, 64, 284.68
1791058072 24807, 44, 330.54
1791058073 24807, 24, 200.67
1791058074 24807, 31, 184.37
1791058075 24807, 23, 195.43
1791058076 24807, 69, 235.21
1791058077 24807, 31, 205.18
1791058078 24807, 19, 175.24
1791058079 24807, 35, 214.17
1791058081 24807, 23, 171.99
1791058082 24807, 33, 251.92
1791058083 24807, 38, 226.10
1791058084 24807, 74, 303.71
1791058085 24807, 59, 325.79
1791058086 24807, 39, 230.70
1791058087 24807, 31, 221.15
1791058088 24807, 57, 285.37
1791058090 24807, 23, 177.89
1791058091 24807, 34, 205.86
1791058092 24807, 24, 176.91
1791058093 24807, 37, 201.83
1791058094 24807, 40, 199.45
1791058095 24807, 55, 278.91
1791058096 24807, 55, 297.82
1791058097 24807, 35, 242.75
1791058098 24807, 52, 287.92
1791058100 24807, 51, 278.73
1791058101 24807, 53, 293.79
1791058102 24807, 68, 330.35
1791058103 24807, 33, 240.37
1791058104 24807, 55, 232.28
1791058105 24807, 35, 262.10
1791058106 24807, 26, 203.25
1791058107 24807, 64, 317.86
1791058108 24807, 56, 281.66
1791058110 24807, 27, 207.14
1791058111 24807, 43, 254.88
1791058112 24807, 36, 231.01
1791058113 24807, 60, 249.21
1791058114 24807, 37, 247.47
1791058115 24807, 58, 296.44
1791058116 24807, 22, 199.57
1791058117 24807, 62, 264.74
1791058118 24807, 23, 224.85
1791058120 24807, 64, 303.32
1791058121 24807, 40, 269.20
1791058122 24807, 0, 277.67
1791058123 24807, 43, 177.97
1791058124 24807, 34, 221.65
1791058125 24807, 28, 284.76
1791058126 24807, 32, 291.19
1791058127 24807, 49, 274.96
1791058129 24807, 28, 253.55
1791058130 24807, 69, 326.59
1791058131 24807, 0, 274.24
1791058132 24807, 29, 271.41
1791058133 24807, 59, 250.77
1791058134 24807, 23, 278.52
1791058135 24807, 34, 212.42
1791058136 24807, 40, 232.98
1791058138 24807, 42, 254.10
1791058139 24807, 62, 298.41
1791058140 24807, 25, 180.29
1791058141 24807, 34, 208.08
1791058142 24807, 33, 210.99
1791058143 24807, 69, 325.40
1791058144 24807, 64, 352.80
1791058145 24807, 56, 311.58
1791058147 24807, 22, 212.25
1791058148 24807, 32, 297.98
1791058150 24807, 37, 236.49
1791058151 24807, 19, 218.79
1791058152 24807, 52, 283.61
1791058153 24807, 36, 208.90
1791058155 24807, 26, 185.91
1791058156 24807, 32, 198.11
1791058157 24807, 56, 248.41
1791058158 24807, 49, 285.90
1791058159 24807, 34, 211.53
1791058160 24807, 31, 206.96
1791058161 24807, 31, 228.07
1791058163 24807, 55, 288.54
1791058164 24807, 80, 349.52
1791058165 24807, 34, 244.59
1791058166 24807, 23, 156.00
1791058167 24807, 46, 231.59
1791058168 24807, 37, 226.84
1791058169 24807, 41, 238.88
1791058171 24807, 30, 272.72
1791058172 24807, 43, 283.13
1791058173 24807, 18, 211.47
1791058174 24807, 25, 174.14
1791058175 24807, 39, 201.41
1791058176 24807, 59, 256.49
1791058177 24807, 28, 216.40
1791058179 24807, 27, 221.12
1791058180 24807, 33, 233.68
1791058181 24807, 39, 210.23
1791058182 24807, 36, 278.16
1791058183 24807, 8, 251.58
1791058184 25627, 69, 370.92
1791058185 25627, 94, 364.06
1791058187 25627, 41, 253.33
1791058188 25627, 25, 177.73
1791058189 25627, 37, 260.29
1791058190 25627, 32, 234.77
1791058191 25627, 44, 292.98
1791058193 25627, 26, 237.02
1791058194 25627, 30, 236.27
1791058195 25627, 43, 314.23
1791058196 25627, 24, 277.87
1791058197 25627, 26, 186.97
1791058198 25627, 28, 200.57
1791058199 25627, 21, 186.02
1791058200 25627, 32, 246.96
1791058202 25627, 55, 349.81
1791058203 25627, 49, 247.36
1791058204 25627, 19, 273.24
1791058205 25627, 33, 185.26
1791058206 25627, 32, 216.88
1791058207 25627, 46, 247.14
1791058208 25627, 34, 212.64
1791058210 25627, 35, 216.42
1791058211 25627, 54, 310.74
1791058212 25627, 31, 221.76
1791058213 25627, 26, 255.00
1791058214 25627, 45, 212.83
1791058215 25627, 54, 321.02
1791058216 25627, 47, 272.01
1791058218 25627, 35, 233.23
1791058219 25627, 39, 252.62
1791058220 25627, 32, 215.18
1791058221 25627, 79, 330.99
1791058222 25627, 71, 246.86
1791058223 25627, 27, 284.14
1791058224 25627, 40, 280.59
1791058225 25627, 41, 253.48
1791058227 25627, 70, 333.89
1791058228 25627, 45, 285.12
1791058229 25627, 65, 302.51
1791058230 25627, 56, 312.66
1791058231 25627, 40, 260.69
1791058232 25627, 39, 203.54
1791058233 25627, 16, 181.51
1791058234 25627, 19, 160.33
1791058235 25627, 14, 168.24
1791058237 25627, 24, 177.58
1791058238 25627, 33, 219.79
1791058239 25627, 34, 210.91
1791058240 25627, 25, 196.22
1791058241 25627, 28, 187.64
1791058242 25627, 47, 287.85
1791058243 25627, 25, 196.40
1791058244 25627, 30, 220.60
1791058246 25627, 46, 266.79
1791058247 25627, 30, 210.80
1791058248 25627, 34, 308.32
1791058249 25627, 56, 256.75
1791058250 25627, 64, 317.79
1791058251 25627, 52, 308.11
1791058252 25627, 60, 297.22
1791058253 25627, 39, 230.93
1791058255 25627, 32, 185.66
1791058256 25627, 35, 238.47
1791058257 25627, 46, 247.49
1791058258 25627, 60, 303.01
1791058259 25627, 25, 300.17
1791058260 25627, 46, 254.78
1791058261 25627, 58, 308.52
1791058262 25627, 83, 346.38
1791058264 25627, 41, 246.39
1791058265 25627, 57, 304.56
1791058266 25627, 26, 226.14
1791058267 25627, 33, 215.48
1791058268 25627, 52, 340.58
1791058269 25627, 26, 250.25
1791058270 25627, 30, 224.33
1791058271 25627, 0, 200.85
1791058272 25627, 25, 207.10
1791058274 25627, 45, 277.07
1791058275 25627, 67, 299.28
1791058276 25627, 22, 211.20
1791058277 25627, 47, 224.28
1791058278 25627, 37, 245.50
1791058279 25627, 23, 164.39
1791058280 25627, 37, 241.30
1791058281 25627, 55, 304.37
1791058283 25627, 61, 313.87
1791058284 25627, 32, 251.21
1791058285 25627, 36, 258.62
1791058286 25627, 31, 246.92
1791058287 25627, 60, 260.12
1791058288 25627, 76, 297.91
1791058289 25627, 47, 281.12
1791058290 25627, 44, 247.79
1791058291 25627, 38, 227.34
1791058293 25627, 35, 230.44
1791058294 25627, 31, 232.19
1791058295 25627, 44, 234.20
1791058296 25627, 28, 237.93
1791058297 25627, 70, 262.32
1791058298 25627, 45, 307.00
1791058299 25627, 47, 266.32
1791058300 25627, 34, 249.60
1791058301 25627, 62, 322.11
1791058303 25627, 32, 270.32
1791058304 25627, 46, 275.77
1791058305 25627, 51, 239.67
1791058306 25627, 30, 293.74
1791058307 25627, 30, 209.17
1791058308 25627, 58, 263.42
1791058309 25627, 59, 290.75
1791058310 25627, 34, 250.21
1791058311 25627, 43, 261.13
1791058313 25627, 29, 218.52
1791058314 25627, 21, 224.48
1791058315 25627, 36, 229.43
1791058316 25627, 43, 247.68
1791058317 25627, 41, 250.00
1791058318 25627, 34, 234.09
1791058319 25627, 55, 258.92
1791058320 25627, 24, 174.08
1791058322 25627, 24, 211.27
1791058323 25627, 36, 244.19
1791058324 25627, 38, 245.78
1791058325 25627, 34, 207.40
1791058326 25627, 29, 206.42
1791058327 25627, 46, 248.40
1791058328 25627, 63, 284.77
1791058329 25627, 52, 293.98
1791058330 25627, 50, 312.56
1791058332 25627, 34, 275.65
1791058333 25627, 27, 218.60
1791058334 25627, 31, 282.68
1791058335 25627, 27, 197.19
1791058336 25627, 63, 301.56
1791058337 25627, 31, 211.03
1791058338 25627, 30, 226.82
1791058339 25627, 30, 233.82
1791058340 25627, 45, 291.39
1791058342 25627, 68, 339.04
1791058343 25627, 24, 176.51
1791058344 25627, 32, 205.17
1791058345 25627, 35, 188.05
1791058346 25627, 35, 225.54
1791058347 25627, 55, 279.74
1791058348 25627, 44, 301.61
1791058349 25627, 29, 296.37
1791058350 25627, 22, 196.74
1791058352 25627, 37, 244.76
1791058353 25627, 62, 319.12
1791058354 25627, 62, 243.73
1791058355 25627, 46, 300.81
1791058356 25627, 48, 273.96
1791058357 25627, 35, 238.33
1791058358 25627, 37, 234.27
1791058359 25627, 29, 209.48
1791058360 25627, 33, 208.06
1791058362 25627, 41, 256.31
1791058363 25627, 53, 296.99
1791058364 25627, 25, 225.89
1791058365 25627, 47, 227.41
1791058366 25627, 40, 255.05
1791058367 25627, 47, 252.31
1791058368 25627, 58, 268.39
1791058369 25627, 26, 168.48
1791058370 25627, 29, 274.03
1791058372 25627, 59, 290.88
1791058373 25627, 46, 255.64
1791058374 25627, 42, 241.93
1791058375 25627, 25, 233.64
1791058376 25627, 46, 216.89
1791058377 25627, 47, 266.05
1791058378 25627, 54, 256.69
1791058379 25627, 30, 200.72
1791058380 25627, 41, 252.58
1791058382 25627, 47, 233.14
1791058383 25627, 23, 186.86
1791058384 25627, 18, 161.22
1791058385 25627, 18, 163.36
1791058386 25627, 21, 168.04
1791058387 25627, 32, 156.76
1791058388 25627, 40, 244.79
1791058389 25627, 34, 247.49
1791058390 25627, 57, 297.67
1791058391 25627, 0, 271.32
1791058393 25627, 74, 353.23
1791058394 25627, 36, 265.13
1791058395 25627, 35, 228.21
1791058396 25627, 43, 246.61
1791058397 25627, 48, 271.99
1791058398 25627, 37, 211.84
1791058399 25627, 25, 163.94
1791058400 25627, 31, 246.17
1791058402 25627, 43, 272.53
1791058403 25627, 67, 293.62
1791058404 25627, 21, 213.58
1791058405 25627, 48, 201.49
1791058406 25627, 70, 298.13
1791058407 25627, 63, 335.98
1791058408 25627, 32, 192.04
1791058409 25627, 57, 298.51
1791058410 25627, 56, 311.69
1791058412 25627, 55, 312.56
1791058413 25627, 30, 254.24
1791058414 25627, 32, 225.02
1791058415 25627, 35, 227.24
1791058416 25627, 85, 266.30
1791058417 25627, 37, 321.93
1791058418 25627, 41, 235.04
1791058419 25627, 79, 368.41
1791058420 25627, 55, 334.76
1791058422 25627, 26, 246.68
1791058423 25627, 70, 332.69
1791058424 25627, 39, 233.51
1791058425 25627, 67, 251.19
1791058426 25627, 26, 257.47
1791058427 25627, 55, 271.47
1791058428 25627, 25, 210.78
1791058429 25627, 49, 241.54
1791058430 25627, 38, 252.61
1791058432 25627, 29, 255.45
1791058433 25627, 47, 284.65
1791058434 25627, 63, 296.56
1791058435 25627, 23, 310.90
1791058436 25627, 83, 261.86
1791058437 25627, 36, 318.12
1791058438 25627, 73, 291.74
1791058439 25627, 63, 293.83
1791058440 25627, 33, 246.19
1791058441 25627, 56, 259.44
1791058443 25627, 38, 235.32
1791058444 25627, 40, 231.19
1791058445 25627, 29, 216.31
1791058446 25627, 31, 224.26
1791058447 25627, 37, 246.53
1791058448 25627, 39, 260.32
1791058449 25627, 23, 176.12
1791058450 25627, 47, 261.85
1791058451 25627, 44, 260.56
1791058453 25627, 62, 313.40
1791058454 25627, 54, 301.32
1791058455 25627, 34, 242.57
1791058456 25627, 31, 249.87
1791058457 25627, 72, 238.13
1791058458 25627, 12, 359.63
1791058459 25627, 26, 197.93
1791058460 25627, 37, 260.19
1791058461 25627, 51, 299.21
1791058463 25627, 34, 221.89
1791058464 25627, 47, 289.41
1791058465 25627, 56, 294.76
1791058466 25627, 78, 356.16
1791058467 25627, 40, 222.15
1791058468 25627, 53, 264.49
1791058469 25627, 51, 277.15
1791058470 25627, 26, 274.23
1791058472 25627, 21, 182.35
1791058473 25627, 34, 225.18
1791058474 25627, 55, 269.64
1791058475 25627, 84, 290.70
1791058476 25627, 29, 308.83
1791058477 25627, 33, 204.67
1791058478 25627, 47, 251.07
1791058479 25627, 44, 286.35
1791058480 25627, 65, 338.03
1791058482 25627, 35, 290.46
1791058483 25627, 19, 166.53
1791058484 25627, 21, 175.84
1791058485 25627, 65, 231.32
1791058486 25627, 26, 258.68
1791058487 25627, 56, 248.11
1791058488 25627, 33, 252.47
1791058490 25627, 77, 364.52
1791058491 25627, 68, 276.55
1791058492 25627, 27, 218.77
1791058493 25627, 47, 293.14
1791058494 25627, 36, 297.92
1791058495 25627, 20, 278.97
1791058496 25627, 29, 179.86
1791058497 25627, 27, 205.23
1791058498 25627, 22, 178.24
1791058500 25627, 30, 201.61
1791058501 25627, 55, 269.68
1791058502 25627, 57, 248.26
1791058503 25627, 69, 328.63
1791058504 25627, 34, 255.48
1791058505 25627, 23, 182.68
1791058506 25627, 45, 219.07
1791058507 25627, 32, 211.49
1791058508 25627, 23, 198.75
1791058510 25627, 35, 245.43
1791058511 25627, 33, 276.10
1791058512 25627, 32, 201.60
1791058513 25627, 43, 249.39
1791058514 25627, 29, 243.38
1791058515 25627, 55, 286.18
1791058516 25627, 44, 248.80
1791058517 25627, 23, 158.21
1791058519 25627, 33, 227.02
1791058520 25627, 62, 319.98
1791058521 25627, 28, 226.73
1791058522 25627, 59, 299.54
1791058523 25627, 37, 303.23
1791058524 25627, 30, 179.42
1791058525 25627, 24, 218.69
1791058526 25627, 47, 270.67
1791058527 25627, 26, 239.45
1791058529 25627, 53, 297.33
1791058530 25627, 33, 213.19
1791058531 25627, 29, 231.27
1791058532 25627, 24, 181.02
1791058533 25627, 60, 285.65
1791058534 25627, 39, 216.13
1791058535 25627, 33, 223.52
1791058536 25627, 39, 193.22
1791058537 25627, 28, 183.67
1791058539 25627, 33, 186.12
1791058540 25627, 60, 271.53
1791058541 25627, 20, 185.47
1791058542 25627, 36, 195.03
1791058543 25627, 38, 229.18
1791058544 25627, 44, 243.38
1791058545 25627, 63, 297.43
1791058546 25627, 41, 237.35
1791058547 25627, 54, 281.09
1791058549 25627, 32, 251.93
1791058550 25627, 56, 276.94
1791058551 25627, 39, 270.41
1791058552 25627, 23, 194.81
1791058553 25627, 9, 189.35
1791058554 25627, 29, 225.99
1791058555 25627, 21, 205.88
1791058556 25627, 42, 246.67
1791058557 25627, 46, 269.89
1791058559 25627, 26, 196.45
1791058560 25627, 33, 212.97
1791058561 25627, 46, 253.44
1791058562 25627, 57, 289.37
1791058563 25627, 45, 251.47
1791058564 25627, 56, 286.24
1791058565 25627, 39, 247.76
1791058566 25627, 52, 287.90
1791058567 25627, 36, 229.55
1791058569 25627, 73, 356.68
1791058570 25627, 53, 308.52
1791058571 25627, 30, 233.65
1791058572 25627, 0, 210.17
1791058573 25627, 44, 281.84
1791058574 25627, 38, 290.31
1791058575 25627, 54, 343.01
1791058576 25627, 36, 293.38
1791058578 25627, 39, 278.90
1791058579 25627, 30, 241.43
1791058580 25627, 59, 318.59
1791058581 25627, 23, 261.75
1791058582 25627, 36, 245.20
1791058583 25627, 71, 290.34
1791058584 25627, 48, 361.02
1791058585 25627, 20, 201.68
1791058586 25627, 35, 228.24
1791058587 25627, 26, 217.33
1791058589 25627, 30, 226.72
1791058590 25627, 46, 255.90
1791058591 25627, 42, 215.30
1791058592 25627, 24, 279.40
1791058593 25627, 26, 190.01
1791058594 25627, 33, 205.27
1791058595 25627, 67, 318.23
1791058596 25627, 52, 286.24
1791058597 25627, 25, 198.42
1791058599 25627, 30, 198.73
1791058600 25627, 36, 219.63
1791058601 25627, 41, 224.65
1791058602 25627, 72, 321.32
1791058603 25627, 32, 287.39
1791058604 25627, 28, 205.03
1791058605 25627, 35, 261.30
1791058606 25627, 54, 292.68
1791058607 25627, 39, 227.86
1791058609 25627, 19, 156.80
1791058610 25627, 26, 203.30
1791058611 25627, 34, 280.82
1791058612 25627, 49, 249.01
1791058613 25627, 32, 270.42
1791058614 25627, 31, 225.46
1791058615 25627, 47, 264.57
1791058616 25627, 63, 317.18
1791058617 25627, 45, 237.89
1791058619 25627, 26, 186.74
1791058620 25627, 37, 236.39
1791058621 25627, 57, 284.61
1791058622 25627, 33, 246.98
1791058623 25627, 56, 275.64
1791058624 25627, 55, 306.65
1791058625 25627, 81, 322.29
1791058626 25627, 24, 176.64
1791058627 25627, 42, 245.20
1791058629 25627, 34, 227.92
1791058630 25627, 58, 276.64
1791058631 25627, 43, 270.80
1791058632 25627, 35, 202.84
1791058633 25627, 57, 271.09
1791058634 25627, 36, 329.37
1791058635 25627, 43, 290.60
1791058636 25627, 36, 282.23
1791058637 25627, 67, 344.71
1791058639 25627, 34, 270.81
1791058640 25627, 46, 254.99
1791058641 25627, 33, 229.01
1791058642 25627, 31, 212.99
1791058643 25627, 46, 207.15
1791058644 25627, 44, 265.73
1791058645 25627, 25, 204.59
1791058646 25627, 85, 350.40
1791058647 25627, 27, 196.43
1791058649 25627, 30, 215.32
1791058650 25627, 27, 202.86
1791058651 25627, 29, 199.62
1791058652 25627, 27, 163.79
1791058653 25627, 28, 190.28
1791058654 25627, 30, 261.12
1791058655 25627, 74, 341.89
1791058656 25627, 44, 302.09
1791058658 25627, 60, 275.62
1791058659 25627, 20, 195.77
1791058660 25627, 20, 195.00
1791058661 25627, 46, 190.63
1791058662 25627, 27, 291.08
1791058663 25627, 34, 223.51
1791058664 25627, 72, 266.58
1791058665 25627, 65, 316.74
1791058666 25627, 40, 241.87
1791058668 25627, 33, 227.77
1791058669 25627, 60, 269.68
1791058670 25627, 34, 202.07
1791058671 25627, 26, 189.49
1791058672 25627, 26, 182.06
1791058673 25627, 37, 213.42
1791058674 25627, 42, 248.09
1791058675 25627, 35, 295.58
1791058676 25627, 28, 261.34
1791058677 25627, 22, 221.70
1791058679 25627, 48, 293.83
1791058680 25627, 34, 292.71
1791058681 25627, 56, 327.88
1791058682 25627, 29, 313.41
1791058683 25627, 63, 253.70
1791058684 25627, 40, 306.71
1791058685 25627, 28, 209.94
1791058686 25627, 65, 292.97
1791058688 25627, 62, 304.15
1791058689 25627, 29, 204.74
1791058690 25627, 43, 257.68
1791058691 25627, 36, 232.19
1791058692 25627, 61, 308.50
1791058693 25627, 42, 233.29
1791058694 25627, 53, 267.73
1791058695 25627, 40, 192.10
1791058697 25627, 21, 171.35
1791058698 25627, 15, 173.52
1791058699 25627, 7, 106.90
1791058700 25627, 0, 65.17
1791058701 25627, 14, 65.51
1791058702 25627, 12, 66.33
1791058703 25627, 0, 67.44
1791058704 25627, 13, 67.16
1791058706 25627, 12, 65.64
1791058707 25627, 0, 64.37
1791058708 25627, 0, 63.69
1791058709 25627, 13, 65.32
1791058710 25627, 4, 66.09
1791058711 25627, 0, 66.43
1791058712 25627, 18, 64.89
1791058713 25627, 23, 63.47
1791058715 25627, 0, 62.67
1791058716 25627, 7, 63.49
1791058717 25627, 10, 64.48
1791058718 25627, 0, 64.80
1791058719 25627, 0, 65.03
1791058720 25627, 18, 63.49
1791058721 25627, 8, 61.66
1791058722 25627, 0, 61.15
1791058724 25627, 13, 61.73
1791058725 25627, 13, 63.42
1791058726 25627, 1, 63.95
1791058727 25627, 0, 63.38
1791058728 25627, 10, 62.33
1791058729 25627, 8, 61.23
1791058730 25627, 11, 61.39
1791058731 25627, 26, 63.87
1791058733 25627, 0, 63.28
1791058734 25627, 0, 63.31
1791058735 25627, 0, 62.23
