1790981750 2520, 14001, 46, 0x0000000000000000 | 2.02 2.17 2.19 | cpu  640900417 334735728 176178854 19732611805 4920439 0 2517813 0 0 0
1790981751 2520, 14001, 46, 0x0000000000000000 | 2.02 2.17 2.19 | cpu  640900915 334735728 176178941 19732618004 4920439 0 2517813 0 0 0
1790981752 532, 810, 45, 0x0000000000000000 | 2.02 2.17 2.19 | cpu  640901014 334735728 176179015 19732624610 4920439 0 2517813 0 0 0
1790981753 322, 810, 44, 0x0000000000000000 | 2.02 2.17 2.19 | cpu  640901153 334735728 176179037 19732631201 4920439 0 2517813 0 0 0
1790981754 240, 405, 44, 0x0000000000000000 | 2.02 2.17 2.19 | cpu  640901343 334735728 176179066 19732637766 4920439 0 2517814 0 0 0
1790981755 240, 405, 44, 0x0000000000000000 | 2.18 2.20 2.20 | cpu  640901847 334735728 176179093 19732643998 4920439 0 2517814 0 0 0
1790981756 2520, 13801, 45, 0x0000000000000000 | 2.18 2.20 2.20 | cpu  640901942 334735728 176179124 19732650596 4920439 0 2517814 0 0 0
1790981757 2520, 13801, 45, 0x0000000000000000 | 2.18 2.20 2.20 | cpu  640902107 334735728 176179149 19732657140 4920439 0 2517814 0 0 0
1790981758 2520, 13801, 45, 0x0000000000000000 | 2.18 2.20 2.20 | cpu  640902237 334735728 176179225 19732663673 4920439 0 2517814 0 0 0
1790981759 2520, 13801, 45, 0x0000000000000000 | 2.18 2.20 2.20 | cpu  640902416 334735728 176179257 19732670192 4920439 0 2517814 0 0 0
1790981760 2520, 13801, 45, 0x0000000000000000 | 2.16 2.20 2.19 | cpu  640902555 334735728 176179280 19732676767 4920440 0 2517814 0 0 0
1790981761 2520, 13801, 45, 0x0000000000000000 | 2.16 2.20 2.19 | cpu  640902694 334735728 176179301 19732683351 4920440 0 2517814 0 0 0
1790981762 2572, 13801, 45, 0x0000000000000000 | 2.16 2.20 2.19 | cpu  640902835 334735728 176179344 19732689923 4920440 0 2517814 0 0 0
1790981763 2572, 13801, 45, 0x0000000000000000 | 2.16 2.20 2.19 | cpu  640902984 334735728 176179391 19732696471 4920440 0 2517814 0 0 0
1790981764 2572, 13801, 45, 0x0000000000000000 | 2.16 2.20 2.19 | cpu  640903102 334735728 176179443 19732703051 4920440 0 2517814 0 0 0
1790981766 2572, 13801, 45, 0x0000000000000000 | 2.15 2.19 2.19 | cpu  640903205 334735728 176179551 19732709605 4920440 0 2517814 0 0 0
1790981767 2565, 13801, 45, 0x0000000000000000 | 2.15 2.19 2.19 | cpu  640903327 334735728 176179601 19732716170 4920440 0 2517814 0 0 0
1790981768 2572, 13801, 45, 0x0000000000000000 | 2.15 2.19 2.19 | cpu  640903446 334735728 176179639 19732722766 4920440 0 2517814 0 0 0
1790981769 2520, 13801, 45, 0x0000000000000000 | 2.15 2.19 2.19 | cpu  640903553 334735728 176179750 19732729302 4920440 0 2517814 0 0 0
1790981770 2520, 13801, 44, 0x0000000000000000 | 1.98 2.16 2.18 | cpu  640903569 334735728 176179814 19732735974 4920440 0 2517815 0 0 0
1790981771 2520, 13801, 44, 0x0000000000000000 | 1.98 2.16 2.18 | cpu  640903702 334735728 176179820 19732742573 4920440 0 2517815 0 0 0
1790981772 2557, 13801, 45, 0x0000000000000000 | 1.98 2.16 2.18 | cpu  640905099 334735728 176179845 19732747900 4920440 0 2517815 0 0 0
1790981773 2550, 13801, 45, 0x0000000000000000 | 1.98 2.16 2.18 | cpu  640906402 334735728 176179867 19732753322 4920441 0 2517815 0 0 0
1790981774 2557, 13801, 44, 0x0000000000000000 | 1.98 2.16 2.18 | cpu  640907693 334735728 176179886 19732758747 4920441 0 2517815 0 0 0
1790981775 2557, 13801, 45, 0x0000000000000000 | 1.98 2.15 2.18 | cpu  640909019 334735728 176179906 19732764152 4920441 0 2517815 0 0 0
1790981776 2587, 13801, 44, 0x0000000000000000 | 1.98 2.15 2.18 | cpu  640909397 334735728 176179913 19732770507 4920441 0 2517815 0 0 0
1790981777 2520, 13801, 44, 0x0000000000000000 | 1.98 2.15 2.18 | cpu  640909608 334735728 176179919 19732777037 4920441 0 2517815 0 0 0
1790981778 2520, 13801, 44, 0x0000000000000000 | 1.98 2.15 2.18 | cpu  640909819 334735728 176179932 19732783544 4920441 0 2517815 0 0 0
1790981779 2520, 13801, 44, 0x0000000000000000 | 1.98 2.15 2.18 | cpu  640910034 334735728 176179942 19732790060 4920441 0 2517815 0 0 0
1790981780 2520, 13801, 44, 0x0000000000000000 | 1.90 2.13 2.17 | cpu  640910121 334735728 176179990 19732796675 4920441 0 2517815 0 0 0
1790981781 2520, 13801, 44, 0x0000000000000000 | 1.90 2.13 2.17 | cpu  640910229 334735728 176180121 19732803173 4920441 0 2517816 0 0 0
1790981782 2520, 13801, 43, 0x0000000000000000 | 1.90 2.13 2.17 | cpu  640910370 334735728 176180180 19732809735 4920441 0 2517816 0 0 0
1790981783 2520, 13801, 43, 0x0000000000000000 | 1.90 2.13 2.17 | cpu  640910421 334735728 176180241 19732816366 4920441 0 2517816 0 0 0
1790981784 2520, 13801, 43, 0x0000000000000000 | 1.90 2.13 2.17 | cpu  640910573 334735728 176180307 19732822893 4920442 0 2517816 0 0 0
1790981786 2520, 13801, 43, 0x0000000000000000 | 1.91 2.13 2.17 | cpu  640910673 334735728 176180373 19732829478 4920442 0 2517816 0 0 0
1790981787 2520, 13801, 43, 0x0000000000000000 | 1.91 2.13 2.17 | cpu  640910831 334735728 176180431 19732836001 4920442 0 2517816 0 0 0
1790981788 2520, 13801, 43, 0x0000000000000000 | 1.91 2.13 2.17 | cpu  640910986 334735728 176180493 19732842518 4920442 0 2517816 0 0 0
1790981789 2520, 13801, 43, 0x0000000000000000 | 1.91 2.13 2.17 | cpu  640911137 334735728 176180559 19732849038 4920442 0 2517816 0 0 0
1790981790 2520, 13801, 43, 0x0000000000000000 | 1.92 2.13 2.17 | cpu  640911292 334735728 176180626 19732855561 4920442 0 2517816 0 0 0
1790981791 2520, 13801, 43, 0x0000000000000000 | 1.92 2.13 2.17 | cpu  640911452 334735728 176180744 19732862001 4920442 0 2517816 0 0 0
1790981792 2520, 13801, 43, 0x0000000000000000 | 1.92 2.13 2.17 | cpu  640911603 334735728 176180872 19732868477 4920443 0 2517816 0 0 0
1790981793 2520, 13801, 43, 0x0000000000000000 | 1.92 2.13 2.17 | cpu  640911760 334735728 176180934 19732875007 4920443 0 2517816 0 0 0
1790981794 2520, 13801, 43, 0x0000000000000000 | 1.92 2.13 2.17 | cpu  640911912 334735728 176181000 19732881539 4920443 0 2517816 0 0 0
1790981795 2520, 13801, 43, 0x0000000000000000 | 2.08 2.16 2.18 | cpu  640912067 334735728 176181065 19732888072 4920447 0 2517816 0 0 0
1790981796 2520, 13801, 43, 0x0000000000000000 | 2.08 2.16 2.18 | cpu  640912224 334735728 176181125 19732894605 4920447 0 2517816 0 0 0
1790981797 2520, 13801, 43, 0x0000000000000000 | 2.08 2.16 2.18 | cpu  640912356 334735728 176181186 19732901164 4920447 0 2517817 0 0 0
1790981798 2520, 13801, 43, 0x0000000000000000 | 2.08 2.16 2.18 | cpu  640912508 334735728 176181253 19732907685 4920447 0 2517817 0 0 0
1790981799 2520, 13801, 43, 0x0000000000000000 | 2.08 2.16 2.18 | cpu  640912629 334735728 176181317 19732914241 4920447 0 2517817 0 0 0
1790981800 2520, 13801, 43, 0x0000000000000000 | 2.08 2.16 2.18 | cpu  640912785 334735728 176181377 19732920772 4920447 0 2517817 0 0 0
1790981801 2520, 13801, 42, 0x0000000000000000 | 2.08 2.16 2.18 | cpu  640912943 334735728 176181442 19732927298 4920447 0 2517817 0 0 0
1790981802 2520, 13801, 42, 0x0000000000000000 | 2.08 2.16 2.18 | cpu  640913062 334735728 176181506 19732933868 4920447 0 2517817 0 0 0
1790981803 2520, 13801, 42, 0x0000000000000000 | 2.08 2.16 2.18 | cpu  640913213 334735728 176181573 19732940392 4920447 0 2517817 0 0 0
1790981805 2520, 13801, 42, 0x0000000000000000 | 2.08 2.16 2.18 | cpu  640913370 334735728 176181632 19732946909 4920447 0 2517817 0 0 0
1790981806 2520, 13801, 42, 0x0000000000000000 | 2.07 2.15 2.18 | cpu  640913522 334735728 176181698 19732953445 4920447 0 2517817 0 0 0
1790981807 2520, 13801, 42, 0x0000000000000000 | 2.07 2.15 2.18 | cpu  640913675 334735728 176181761 19732959971 4920447 0 2517817 0 0 0
1790981808 2520, 13801, 42, 0x0000000000000000 | 2.07 2.15 2.18 | cpu  640913827 334735728 176181827 19732966497 4920447 0 2517817 0 0 0
1790981809 2520, 13801, 42, 0x0000000000000000 | 2.07 2.15 2.18 | cpu  640913982 334735728 176181891 19732973030 4920447 0 2517817 0 0 0
1790981810 2520, 13801, 42, 0x0000000000000000 | 2.07 2.15 2.18 | cpu  640914135 334735728 176181955 19732979553 4920447 0 2517817 0 0 0
1790981811 2520, 13801, 42, 0x0000000000000000 | 2.07 2.15 2.18 | cpu  640914289 334735728 176182017 19732986072 4920447 0 2517817 0 0 0
1790981812 2520, 13801, 42, 0x0000000000000000 | 2.07 2.15 2.18 | cpu  640914445 334735728 176182085 19732992580 4920448 0 2517817 0 0 0
1790981813 2520, 13801, 42, 0x0000000000000000 | 2.07 2.15 2.18 | cpu  640914597 334735728 176182153 19732999095 4920448 0 2517818 0 0 0
1790981814 2520, 13801, 42, 0x0000000000000000 | 2.07 2.15 2.18 | cpu  640914758 334735728 176182223 19733005589 4920448 0 2517818 0 0 0
1790981815 2520, 13801, 42, 0x0000000000000000 | 2.22 2.18 2.19 | cpu  640914962 334735728 176182403 19733011934 4920448 0 2517818 0 0 0
1790981816 2520, 13801, 42, 0x0000000000000000 | 2.22 2.18 2.19 | cpu  640915115 334735728 176182467 19733018455 4920448 0 2517818 0 0 0
1790981817 2520, 13801, 42, 0x0000000000000000 | 2.22 2.18 2.19 | cpu  640915269 334735728 176182533 19733024977 4920448 0 2517818 0 0 0
1790981818 2520, 13801, 42, 0x0000000000000000 | 2.22 2.18 2.19 | cpu  640915422 334735728 176182603 19733031504 4920448 0 2517818 0 0 0
1790981819 2520, 13801, 42, 0x0000000000000000 | 2.22 2.18 2.19 | cpu  640915578 334735728 176182664 19733038030 4920448 0 2517818 0 0 0
1790981820 2520, 13801, 42, 0x0000000000000000 | 2.20 2.18 2.19 | cpu  640915730 334735728 176182728 19733044549 4920448 0 2517818 0 0 0
1790981821 2520, 13801, 42, 0x0000000000000000 | 2.20 2.18 2.19 | cpu  640915888 334735728 176182789 19733051076 4920448 0 2517819 0 0 0
1790981822 2520, 13801, 42, 0x0000000000000000 | 2.20 2.18 2.19 | cpu  640916042 334735728 176182853 19733057603 4920449 0 2517819 0 0 0
1790981823 2520, 13801, 42, 0x0000000000000000 | 2.20 2.18 2.19 | cpu  640916197 334735728 176182922 19733064122 4920449 0 2517819 0 0 0
1790981825 2520, 13801, 42, 0x0000000000000000 | 2.20 2.18 2.19 | cpu  640916356 334735728 176183029 19733070591 4920449 0 2517819 0 0 0
1790981826 2527, 13801, 42, 0x0000000000000000 | 2.19 2.17 2.19 | cpu  640916528 334735728 176183073 19733077118 4920449 0 2517819 0 0 0
1790981827 2835, 13801, 45, 0x0000000000000000 | 2.19 2.17 2.19 | cpu  640917105 334735728 176183115 19733083209 4920449 0 2517819 0 0 0
1790981828 2910, 13801, 54, 0x0000000000000004 | 2.19 2.17 2.19 | cpu  640917399 334735728 176183142 19733089592 4920450 0 2517819 0 0 0
1790981829 2932, 13801, 44, 0x0000000000000000 | 2.19 2.17 2.19 | cpu  640917618 334735728 176183178 19733096126 4920450 0 2517819 0 0 0
1790981830 2917, 13801, 46, 0x0000000000000000 | 2.17 2.17 2.18 | cpu  640917826 334735728 176183188 19733102665 4920450 0 2517819 0 0 0
1790981831 2932, 13801, 46, 0x0000000000000000 | 2.17 2.17 2.18 | cpu  640918034 334735728 176183198 19733109164 4920454 0 2517819 0 0 0
1790981832 2932, 13801, 52, 0x0000000000000004 | 2.17 2.17 2.18 | cpu  640918240 334735728 176183207 19733115666 4920454 0 2517819 0 0 0
1790981833 2925, 13801, 46, 0x0000000000000000 | 2.17 2.17 2.18 | cpu  640918450 334735728 176183217 19733122246 4920458 0 2517819 0 0 0
1790981834 2925, 13801, 53, 0x0000000000000000 | 2.17 2.17 2.18 | cpu  640918660 334735728 176183229 19733128754 4920458 0 2517819 0 0 0
1790981835 2932, 13801, 46, 0x0000000000000000 | 2.24 2.19 2.19 | cpu  640918869 334735728 176183241 19733135257 4920458 0 2517819 0 0 0
1790981836 2902, 13801, 47, 0x0000000000000000 | 2.24 2.19 2.19 | cpu  640919078 334735728 176183251 19733141777 4920461 0 2517819 0 0 0
1790981837 2932, 13801, 48, 0x0000000000000000 | 2.24 2.19 2.19 | cpu  640919286 334735728 176183261 19733148324 4920461 0 2517819 0 0 0
1790981838 2932, 13801, 47, 0x0000000000000000 | 2.24 2.19 2.19 | cpu  640919487 334735728 176183271 19733154857 4920461 0 2517819 0 0 0
1790981839 2940, 13801, 46, 0x0000000000000000 | 2.24 2.19 2.19 | cpu  640919696 334735728 176183280 19733161399 4920462 0 2517819 0 0 0
1790981840 2925, 13801, 48, 0x0000000000000000 | 2.22 2.18 2.19 | cpu  640919879 334735728 176183288 19733167952 4920462 0 2517819 0 0 0
1790981841 2940, 13801, 46, 0x0000000000000000 | 2.22 2.18 2.19 | cpu  640920088 334735728 176183310 19733174506 4920465 0 2517820 0 0 0
1790981842 2932, 13801, 49, 0x0000000000000000 | 2.22 2.18 2.19 | cpu  640920298 334735728 176183324 19733181028 4920465 0 2517820 0 0 0
1790981844 2940, 13801, 46, 0x0000000000000000 | 2.22 2.18 2.19 | cpu  640920509 334735728 176183338 19733187551 4920465 0 2517820 0 0 0
1790981845 2940, 13801, 46, 0x0000000000000000 | 2.22 2.18 2.19 | cpu  640920720 334735728 176183351 19733194060 4920466 0 2517820 0 0 0
1790981846 2925, 13801, 53, 0x0000000000000000 | 2.20 2.18 2.19 | cpu  640920927 334735728 176183363 19733200614 4920466 0 2517820 0 0 0
1790981847 2910, 13801, 48, 0x0000000000000000 | 2.20 2.18 2.19 | cpu  640921137 334735728 176183375 19733207141 4920470 0 2517820 0 0 0
1790981848 2925, 13801, 47, 0x0000000000000000 | 2.20 2.18 2.19 | cpu  640921288 334735728 176183383 19733213725 4920470 0 2517820 0 0 0
1790981849 2917, 13801, 54, 0x0000000000000000 | 2.20 2.18 2.19 | cpu  640921445 334735728 176183395 19733220301 4920470 0 2517820 0 0 0
1790981850 2932, 13801, 47, 0x0000000000000000 | 2.18 2.18 2.18 | cpu  640921629 334735728 176183406 19733226848 4920470 0 2517821 0 0 0
1790981851 2932, 13801, 54, 0x0000000000000000 | 2.18 2.18 2.18 | cpu  640921838 334735728 176183414 19733233381 4920470 0 2517821 0 0 0
1790981852 2940, 13801, 47, 0x0000000000000000 | 2.18 2.18 2.18 | cpu  640922047 334735728 176183425 19733239909 4920474 0 2517821 0 0 0
1790981853 2932, 13801, 49, 0x0000000000000000 | 2.18 2.18 2.18 | cpu  640922255 334735728 176183434 19733246454 4920474 0 2517821 0 0 0
1790981854 2917, 13801, 52, 0x0000000000000000 | 2.18 2.18 2.18 | cpu  640922464 334735728 176183445 19733252961 4920474 0 2517821 0 0 0
1790981855 2902, 13801, 49, 0x0000000000000000 | 2.17 2.17 2.18 | cpu  640922671 334735728 176183455 19733259511 4920474 0 2517821 0 0 0
1790981856 2910, 13801, 48, 0x0000000000000000 | 2.17 2.17 2.18 | cpu  640922879 334735728 176183468 19733266023 4920478 0 2517821 0 0 0
1790981857 2932, 13801, 50, 0x0000000000000000 | 2.17 2.17 2.18 | cpu  640923086 334735728 176183570 19733272449 4920478 0 2517821 0 0 0
1790981858 2925, 13801, 51, 0x0000000000000000 | 2.17 2.17 2.18 | cpu  640923295 334735728 176183655 19733278899 4920479 0 2517821 0 0 0
1790981859 2932, 13801, 47, 0x0000000000000000 | 2.17 2.17 2.18 | cpu  640923503 334735728 176183669 19733285439 4920479 0 2517821 0 0 0
1790981860 2925, 13801, 51, 0x0000000000000000 | 2.16 2.17 2.18 | cpu  640923713 334735728 176183679 19733291984 4920479 0 2517821 0 0 0
1790981861 2932, 13801, 47, 0x0000000000000000 | 2.16 2.17 2.18 | cpu  640923922 334735728 176183688 19733298538 4920479 0 2517821 0 0 0
1790981862 2715, 13801, 53, 0x0000000000000000 | 2.16 2.17 2.18 | cpu  640924129 334735728 176183699 19733305067 4920483 0 2517821 0 0 0
1790981864 2580, 13801, 47, 0x0000000000000000 | 2.16 2.17 2.18 | cpu  640924339 334735728 176183710 19733311605 4920483 0 2517821 0 0 0
1790981865 2940, 13801, 47, 0x0000000000000000 | 2.16 2.17 2.18 | cpu  640924546 334735728 176183718 19733318121 4920483 0 2517821 0 0 0
1790981866 2940, 13801, 47, 0x0000000000000000 | 2.14 2.17 2.18 | cpu  640924753 334735728 176183731 19733324612 4920483 0 2517821 0 0 0
1790981867 2932, 13801, 47, 0x0000000000000000 | 2.14 2.17 2.18 | cpu  640924960 334735728 176183741 19733331124 4920483 0 2517821 0 0 0
1790981868 2527, 13801, 46, 0x0000000000000000 | 2.14 2.17 2.18 | cpu  640925165 334735728 176183753 19733337638 4920487 0 2517821 0 0 0
1790981869 2520, 13801, 45, 0x0000000000000000 | 2.14 2.17 2.18 | cpu  640925373 334735728 176183766 19733344161 4920487 0 2517821 0 0 0
1790981870 2520, 13801, 45, 0x0000000000000000 | 2.13 2.16 2.18 | cpu  640925580 334735728 176183779 19733350671 4920487 0 2517821 0 0 0
1790981871 2527, 13801, 45, 0x0000000000000000 | 2.13 2.16 2.18 | cpu  640925731 334735728 176183789 19733357250 4920487 0 2517821 0 0 0
1790981872 2527, 13801, 45, 0x0000000000000000 | 2.13 2.16 2.18 | cpu  640925937 334735728 176183800 19733363769 4920487 0 2517821 0 0 0
1790981873 2520, 13801, 45, 0x0000000000000000 | 2.13 2.16 2.18 | cpu  640926132 334735728 176183812 19733370325 4920491 0 2517822 0 0 0
1790981874 2520, 13801, 45, 0x0000000000000000 | 2.13 2.16 2.18 | cpu  640926246 334735728 176183826 19733376951 4920491 0 2517822 0 0 0
1790981875 2572, 13801, 45, 0x0000000000000000 | 2.12 2.16 2.18 | cpu  640926437 334735728 176183837 19733383498 4920491 0 2517822 0 0 0
1790981876 2557, 13801, 46, 0x0000000000000000 | 2.12 2.16 2.18 | cpu  640926647 334735728 176183853 19733390011 4920491 0 2517822 0 0 0
1790981877 2520, 13801, 45, 0x0000000000000000 | 2.12 2.16 2.18 | cpu  640926857 334735728 176183942 19733396464 4920491 0 2517822 0 0 0
1790981878 2557, 13801, 45, 0x0000000000000000 | 2.12 2.16 2.18 | cpu  640927066 334735728 176183986 19733402957 4920494 0 2517822 0 0 0
1790981879 2940, 13801, 46, 0x0000000000000000 | 2.12 2.16 2.18 | cpu  640927259 334735728 176183999 19733409545 4920495 0 2517822 0 0 0
1790981880 2917, 13801, 57, 0x0000000000000004 | 2.11 2.16 2.18 | cpu  640927465 334735728 176184009 19733416059 4920495 0 2517822 0 0 0
1790981881 2910, 13801, 50, 0x0000000000000000 | 2.11 2.16 2.18 | cpu  640927675 334735728 176184024 19733422616 4920495 0 2517822 0 0 0
1790981883 2932, 13801, 47, 0x0000000000000000 | 2.11 2.16 2.18 | cpu  640927882 334735728 176184036 19733429128 4920498 0 2517822 0 0 0
1790981884 2910, 13801, 55, 0x0000000000000000 | 2.11 2.16 2.18 | cpu  640928090 334735728 176184049 19733435672 4920498 0 2517822 0 0 0
1790981885 2932, 13801, 47, 0x0000000000000000 | 2.18 2.17 2.18 | cpu  640928299 334735728 176184057 19733442196 4920498 0 2517822 0 0 0
1790981886 2917, 13801, 57, 0x0000000000000000 | 2.18 2.17 2.18 | cpu  640928506 334735728 176184068 19733448727 4920503 0 2517822 0 0 0
1790981887 2932, 13801, 48, 0x0000000000000000 | 2.18 2.17 2.18 | cpu  640928715 334735728 176184078 19733455288 4920503 0 2517823 0 0 0
1790981888 2910, 13801, 48, 0x0000000000000000 | 2.18 2.17 2.18 | cpu  640928924 334735728 176184088 19733461829 4920504 0 2517823 0 0 0
1790981889 2940, 13801, 47, 0x0000000000000000 | 2.18 2.17 2.18 | cpu  640929134 334735728 176184177 19733468321 4920504 0 2517823 0 0 0
1790981890 2910, 13801, 55, 0x0000000000000000 | 2.17 2.17 2.18 | cpu  640929342 334735728 176184187 19733474861 4920504 0 2517823 0 0 0
1790981891 2925, 13801, 49, 0x0000000000000000 | 2.17 2.17 2.18 | cpu  640929553 334735728 176184245 19733481348 4920504 0 2517823 0 0 0
1790981892 2932, 13801, 48, 0x0000000000000000 | 2.17 2.17 2.18 | cpu  640929764 334735728 176184256 19733487883 4920504 0 2517823 0 0 0
1790981893 2925, 13801, 56, 0x0000000000000000 | 2.17 2.17 2.18 | cpu  640929972 334735728 176184267 19733494428 4920508 0 2517823 0 0 0
1790981894 2925, 13801, 49, 0x0000000000000000 | 2.17 2.17 2.18 | cpu  640930180 334735728 176184278 19733500958 4920508 0 2517823 0 0 0
1790981895 2932, 13801, 51, 0x0000000000000000 | 2.15 2.17 2.18 | cpu  640930390 334735728 176184288 19733507534 4920508 0 2517823 0 0 0
1790981896 2722, 13801, 49, 0x0000000000000000 | 2.15 2.17 2.18 | cpu  640930598 334735728 176184299 19733514076 4920508 0 2517823 0 0 0
1790981897 2925, 13801, 51, 0x0000000000000000 | 2.15 2.17 2.18 | cpu  640930807 334735728 176184310 19733520643 4920508 0 2517823 0 0 0
1790981898 2925, 13801, 56, 0x0000000000000000 | 2.15 2.17 2.18 | cpu  640931016 334735728 176184321 19733527152 4920512 0 2517823 0 0 0
1790981899 2940, 13801, 48, 0x0000000000000000 | 2.15 2.17 2.18 | cpu  640931224 334735728 176184333 19733533681 4920512 0 2517823 0 0 0
1790981900 2932, 13801, 47, 0x0000000000000000 | 2.14 2.16 2.18 | cpu  640931430 334735728 176184345 19733540215 4920512 0 2517824 0 0 0
1790981902 2535, 13801, 46, 0x0000000000000000 | 2.14 2.16 2.18 | cpu  640931637 334735728 176184354 19733546735 4920512 0 2517824 0 0 0
1790981903 2520, 13801, 46, 0x0000000000000000 | 2.14 2.16 2.18 | cpu  640931843 334735728 176184366 19733553265 4920512 0 2517824 0 0 0
1790981904 2520, 13801, 46, 0x0000000000000000 | 2.14 2.16 2.18 | cpu  640932052 334735728 176184380 19733559780 4920516 0 2517824 0 0 0
1790981905 2527, 13801, 46, 0x0000000000000000 | 2.13 2.16 2.18 | cpu  640932258 334735728 176184394 19733566295 4920517 0 2517824 0 0 0
1790981906 2520, 13801, 46, 0x0000000000000000 | 2.13 2.16 2.18 | cpu  640932465 334735728 176184405 19733572821 4920517 0 2517824 0 0 0
1790981907 2520, 13801, 45, 0x0000000000000000 | 2.13 2.16 2.18 | cpu  640932673 334735728 176184414 19733579358 4920517 0 2517824 0 0 0
1790981908 2520, 13801, 45, 0x0000000000000000 | 2.13 2.16 2.18 | cpu  640932882 334735728 176184429 19733585882 4920517 0 2517824 0 0 0
1790981909 2550, 13801, 45, 0x0000000000000000 | 2.13 2.16 2.18 | cpu  640933097 334735728 176184488 19733592343 4920521 0 2517824 0 0 0
1790981910 2527, 13801, 45, 0x0000000000000000 | 2.12 2.16 2.18 | cpu  640933308 334735728 176184525 19733598849 4920521 0 2517824 0 0 0
1790981911 2535, 13801, 45, 0x0000000000000000 | 2.12 2.16 2.18 | cpu  640933515 334735728 176184536 19733605390 4920521 0 2517824 0 0 0
1790981912 2557, 13801, 46, 0x0000000000000000 | 2.12 2.16 2.18 | cpu  640933722 334735728 176184548 19733611939 4920521 0 2517824 0 0 0
1790981913 2520, 13801, 45, 0x0000000000000000 | 2.12 2.16 2.18 | cpu  640933928 334735728 176184558 19733618466 4920521 0 2517824 0 0 0
1790981914 2520, 13801, 45, 0x0000000000000000 | 2.12 2.16 2.18 | cpu  640934136 334735728 176184573 19733625017 4920525 0 2517824 0 0 0
1790981915 2520, 13801, 45, 0x0000000000000000 | 2.11 2.15 2.18 | cpu  640934347 334735728 176184585 19733631558 4920525 0 2517824 0 0 0
1790981916 2520, 13801, 45, 0x0000000000000000 | 2.11 2.15 2.18 | cpu  640934558 334735728 176184598 19733638098 4920530 0 2517824 0 0 0
1790981917 2542, 13801, 45, 0x0000000000000000 | 2.11 2.15 2.18 | cpu  640934765 334735728 176184608 19733644637 4920530 0 2517824 0 0 0
1790981918 2940, 13801, 46, 0x0000000000000000 | 2.11 2.15 2.18 | cpu  640934972 334735728 176184618 19733651158 4920530 0 2517824 0 0 0
1790981919 2940, 13801, 46, 0x0000000000000000 | 2.11 2.15 2.18 | cpu  640935183 334735728 176184644 19733657655 4920533 0 2517824 0 0 0
1790981921 2940, 13801, 47, 0x0000000000000000 | 2.10 2.15 2.18 | cpu  640935391 334735728 176184652 19733664183 4920533 0 2517824 0 0 0
1790981922 2910, 13801, 54, 0x0000000000000004 | 2.10 2.15 2.18 | cpu  640935602 334735728 176184663 19733670695 4920534 0 2517824 0 0 0
1790981923 2917, 13801, 58, 0x0000000000000004 | 2.10 2.15 2.18 | cpu  640935809 334735728 176184674 19733677236 4920534 0 2517824 0 0 0
1790981924 2917, 13801, 58, 0x0000000000000004 | 2.10 2.15 2.18 | cpu  640936024 334735728 176184728 19733683772 4920534 0 2517824 0 0 0
1790981925 2880, 13801, 50, 0x0000000000000000 | 2.17 2.17 2.18 | cpu  640936238 334735728 176184777 19733690236 4920538 0 2517825 0 0 0
1790981926 2932, 13801, 48, 0x0000000000000000 | 2.17 2.17 2.18 | cpu  640936451 334735728 176184821 19733696726 4920538 0 2517825 0 0 0
1790981927 2940, 13801, 47, 0x0000000000000000 | 2.17 2.17 2.18 | cpu  640936661 334735728 176184833 19733703258 4920538 0 2517825 0 0 0
1790981928 2865, 13801, 56, 0x0000000000000000 | 2.17 2.17 2.18 | cpu  640936870 334735728 176184841 19733709782 4920538 0 2517825 0 0 0
1790981929 2902, 13801, 50, 0x0000000000000000 | 2.17 2.17 2.18 | cpu  640937077 334735728 176184851 19733716305 4920538 0 2517825 0 0 0
1790981930 2895, 13801, 51, 0x0000000000000000 | 2.16 2.16 2.18 | cpu  640937287 334735728 176184864 19733722861 4920542 0 2517825 0 0 0
1790981931 2902, 13801, 48, 0x0000000000000000 | 2.16 2.16 2.18 | cpu  640937495 334735728 176184874 19733729393 4920542 0 2517825 0 0 0
1790981932 2932, 13801, 48, 0x0000000000000000 | 2.16 2.16 2.18 | cpu  640937703 334735728 176184883 19733735913 4920542 0 2517826 0 0 0
1790981933 2940, 13801, 48, 0x0000000000000000 | 2.16 2.16 2.18 | cpu  640937912 334735728 176184891 19733742442 4920542 0 2517826 0 0 0
1790981934 2932, 13801, 55, 0x0000000000000004 | 2.16 2.16 2.18 | cpu  640938120 334735728 176184902 19733748978 4920542 0 2517826 0 0 0
1790981935 2925, 13801, 51, 0x0000000000000000 | 2.23 2.18 2.18 | cpu  640938330 334735728 176184911 19733755504 4920546 0 2517826 0 0 0
1790981936 2925, 13801, 49, 0x0000000000000000 | 2.23 2.18 2.18 | cpu  640938542 334735728 176184921 19733762030 4920546 0 2517826 0 0 0
1790981937 2925, 13801, 53, 0x0000000000000004 | 2.23 2.18 2.18 | cpu  640938751 334735728 176184930 19733768571 4920546 0 2517826 0 0 0
1790981938 2910, 13801, 56, 0x0000000000000004 | 2.23 2.18 2.18 | cpu  640938965 334735728 176184944 19733775066 4920546 0 2517826 0 0 0
1790981940 2925, 13801, 57, 0x0000000000000000 | 2.23 2.18 2.18 | cpu  640939184 334735728 176185013 19733781510 4920546 0 2517826 0 0 0
1790981941 2940, 13801, 48, 0x0000000000000000 | 2.29 2.19 2.19 | cpu  640939396 334735728 176185086 19733787927 4920550 0 2517826 0 0 0
1790981942 2940, 13801, 47, 0x0000000000000000 | 2.29 2.19 2.19 | cpu  640939611 334735728 176185161 19733794378 4920550 0 2517826 0 0 0
1790981943 2520, 13801, 46, 0x0000000000000000 | 2.29 2.19 2.19 | cpu  640939818 334735728 176185170 19733800894 4920550 0 2517827 0 0 0
1790981944 2520, 13801, 46, 0x0000000000000000 | 2.29 2.19 2.19 | cpu  640940025 334735728 176185181 19733807415 4920550 0 2517827 0 0 0
1790981945 2535, 13801, 46, 0x0000000000000000 | 2.26 2.19 2.19 | cpu  640940232 334735728 176185192 19733813935 4920551 0 2517827 0 0 0
1790981946 2535, 13801, 46, 0x0000000000000000 | 2.26 2.19 2.19 | cpu  640940426 334735728 176185205 19733820479 4920554 0 2517827 0 0 0
1790981947 2527, 13801, 46, 0x0000000000000000 | 2.26 2.19 2.19 | cpu  640940607 334735728 176185216 19733827037 4920557 0 2517827 0 0 0
1790981948 2527, 13801, 46, 0x0000000000000000 | 2.26 2.19 2.19 | cpu  640940789 334735728 176185226 19733833588 4920557 0 2517827 0 0 0
1790981949 2527, 13801, 46, 0x0000000000000000 | 2.26 2.19 2.19 | cpu  640940996 334735728 176185239 19733840121 4920557 0 2517827 0 0 0
1790981950 2520, 13801, 45, 0x0000000000000000 | 2.24 2.18 2.19 | cpu  640941204 334735728 176185255 19733846634 4920557 0 2517827 0 0 0
1790981951 2535, 13801, 46, 0x0000000000000000 | 2.24 2.18 2.19 | cpu  640941411 334735728 176185268 19733853178 4920561 0 2517827 0 0 0
1790981952 2527, 13801, 45, 0x0000000000000000 | 2.24 2.18 2.19 | cpu  640941616 334735728 176185279 19733859713 4920561 0 2517827 0 0 0
1790981953 2527, 13801, 47, 0x0000000000000000 | 2.24 2.18 2.19 | cpu  640941824 334735728 176185289 19733866249 4920562 0 2517827 0 0 0
1790981954 2535, 13801, 45, 0x0000000000000000 | 2.24 2.18 2.19 | cpu  640942030 334735728 176185301 19733872767 4920562 0 2517827 0 0 0
1790981955 2542, 13801, 45, 0x0000000000000000 | 2.22 2.18 2.18 | cpu  640942236 334735728 176185314 19733879284 4920562 0 2517827 0 0 0
1790981956 2535, 13801, 45, 0x0000000000000000 | 2.22 2.18 2.18 | cpu  640942442 334735728 176185364 19733885773 4920562 0 2517827 0 0 0
1790981957 2535, 13801, 45, 0x0000000000000000 | 2.22 2.18 2.18 | cpu  640942646 334735728 176185379 19733892309 4920562 0 2517827 0 0 0
1790981959 2550, 13801, 47, 0x0000000000000000 | 2.22 2.18 2.18 | cpu  640942854 334735728 176185393 19733898848 4920562 0 2517828 0 0 0
1790981960 2542, 13801, 45, 0x0000000000000000 | 2.22 2.18 2.18 | cpu  640943062 334735728 176185405 19733905381 4920562 0 2517828 0 0 0
1790981961 2565, 13801, 46, 0x0000000000000000 | 2.21 2.18 2.18 | cpu  640943268 334735728 176185416 19733911908 4920562 0 2517828 0 0 0
1790981962 2527, 13801, 45, 0x0000000000000000 | 2.21 2.18 2.18 | cpu  640943477 334735728 176185431 19733918435 4920567 0 2517828 0 0 0
1790981963 2520, 13801, 45, 0x0000000000000000 | 2.21 2.18 2.18 | cpu  640943684 334735728 176185441 19733924965 4920567 0 2517828 0 0 0
1790981964 2572, 13801, 48, 0x0000000000000000 | 2.21 2.18 2.18 | cpu  640943891 334735728 176185451 19733931493 4920567 0 2517828 0 0 0
1790981965 2820, 13801, 45, 0x0000000000000000 | 2.19 2.17 2.18 | cpu  640944101 334735728 176185468 19733937998 4920567 0 2517828 0 0 0
1790981966 2647, 13801, 46, 0x0000000000000000 | 2.19 2.17 2.18 | cpu  640944310 334735728 176185480 19733944505 4920570 0 2517828 0 0 0
1790981967 2527, 13801, 45, 0x0000000000000000 | 2.19 2.17 2.18 | cpu  640944516 334735728 176185493 19733951050 4920571 0 2517829 0 0 0
1790981968 2520, 13801, 44, 0x0000000000000000 | 2.19 2.17 2.18 | cpu  640944725 334735728 176185528 19733957540 4920571 0 2517829 0 0 0
1790981969 2520, 13801, 44, 0x0000000000000000 | 2.19 2.17 2.18 | cpu  640944934 334735728 176185547 19733964060 4920571 0 2517829 0 0 0
1790981970 2700, 13801, 46, 0x0000000000000000 | 2.17 2.17 2.18 | cpu  640945136 334735728 176185572 19733970572 4920571 0 2517829 0 0 0
1790981971 2520, 13801, 44, 0x0000000000000000 | 2.17 2.17 2.18 | cpu  640945345 334735728 176185591 19733977069 4920575 0 2517830 0 0 0
1790981972 2520, 13801, 44, 0x0000000000000000 | 2.17 2.17 2.18 | cpu  640945555 334735728 176185610 19733983579 4920575 0 2517830 0 0 0
1790981973 2520, 13801, 44, 0x0000000000000000 | 2.17 2.17 2.18 | cpu  640945761 334735728 176185630 19733990095 4920575 0 2517831 0 0 0
1790981974 2542, 13801, 44, 0x0000000000000000 | 2.17 2.17 2.18 | cpu  640945960 334735728 176185659 19733996596 4920575 0 2517831 0 0 0
1790981975 2520, 13801, 44, 0x0000000000000000 | 2.16 2.17 2.18 | cpu  640946167 334735728 176185676 19734003106 4920575 0 2517831 0 0 0
1790981976 2520, 13801, 44, 0x0000000000000000 | 2.16 2.17 2.18 | cpu  640946378 334735728 176185693 19734009612 4920587 0 2517832 0 0 0
1790981977 2520, 13801, 44, 0x0000000000000000 | 2.16 2.17 2.18 | cpu  640946586 334735728 176185710 19734016120 4920587 0 2517832 0 0 0
1790981979 2520, 13801, 44, 0x0000000000000000 | 2.16 2.17 2.18 | cpu  640946795 334735728 176185728 19734022637 4920587 0 2517832 0 0 0
1790981980 2520, 13801, 44, 0x0000000000000000 | 2.16 2.17 2.18 | cpu  640947004 334735728 176185746 19734029164 4920587 0 2517832 0 0 0
1790981981 2520, 13801, 44, 0x0000000000000000 | 2.15 2.16 2.18 | cpu  640947212 334735728 176185762 19734035683 4920587 0 2517832 0 0 0
1790981982 2520, 13801, 44, 0x0000000000000000 | 2.15 2.16 2.18 | cpu  640947422 334735728 176185779 19734042197 4920591 0 2517833 0 0 0
1790981983 2520, 13801, 43, 0x0000000000000000 | 2.15 2.16 2.18 | cpu  640947631 334735728 176185797 19734048715 4920591 0 2517833 0 0 0
1790981984 2535, 13801, 43, 0x0000000000000000 | 2.15 2.16 2.18 | cpu  640947841 334735728 176185820 19734055235 4920591 0 2517833 0 0 0
1790981985 2520, 13801, 43, 0x0000000000000000 | 2.13 2.16 2.18 | cpu  640948052 334735728 176185835 19734061758 4920591 0 2517833 0 0 0
1790981986 2520, 13801, 43, 0x0000000000000000 | 2.13 2.16 2.18 | cpu  640948259 334735728 176185853 19734068274 4920591 0 2517833 0 0 0
1790981987 2520, 13801, 43, 0x0000000000000000 | 2.13 2.16 2.18 | cpu  640948467 334735728 176185871 19734074782 4920595 0 2517834 0 0 0
1790981988 2520, 13801, 43, 0x0000000000000000 | 2.13 2.16 2.18 | cpu  640948711 334735728 176185903 19734081225 4920595 0 2517834 0 0 0
1790981989 2520, 13801, 43, 0x0000000000000000 | 2.13 2.16 2.18 | cpu  640948926 334735728 176185981 19734087672 4920596 0 2517834 0 0 0
1790981990 2520, 13801, 43, 0x0000000000000000 | 2.12 2.16 2.18 | cpu  640949135 334735728 176185998 19734094194 4920596 0 2517834 0 0 0
1790981991 2520, 13801, 43, 0x0000000000000000 | 2.12 2.16 2.18 | cpu  640949356 334735728 176186017 19734100699 4920596 0 2517834 0 0 0
1790981992 2520, 13801, 43, 0x0000000000000000 | 2.12 2.16 2.18 | cpu  640949562 334735728 176186035 19734107200 4920600 0 2517834 0 0 0
1790981993 2520, 13801, 43, 0x0000000000000000 | 2.12 2.16 2.18 | cpu  640949772 334735728 176186050 19734113724 4920600 0 2517834 0 0 0
1790981994 2520, 13801, 43, 0x0000000000000000 | 2.12 2.16 2.18 | cpu  640949980 334735728 176186066 19734120225 4920600 0 2517834 0 0 0
1790981995 2520, 13801, 43, 0x0000000000000000 | 2.11 2.16 2.18 | cpu  640950189 334735728 176186085 19734126742 4920600 0 2517834 0 0 0
1790981996 2520, 13801, 43, 0x0000000000000000 | 2.11 2.16 2.18 | cpu  640950402 334735728 176186114 19734133238 4920600 0 2517834 0 0 0
1790981998 2520, 13801, 43, 0x0000000000000000 | 2.11 2.16 2.18 | cpu  640950611 334735728 176186129 19734139758 4920600 0 2517835 0 0 0
1790981999 2520, 13801, 43, 0x0000000000000000 | 2.11 2.16 2.18 | cpu  640950816 334735728 176186147 19734146257 4920604 0 2517835 0 0 0
1790982000 2520, 13801, 43, 0x0000000000000000 | 2.11 2.16 2.18 | cpu  640951025 334735728 176186164 19734152758 4920604 0 2517835 0 0 0
1790982001 2520, 13801, 43, 0x0000000000000000 | 2.10 2.15 2.17 | cpu  640951236 334735728 176186180 19734159258 4920604 0 2517835 0 0 0
1790982002 2520, 13801, 43, 0x0000000000000000 | 2.10 2.15 2.17 | cpu  640951476 334735728 176186232 19734165673 4920604 0 2517835 0 0 0
1790982003 2520, 13801, 43, 0x0000000000000000 | 2.10 2.15 2.17 | cpu  640951738 334735728 176186387 19734171944 4920608 0 2517835 0 0 0
1790982004 2520, 13801, 43, 0x0000000000000000 | 2.10 2.15 2.17 | cpu  640951943 334735728 176186433 19734178442 4920609 0 2517835 0 0 0
1790982005 2520, 13801, 42, 0x0000000000000000 | 2.10 2.15 2.17 | cpu  640952149 334735728 176186449 19734184945 4920609 0 2517835 0 0 0
1790982006 2542, 13801, 43, 0x0000000000000000 | 2.10 2.15 2.17 | cpu  640952454 334735728 176186559 19734190509 4921269 0 2517865 0 0 0
1790982007 2520, 13801, 42, 0x0000000000000000 | 2.10 2.15 2.17 | cpu  640952732 334735728 176186759 19734196337 4921582 0 2517886 0 0 0
1790982008 2520, 13801, 42, 0x0000000000000000 | 2.10 2.15 2.17 | cpu  640952924 334735728 176186826 19734202803 4921582 0 2517887 0 0 0
1790982009 2520, 13801, 42, 0x0000000000000000 | 2.10 2.15 2.17 | cpu  640953136 334735728 176186846 19734209314 4921582 0 2517887 0 0 0
1790982010 2520, 13801, 42, 0x0000000000000000 | 2.09 2.15 2.17 | cpu  640953343 334735728 176186862 19734215829 4921582 0 2517887 0 0 0
1790982011 2520, 13801, 42, 0x0000000000000000 | 2.09 2.15 2.17 | cpu  640953551 334735728 176186879 19734222339 4921582 0 2517887 0 0 0
1790982012 2520, 13801, 42, 0x0000000000000000 | 2.09 2.15 2.17 | cpu  640953760 334735728 176186895 19734228844 4921600 0 2517887 0 0 0
1790982013 2520, 13801, 42, 0x0000000000000000 | 2.09 2.15 2.17 | cpu  640953969 334735728 176186911 19734235359 4921604 0 2517887 0 0 0
1790982014 2520, 13801, 42, 0x0000000000000000 | 2.09 2.15 2.17 | cpu  640954177 334735728 176186929 19734241872 4921604 0 2517887 0 0 0
1790982015 2542, 13801, 43, 0x0000000000000000 | 2.08 2.14 2.17 | cpu  640954384 334735728 176186946 19734248383 4921604 0 2517887 0 0 0
1790982016 2520, 13801, 42, 0x0000000000000000 | 2.08 2.14 2.17 | cpu  640954595 334735728 176186964 19734254877 4921604 0 2517887 0 0 0
1790982017 2520, 13801, 42, 0x0000000000000000 | 2.08 2.14 2.17 | cpu  640954802 334735728 176186980 19734261387 4921604 0 2517887 0 0 0
1790982019 2520, 13801, 42, 0x0000000000000000 | 2.08 2.14 2.17 | cpu  640955016 334735728 176187003 19734267870 4921608 0 2517888 0 0 0
1790982020 2947, 13801, 43, 0x0000000000000000 | 2.08 2.14 2.17 | cpu  640955226 334735728 176187023 19734274362 4921608 0 2517888 0 0 0
1790982021 2947, 13801, 43, 0x0000000000000000 | 2.07 2.14 2.17 | cpu  640955433 334735728 176187039 19734280861 4921608 0 2517888 0 0 0
1790982022 2520, 13801, 42, 0x0000000000000000 | 2.07 2.14 2.17 | cpu  640955640 334735728 176187098 19734287323 4921625 0 2517888 0 0 0
1790982023 2520, 13801, 42, 0x0000000000000000 | 2.07 2.14 2.17 | cpu  640955848 334735728 176187114 19734293828 4921625 0 2517888 0 0 0
1790982024 2520, 13801, 42, 0x0000000000000000 | 2.07 2.14 2.17 | cpu  640956057 334735728 176187131 19734300332 4921629 0 2517888 0 0 0
1790982025 2527, 13801, 42, 0x0000000000000000 | 2.07 2.14 2.17 | cpu  640956243 334735728 176187150 19734306852 4921630 0 2517888 0 0 0
1790982026 2520, 13801, 42, 0x0000000000000000 | 2.07 2.14 2.17 | cpu  640956445 334735728 176187164 19734313374 4921630 0 2517888 0 0 0
1790982027 2520, 13801, 42, 0x0000000000000000 | 2.07 2.14 2.17 | cpu  640956634 334735728 176187181 19734319909 4921630 0 2517888 0 0 0
1790982028 2520, 13801, 42, 0x0000000000000000 | 2.07 2.14 2.17 | cpu  640956841 334735728 176187197 19734326409 4921630 0 2517888 0 0 0
1790982029 2520, 13801, 42, 0x0000000000000000 | 2.07 2.14 2.17 | cpu  640957050 334735728 176187216 19734332901 4921633 0 2517888 0 0 0
1790982030 2527, 13801, 42, 0x0000000000000000 | 1.98 2.12 2.16 | cpu  640957219 334735728 176187234 19734339437 4921634 0 2517888 0 0 0
1790982031 2520, 13801, 42, 0x0000000000000000 | 1.98 2.12 2.16 | cpu  640957429 334735728 176187249 19734345962 4921634 0 2517888 0 0 0
1790982032 2520, 13801, 42, 0x0000000000000000 | 1.98 2.12 2.16 | cpu  640957638 334735728 176187265 19734352466 4921634 0 2517888 0 0 0
1790982033 2520, 13801, 42, 0x0000000000000000 | 1.98 2.12 2.16 | cpu  640957846 334735728 176187282 19734358991 4921634 0 2517888 0 0 0
1790982034 2542, 13801, 42, 0x0000000000000000 | 1.98 2.12 2.16 | cpu  640958048 334735728 176187301 19734365516 4921638 0 2517888 0 0 0
1790982035 2520, 13801, 42, 0x0000000000000000 | 1.98 2.12 2.16 | cpu  640958227 334735728 176187318 19734372062 4921638 0 2517888 0 0 0
1790982036 2527, 13801, 42, 0x0000000000000000 | 1.98 2.12 2.16 | cpu  640958435 334735728 176187335 19734378575 4921638 0 2517888 0 0 0
1790982037 2520, 13801, 42, 0x0000000000000000 | 1.98 2.12 2.16 | cpu  640958644 334735728 176187354 19734385090 4921646 0 2517888 0 0 0
1790982039 2782, 13801, 46, 0x0000000000000000 | 1.98 2.12 2.16 | cpu  640958851 334735728 176187371 19734391609 4921646 0 2517889 0 0 0
1790982040 2880, 13801, 45, 0x0000000000000000 | 1.98 2.12 2.16 | cpu  640959021 334735728 176187392 19734398206 4921647 0 2517889 0 0 0
1790982041 2917, 13801, 45, 0x0000000000000000 | 1.98 2.12 2.16 | cpu  640959229 334735728 176187411 19734404718 4921650 0 2517889 0 0 0
1790982042 2910, 13801, 44, 0x0000000000000000 | 1.98 2.12 2.16 | cpu  640959442 334735728 176187429 19734411244 4921650 0 2517889 0 0 0
1790982043 2932, 13801, 44, 0x0000000000000000 | 1.98 2.12 2.16 | cpu  640959650 334735728 176187445 19734417766 4921650 0 2517889 0 0 0
1790982044 2932, 13801, 45, 0x0000000000000000 | 1.98 2.12 2.16 | cpu  640959860 334735728 176187463 19734424316 4921650 0 2517889 0 0 0
1790982045 2932, 13801, 44, 0x0000000000000000 | 1.99 2.11 2.16 | cpu  640960069 334735728 176187482 19734430840 4921653 0 2517889 0 0 0
1790982046 2925, 13801, 54, 0x0000000000000004 | 1.99 2.11 2.16 | cpu  640960278 334735728 176187496 19734437373 4921653 0 2517889 0 0 0
1790982047 2917, 13801, 53, 0x0000000000000000 | 1.99 2.11 2.16 | cpu  640960486 334735728 176187513 19734443886 4921654 0 2517890 0 0 0
1790982048 2902, 13801, 52, 0x0000000000000000 | 1.99 2.11 2.16 | cpu  640960694 334735728 176187534 19734450394 4921654 0 2517890 0 0 0
1790982049 2872, 13801, 48, 0x0000000000000000 | 1.99 2.11 2.16 | cpu  640960902 334735728 176187550 19734456912 4921654 0 2517890 0 0 0
1790982050 2902, 13801, 55, 0x0000000000000004 | 1.99 2.11 2.16 | cpu  640961111 334735728 176187572 19734463422 4921658 0 2517890 0 0 0
1790982051 2910, 13801, 52, 0x0000000000000004 | 1.99 2.11 2.16 | cpu  640961322 334735728 176187590 19734470007 4921658 0 2517890 0 0 0
1790982052 2932, 13801, 54, 0x0000000000000000 | 1.99 2.11 2.16 | cpu  640961535 334735728 176187613 19734476507 4921658 0 2517890 0 0 0
1790982053 2925, 13801, 53, 0x0000000000000000 | 1.99 2.11 2.16 | cpu  640961744 334735728 176187629 19734483030 4921658 0 2517890 0 0 0
1790982054 2917, 13801, 51, 0x0000000000000000 | 1.99 2.11 2.16 | cpu  640961953 334735728 176187686 19734489487 4921658 0 2517890 0 0 0
1790982055 2917, 13801, 48, 0x0000000000000000 | 1.99 2.11 2.16 | cpu  640962163 334735728 176187703 19734495990 4921662 0 2517890 0 0 0
1790982056 2925, 13801, 47, 0x0000000000000000 | 1.99 2.11 2.16 | cpu  640962369 334735728 176187720 19734502500 4921662 0 2517890 0 0 0
1790982058 2917, 13801, 46, 0x0000000000000000 | 1.99 2.11 2.16 | cpu  640962580 334735728 176187736 19734509066 4921662 0 2517890 0 0 0
1790982059 2932, 13801, 46, 0x0000000000000000 | 1.99 2.11 2.16 | cpu  640962790 334735728 176187751 19734515574 4921662 0 2517890 0 0 0
1790982060 2940, 13801, 46, 0x0000000000000000 | 1.99 2.11 2.16 | cpu  640962999 334735728 176187768 19734522062 4921662 0 2517891 0 0 0
1790982061 2917, 13801, 46, 0x0000000000000000 | 1.99 2.11 2.16 | cpu  640963208 334735728 176187784 19734528554 4921666 0 2517891 0 0 0
1790982062 2925, 13801, 46, 0x0000000000000000 | 1.99 2.11 2.16 | cpu  640963417 334735728 176187800 19734535066 4921666 0 2517891 0 0 0
1790982063 2932, 13801, 45, 0x0000000000000000 | 1.99 2.11 2.16 | cpu  640963626 334735728 176187816 19734541592 4921666 0 2517891 0 0 0
1790982064 2617, 13801, 45, 0x0000000000000000 | 1.99 2.11 2.16 | cpu  640963839 334735728 176187839 19734548095 4921666 0 2517891 0 0 0
1790982065 2722, 13801, 47, 0x0000000000000000 | 2.07 2.12 2.16 | cpu  640964052 334735728 176187932 19734554506 4921666 0 2517891 0 0 0
1790982066 2932, 13801, 45, 0x0000000000000000 | 2.07 2.12 2.16 | cpu  640964264 334735728 176187981 19734560978 4921670 0 2517891 0 0 0
1790982067 2625, 13801, 44, 0x0000000000000000 | 2.07 2.12 2.16 | cpu  640964477 334735728 176187998 19734567468 4921674 0 2517892 0 0 0
1790982068 2520, 13801, 44, 0x0000000000000000 | 2.07 2.12 2.16 | cpu  640964687 334735728 176188016 19734573984 4921674 0 2517892 0 0 0
1790982069 2520, 13801, 44, 0x0000000000000000 | 2.07 2.12 2.16 | cpu  640964895 334735728 176188030 19734580500 4921674 0 2517892 0 0 0
1790982070 2520, 13801, 44, 0x0000000000000000 | 2.07 2.12 2.16 | cpu  640965103 334735728 176188050 19734587008 4921674 0 2517892 0 0 0
1790982071 2520, 13801, 44, 0x0000000000000000 | 2.07 2.12 2.16 | cpu  640965312 334735728 176188064 19734593507 4921674 0 2517892 0 0 0
1790982072 2520, 13801, 44, 0x0000000000000000 | 2.07 2.12 2.16 | cpu  640965520 334735728 176188081 19734600021 4921691 0 2517892 0 0 0
1790982073 2520, 13801, 43, 0x0000000000000000 | 2.07 2.12 2.16 | cpu  640965729 334735728 176188096 19734606543 4921691 0 2517892 0 0 0
1790982074 2542, 13801, 43, 0x0000000000000000 | 2.07 2.12 2.16 | cpu  640965941 334735728 176188125 19734613044 4921691 0 2517892 0 0 0
1790982075 2520, 13801, 43, 0x0000000000000000 | 2.06 2.12 2.16 | cpu  640966151 334735728 176188146 19734619578 4921691 0 2517892 0 0 0
1790982077 2520, 13801, 43, 0x0000000000000000 | 2.06 2.12 2.16 | cpu  640966359 334735728 176188162 19734626090 4921695 0 2517892 0 0 0
1790982078 2580, 13801, 46, 0x0000000000000000 | 2.06 2.12 2.16 | cpu  640966568 334735728 176188178 19734632612 4921695 0 2517892 0 0 0
1790982079 2520, 13801, 43, 0x0000000000000000 | 2.06 2.12 2.16 | cpu  640966776 334735728 176188197 19734639133 4921695 0 2517892 0 0 0
1790982080 2520, 13801, 43, 0x0000000000000000 | 2.06 2.12 2.16 | cpu  640966985 334735728 176188216 19734645654 4921695 0 2517893 0 0 0
1790982081 2520, 13801, 43, 0x0000000000000000 | 2.14 2.13 2.16 | cpu  640967194 334735728 176188232 19734652169 4921695 0 2517893 0 0 0
1790982082 2932, 13801, 44, 0x0000000000000000 | 2.14 2.13 2.16 | cpu  640967404 334735728 176188249 19734658691 4921699 0 2517893 0 0 0
1790982083 2520, 13801, 43, 0x0000000000000000 | 2.14 2.13 2.16 | cpu  640967612 334735728 176188265 19734665205 4921699 0 2517893 0 0 0
1790982084 2572, 13801, 46, 0x0000000000000000 | 2.14 2.13 2.16 | cpu  640967821 334735728 176188281 19734671717 4921700 0 2517893 0 0 0
1790982085 2520, 13801, 43, 0x0000000000000000 | 2.12 2.13 2.16 | cpu  640968031 334735728 176188297 19734678220 4921700 0 2517893 0 0 0
1790982086 2520, 13801, 43, 0x0000000000000000 | 2.12 2.13 2.16 | cpu  640968238 334735728 176188315 19734684736 4921700 0 2517893 0 0 0
1790982087 2520, 13801, 43, 0x0000000000000000 | 2.12 2.13 2.16 | cpu  640968448 334735728 176188367 19734691202 4921700 0 2517893 0 0 0
1790982088 2520, 13801, 43, 0x0000000000000000 | 2.12 2.13 2.16 | cpu  640968653 334735728 176188386 19734697727 4921703 0 2517893 0 0 0
1790982089 2520, 13801, 43, 0x0000000000000000 | 2.12 2.13 2.16 | cpu  640968756 334735728 176188402 19734704365 4921704 0 2517893 0 0 0
1790982090 2520, 13801, 43, 0x0000000000000000 | 2.19 2.14 2.17 | cpu  640968925 334735728 176188419 19734710930 4921704 0 2517893 0 0 0
1790982091 2535, 13801, 43, 0x0000000000000000 | 2.19 2.14 2.17 | cpu  640969113 334735728 176188437 19734717460 4921704 0 2517893 0 0 0
1790982092 2520, 13801, 42, 0x0000000000000000 | 2.19 2.14 2.17 | cpu  640969294 334735728 176188451 19734723989 4921704 0 2517893 0 0 0
1790982093 2520, 13801, 42, 0x0000000000000000 | 2.19 2.14 2.17 | cpu  640969503 334735728 176188468 19734730486 4921707 0 2517893 0 0 0
1790982094 2685, 13801, 43, 0x0000000000000000 | 2.19 2.14 2.17 | cpu  640969712 334735728 176188484 19734737005 4921708 0 2517893 0 0 0
1790982095 2520, 13801, 42, 0x0000000000000000 | 2.34 2.18 2.18 | cpu  640969920 334735728 176188502 19734743517 4921708 0 2517894 0 0 0
1790982097 2520, 13801, 42, 0x0000000000000000 | 2.34 2.18 2.18 | cpu  640970129 334735728 176188522 19734750020 4921708 0 2517894 0 0 0
1790982098 2520, 13801, 42, 0x0000000000000000 | 2.34 2.18 2.18 | cpu  640970340 334735728 176188538 19734756532 4921715 0 2517894 0 0 0
1790982099 2520, 13801, 42, 0x0000000000000000 | 2.34 2.18 2.18 | cpu  640970553 334735728 176188554 19734763032 4921715 0 2517894 0 0 0
1790982100 2520, 13801, 42, 0x0000000000000000 | 2.34 2.18 2.18 | cpu  640970766 334735728 176188575 19734769525 4921715 0 2517894 0 0 0
1790982101 2520, 13801, 42, 0x0000000000000000 | 2.31 2.17 2.18 | cpu  640970975 334735728 176188592 19734776046 4921715 0 2517894 0 0 0
1790982102 2520, 13801, 42, 0x0000000000000000 | 2.31 2.17 2.18 | cpu  640971184 334735728 176188613 19734782569 4921721 0 2517894 0 0 0
1790982103 2910, 13801, 45, 0x0000000000000000 | 2.31 2.17 2.18 | cpu  640971391 334735728 176188631 19734789080 4921725 0 2517894 0 0 0
1790982104 2932, 13801, 45, 0x0000000000000000 | 2.31 2.17 2.18 | cpu  640971601 334735728 176188647 19734795613 4921725 0 2517894 0 0 0
1790982105 2850, 13801, 56, 0x0000000000000004 | 2.29 2.17 2.18 | cpu  640971810 334735728 176188664 19734802120 4921725 0 2517894 0 0 0
1790982106 2902, 13801, 47, 0x0000000000000000 | 2.29 2.17 2.18 | cpu  640972018 334735728 176188682 19734808641 4921725 0 2517894 0 0 0
1790982107 2910, 13801, 46, 0x0000000000000000 | 2.29 2.17 2.18 | cpu  640972227 334735728 176188696 19734815144 4921725 0 2517894 0 0 0
1790982108 2940, 13801, 45, 0x0000000000000000 | 2.29 2.17 2.18 | cpu  640972436 334735728 176188713 19734821651 4921729 0 2517894 0 0 0
1790982109 2910, 13801, 49, 0x0000000000000000 | 2.29 2.17 2.18 | cpu  640972645 334735728 176188730 19734828171 4921729 0 2517894 0 0 0
1790982110 2887, 13801, 47, 0x0000000000000000 | 2.26 2.17 2.18 | cpu  640972857 334735728 176188752 19734834692 4921729 0 2517894 0 0 0
1790982111 2932, 13801, 46, 0x0000000000000000 | 2.26 2.17 2.18 | cpu  640973066 334735728 176188769 19734841224 4921729 0 2517894 0 0 0
1790982112 2940, 13801, 46, 0x0000000000000000 | 2.26 2.17 2.18 | cpu  640973280 334735728 176188786 19734847751 4921729 0 2517894 0 0 0
1790982113 2932, 13801, 46, 0x0000000000000000 | 2.26 2.17 2.18 | cpu  640973490 334735728 176188805 19734854295 4921733 0 2517894 0 0 0
1790982114 2940, 13801, 46, 0x0000000000000000 | 2.26 2.17 2.18 | cpu  640973698 334735728 176188822 19734860840 4921733 0 2517894 0 0 0
1790982116 2932, 13801, 46, 0x0000000000000000 | 2.24 2.16 2.18 | cpu  640973912 334735728 176188842 19734867385 4921733 0 2517894 0 0 0
1790982117 2932, 13801, 46, 0x0000000000000000 | 2.24 2.16 2.18 | cpu  640974123 334735728 176188862 19734873883 4921733 0 2517895 0 0 0
1790982118 2940, 13801, 46, 0x0000000000000000 | 2.24 2.16 2.18 | cpu  640974339 334735728 176188931 19734880316 4921733 0 2517895 0 0 0
1790982119 2940, 13801, 46, 0x0000000000000000 | 2.24 2.16 2.18 | cpu  640974551 334735728 176188961 19734886835 4921737 0 2517895 0 0 0
1790982120 2932, 13801, 46, 0x0000000000000000 | 2.38 2.20 2.19 | cpu  640974759 334735728 176189004 19734893327 4921737 0 2517895 0 0 0
1790982121 2925, 13801, 53, 0x0000000000000004 | 2.38 2.20 2.19 | cpu  640974972 334735728 176189036 19734899835 4921737 0 2517895 0 0 0
1790982122 2917, 13801, 53, 0x0000000000000000 | 2.38 2.20 2.19 | cpu  640975182 334735728 176189052 19734906358 4921737 0 2517895 0 0 0
1790982123 2925, 13801, 50, 0x0000000000000000 | 2.38 2.20 2.19 | cpu  640975392 334735728 176189066 19734912879 4921737 0 2517895 0 0 0
1790982124 2932, 13801, 53, 0x0000000000000004 | 2.38 2.20 2.19 | cpu  640975601 334735728 176189083 19734919388 4921737 0 2517895 0 0 0
1790982125 2932, 13801, 46, 0x0000000000000000 | 2.35 2.19 2.18 | cpu  640975810 334735728 176189100 19734925892 4921741 0 2517895 0 0 0
1790982126 2520, 13801, 45, 0x0000000000000000 | 2.35 2.19 2.18 | cpu  640976023 334735728 176189116 19734932402 4921741 0 2517896 0 0 0
1790982127 2535, 13801, 45, 0x0000000000000000 | 2.35 2.19 2.18 | cpu  640976236 334735728 176189173 19734938852 4921741 0 2517896 0 0 0
1790982128 2527, 13801, 45, 0x0000000000000000 | 2.35 2.19 2.18 | cpu  640976447 334735728 176189256 19734945288 4921745 0 2517896 0 0 0
1790982129 2520, 13801, 45, 0x0000000000000000 | 2.35 2.19 2.18 | cpu  640976656 334735728 176189273 19734951796 4921745 0 2517896 0 0 0
1790982130 2535, 13801, 45, 0x0000000000000000 | 2.32 2.19 2.18 | cpu  640976864 334735728 176189290 19734958309 4921745 0 2517896 0 0 0
1790982131 2550, 13801, 45, 0x0000000000000000 | 2.32 2.19 2.18 | cpu  640977072 334735728 176189308 19734964819 4921745 0 2517896 0 0 0
1790982132 2520, 13801, 44, 0x0000000000000000 | 2.32 2.19 2.18 | cpu  640977282 334735728 176189327 19734971320 4921745 0 2517896 0 0 0
1790982133 2932, 13801, 46, 0x0000000000000000 | 2.32 2.19 2.18 | cpu  640977490 334735728 176189344 19734977841 4921753 0 2517896 0 0 0
1790982134 2932, 13801, 45, 0x0000000000000000 | 2.32 2.19 2.18 | cpu  640977699 334735728 176189360 19734984348 4921757 0 2517897 0 0 0
1790982136 2520, 13801, 44, 0x0000000000000000 | 2.30 2.18 2.18 | cpu  640977908 334735728 176189377 19734990850 4921757 0 2517897 0 0 0
1790982137 2535, 13801, 45, 0x0000000000000000 | 2.30 2.18 2.18 | cpu  640978116 334735728 176189393 19734997361 4921757 0 2517897 0 0 0
1790982138 2520, 13801, 44, 0x0000000000000000 | 2.30 2.18 2.18 | cpu  640978325 334735728 176189407 19735003876 4921757 0 2517897 0 0 0
1790982139 2520, 13801, 44, 0x0000000000000000 | 2.30 2.18 2.18 | cpu  640978534 334735728 176189424 19735010381 4921757 0 2517897 0 0 0
1790982140 2520, 13801, 44, 0x0000000000000000 | 2.43 2.22 2.19 | cpu  640978744 334735728 176189444 19735016873 4921761 0 2517897 0 0 0
1790982141 2932, 13801, 45, 0x0000000000000000 | 2.43 2.22 2.19 | cpu  640978955 334735728 176189463 19735023386 4921761 0 2517897 0 0 0
1790982142 2625, 13801, 44, 0x0000000000000000 | 2.43 2.22 2.19 | cpu  640979164 334735728 176189479 19735029886 4921761 0 2517897 0 0 0
1790982143 2520, 13801, 44, 0x0000000000000000 | 2.43 2.22 2.19 | cpu  640979335 334735728 176189494 19735036443 4921761 0 2517897 0 0 0
1790982144 2520, 13801, 44, 0x0000000000000000 | 2.43 2.22 2.19 | cpu  640979548 334735728 176189515 19735043047 4921761 0 2517897 0 0 0
1790982145 2520, 13801, 44, 0x0000000000000000 | 2.40 2.21 2.19 | cpu  640979758 334735728 176189532 19735049552 4921765 0 2517897 0 0 0
1790982146 2520, 13801, 44, 0x0000000000000000 | 2.40 2.21 2.19 | cpu  640979968 334735728 176189549 19735056063 4921765 0 2517897 0 0 0
1790982147 2895, 13801, 45, 0x0000000000000000 | 2.40 2.21 2.19 | cpu  640980178 334735728 176189564 19735062579 4921765 0 2517897 0 0 0
1790982148 2932, 13801, 44, 0x0000000000000000 | 2.40 2.21 2.19 | cpu  640980388 334735728 176189580 19735069105 4921765 0 2517897 0 0 0
1790982149 2520, 13801, 44, 0x0000000000000000 | 2.40 2.21 2.19 | cpu  640980598 334735728 176189594 19735075627 4921765 0 2517897 0 0 0
1790982150 2520, 13801, 43, 0x0000000000000000 | 2.37 2.21 2.19 | cpu  640980808 334735728 176189614 19735082127 4921770 0 2517897 0 0 0
1790982151 2535, 13801, 43, 0x0000000000000000 | 2.37 2.21 2.19 | cpu  640981020 334735728 176189643 19735088627 4921770 0 2517897 0 0 0
1790982152 2520, 13801, 43, 0x0000000000000000 | 2.37 2.21 2.19 | cpu  640981228 334735728 176189674 19735095118 4921770 0 2517897 0 0 0
1790982153 2520, 13801, 43, 0x0000000000000000 | 2.37 2.21 2.19 | cpu  640981437 334735728 176189714 19735101624 4921770 0 2517898 0 0 0
1790982154 2520, 13801, 44, 0x0000000000000000 | 2.37 2.21 2.19 | cpu  640981645 334735728 176189730 19735108147 4921770 0 2517898 0 0 0
1790982156 2595, 13801, 45, 0x0000000000000000 | 2.34 2.20 2.19 | cpu  640981855 334735728 176189748 19735114627 4921774 0 2517898 0 0 0
1790982157 2520, 13801, 43, 0x0000000000000000 | 2.34 2.20 2.19 | cpu  640982063 334735728 176189765 19735121146 4921774 0 2517898 0 0 0
1790982158 2520, 13801, 43, 0x0000000000000000 | 2.34 2.20 2.19 | cpu  640982272 334735728 176189780 19735127658 4921781 0 2517898 0 0 0
1790982159 2520, 13801, 43, 0x0000000000000000 | 2.34 2.20 2.19 | cpu  640982481 334735728 176189795 19735134180 4921781 0 2517898 0 0 0
1790982160 2520, 13801, 43, 0x0000000000000000 | 2.39 2.22 2.19 | cpu  640982691 334735728 176189811 19735140697 4921781 0 2517898 0 0 0
1790982161 2520, 13801, 43, 0x0000000000000000 | 2.39 2.22 2.19 | cpu  640982899 334735728 176189828 19735147203 4921781 0 2517898 0 0 0
1790982162 2520, 13801, 43, 0x0000000000000000 | 2.39 2.22 2.19 | cpu  640983150 334735728 176189864 19735153633 4921785 0 2517898 0 0 0
1790982163 2520, 13801, 43, 0x0000000000000000 | 2.39 2.22 2.19 | cpu  640983358 334735728 176189880 19735160140 4921785 0 2517899 0 0 0
1790982164 2520, 13801, 43, 0x0000000000000000 | 2.39 2.22 2.19 | cpu  640983572 334735728 176189900 19735166638 4921785 0 2517899 0 0 0
1790982165 2520, 13801, 43, 0x0000000000000000 | 2.36 2.21 2.19 | cpu  640983780 334735728 176189917 19735173144 4921785 0 2517899 0 0 0
1790982166 2565, 13801, 43, 0x0000000000000000 | 2.36 2.21 2.19 | cpu  640984004 334735728 176190004 19735179552 4921787 0 2517899 0 0 0
1790982167 2520, 13801, 43, 0x0000000000000000 | 2.36 2.21 2.19 | cpu  640984216 334735728 176190027 19735186058 4921789 0 2517899 0 0 0
1790982168 2520, 13801, 43, 0x0000000000000000 | 2.36 2.21 2.19 | cpu  640984443 334735728 176190057 19735192523 4921790 0 2517899 0 0 0
1790982169 2520, 13801, 42, 0x0000000000000000 | 2.36 2.21 2.19 | cpu  640984652 334735728 176190074 19735199039 4921790 0 2517899 0 0 0
1790982170 2520, 13801, 43, 0x0000000000000000 | 2.33 2.21 2.19 | cpu  640984861 334735728 176190090 19735205554 4921790 0 2517899 0 0 0
1790982171 2520, 13801, 42, 0x0000000000000000 | 2.33 2.21 2.19 | cpu  640985068 334735728 176190108 19735212077 4921790 0 2517899 0 0 0
1790982172 2520, 13801, 42, 0x0000000000000000 | 2.33 2.21 2.19 | cpu  640985258 334735728 176190125 19735218604 4921794 0 2517899 0 0 0
1790982173 2520, 13801, 42, 0x0000000000000000 | 2.33 2.21 2.19 | cpu  640985445 334735728 176190141 19735225169 4921794 0 2517899 0 0 0
1790982175 2520, 13801, 42, 0x0000000000000000 | 2.33 2.21 2.19 | cpu  640985549 334735728 176190154 19735231798 4921794 0 2517899 0 0 0
1790982176 2520, 13801, 42, 0x0000000000000000 | 2.30 2.21 2.19 | cpu  640985743 334735728 176190171 19735238331 4921794 0 2517899 0 0 0
1790982177 2520, 13801, 42, 0x0000000000000000 | 2.30 2.21 2.19 | cpu  640985952 334735728 176190187 19735244854 4921794 0 2517899 0 0 0
1790982178 2520, 13801, 42, 0x0000000000000000 | 2.30 2.21 2.19 | cpu  640986162 334735728 176190207 19735251345 4921798 0 2517899 0 0 0
1790982179 2520, 13801, 42, 0x0000000000000000 | 2.30 2.21 2.19 | cpu  640986274 334735728 176190221 19735257964 4921798 0 2517899 0 0 0
1790982180 2835, 13801, 44, 0x0000000000000000 | 2.28 2.20 2.19 | cpu  640986403 334735728 176190241 19735264550 4921799 0 2517899 0 0 0
1790982181 2947, 13801, 43, 0x0000000000000000 | 2.28 2.20 2.19 | cpu  640986615 334735728 176190259 19735271070 4921799 0 2517899 0 0 0
1790982182 2520, 13801, 42, 0x0000000000000000 | 2.28 2.20 2.19 | cpu  640986741 334735728 176190276 19735277651 4921799 0 2517899 0 0 0
1790982183 2850, 13801, 49, 0x0000000000000000 | 2.28 2.20 2.19 | cpu  640986937 334735728 176190292 19735284196 4921803 0 2517899 0 0 0
1790982184 2940, 13801, 43, 0x0000000000000000 | 2.28 2.20 2.19 | cpu  640987083 334735728 176190311 19735290781 4921803 0 2517899 0 0 0
1790982185 2640, 13801, 42, 0x0000000000000000 | 2.26 2.20 2.18 | cpu  640987281 334735728 176190333 19735297300 4921803 0 2517900 0 0 0
1790982186 2550, 13801, 43, 0x0000000000000000 | 2.26 2.20 2.18 | cpu  640987450 334735728 176190390 19735303848 4921803 0 2517900 0 0 0
1790982187 2527, 13801, 42, 0x0000000000000000 | 2.26 2.20 2.18 | cpu  640987584 334735728 176190406 19735310446 4921803 0 2517900 0 0 0
1790982188 2602, 13801, 43, 0x0000000000000000 | 2.26 2.20 2.18 | cpu  640987691 334735728 176190424 19735317065 4921813 0 2517900 0 0 0
1790982189 2902, 13801, 52, 0x0000000000000000 | 2.26 2.20 2.18 | cpu  640987887 334735728 176190447 19735323602 4921813 0 2517900 0 0 0
1790982190 2827, 13801, 62, 0x0000000000000004 | 2.32 2.21 2.19 | cpu  640988106 334735728 176190561 19735330033 4921813 0 2517900 0 0 0
1790982191 2820, 13801, 61, 0x0000000000000004 | 2.32 2.21 2.19 | cpu  640988234 334735728 176190582 19735336633 4921814 0 2517900 0 0 0
1790982192 2722, 13801, 61, 0x0000000000000004 | 2.32 2.21 2.19 | cpu  640988341 334735728 176190596 19735343285 4921814 0 2517900 0 0 0
1790982193 2887, 13801, 63, 0x0000000000000004 | 2.32 2.21 2.19 | cpu  640988505 334735728 176190610 19735349873 4921817 0 2517900 0 0 0
1790982195 2857, 13801, 63, 0x0000000000000004 | 2.32 2.21 2.19 | cpu  640988619 334735728 176190625 19735356509 4921817 0 2517900 0 0 0
1790982196 2917, 13801, 51, 0x0000000000000000 | 2.21 2.19 2.18 | cpu  640988736 334735728 176190641 19735363163 4921818 0 2517900 0 0 0
1790982197 2940, 13801, 49, 0x0000000000000000 | 2.21 2.19 2.18 | cpu  640988893 334735728 176190657 19735369727 4921818 0 2517900 0 0 0
1790982198 2902, 13801, 56, 0x0000000000000000 | 2.21 2.19 2.18 | cpu  640989063 334735728 176190671 19735376283 4921818 0 2517900 0 0 0
1790982199 2940, 13801, 48, 0x0000000000000000 | 2.21 2.19 2.18 | cpu  640989175 334735728 176190686 19735382902 4921818 0 2517900 0 0 0
1790982200 2520, 13801, 47, 0x0000000000000000 | 2.11 2.17 2.18 | cpu  640989280 334735728 176190703 19735389513 4921822 0 2517900 0 0 0
1790982201 2520, 13801, 46, 0x0000000000000000 | 2.11 2.17 2.18 | cpu  640989385 334735728 176190723 19735396130 4921822 0 2517900 0 0 0
1790982202 2520, 13801, 46, 0x0000000000000000 | 2.11 2.17 2.18 | cpu  640989590 334735728 176190740 19735402648 4921822 0 2517900 0 0 0
1790982203 2520, 13801, 46, 0x0000000000000000 | 2.11 2.17 2.18 | cpu  640989798 334735728 176190757 19735409162 4921822 0 2517901 0 0 0
1790982204 2520, 13801, 46, 0x0000000000000000 | 2.11 2.17 2.18 | cpu  640990008 334735728 176190775 19735415668 4921823 0 2517901 0 0 0
1790982205 2520, 13801, 46, 0x0000000000000000 | 2.10 2.17 2.17 | cpu  640990217 334735728 176190793 19735422162 4921826 0 2517901 0 0 0
1790982206 2520, 13801, 45, 0x0000000000000000 | 2.10 2.17 2.17 | cpu  640990426 334735728 176190809 19735428697 4921827 0 2517901 0 0 0
1790982207 2520, 13801, 45, 0x0000000000000000 | 2.10 2.17 2.17 | cpu  640990595 334735728 176190825 19735435255 4921827 0 2517901 0 0 0
1790982208 2535, 13801, 45, 0x0000000000000000 | 2.10 2.17 2.17 | cpu  640990744 334735728 176190843 19735441835 4921827 0 2517901 0 0 0
1790982209 2520, 13801, 45, 0x0000000000000000 | 2.10 2.17 2.17 | cpu  640990847 334735728 176190860 19735448467 4921827 0 2517901 0 0 0
1790982210 2520, 13801, 45, 0x0000000000000000 | 2.02 2.15 2.17 | cpu  640990949 334735728 176190880 19735455085 4921831 0 2517901 0 0 0
1790982211 2782, 13801, 47, 0x0000000000000000 | 2.02 2.15 2.17 | cpu  640991052 334735728 176190896 19735461717 4921831 0 2517901 0 0 0
1790982212 2782, 13801, 45, 0x0000000000000000 | 2.02 2.15 2.17 | cpu  640991208 334735728 176190918 19735468278 4921831 0 2517901 0 0 0
1790982214 2520, 13801, 45, 0x0000000000000000 | 2.02 2.15 2.17 | cpu  640991416 334735728 176190977 19735474755 4921831 0 2517901 0 0 0
1790982215 2520, 13801, 45, 0x0000000000000000 | 2.02 2.15 2.17 | cpu  640991525 334735728 176191018 19735481385 4921831 0 2517901 0 0 0
1790982216 2932, 13801, 45, 0x0000000000000000 | 1.93 2.13 2.16 | cpu  640991713 334735728 176191039 19735487896 4921834 0 2517901 0 0 0
1790982217 2932, 13801, 45, 0x0000000000000000 | 1.93 2.13 2.16 | cpu  640991919 334735728 176191057 19735494405 4921834 0 2517901 0 0 0
1790982218 2520, 13801, 45, 0x0000000000000000 | 1.93 2.13 2.16 | cpu  640992114 334735728 176191076 19735500946 4921835 0 2517901 0 0 0
1790982219 2520, 13801, 44, 0x0000000000000000 | 1.93 2.13 2.16 | cpu  640992291 334735728 176191130 19735507452 4921839 0 2517902 0 0 0
1790982220 2520, 13801, 44, 0x0000000000000000 | 1.86 2.11 2.16 | cpu  640992394 334735728 176191150 19735514095 4921839 0 2517902 0 0 0
1790982221 2520, 13801, 44, 0x0000000000000000 | 1.86 2.11 2.16 | cpu  640992592 334735728 176191168 19735520621 4921843 0 2517902 0 0 0
1790982222 2520, 13801, 44, 0x0000000000000000 | 1.86 2.11 2.16 | cpu  640992737 334735728 176191186 19735527194 4921843 0 2517902 0 0 0
1790982223 2932, 13801, 45, 0x0000000000000000 | 1.86 2.11 2.16 | cpu  640992875 334735728 176191202 19735533779 4921843 0 2517902 0 0 0
1790982224 2932, 13801, 45, 0x0000000000000000 | 1.86 2.11 2.16 | cpu  640993047 334735728 176191219 19735540341 4921843 0 2517902 0 0 0
1790982225 2520, 13801, 44, 0x0000000000000000 | 1.79 2.09 2.15 | cpu  640993150 334735728 176191237 19735546964 4921843 0 2517902 0 0 0
1790982226 2520, 13801, 44, 0x0000000000000000 | 1.79 2.09 2.15 | cpu  640993253 334735728 176191255 19735553593 4921847 0 2517902 0 0 0
1790982227 2520, 13801, 44, 0x0000000000000000 | 1.79 2.09 2.15 | cpu  640993357 334735728 176191275 19735560201 4921847 0 2517902 0 0 0
1790982228 2520, 13801, 44, 0x0000000000000000 | 1.79 2.09 2.15 | cpu  640993527 334735728 176191301 19735566744 4921847 0 2517902 0 0 0
1790982229 2520, 13801, 44, 0x0000000000000000 | 1.79 2.09 2.15 | cpu  640993686 334735728 176191326 19735573314 4921848 0 2517902 0 0 0
1790982230 2520, 13801, 43, 0x0000000000000000 | 1.73 2.07 2.14 | cpu  640993838 334735728 176191345 19735579898 4921848 0 2517902 0 0 0
1790982231 2520, 13801, 43, 0x0000000000000000 | 1.73 2.07 2.14 | cpu  640993973 334735728 176191363 19735586497 4921851 0 2517902 0 0 0
1790982233 2572, 13801, 44, 0x0000000000000000 | 1.73 2.07 2.14 | cpu  640994076 334735728 176191379 19735593138 4921851 0 2517902 0 0 0
1790982234 2520, 13801, 43, 0x0000000000000000 | 1.73 2.07 2.14 | cpu  640994186 334735728 176191393 19735599760 4921851 0 2517902 0 0 0
1790982235 2520, 13801, 43, 0x0000000000000000 | 1.73 2.07 2.14 | cpu  640994396 334735728 176191409 19735606277 4921852 0 2517902 0 0 0
1790982236 2520, 13801, 43, 0x0000000000000000 | 1.75 2.07 2.14 | cpu  640994607 334735728 176191428 19735612774 4921852 0 2517902 0 0 0
1790982237 2520, 13801, 43, 0x0000000000000000 | 1.75 2.07 2.14 | cpu  640994783 334735728 176191442 19735619324 4921854 0 2517902 0 0 0
1790982238 2520, 13801, 43, 0x0000000000000000 | 1.75 2.07 2.14 | cpu  640994885 334735728 176191461 19735625948 4921855 0 2517902 0 0 0
1790982239 2557, 13801, 44, 0x0000000000000000 | 1.75 2.07 2.14 | cpu  640995066 334735728 176191479 19735632523 4921855 0 2517902 0 0 0
1790982240 2932, 13801, 44, 0x0000000000000000 | 1.69 2.05 2.14 | cpu  640995175 334735728 176191496 19735639146 4921855 0 2517902 0 0 0
1790982241 2932, 13801, 44, 0x0000000000000000 | 1.69 2.05 2.14 | cpu  640995278 334735728 176191513 19735645760 4921856 0 2517902 0 0 0
1790982242 2520, 13801, 43, 0x0000000000000000 | 1.69 2.05 2.14 | cpu  640995383 334735728 176191532 19735652383 4921860 0 2517902 0 0 0
1790982243 2542, 13801, 43, 0x0000000000000000 | 1.69 2.05 2.14 | cpu  640995545 334735728 176191548 19735658936 4921860 0 2517902 0 0 0
1790982244 2932, 13801, 44, 0x0000000000000000 | 1.69 2.05 2.14 | cpu  640995758 334735728 176191567 19735665461 4921860 0 2517902 0 0 0
1790982245 2932, 13801, 44, 0x0000000000000000 | 1.71 2.05 2.13 | cpu  640995959 334735728 176191585 19735671991 4921860 0 2517903 0 0 0
1790982246 2520, 13801, 43, 0x0000000000000000 | 1.71 2.05 2.13 | cpu  640996064 334735728 176191606 19735678614 4921860 0 2517903 0 0 0
1790982247 2827, 13801, 44, 0x0000000000000000 | 1.71 2.05 2.13 | cpu  640996202 334735728 176191623 19735685196 4921864 0 2517903 0 0 0
1790982248 2932, 13801, 44, 0x0000000000000000 | 1.71 2.05 2.13 | cpu  640996384 334735728 176191639 19735691742 4921870 0 2517903 0 0 0
1790982249 2520, 13801, 43, 0x0000000000000000 | 1.71 2.05 2.13 | cpu  640996550 334735728 176191656 19735698320 4921870 0 2517903 0 0 0
1790982250 2812, 13801, 44, 0x0000000000000000 | 1.66 2.04 2.13 | cpu  640996655 334735728 176191674 19735704976 4921870 0 2517903 0 0 0
1790982252 2925, 13801, 45, 0x0000000000000000 | 1.66 2.04 2.13 | cpu  640996765 334735728 176191736 19735711597 4921890 0 2517903 0 0 0
1790982253 2940, 13801, 45, 0x0000000000000000 | 1.66 2.04 2.13 | cpu  640996965 334735728 176191819 19735718046 4921890 0 2517903 0 0 0
1790982254 2917, 13801, 46, 0x0000000000000000 | 1.66 2.04 2.13 | cpu  640997109 334735728 176191872 19735724593 4921893 0 2517903 0 0 0
1790982255 2872, 13801, 56, 0x0000000000000004 | 1.66 2.04 2.13 | cpu  640997211 334735728 176191891 19735731246 4921893 0 2517903 0 0 0
1790982256 2910, 13801, 57, 0x0000000000000004 | 1.60 2.02 2.12 | cpu  640997314 334735728 176191909 19735737873 4921893 0 2517903 0 0 0
1790982257 2857, 13801, 49, 0x0000000000000000 | 1.60 2.02 2.12 | cpu  640997485 334735728 176191924 19735744435 4921893 0 2517903 0 0 0
1790982258 2925, 13801, 47, 0x0000000000000000 | 1.60 2.02 2.12 | cpu  640997695 334735728 176191947 19735750939 4921897 0 2517903 0 0 0
1790982259 2932, 13801, 46, 0x0000000000000000 | 1.60 2.02 2.12 | cpu  640997836 334735728 176191965 19735757575 4921897 0 2517903 0 0 0
1790982260 2940, 13801, 46, 0x0000000000000000 | 1.56 2.00 2.12 | cpu  640997944 334735728 176191982 19735764195 4921897 0 2517904 0 0 0
1790982261 2940, 13801, 46, 0x0000000000000000 | 1.56 2.00 2.12 | cpu  640998087 334735728 176191999 19735770771 4921897 0 2517904 0 0 0
1790982262 2940, 13801, 46, 0x0000000000000000 | 1.56 2.00 2.12 | cpu  640998234 334735728 176192015 19735777353 4921897 0 2517904 0 0 0
1790982263 2925, 13801, 47, 0x0000000000000000 | 1.56 2.00 2.12 | cpu  640998339 334735728 176192032 19735783978 4921901 0 2517904 0 0 0
1790982264 2925, 13801, 46, 0x0000000000000000 | 1.56 2.00 2.12 | cpu  640998467 334735728 176192046 19735790573 4921901 0 2517904 0 0 0
1790982265 2932, 13801, 47, 0x0000000000000000 | 1.59 2.00 2.11 | cpu  640998677 334735728 176192066 19735797067 4921918 0 2517904 0 0 0
1790982266 2917, 13801, 47, 0x0000000000000000 | 1.59 2.00 2.11 | cpu  640998873 334735728 176192086 19735803577 4921918 0 2517904 0 0 0
1790982267 2940, 13801, 47, 0x0000000000000000 | 1.59 2.00 2.11 | cpu  640998981 334735728 176192103 19735810204 4921918 0 2517904 0 0 0
1790982268 2940, 13801, 47, 0x0000000000000000 | 1.59 2.00 2.11 | cpu  640999086 334735728 176192117 19735816870 4921918 0 2517904 0 0 0
1790982269 2940, 13801, 47, 0x0000000000000000 | 1.59 2.00 2.11 | cpu  640999193 334735728 176192136 19735823507 4921922 0 2517904 0 0 0
1790982271 2932, 13801, 56, 0x0000000000000000 | 1.54 1.98 2.11 | cpu  640999378 334735728 176192154 19735830047 4921924 0 2517904 0 0 0
1790982272 2925, 13801, 54, 0x0000000000000000 | 1.54 1.98 2.11 | cpu  640999567 334735728 176192170 19735836600 4921924 0 2517904 0 0 0
1790982273 2932, 13801, 47, 0x0000000000000000 | 1.54 1.98 2.11 | cpu  640999715 334735728 176192186 19735843167 4921924 0 2517904 0 0 0
1790982274 2932, 13801, 54, 0x0000000000000004 | 1.54 1.98 2.11 | cpu  640999889 334735728 176192202 19735849722 4921924 0 2517904 0 0 0
1790982275 2940, 13801, 47, 0x0000000000000000 | 1.66 2.00 2.11 | cpu  641000044 334735728 176192219 19735856319 4921928 0 2517904 0 0 0
1790982276 2902, 13801, 52, 0x0000000000000000 | 1.66 2.00 2.11 | cpu  641000258 334735728 176192236 19735862838 4921928 0 2517904 0 0 0
1790982277 2932, 13801, 46, 0x0000000000000000 | 1.66 2.00 2.11 | cpu  641000368 334735728 176192253 19735869475 4921932 0 2517904 0 0 0
1790982278 2520, 13801, 45, 0x0000000000000000 | 1.66 2.00 2.11 | cpu  641000485 334735728 176192272 19735876086 4921932 0 2517905 0 0 0
1790982279 2542, 13801, 45, 0x0000000000000000 | 1.66 2.00 2.11 | cpu  641000694 334735728 176192290 19735882618 4921936 0 2517905 0 0 0
1790982280 2910, 13801, 53, 0x0000000000000000 | 1.69 2.00 2.11 | cpu  641000905 334735728 176192304 19735889134 4921936 0 2517905 0 0 0
1790982281 2880, 13801, 56, 0x0000000000000000 | 1.69 2.00 2.11 | cpu  641001066 334735728 176192322 19735895716 4921936 0 2517905 0 0 0
1790982282 2895, 13801, 56, 0x0000000000000000 | 1.69 2.00 2.11 | cpu  641001174 334735728 176192336 19735902371 4921936 0 2517905 0 0 0
1790982283 2902, 13801, 56, 0x0000000000000000 | 1.69 2.00 2.11 | cpu  641001282 334735728 176192349 19735909042 4921936 0 2517905 0 0 0
1790982284 2902, 13801, 51, 0x0000000000000000 | 1.69 2.00 2.11 | cpu  641001452 334735728 176192401 19735915606 4921936 0 2517905 0 0 0
1790982285 2917, 13801, 50, 0x0000000000000000 | 1.71 2.00 2.11 | cpu  641001638 334735728 176192418 19735922158 4921940 0 2517905 0 0 0
1790982286 2940, 13801, 47, 0x0000000000000000 | 1.71 2.00 2.11 | cpu  641001741 334735728 176192436 19735928790 4921940 0 2517905 0 0 0
1790982287 2520, 13801, 46, 0x0000000000000000 | 1.71 2.00 2.11 | cpu  641001844 334735728 176192453 19735935421 4921940 0 2517905 0 0 0
1790982288 2520, 13801, 46, 0x0000000000000000 | 1.71 2.00 2.11 | cpu  641001946 334735728 176192469 19735942043 4921942 0 2517905 0 0 0
1790982290 2520, 13801, 46, 0x0000000000000000 | 1.71 2.00 2.11 | cpu  641002050 334735728 176192486 19735948682 4921942 0 2517905 0 0 0
1790982291 2520, 13801, 46, 0x0000000000000000 | 1.66 1.98 2.10 | cpu  641002152 334735728 176192505 19735955312 4921946 0 2517905 0 0 0
1790982292 2542, 13801, 46, 0x0000000000000000 | 1.66 1.98 2.10 | cpu  641002275 334735728 176192528 19735961928 4921946 0 2517905 0 0 0
1790982293 2565, 13801, 46, 0x0000000000000000 | 1.66 1.98 2.10 | cpu  641002477 334735728 176192549 19735968458 4921946 0 2517905 0 0 0
1790982294 2677, 13801, 50, 0x0000000000000000 | 1.66 1.98 2.10 | cpu  641002690 334735728 176192569 19735975009 4921946 0 2517905 0 0 0
1790982295 2940, 13801, 48, 0x0000000000000000 | 1.60 1.97 2.10 | cpu  641002887 334735728 176192586 19735981615 4921946 0 2517905 0 0 0
1790982296 2932, 13801, 49, 0x0000000000000000 | 1.60 1.97 2.10 | cpu  641002994 334735728 176192599 19735988251 4921950 0 2517905 0 0 0
1790982297 2910, 13801, 54, 0x0000000000000000 | 1.60 1.97 2.10 | cpu  641003106 334735728 176192613 19735994933 4921951 0 2517905 0 0 0
1790982298 2932, 13801, 49, 0x0000000000000000 | 1.60 1.97 2.10 | cpu  641003220 334735728 176192627 19736001595 4921951 0 2517905 0 0 0
1790982299 2940, 13801, 49, 0x0000000000000000 | 1.60 1.97 2.10 | cpu  641003365 334735728 176192643 19736008177 4921951 0 2517906 0 0 0
1790982300 2940, 13801, 48, 0x0000000000000000 | 1.55 1.95 2.09 | cpu  641003475 334735728 176192662 19736014797 4921951 0 2517906 0 0 0
1790982301 2857, 13801, 60, 0x0000000000000004 | 1.55 1.95 2.09 | cpu  641003626 334735728 176192700 19736021392 4921951 0 2517906 0 0 0
1790982302 2880, 13801, 50, 0x0000000000000000 | 1.55 1.95 2.09 | cpu  641003851 334735728 176192729 19736027866 4921955 0 2517906 0 0 0
1790982303 2925, 13801, 49, 0x0000000000000000 | 1.55 1.95 2.09 | cpu  641004061 334735728 176192749 19736034391 4921955 0 2517906 0 0 0
1790982304 2835, 13801, 60, 0x0000000000000004 | 1.55 1.95 2.09 | cpu  641004179 334735728 176192766 19736041004 4921955 0 2517906 0 0 0
1790982305 2910, 13801, 50, 0x0000000000000000 | 1.51 1.93 2.09 | cpu  641004282 334735728 176192782 19736047665 4921955 0 2517906 0 0 0
1790982306 2940, 13801, 49, 0x0000000000000000 | 1.51 1.93 2.09 | cpu  641004390 334735728 176192811 19736054293 4921959 0 2517906 0 0 0
1790982308 2842, 13801, 56, 0x0000000000000004 | 1.51 1.93 2.09 | cpu  641004588 334735728 176192828 19736060830 4921959 0 2517906 0 0 0
1790982309 2887, 13801, 52, 0x0000000000000000 | 1.51 1.93 2.09 | cpu  641004797 334735728 176192846 19736067354 4921963 0 2517906 0 0 0
1790982310 2910, 13801, 59, 0x0000000000000004 | 1.51 1.93 2.09 | cpu  641004929 334735728 176192862 19736073961 4921963 0 2517906 0 0 0
1790982311 2940, 13801, 49, 0x0000000000000000 | 1.47 1.92 2.08 | cpu  641005079 334735728 176192878 19736080539 4921963 0 2517906 0 0 0
1790982312 2940, 13801, 49, 0x0000000000000000 | 1.47 1.92 2.08 | cpu  641005288 334735728 176192896 19736087026 4921986 0 2517907 0 0 0
1790982313 2940, 13801, 49, 0x0000000000000000 | 1.47 1.92 2.08 | cpu  641005450 334735728 176192913 19736093592 4921986 0 2517907 0 0 0
1790982314 2940, 13801, 49, 0x0000000000000000 | 1.47 1.92 2.08 | cpu  641005559 334735728 176192932 19736100249 4921986 0 2517907 0 0 0
1790982315 2932, 13801, 50, 0x0000000000000000 | 1.59 1.94 2.08 | cpu  641005685 334735728 176192999 19736106816 4921986 0 2517907 0 0 0
1790982316 2940, 13801, 49, 0x0000000000000000 | 1.59 1.94 2.08 | cpu  641005902 334735728 176193079 19736113303 4921986 0 2517907 0 0 0
1790982317 2940, 13801, 49, 0x0000000000000000 | 1.59 1.94 2.08 | cpu  641006032 334735728 176193131 19736119868 4921990 0 2517907 0 0 0
1790982318 2940, 13801, 49, 0x0000000000000000 | 1.59 1.94 2.08 | cpu  641006137 334735728 176193147 19736126500 4921990 0 2517907 0 0 0
1790982319 2910, 13801, 50, 0x0000000000000000 | 1.59 1.94 2.08 | cpu  641006246 334735728 176193163 19736133103 4921990 0 2517907 0 0 0
1790982320 2872, 13801, 59, 0x0000000000000000 | 1.70 1.95 2.09 | cpu  641006435 334735728 176193178 19736139683 4921990 0 2517907 0 0 0
1790982321 2887, 13801, 58, 0x0000000000000004 | 1.70 1.95 2.09 | cpu  641006588 334735728 176193196 19736146271 4921990 0 2517907 0 0 0
1790982322 2782, 13801, 58, 0x0000000000000004 | 1.70 1.95 2.09 | cpu  641006768 334735728 176193213 19736152815 4921994 0 2517907 0 0 0
1790982323 2932, 13801, 51, 0x0000000000000000 | 1.70 1.95 2.09 | cpu  641006871 334735728 176193231 19736159456 4921994 0 2517907 0 0 0
1790982324 2925, 13801, 55, 0x0000000000000000 | 1.70 1.95 2.09 | cpu  641007035 334735728 176193252 19736166014 4921995 0 2517907 0 0 0
1790982325 2902, 13801, 65, 0x0000000000000004 | 1.65 1.94 2.08 | cpu  641007164 334735728 176193315 19736172558 4921995 0 2517907 0 0 0
1790982327 2820, 13801, 54, 0x0000000000000000 | 1.65 1.94 2.08 | cpu  641007344 334735728 176193358 19736179056 4921995 0 2517907 0 0 0
1790982328 2820, 13801, 52, 0x0000000000000000 | 1.65 1.94 2.08 | cpu  641007447 334735728 176193374 19736185684 4921999 0 2517907 0 0 0
1790982329 2917, 13801, 51, 0x0000000000000000 | 1.65 1.94 2.08 | cpu  641007583 334735728 176193389 19736192268 4921999 0 2517907 0 0 0
1790982330 2932, 13801, 51, 0x0000000000000000 | 1.65 1.94 2.08 | cpu  641007757 334735728 176193406 19736198798 4921999 0 2517907 0 0 0
1790982331 2887, 13801, 58, 0x0000000000000004 | 1.68 1.94 2.08 | cpu  641007966 334735728 176193423 19736205343 4921999 0 2517907 0 0 0
1790982332 2880, 13801, 60, 0x0000000000000004 | 1.68 1.94 2.08 | cpu  641008106 334735728 176193441 19736211934 4921999 0 2517908 0 0 0
1790982333 2827, 13801, 58, 0x0000000000000004 | 1.68 1.94 2.08 | cpu  641008210 334735728 176193458 19736218545 4922003 0 2517908 0 0 0
1790982334 2910, 13801, 53, 0x0000000000000000 | 1.68 1.94 2.08 | cpu  641008420 334735728 176193473 19736225078 4922003 0 2517908 0 0 0
1790982335 2902, 13801, 52, 0x0000000000000000 | 1.70 1.94 2.08 | cpu  641008579 334735728 176193503 19736231634 4922003 0 2517908 0 0 0
1790982336 2917, 13801, 51, 0x0000000000000000 | 1.70 1.94 2.08 | cpu  641008735 334735728 176193526 19736238207 4922003 0 2517908 0 0 0
1790982337 2932, 13801, 51, 0x0000000000000000 | 1.70 1.94 2.08 | cpu  641008908 334735728 176193542 19736244745 4922003 0 2517908 0 0 0
1790982338 2940, 13801, 51, 0x0000000000000000 | 1.70 1.94 2.08 | cpu  641009083 334735728 176193559 19736251289 4922007 0 2517908 0 0 0
1790982339 2917, 13801, 57, 0x0000000000000004 | 1.70 1.94 2.08 | cpu  641009247 334735728 176193578 19736257853 4922010 0 2517908 0 0 0
1790982340 2880, 13801, 61, 0x0000000000000004 | 1.73 1.94 2.08 | cpu  641009352 334735728 176193595 19736264488 4922010 0 2517908 0 0 0
1790982341 2880, 13801, 62, 0x0000000000000004 | 1.73 1.94 2.08 | cpu  641009457 334735728 176193617 19736271145 4922010 0 2517908 0 0 0
1790982342 2917, 13801, 62, 0x0000000000000004 | 1.73 1.94 2.08 | cpu  641009609 334735728 176193632 19736277735 4922010 0 2517908 0 0 0
1790982343 2835, 13801, 58, 0x0000000000000004 | 1.73 1.94 2.08 | cpu  641009785 334735728 176193649 19736284281 4922014 0 2517908 0 0 0
1790982344 2895, 13801, 56, 0x0000000000000000 | 1.73 1.94 2.08 | cpu  641009929 334735728 176193665 19736290856 4922014 0 2517908 0 0 0
1790982345 2895, 13801, 56, 0x0000000000000000 | 1.67 1.93 2.08 | cpu  641010031 334735728 176193683 19736297503 4922014 0 2517908 0 0 0
1790982347 2895, 13801, 52, 0x0000000000000000 | 1.67 1.93 2.08 | cpu  641010145 334735728 176193700 19736304129 4922014 0 2517908 0 0 0
1790982348 2932, 13801, 51, 0x0000000000000000 | 1.67 1.93 2.08 | cpu  641010320 334735728 176193715 19736310676 4922014 0 2517908 0 0 0
1790982349 2917, 13801, 51, 0x0000000000000000 | 1.67 1.93 2.08 | cpu  641010489 334735728 176193732 19736317229 4922014 0 2517908 0 0 0
1790982350 2835, 13801, 63, 0x0000000000000004 | 1.67 1.93 2.08 | cpu  641010623 334735728 176193790 19736323792 4922018 0 2517908 0 0 0
1790982351 2910, 13801, 52, 0x0000000000000000 | 1.70 1.93 2.08 | cpu  641010727 334735728 176193805 19736330435 4922018 0 2517908 0 0 0
1790982352 2880, 13801, 61, 0x0000000000000004 | 1.70 1.93 2.08 | cpu  641010901 334735728 176193826 19736336984 4922018 0 2517908 0 0 0
1790982353 2827, 13801, 53, 0x0000000000000000 | 1.70 1.93 2.08 | cpu  641011111 334735728 176193842 19736343505 4922018 0 2517908 0 0 0
1790982354 2880, 13801, 53, 0x0000000000000000 | 1.70 1.93 2.08 | cpu  641011295 334735728 176193859 19736350063 4922018 0 2517908 0 0 0
1790982355 2932, 13801, 53, 0x0000000000000000 | 1.64 1.91 2.07 | cpu  641011399 334735728 176193875 19736356697 4922022 0 2517908 0 0 0
1790982356 2872, 13801, 60, 0x0000000000000004 | 1.64 1.91 2.07 | cpu  641011534 334735728 176193893 19736363282 4922022 0 2517908 0 0 0
1790982357 2857, 13801, 55, 0x0000000000000000 | 1.64 1.91 2.07 | cpu  641011686 334735728 176193914 19736369890 4922023 0 2517908 0 0 0
1790982358 2917, 13801, 52, 0x0000000000000000 | 1.64 1.91 2.07 | cpu  641011835 334735728 176193929 19736376463 4922023 0 2517909 0 0 0
1790982359 2925, 13801, 52, 0x0000000000000000 | 1.64 1.91 2.07 | cpu  641012024 334735728 176193949 19736383019 4922023 0 2517909 0 0 0
1790982360 2917, 13801, 59, 0x0000000000000004 | 1.59 1.90 2.06 | cpu  641012137 334735728 176193967 19736389628 4922027 0 2517909 0 0 0
1790982361 2917, 13801, 53, 0x0000000000000000 | 1.59 1.90 2.06 | cpu  641012350 334735728 176193989 19736396131 4922027 0 2517909 0 0 0
1790982362 2880, 13801, 53, 0x0000000000000000 | 1.59 1.90 2.06 | cpu  641012467 334735728 176194007 19736402746 4922027 0 2517909 0 0 0
1790982363 2932, 13801, 52, 0x0000000000000000 | 1.59 1.90 2.06 | cpu  641012571 334735728 176194023 19736409370 4922027 0 2517909 0 0 0
1790982364 2940, 13801, 50, 0x0000000000000000 | 1.59 1.90 2.06 | cpu  641012673 334735728 176194041 19736415985 4922027 0 2517909 0 0 0
1790982366 2535, 13801, 49, 0x0000000000000000 | 1.70 1.92 2.07 | cpu  641012812 334735728 176194059 19736422582 4922031 0 2517909 0 0 0
1790982367 2535, 13801, 49, 0x0000000000000000 | 1.70 1.92 2.07 | cpu  641012949 334735728 176194078 19736429163 4922031 0 2517909 0 0 0
1790982368 2535, 13801, 49, 0x0000000000000000 | 1.70 1.92 2.07 | cpu  641013157 334735728 176194095 19736435678 4922031 0 2517909 0 0 0
1790982369 2550, 13801, 49, 0x0000000000000000 | 1.70 1.92 2.07 | cpu  641013364 334735728 176194112 19736442190 4922031 0 2517909 0 0 0
1790982370 2542, 13801, 50, 0x0000000000000000 | 1.81 1.93 2.08 | cpu  641013571 334735728 176194129 19736448690 4922035 0 2517909 0 0 0
1790982371 2565, 13801, 51, 0x0000000000000000 | 1.81 1.93 2.08 | cpu  641013766 334735728 176194147 19736455213 4922035 0 2517909 0 0 0
1790982372 2895, 13801, 58, 0x0000000000000000 | 1.81 1.93 2.08 | cpu  641013963 334735728 176194166 19736461774 4922035 0 2517909 0 0 0
1790982373 2872, 13801, 60, 0x0000000000000000 | 1.81 1.93 2.08 | cpu  641014178 334735728 176194184 19736468313 4922035 0 2517909 0 0 0
1790982374 2887, 13801, 61, 0x0000000000000000 | 1.81 1.93 2.08 | cpu  641014346 334735728 176194195 19736474892 4922035 0 2517909 0 0 0
1790982375 2910, 13801, 58, 0x0000000000000000 | 1.82 1.93 2.08 | cpu  641014558 334735728 176194211 19736481432 4922039 0 2517909 0 0 0
1790982376 2940, 13801, 51, 0x0000000000000000 | 1.82 1.93 2.08 | cpu  641014689 334735728 176194231 19736488034 4922039 0 2517909 0 0 0
1790982377 2940, 13801, 50, 0x0000000000000000 | 1.82 1.93 2.08 | cpu  641014824 334735728 176194266 19736494623 4922039 0 2517909 0 0 0
1790982378 2535, 13801, 50, 0x0000000000000000 | 1.82 1.93 2.08 | cpu  641015008 334735728 176194375 19736501082 4922039 0 2517910 0 0 0
1790982379 2550, 13801, 49, 0x0000000000000000 | 1.82 1.93 2.08 | cpu  641015165 334735728 176194396 19736507670 4922039 0 2517910 0 0 0
1790982380 2535, 13801, 49, 0x0000000000000000 | 1.76 1.92 2.07 | cpu  641015267 334735728 176194414 19736514293 4922043 0 2517910 0 0 0
1790982381 2842, 13801, 56, 0x0000000000000000 | 1.76 1.92 2.07 | cpu  641015371 334735728 176194430 19736520949 4922043 0 2517910 0 0 0
1790982382 2910, 13801, 58, 0x0000000000000000 | 1.76 1.92 2.07 | cpu  641015530 334735728 176194483 19736527520 4922043 0 2517910 0 0 0
1790982383 2887, 13801, 53, 0x0000000000000000 | 1.76 1.92 2.07 | cpu  641015705 334735728 176194510 19736534070 4922043 0 2517910 0 0 0
1790982385 2910, 13801, 58, 0x0000000000000000 | 1.76 1.92 2.07 | cpu  641015886 334735728 176194525 19736540654 4922044 0 2517910 0 0 0
1790982386 2895, 13801, 60, 0x0000000000000000 | 1.69 1.90 2.06 | cpu  641015993 334735728 176194542 19736547314 4922047 0 2517910 0 0 0
1790982387 2887, 13801, 61, 0x0000000000000000 | 1.69 1.90 2.06 | cpu  641016100 334735728 176194554 19736553959 4922047 0 2517910 0 0 0
1790982388 2932, 13801, 52, 0x0000000000000000 | 1.69 1.90 2.06 | cpu  641016250 334735728 176194574 19736560546 4922047 0 2517910 0 0 0
1790982389 2902, 13801, 58, 0x0000000000000000 | 1.69 1.90 2.06 | cpu  641016374 334735728 176194589 19736567188 4922048 0 2517910 0 0 0
1790982390 2940, 13801, 52, 0x0000000000000000 | 1.64 1.89 2.06 | cpu  641016479 334735728 176194604 19736573817 4922048 0 2517910 0 0 0
1790982391 2932, 13801, 51, 0x0000000000000000 | 1.64 1.89 2.06 | cpu  641016584 334735728 176194625 19736580452 4922052 0 2517910 0 0 0
1790982392 2925, 13801, 53, 0x0000000000000000 | 1.64 1.89 2.06 | cpu  641016731 334735728 176194640 19736587027 4922052 0 2517911 0 0 0
1790982393 2940, 13801, 51, 0x0000000000000000 | 1.64 1.89 2.06 | cpu  641016940 334735728 176194657 19736593553 4922052 0 2517911 0 0 0
1790982394 2520, 13801, 50, 0x0000000000000000 | 1.64 1.89 2.06 | cpu  641017149 334735728 176194672 19736600069 4922052 0 2517911 0 0 0
1790982395 2520, 13801, 49, 0x0000000000000000 | 1.67 1.89 2.06 | cpu  641017320 334735728 176194692 19736606623 4922052 0 2517911 0 0 0
1790982396 2542, 13801, 50, 0x0000000000000000 | 1.67 1.89 2.06 | cpu  641017430 334735728 176194711 19736613260 4922056 0 2517911 0 0 0
1790982397 2887, 13801, 58, 0x0000000000000000 | 1.67 1.89 2.06 | cpu  641017641 334735728 176194725 19736619782 4922056 0 2517911 0 0 0
1790982398 2895, 13801, 58, 0x0000000000000000 | 1.67 1.89 2.06 | cpu  641017805 334735728 176194738 19736626377 4922056 0 2517911 0 0 0
1790982399 2902, 13801, 58, 0x0000000000000000 | 1.67 1.89 2.06 | cpu  641017976 334735728 176194757 19736632967 4922059 0 2517911 0 0 0
1790982400 2925, 13801, 52, 0x0000000000000000 | 1.61 1.88 2.05 | cpu  641018081 334735728 176194772 19736639588 4922059 0 2517911 0 0 0
1790982401 2940, 13801, 51, 0x0000000000000000 | 1.61 1.88 2.05 | cpu  641018267 334735728 176194792 19736646178 4922059 0 2517911 0 0 0
1790982403 2910, 13801, 58, 0x0000000000000000 | 1.61 1.88 2.05 | cpu  641018389 334735728 176194810 19736652825 4922063 0 2517911 0 0 0
1790982404 2902, 13801, 59, 0x0000000000000000 | 1.61 1.88 2.05 | cpu  641018498 334735728 176194827 19736659427 4922063 0 2517911 0 0 0
1790982405 2925, 13801, 52, 0x0000000000000000 | 1.61 1.88 2.05 | cpu  641018602 334735728 176194845 19736666092 4922063 0 2517911 0 0 0
1790982406 2880, 13801, 60, 0x0000000000000000 | 1.57 1.86 2.05 | cpu  641018759 334735728 176194863 19736672706 4922063 0 2517911 0 0 0
1790982407 2887, 13801, 62, 0x0000000000000000 | 1.57 1.86 2.05 | cpu  641018944 334735728 176194879 19736679230 4922067 0 2517912 0 0 0
1790982408 2932, 13801, 53, 0x0000000000000000 | 1.57 1.86 2.05 | cpu  641019093 334735728 176194896 19736685834 4922067 0 2517912 0 0 0
1790982409 2932, 13801, 52, 0x0000000000000000 | 1.57 1.86 2.05 | cpu  641019238 334735728 176194912 19736692396 4922067 0 2517912 0 0 0
1790982410 2895, 13801, 60, 0x0000000000000000 | 1.60 1.86 2.04 | cpu  641019379 334735728 176194929 19736699024 4922067 0 2517912 0 0 0
1790982411 2895, 13801, 61, 0x0000000000000000 | 1.60 1.86 2.04 | cpu  641019521 334735728 176194942 19736705618 4922067 0 2517912 0 0 0
1790982412 2887, 13801, 62, 0x0000000000000000 | 1.60 1.86 2.04 | cpu  641019629 334735728 176194954 19736712283 4922071 0 2517912 0 0 0
1790982413 2887, 13801, 64, 0x0000000000000000 | 1.60 1.86 2.04 | cpu  641019736 334735728 176194968 19736718940 4922071 0 2517912 0 0 0
1790982414 2887, 13801, 61, 0x0000000000000000 | 1.60 1.86 2.04 | cpu  641019905 334735728 176194981 19736725544 4922071 0 2517912 0 0 0
1790982415 2910, 13801, 61, 0x0000000000000000 | 1.71 1.88 2.05 | cpu  641020118 334735728 176195033 19736732054 4922071 0 2517912 0 0 0
1790982416 2880, 13801, 63, 0x0000000000000000 | 1.71 1.88 2.05 | cpu  641020310 334735728 176195051 19736738619 4922071 0 2517912 0 0 0
1790982417 2895, 13801, 63, 0x0000000000000000 | 1.71 1.88 2.05 | cpu  641020524 334735728 176195064 19736745181 4922071 0 2517912 0 0 0
1790982418 2872, 13801, 64, 0x0000000000000000 | 1.71 1.88 2.05 | cpu  641020689 334735728 176195080 19736751775 4922071 0 2517913 0 0 0
1790982419 2895, 13801, 62, 0x0000000000000000 | 1.71 1.88 2.05 | cpu  641020875 334735728 176195098 19736758347 4922071 0 2517913 0 0 0
1790982421 2880, 13801, 65, 0x0000000000000000 | 1.74 1.88 2.05 | cpu  641021089 334735728 176195111 19736764889 4922071 0 2517913 0 0 0
1790982422 2872, 13801, 64, 0x0000000000000000 | 1.74 1.88 2.05 | cpu  641021246 334735728 176195184 19736771403 4922072 0 2517913 0 0 0
1790982423 2880, 13801, 64, 0x0000000000000000 | 1.74 1.88 2.05 | cpu  641021377 334735728 176195210 19736777993 4922072 0 2517913 0 0 0
1790982424 2902, 13801, 62, 0x0000000000000000 | 1.74 1.88 2.05 | cpu  641021492 334735728 176195228 19736784642 4922076 0 2517913 0 0 0
1790982425 2865, 13801, 65, 0x0000000000000000 | 1.74 1.88 2.05 | cpu  641021600 334735728 176195241 19736791296 4922076 0 2517913 0 0 0
1790982426 2880, 13801, 65, 0x0000000000000000 | 1.76 1.89 2.05 | cpu  641021705 334735728 176195254 19736797927 4922076 0 2517913 0 0 0
1790982427 2872, 13801, 64, 0x0000000000000000 | 1.76 1.89 2.05 | cpu  641021876 334735728 176195272 19736804523 4922076 0 2517913 0 0 0
1790982428 2880, 13801, 65, 0x0000000000000000 | 1.76 1.89 2.05 | cpu  641022009 334735728 176195286 19736811107 4922076 0 2517913 0 0 0
1790982429 2925, 13801, 59, 0x0000000000000000 | 1.76 1.89 2.05 | cpu  641022215 334735728 176195301 19736817628 4922080 0 2517913 0 0 0
1790982430 2887, 13801, 63, 0x0000000000000000 | 1.70 1.87 2.04 | cpu  641022321 334735728 176195320 19736824285 4922081 0 2517913 0 0 0
1790982431 2880, 13801, 65, 0x0000000000000000 | 1.70 1.87 2.04 | cpu  641022429 334735728 176195335 19736830913 4922081 0 2517913 0 0 0
1790982432 2880, 13801, 64, 0x0000000000000000 | 1.70 1.87 2.04 | cpu  641022536 334735728 176195345 19736837560 4922081 0 2517913 0 0 0
1790982433 2932, 13801, 55, 0x0000000000000000 | 1.70 1.87 2.04 | cpu  641022705 334735728 176195361 19736844141 4922081 0 2517913 0 0 0
1790982434 2902, 13801, 63, 0x0000000000000000 | 1.70 1.87 2.04 | cpu  641022881 334735728 176195375 19736850716 4922085 0 2517913 0 0 0
1790982435 2865, 13801, 65, 0x0000000000000000 | 1.64 1.86 2.04 | cpu  641023037 334735728 176195388 19736857328 4922085 0 2517913 0 0 0
1790982436 2880, 13801, 65, 0x0000000000000000 | 1.64 1.86 2.04 | cpu  641023145 334735728 176195408 19736863974 4922085 0 2517913 0 0 0
1790982437 2865, 13801, 66, 0x0000000000000000 | 1.64 1.86 2.04 | cpu  641023295 334735728 176195424 19736870546 4922085 0 2517913 0 0 0
1790982438 2880, 13801, 65, 0x0000000000000000 | 1.64 1.86 2.04 | cpu  641023507 334735728 176195439 19736877083 4922085 0 2517913 0 0 0
1790982440 2910, 13801, 59, 0x0000000000000000 | 1.64 1.86 2.04 | cpu  641023632 334735728 176195458 19736883669 4922089 0 2517913 0 0 0
1790982441 2910, 13801, 63, 0x0000000000000000 | 1.67 1.86 2.04 | cpu  641023740 334735728 176195568 19736890196 4922089 0 2517913 0 0 0
1790982442 2932, 13801, 55, 0x0000000000000000 | 1.67 1.86 2.04 | cpu  641023849 334735728 176195601 19736896802 4922089 0 2517913 0 0 0
1790982443 2917, 13801, 61, 0x0000000000000000 | 1.67 1.86 2.04 | cpu  641024033 334735728 176195617 19736903350 4922089 0 2517913 0 0 0
1790982444 2925, 13801, 59, 0x0000000000000000 | 1.67 1.86 2.04 | cpu  641024135 334735728 176195634 19736909980 4922089 0 2517913 0 0 0
1790982445 2595, 13801, 57, 0x0000000000000000 | 1.62 1.84 2.03 | cpu  641024238 334735728 176195655 19736916590 4922094 0 2517913 0 0 0
1790982446 2902, 13801, 60, 0x0000000000000000 | 1.62 1.84 2.03 | cpu  641024341 334735728 176195672 19736923235 4922094 0 2517913 0 0 0
1790982447 2932, 13801, 55, 0x0000000000000000 | 1.62 1.84 2.03 | cpu  641024523 334735728 176195698 19736929763 4922094 0 2517914 0 0 0
1790982448 2932, 13801, 54, 0x0000000000000000 | 1.62 1.84 2.03 | cpu  641024647 334735728 176195816 19736936271 4922094 0 2517914 0 0 0
1790982449 2520, 13801, 52, 0x0000000000000000 | 1.62 1.84 2.03 | cpu  641024696 334735728 176195879 19736942911 4922094 0 2517914 0 0 0
1790982450 2520, 13801, 52, 0x0000000000000000 | 1.57 1.83 2.03 | cpu  641024749 334735728 176195939 19736949561 4922094 0 2517914 0 0 0
1790982451 2520, 13801, 52, 0x0000000000000000 | 1.57 1.83 2.03 | cpu  641024870 334735728 176196002 19736956110 4922098 0 2517914 0 0 0
1790982452 2520, 13801, 51, 0x0000000000000000 | 1.57 1.83 2.03 | cpu  641025029 334735728 176196079 19736962622 4922098 0 2517914 0 0 0
1790982453 2520, 13801, 51, 0x0000000000000000 | 1.57 1.83 2.03 | cpu  641025128 334735728 176196177 19736969167 4922098 0 2517914 0 0 0
1790982454 2520, 13801, 51, 0x0000000000000000 | 1.57 1.83 2.03 | cpu  641025188 334735728 176196282 19736975752 4922098 0 2517914 0 0 0
1790982455 2520, 13801, 51, 0x0000000000000000 | 1.52 1.82 2.02 | cpu  641025290 334735728 176196346 19736982343 4922098 0 2517914 0 0 0
1790982456 2520, 13801, 50, 0x0000000000000000 | 1.52 1.82 2.02 | cpu  641025445 334735728 176196410 19736988876 4922098 0 2517914 0 0 0
1790982457 2520, 13801, 50, 0x0000000000000000 | 1.52 1.82 2.02 | cpu  641025561 334735728 176196476 19736995459 4922098 0 2517914 0 0 0
1790982459 2520, 13801, 50, 0x0000000000000000 | 1.52 1.82 2.02 | cpu  641025613 334735728 176196535 19737002098 4922098 0 2517914 0 0 0
1790982460 2520, 13801, 50, 0x0000000000000000 | 1.52 1.82 2.02 | cpu  641025679 334735728 176196598 19737008715 4922099 0 2517914 0 0 0
1790982461 2520, 13801, 50, 0x0000000000000000 | 1.56 1.82 2.02 | cpu  641025833 334735728 176196672 19737015238 4922099 0 2517914 0 0 0
1790982462 2520, 13801, 49, 0x0000000000000000 | 1.56 1.82 2.02 | cpu  641025880 334735728 176196742 19737021878 4922099 0 2517914 0 0 0
1790982463 2520, 13801, 49, 0x0000000000000000 | 1.56 1.82 2.02 | cpu  641025927 334735728 176196807 19737028514 4922099 0 2517914 0 0 0
1790982464 2520, 13801, 49, 0x0000000000000000 | 1.56 1.82 2.02 | cpu  641025981 334735728 176196870 19737035151 4922099 0 2517914 0 0 0
1790982465 2520, 13801, 49, 0x0000000000000000 | 1.60 1.82 2.02 | cpu  641026119 334735728 176196937 19737041695 4922099 0 2517914 0 0 0
1790982466 2520, 13801, 49, 0x0000000000000000 | 1.60 1.82 2.02 | cpu  641026271 334735728 176197002 19737048235 4922100 0 2517914 0 0 0
1790982467 2520, 13801, 49, 0x0000000000000000 | 1.60 1.82 2.02 | cpu  641026319 334735728 176197068 19737054881 4922100 0 2517914 0 0 0
1790982468 2520, 13801, 49, 0x0000000000000000 | 1.60 1.82 2.02 | cpu  641026371 334735728 176197133 19737061500 4922100 0 2517914 0 0 0
1790982469 2520, 13801, 49, 0x0000000000000000 | 1.60 1.82 2.02 | cpu  641026482 334735728 176197217 19737068039 4922100 0 2517914 0 0 0
1790982470 2550, 13801, 48, 0x0000000000000000 | 1.63 1.83 2.02 | cpu  641026633 334735728 176197340 19737074521 4922100 0 2517914 0 0 0
1790982471 2520, 13801, 48, 0x0000000000000000 | 1.63 1.83 2.02 | cpu  641026706 334735728 176197431 19737081108 4922100 0 2517914 0 0 0
1790982472 2520, 13801, 48, 0x0000000000000000 | 1.63 1.83 2.02 | cpu  641026798 334735728 176197493 19737087696 4922100 0 2517914 0 0 0
1790982473 2520, 13801, 48, 0x0000000000000000 | 1.63 1.83 2.02 | cpu  641026936 334735728 176197498 19737094295 4922103 0 2517914 0 0 0
