1790982714 1, 0, 80.08
1790982715 4, 0, 79.31
1790982716 4, 0, 46.58
1790982717 4, 0, 33.83
1790982718 4, 0, 29.12
1790982719 34, 0, 28.00
1790982720 4536, 7, 48.36
1790982721 5576, 19, 89.69
1790982722 6916, 22, 88.66
1790982723 8736, 16, 87.73
1790982724 10056, 17, 89.47
1790982725 11556, 9, 89.54
1790982726 12956, 3, 88.44
1790982727 14356, 5, 89.57
1790982729 15756, 16, 89.83
1790982730 17156, 22, 91.39
1790982731 18556, 17, 87.61
1790982732 19956, 15, 89.69
1790982733 20918, 0, 86.49
1790982734 21598, 0, 78.83
1790982735 21598, 2, 77.21
1790982736 21598, 2, 78.02
1790982737 21598, 2, 78.19
1790982738 21598, 2, 78.30
1790982739 21598, 2, 78.50
1790982740 21626, 3, 80.23
1790982741 21626, 1, 83.44
1790982742 21628, 3, 77.56
1790982743 21628, 3, 76.90
1790982744 21628, 1, 76.75
1790982745 21628, 2, 76.76
1790982746 21628, 1, 76.60
1790982748 21628, 0, 76.57
1790982749 21628, 2, 76.41
1790982750 21628, 1, 76.21
1790982751 21628, 0, 76.19
1790982752 21628, 2, 76.22
1790982753 21628, 4, 76.52
1790982754 21628, 1, 76.48
1790982755 21628, 0, 76.27
1790982756 21628, 0, 76.13
1790982757 21628, 0, 76.52
1790982758 21628, 1, 76.82
1790982759 21628, 2, 76.25
1790982760 21628, 1, 76.17
1790982761 21628, 0, 76.14
1790982762 21628, 1, 76.16
1790982763 21628, 3, 76.09
1790982764 21628, 2, 75.87
1790982765 21628, 0, 75.99
1790982766 21628, 0, 76.16
1790982768 21628, 1, 76.22
1790982769 21628, 1, 76.15
1790982770 21628, 1, 76.22
1790982771 21628, 0, 76.30
1790982772 21628, 1, 76.02
1790982773 21628, 3, 75.78
1790982774 21628, 2, 75.95
1790982775 21628, 0, 75.91
1790982776 21628, 0, 75.40
1790982777 21628, 0, 75.43
1790982778 21628, 1, 75.21
1790982779 21628, 2, 75.53
1790982780 21628, 1, 75.62
1790982781 21628, 1, 75.71
1790982782 21628, 0, 75.34
1790982783 21628, 1, 75.34
1790982784 21628, 2, 75.47
1790982785 21628, 2, 75.29
1790982787 21628, 0, 74.77
1790982788 21628, 1, 74.72
1790982789 21628, 3, 74.86
1790982790 21628, 3, 74.63
1790982791 21628, 2, 74.46
1790982792 21628, 0, 74.95
1790982793 21628, 1, 74.87
1790982794 21628, 1, 74.74
1790982795 21642, 0, 75.94
1790982796 22008, 62, 226.93
1790982797 21038, 37, 205.43
1790982798 23866, 46, 199.36
1790982799 24926, 66, 252.87
1790982800 24956, 41, 329.76
1790982801 25468, 67, 238.21
1790982802 26774, 85, 344.59
1790982803 26774, 57, 333.23
1790982804 26800, 39, 228.89
1790982806 26800, 68, 252.18
1790982807 26800, 44, 263.56
1790982808 26800, 68, 275.48
1790982809 26810, 47, 260.40
1790982810 26810, 81, 317.09
1790982811 26810, 66, 316.83
1790982812 26822, 54, 242.74
1790982813 26822, 59, 274.43
1790982814 26822, 46, 307.11
1790982815 26822, 57, 240.99
1790982816 26822, 79, 310.79
1790982817 26822, 72, 320.64
1790982818 26822, 44, 247.61
1790982819 26822, 67, 268.86
1790982820 26822, 83, 359.11
1790982821 27302, 29, 365.56
1790982822 27302, 70, 233.63
1790982824 27302, 74, 363.41
1790982825 27302, 81, 345.25
1790982826 27302, 52, 244.44
1790982827 27302, 44, 275.28
1790982828 27302, 67, 259.25
1790982829 27302, 46, 342.48
1790982830 27302, 78, 271.17
1790982831 27302, 50, 320.05
1790982832 27302, 77, 290.14
1790982833 27302, 54, 316.48
1790982834 27302, 44, 241.58
1790982835 27302, 83, 317.52
1790982836 27302, 65, 326.62
1790982837 27302, 57, 280.76
1790982838 27302, 85, 326.07
1790982839 27302, 52, 234.74
1790982840 27302, 56, 232.68
1790982841 27302, 53, 288.97
1790982843 27302, 56, 289.31
1790982844 27302, 68, 313.08
1790982845 27302, 56, 353.74
1790982846 27302, 65, 302.46
1790982847 27302, 62, 349.32
1790982848 27302, 54, 285.94
1790982849 27302, 45, 315.12
1790982850 27302, 73, 286.33
1790982851 27302, 64, 372.26
1790982852 27302, 45, 257.37
1790982853 27302, 62, 258.64
1790982854 27302, 51, 314.50
1790982855 27302, 9, 244.65
1790982856 27302, 66, 247.01
1790982857 27302, 62, 331.32
1790982858 27302, 48, 267.52
1790982859 27302, 53, 274.03
1790982861 27302, 61, 309.60
1790982862 27302, 67, 320.09
1790982863 27302, 81, 352.68
1790982864 27302, 72, 328.88
1790982865 27302, 83, 314.05
1790982866 27302, 68, 346.81
1790982867 27302, 82, 350.09
1790982868 27302, 70, 325.82
1790982869 27302, 89, 364.70
1790982870 28002, 66, 380.45
1790982871 28002, 62, 351.77
1790982872 28002, 53, 317.73
1790982873 28002, 42, 313.14
1790982874 28002, 88, 359.08
1790982875 28002, 83, 375.20
1790982876 28002, 74, 365.54
1790982877 28002, 80, 386.29
1790982878 28002, 73, 346.78
1790982880 28002, 78, 342.32
1790982881 28002, 48, 286.41
1790982882 28002, 36, 243.30
1790982883 28002, 2, 122.29
1790982884 28002, 0, 87.32
1790982885 28002, 0, 81.27
1790982886 28002, 2, 80.81
1790982887 28002, 1, 80.69
1790982888 28002, 0, 80.74
1790982889 28002, 2, 80.58
1790982890 28002, 3, 80.55
1790982891 28002, 1, 80.32
1790982892 28002, 0, 80.33
1790982893 28002, 0, 80.31
1790982894 28002, 1, 80.08
1790982895 28002, 2, 80.29
1790982896 28002, 0, 80.41
1790982898 28002, 1, 80.14
1790982899 28002, 3, 80.02
1790982900 28002, 2, 79.81
1790982901 28002, 0, 79.88
1790982902 28002, 0, 79.56
1790982903 28002, 0, 79.56
1790982904 28002, 1, 79.21
1790982905 28002, 1, 79.06
1790982906 28002, 1, 78.75
1790982907 28002, 1, 78.38
1790982908 28002, 4, 79.06
1790982909 28002, 0, 77.89
1790982910 28002, 0, 78.28
1790982911 28002, 0, 78.28
