1790981750 1, 0, 78.79
1790981751 2, 0, 77.38
1790981752 4, 0, 59.04
1790981753 4, 0, 34.35
1790981754 4, 0, 31.32
1790981755 4, 0, 27.41
1790981756 508, 0, 44.24
1790981757 508, 0, 77.56
1790981758 508, 0, 77.25
1790981759 508, 0, 77.11
1790981760 508, 0, 77.20
1790981761 2188, 0, 77.29
1790981762 4690, 27, 100.99
1790981763 7072, 24, 99.92
1790981764 9514, 28, 100.70
1790981765 11896, 29, 100.07
1790981767 14218, 29, 101.08
1790981768 18778, 28, 99.96
1790981769 16700, 0, 87.59
1790981770 16700, 0, 77.22
1790981771 16700, 0, 77.03
1790981772 17710, 4, 121.98
1790981773 18050, 6, 98.16
1790981774 18350, 4, 98.04
1790981775 18650, 4, 97.68
1790981776 19176, 3, 89.57
1790981777 19958, 0, 78.98
1790981778 20918, 3, 94.75
1790981779 20918, 3, 79.27
1790981780 20918, 2, 77.20
1790981781 20918, 1, 76.88
1790981782 20918, 0, 76.86
1790981783 20918, 0, 77.06
1790981784 20918, 2, 76.97
1790981786 20918, 2, 76.93
1790981787 20918, 1, 76.71
1790981788 20918, 3, 77.26
1790981789 20918, 2, 77.26
1790981790 20918, 0, 77.07
1790981791 20918, 0, 77.15
1790981792 20918, 0, 76.92
1790981793 20918, 1, 76.61
1790981794 20918, 2, 76.41
1790981795 20918, 1, 76.63
1790981796 20918, 1, 76.68
1790981797 20918, 4, 76.66
1790981798 20918, 1, 76.50
1790981799 20918, 0, 76.59
1790981800 20918, 0, 76.53
1790981801 20918, 2, 76.68
1790981802 20918, 2, 76.61
1790981803 20918, 1, 76.73
1790981804 20918, 2, 76.58
1790981806 20918, 4, 76.38
1790981807 20918, 2, 76.56
1790981808 20918, 0, 76.34
1790981809 20918, 0, 76.58
1790981810 20918, 0, 76.25
1790981811 20918, 2, 76.46
1790981812 20918, 2, 76.55
1790981813 20918, 0, 76.24
1790981814 20918, 1, 76.23
1790981815 20918, 3, 76.14
1790981816 20918, 3, 75.90
1790981817 20918, 1, 76.10
1790981818 20918, 0, 76.15
1790981819 20918, 0, 75.90
1790981820 20918, 0, 75.81
1790981821 20918, 2, 75.73
1790981822 20918, 2, 75.83
1790981823 20918, 0, 76.34
1790981825 20918, 1, 76.31
1790981826 20930, 0, 76.22
1790981827 21150, 20, 133.53
1790981828 21150, 95, 256.57
1790981829 21150, 25, 227.46
1790981830 21150, 0, 238.68
1790981831 21150, 0, 252.35
1790981832 21150, 73, 209.85
1790981833 21150, 0, 251.19
1790981834 21150, 97, 235.16
1790981835 21150, 0, 237.55
1790981836 21150, 0, 266.29
1790981837 21150, 42, 215.86
1790981838 21150, 0, 234.01
1790981839 21150, 0, 192.33
1790981840 21150, 0, 230.28
1790981841 21150, 4, 187.56
1790981842 21150, 29, 214.17
1790981843 21150, 0, 188.21
1790981845 21150, 0, 175.61
1790981846 21150, 92, 212.27
1790981847 21150, 13, 207.10
1790981848 21150, 0, 201.16
1790981849 21150, 92, 230.59
1790981850 21150, 0, 189.39
1790981851 21150, 66, 236.15
1790981852 21150, 6, 190.50
1790981853 21150, 8, 226.23
1790981854 21150, 64, 209.00
1790981855 21150, 1, 217.68
1790981856 21150, 0, 194.66
1790981857 21152, 45, 203.49
1790981858 21152, 47, 219.86
1790981859 21152, 25, 193.38
1790981860 21152, 47, 222.27
1790981861 21152, 0, 184.77
1790981862 21152, 56, 216.30
1790981864 21152, 0, 182.14
1790981865 21152, 0, 170.58
1790981866 21152, 0, 176.96
1790981867 21152, 0, 99.66
1790981868 21152, 0, 90.26
1790981869 21152, 0, 79.74
1790981870 21152, 0, 82.18
1790981871 21152, 0, 80.79
1790981872 21152, 3, 81.79
1790981873 21152, 0, 80.38
1790981874 21152, 0, 80.04
1790981875 21152, 0, 89.43
1790981876 21152, 18, 87.68
1790981877 21152, 0, 82.90
1790981878 21152, 0, 84.18
1790981879 21272, 6, 134.63
1790981880 21272, 100, 246.38
1790981881 21272, 22, 219.31
1790981883 21272, 34, 217.80
1790981884 21272, 58, 248.83
1790981885 21272, 0, 220.46
1790981886 21272, 63, 237.72
1790981887 21272, 0, 209.65
1790981888 21272, 28, 232.10
1790981889 21272, 0, 207.44
1790981890 21272, 99, 254.65
1790981891 21272, 0, 237.38
1790981892 21272, 0, 196.35
1790981893 21272, 100, 242.04
1790981894 21272, 0, 206.86
1790981895 21272, 43, 197.50
1790981896 21272, 0, 228.43
1790981897 21272, 45, 209.54
1790981898 21272, 100, 222.71
1790981899 21272, 0, 179.20
1790981900 21272, 3, 100.47
1790981902 21272, 0, 89.73
1790981903 21272, 0, 81.29
1790981904 21272, 1, 81.47
1790981905 21272, 0, 81.03
1790981906 21272, 0, 84.27
1790981907 21274, 0, 82.64
1790981908 21274, 0, 79.55
1790981909 21274, 0, 89.00
1790981910 21274, 0, 80.89
1790981911 21274, 0, 86.02
1790981912 21274, 16, 88.93
1790981913 21274, 0, 83.01
1790981914 21274, 0, 82.40
1790981915 21274, 0, 99.18
1790981916 21274, 0, 97.23
1790981917 21274, 0, 92.63
1790981918 21354, 0, 145.77
1790981919 21354, 0, 206.51
1790981921 21354, 0, 223.54
1790981922 21354, 57, 231.70
1790981923 21354, 100, 243.73
1790981924 21354, 100, 210.40
1790981925 21354, 24, 222.50
1790981926 21354, 0, 216.35
1790981927 21354, 7, 212.32
1790981928 21354, 61, 251.99
1790981929 21354, 0, 234.89
1790981930 21354, 20, 211.90
1790981931 21354, 0, 210.26
1790981932 21354, 0, 195.23
1790981933 21354, 0, 191.91
1790981934 21354, 63, 235.35
1790981935 21354, 75, 248.76
1790981936 21354, 0, 204.94
1790981937 21354, 46, 225.69
1790981938 21354, 90, 235.99
1790981940 21354, 100, 210.32
1790981941 21354, 0, 197.23
1790981942 21354, 0, 99.33
1790981943 21354, 1, 88.05
1790981944 21354, 1, 85.47
1790981945 21354, 0, 83.49
1790981946 21354, 0, 87.82
1790981947 21354, 0, 82.47
1790981948 21354, 3, 83.46
1790981949 21354, 0, 85.75
1790981950 21354, 0, 84.37
1790981951 21354, 7, 101.01
1790981952 21354, 0, 83.86
1790981953 21354, 3, 83.76
1790981954 21354, 0, 84.63
1790981955 21354, 0, 85.55
1790981956 21356, 7, 86.94
1790981957 21356, 0, 86.21
1790981958 21356, 11, 100.84
1790981960 21356, 0, 85.94
1790981961 21356, 22, 88.80
1790981962 21356, 0, 94.66
1790981963 21356, 0, 90.08
1790981964 21356, 26, 114.42
1790981965 21356, 0, 89.83
1790981966 21356, 24, 108.75
1790981967 21356, 0, 104.68
1790981968 21032, 0, 101.17
1790981969 21038, 0, 92.95
1790981970 21066, 4, 129.41
1790981971 21066, 0, 77.54
1790981972 21066, 1, 76.21
1790981973 21066, 0, 76.81
1790981974 21066, 1, 77.01
1790981975 21068, 0, 78.41
1790981976 21068, 1, 76.82
1790981977 21068, 0, 76.79
1790981979 21068, 0, 78.49
1790981980 21070, 0, 76.19
1790981981 21070, 1, 76.81
1790981982 21070, 0, 78.45
1790981983 21070, 0, 76.33
1790981984 21132, 0, 76.46
1790981985 21132, 0, 78.19
1790981986 21132, 0, 76.48
1790981987 21152, 0, 76.52
1790981988 21152, 0, 78.13
1790981989 21152, 0, 76.02
1790981990 21232, 0, 76.02
1790981991 21232, 0, 77.77
1790981992 21232, 0, 75.91
1790981993 21354, 1, 76.15
1790981994 21354, 0, 79.96
1790981995 21354, 0, 76.32
1790981996 21434, 0, 76.23
1790981997 21434, 0, 80.33
1790981999 21434, 0, 76.45
1790982000 21436, 0, 76.17
1790982001 21436, 0, 77.55
1790982002 21436, 1, 76.72
1790982003 21616, 0, 76.53
1790982004 21616, 0, 77.93
1790982005 21616, 0, 76.36
1790982006 21636, 5, 78.32
1790982007 21636, 0, 75.95
1790982008 21636, 0, 76.20
1790982009 21638, 0, 76.34
1790982010 21638, 0, 80.26
1790982011 21638, 0, 76.33
1790982012 22082, 0, 76.30
1790982013 22082, 0, 94.55
1790982014 22082, 0, 75.90
1790982015 22182, 5, 78.10
1790982016 22182, 0, 75.74
1790982017 22182, 0, 75.88
1790982019 22890, 0, 75.70
1790982020 22890, 0, 123.13
1790982021 22890, 1, 93.70
1790982022 22890, 0, 77.92
1790982023 22890, 0, 77.56
1790982024 22890, 0, 75.91
1790982025 22890, 5, 77.80
1790982026 22890, 0, 77.78
1790982027 22890, 0, 76.48
1790982028 23172, 0, 76.14
1790982029 23172, 0, 86.39
1790982030 23172, 1, 76.42
1790982031 23494, 0, 76.33
1790982032 23494, 0, 86.85
1790982033 23494, 0, 76.00
1790982034 23596, 6, 78.54
1790982035 23596, 0, 78.16
1790982036 23596, 0, 76.46
1790982037 23678, 0, 75.71
1790982039 23938, 24, 138.59
1790982040 23938, 0, 211.71
1790982041 23938, 0, 218.88
1790982042 23938, 0, 211.93
1790982043 23938, 0, 207.26
1790982044 23938, 0, 213.79
1790982045 23938, 30, 201.59
1790982046 23938, 99, 235.97
1790982047 23938, 100, 211.09
1790982048 23938, 60, 238.25
1790982049 23938, 19, 220.68
1790982050 23938, 100, 207.16
1790982051 23938, 86, 197.49
1790982052 23938, 100, 231.57
1790982053 23938, 93, 207.92
1790982054 23938, 54, 227.23
1790982055 23938, 9, 217.93
1790982056 23938, 0, 193.51
1790982058 23938, 0, 201.45
1790982059 23938, 0, 201.92
1790982060 23938, 0, 208.30
1790982061 23938, 0, 183.79
1790982062 23938, 0, 191.75
1790982063 23938, 0, 101.54
1790982064 23938, 0, 105.33
1790982065 23938, 16, 141.24
1790982066 23938, 0, 95.07
1790982067 23938, 0, 91.96
1790982068 23938, 0, 77.45
1790982069 23938, 0, 79.30
1790982070 23938, 0, 77.39
1790982071 23938, 0, 77.28
1790982072 23938, 0, 79.07
1790982073 23938, 1, 77.55
1790982074 23938, 0, 79.58
1790982075 23938, 0, 77.09
1790982076 23938, 0, 76.98
1790982078 23938, 40, 87.07
1790982079 23938, 0, 88.96
1790982080 23938, 0, 77.22
1790982081 23938, 0, 76.99
1790982082 23938, 0, 117.20
1790982083 23938, 0, 87.91
1790982084 23938, 24, 84.69
1790982085 23938, 0, 84.27
1790982086 23938, 0, 76.66
1790982087 23938, 0, 76.39
1790982088 23938, 0, 78.12
1790982089 23938, 1, 76.14
1790982090 23938, 1, 76.45
1790982091 23938, 0, 78.98
1790982092 23938, 0, 76.18
1790982093 23938, 0, 76.43
1790982094 23938, 0, 100.94
1790982095 23938, 0, 77.41
1790982096 23940, 0, 76.56
1790982098 23940, 0, 76.40
1790982099 23940, 0, 78.47
1790982100 23940, 0, 76.39
1790982101 23940, 0, 76.38
1790982102 24060, 0, 78.61
1790982103 24060, 0, 210.02
1790982104 24060, 0, 229.52
1790982105 24060, 80, 270.60
1790982106 24060, 0, 222.32
1790982107 24060, 0, 213.38
1790982108 24060, 2, 218.25
1790982109 24060, 12, 281.45
1790982110 24060, 0, 214.37
1790982111 24060, 0, 201.89
1790982112 24060, 0, 222.76
1790982113 24060, 0, 213.68
1790982114 24060, 0, 215.00
1790982115 24060, 0, 196.66
1790982117 24060, 0, 199.38
1790982118 24060, 0, 204.25
1790982119 24060, 0, 205.60
1790982120 24060, 25, 204.92
1790982121 24060, 58, 220.54
1790982122 24060, 52, 225.73
1790982123 24060, 39, 168.24
1790982124 24060, 54, 216.10
1790982125 24060, 0, 154.35
1790982126 24060, 0, 86.89
1790982127 24060, 0, 83.94
1790982128 24060, 4, 81.89
1790982129 24060, 0, 88.35
1790982130 24060, 0, 81.73
1790982131 24060, 13, 85.86
1790982132 24060, 0, 79.99
1790982133 24062, 0, 146.41
1790982134 24062, 0, 94.38
1790982136 24062, 0, 86.70
1790982137 24062, 7, 80.07
1790982138 24062, 0, 79.35
1790982139 24062, 0, 76.99
1790982140 24062, 0, 76.81
1790982141 24062, 0, 122.21
1790982142 24062, 0, 91.27
1790982143 24062, 0, 76.70
1790982144 24062, 0, 78.74
1790982145 24062, 0, 76.16
1790982146 24062, 0, 76.44
1790982147 24062, 0, 113.73
1790982148 24062, 0, 94.15
1790982149 24062, 0, 87.49
1790982150 24062, 0, 76.41
1790982151 24064, 0, 76.34
1790982152 24064, 0, 76.63
1790982153 24064, 0, 76.28
1790982154 24082, 0, 107.52
1790982156 24092, 12, 126.56
1790982157 24092, 0, 76.41
1790982158 24092, 0, 76.01
1790982159 24092, 0, 76.36
1790982160 24092, 0, 78.18
1790982161 24092, 0, 75.97
1790982162 24092, 0, 76.20
1790982163 24092, 0, 86.15
1790982164 24092, 0, 75.88
1790982165 24092, 0, 76.05
1790982166 24092, 0, 82.79
1790982167 24092, 0, 75.69
1790982168 24092, 0, 75.97
1790982169 24092, 0, 76.04
1790982170 24092, 0, 85.29
1790982171 24092, 0, 76.05
1790982172 24092, 0, 76.16
1790982173 24092, 0, 77.61
1790982174 24092, 1, 76.13
1790982176 24092, 1, 75.78
1790982177 24092, 1, 77.92
1790982178 24092, 0, 76.38
1790982179 24092, 0, 76.10
1790982180 24092, 15, 108.57
1790982181 24092, 0, 99.29
1790982182 24092, 0, 81.27
1790982183 24702, 83, 129.13
1790982184 24702, 0, 131.38
1790982185 24702, 4, 95.23
1790982186 24702, 0, 94.75
1790982187 24702, 8, 95.27
1790982188 24702, 0, 99.75
1790982189 25472, 92, 209.40
1790982190 25472, 99, 586.83
1790982191 25472, 99, 596.15
1790982192 25472, 99, 597.65
1790982193 25472, 99, 583.11
1790982195 25472, 99, 583.48
1790982196 25474, 0, 467.45
1790982197 25494, 0, 270.20
1790982198 25518, 89, 256.11
1790982199 25518, 0, 213.29
1790982200 25518, 0, 89.38
1790982201 25518, 0, 78.27
1790982202 25518, 0, 79.82
1790982203 25518, 0, 77.85
1790982204 25518, 0, 77.90
1790982205 25518, 0, 108.72
1790982206 25518, 0, 77.58
1790982207 25518, 0, 77.93
1790982208 25518, 5, 79.89
1790982209 25518, 0, 79.52
1790982210 25518, 0, 77.68
1790982211 25518, 21, 106.01
1790982212 25518, 0, 86.19
1790982214 25518, 0, 83.73
1790982215 25518, 0, 77.15
1790982216 25518, 0, 139.36
1790982217 25520, 0, 98.49
1790982218 25520, 0, 86.56
1790982219 25520, 0, 87.45
1790982220 25520, 0, 94.96
1790982221 25520, 8, 88.93
1790982222 25520, 0, 116.40
1790982223 25520, 0, 129.66
1790982224 25520, 0, 94.86
1790982225 25520, 0, 77.91
1790982226 25520, 0, 80.33
1790982227 25520, 1, 77.72
1790982228 25520, 0, 77.86
1790982229 25520, 0, 79.91
1790982230 25520, 0, 77.14
1790982231 25520, 0, 77.33
1790982232 25520, 0, 107.79
1790982234 25520, 0, 76.68
1790982235 25520, 0, 77.30
1790982236 25520, 0, 76.83
1790982237 25520, 0, 85.70
1790982238 25520, 0, 76.79
1790982239 25520, 28, 84.68
1790982240 25520, 0, 155.91
1790982241 25520, 0, 94.28
1790982242 25520, 0, 78.77
1790982243 25520, 14, 128.86
1790982244 25520, 0, 151.96
1790982245 25520, 0, 94.49
1790982246 25520, 0, 77.02
1790982247 25520, 0, 111.04
1790982248 25520, 0, 93.89
1790982249 25520, 0, 78.73
1790982250 25520, 0, 126.51
1790982251 25520, 0, 208.96
1790982253 25520, 0, 225.34
1790982254 25520, 32, 230.20
1790982255 25520, 72, 261.11
1790982256 25520, 96, 245.36
1790982257 25520, 30, 219.99
1790982258 25520, 0, 219.30
1790982259 25520, 0, 218.06
1790982260 25520, 0, 198.11
1790982261 25520, 3, 206.22
1790982262 25520, 0, 220.02
1790982263 25520, 0, 212.18
1790982264 25520, 0, 198.72
1790982265 25520, 0, 207.20
1790982266 25520, 0, 197.39
1790982267 25520, 0, 212.21
1790982268 25520, 0, 208.99
1790982269 25520, 6, 196.21
1790982270 25520, 91, 248.65
1790982272 25520, 59, 258.11
1790982273 25520, 27, 162.29
1790982274 25520, 63, 221.79
1790982275 25520, 0, 199.86
1790982276 25520, 44, 252.08
1790982277 25520, 1, 95.93
1790982278 25522, 1, 82.02
1790982279 25522, 3, 80.14
1790982280 25530, 69, 287.18
1790982281 25530, 88, 189.00
1790982282 25530, 91, 414.05
1790982283 25544, 85, 387.56
1790982284 25544, 0, 382.08
1790982285 25544, 0, 277.86
1790982286 25544, 4, 101.10
1790982287 25544, 0, 86.84
1790982288 25544, 0, 83.11
1790982290 25544, 0, 85.30
1790982291 25544, 0, 90.46
1790982292 25544, 0, 93.15
1790982293 25544, 0, 95.99
1790982294 25544, 73, 105.66
1790982295 25544, 94, 401.02
1790982296 25604, 0, 339.73
1790982297 25604, 89, 278.34
1790982298 25604, 0, 324.76
1790982299 25604, 0, 229.24
1790982300 25604, 13, 223.16
1790982301 25604, 99, 292.86
1790982302 25604, 0, 264.03
1790982303 25604, 0, 230.79
1790982304 25604, 74, 269.76
1790982305 25604, 0, 226.39
1790982306 25604, 0, 221.45
1790982307 25604, 56, 262.38
1790982309 25604, 18, 227.59
1790982310 25604, 90, 209.85
1790982311 25604, 0, 268.70
1790982312 25604, 0, 202.88
1790982313 25604, 0, 213.71
1790982314 25604, 0, 220.56
1790982315 25604, 0, 273.04
1790982316 25604, 0, 204.04
1790982317 25604, 0, 204.61
1790982318 25604, 0, 221.41
1790982319 25604, 0, 212.76
1790982320 25604, 87, 283.21
1790982321 25624, 57, 331.44
1790982322 25624, 59, 291.27
1790982323 25624, 0, 255.46
1790982324 25624, 38, 245.90
1790982325 25624, 100, 300.38
1790982326 25624, 19, 251.54
1790982328 25624, 0, 237.49
1790982329 25624, 0, 244.04
1790982330 25624, 0, 227.32
1790982331 25624, 61, 262.57
1790982332 25624, 62, 280.60
1790982333 25624, 86, 324.26
1790982334 25624, 0, 248.18
1790982335 25624, 0, 228.30
1790982336 25624, 0, 219.13
1790982337 25624, 0, 219.24
1790982338 25624, 0, 225.57
1790982339 25624, 50, 236.35
1790982340 25624, 67, 275.36
1790982341 25624, 81, 230.78
1790982342 25624, 100, 247.88
1790982343 25624, 56, 234.77
1790982344 25624, 39, 237.82
1790982345 25624, 40, 251.05
1790982347 25624, 0, 232.92
1790982348 25624, 0, 221.67
1790982349 25624, 29, 249.41
1790982350 25624, 82, 276.35
1790982351 25624, 0, 259.71
1790982352 25624, 7, 228.89
1790982353 25626, 0, 275.19
1790982354 25626, 0, 223.70
1790982355 25626, 31, 302.20
1790982356 25626, 97, 247.51
1790982357 25626, 29, 234.31
1790982358 25626, 0, 229.44
1790982359 25626, 0, 277.49
1790982360 25626, 61, 245.47
1790982361 25626, 0, 256.53
1790982362 25626, 0, 215.58
1790982363 25626, 0, 219.15
1790982364 25626, 0, 102.49
1790982366 25626, 0, 88.79
1790982367 25626, 0, 86.05
1790982368 25626, 2, 95.14
1790982369 25626, 14, 93.34
1790982370 25626, 13, 92.69
1790982371 25626, 23, 100.53
1790982372 25706, 68, 317.48
1790982373 25706, 94, 413.92
1790982374 25706, 94, 443.01
1790982375 25706, 91, 311.52
1790982376 25706, 0, 174.91
1790982377 25706, 0, 103.28
1790982378 25706, 4, 88.34
1790982379 25706, 0, 91.04
1790982380 25706, 0, 97.03
1790982381 25706, 87, 158.87
1790982382 25706, 92, 381.70
1790982383 25706, 0, 405.34
1790982385 25706, 89, 280.21
1790982386 25706, 79, 425.19
1790982387 25706, 94, 422.88
1790982388 25706, 7, 239.91
1790982389 25706, 89, 208.93
1790982390 25706, 1, 267.65
1790982391 25706, 0, 140.00
1790982392 25706, 0, 325.78
1790982393 25706, 0, 99.79
1790982394 25706, 0, 91.84
1790982395 25706, 0, 80.36
1790982396 25706, 0, 116.74
1790982397 25706, 94, 184.57
1790982398 25706, 86, 322.24
1790982399 25706, 94, 435.31
1790982400 25706, 0, 248.97
1790982401 25706, 0, 118.64
1790982402 25706, 89, 213.38
1790982404 25706, 72, 394.18
1790982405 25706, 0, 169.70
1790982406 25706, 85, 330.27
1790982407 25706, 94, 426.77
1790982408 25706, 0, 216.50
1790982409 25706, 0, 179.45
1790982410 25706, 92, 269.62
1790982411 25706, 86, 399.45
1790982412 25706, 94, 314.95
1790982413 25706, 90, 414.58
1790982414 25706, 83, 443.11
1790982415 25706, 85, 378.34
1790982416 25706, 71, 410.62
1790982417 25706, 86, 389.36
1790982418 25706, 90, 436.58
1790982419 25706, 88, 395.64
1790982420 25706, 82, 404.74
1790982422 25706, 93, 435.10
1790982423 25706, 93, 433.01
1790982424 25706, 82, 197.83
1790982425 25706, 94, 444.91
1790982426 25706, 93, 436.35
1790982427 25706, 93, 245.54
1790982428 25706, 94, 440.11
1790982429 25706, 32, 198.08
1790982430 25726, 94, 227.85
1790982431 25726, 94, 437.32
1790982432 25726, 93, 307.96
1790982433 25726, 3, 241.15
1790982434 25726, 88, 318.17
1790982435 25726, 93, 461.25
1790982436 25726, 93, 324.09
1790982437 25726, 84, 461.35
1790982438 25726, 89, 331.06
1790982440 25726, 0, 396.44
1790982441 25726, 79, 166.08
1790982442 25726, 0, 142.85
1790982443 25726, 49, 209.30
1790982444 25726, 33, 154.36
1790982445 25726, 46, 141.40
1790982446 25726, 33, 242.55
1790982447 25726, 1, 153.72
1790982448 25726, 2, 101.75
1790982449 25726, 2, 94.05
1790982450 25726, 1, 82.30
1790982451 25726, 3, 81.94
1790982452 25726, 2, 81.72
1790982453 25726, 0, 81.65
1790982454 25726, 0, 81.40
1790982455 25726, 0, 81.34
1790982456 25726, 2, 81.46
1790982457 25726, 1, 81.22
1790982458 25726, 1, 80.74
1790982460 25726, 3, 80.83
1790982461 25726, 3, 80.77
1790982462 25726, 1, 80.75
1790982463 25726, 0, 80.54
1790982464 25726, 0, 80.33
1790982465 25726, 0, 80.50
1790982466 25726, 2, 80.43
1790982467 25726, 2, 80.14
1790982468 25726, 1, 80.33
1790982469 25726, 1, 80.33
1790982470 25726, 5, 80.28
1790982471 25726, 0, 80.10
1790982472 25726, 0, 79.40
1790982473 25726, 0, 79.33
