1791333136 2400, 14001, 55, 0x0000000000000000 | 1.19 1.32 1.27 | cpu  647270079 5686592 34152138 6044575708 364282 0 479976 0 0 0
1791333137 832, 7001, 54, 0x0000000000000000 | 1.19 1.32 1.27 | cpu  647271005 5686592 34152173 6044588586 364282 0 479976 0 0 0
1791333138 412, 7001, 53, 0x0000000000000000 | 1.19 1.32 1.27 | cpu  647271089 5686592 34152214 6044602575 364283 0 479976 0 0 0
1791333139 330, 810, 52, 0x0000000000000000 | 1.19 1.32 1.27 | cpu  647271158 5686592 34152251 6044616656 364283 0 479976 0 0 0
1791333140 180, 405, 51, 0x0000000000000000 | 1.19 1.32 1.27 | cpu  647271162 5686592 34152283 6044630878 364283 0 479976 0 0 0
1791333141 180, 405, 51, 0x0000000000000000 | 1.17 1.32 1.27 | cpu  647271230 5686592 34152316 6044644918 364283 0 479976 0 0 0
1791333142 180, 405, 51, 0x0000000000000000 | 1.17 1.32 1.27 | cpu  647272165 5686592 34152345 6044657907 364283 0 479976 0 0 0
1791333143 2415, 13801, 52, 0x0000000000000000 | 1.17 1.32 1.27 | cpu  647272556 5686592 34152383 6044671397 364283 0 479976 0 0 0
1791333145 2520, 13801, 52, 0x0000000000000000 | 1.17 1.32 1.27 | cpu  647272810 5686592 34152430 6044684872 364283 0 479976 0 0 0
1791333146 2467, 13801, 53, 0x0000000000000000 | 1.16 1.31 1.26 | cpu  647273136 5686592 34152478 6044698595 364283 0 479976 0 0 0
1791333147 2475, 13801, 52, 0x0000000000000000 | 1.16 1.31 1.26 | cpu  647273435 5686592 34152521 6044712302 364283 0 479976 0 0 0
1791333148 2467, 13801, 53, 0x0000000000000000 | 1.16 1.31 1.26 | cpu  647273793 5686592 34152575 6044725710 364283 0 479976 0 0 0
1791333149 2452, 13801, 52, 0x0000000000000000 | 1.16 1.31 1.26 | cpu  647274136 5686592 34152645 6044739390 364283 0 479976 0 0 0
1791333150 2467, 13801, 52, 0x0000000000000000 | 1.16 1.31 1.26 | cpu  647274513 5686592 34152766 6044752985 364283 0 479976 0 0 0
1791333151 2467, 13801, 53, 0x0000000000000000 | 1.15 1.31 1.26 | cpu  647274883 5686592 34152824 6044766598 364283 0 479976 0 0 0
1791333152 2467, 13801, 52, 0x0000000000000000 | 1.15 1.31 1.26 | cpu  647275278 5686592 34152873 6044780192 364283 0 479976 0 0 0
1791333153 2467, 13801, 52, 0x0000000000000000 | 1.15 1.31 1.26 | cpu  647275664 5686592 34152919 6044793852 364283 0 479976 0 0 0
1791333154 2467, 13801, 52, 0x0000000000000000 | 1.15 1.31 1.26 | cpu  647276062 5686592 34152967 6044807269 364287 0 479976 0 0 0
1791333156 2467, 13801, 52, 0x0000000000000000 | 1.14 1.30 1.26 | cpu  647276440 5686592 34153010 6044820892 364287 0 479976 0 0 0
1791333157 2467, 13801, 51, 0x0000000000000000 | 1.14 1.30 1.26 | cpu  647276838 5686592 34153053 6044834518 364287 0 479976 0 0 0
1791333158 2400, 13801, 51, 0x0000000000000000 | 1.14 1.30 1.26 | cpu  647277041 5686592 34153154 6044848596 364287 0 479976 0 0 0
1791333159 2400, 13801, 51, 0x0000000000000000 | 1.14 1.30 1.26 | cpu  647277077 5686592 34153238 6044862514 364287 0 479976 0 0 0
1791333160 2400, 13801, 51, 0x0000000000000000 | 1.14 1.30 1.26 | cpu  647277079 5686593 34153360 6044876436 364287 0 479976 0 0 0
1791333161 2422, 13801, 50, 0x0000000000000000 | 1.12 1.30 1.26 | cpu  647277131 5686593 34153429 6044890387 364287 0 479976 0 0 0
1791333162 2430, 13801, 50, 0x0000000000000000 | 1.12 1.30 1.26 | cpu  647277199 5686593 34153481 6044904287 364287 0 479976 0 0 0
1791333163 2430, 13801, 50, 0x0000000000000000 | 1.12 1.30 1.26 | cpu  647277272 5686593 34153534 6044918232 364287 0 479976 0 0 0
1791333164 2422, 13801, 50, 0x0000000000000000 | 1.12 1.30 1.26 | cpu  647277341 5686593 34153590 6044932156 364287 0 479976 0 0 0
1791333165 2422, 13801, 50, 0x0000000000000000 | 1.11 1.29 1.26 | cpu  647277408 5686593 34153643 6044945868 364287 0 479976 0 0 0
1791333167 2415, 13801, 50, 0x0000000000000000 | 1.11 1.29 1.26 | cpu  647277506 5686593 34153666 6044959807 364287 0 479976 0 0 0
1791333168 2587, 13801, 50, 0x0000000000000000 | 1.11 1.29 1.26 | cpu  647277620 5686593 34153680 6044973756 364287 0 479976 0 0 0
1791333169 2400, 13801, 49, 0x0000000000000000 | 1.11 1.29 1.26 | cpu  647277729 5686593 34153692 6044987721 364287 0 479977 0 0 0
1791333170 2400, 13801, 49, 0x0000000000000000 | 1.11 1.29 1.26 | cpu  647277841 5686593 34153718 6045001662 364287 0 479977 0 0 0
1791333171 2400, 13801, 49, 0x0000000000000000 | 1.10 1.29 1.26 | cpu  647277956 5686593 34153731 6045015604 364287 0 479977 0 0 0
1791333172 2400, 13801, 49, 0x0000000000000000 | 1.10 1.29 1.26 | cpu  647278011 5686593 34153806 6045029541 364287 0 479978 0 0 0
1791333173 2400, 13801, 49, 0x0000000000000000 | 1.10 1.29 1.26 | cpu  647278069 5686593 34153940 6045043372 364287 0 479978 0 0 0
1791333174 2400, 13801, 49, 0x0000000000000000 | 1.10 1.29 1.26 | cpu  647278133 5686593 34154074 6045057226 364287 0 479978 0 0 0
1791333175 2400, 13801, 49, 0x0000000000000000 | 1.10 1.28 1.26 | cpu  647278186 5686593 34154152 6045071164 364288 0 479978 0 0 0
1791333176 2400, 13801, 48, 0x0000000000000000 | 1.10 1.28 1.26 | cpu  647278235 5686593 34154229 6045085120 364288 0 479978 0 0 0
1791333178 2400, 13801, 48, 0x0000000000000000 | 1.10 1.28 1.26 | cpu  647278286 5686593 34154308 6045099058 364288 0 479978 0 0 0
1791333179 2400, 13801, 48, 0x0000000000000000 | 1.10 1.28 1.26 | cpu  647278333 5686593 34154383 6045113019 364288 0 479978 0 0 0
1791333180 2400, 13801, 48, 0x0000000000000000 | 1.10 1.28 1.26 | cpu  647278390 5686593 34154472 6045126612 364288 0 479980 0 0 0
1791333181 2400, 13801, 48, 0x0000000000000000 | 1.17 1.29 1.26 | cpu  647278451 5686593 34154555 6045140155 364293 0 479982 0 0 0
1791333182 2400, 13801, 48, 0x0000000000000000 | 1.17 1.29 1.26 | cpu  647278513 5686593 34154714 6045153972 364293 0 479983 0 0 0
1791333183 2400, 13801, 48, 0x0000000000000000 | 1.17 1.29 1.26 | cpu  647278563 5686593 34154790 6045167797 364293 0 479984 0 0 0
1791333184 2400, 13801, 48, 0x0000000000000000 | 1.17 1.29 1.26 | cpu  647278618 5686593 34154871 6045181758 364293 0 479987 0 0 0
1791333185 2400, 13801, 48, 0x0000000000000000 | 1.17 1.29 1.26 | cpu  647278673 5686593 34154950 6045195665 364293 0 479990 0 0 0
1791333186 2400, 13801, 48, 0x0000000000000000 | 1.15 1.29 1.26 | cpu  647278725 5686593 34155020 6045209624 364294 0 479990 0 0 0
1791333187 2400, 13801, 47, 0x0000000000000000 | 1.15 1.29 1.26 | cpu  647278774 5686593 34155092 6045223576 364294 0 479991 0 0 0
1791333188 2400, 13801, 47, 0x0000000000000000 | 1.15 1.29 1.26 | cpu  647278823 5686594 34155166 6045237316 364294 0 479991 0 0 0
1791333190 2400, 13801, 47, 0x0000000000000000 | 1.15 1.29 1.26 | cpu  647278872 5686594 34155243 6045251289 364294 0 479991 0 0 0
1791333191 2400, 13801, 47, 0x0000000000000000 | 1.14 1.28 1.26 | cpu  647278921 5686594 34155314 6045265233 364294 0 479991 0 0 0
1791333192 2400, 13801, 47, 0x0000000000000000 | 1.14 1.28 1.26 | cpu  647278974 5686594 34155384 6045279172 364294 0 479991 0 0 0
1791333193 2400, 13801, 47, 0x0000000000000000 | 1.14 1.28 1.26 | cpu  647279032 5686594 34155463 6045293087 364294 0 479991 0 0 0
1791333194 2400, 13801, 47, 0x0000000000000000 | 1.14 1.28 1.26 | cpu  647279078 5686594 34155534 6045306830 364294 0 479991 0 0 0
1791333195 2400, 13801, 47, 0x0000000000000000 | 1.14 1.28 1.26 | cpu  647279127 5686594 34155609 6045320759 364294 0 479991 0 0 0
1791333196 2400, 13801, 47, 0x0000000000000000 | 1.13 1.28 1.26 | cpu  647279177 5686594 34155685 6045334686 364294 0 479991 0 0 0
1791333197 2400, 13801, 47, 0x0000000000000000 | 1.13 1.28 1.26 | cpu  647279249 5686594 34155733 6045348612 364294 0 479991 0 0 0
1791333198 2400, 13801, 47, 0x0000000000000000 | 1.13 1.28 1.26 | cpu  647279305 5686594 34155817 6045362657 364294 0 479991 0 0 0
1791333199 2400, 13801, 46, 0x0000000000000000 | 1.13 1.28 1.26 | cpu  647279359 5686594 34155913 6045376581 364294 0 479991 0 0 0
1791333201 2400, 13801, 46, 0x0000000000000000 | 1.12 1.27 1.25 | cpu  647279404 5686594 34155988 6045390513 364294 0 479991 0 0 0
1791333202 2400, 13801, 46, 0x0000000000000000 | 1.12 1.27 1.25 | cpu  647279453 5686594 34156062 6045404478 364294 0 479991 0 0 0
1791333203 2400, 13801, 46, 0x0000000000000000 | 1.12 1.27 1.25 | cpu  647279505 5686594 34156134 6045418422 364294 0 479991 0 0 0
1791333204 2400, 13801, 46, 0x0000000000000000 | 1.12 1.27 1.25 | cpu  647279560 5686594 34156212 6045432354 364294 0 479991 0 0 0
1791333205 2400, 13801, 46, 0x0000000000000000 | 1.12 1.27 1.25 | cpu  647279607 5686594 34156290 6045446297 364294 0 479991 0 0 0
1791333206 2400, 13801, 46, 0x0000000000000000 | 1.11 1.27 1.25 | cpu  647279655 5686594 34156362 6045460253 364294 0 479991 0 0 0
1791333207 2400, 13801, 46, 0x0000000000000000 | 1.11 1.27 1.25 | cpu  647279702 5686594 34156436 6045474198 364294 0 479991 0 0 0
1791333208 2400, 13801, 46, 0x0000000000000000 | 1.11 1.27 1.25 | cpu  647279751 5686594 34156515 6045488118 364294 0 479991 0 0 0
1791333209 2400, 13801, 46, 0x0000000000000000 | 1.11 1.27 1.25 | cpu  647279816 5686594 34156594 6045502024 364294 0 479991 0 0 0
1791333210 2400, 13801, 46, 0x0000000000000000 | 1.10 1.26 1.25 | cpu  647279864 5686594 34156670 6045515970 364294 0 479991 0 0 0
1791333211 2400, 13801, 46, 0x0000000000000000 | 1.10 1.26 1.25 | cpu  647279911 5686594 34156744 6045529911 364294 0 479991 0 0 0
1791333213 2400, 13801, 46, 0x0000000000000000 | 1.10 1.26 1.25 | cpu  647279964 5686594 34156818 6045543867 364294 0 479991 0 0 0
1791333214 2400, 13801, 46, 0x0000000000000000 | 1.10 1.26 1.25 | cpu  647280018 5686594 34156903 6045557758 364299 0 479991 0 0 0
1791333215 2400, 13801, 46, 0x0000000000000000 | 1.10 1.26 1.25 | cpu  647280072 5686594 34156982 6045571501 364299 0 479991 0 0 0
1791333216 2400, 13801, 45, 0x0000000000000000 | 1.09 1.26 1.25 | cpu  647280124 5686594 34157054 6045585427 364301 0 479991 0 0 0
1791333217 2400, 13801, 45, 0x0000000000000000 | 1.09 1.26 1.25 | cpu  647280175 5686594 34157125 6045599364 364301 0 479991 0 0 0
1791333218 2400, 13801, 45, 0x0000000000000000 | 1.09 1.26 1.25 | cpu  647280230 5686594 34157206 6045613300 364301 0 479992 0 0 0
1791333219 2400, 13801, 45, 0x0000000000000000 | 1.09 1.26 1.25 | cpu  647280277 5686594 34157280 6045627252 364301 0 479992 0 0 0
1791333220 2400, 13801, 45, 0x0000000000000000 | 1.16 1.27 1.25 | cpu  647280325 5686594 34157357 6045641200 364301 0 479992 0 0 0
1791333221 2400, 13801, 45, 0x0000000000000000 | 1.16 1.27 1.25 | cpu  647280371 5686594 34157433 6045655133 364301 0 479992 0 0 0
1791333222 2400, 13801, 45, 0x0000000000000000 | 1.16 1.27 1.25 | cpu  647280420 5686594 34157505 6045669066 364301 0 479992 0 0 0
1791333224 2415, 13801, 45, 0x0000000000000000 | 1.16 1.27 1.25 | cpu  647280522 5686594 34157531 6045683160 364301 0 479992 0 0 0
1791333225 2835, 13801, 59, 0x0000000000000004 | 1.16 1.27 1.25 | cpu  647280633 5686594 34157544 6045697186 364301 0 479992 0 0 0
1791333226 2835, 13801, 61, 0x0000000000000004 | 1.15 1.27 1.25 | cpu  647280745 5686594 34157554 6045711233 364301 0 479992 0 0 0
1791333227 2827, 13801, 61, 0x0000000000000004 | 1.15 1.27 1.25 | cpu  647280863 5686594 34157571 6045725297 364301 0 479992 0 0 0
1791333228 2827, 13801, 62, 0x0000000000000004 | 1.15 1.27 1.25 | cpu  647280984 5686594 34157593 6045739333 364301 0 479992 0 0 0
1791333229 2835, 13801, 63, 0x0000000000000004 | 1.15 1.27 1.25 | cpu  647281107 5686594 34157643 6045753307 364301 0 479992 0 0 0
1791333230 2827, 13801, 63, 0x0000000000000004 | 1.15 1.27 1.25 | cpu  647281228 5686594 34157704 6045767279 364301 0 479992 0 0 0
1791333231 2790, 13801, 63, 0x0000000000000004 | 1.22 1.28 1.26 | cpu  647281326 5686594 34157748 6045781307 364301 0 479992 0 0 0
1791333232 2752, 13801, 63, 0x0000000000000004 | 1.22 1.28 1.26 | cpu  647281437 5686594 34157775 6045795296 364301 0 479992 0 0 0
1791333234 2820, 13801, 63, 0x0000000000000004 | 1.22 1.28 1.26 | cpu  647281553 5686594 34157809 6045809603 364301 0 479992 0 0 0
1791333235 2737, 13801, 64, 0x0000000000000004 | 1.22 1.28 1.26 | cpu  647281668 5686594 34157834 6045823673 364301 0 479992 0 0 0
1791333236 2827, 13801, 64, 0x0000000000000000 | 1.28 1.29 1.26 | cpu  647281783 5686594 34157859 6045837719 364301 0 479992 0 0 0
1791333237 2745, 13801, 65, 0x0000000000000004 | 1.28 1.29 1.26 | cpu  647281897 5686594 34157890 6045851761 364301 0 479992 0 0 0
1791333238 2737, 13801, 63, 0x0000000000000004 | 1.28 1.29 1.26 | cpu  647282023 5686594 34157930 6045865724 364301 0 479992 0 0 0
1791333239 2760, 13801, 65, 0x0000000000000004 | 1.28 1.29 1.26 | cpu  647282142 5686594 34158010 6045879712 364301 0 479992 0 0 0
1791333240 2745, 13801, 67, 0x0000000000000004 | 1.28 1.29 1.26 | cpu  647282258 5686594 34158102 6045893694 364301 0 479992 0 0 0
1791333241 2865, 13801, 64, 0x0000000000000004 | 1.34 1.30 1.27 | cpu  647282373 5686594 34158127 6045907715 364301 0 479992 0 0 0
1791333242 2730, 13801, 66, 0x0000000000000004 | 1.34 1.30 1.27 | cpu  647282486 5686594 34158154 6045921782 364301 0 479992 0 0 0
1791333244 2737, 13801, 67, 0x0000000000000004 | 1.34 1.30 1.27 | cpu  647282602 5686594 34158186 6045935797 364301 0 479992 0 0 0
1791333245 2737, 13801, 66, 0x0000000000000004 | 1.34 1.30 1.27 | cpu  647282717 5686594 34158216 6045949963 364301 0 479992 0 0 0
1791333246 2730, 13801, 68, 0x0000000000000004 | 1.31 1.30 1.26 | cpu  647282898 5686594 34158270 6045963802 364301 0 479993 0 0 0
1791333247 2760, 13801, 68, 0x0000000000000004 | 1.31 1.30 1.26 | cpu  647283036 5686594 34158323 6045977960 364301 0 479993 0 0 0
1791333248 2782, 13801, 68, 0x0000000000000004 | 1.31 1.30 1.26 | cpu  647283149 5686594 34158352 6045991998 364301 0 479993 0 0 0
1791333249 2797, 13801, 68, 0x0000000000000004 | 1.31 1.30 1.26 | cpu  647283267 5686594 34158385 6046005691 364301 0 479993 0 0 0
1791333250 2730, 13801, 68, 0x0000000000000004 | 1.31 1.30 1.26 | cpu  647283379 5686594 34158411 6046019717 364301 0 479993 0 0 0
1791333251 2790, 13801, 69, 0x0000000000000004 | 1.29 1.29 1.26 | cpu  647283493 5686594 34158438 6046033742 364301 0 479993 0 0 0
1791333252 2730, 13801, 69, 0x0000000000000000 | 1.29 1.29 1.26 | cpu  647283605 5686594 34158464 6046047777 364302 0 479993 0 0 0
1791333253 2670, 13801, 69, 0x0000000000000004 | 1.29 1.29 1.26 | cpu  647283721 5686594 34158494 6046061852 364302 0 479993 0 0 0
1791333255 2865, 13801, 68, 0x0000000000000004 | 1.29 1.29 1.26 | cpu  647283843 5686594 34158526 6046075916 364302 0 479993 0 0 0
1791333256 2775, 13801, 69, 0x0000000000000004 | 1.26 1.29 1.26 | cpu  647283951 5686594 34158559 6046089959 364302 0 479993 0 0 0
1791333257 2790, 13801, 69, 0x0000000000000004 | 1.26 1.29 1.26 | cpu  647284065 5686594 34158584 6046103987 364302 0 479993 0 0 0
1791333258 2767, 13801, 69, 0x0000000000000000 | 1.26 1.29 1.26 | cpu  647284180 5686594 34158613 6046118038 364302 0 479993 0 0 0
1791333259 2730, 13801, 71, 0x0000000000000004 | 1.26 1.29 1.26 | cpu  647284295 5686594 34158646 6046132113 364302 0 479993 0 0 0
1791333260 2707, 13801, 71, 0x0000000000000004 | 1.26 1.29 1.26 | cpu  647284410 5686594 34158675 6046146216 364302 0 479993 0 0 0
1791333261 2775, 13801, 70, 0x0000000000000004 | 1.32 1.30 1.27 | cpu  647284543 5686594 34158720 6046160064 364302 0 479993 0 0 0
1791333262 2805, 13801, 70, 0x0000000000000004 | 1.32 1.30 1.27 | cpu  647284658 5686594 34158744 6046174131 364302 0 479993 0 0 0
1791333263 2775, 13801, 70, 0x0000000000000004 | 1.32 1.30 1.27 | cpu  647284771 5686594 34158778 6046188350 364302 0 479993 0 0 0
1791333265 2715, 13801, 71, 0x0000000000000004 | 1.32 1.30 1.27 | cpu  647284888 5686595 34158815 6046202423 364302 0 479993 0 0 0
1791333266 2715, 13801, 66, 0x0000000000000004 | 1.30 1.30 1.26 | cpu  647285002 5686595 34158837 6046216375 364302 0 479993 0 0 0
1791333267 2775, 13801, 71, 0x0000000000000004 | 1.30 1.30 1.26 | cpu  647285112 5686595 34158867 6046230424 364302 0 479993 0 0 0
1791333268 2775, 13801, 72, 0x0000000000000004 | 1.30 1.30 1.26 | cpu  647285227 5686595 34158894 6046244502 364302 0 479993 0 0 0
1791333269 2715, 13801, 71, 0x0000000000000004 | 1.30 1.30 1.26 | cpu  647285342 5686595 34158922 6046258563 364302 0 479993 0 0 0
1791333270 2745, 13801, 73, 0x0000000000000004 | 1.30 1.30 1.26 | cpu  647285457 5686595 34158952 6046272593 364302 0 479993 0 0 0
1791333271 2692, 13801, 72, 0x0000000000000000 | 1.35 1.31 1.27 | cpu  647285571 5686595 34158978 6046286641 364302 0 479993 0 0 0
1791333272 2700, 13801, 72, 0x0000000000000004 | 1.35 1.31 1.27 | cpu  647285689 5686595 34159014 6046300670 364302 0 479993 0 0 0
1791333273 2797, 13801, 71, 0x0000000000000004 | 1.35 1.31 1.27 | cpu  647285810 5686595 34159049 6046314694 364306 0 479993 0 0 0
1791333275 2707, 13801, 74, 0x0000000000000004 | 1.35 1.31 1.27 | cpu  647285922 5686595 34159080 6046328745 364306 0 479993 0 0 0
1791333276 2782, 13801, 72, 0x0000000000000004 | 1.33 1.30 1.27 | cpu  647286036 5686595 34159111 6046342791 364308 0 479993 0 0 0
1791333277 2805, 13801, 73, 0x0000000000000004 | 1.33 1.30 1.27 | cpu  647286156 5686595 34159169 6046356795 364308 0 479993 0 0 0
1791333278 2632, 13801, 73, 0x0000000000000004 | 1.33 1.30 1.27 | cpu  647286271 5686595 34159201 6046370829 364308 0 479993 0 0 0
1791333279 2835, 13801, 70, 0x0000000000000000 | 1.33 1.30 1.27 | cpu  647286388 5686595 34159226 6046384920 364308 0 479993 0 0 0
1791333280 2722, 13801, 73, 0x0000000000000004 | 1.33 1.30 1.27 | cpu  647286505 5686595 34159265 6046398948 364308 0 479993 0 0 0
1791333281 2782, 13801, 73, 0x0000000000000004 | 1.30 1.30 1.27 | cpu  647286628 5686595 34159293 6046412934 364309 0 479993 0 0 0
1791333282 2805, 13801, 73, 0x0000000000000004 | 1.30 1.30 1.27 | cpu  647286739 5686595 34159321 6046426999 364309 0 479993 0 0 0
1791333283 2700, 13801, 73, 0x0000000000000004 | 1.30 1.30 1.27 | cpu  647286859 5686595 34159358 6046441028 364309 0 479993 0 0 0
1791333285 2790, 13801, 73, 0x0000000000000000 | 1.30 1.30 1.27 | cpu  647286974 5686595 34159381 6046455058 364309 0 479993 0 0 0
1791333286 2647, 13801, 73, 0x0000000000000004 | 1.27 1.29 1.26 | cpu  647287085 5686595 34159415 6046469079 364309 0 479993 0 0 0
1791333287 2775, 13801, 74, 0x0000000000000004 | 1.27 1.29 1.26 | cpu  647287200 5686595 34159442 6046483158 364309 0 479993 0 0 0
1791333288 2775, 13801, 74, 0x0000000000000004 | 1.27 1.29 1.26 | cpu  647287312 5686595 34159470 6046497210 364309 0 479993 0 0 0
1791333289 2625, 13801, 74, 0x0000000000000004 | 1.27 1.29 1.26 | cpu  647287428 5686595 34159500 6046511246 364309 0 479993 0 0 0
1791333290 2760, 13801, 74, 0x0000000000000004 | 1.27 1.29 1.26 | cpu  647287541 5686595 34159528 6046525289 364309 0 479993 0 0 0
1791333291 2610, 13801, 74, 0x0000000000000004 | 1.25 1.29 1.26 | cpu  647287657 5686595 34159555 6046539375 364309 0 479993 0 0 0
1791333292 2850, 13801, 73, 0x0000000000000004 | 1.25 1.29 1.26 | cpu  647287778 5686595 34159585 6046553424 364309 0 479994 0 0 0
1791333293 2692, 13801, 72, 0x0000000000000004 | 1.25 1.29 1.26 | cpu  647287893 5686595 34159624 6046567435 364309 0 479994 0 0 0
1791333295 2632, 13801, 72, 0x0000000000000004 | 1.25 1.29 1.26 | cpu  647288009 5686595 34159656 6046581466 364309 0 479994 0 0 0
1791333296 2805, 13801, 75, 0x0000000000000004 | 1.23 1.28 1.26 | cpu  647288124 5686595 34159695 6046595586 364309 0 479994 0 0 0
1791333297 2692, 13801, 75, 0x0000000000000004 | 1.23 1.28 1.26 | cpu  647288236 5686595 34159721 6046609638 364309 0 479994 0 0 0
1791333298 2775, 13801, 75, 0x0000000000000004 | 1.23 1.28 1.26 | cpu  647288350 5686595 34159749 6046623706 364309 0 479994 0 0 0
1791333299 2662, 13801, 76, 0x0000000000000004 | 1.23 1.28 1.26 | cpu  647288467 5686595 34159780 6046637755 364309 0 479994 0 0 0
1791333300 2670, 13801, 75, 0x0000000000000004 | 1.23 1.28 1.26 | cpu  647288582 5686595 34159806 6046651798 364309 0 479994 0 0 0
1791333301 2677, 13801, 74, 0x0000000000000004 | 1.21 1.28 1.26 | cpu  647288706 5686595 34159850 6046665804 364309 0 479994 0 0 0
1791333302 2617, 13801, 74, 0x0000000000000004 | 1.21 1.28 1.26 | cpu  647288863 5686595 34159926 6046679553 364309 0 479994 0 0 0
1791333303 2662, 13801, 75, 0x0000000000000004 | 1.21 1.28 1.26 | cpu  647288993 5686595 34160061 6046693433 364309 0 479994 0 0 0
1791333304 2707, 13801, 75, 0x0000000000000004 | 1.21 1.28 1.26 | cpu  647289109 5686595 34160094 6046707436 364309 0 479994 0 0 0
1791333306 2790, 13801, 74, 0x0000000000000004 | 1.20 1.27 1.26 | cpu  647289233 5686595 34160124 6046721452 364309 0 479994 0 0 0
1791333307 2692, 13801, 73, 0x0000000000000004 | 1.20 1.27 1.26 | cpu  647289363 5686595 34160160 6046735514 364309 0 479994 0 0 0
1791333308 2610, 13801, 75, 0x0000000000000004 | 1.20 1.27 1.26 | cpu  647289484 5686595 34160190 6046749520 364310 0 479994 0 0 0
1791333309 2640, 13801, 75, 0x0000000000000004 | 1.20 1.27 1.26 | cpu  647289605 5686596 34160253 6046763584 364310 0 479994 0 0 0
1791333310 2617, 13801, 76, 0x0000000000000004 | 1.20 1.27 1.26 | cpu  647289725 5686596 34160321 6046777506 364310 0 479994 0 0 0
1791333311 2722, 13801, 76, 0x0000000000000004 | 1.18 1.27 1.26 | cpu  647289839 5686596 34160347 6046791554 364310 0 479994 0 0 0
1791333312 2745, 13801, 75, 0x0000000000000004 | 1.18 1.27 1.26 | cpu  647289950 5686596 34160380 6046805625 364310 0 479994 0 0 0
1791333313 2737, 13801, 75, 0x0000000000000004 | 1.18 1.27 1.26 | cpu  647290064 5686596 34160403 6046819685 364310 0 479994 0 0 0
1791333314 2655, 13801, 76, 0x0000000000000000 | 1.18 1.27 1.26 | cpu  647290179 5686596 34160445 6046833724 364310 0 479994 0 0 0
1791333316 2677, 13801, 75, 0x0000000000000004 | 1.16 1.26 1.26 | cpu  647290292 5686596 34160469 6046847751 364310 0 479994 0 0 0
1791333317 2655, 13801, 75, 0x0000000000000004 | 1.16 1.26 1.26 | cpu  647290408 5686596 34160499 6046862019 364310 0 479994 0 0 0
1791333318 2610, 13801, 76, 0x0000000000000004 | 1.16 1.26 1.26 | cpu  647290527 5686596 34160531 6046876007 364310 0 479994 0 0 0
1791333319 2767, 13801, 76, 0x0000000000000004 | 1.16 1.26 1.26 | cpu  647290643 5686596 34160557 6046890089 364310 0 479994 0 0 0
1791333320 2737, 13801, 74, 0x0000000000000000 | 1.16 1.26 1.26 | cpu  647290754 5686596 34160589 6046904227 364310 0 479994 0 0 0
1791333321 2595, 13801, 75, 0x0000000000000004 | 1.15 1.26 1.25 | cpu  647290868 5686596 34160617 6046918266 364310 0 479994 0 0 0
1791333322 2632, 13801, 75, 0x0000000000000004 | 1.15 1.26 1.25 | cpu  647290981 5686596 34160645 6046932328 364310 0 479994 0 0 0
1791333323 2610, 13801, 76, 0x0000000000000004 | 1.15 1.26 1.25 | cpu  647291095 5686596 34160670 6046946377 364310 0 479994 0 0 0
1791333324 2767, 13801, 76, 0x0000000000000004 | 1.15 1.26 1.25 | cpu  647291212 5686596 34160704 6046960397 364310 0 479995 0 0 0
1791333326 2722, 13801, 76, 0x0000000000000004 | 1.14 1.25 1.25 | cpu  647291325 5686596 34160730 6046974463 364310 0 479995 0 0 0
1791333327 2782, 13801, 76, 0x0000000000000004 | 1.14 1.25 1.25 | cpu  647291439 5686596 34160757 6046988563 364310 0 479995 0 0 0
1791333328 2737, 13801, 76, 0x0000000000000004 | 1.14 1.25 1.25 | cpu  647291552 5686596 34160783 6047002670 364310 0 479995 0 0 0
1791333329 2625, 13801, 76, 0x0000000000000004 | 1.14 1.25 1.25 | cpu  647291671 5686596 34160819 6047016712 364310 0 479995 0 0 0
1791333330 2767, 13801, 76, 0x0000000000000004 | 1.14 1.25 1.25 | cpu  647291788 5686596 34160851 6047030688 364310 0 479995 0 0 0
1791333331 2602, 13801, 75, 0x0000000000000004 | 1.13 1.25 1.25 | cpu  647291902 5686596 34160878 6047044723 364310 0 479995 0 0 0
1791333332 2760, 13801, 71, 0x0000000000000000 | 1.13 1.25 1.25 | cpu  647292016 5686596 34160901 6047058767 364310 0 479995 0 0 0
1791333333 2737, 13801, 77, 0x0000000000000004 | 1.13 1.25 1.25 | cpu  647292143 5686596 34160934 6047072819 364314 0 479995 0 0 0
1791333334 2595, 13801, 77, 0x0000000000000004 | 1.13 1.25 1.25 | cpu  647292259 5686596 34160963 6047086853 364314 0 479995 0 0 0
1791333336 2752, 13801, 77, 0x0000000000000004 | 1.12 1.24 1.25 | cpu  647292376 5686596 34160992 6047100893 364314 0 479995 0 0 0
1791333337 2610, 13801, 76, 0x0000000000000004 | 1.12 1.24 1.25 | cpu  647292489 5686596 34161016 6047114921 364314 0 479995 0 0 0
1791333338 2790, 13801, 76, 0x0000000000000004 | 1.12 1.24 1.25 | cpu  647292604 5686596 34161043 6047129029 364314 0 479995 0 0 0
1791333339 2647, 13801, 74, 0x0000000000000004 | 1.12 1.24 1.25 | cpu  647292715 5686596 34161071 6047143067 364314 0 479995 0 0 0
1791333340 2595, 13801, 76, 0x0000000000000004 | 1.12 1.24 1.25 | cpu  647292832 5686597 34161106 6047157077 364314 0 479995 0 0 0
1791333341 2692, 13801, 77, 0x0000000000000004 | 1.11 1.24 1.25 | cpu  647292948 5686597 34161143 6047171133 364314 0 479995 0 0 0
1791333342 2610, 13801, 77, 0x0000000000000004 | 1.11 1.24 1.25 | cpu  647293061 5686597 34161168 6047185129 364314 0 479995 0 0 0
1791333343 2790, 13801, 77, 0x0000000000000004 | 1.11 1.24 1.25 | cpu  647293175 5686597 34161194 6047199178 364314 0 479995 0 0 0
1791333344 2677, 13801, 74, 0x0000000000000004 | 1.11 1.24 1.25 | cpu  647293286 5686597 34161227 6047213220 364314 0 479995 0 0 0
1791333346 2610, 13801, 77, 0x0000000000000004 | 1.10 1.24 1.25 | cpu  647293400 5686597 34161252 6047227148 364315 0 479995 0 0 0
1791333347 2797, 13801, 77, 0x0000000000000004 | 1.10 1.24 1.25 | cpu  647293511 5686597 34161281 6047241236 364315 0 479995 0 0 0
1791333348 2647, 13801, 76, 0x0000000000000004 | 1.10 1.24 1.25 | cpu  647293625 5686597 34161307 6047255258 364315 0 479995 0 0 0
1791333349 2782, 13801, 76, 0x0000000000000004 | 1.10 1.24 1.25 | cpu  647293741 5686597 34161334 6047268857 364315 0 479995 0 0 0
1791333350 2662, 13801, 77, 0x0000000000000004 | 1.10 1.24 1.25 | cpu  647293856 5686597 34161365 6047282865 364315 0 479995 0 0 0
1791333351 2595, 13801, 77, 0x0000000000000004 | 1.17 1.25 1.25 | cpu  647293970 5686597 34161394 6047296955 364315 0 479995 0 0 0
1791333352 2700, 13801, 77, 0x0000000000000004 | 1.17 1.25 1.25 | cpu  647294087 5686597 34161424 6047310959 364315 0 479995 0 0 0
1791333353 2602, 13801, 77, 0x0000000000000004 | 1.17 1.25 1.25 | cpu  647294203 5686597 34161458 6047324722 364315 0 479995 0 0 0
1791333354 2737, 13801, 76, 0x0000000000000004 | 1.17 1.25 1.25 | cpu  647294324 5686597 34161513 6047338930 364315 0 479995 0 0 0
1791333355 2602, 13801, 76, 0x0000000000000004 | 1.16 1.24 1.25 | cpu  647294444 5686597 34161551 6047352966 364315 0 479995 0 0 0
1791333357 2767, 13801, 77, 0x0000000000000004 | 1.16 1.24 1.25 | cpu  647294557 5686597 34161576 6047367012 364315 0 479995 0 0 0
1791333358 2685, 13801, 77, 0x0000000000000004 | 1.16 1.24 1.25 | cpu  647294669 5686597 34161605 6047381074 364315 0 479995 0 0 0
1791333359 2647, 13801, 76, 0x0000000000000004 | 1.16 1.24 1.25 | cpu  647294785 5686597 34161632 6047395193 364315 0 479995 0 0 0
1791333360 2722, 13801, 77, 0x0000000000000004 | 1.16 1.24 1.25 | cpu  647294899 5686597 34161665 6047409234 364315 0 479995 0 0 0
1791333361 2610, 13801, 76, 0x0000000000000004 | 1.22 1.26 1.25 | cpu  647295013 5686597 34161694 6047423252 364315 0 479995 0 0 0
1791333362 2760, 13801, 77, 0x0000000000000004 | 1.22 1.26 1.25 | cpu  647295128 5686597 34161719 6047437325 364315 0 479995 0 0 0
1791333363 2685, 13801, 77, 0x0000000000000004 | 1.22 1.26 1.25 | cpu  647295246 5686597 34161755 6047451400 364315 0 479995 0 0 0
1791333364 2722, 13801, 77, 0x0000000000000004 | 1.22 1.26 1.25 | cpu  647295365 5686597 34161788 6047465441 364315 0 479995 0 0 0
1791333365 2625, 13801, 77, 0x0000000000000004 | 1.21 1.25 1.25 | cpu  647295483 5686597 34161818 6047479471 364315 0 479995 0 0 0
1791333367 2647, 13801, 76, 0x0000000000000004 | 1.21 1.25 1.25 | cpu  647295603 5686597 34161922 6047493448 364315 0 479996 0 0 0
1791333368 2677, 13801, 77, 0x0000000000000004 | 1.21 1.25 1.25 | cpu  647295720 5686597 34161990 6047507448 364315 0 479996 0 0 0
1791333369 2752, 13801, 78, 0x0000000000000004 | 1.21 1.25 1.25 | cpu  647295831 5686597 34162025 6047521502 364315 0 479996 0 0 0
1791333370 2775, 13801, 78, 0x0000000000000004 | 1.21 1.25 1.25 | cpu  647295947 5686597 34162051 6047535475 364315 0 479996 0 0 0
1791333371 2707, 13801, 77, 0x0000000000000004 | 1.19 1.25 1.25 | cpu  647296060 5686597 34162081 6047549538 364315 0 479996 0 0 0
1791333372 2595, 13801, 77, 0x0000000000000004 | 1.19 1.25 1.25 | cpu  647296180 5686597 34162111 6047563511 364315 0 479996 0 0 0
1791333373 2722, 13801, 77, 0x0000000000000004 | 1.19 1.25 1.25 | cpu  647296308 5686597 34162205 6047577456 364315 0 479996 0 0 0
1791333374 2745, 13801, 78, 0x0000000000000004 | 1.19 1.25 1.25 | cpu  647296424 5686597 34162244 6047591253 364315 0 479996 0 0 0
1791333375 2752, 13801, 78, 0x0000000000000004 | 1.17 1.24 1.25 | cpu  647296538 5686597 34162269 6047605314 364315 0 479996 0 0 0
1791333377 2670, 13801, 76, 0x0000000000000004 | 1.17 1.24 1.25 | cpu  647296650 5686597 34162298 6047619382 364315 0 479996 0 0 0
1791333378 2700, 13801, 77, 0x0000000000000004 | 1.17 1.24 1.25 | cpu  647296767 5686597 34162324 6047633402 364315 0 479996 0 0 0
1791333379 2610, 13801, 76, 0x0000000000000004 | 1.17 1.24 1.25 | cpu  647296880 5686597 34162349 6047647483 364315 0 479996 0 0 0
1791333380 2602, 13801, 76, 0x0000000000000004 | 1.17 1.24 1.25 | cpu  647297002 5686597 34162389 6047661500 364315 0 479996 0 0 0
1791333381 2782, 13801, 77, 0x0000000000000004 | 1.16 1.24 1.25 | cpu  647297117 5686597 34162413 6047675565 364315 0 479996 0 0 0
1791333382 2670, 13801, 77, 0x0000000000000004 | 1.16 1.24 1.25 | cpu  647297229 5686597 34162441 6047689629 364315 0 479996 0 0 0
1791333383 2760, 13801, 77, 0x0000000000000004 | 1.16 1.24 1.25 | cpu  647297343 5686597 34162465 6047703645 364315 0 479996 0 0 0
1791333384 2692, 13801, 77, 0x0000000000000004 | 1.16 1.24 1.25 | cpu  647297457 5686597 34162495 6047717698 364315 0 479996 0 0 0
1791333385 2595, 13801, 75, 0x0000000000000004 | 1.15 1.23 1.25 | cpu  647297570 5686597 34162521 6047731390 364315 0 479996 0 0 0
1791333386 2790, 13801, 77, 0x0000000000000004 | 1.15 1.23 1.25 | cpu  647297690 5686597 34162555 6047745578 364315 0 479996 0 0 0
1791333388 2632, 13801, 78, 0x0000000000000004 | 1.15 1.23 1.25 | cpu  647297804 5686597 34162583 6047759631 364315 0 479996 0 0 0
1791333389 2790, 13801, 78, 0x0000000000000004 | 1.15 1.23 1.25 | cpu  647297919 5686597 34162610 6047773704 364315 0 479996 0 0 0
1791333390 2640, 13801, 75, 0x0000000000000004 | 1.15 1.23 1.25 | cpu  647298034 5686597 34162642 6047787779 364315 0 479996 0 0 0
1791333391 2587, 13801, 77, 0x0000000000000004 | 1.14 1.23 1.25 | cpu  647298148 5686597 34162670 6047801866 364316 0 479996 0 0 0
1791333392 2662, 13801, 78, 0x0000000000000004 | 1.14 1.23 1.25 | cpu  647298258 5686597 34162694 6047815703 364316 0 479996 0 0 0
1791333393 2587, 13801, 76, 0x0000000000000004 | 1.14 1.23 1.25 | cpu  647298378 5686597 34162728 6047829724 364316 0 479996 0 0 0
1791333394 2700, 13801, 77, 0x0000000000000004 | 1.14 1.23 1.25 | cpu  647298494 5686597 34162757 6047843789 364320 0 479996 0 0 0
1791333395 2602, 13801, 77, 0x0000000000000004 | 1.12 1.23 1.24 | cpu  647298609 5686597 34162784 6047857823 364320 0 479996 0 0 0
1791333396 2767, 13801, 77, 0x0000000000000004 | 1.12 1.23 1.24 | cpu  647298728 5686597 34162813 6047871887 364320 0 479996 0 0 0
1791333398 2715, 13801, 78, 0x0000000000000004 | 1.12 1.23 1.24 | cpu  647298847 5686597 34162848 6047885923 364320 0 479996 0 0 0
1791333399 2752, 13801, 72, 0x0000000000000000 | 1.12 1.23 1.24 | cpu  647298961 5686597 34162874 6047899896 364320 0 479996 0 0 0
1791333400 2677, 13801, 75, 0x0000000000000004 | 1.12 1.23 1.24 | cpu  647299074 5686597 34162905 6047913748 364320 0 479996 0 0 0
1791333401 2595, 13801, 78, 0x0000000000000004 | 1.11 1.22 1.24 | cpu  647299189 5686597 34162932 6047927827 364320 0 479996 0 0 0
1791333402 2782, 13801, 78, 0x0000000000000004 | 1.11 1.22 1.24 | cpu  647299305 5686597 34162960 6047941880 364320 0 479996 0 0 0
1791333403 2760, 13801, 79, 0x0000000000000004 | 1.11 1.22 1.24 | cpu  647299418 5686597 34162995 6047955996 364320 0 479996 0 0 0
1791333404 2760, 13801, 77, 0x0000000000000004 | 1.11 1.22 1.24 | cpu  647299533 5686597 34163023 6047970077 364320 0 479996 0 0 0
1791333405 2707, 13801, 77, 0x0000000000000004 | 1.18 1.24 1.25 | cpu  647299667 5686597 34163061 6047983898 364320 0 479996 0 0 0
1791333406 2617, 13801, 77, 0x0000000000000004 | 1.18 1.24 1.25 | cpu  647299780 5686597 34163087 6047997898 364320 0 479996 0 0 0
1791333408 2760, 13801, 77, 0x0000000000000004 | 1.18 1.24 1.25 | cpu  647299894 5686597 34163113 6048012001 364320 0 479996 0 0 0
1791333409 2595, 13801, 77, 0x0000000000000004 | 1.18 1.24 1.25 | cpu  647300012 5686597 34163147 6048026007 364320 0 479996 0 0 0
1791333410 2752, 13801, 77, 0x0000000000000004 | 1.18 1.24 1.25 | cpu  647300129 5686597 34163174 6048040114 364320 0 479996 0 0 0
1791333411 2662, 13801, 78, 0x0000000000000004 | 1.33 1.27 1.26 | cpu  647300243 5686597 34163203 6048054158 364320 0 479996 0 0 0
1791333412 2595, 13801, 76, 0x0000000000000004 | 1.33 1.27 1.26 | cpu  647300356 5686597 34163228 6048068143 364320 0 479996 0 0 0
1791333413 2775, 13801, 79, 0x0000000000000004 | 1.33 1.27 1.26 | cpu  647300469 5686597 34163255 6048082182 364320 0 479997 0 0 0
1791333414 2595, 13801, 78, 0x0000000000000004 | 1.33 1.27 1.26 | cpu  647300584 5686597 34163281 6048096359 364320 0 479997 0 0 0
1791333415 2767, 13801, 78, 0x0000000000000004 | 1.38 1.28 1.26 | cpu  647300702 5686597 34163314 6048110416 364320 0 479997 0 0 0
1791333416 2617, 13801, 77, 0x0000000000000004 | 1.38 1.28 1.26 | cpu  647300816 5686597 34163343 6048124503 364320 0 479997 0 0 0
1791333418 2670, 13801, 78, 0x0000000000000004 | 1.38 1.28 1.26 | cpu  647300929 5686597 34163368 6048138495 364320 0 479997 0 0 0
1791333419 2602, 13801, 77, 0x0000000000000004 | 1.38 1.28 1.26 | cpu  647301050 5686597 34163401 6048152614 364320 0 479997 0 0 0
1791333420 2625, 13801, 78, 0x0000000000000004 | 1.38 1.28 1.26 | cpu  647301282 5686597 34163501 6048166360 364320 0 479997 0 0 0
1791333421 2602, 13801, 75, 0x0000000000000000 | 1.35 1.27 1.26 | cpu  647301404 5686597 34163545 6048180185 364320 0 479997 0 0 0
1791333422 2602, 13801, 77, 0x0000000000000004 | 1.35 1.27 1.26 | cpu  647301532 5686597 34163645 6048194224 364320 0 479997 0 0 0
1791333423 2782, 13801, 78, 0x0000000000000004 | 1.35 1.27 1.26 | cpu  647301647 5686597 34163669 6048208272 364320 0 479997 0 0 0
1791333424 2587, 13801, 76, 0x0000000000000004 | 1.35 1.27 1.26 | cpu  647301760 5686597 34163697 6048222372 364320 0 479997 0 0 0
1791333425 2760, 13801, 77, 0x0000000000000000 | 1.35 1.27 1.26 | cpu  647301876 5686597 34163725 6048236267 364320 0 479997 0 0 0
1791333426 2700, 13801, 76, 0x0000000000000004 | 1.41 1.29 1.26 | cpu  647301989 5686597 34163754 6048250324 364320 0 479997 0 0 0
1791333427 2655, 13801, 78, 0x0000000000000004 | 1.41 1.29 1.26 | cpu  647302103 5686597 34163784 6048264381 364320 0 479997 0 0 0
1791333429 2775, 13801, 77, 0x0000000000000004 | 1.41 1.29 1.26 | cpu  647302222 5686597 34163812 6048278419 364320 0 479997 0 0 0
1791333430 2692, 13801, 77, 0x0000000000000004 | 1.41 1.29 1.26 | cpu  647302342 5686597 34163865 6048292056 364320 0 479997 0 0 0
1791333431 2595, 13801, 76, 0x0000000000000004 | 1.45 1.30 1.27 | cpu  647302472 5686597 34164018 6048306235 364321 0 479997 0 0 0
1791333432 2775, 13801, 76, 0x0000000000000004 | 1.45 1.30 1.27 | cpu  647302593 5686597 34164063 6048320302 364321 0 479997 0 0 0
1791333433 2595, 13801, 76, 0x0000000000000004 | 1.45 1.30 1.27 | cpu  647302708 5686597 34164087 6048334351 364321 0 479997 0 0 0
1791333434 2782, 13801, 77, 0x0000000000000004 | 1.45 1.30 1.27 | cpu  647302822 5686597 34164116 6048348446 364321 0 479997 0 0 0
1791333435 2595, 13801, 78, 0x0000000000000004 | 1.45 1.30 1.27 | cpu  647302939 5686597 34164144 6048362492 364321 0 479997 0 0 0
1791333436 2752, 13801, 77, 0x0000000000000004 | 1.50 1.31 1.27 | cpu  647303064 5686597 34164180 6048376506 364321 0 479997 0 0 0
1791333437 2662, 13801, 77, 0x0000000000000004 | 1.50 1.31 1.27 | cpu  647303191 5686597 34164277 6048390591 364321 0 479997 0 0 0
1791333439 2587, 13801, 77, 0x0000000000000004 | 1.50 1.31 1.27 | cpu  647303305 5686597 34164297 6048404524 364321 0 479997 0 0 0
1791333440 2737, 13801, 77, 0x0000000000000004 | 1.50 1.31 1.27 | cpu  647303417 5686597 34164328 6048418600 364321 0 479997 0 0 0
1791333441 2587, 13801, 76, 0x0000000000000004 | 1.46 1.30 1.27 | cpu  647303532 5686598 34164361 6048432654 364321 0 479997 0 0 0
1791333442 2775, 13801, 77, 0x0000000000000004 | 1.46 1.30 1.27 | cpu  647303648 5686598 34164386 6048446872 364321 0 479997 0 0 0
1791333443 2610, 13801, 77, 0x0000000000000004 | 1.46 1.30 1.27 | cpu  647303769 5686598 34164417 6048461017 364321 0 479997 0 0 0
1791333444 2782, 13801, 78, 0x0000000000000004 | 1.46 1.30 1.27 | cpu  647303885 5686598 34164441 6048475065 364321 0 479997 0 0 0
1791333445 2647, 13801, 77, 0x0000000000000004 | 1.46 1.30 1.27 | cpu  647304002 5686598 34164473 6048489136 364321 0 479997 0 0 0
1791333446 2647, 13801, 76, 0x0000000000000004 | 1.42 1.30 1.27 | cpu  647304116 5686598 34164498 6048503176 364321 0 479997 0 0 0
1791333447 2602, 13801, 78, 0x0000000000000004 | 1.42 1.30 1.27 | cpu  647304230 5686598 34164523 6048517260 364321 0 479997 0 0 0
1791333449 2595, 13801, 76, 0x0000000000000004 | 1.42 1.30 1.27 | cpu  647304345 5686598 34164550 6048531307 364321 0 479998 0 0 0
1791333450 2602, 13801, 75, 0x0000000000000000 | 1.42 1.30 1.27 | cpu  647304458 5686598 34164576 6048545387 364321 0 479998 0 0 0
1791333451 2595, 13801, 76, 0x0000000000000004 | 1.39 1.29 1.27 | cpu  647304574 5686598 34164608 6048559461 364321 0 479998 0 0 0
1791333452 2790, 13801, 71, 0x0000000000000000 | 1.39 1.29 1.27 | cpu  647304694 5686598 34164637 6048573510 364321 0 479998 0 0 0
1791333453 2745, 13801, 77, 0x0000000000000004 | 1.39 1.29 1.27 | cpu  647304809 5686598 34164676 6048587309 364325 0 479998 0 0 0
1791333454 2617, 13801, 76, 0x0000000000000004 | 1.39 1.29 1.27 | cpu  647304926 5686598 34164706 6048600928 364325 0 479998 0 0 0
1791333455 2625, 13801, 75, 0x0000000000000000 | 1.39 1.29 1.27 | cpu  647305046 5686598 34164739 6048615002 364325 0 479998 0 0 0
1791333456 2587, 13801, 76, 0x0000000000000004 | 1.44 1.31 1.27 | cpu  647305161 5686598 34164767 6048629080 364325 0 479998 0 0 0
1791333457 2760, 13801, 74, 0x0000000000000004 | 1.44 1.31 1.27 | cpu  647305275 5686598 34164790 6048643118 364325 0 479998 0 0 0
1791333459 2730, 13801, 77, 0x0000000000000004 | 1.44 1.31 1.27 | cpu  647305386 5686598 34164821 6048657190 364325 0 479998 0 0 0
1791333460 2587, 13801, 77, 0x0000000000000004 | 1.44 1.31 1.27 | cpu  647305502 5686598 34164855 6048671214 364325 0 479998 0 0 0
1791333461 2730, 13801, 76, 0x0000000000000004 | 1.40 1.30 1.27 | cpu  647305615 5686598 34164881 6048685080 364325 0 479998 0 0 0
1791333462 2587, 13801, 76, 0x0000000000000004 | 1.40 1.30 1.27 | cpu  647305729 5686598 34164909 6048699175 364325 0 479998 0 0 0
1791333463 2775, 13801, 78, 0x0000000000000004 | 1.40 1.30 1.27 | cpu  647305843 5686598 34164934 6048713355 364325 0 479998 0 0 0
1791333464 2692, 13801, 77, 0x0000000000000004 | 1.40 1.30 1.27 | cpu  647305955 5686598 34164964 6048727419 364325 0 479998 0 0 0
1791333465 2842, 13801, 76, 0x0000000000000004 | 1.40 1.30 1.27 | cpu  647306072 5686598 34164992 6048741475 364325 0 479998 0 0 0
1791333466 2752, 13801, 77, 0x0000000000000004 | 1.37 1.29 1.27 | cpu  647306191 5686598 34165026 6048755518 364325 0 479998 0 0 0
1791333467 2602, 13801, 77, 0x0000000000000004 | 1.37 1.29 1.27 | cpu  647306303 5686598 34165053 6048769568 364325 0 479998 0 0 0
1791333468 2767, 13801, 77, 0x0000000000000004 | 1.37 1.29 1.27 | cpu  647306425 5686598 34165086 6048783772 364325 0 479999 0 0 0
1791333470 2602, 13801, 77, 0x0000000000000004 | 1.37 1.29 1.27 | cpu  647306552 5686598 34165188 6048797713 364325 0 479999 0 0 0
1791333471 2767, 13801, 78, 0x0000000000000004 | 1.34 1.29 1.27 | cpu  647306668 5686598 34165214 6048811748 364325 0 479999 0 0 0
1791333472 2617, 13801, 76, 0x0000000000000004 | 1.34 1.29 1.27 | cpu  647306782 5686598 34165243 6048825838 364325 0 479999 0 0 0
1791333473 2655, 13801, 78, 0x0000000000000004 | 1.34 1.29 1.27 | cpu  647306895 5686598 34165267 6048839823 364325 0 479999 0 0 0
1791333474 2610, 13801, 75, 0x0000000000000000 | 1.34 1.29 1.27 | cpu  647307008 5686598 34165295 6048853900 364326 0 479999 0 0 0
1791333475 2587, 13801, 77, 0x0000000000000004 | 1.34 1.29 1.27 | cpu  647307140 5686598 34165327 6048867900 364326 0 479999 0 0 0
1791333476 2647, 13801, 77, 0x0000000000000004 | 1.31 1.28 1.27 | cpu  647307256 5686598 34165357 6048882098 364326 0 479999 0 0 0
1791333477 2595, 13801, 77, 0x0000000000000004 | 1.31 1.28 1.27 | cpu  647307376 5686598 34165390 6048896171 364326 0 480000 0 0 0
1791333478 2760, 13801, 73, 0x0000000000000000 | 1.31 1.28 1.27 | cpu  647307491 5686598 34165414 6048910255 364326 0 480000 0 0 0
1791333480 2730, 13801, 77, 0x0000000000000004 | 1.31 1.28 1.27 | cpu  647307612 5686598 34165446 6048924337 364326 0 480000 0 0 0
1791333481 2700, 13801, 78, 0x0000000000000004 | 1.37 1.30 1.27 | cpu  647307733 5686598 34165477 6048938371 364326 0 480000 0 0 0
1791333482 2610, 13801, 76, 0x0000000000000004 | 1.37 1.30 1.27 | cpu  647307847 5686598 34165507 6048952427 364326 0 480000 0 0 0
1791333483 2587, 13801, 76, 0x0000000000000004 | 1.37 1.30 1.27 | cpu  647307962 5686598 34165533 6048966443 364326 0 480000 0 0 0
1791333484 2752, 13801, 76, 0x0000000000000004 | 1.37 1.30 1.27 | cpu  647308084 5686598 34165569 6048980719 364326 0 480000 0 0 0
1791333485 2602, 13801, 77, 0x0000000000000004 | 1.37 1.30 1.27 | cpu  647308209 5686598 34165644 6048994701 364326 0 480000 0 0 0
1791333486 2782, 13801, 78, 0x0000000000000000 | 1.50 1.32 1.28 | cpu  647308329 5686598 34165696 6049008721 364326 0 480000 0 0 0
1791333487 2737, 13801, 77, 0x0000000000000004 | 1.50 1.32 1.28 | cpu  647308440 5686598 34165725 6049022792 364326 0 480000 0 0 0
1791333489 2595, 13801, 77, 0x0000000000000004 | 1.50 1.32 1.28 | cpu  647308558 5686598 34165757 6049036655 364326 0 480000 0 0 0
1791333490 2745, 13801, 77, 0x0000000000000004 | 1.50 1.32 1.28 | cpu  647308671 5686598 34165784 6049050693 364326 0 480000 0 0 0
1791333491 2602, 13801, 77, 0x0000000000000004 | 1.46 1.32 1.28 | cpu  647308786 5686598 34165816 6049064749 364326 0 480000 0 0 0
1791333492 2797, 13801, 74, 0x0000000000000004 | 1.46 1.32 1.28 | cpu  647308906 5686598 34165843 6049078773 364326 0 480000 0 0 0
1791333493 2677, 13801, 76, 0x0000000000000004 | 1.46 1.32 1.28 | cpu  647309022 5686598 34165874 6049092848 364326 0 480000 0 0 0
1791333494 2602, 13801, 76, 0x0000000000000004 | 1.46 1.32 1.28 | cpu  647309140 5686598 34165985 6049106651 364326 0 480000 0 0 0
1791333495 2775, 13801, 77, 0x0000000000000004 | 1.46 1.32 1.28 | cpu  647309254 5686598 34166048 6049120699 364326 0 480000 0 0 0
1791333496 2595, 13801, 76, 0x0000000000000004 | 1.42 1.31 1.28 | cpu  647309369 5686598 34166077 6049134752 364326 0 480000 0 0 0
1791333497 2782, 13801, 78, 0x0000000000000004 | 1.42 1.31 1.28 | cpu  647309484 5686598 34166105 6049148847 364326 0 480000 0 0 0
1791333498 2640, 13801, 78, 0x0000000000000004 | 1.42 1.31 1.28 | cpu  647309600 5686598 34166130 6049162915 364326 0 480000 0 0 0
1791333500 2647, 13801, 78, 0x0000000000000004 | 1.42 1.31 1.28 | cpu  647309717 5686598 34166164 6049176664 364326 0 480000 0 0 0
1791333501 2692, 13801, 78, 0x0000000000000004 | 1.39 1.31 1.27 | cpu  647309839 5686598 34166209 6049190667 364328 0 480000 0 0 0
1791333502 2595, 13801, 76, 0x0000000000000004 | 1.39 1.31 1.27 | cpu  647309968 5686598 34166309 6049204629 364328 0 480000 0 0 0
1791333503 2685, 13801, 77, 0x0000000000000004 | 1.39 1.31 1.27 | cpu  647310081 5686598 34166331 6049218562 364328 0 480000 0 0 0
1791333504 2677, 13801, 77, 0x0000000000000004 | 1.39 1.31 1.27 | cpu  647310194 5686599 34166359 6049232581 364328 0 480000 0 0 0
1791333505 2700, 13801, 78, 0x0000000000000004 | 1.39 1.31 1.27 | cpu  647310314 5686599 34166392 6049246587 364329 0 480000 0 0 0
1791333506 2640, 13801, 77, 0x0000000000000004 | 1.36 1.30 1.27 | cpu  647310427 5686599 34166422 6049260630 364329 0 480000 0 0 0
1791333507 2632, 13801, 76, 0x0000000000000004 | 1.36 1.30 1.27 | cpu  647310543 5686599 34166449 6049274699 364329 0 480000 0 0 0
1791333508 2782, 13801, 76, 0x0000000000000004 | 1.36 1.30 1.27 | cpu  647310662 5686599 34166509 6049288719 364329 0 480000 0 0 0
1791333510 2595, 13801, 77, 0x0000000000000004 | 1.36 1.30 1.27 | cpu  647310776 5686599 34166538 6049302779 364329 0 480000 0 0 0
1791333511 2767, 13801, 77, 0x0000000000000004 | 1.33 1.30 1.27 | cpu  647310892 5686599 34166567 6049316868 364329 0 480000 0 0 0
1791333512 2737, 13801, 77, 0x0000000000000004 | 1.33 1.30 1.27 | cpu  647311012 5686599 34166601 6049330926 364329 0 480000 0 0 0
1791333513 2767, 13801, 76, 0x0000000000000004 | 1.33 1.30 1.27 | cpu  647311129 5686599 34166631 6049345026 364333 0 480000 0 0 0
1791333514 2700, 13801, 77, 0x0000000000000004 | 1.33 1.30 1.27 | cpu  647311243 5686599 34166659 6049359037 364333 0 480000 0 0 0
1791333515 2587, 13801, 77, 0x0000000000000004 | 1.33 1.30 1.27 | cpu  647311356 5686599 34166684 6049372925 364333 0 480000 0 0 0
1791333516 2670, 13801, 76, 0x0000000000000004 | 1.38 1.31 1.28 | cpu  647311475 5686599 34166721 6049387047 364333 0 480000 0 0 0
1791333517 2595, 13801, 77, 0x0000000000000004 | 1.38 1.31 1.28 | cpu  647311588 5686599 34166746 6049401094 364333 0 480000 0 0 0
1791333518 2782, 13801, 78, 0x0000000000000004 | 1.38 1.31 1.28 | cpu  647311702 5686599 34166773 6049415155 364333 0 480000 0 0 0
1791333520 2715, 13801, 77, 0x0000000000000004 | 1.38 1.31 1.28 | cpu  647311816 5686599 34166804 6049429233 364333 0 480000 0 0 0
1791333521 2580, 13801, 76, 0x0000000000000004 | 1.35 1.30 1.27 | cpu  647311930 5686599 34166829 6049443313 364333 0 480000 0 0 0
1791333522 2730, 13801, 76, 0x0000000000000004 | 1.35 1.30 1.27 | cpu  647312045 5686599 34166861 6049457365 364333 0 480001 0 0 0
1791333523 2587, 13801, 77, 0x0000000000000004 | 1.35 1.30 1.27 | cpu  647312164 5686599 34166888 6049471379 364333 0 480001 0 0 0
1791333524 2767, 13801, 77, 0x0000000000000004 | 1.35 1.30 1.27 | cpu  647312281 5686599 34166924 6049485548 364333 0 480001 0 0 0
1791333525 2610, 13801, 76, 0x0000000000000004 | 1.35 1.30 1.27 | cpu  647312397 5686599 34166951 6049499585 364333 0 480001 0 0 0
1791333526 2775, 13801, 78, 0x0000000000000004 | 1.32 1.30 1.27 | cpu  647312512 5686599 34166983 6049513647 364333 0 480001 0 0 0
1791333527 2685, 13801, 78, 0x0000000000000004 | 1.32 1.30 1.27 | cpu  647312622 5686599 34167013 6049527709 364333 0 480001 0 0 0
1791333528 2617, 13801, 77, 0x0000000000000004 | 1.32 1.30 1.27 | cpu  647312738 5686599 34167039 6049541759 364333 0 480001 0 0 0
1791333529 2625, 13801, 77, 0x0000000000000004 | 1.32 1.30 1.27 | cpu  647312856 5686599 34167071 6049555654 364333 0 480001 0 0 0
1791333531 2595, 13801, 76, 0x0000000000000004 | 1.30 1.29 1.27 | cpu  647312970 5686599 34167095 6049569697 364333 0 480001 0 0 0
1791333532 2782, 13801, 76, 0x0000000000000004 | 1.30 1.29 1.27 | cpu  647313086 5686599 34167126 6049583693 364333 0 480001 0 0 0
1791333533 2692, 13801, 76, 0x0000000000000004 | 1.30 1.29 1.27 | cpu  647313199 5686599 34167157 6049597748 364333 0 480001 0 0 0
1791333534 2647, 13801, 77, 0x0000000000000004 | 1.30 1.29 1.27 | cpu  647313319 5686599 34167185 6049611783 364333 0 480002 0 0 0
1791333535 2602, 13801, 75, 0x0000000000000000 | 1.30 1.29 1.27 | cpu  647313434 5686599 34167218 6049625879 364333 0 480002 0 0 0
1791333536 2587, 13801, 76, 0x0000000000000004 | 1.27 1.29 1.27 | cpu  647313549 5686599 34167245 6049639687 364333 0 480002 0 0 0
1791333537 2610, 13801, 78, 0x0000000000000004 | 1.27 1.29 1.27 | cpu  647313742 5686599 34167294 6049653749 364335 0 480002 0 0 0
1791333538 2587, 13801, 76, 0x0000000000000004 | 1.27 1.29 1.27 | cpu  647313982 5686599 34167386 6049667509 364335 0 480002 0 0 0
1791333539 2782, 13801, 78, 0x0000000000000004 | 1.27 1.29 1.27 | cpu  647314703 5686599 34167772 6049680550 364335 0 480002 0 0 0
1791333541 2752, 13801, 77, 0x0000000000000004 | 1.33 1.30 1.27 | cpu  647314818 5686599 34167809 6049694602 364335 0 480002 0 0 0
1791333542 2767, 13801, 77, 0x0000000000000004 | 1.33 1.30 1.27 | cpu  647314934 5686599 34167837 6049708426 364337 0 480003 0 0 0
1791333543 2752, 13801, 77, 0x0000000000000004 | 1.33 1.30 1.27 | cpu  647315046 5686599 34167869 6049722483 364337 0 480003 0 0 0
1791333544 2595, 13801, 76, 0x0000000000000004 | 1.33 1.30 1.27 | cpu  647315161 5686599 34167891 6049736526 364337 0 480003 0 0 0
1791333545 2805, 13801, 75, 0x0000000000000004 | 1.33 1.30 1.27 | cpu  647315276 5686599 34167919 6049750601 364337 0 480003 0 0 0
1791333546 2677, 13801, 76, 0x0000000000000004 | 1.30 1.29 1.27 | cpu  647315396 5686599 34167956 6049764600 364337 0 480003 0 0 0
1791333547 2760, 13801, 78, 0x0000000000000004 | 1.30 1.29 1.27 | cpu  647315510 5686599 34167985 6049778686 364342 0 480003 0 0 0
1791333548 2737, 13801, 77, 0x0000000000000004 | 1.30 1.29 1.27 | cpu  647315624 5686600 34168014 6049792760 364342 0 480003 0 0 0
1791333549 2595, 13801, 76, 0x0000000000000004 | 1.30 1.29 1.27 | cpu  647315740 5686600 34168043 6049806853 364342 0 480003 0 0 0
1791333551 2760, 13801, 77, 0x0000000000000004 | 1.28 1.29 1.27 | cpu  647315851 5686600 34168070 6049820848 364342 0 480003 0 0 0
1791333552 2587, 13801, 77, 0x0000000000000004 | 1.28 1.29 1.27 | cpu  647315968 5686600 34168101 6049834935 364342 0 480003 0 0 0
1791333553 2767, 13801, 76, 0x0000000000000004 | 1.28 1.29 1.27 | cpu  647316082 5686600 34168128 6049849013 364342 0 480003 0 0 0
1791333554 2617, 13801, 77, 0x0000000000000004 | 1.28 1.29 1.27 | cpu  647316195 5686600 34168152 6049863065 364342 0 480003 0 0 0
1791333555 2685, 13801, 77, 0x0000000000000004 | 1.28 1.29 1.27 | cpu  647316331 5686600 34168189 6049877090 364342 0 480003 0 0 0
1791333556 2595, 13801, 77, 0x0000000000000004 | 1.26 1.28 1.27 | cpu  647316451 5686600 34168224 6049891178 364342 0 480004 0 0 0
1791333557 2625, 13801, 78, 0x0000000000000004 | 1.26 1.28 1.27 | cpu  647316575 5686600 34168300 6049905211 364342 0 480005 0 0 0
1791333558 2715, 13801, 77, 0x0000000000000004 | 1.26 1.28 1.27 | cpu  647316695 5686600 34168402 6049919377 364342 0 480005 0 0 0
1791333559 2587, 13801, 77, 0x0000000000000004 | 1.26 1.28 1.27 | cpu  647316810 5686600 34168427 6049933476 364342 0 480005 0 0 0
1791333561 2782, 13801, 78, 0x0000000000000004 | 1.24 1.28 1.27 | cpu  647316925 5686600 34168456 6049947535 364342 0 480005 0 0 0
1791333562 2610, 13801, 77, 0x0000000000000004 | 1.24 1.28 1.27 | cpu  647317039 5686600 34168486 6049961445 364342 0 480005 0 0 0
1791333563 2745, 13801, 77, 0x0000000000000004 | 1.24 1.28 1.27 | cpu  647317154 5686600 34168508 6049975466 364342 0 480005 0 0 0
1791333564 2662, 13801, 77, 0x0000000000000004 | 1.24 1.28 1.27 | cpu  647317271 5686600 34168540 6049989291 364342 0 480005 0 0 0
1791333565 2587, 13801, 77, 0x0000000000000004 | 1.24 1.28 1.27 | cpu  647317390 5686600 34168574 6050003289 364342 0 480005 0 0 0
1791333566 2760, 13801, 78, 0x0000000000000004 | 1.22 1.27 1.27 | cpu  647317507 5686600 34168607 6050017582 364342 0 480005 0 0 0
1791333567 2595, 13801, 76, 0x0000000000000004 | 1.22 1.27 1.27 | cpu  647317622 5686600 34168635 6050031636 364342 0 480005 0 0 0
1791333568 2752, 13801, 77, 0x0000000000000004 | 1.22 1.27 1.27 | cpu  647317747 5686600 34168670 6050045690 364342 0 480005 0 0 0
1791333569 2662, 13801, 77, 0x0000000000000004 | 1.22 1.27 1.27 | cpu  647317861 5686600 34168699 6050059746 364342 0 480005 0 0 0
1791333571 2595, 13801, 77, 0x0000000000000004 | 1.36 1.30 1.27 | cpu  647317978 5686600 34168727 6050073797 364342 0 480006 0 0 0
1791333572 2797, 13801, 77, 0x0000000000000004 | 1.36 1.30 1.27 | cpu  647318091 5686600 34168758 6050087832 364342 0 480006 0 0 0
1791333573 2617, 13801, 77, 0x0000000000000004 | 1.36 1.30 1.27 | cpu  647318204 5686600 34168790 6050101882 364342 0 480006 0 0 0
1791333574 2760, 13801, 78, 0x0000000000000004 | 1.36 1.30 1.27 | cpu  647318322 5686600 34168822 6050115912 364346 0 480006 0 0 0
1791333575 2647, 13801, 77, 0x0000000000000004 | 1.36 1.30 1.27 | cpu  647318437 5686600 34168855 6050129991 364346 0 480006 0 0 0
1791333576 2625, 13801, 77, 0x0000000000000004 | 1.33 1.30 1.27 | cpu  647318553 5686600 34168884 6050144011 364346 0 480006 0 0 0
1791333577 2587, 13801, 76, 0x0000000000000004 | 1.33 1.30 1.27 | cpu  647318667 5686600 34168913 6050157867 364346 0 480006 0 0 0
1791333578 2625, 13801, 78, 0x0000000000000004 | 1.33 1.30 1.27 | cpu  647318785 5686600 34168942 6050171874 364349 0 480006 0 0 0
1791333579 2610, 13801, 75, 0x0000000000000004 | 1.33 1.30 1.27 | cpu  647318904 5686600 34168979 6050185932 364349 0 480006 0 0 0
1791333580 2587, 13801, 76, 0x0000000000000004 | 1.30 1.29 1.27 | cpu  647319025 5686600 34169017 6050200058 364349 0 480006 0 0 0
1791333582 2782, 13801, 77, 0x0000000000000004 | 1.30 1.29 1.27 | cpu  647319143 5686600 34169046 6050214069 364349 0 480006 0 0 0
1791333583 2595, 13801, 78, 0x0000000000000004 | 1.30 1.29 1.27 | cpu  647319256 5686600 34169078 6050228106 364349 0 480006 0 0 0
1791333584 2760, 13801, 78, 0x0000000000000004 | 1.30 1.29 1.27 | cpu  647319371 5686600 34169102 6050242151 364349 0 480006 0 0 0
1791333585 2730, 13801, 77, 0x0000000000000004 | 1.30 1.29 1.27 | cpu  647319486 5686600 34169138 6050256284 364349 0 480006 0 0 0
1791333586 2602, 13801, 77, 0x0000000000000004 | 1.28 1.29 1.27 | cpu  647319607 5686600 34169193 6050270145 364349 0 480006 0 0 0
1791333587 2782, 13801, 77, 0x0000000000000004 | 1.28 1.29 1.27 | cpu  647319723 5686600 34169226 6050284230 364349 0 480007 0 0 0
1791333588 2595, 13801, 77, 0x0000000000000004 | 1.28 1.29 1.27 | cpu  647319840 5686600 34169254 6050298270 364349 0 480007 0 0 0
1791333589 2752, 13801, 77, 0x0000000000000004 | 1.28 1.29 1.27 | cpu  647319960 5686600 34169290 6050312324 364349 0 480007 0 0 0
1791333590 2670, 13801, 77, 0x0000000000000004 | 1.26 1.28 1.27 | cpu  647320075 5686600 34169322 6050326418 364349 0 480007 0 0 0
1791333592 2580, 13801, 76, 0x0000000000000004 | 1.26 1.28 1.27 | cpu  647320196 5686600 34169357 6050340482 364349 0 480007 0 0 0
1791333593 2730, 13801, 77, 0x0000000000000004 | 1.26 1.28 1.27 | cpu  647320394 5686600 34169430 6050354313 364349 0 480007 0 0 0
1791333594 2587, 13801, 78, 0x0000000000000004 | 1.26 1.28 1.27 | cpu  647320532 5686600 34169473 6050368303 364349 0 480008 0 0 0
1791333595 2730, 13801, 77, 0x0000000000000004 | 1.26 1.28 1.27 | cpu  647320644 5686600 34169502 6050382281 364349 0 480008 0 0 0
1791333596 2587, 13801, 76, 0x0000000000000004 | 1.32 1.30 1.27 | cpu  647320766 5686600 34169535 6050396285 364350 0 480008 0 0 0
1791333597 2767, 13801, 77, 0x0000000000000004 | 1.32 1.30 1.27 | cpu  647320907 5686600 34169587 6050410322 364350 0 480008 0 0 0
1791333598 2602, 13801, 77, 0x0000000000000004 | 1.32 1.30 1.27 | cpu  647321028 5686600 34169668 6050424354 364350 0 480008 0 0 0
1791333599 2722, 13801, 77, 0x0000000000000004 | 1.32 1.30 1.27 | cpu  647321143 5686600 34169693 6050438367 364350 0 480008 0 0 0
1791333600 2670, 13801, 76, 0x0000000000000004 | 1.37 1.31 1.28 | cpu  647321257 5686600 34169723 6050452377 364350 0 480008 0 0 0
1791333602 2602, 13801, 76, 0x0000000000000004 | 1.37 1.31 1.28 | cpu  647321402 5686600 34169788 6050466395 364350 0 480008 0 0 0
1791333603 2715, 13801, 78, 0x0000000000000004 | 1.37 1.31 1.28 | cpu  647321549 5686601 34169844 6050480401 364350 0 480008 0 0 0
1791333604 2587, 13801, 76, 0x0000000000000004 | 1.37 1.31 1.28 | cpu  647321663 5686601 34169872 6050494448 364350 0 480008 0 0 0
1791333605 2760, 13801, 77, 0x0000000000000004 | 1.37 1.31 1.28 | cpu  647321784 5686601 34169905 6050508564 364350 0 480008 0 0 0
1791333606 2722, 13801, 77, 0x0000000000000004 | 1.34 1.30 1.27 | cpu  647321897 5686601 34169933 6050522590 364350 0 480008 0 0 0
1791333607 2595, 13801, 77, 0x0000000000000004 | 1.34 1.30 1.27 | cpu  647322012 5686601 34169964 6050536604 364350 0 480008 0 0 0
1791333608 2692, 13801, 78, 0x0000000000000004 | 1.34 1.30 1.27 | cpu  647322125 5686601 34169988 6050550678 364350 0 480008 0 0 0
1791333609 2595, 13801, 78, 0x0000000000000004 | 1.34 1.30 1.27 | cpu  647322239 5686601 34170016 6050564677 364350 0 480008 0 0 0
1791333610 2767, 13801, 77, 0x0000000000000004 | 1.39 1.31 1.28 | cpu  647322356 5686601 34170044 6050578822 364350 0 480008 0 0 0
1791333612 2610, 13801, 77, 0x0000000000000004 | 1.39 1.31 1.28 | cpu  647322472 5686601 34170075 6050592885 364350 0 480008 0 0 0
1791333613 2842, 13801, 76, 0x0000000000000004 | 1.39 1.31 1.28 | cpu  647322592 5686601 34170111 6050606869 364350 0 480008 0 0 0
1791333614 2737, 13801, 78, 0x0000000000000004 | 1.39 1.31 1.28 | cpu  647322710 5686601 34170142 6050621004 364350 0 480008 0 0 0
1791333615 2587, 13801, 76, 0x0000000000000004 | 1.39 1.31 1.28 | cpu  647322823 5686601 34170170 6050635009 364350 0 480008 0 0 0
1791333616 2767, 13801, 77, 0x0000000000000004 | 1.44 1.33 1.28 | cpu  647322938 5686601 34170197 6050649146 364350 0 480008 0 0 0
1791333617 2610, 13801, 77, 0x0000000000000004 | 1.44 1.33 1.28 | cpu  647323055 5686601 34170233 6050663191 364350 0 480008 0 0 0
1791333618 2767, 13801, 77, 0x0000000000000004 | 1.44 1.33 1.28 | cpu  647323172 5686601 34170261 6050677293 364350 0 480008 0 0 0
1791333619 2625, 13801, 76, 0x0000000000000004 | 1.44 1.33 1.28 | cpu  647323289 5686601 34170290 6050691298 364350 0 480008 0 0 0
1791333620 2647, 13801, 77, 0x0000000000000004 | 1.41 1.32 1.28 | cpu  647323412 5686601 34170330 6050705414 364350 0 480008 0 0 0
1791333622 2610, 13801, 75, 0x0000000000000000 | 1.41 1.32 1.28 | cpu  647323528 5686601 34170460 6050719196 364350 0 480008 0 0 0
1791333623 2580, 13801, 76, 0x0000000000000004 | 1.41 1.32 1.28 | cpu  647323644 5686601 34170496 6050733237 364350 0 480009 0 0 0
1791333624 2647, 13801, 78, 0x0000000000000004 | 1.41 1.32 1.28 | cpu  647323757 5686601 34170523 6050747423 364350 0 480009 0 0 0
1791333625 2587, 13801, 77, 0x0000000000000004 | 1.41 1.32 1.28 | cpu  647323873 5686601 34170550 6050761475 364350 0 480009 0 0 0
1791333626 2752, 13801, 78, 0x0000000000000004 | 1.37 1.31 1.28 | cpu  647323994 5686601 34170582 6050775538 364350 0 480009 0 0 0
1791333627 2730, 13801, 77, 0x0000000000000004 | 1.37 1.31 1.28 | cpu  647324109 5686601 34170614 6050789595 364350 0 480009 0 0 0
1791333628 2700, 13801, 77, 0x0000000000000004 | 1.37 1.31 1.28 | cpu  647324230 5686601 34170645 6050803635 364351 0 480009 0 0 0
1791333629 2602, 13801, 77, 0x0000000000000004 | 1.37 1.31 1.28 | cpu  647324350 5686601 34170696 6050817669 364351 0 480010 0 0 0
1791333630 2655, 13801, 77, 0x0000000000000004 | 1.34 1.31 1.28 | cpu  647324473 5686601 34170776 6050831645 364351 0 480010 0 0 0
1791333632 2752, 13801, 77, 0x0000000000000004 | 1.34 1.31 1.28 | cpu  647324589 5686601 34170804 6050845689 364351 0 480010 0 0 0
1791333633 2692, 13801, 77, 0x0000000000000004 | 1.34 1.31 1.28 | cpu  647324703 5686601 34170835 6050859730 364351 0 480010 0 0 0
1791333634 2782, 13801, 78, 0x0000000000000004 | 1.34 1.31 1.28 | cpu  647324820 5686601 34170866 6050873818 364355 0 480010 0 0 0
1791333635 2730, 13801, 77, 0x0000000000000004 | 1.34 1.31 1.28 | cpu  647324932 5686601 34170891 6050887859 364355 0 480010 0 0 0
1791333636 2595, 13801, 77, 0x0000000000000004 | 1.32 1.30 1.27 | cpu  647325048 5686601 34170920 6050901919 364355 0 480010 0 0 0
1791333637 2767, 13801, 77, 0x0000000000000004 | 1.32 1.30 1.27 | cpu  647325168 5686601 34170955 6050915959 364355 0 480010 0 0 0
1791333638 2595, 13801, 77, 0x0000000000000004 | 1.32 1.30 1.27 | cpu  647325283 5686601 34170982 6050930043 364355 0 480010 0 0 0
1791333639 2797, 13801, 75, 0x0000000000000004 | 1.32 1.30 1.27 | cpu  647325397 5686601 34171006 6050944081 364355 0 480010 0 0 0
1791333640 2670, 13801, 77, 0x0000000000000004 | 1.29 1.30 1.27 | cpu  647325508 5686601 34171036 6050957888 364355 0 480010 0 0 0
1791333641 2587, 13801, 78, 0x0000000000000004 | 1.29 1.30 1.27 | cpu  647325622 5686601 34171067 6050971927 364355 0 480010 0 0 0
1791333643 2640, 13801, 77, 0x0000000000000004 | 1.29 1.30 1.27 | cpu  647325737 5686601 34171098 6050986009 364355 0 480010 0 0 0
1791333644 2595, 13801, 78, 0x0000000000000004 | 1.29 1.30 1.27 | cpu  647325852 5686601 34171126 6051000119 364355 0 480010 0 0 0
1791333645 2760, 13801, 78, 0x0000000000000004 | 1.29 1.30 1.27 | cpu  647325973 5686601 34171156 6051014209 364355 0 480011 0 0 0
1791333646 2707, 13801, 77, 0x0000000000000004 | 1.35 1.31 1.28 | cpu  647326096 5686601 34171261 6051028201 364355 0 480011 0 0 0
1791333647 2647, 13801, 77, 0x0000000000000004 | 1.35 1.31 1.28 | cpu  647326213 5686601 34171287 6051042241 364355 0 480012 0 0 0
1791333648 2655, 13801, 78, 0x0000000000000004 | 1.35 1.31 1.28 | cpu  647326332 5686601 34171321 6051056333 364355 0 480012 0 0 0
1791333649 2587, 13801, 77, 0x0000000000000004 | 1.35 1.31 1.28 | cpu  647326447 5686601 34171346 6051070396 364355 0 480012 0 0 0
1791333650 2602, 13801, 77, 0x0000000000000004 | 1.40 1.32 1.28 | cpu  647326560 5686601 34171373 6051084476 364355 0 480012 0 0 0
1791333651 2595, 13801, 77, 0x0000000000000004 | 1.40 1.32 1.28 | cpu  647326675 5686601 34171404 6051098589 364355 0 480012 0 0 0
1791333653 2752, 13801, 77, 0x0000000000000004 | 1.40 1.32 1.28 | cpu  647326791 5686601 34171431 6051112720 364355 0 480012 0 0 0
1791333654 2625, 13801, 77, 0x0000000000000004 | 1.40 1.32 1.28 | cpu  647326904 5686601 34171456 6051126787 364355 0 480012 0 0 0
1791333655 2715, 13801, 77, 0x0000000000000004 | 1.40 1.32 1.28 | cpu  647327024 5686601 34171489 6051140853 364355 0 480013 0 0 0
1791333656 2752, 13801, 78, 0x0000000000000004 | 1.37 1.32 1.28 | cpu  647327142 5686601 34171519 6051154908 364355 0 480013 0 0 0
1791333657 2752, 13801, 77, 0x0000000000000004 | 1.37 1.32 1.28 | cpu  647327260 5686601 34171554 6051168941 364355 0 480013 0 0 0
1791333658 2745, 13801, 77, 0x0000000000000004 | 1.37 1.32 1.28 | cpu  647327385 5686601 34171596 6051182994 364355 0 480013 0 0 0
1791333659 2752, 13801, 77, 0x0000000000000004 | 1.37 1.32 1.28 | cpu  647327507 5686601 34171622 6051197042 364355 0 480013 0 0 0
1791333660 2752, 13801, 77, 0x0000000000000004 | 1.50 1.34 1.29 | cpu  647327649 5686601 34171656 6051211094 364355 0 480013 0 0 0
1791333661 2880, 13801, 69, 0x0000000000000000 | 1.50 1.34 1.29 | cpu  647327697 5686601 34171734 6051225037 364355 0 480013 0 0 0
1791333663 2880, 13801, 67, 0x0000000000000000 | 1.50 1.34 1.29 | cpu  647327746 5686601 34171814 6051238959 364355 0 480013 0 0 0
1791333664 2400, 13801, 65, 0x0000000000000000 | 1.50 1.34 1.29 | cpu  647327802 5686601 34171915 6051252888 364355 0 480013 0 0 0
1791333665 2400, 13801, 64, 0x0000000000000000 | 1.50 1.34 1.29 | cpu  647327852 5686601 34171986 6051266838 364356 0 480013 0 0 0
1791333666 2400, 13801, 64, 0x0000000000000000 | 1.46 1.34 1.29 | cpu  647327903 5686601 34172056 6051280808 364356 0 480013 0 0 0
1791333667 2400, 13801, 63, 0x0000000000000000 | 1.46 1.34 1.29 | cpu  647327950 5686601 34172135 6051294771 364356 0 480013 0 0 0
1791333668 2400, 13801, 62, 0x0000000000000000 | 1.46 1.34 1.29 | cpu  647327999 5686601 34172213 6051308743 364356 0 480013 0 0 0
1791333669 2400, 13801, 62, 0x0000000000000000 | 1.46 1.34 1.29 | cpu  647328045 5686602 34172288 6051322710 364356 0 480013 0 0 0
1791333670 2400, 13801, 61, 0x0000000000000000 | 1.46 1.34 1.29 | cpu  647328089 5686602 34172365 6051336667 364356 0 480013 0 0 0
1791333671 2400, 13801, 61, 0x0000000000000000 | 1.42 1.33 1.28 | cpu  647328144 5686602 34172450 6051350645 364356 0 480013 0 0 0
1791333672 2400, 13801, 60, 0x0000000000000000 | 1.42 1.33 1.28 | cpu  647328193 5686602 34172527 6051364599 364356 0 480013 0 0 0
1791333674 2400, 13801, 60, 0x0000000000000000 | 1.42 1.33 1.28 | cpu  647328241 5686602 34172604 6051378601 364356 0 480013 0 0 0
1791333675 2400, 13801, 59, 0x0000000000000000 | 1.42 1.33 1.28 | cpu  647328291 5686602 34172680 6051392585 364356 0 480013 0 0 0
1791333676 2400, 13801, 59, 0x0000000000000000 | 1.39 1.33 1.28 | cpu  647328338 5686602 34172756 6051406571 364356 0 480013 0 0 0
1791333677 2400, 13801, 59, 0x0000000000000000 | 1.39 1.33 1.28 | cpu  647328386 5686602 34172837 6051420567 364356 0 480013 0 0 0
1791333678 2400, 13801, 58, 0x0000000000000000 | 1.39 1.33 1.28 | cpu  647328443 5686602 34172920 6051434504 364356 0 480013 0 0 0
1791333679 2400, 13801, 58, 0x0000000000000000 | 1.39 1.33 1.28 | cpu  647328490 5686602 34172996 6051448456 364356 0 480013 0 0 0
1791333680 2400, 13801, 57, 0x0000000000000000 | 1.39 1.33 1.28 | cpu  647328545 5686602 34173073 6051462407 364356 0 480013 0 0 0
1791333681 2400, 13801, 57, 0x0000000000000000 | 1.36 1.32 1.28 | cpu  647328595 5686602 34173147 6051476379 364356 0 480013 0 0 0
1791333682 2400, 13801, 57, 0x0000000000000000 | 1.36 1.32 1.28 | cpu  647328654 5686602 34173233 6051490341 364356 0 480013 0 0 0
1791333684 2400, 13801, 57, 0x0000000000000000 | 1.36 1.32 1.28 | cpu  647328707 5686602 34173310 6051504283 364356 0 480013 0 0 0
1791333685 2400, 13801, 56, 0x0000000000000000 | 1.36 1.32 1.28 | cpu  647328760 5686602 34173446 6051518166 364356 0 480013 0 0 0
1791333686 2400, 13801, 56, 0x0000000000000000 | 1.33 1.32 1.28 | cpu  647328812 5686602 34173571 6051532086 364356 0 480013 0 0 0
1791333687 2400, 13801, 56, 0x0000000000000000 | 1.33 1.32 1.28 | cpu  647328884 5686602 34173625 6051546053 364356 0 480013 0 0 0
1791333688 2400, 13801, 55, 0x0000000000000000 | 1.33 1.32 1.28 | cpu  647328924 5686602 34173711 6051559978 364356 0 480013 0 0 0
1791333689 2400, 13801, 55, 0x0000000000000000 | 1.33 1.32 1.28 | cpu  647328983 5686602 34173772 6051573914 364356 0 480013 0 0 0
1791333690 2400, 13801, 55, 0x0000000000000000 | 1.33 1.32 1.28 | cpu  647329060 5686602 34173811 6051587444 364356 0 480013 0 0 0
