#Time         gpu     sm    mem    enc    dec    jpg    ofa  rxpci  txpci 
#HH:MM:SS     Idx      %      %      %      %      %      %   MB/s   MB/s 
 08:17:43       0      0      0      0      0      0      0      0      0 
 08:17:44       0      0      0      0      0      0      0      0      0 
 08:17:45       0      0      0      0      0      0      0      0      0 
 08:17:46       0      0      0      0      0      0      0      0      0 
 08:17:47       0      0      0      0      0      0      0      0     12 
 08:17:48       0      0      0      0      0      0      0      0      0 
 08:17:49       0      0      0      0      0      0      0      0      0 
 08:17:50       0      4      0      0      0      0      0   5962    519 
 08:17:51       0     18      2      0      0      0      0   3736    507 
 08:17:52       0     10      0      0      0      0      0      0     20 
 08:17:53       0     12      2      0      0      0      0   6293    548 
 08:17:54       0     14      2      0      0      0      0   5962    505 
 08:17:55       0      3      0      0      0      0      0   5962    531 
 08:17:56       0     20      2      0      0      0      0   6080    506 
 08:17:58       0     10      0      0      0      0      0   2705    519 
 08:17:59       0      5      0      0      0      0      0     82      2 
 08:18:00       0     10      0      0      0      0      0   5962    520 
 08:18:01       0      3      0      0      0      0      0   6128    564 
 08:18:02       0     12      2      0      0      0      0   6293    533 
 08:18:03       0     17      2      0      0      0      0   3202    564 
 08:18:04       0     21      2      0      0      0      0      0    308 
 08:18:05       0     11      0      0      0      0      0      0    122 
 08:18:06       0     10      0      0      0      0      0      0      0 
 08:18:07       0      5      0      0      0      0      0      0      0 
 08:18:08       0      1      0      0      0      0      0      0      0 
 08:18:09       0      9      0      0      0      0      0      0      0 
 08:18:10       0      0      0      0      0      0      0      0      0 
 08:18:11       0      0      0      0      0      0      0      0      0 
 08:18:12       0      1      0      0      0      0      0    884      0 
 08:18:13       0      2      0      0      0      0      0    222      0 
 08:18:14       0      1      0      0      0      0      0      0    973 
 08:18:15       0      2      0      0      0      0      0      0    896 
 08:18:16       0      2      0      0      0      0      0      0    975 
 08:18:17       0      5      0      0      0      0      0   1032     16 
 08:18:19       0      5      0      0      0      0      0      0      0 
 08:18:20       0      4      0      0      0      0      0      2   1064 
 08:18:21       0      3      0      0      0      0      0      1   1269 
 08:18:22       0      3      0      0      0      0      0      0   2128 
 08:18:23       0      0      0      0      0      0      0      7      2 
 08:18:24       0      3      0      0      0      0      0      0      0 
 08:18:25       0      0      0      0      0      0      0      0      0 
 08:18:26       0      1      0      0      0      0      0      0      0 
 08:18:27       0      2      0      0      0      0      0      0      2 
 08:18:28       0      2      0      0      0      0      0      0   2016 
#Time         gpu     sm    mem    enc    dec    jpg    ofa  rxpci  txpci 
#HH:MM:SS     Idx      %      %      %      %      %      %   MB/s   MB/s 
 08:18:29       0      0      0      0      0      0      0      0    226 
 08:18:30       0      0      0      0      0      0      0      0      0 
 08:18:31       0      0      0      0      0      0      0      0      2 
 08:18:32       0      0      0      0      0      0      0      0      0 
 08:18:33       0      4      0      0      0      0      0      0      2 
 08:18:34       0      2      0      0      0      0      0      0      6 
 08:18:35       0      0      0      0      0      0      0      0      0 
 08:18:36       0      3      0      0      0      0      0      0      0 
 08:18:38       0      3      0      0      0      0      0      0      0 
 08:18:39       0      2      0      0      0      0      0      0      2 
 08:18:40       0      0      0      0      0      0      0      0    448 
 08:18:41       0      1      0      0      0      0      0      0   2130 
 08:18:42       0      2      0      0      0      0      0      0   2128 
 08:18:43       0      0      0      0      0      0      0      0      0 
 08:18:44       0      3      0      0      0      0      0      0      8 
 08:18:45       0      0      0      0      0      0      0      1     15 
 08:18:46       0      1      0      0      0      0      0      1    672 
 08:18:47       0      4      0      0      0      0      0      0   2184 
 08:18:48       0      1      0      0      0      0      0      0    168 
 08:18:49       0      2      0      0      0      0      0      0   1232 
 08:18:50       0      1      0      0      0      0      0      0   1960 
 08:18:51       0      1      0      0      0      0      0      0      0 
 08:18:52       0      0      0      0      0      0      0      0      0 
 08:18:53       0      0      0      0      0      0      0      0      0 
 08:18:54       0      2      0      0      0      0      0      9   1178 
 08:18:55       0      2      0      0      0      0      0      0   1456 
 08:18:56       0      0      0      0      0      0      0      1   2184 
 08:18:57       0      1      0      0      0      0      0      0      0 
 08:18:58       0      0      0      0      0      0      0      0      0 
 08:19:00       0      0      0      0      0      0      0      0      0 
 08:19:01       0      1      0      0      0      0      0      0      1 
 08:19:02       0      0      0      0      0      0      0      0      0 
 08:19:03       0      4      0      0      0      0      0      0      2 
 08:19:04       0      2      0      0      0      0      0      6      0 
 08:19:05       0      0      0      0      0      0      0      0      2 
 08:19:06       0      4      0      0      0      0      0      0      0 
 08:19:07       0      2      0      0      0      0      0      0      2 
 08:19:08       0      2      0      0      0      0      0      0   2184 
 08:19:09       0      0      0      0      0      0      0      0   2128 
 08:19:10       0      1      0      0      0      0      0      0   2184 
 08:19:11       0      2      0      0      0      0      0      0   2184 
 08:19:12       0      0      0      0      0      0      0      0    672 
 08:19:13       0      4      0      0      0      0      0      0   2185 
 08:19:14       0      1      0      0      0      0      0     12      0 
#Time         gpu     sm    mem    enc    dec    jpg    ofa  rxpci  txpci 
#HH:MM:SS     Idx      %      %      %      %      %      %   MB/s   MB/s 
 08:19:15       0      3      0      0      0      0      0      0      0 
 08:19:16       0      2      0      0      0      0      0      0      0 
 08:19:17       0      2      0      0      0      0      0      0   1234 
 08:19:18       0      1      0      0      0      0      0      0    392 
 08:19:19       0      1      0      0      0      0      0      0      2 
 08:19:21       0     83     17      0      0      0      0     60     11 
 08:19:22       0     82     14      0      0      0      0     53     12 
 08:19:23       0     66     13      0      0      0      0     59     13 
 08:19:24       0     98     20      0      0      0      0     55     13 
 08:19:25       0     98     27      0      0      0      0     56     26 
 08:19:26       0     97     19      0      0      0      0     66     14 
 08:19:27       0     98     27      0      0      0      0     28      8 
 08:19:28       0     98     28      0      0      0      0     42     13 
 08:19:29       0     98     22      0      0      0      0     51      7 
 08:19:30       0     63     11      0      0      0      0     53     11 
 08:19:31       0     97     23      0      0      0      0     58     12 
 08:19:32       0     90     23      0      0      0      0     81     61 
 08:19:33       0     81     16      0      0      0      0     59     14 
 08:19:34       0     79     22      0      0      0      0     54     12 
 08:19:35       0     85     21      0      0      0      0     55      8 
 08:19:36       0     95     19      0      0      0      0     42     12 
 08:19:37       0     95     23      0      0      0      0     49     13 
 08:19:38       0     85     22      0      0      0      0     54     11 
 08:19:39       0     97     21      0      0      0      0     55     14 
 08:19:40       0     97     26      0      0      0      0     55     11 
 08:19:41       0     97     25      0      0      0      0     31      5 
 08:19:43       0     49      9      0      0      0      0     57     22 
 08:19:44       0     71     16      0      0      0      0     39     26 
 08:19:45       0     95     27      0      0      0      0     48     10 
 08:19:46       0     98     29      0      0      0      0      0      0 
 08:19:47       0      0      0      0      0      0      0      0      0 
 08:19:48       0      0      0      0      0      0      0      0      0 
 08:19:49       0      0      0      0      0      0      0      0      0 
 08:19:50       0      0      0      0      0      0      0      0      0 
 08:19:51       0      0      0      0      0      0      0      0      0 
 08:19:52       0      0      0      0      0      0      0      0      8 
 08:19:53       0      0      0      0      0      0      0      0      0 
 08:19:54       0      0      0      0      0      0      0      0      0 
 08:19:55       0      0      0      0      0      0      0      0      0 
 08:19:56       0      0      0      0      0      0      0      0      0 
 08:19:57       0      0      0      0      0      0      0      0      1 
 08:19:58       0      0      0      0      0      0      0      0      0 
 08:19:59       0      0      0      0      0      0      0      0      3 
 08:20:00       0      0      0      0      0      0      0      0      0 
#Time         gpu     sm    mem    enc    dec    jpg    ofa  rxpci  txpci 
#HH:MM:SS     Idx      %      %      %      %      %      %   MB/s   MB/s 
 08:20:01       0      0      0      0      0      0      0      0      2 
 08:20:02       0      0      0      0      0      0      0      4      1 
 08:20:03       0      0      0      0      0      0      0     10      3 
 08:20:05       0      0      0      0      0      0      0      2      0 
 08:20:06       0      0      0      0      0      0      0      0      0 
 08:20:07       0      0      0      0      0      0      0      0      0 
 08:20:08       0      0      0      0      0      0      0      0      0 
 08:20:09       0      0      0      0      0      0      0      0      0 
 08:20:10       0      0      0      0      0      0      0      1      0 
 08:20:11       0      0      0      0      0      0      0      0      0 
 08:20:12       0      0      0      0      0      0      0      0      0 
 08:20:13       0      0      0      0      0      0      0      0      0 
 08:20:14       0      0      0      0      0      0      0      0      0 
 08:20:15       0      0      0      0      0      0      0     10      2 
 08:20:16       0      0      0      0      0      0      0      0      0 
 08:20:17       0      0      0      0      0      0      0      0      0 
 08:20:18       0      0      0      0      0      0      0     10      0 
 08:20:19       0      0      0      0      0      0      0      2      0 
 08:20:20       0      0      0      0      0      0      0      0      0 
 08:20:21       0      0      0      0      0      0      0      0      0 
 08:20:22       0      0      0      0      0      0      0      0      0 
 08:20:23       0      0      0      0      0      0      0      0      2 
 08:20:24       0      0      0      0      0      0      0      1     12 
 08:20:26       0      0      0      0      0      0      0      0      2 
 08:20:27       0      0      0      0      0      0      0      0      0 
 08:20:28       0      0      0      0      0      0      0      0      2 
 08:20:29       0      0      0      0      0      0      0      0      0 
 08:20:30       0      0      0      0      0      0      0      0      2 
 08:20:31       0      0      0      0      0      0      0      9      0 
 08:20:32       0      0      0      0      0      0      0      2      0 
 08:20:33       0      0      0      0      0      0      0      0      0 
 08:20:34       0      0      0      0      0      0      0     10      2 
 08:20:35       0      0      0      0      0      0      0      0      0 
 08:20:36       0      0      0      0      0      0      0      0      0 
 08:20:37       0      0      0      0      0      0      0      0      0 
 08:20:38       0      0      0      0      0      0      0      0     12 
 08:20:39       0      0      0      0      0      0      0      2      0 
 08:20:40       0      0      0      0      0      0      0      0      0 
 08:20:41       0      0      0      0      0      0      0      0      2 
 08:20:42       0      0      0      0      0      0      0      4      0 
 08:20:43       0      0      0      0      0      0      0      0      5 
 08:20:44       0      0      0      0      0      0      0      0      0 
 08:20:45       0      0      0      0      0      0      0      0      1 
 08:20:46       0      0      0      0      0      0      0      0      0 
#Time         gpu     sm    mem    enc    dec    jpg    ofa  rxpci  txpci 
#HH:MM:SS     Idx      %      %      %      %      %      %   MB/s   MB/s 
 08:20:48       0      0      0      0      0      0      0      0      2 
 08:20:49       0      0      0      0      0      0      0      0      0 
 08:20:50       0      0      0      0      0      0      0      0      0 
 08:20:51       0      0      0      0      0      0      0      0      0 
 08:20:52       0      0      0      0      0      0      0      0      0 
 08:20:53       0      0      0      0      0      0      0      2      0 
 08:20:54       0      0      0      0      0      0      0      2     12 
 08:20:55       0      0      0      0      0      0      0      0      0 
 08:20:56       0      0      0      0      0      0      0      0      0 
 08:20:57       0      0      0      0      0      0      0      0      0 
 08:20:58       0      0      0      0      0      0      0      0      0 
 08:20:59       0      0      0      0      0      0      0     10      0 
 08:21:00       0      0      0      0      0      0      0     10      0 
 08:21:01       0      0      0      0      0      0      0     10      0 
 08:21:02       0      0      0      0      0      0      0      0      0 
 08:21:03       0      0      0      0      0      0      0      0      2 
 08:21:04       0      0      0      0      0      0      0      3     10 
 08:21:05       0      0      0      0      0      0      0      8      3 
 08:21:06       0      0      0      0      0      0      0      0      0 
 08:21:07       0      0      0      0      0      0      0      0      2 
 08:21:08       0      0      0      0      0      0      0      0      0 
 08:21:10       0      0      0      0      0      0      0      0      0 
 08:21:11       0      0      0      0      0      0      0      0      0 
 08:21:12       0      0      0      0      0      0      0      0      0 
 08:21:13       0      0      0      0      0      0      0      0      0 
 08:21:14       0      0      0      0      0      0      0      0      6 
 08:21:15       0      0      0      0      0      0      0      0      0 
 08:21:16       0      0      0      0      0      0      0      0      0 
 08:21:17       0      0      0      0      0      0      0      0      0 
 08:21:18       0      0      0      0      0      0      0      0      2 
 08:21:19       0      0      0      0      0      0      0      0      0 
 08:21:20       0      0      0      0      0      0      0      0      2 
 08:21:21       0      0      0      0      0      0      0      9      0 
 08:21:22       0      0      0      0      0      0      0      0      0 
 08:21:23       0      0      0      0      0      0      0      0      0 
 08:21:24       0      0      0      0      0      0      0      4      0 
 08:21:25       0      0      0      0      0      0      0      0     13 
 08:21:26       0      0      0      0      0      0      0      0      0 
 08:21:27       0      0      0      0      0      0      0      0      0 
 08:21:28       0      0      0      0      0      0      0      0      0 
 08:21:29       0      0      0      0      0      0      0      0      2 
 08:21:30       0      0      0      0      0      0      0      0      0 
 08:21:32       0      0      0      0      0      0      0      0      2 
 08:21:33       0      0      0      0      0      0      0      2      0 
#Time         gpu     sm    mem    enc    dec    jpg    ofa  rxpci  txpci 
#HH:MM:SS     Idx      %      %      %      %      %      %   MB/s   MB/s 
 08:21:34       0      0      0      0      0      0      0      2      2 
 08:21:35       0     97     20      0      0      0      0     55     12 
 08:21:36       0     98     26      0      0      0      0     50     15 
 08:21:37       0     98     28      0      0      0      0     38     15 
 08:21:38       0     98     19      0      0      0      0     59     13 
 08:21:39       0     91     21      0      0      0      0     50      6 
 08:21:40       0     83     20      0      0      0      0     47     11 
 08:21:41       0     85     21      0      0      0      0      0      0 
 08:21:42       0      0      0      0      0      0      0      0      0 
 08:21:43       0      0      0      0      0      0      0      0      0 
 08:21:44       0      0      0      0      0      0      0      0      2 
 08:21:45       0      0      0      0      0      0      0      0      0 
 08:21:46       0      0      0      0      0      0      0      8      2 
 08:21:47       0      0      0      0      0      0      0      0      0 
 08:21:48       0      0      0      0      0      0      0      0      2 
 08:21:49       0      0      0      0      0      0      0      0      0 
 08:21:50       0      0      0      0      0      0      0      0      2 
 08:21:51       0      0      0      0      0      0      0      0      0 
 08:21:53       0      0      0      0      0      0      0      0      0 
 08:21:54       0     71     14      0      0      0      0     45     11 
 08:21:55       0     98     26      0      0      0      0     50     12 
 08:21:56       0     90     21      0      0      0      0     45     11 
 08:21:57       0     73     14      0      0      0      0     45     15 
 08:21:58       0     92     17      0      0      0      0     56     27 
 08:21:59       0     98     26      0      0      0      0     45     26 
 08:22:00       0     98     23      0      0      0      0     54     11 
 08:22:01       0     64     14      0      0      0      0     46     16 
 08:22:02       0     95     26      0      0      0      0     46     12 
 08:22:03       0     94     18      0      0      0      0     55     14 
 08:22:04       0     97     18      0      0      0      0     61     28 
 08:22:05       0     98     23      0      0      0      0     23      8 
 08:22:06       0     81     18      0      0      0      0     54     14 
 08:22:07       0     98     24      0      0      0      0     47     12 
 08:22:08       0     95     21      0      0      0      0     46     12 
 08:22:09       0     95     23      0      0      0      0      6      0 
 08:22:10       0     85     21      0      0      0      0     54     12 
 08:22:11       0     96     26      0      0      0      0     62     12 
 08:22:12       0     86     23      0      0      0      0     46     10 
 08:22:14       0     95     26      0      0      0      0     47     21 
 08:22:15       0     94     19      0      0      0      0     46     11 
 08:22:16       0     97     19      0      0      0      0     48     12 
 08:22:17       0     98     25      0      0      0      0     50     13 
 08:22:18       0     87     19      0      0      0      0     43      7 
 08:22:19       0     84     16      0      0      0      0     46     12 
#Time         gpu     sm    mem    enc    dec    jpg    ofa  rxpci  txpci 
#HH:MM:SS     Idx      %      %      %      %      %      %   MB/s   MB/s 
 08:22:20       0     85     22      0      0      0      0     58     11 
 08:22:21       0     92     23      0      0      0      0     52     16 
 08:22:22       0     95     20      0      0      0      0     61     13 
 08:22:23       0     93     23      0      0      0      0     56     15 
 08:22:24       0     98     25      0      0      0      0     48     13 
 08:22:25       0     98     26      0      0      0      0     41     15 
 08:22:26       0     97     26      0      0      0      0     48     13 
 08:22:27       0     96     26      0      0      0      0     49     27 
 08:22:28       0     95     23      0      0      0      0     54     25 
 08:22:29       0     96     25      0      0      0      0     52     16 
 08:22:30       0     92     23      0      0      0      0     45     12 
 08:22:31       0     86     27      0      0      0      0     51     13 
 08:22:32       0     86     23      0      0      0      0     52     11 
 08:22:33       0     81     19      0      0      0      0     39     10 
 08:22:35       0     94     21      0      0      0      0     22     29 
 08:22:36       0     87     27      0      0      0      0     46     12 
 08:22:37       0      0      0      0      0      0      0      0      0 
 08:22:38       0     98     26      0      0      0      0     45     11 
 08:22:39       0     98     27      0      0      0      0     48     10 
 08:22:40       0     98     29      0      0      0      0     39      7 
 08:22:41       0     97     24      0      0      0      0     45     13 
 08:22:42       0     94     25      0      0      0      0     56     22 
 08:22:43       0     92     18      0      0      0      0     43     13 
 08:22:44       0     21      4      0      0      0      0      0      0 
 08:22:45       0      4      0      0      0      0      0      0  11259 
 08:22:46       0      6      0      0      0      0      0      1   4631 
 08:22:47       0      4      0      0      0      0      0      0      2 
 08:22:48       0      6      0      0      0      0      0      0      0 
 08:22:49       0      2      0      0      0      0      0      0      0 
 08:22:50       0      2      0      0      0      0      0      0   5377 
 08:22:51       0      0      0      0      0      0      0      1      0 
 08:22:52       0      2      0      0      0      0      0      0      0 
 08:22:53       0      2      0      0      0      0      0      0      0 
 08:22:54       0      0      0      0      0      0      0      2   1356 
 08:22:55       0      4      0      0      0      0      0      0   2016 
 08:22:56       0      0      0      0      0      0      0      0      0 
 08:22:58       0      0      0      0      0      0      0      0      0 
 08:22:59       0      0      0      0      0      0      0      0      0 
 08:23:00       0      0      0      0      0      0      0      0      0 
 08:23:01       0      0      0      0      0      0      0      0      0 
 08:23:02       0     28      3      0      0      0      0     10      0 
 08:23:03       0      0      0      0      0      0      0      0      2 
 08:23:04       0      0      0      0      0      0      0      0      0 
