1791358899 2430, 14001, 54, 0x0000000000000000 | 1.19 1.14 1.26 | cpu  512809389 567022467 42092117 8566032011 15980121 0 4320871 40731 0 0
1791358900 997, 7001, 53, 0x0000000000000000 | 1.19 1.14 1.26 | cpu  512809940 567022467 42092141 8566036383 15980121 0 4320872 40731 0 0
1791358901 780, 7001, 52, 0x0000000000000000 | 1.19 1.14 1.26 | cpu  512810016 567022467 42092155 8566041259 15980121 0 4320872 40731 0 0
1791358902 442, 7001, 52, 0x0000000000000000 | 1.09 1.12 1.25 | cpu  512810019 567022467 42092163 8566046234 15980121 0 4320872 40731 0 0
1791358903 270, 810, 51, 0x0000000000000000 | 1.09 1.12 1.25 | cpu  512810239 567022467 42092261 8566050904 15980121 0 4320879 40731 0 0
1791358904 555, 13801, 52, 0x0000000000000000 | 1.09 1.12 1.25 | cpu  512810783 567022467 42092291 8566055305 15980121 0 4320879 40731 0 0
1791358905 2475, 13801, 52, 0x0000000000000000 | 1.09 1.12 1.25 | cpu  512811041 567022467 42092313 8566059991 15980121 0 4320880 40731 0 0
1791358906 2467, 13801, 53, 0x0000000000000000 | 1.09 1.12 1.25 | cpu  512811344 567022467 42092341 8566064634 15980125 0 4320880 40731 0 0
1791358907 2467, 13801, 52, 0x0000000000000000 | 1.09 1.12 1.25 | cpu  512811608 567022467 42092359 8566069324 15980125 0 4320880 40731 0 0
1791358908 2497, 13801, 52, 0x0000000000000000 | 1.09 1.12 1.25 | cpu  512811875 567022467 42092398 8566074004 15980125 0 4320880 40731 0 0
1791358909 2482, 13801, 52, 0x0000000000000000 | 1.09 1.12 1.25 | cpu  512812134 567022467 42092414 8566078689 15980125 0 4320880 40731 0 0
1791358910 2497, 13801, 51, 0x0000000000000000 | 1.09 1.12 1.25 | cpu  512812387 567022467 42092431 8566083382 15980125 0 4320880 40731 0 0
1791358911 2475, 13801, 51, 0x0000000000000000 | 1.09 1.12 1.25 | cpu  512812650 567022467 42092463 8566088032 15980126 0 4320880 40731 0 0
1791358912 2467, 13801, 51, 0x0000000000000000 | 1.08 1.11 1.25 | cpu  512812927 567022467 42092480 8566092726 15980126 0 4320881 40731 0 0
1791358913 2467, 13801, 51, 0x0000000000000000 | 1.08 1.11 1.25 | cpu  512813161 567022467 42092518 8566097422 15980126 0 4320881 40731 0 0
1791358914 2430, 13801, 50, 0x0000000000000000 | 1.08 1.11 1.25 | cpu  512813197 567022467 42092591 8566102282 15980126 0 4320882 40731 0 0
1791358915 2475, 13801, 50, 0x0000000000000000 | 1.08 1.11 1.25 | cpu  512813275 567022467 42092621 8566107143 15980126 0 4320882 40731 0 0
1791358916 2475, 13801, 50, 0x0000000000000000 | 1.08 1.11 1.25 | cpu  512813356 567022467 42092651 8566111996 15980126 0 4320882 40731 0 0
1791358917 2542, 13801, 50, 0x0000000000000000 | 1.15 1.13 1.25 | cpu  512813448 567022467 42092669 8566116856 15980126 0 4320882 40731 0 0
1791358918 2625, 13801, 50, 0x0000000000000000 | 1.15 1.13 1.25 | cpu  512813555 567022467 42092695 8566121692 15980126 0 4320885 40731 0 0
1791358919 2445, 13801, 49, 0x0000000000000000 | 1.15 1.13 1.25 | cpu  512813648 567022467 42092719 8566126547 15980126 0 4320886 40731 0 0
1791358920 2430, 13801, 49, 0x0000000000000000 | 1.15 1.13 1.25 | cpu  512813727 567022467 42092747 8566131413 15980126 0 4320887 40731 0 0
1791358921 2430, 13801, 49, 0x0000000000000000 | 1.14 1.13 1.25 | cpu  512813795 567022467 42092787 8566136291 15980127 0 4320887 40731 0 0
1791358922 2430, 13801, 49, 0x0000000000000000 | 1.14 1.13 1.25 | cpu  512813862 567022467 42092828 8566141149 15980127 0 4320887 40731 0 0
1791358923 2430, 13801, 48, 0x0000000000000000 | 1.14 1.13 1.25 | cpu  512813927 567022467 42092871 8566146013 15980127 0 4320887 40731 0 0
1791358924 2430, 13801, 48, 0x0000000000000000 | 1.14 1.13 1.25 | cpu  512813996 567022467 42092909 8566150880 15980127 0 4320887 40731 0 0
1791358925 2430, 13801, 48, 0x0000000000000000 | 1.14 1.13 1.25 | cpu  512814066 567022467 42092949 8566155738 15980127 0 4320890 40731 0 0
1791358926 2430, 13801, 48, 0x0000000000000000 | 1.13 1.12 1.25 | cpu  512814133 567022467 42092988 8566160592 15980133 0 4320890 40731 0 0
1791358928 2430, 13801, 48, 0x0000000000000000 | 1.13 1.12 1.25 | cpu  512814199 567022467 42093029 8566165453 15980133 0 4320890 40731 0 0
1791358929 2430, 13801, 47, 0x0000000000000000 | 1.13 1.12 1.25 | cpu  512814262 567022467 42093072 8566170313 15980133 0 4320890 40731 0 0
1791358930 2430, 13801, 47, 0x0000000000000000 | 1.13 1.12 1.25 | cpu  512814331 567022467 42093108 8566175172 15980133 0 4320890 40731 0 0
1791358931 2430, 13801, 47, 0x0000000000000000 | 1.13 1.12 1.25 | cpu  512814399 567022467 42093148 8566180031 15980133 0 4320890 40731 0 0
1791358932 2430, 13801, 47, 0x0000000000000000 | 1.12 1.12 1.25 | cpu  512814467 567022467 42093185 8566184892 15980133 0 4320890 40731 0 0
1791358933 2430, 13801, 47, 0x0000000000000000 | 1.12 1.12 1.25 | cpu  512814533 567022467 42093228 8566189754 15980133 0 4320890 40731 0 0
1791358934 2430, 13801, 47, 0x0000000000000000 | 1.12 1.12 1.25 | cpu  512814601 567022467 42093266 8566194614 15980134 0 4320890 40731 0 0
1791358935 2430, 13801, 47, 0x0000000000000000 | 1.12 1.12 1.25 | cpu  512814677 567022467 42093296 8566199476 15980134 0 4320890 40731 0 0
1791358936 2430, 13801, 46, 0x0000000000000000 | 1.12 1.12 1.25 | cpu  512814745 567022467 42093340 8566204334 15980134 0 4320890 40731 0 0
1791358937 2430, 13801, 46, 0x0000000000000000 | 1.11 1.12 1.25 | cpu  512814813 567022467 42093383 8566209189 15980134 0 4320890 40731 0 0
1791358938 2430, 13801, 46, 0x0000000000000000 | 1.11 1.12 1.25 | cpu  512814894 567022467 42093433 8566214020 15980141 0 4320891 40731 0 0
1791358939 2430, 13801, 46, 0x0000000000000000 | 1.11 1.12 1.25 | cpu  512814962 567022467 42093470 8566218877 15980141 0 4320891 40731 0 0
1791358940 2430, 13801, 46, 0x0000000000000000 | 1.11 1.12 1.25 | cpu  512815027 567022467 42093512 8566223741 15980141 0 4320891 40731 0 0
1791358941 2430, 13801, 46, 0x0000000000000000 | 1.11 1.12 1.25 | cpu  512815096 567022467 42093555 8566228603 15980141 0 4320891 40731 0 0
1791358942 2430, 13801, 45, 0x0000000000000000 | 1.10 1.12 1.25 | cpu  512815163 567022467 42093593 8566233460 15980141 0 4320891 40731 0 0
1791358943 2430, 13801, 45, 0x0000000000000000 | 1.10 1.12 1.25 | cpu  512815230 567022467 42093633 8566238329 15980142 0 4320891 40731 0 0
1791358944 2430, 13801, 45, 0x0000000000000000 | 1.10 1.12 1.25 | cpu  512815298 567022467 42093671 8566243183 15980144 0 4320891 40731 0 0
1791358945 2430, 13801, 45, 0x0000000000000000 | 1.10 1.12 1.25 | cpu  512815363 567022467 42093712 8566248049 15980144 0 4320891 40731 0 0
1791358946 2430, 13801, 45, 0x0000000000000000 | 1.10 1.12 1.25 | cpu  512815426 567022467 42093755 8566252907 15980144 0 4320891 40731 0 0
1791358947 2430, 13801, 45, 0x0000000000000000 | 1.17 1.13 1.25 | cpu  512815498 567022467 42093791 8566257774 15980144 0 4320891 40731 0 0
1791358948 2475, 13801, 51, 0x0000000000000004 | 1.17 1.13 1.25 | cpu  512815598 567022467 42093800 8566262645 15980144 0 4320892 40731 0 0
1791358949 2857, 13801, 58, 0x0000000000000004 | 1.17 1.13 1.25 | cpu  512815703 567022467 42093805 8566267543 15980145 0 4320892 40731 0 0
1791358950 2857, 13801, 58, 0x0000000000000004 | 1.17 1.13 1.25 | cpu  512815808 567022467 42093808 8566272446 15980145 0 4320892 40731 0 0
1791358951 2850, 13801, 58, 0x0000000000000004 | 1.16 1.13 1.25 | cpu  512815912 567022467 42093811 8566277337 15980145 0 4320892 40731 0 0
1791358952 2857, 13801, 59, 0x0000000000000004 | 1.16 1.13 1.25 | cpu  512816017 567022467 42093814 8566282221 15980145 0 4320892 40731 0 0
1791358953 2857, 13801, 59, 0x0000000000000004 | 1.16 1.13 1.25 | cpu  512816122 567022467 42093817 8566287115 15980145 0 4320892 40731 0 0
1791358954 2857, 13801, 60, 0x0000000000000004 | 1.16 1.13 1.25 | cpu  512816208 567022467 42093842 8566292003 15980147 0 4320892 40731 0 0
1791358956 2812, 13801, 60, 0x0000000000000004 | 1.16 1.13 1.25 | cpu  512816305 567022467 42093859 8566296890 15980147 0 4320892 40731 0 0
1791358957 2805, 13801, 61, 0x0000000000000004 | 1.14 1.13 1.25 | cpu  512816409 567022467 42093866 8566301776 15980147 0 4320892 40731 0 0
1791358958 2805, 13801, 63, 0x0000000000000004 | 1.14 1.13 1.25 | cpu  512816510 567022467 42093880 8566306669 15980147 0 4320892 40731 0 0
1791358959 2812, 13801, 63, 0x0000000000000004 | 1.14 1.13 1.25 | cpu  512816618 567022467 42093889 8566311550 15980147 0 4320892 40731 0 0
1791358960 2812, 13801, 62, 0x0000000000000004 | 1.14 1.13 1.25 | cpu  512816730 567022467 42093905 8566316422 15980147 0 4320892 40731 0 0
1791358961 2805, 13801, 62, 0x0000000000000004 | 1.14 1.13 1.25 | cpu  512816827 567022467 42093923 8566321320 15980147 0 4320892 40731 0 0
1791358962 2797, 13801, 63, 0x0000000000000004 | 1.13 1.12 1.25 | cpu  512816933 567022467 42093931 8566326211 15980147 0 4320892 40731 0 0
1791358963 2797, 13801, 64, 0x0000000000000004 | 1.13 1.12 1.25 | cpu  512817035 567022467 42093944 8566331110 15980147 0 4320893 40731 0 0
1791358964 2805, 13801, 64, 0x0000000000000004 | 1.13 1.12 1.25 | cpu  512817137 567022467 42093955 8566335981 15980147 0 4320893 40731 0 0
1791358965 2842, 13801, 63, 0x0000000000000004 | 1.13 1.12 1.25 | cpu  512817243 567022467 42093965 8566340864 15980147 0 4320893 40731 0 0
1791358966 2797, 13801, 65, 0x0000000000000004 | 1.13 1.12 1.25 | cpu  512817350 567022467 42093980 8566345758 15980147 0 4320894 40731 0 0
1791358967 2842, 13801, 63, 0x0000000000000004 | 1.12 1.12 1.24 | cpu  512817458 567022467 42094040 8566350591 15980147 0 4320895 40731 0 0
1791358968 2797, 13801, 64, 0x0000000000000004 | 1.12 1.12 1.24 | cpu  512817558 567022467 42094057 8566355499 15980147 0 4320896 40731 0 0
1791358969 2797, 13801, 65, 0x0000000000000004 | 1.12 1.12 1.24 | cpu  512817664 567022467 42094065 8566360381 15980147 0 4320897 40731 0 0
1791358970 2797, 13801, 66, 0x0000000000000004 | 1.12 1.12 1.24 | cpu  512817762 567022467 42094083 8566365312 15980149 0 4320897 40731 0 0
1791358971 2820, 13801, 64, 0x0000000000000004 | 1.12 1.12 1.24 | cpu  512817866 567022467 42094096 8566370202 15980149 0 4320897 40731 0 0
1791358972 2842, 13801, 65, 0x0000000000000004 | 1.35 1.17 1.26 | cpu  512817971 567022467 42094104 8566375087 15980149 0 4320898 40731 0 0
1791358973 2827, 13801, 65, 0x0000000000000004 | 1.35 1.17 1.26 | cpu  512818072 567022467 42094117 8566379980 15980149 0 4320898 40731 0 0
1791358974 2797, 13801, 67, 0x0000000000000004 | 1.35 1.17 1.26 | cpu  512818177 567022467 42094126 8566384862 15980149 0 4320899 40731 0 0
1791358975 2812, 13801, 66, 0x0000000000000004 | 1.35 1.17 1.26 | cpu  512818280 567022467 42094137 8566389754 15980150 0 4320899 40731 0 0
1791358976 2782, 13801, 66, 0x0000000000000004 | 1.32 1.17 1.26 | cpu  512818385 567022467 42094145 8566394646 15980150 0 4320900 40731 0 0
1791358977 2805, 13801, 67, 0x0000000000000004 | 1.32 1.17 1.26 | cpu  512818490 567022467 42094153 8566399539 15980150 0 4320901 40731 0 0
1791358978 2812, 13801, 68, 0x0000000000000004 | 1.32 1.17 1.26 | cpu  512818587 567022467 42094173 8566404448 15980150 0 4320901 40731 0 0
1791358980 2835, 13801, 67, 0x0000000000000004 | 1.32 1.17 1.26 | cpu  512818693 567022467 42094181 8566409335 15980150 0 4320901 40731 0 0
1791358981 2842, 13801, 67, 0x0000000000000004 | 1.32 1.17 1.26 | cpu  512818797 567022467 42094195 8566414223 15980152 0 4320902 40731 0 0
1791358982 2790, 13801, 68, 0x0000000000000004 | 1.30 1.16 1.26 | cpu  512818901 567022467 42094208 8566419102 15980152 0 4320902 40731 0 0
1791358983 2835, 13801, 68, 0x0000000000000004 | 1.30 1.16 1.26 | cpu  512819013 567022467 42094250 8566423932 15980152 0 4320904 40731 0 0
1791358984 2790, 13801, 65, 0x0000000000000004 | 1.30 1.16 1.26 | cpu  512819111 567022467 42094268 8566428838 15980152 0 4320905 40731 0 0
1791358985 2775, 13801, 68, 0x0000000000000004 | 1.30 1.16 1.26 | cpu  512819216 567022467 42094277 8566433716 15980152 0 4320905 40731 0 0
1791358986 2782, 13801, 68, 0x0000000000000000 | 1.30 1.16 1.26 | cpu  512819318 567022467 42094287 8566438610 15980152 0 4320905 40731 0 0
1791358987 2790, 13801, 68, 0x0000000000000004 | 1.27 1.16 1.26 | cpu  512819421 567022467 42094300 8566443485 15980152 0 4320905 40731 0 0
1791358988 2835, 13801, 69, 0x0000000000000004 | 1.27 1.16 1.26 | cpu  512819526 567022467 42094307 8566448373 15980152 0 4320905 40732 0 0
1791358989 2797, 13801, 69, 0x0000000000000004 | 1.27 1.16 1.26 | cpu  512819622 567022467 42094326 8566453258 15980152 0 4320905 40732 0 0
1791358990 2835, 13801, 69, 0x0000000000000004 | 1.27 1.16 1.26 | cpu  512819726 567022467 42094333 8566458134 15980152 0 4320905 40732 0 0
1791358991 2812, 13801, 69, 0x0000000000000004 | 1.27 1.16 1.26 | cpu  512819830 567022467 42094350 8566463011 15980152 0 4320905 40732 0 0
1791358992 2760, 13801, 68, 0x0000000000000004 | 1.25 1.16 1.25 | cpu  512819935 567022467 42094358 8566467891 15980153 0 4320905 40732 0 0
1791358993 2797, 13801, 70, 0x0000000000000004 | 1.25 1.16 1.25 | cpu  512820036 567022467 42094369 8566472775 15980153 0 4320905 40732 0 0
1791358994 2797, 13801, 68, 0x0000000000000004 | 1.25 1.16 1.25 | cpu  512820141 567022467 42094384 8566477662 15980153 0 4320905 40732 0 0
1791358995 2835, 13801, 70, 0x0000000000000004 | 1.25 1.16 1.25 | cpu  512820246 567022467 42094394 8566482552 15980153 0 4320906 40732 0 0
1791358996 2812, 13801, 69, 0x0000000000000004 | 1.25 1.16 1.25 | cpu  512820346 567022467 42094409 8566487426 15980153 0 4320906 40732 0 0
1791358997 2775, 13801, 70, 0x0000000000000004 | 1.23 1.16 1.25 | cpu  512820455 567022467 42094417 8566492311 15980157 0 4320907 40732 0 0
1791358998 2812, 13801, 70, 0x0000000000000004 | 1.23 1.16 1.25 | cpu  512820560 567022467 42094451 8566497167 15980167 0 4320908 40732 0 0
1791358999 2790, 13801, 70, 0x0000000000000004 | 1.23 1.16 1.25 | cpu  512820666 567022467 42094474 8566502052 15980167 0 4320908 40732 0 0
1791359000 2835, 13801, 70, 0x0000000000000004 | 1.23 1.16 1.25 | cpu  512820771 567022467 42094483 8566506931 15980167 0 4320909 40732 0 0
1791359001 2827, 13801, 70, 0x0000000000000004 | 1.21 1.15 1.25 | cpu  512820868 567022467 42094501 8566511814 15980167 0 4320909 40732 0 0
1791359002 2805, 13801, 71, 0x0000000000000004 | 1.21 1.15 1.25 | cpu  512820974 567022467 42094509 8566516717 15980167 0 4320909 40732 0 0
1791359003 2797, 13801, 67, 0x0000000000000004 | 1.21 1.15 1.25 | cpu  512821069 567022467 42094527 8566521618 15980168 0 4320909 40732 0 0
1791359005 2752, 13801, 71, 0x0000000000000004 | 1.21 1.15 1.25 | cpu  512821175 567022467 42094536 8566526500 15980168 0 4320909 40732 0 0
1791359006 2835, 13801, 71, 0x0000000000000004 | 1.21 1.15 1.25 | cpu  512821282 567022467 42094544 8566531396 15980169 0 4320909 40732 0 0
1791359007 2790, 13801, 71, 0x0000000000000004 | 1.20 1.15 1.25 | cpu  512821383 567022467 42094558 8566536288 15980169 0 4320909 40732 0 0
1791359008 2767, 13801, 70, 0x0000000000000004 | 1.20 1.15 1.25 | cpu  512821489 567022467 42094566 8566541184 15980169 0 4320909 40732 0 0
1791359009 2775, 13801, 67, 0x0000000000000000 | 1.20 1.15 1.25 | cpu  512821586 567022467 42094582 8566546081 15980169 0 4320909 40732 0 0
1791359010 2745, 13801, 71, 0x0000000000000004 | 1.20 1.15 1.25 | cpu  512821691 567022467 42094591 8566550964 15980172 0 4320909 40732 0 0
1791359011 2835, 13801, 71, 0x0000000000000004 | 1.20 1.15 1.25 | cpu  512821797 567022467 42094601 8566555847 15980172 0 4320909 40732 0 0
1791359012 2782, 13801, 72, 0x0000000000000004 | 1.18 1.15 1.25 | cpu  512821897 567022467 42094614 8566560726 15980172 0 4320909 40732 0 0
1791359013 2767, 13801, 70, 0x0000000000000004 | 1.18 1.15 1.25 | cpu  512822003 567022467 42094624 8566565626 15980172 0 4320909 40732 0 0
1791359014 2767, 13801, 68, 0x0000000000000004 | 1.18 1.15 1.25 | cpu  512822101 567022467 42094641 8566570532 15980172 0 4320909 40732 0 0
1791359015 2752, 13801, 71, 0x0000000000000004 | 1.18 1.15 1.25 | cpu  512822206 567022467 42094650 8566575417 15980172 0 4320909 40732 0 0
1791359016 2767, 13801, 71, 0x0000000000000004 | 1.18 1.15 1.25 | cpu  512822309 567022467 42094666 8566580357 15980176 0 4320911 40732 0 0
1791359017 2797, 13801, 73, 0x0000000000000004 | 1.25 1.16 1.25 | cpu  512822413 567022467 42094680 8566585244 15980176 0 4320912 40732 0 0
1791359018 2827, 13801, 72, 0x0000000000000004 | 1.25 1.16 1.25 | cpu  512822518 567022467 42094689 8566590142 15980176 0 4320913 40732 0 0
1791359019 2797, 13801, 72, 0x0000000000000004 | 1.25 1.16 1.25 | cpu  512822619 567022467 42094701 8566595036 15980176 0 4320913 40732 0 0
1791359020 2737, 13801, 70, 0x0000000000000004 | 1.25 1.16 1.25 | cpu  512822724 567022467 42094710 8566599919 15980176 0 4320913 40732 0 0
1791359021 2767, 13801, 71, 0x0000000000000004 | 1.25 1.16 1.25 | cpu  512822826 567022467 42094721 8566604801 15980176 0 4320913 40732 0 0
1791359022 2737, 13801, 73, 0x0000000000000004 | 1.31 1.18 1.26 | cpu  512822931 567022467 42094731 8566609685 15980179 0 4320913 40732 0 0
1791359023 2827, 13801, 72, 0x0000000000000004 | 1.31 1.18 1.26 | cpu  512823037 567022467 42094740 8566614595 15980179 0 4320913 40732 0 0
1791359024 2775, 13801, 72, 0x0000000000000004 | 1.31 1.18 1.26 | cpu  512823135 567022467 42094755 8566619468 15980179 0 4320915 40732 0 0
1791359025 2737, 13801, 71, 0x0000000000000004 | 1.31 1.18 1.26 | cpu  512823240 567022467 42094763 8566624351 15980179 0 4320915 40732 0 0
1791359026 2797, 13801, 71, 0x0000000000000004 | 1.28 1.17 1.26 | cpu  512823341 567022467 42094776 8566629232 15980179 0 4320915 40732 0 0
1791359027 2730, 13801, 72, 0x0000000000000004 | 1.28 1.17 1.26 | cpu  512823445 567022467 42094788 8566634143 15980180 0 4320916 40732 0 0
1791359029 2805, 13801, 72, 0x0000000000000004 | 1.28 1.17 1.26 | cpu  512823553 567022467 42094802 8566639048 15980180 0 4320917 40732 0 0
1791359030 2752, 13801, 72, 0x0000000000000004 | 1.28 1.17 1.26 | cpu  512823659 567022467 42094865 8566643904 15980180 0 4320917 40732 0 0
1791359031 2827, 13801, 72, 0x0000000000000004 | 1.28 1.17 1.26 | cpu  512823764 567022467 42094873 8566648800 15980180 0 4320917 40732 0 0
1791359032 2835, 13801, 71, 0x0000000000000004 | 1.26 1.17 1.25 | cpu  512823863 567022467 42094891 8566653765 15980180 0 4320917 40732 0 0
1791359033 2752, 13801, 71, 0x0000000000000004 | 1.26 1.17 1.25 | cpu  512823969 567022467 42094900 8566658650 15980180 0 4320917 40732 0 0
1791359034 2827, 13801, 72, 0x0000000000000004 | 1.26 1.17 1.25 | cpu  512824070 567022467 42094912 8566663530 15980180 0 4320918 40732 0 0
1791359035 2797, 13801, 72, 0x0000000000000004 | 1.26 1.17 1.25 | cpu  512824173 567022467 42094924 8566668418 15980180 0 4320918 40732 0 0
1791359036 2797, 13801, 72, 0x0000000000000004 | 1.26 1.17 1.25 | cpu  512824277 567022467 42094931 8566673303 15980180 0 4320918 40732 0 0
1791359037 2775, 13801, 72, 0x0000000000000004 | 1.24 1.17 1.25 | cpu  512824381 567022467 42094951 8566678189 15980180 0 4320919 40732 0 0
1791359038 2797, 13801, 72, 0x0000000000000004 | 1.24 1.17 1.25 | cpu  512824487 567022467 42094959 8566683079 15980180 0 4320919 40732 0 0
1791359039 2790, 13801, 68, 0x0000000000000004 | 1.24 1.17 1.25 | cpu  512824589 567022467 42094973 8566687969 15980180 0 4320919 40732 0 0
1791359040 2782, 13801, 73, 0x0000000000000004 | 1.24 1.17 1.25 | cpu  512824689 567022467 42094989 8566692854 15980181 0 4320920 40732 0 0
1791359041 2827, 13801, 72, 0x0000000000000004 | 1.24 1.17 1.25 | cpu  512824795 567022467 42095001 8566697744 15980181 0 4320921 40732 0 0
1791359042 2775, 13801, 73, 0x0000000000000004 | 1.22 1.16 1.25 | cpu  512824895 567022467 42095015 8566702611 15980181 0 4320921 40732 0 0
1791359043 2752, 13801, 72, 0x0000000000000004 | 1.22 1.16 1.25 | cpu  512825001 567022467 42095022 8566707499 15980181 0 4320921 40732 0 0
1791359044 2760, 13801, 69, 0x0000000000000004 | 1.22 1.16 1.25 | cpu  512825103 567022467 42095032 8566712378 15980181 0 4320922 40732 0 0
1791359045 2722, 13801, 72, 0x0000000000000004 | 1.22 1.16 1.25 | cpu  512825209 567022467 42095040 8566717256 15980182 0 4320922 40732 0 0
1791359046 2827, 13801, 72, 0x0000000000000004 | 1.22 1.16 1.25 | cpu  512825314 567022467 42095048 8566722132 15980182 0 4320922 40732 0 0
1791359047 2760, 13801, 70, 0x0000000000000000 | 1.28 1.18 1.26 | cpu  512825411 567022467 42095064 8566727003 15980182 0 4320922 40732 0 0
1791359048 2730, 13801, 73, 0x0000000000000004 | 1.28 1.18 1.26 | cpu  512825517 567022467 42095073 8566731889 15980182 0 4320922 40732 0 0
1791359049 2760, 13801, 73, 0x0000000000000004 | 1.28 1.18 1.26 | cpu  512825617 567022467 42095085 8566736781 15980182 0 4320922 40732 0 0
1791359050 2730, 13801, 72, 0x0000000000000004 | 1.28 1.18 1.26 | cpu  512825722 567022467 42095095 8566741673 15980185 0 4320922 40732 0 0
1791359051 2760, 13801, 72, 0x0000000000000000 | 1.26 1.17 1.25 | cpu  512825827 567022467 42095107 8566746564 15980185 0 4320922 40732 0 0
1791359053 2767, 13801, 72, 0x0000000000000004 | 1.26 1.17 1.25 | cpu  512825929 567022467 42095120 8566751447 15980185 0 4320922 40732 0 0
1791359054 2820, 13801, 73, 0x0000000000000004 | 1.26 1.17 1.25 | cpu  512826034 567022467 42095128 8566756333 15980185 0 4320923 40732 0 0
1791359055 2775, 13801, 73, 0x0000000000000004 | 1.26 1.17 1.25 | cpu  512826133 567022467 42095143 8566761230 15980185 0 4320923 40732 0 0
1791359056 2722, 13801, 71, 0x0000000000000004 | 1.26 1.17 1.25 | cpu  512826240 567022467 42095149 8566766114 15980185 0 4320923 40732 0 0
1791359057 2767, 13801, 72, 0x0000000000000004 | 1.24 1.17 1.25 | cpu  512826342 567022467 42095161 8566770993 15980186 0 4320923 40732 0 0
1791359058 2782, 13801, 72, 0x0000000000000004 | 1.24 1.17 1.25 | cpu  512826443 567022467 42095172 8566775867 15980186 0 4320923 40732 0 0
1791359059 2820, 13801, 73, 0x0000000000000004 | 1.24 1.17 1.25 | cpu  512826550 567022467 42095183 8566780790 15980194 0 4320923 40732 0 0
1791359060 2835, 13801, 74, 0x0000000000000004 | 1.24 1.17 1.25 | cpu  512826645 567022467 42095201 8566785679 15980194 0 4320923 40732 0 0
1791359061 2745, 13801, 72, 0x0000000000000004 | 1.24 1.17 1.25 | cpu  512826749 567022467 42095210 8566790540 15980194 0 4320923 40732 0 0
1791359062 2820, 13801, 73, 0x0000000000000004 | 1.22 1.17 1.25 | cpu  512826847 567022467 42095226 8566795426 15980194 0 4320923 40732 0 0
1791359063 2760, 13801, 74, 0x0000000000000004 | 1.22 1.17 1.25 | cpu  512826951 567022467 42095241 8566800303 15980196 0 4320923 40732 0 0
1791359064 2827, 13801, 74, 0x0000000000000004 | 1.22 1.17 1.25 | cpu  512827057 567022467 42095249 8566805212 15980196 0 4320923 40732 0 0
1791359065 2775, 13801, 71, 0x0000000000000000 | 1.22 1.17 1.25 | cpu  512827153 567022467 42095266 8566810093 15980196 0 4320923 40732 0 0
1791359066 2715, 13801, 73, 0x0000000000000004 | 1.22 1.17 1.25 | cpu  512827258 567022467 42095276 8566814961 15980196 0 4320923 40732 0 0
1791359067 2760, 13801, 73, 0x0000000000000004 | 1.20 1.17 1.25 | cpu  512827361 567022467 42095288 8566819849 15980196 0 4320923 40732 0 0
1791359068 2722, 13801, 72, 0x0000000000000004 | 1.20 1.17 1.25 | cpu  512827467 567022467 42095299 8566824729 15980196 0 4320923 40732 0 0
1791359069 2820, 13801, 72, 0x0000000000000004 | 1.20 1.17 1.25 | cpu  512827571 567022467 42095308 8566829620 15980196 0 4320923 40732 0 0
1791359070 2767, 13801, 73, 0x0000000000000004 | 1.20 1.17 1.25 | cpu  512827669 567022467 42095322 8566834511 15980196 0 4320923 40732 0 0
1791359071 2730, 13801, 72, 0x0000000000000004 | 1.20 1.17 1.25 | cpu  512827775 567022467 42095332 8566839400 15980197 0 4320923 40732 0 0
1791359072 2767, 13801, 74, 0x0000000000000004 | 1.18 1.16 1.25 | cpu  512827877 567022467 42095343 8566844289 15980197 0 4320923 40732 0 0
1791359073 2730, 13801, 73, 0x0000000000000004 | 1.18 1.16 1.25 | cpu  512827982 567022467 42095352 8566849177 15980197 0 4320923 40732 0 0
1791359074 2820, 13801, 74, 0x0000000000000004 | 1.18 1.16 1.25 | cpu  512828089 567022467 42095366 8566854152 15980197 0 4320923 40732 0 0
1791359075 2775, 13801, 73, 0x0000000000000004 | 1.18 1.16 1.25 | cpu  512828187 567022467 42095380 8566859025 15980197 0 4320923 40732 0 0
1791359076 2827, 13801, 73, 0x0000000000000004 | 1.17 1.16 1.25 | cpu  512828292 567022467 42095387 8566863901 15980197 0 4320923 40732 0 0
1791359078 2797, 13801, 74, 0x0000000000000004 | 1.17 1.16 1.25 | cpu  512828394 567022467 42095399 8566868781 15980197 0 4320923 40732 0 0
1791359079 2722, 13801, 72, 0x0000000000000004 | 1.17 1.16 1.25 | cpu  512828500 567022467 42095406 8566873648 15980197 0 4320923 40732 0 0
1791359080 2775, 13801, 74, 0x0000000000000004 | 1.17 1.16 1.25 | cpu  512828600 567022467 42095422 8566878565 15980197 0 4320923 40732 0 0
1791359081 2745, 13801, 73, 0x0000000000000004 | 1.17 1.16 1.25 | cpu  512828705 567022467 42095429 8566883443 15980197 0 4320923 40732 0 0
1791359082 2820, 13801, 73, 0x0000000000000004 | 1.16 1.16 1.25 | cpu  512828810 567022467 42095438 8566888324 15980197 0 4320923 40732 0 0
1791359083 2797, 13801, 73, 0x0000000000000004 | 1.16 1.16 1.25 | cpu  512828910 567022467 42095451 8566893201 15980198 0 4320923 40732 0 0
1791359084 2730, 13801, 73, 0x0000000000000004 | 1.16 1.16 1.25 | cpu  512829014 567022467 42095458 8566898073 15980198 0 4320923 40732 0 0
1791359085 2797, 13801, 73, 0x0000000000000004 | 1.16 1.16 1.25 | cpu  512829113 567022467 42095472 8566902950 15980198 0 4320923 40732 0 0
1791359086 2805, 13801, 72, 0x0000000000000004 | 1.16 1.16 1.25 | cpu  512829217 567022467 42095484 8566907839 15980198 0 4320923 40732 0 0
1791359087 2797, 13801, 74, 0x0000000000000004 | 1.14 1.15 1.24 | cpu  512829323 567022467 42095493 8566912747 15980198 0 4320923 40732 0 0
1791359088 2767, 13801, 70, 0x0000000000000004 | 1.14 1.15 1.24 | cpu  512829421 567022467 42095509 8566917637 15980198 0 4320923 40732 0 0
1791359089 2737, 13801, 73, 0x0000000000000004 | 1.14 1.15 1.24 | cpu  512829528 567022467 42095518 8566922518 15980198 0 4320924 40732 0 0
1791359090 2745, 13801, 71, 0x0000000000000000 | 1.14 1.15 1.24 | cpu  512829630 567022467 42095530 8566927410 15980199 0 4320925 40732 0 0
1791359091 2767, 13801, 73, 0x0000000000000004 | 1.14 1.15 1.24 | cpu  512829736 567022467 42095544 8566932326 15980199 0 4320926 40732 0 0
1791359092 2820, 13801, 73, 0x0000000000000004 | 1.21 1.17 1.25 | cpu  512829846 567022467 42095600 8566937177 15980199 0 4320927 40732 0 0
1791359093 2767, 13801, 73, 0x0000000000000004 | 1.21 1.17 1.25 | cpu  512829949 567022467 42095613 8566942069 15980199 0 4320929 40732 0 0
1791359094 2722, 13801, 73, 0x0000000000000004 | 1.21 1.17 1.25 | cpu  512830054 567022467 42095621 8566946949 15980199 0 4320929 40732 0 0
1791359095 2745, 13801, 74, 0x0000000000000004 | 1.21 1.17 1.25 | cpu  512830157 567022467 42095633 8566951841 15980199 0 4320929 40732 0 0
1791359096 2730, 13801, 74, 0x0000000000000004 | 1.21 1.17 1.25 | cpu  512830262 567022467 42095641 8566956709 15980202 0 4320929 40732 0 0
1791359097 2827, 13801, 74, 0x0000000000000004 | 1.19 1.17 1.25 | cpu  512830388 567022467 42095658 8566961581 15980202 0 4320931 40732 0 0
1791359098 2760, 13801, 73, 0x0000000000000004 | 1.19 1.17 1.25 | cpu  512830490 567022467 42095667 8566966478 15980202 0 4320931 40732 0 0
1791359099 2827, 13801, 74, 0x0000000000000004 | 1.19 1.17 1.25 | cpu  512830596 567022467 42095676 8566971378 15980202 0 4320931 40732 0 0
1791359100 2767, 13801, 74, 0x0000000000000004 | 1.19 1.17 1.25 | cpu  512830698 567022467 42095688 8566976259 15980202 0 4320931 40732 0 0
1791359102 2737, 13801, 74, 0x0000000000000004 | 1.26 1.18 1.25 | cpu  512830826 567022467 42095712 8566981089 15980203 0 4320931 40732 0 0
1791359103 2745, 13801, 71, 0x0000000000000000 | 1.26 1.18 1.25 | cpu  512830930 567022467 42095725 8566986014 15980203 0 4320931 40732 0 0
1791359104 2730, 13801, 73, 0x0000000000000004 | 1.26 1.18 1.25 | cpu  512831035 567022467 42095734 8566990914 15980203 0 4320931 40732 0 0
1791359105 2820, 13801, 73, 0x0000000000000004 | 1.26 1.18 1.25 | cpu  512831143 567022467 42095746 8566995817 15980203 0 4320931 40732 0 0
1791359106 2760, 13801, 71, 0x0000000000000000 | 1.26 1.18 1.25 | cpu  512831241 567022467 42095762 8567000708 15980204 0 4320932 40732 0 0
1791359107 2715, 13801, 74, 0x0000000000000004 | 1.32 1.19 1.26 | cpu  512831346 567022467 42095770 8567005580 15980213 0 4320932 40732 0 0
1791359108 2752, 13801, 74, 0x0000000000000004 | 1.32 1.19 1.26 | cpu  512831450 567022467 42095783 8567010496 15980213 0 4320932 40732 0 0
1791359109 2715, 13801, 73, 0x0000000000000004 | 1.32 1.19 1.26 | cpu  512831556 567022467 42095792 8567015387 15980213 0 4320932 40732 0 0
1791359110 2820, 13801, 74, 0x0000000000000004 | 1.32 1.19 1.26 | cpu  512831662 567022467 42095801 8567020292 15980213 0 4320932 40732 0 0
1791359111 2767, 13801, 74, 0x0000000000000004 | 1.32 1.19 1.26 | cpu  512831770 567022467 42095818 8567025157 15980213 0 4320932 40732 0 0
1791359112 2820, 13801, 73, 0x0000000000000004 | 1.29 1.19 1.25 | cpu  512831878 567022467 42095826 8567030037 15980213 0 4320933 40732 0 0
1791359113 2767, 13801, 73, 0x0000000000000004 | 1.29 1.19 1.25 | cpu  512831980 567022467 42095839 8567034953 15980213 0 4320933 40732 0 0
1791359114 2722, 13801, 74, 0x0000000000000004 | 1.29 1.19 1.25 | cpu  512832088 567022467 42095856 8567039867 15980214 0 4320934 40732 0 0
1791359115 2745, 13801, 73, 0x0000000000000000 | 1.29 1.19 1.25 | cpu  512832192 567022467 42095865 8567044753 15980214 0 4320935 40732 0 0
1791359116 2722, 13801, 74, 0x0000000000000004 | 1.29 1.19 1.25 | cpu  512832301 567022467 42095875 8567049636 15980214 0 4320935 40732 0 0
1791359117 2827, 13801, 73, 0x0000000000000004 | 1.27 1.19 1.25 | cpu  512832408 567022467 42095885 8567054521 15980222 0 4320935 40732 0 0
1791359118 2775, 13801, 73, 0x0000000000000004 | 1.27 1.19 1.25 | cpu  512832508 567022467 42095901 8567059438 15980222 0 4320935 40732 0 0
1791359119 2707, 13801, 74, 0x0000000000000004 | 1.27 1.19 1.25 | cpu  512832615 567022467 42095908 8567064314 15980222 0 4320935 40732 0 0
1791359120 2745, 13801, 74, 0x0000000000000004 | 1.27 1.19 1.25 | cpu  512832718 567022467 42095919 8567069204 15980222 0 4320936 40732 0 0
1791359121 2775, 13801, 74, 0x0000000000000004 | 1.25 1.18 1.25 | cpu  512832820 567022467 42095932 8567074093 15980222 0 4320937 40732 0 0
1791359122 2820, 13801, 74, 0x0000000000000004 | 1.25 1.18 1.25 | cpu  512832926 567022467 42095939 8567078975 15980224 0 4320937 40732 0 0
1791359123 2715, 13801, 73, 0x0000000000000004 | 1.25 1.18 1.25 | cpu  512833029 567022467 42095949 8567083880 15980224 0 4320937 40732 0 0
1791359124 2820, 13801, 74, 0x0000000000000004 | 1.25 1.18 1.25 | cpu  512833134 567022467 42095956 8567088771 15980224 0 4320937 40732 0 0
1791359126 2775, 13801, 74, 0x0000000000000004 | 1.25 1.18 1.25 | cpu  512833236 567022467 42095968 8567093663 15980224 0 4320937 40732 0 0
1791359127 2722, 13801, 73, 0x0000000000000004 | 1.23 1.18 1.25 | cpu  512833343 567022467 42095977 8567098553 15980224 0 4320938 40732 0 0
1791359128 2767, 13801, 73, 0x0000000000000004 | 1.23 1.18 1.25 | cpu  512833445 567022467 42095989 8567103447 15980224 0 4320938 40732 0 0
1791359129 2722, 13801, 74, 0x0000000000000004 | 1.23 1.18 1.25 | cpu  512833550 567022467 42095997 8567108331 15980225 0 4320938 40732 0 0
1791359130 2820, 13801, 73, 0x0000000000000004 | 1.23 1.18 1.25 | cpu  512833658 567022467 42096005 8567113255 15980225 0 4320939 40732 0 0
1791359131 2775, 13801, 74, 0x0000000000000004 | 1.23 1.18 1.25 | cpu  512833763 567022467 42096017 8567118132 15980225 0 4320941 40732 0 0
1791359132 2707, 13801, 74, 0x0000000000000004 | 1.21 1.18 1.25 | cpu  512833868 567022467 42096024 8567123012 15980225 0 4320941 40732 0 0
1791359133 2745, 13801, 73, 0x0000000000000004 | 1.21 1.18 1.25 | cpu  512833971 567022467 42096038 8567127899 15980226 0 4320942 40732 0 0
1791359134 2715, 13801, 73, 0x0000000000000004 | 1.21 1.18 1.25 | cpu  512834075 567022467 42096046 8567132787 15980226 0 4320943 40732 0 0
1791359135 2737, 13801, 71, 0x0000000000000004 | 1.21 1.18 1.25 | cpu  512834183 567022467 42096058 8567137807 15980228 0 4320943 40732 0 0
1791359136 2722, 13801, 74, 0x0000000000000004 | 1.21 1.18 1.25 | cpu  512834288 567022467 42096066 8567142700 15980228 0 4320943 40732 0 0
1791359137 2820, 13801, 74, 0x0000000000000004 | 1.19 1.17 1.25 | cpu  512834393 567022467 42096075 8567147602 15980228 0 4320943 40732 0 0
1791359138 2767, 13801, 74, 0x0000000000000004 | 1.19 1.17 1.25 | cpu  512834495 567022467 42096085 8567152486 15980228 0 4320943 40732 0 0
1791359139 2715, 13801, 73, 0x0000000000000004 | 1.19 1.17 1.25 | cpu  512834602 567022467 42096091 8567157380 15980228 0 4320943 40732 0 0
1791359140 2745, 13801, 71, 0x0000000000000004 | 1.19 1.17 1.25 | cpu  512834704 567022467 42096102 8567162277 15980228 0 4320943 40732 0 0
1791359141 2775, 13801, 74, 0x0000000000000004 | 1.19 1.17 1.25 | cpu  512834810 567022467 42096116 8567167175 15980228 0 4320945 40732 0 0
1791359142 2820, 13801, 74, 0x0000000000000004 | 1.18 1.17 1.25 | cpu  512834920 567022467 42096125 8567172079 15980228 0 4320945 40732 0 0
1791359143 2775, 13801, 74, 0x0000000000000004 | 1.18 1.17 1.25 | cpu  512835019 567022467 42096141 8567176971 15980228 0 4320945 40732 0 0
1791359144 2722, 13801, 73, 0x0000000000000004 | 1.18 1.17 1.25 | cpu  512835124 567022467 42096150 8567181854 15980228 0 4320945 40732 0 0
1791359145 2782, 13801, 74, 0x0000000000000004 | 1.18 1.17 1.25 | cpu  512835227 567022467 42096163 8567186742 15980229 0 4320945 40732 0 0
1791359146 2722, 13801, 74, 0x0000000000000004 | 1.16 1.17 1.24 | cpu  512835332 567022467 42096173 8567191646 15980229 0 4320945 40732 0 0
1791359147 2790, 13801, 74, 0x0000000000000004 | 1.16 1.17 1.24 | cpu  512835437 567022467 42096183 8567196558 15980229 0 4320945 40732 0 0
1791359149 2730, 13801, 74, 0x0000000000000004 | 1.16 1.17 1.24 | cpu  512835541 567022467 42096197 8567201452 15980229 0 4320945 40732 0 0
1791359150 2820, 13801, 74, 0x0000000000000004 | 1.16 1.17 1.24 | cpu  512835646 567022467 42096206 8567206329 15980229 0 4320945 40732 0 0
1791359151 2797, 13801, 74, 0x0000000000000004 | 1.16 1.17 1.24 | cpu  512835749 567022467 42096216 8567211223 15980229 0 4320945 40732 0 0
1791359152 2715, 13801, 74, 0x0000000000000004 | 1.15 1.16 1.24 | cpu  512835853 567022467 42096225 8567216114 15980230 0 4320945 40732 0 0
1791359153 2775, 13801, 73, 0x0000000000000004 | 1.15 1.16 1.24 | cpu  512835957 567022467 42096239 8567220999 15980230 0 4320945 40732 0 0
1791359154 2730, 13801, 74, 0x0000000000000004 | 1.15 1.16 1.24 | cpu  512836065 567022467 42096249 8567225875 15980230 0 4320945 40732 0 0
1791359155 2820, 13801, 74, 0x0000000000000004 | 1.15 1.16 1.24 | cpu  512836175 567022467 42096300 8567230703 15980230 0 4320945 40732 0 0
1791359156 2782, 13801, 73, 0x0000000000000004 | 1.15 1.16 1.24 | cpu  512836280 567022467 42096320 8567235589 15980230 0 4320945 40732 0 0
1791359157 2707, 13801, 74, 0x0000000000000004 | 1.14 1.16 1.24 | cpu  512836385 567022467 42096328 8567240482 15980230 0 4320945 40732 0 0
1791359158 2775, 13801, 73, 0x0000000000000004 | 1.14 1.16 1.24 | cpu  512836492 567022467 42096341 8567245360 15980231 0 4320945 40732 0 0
1791359159 2715, 13801, 73, 0x0000000000000004 | 1.14 1.16 1.24 | cpu  512836601 567022467 42096385 8567250201 15980231 0 4320945 40732 0 0
1791359160 2760, 13801, 74, 0x0000000000000004 | 1.14 1.16 1.24 | cpu  512836705 567022467 42096394 8567255077 15980231 0 4320945 40732 0 0
1791359161 2722, 13801, 75, 0x0000000000000004 | 1.14 1.16 1.24 | cpu  512836811 567022467 42096402 8567259992 15980231 0 4320946 40732 0 0
1791359162 2827, 13801, 73, 0x0000000000000004 | 1.13 1.16 1.24 | cpu  512836919 567022467 42096412 8567264893 15980232 0 4320946 40732 0 0
1791359163 2760, 13801, 74, 0x0000000000000004 | 1.13 1.16 1.24 | cpu  512837021 567022467 42096424 8567269772 15980234 0 4320946 40732 0 0
1791359164 2722, 13801, 74, 0x0000000000000004 | 1.13 1.16 1.24 | cpu  512837127 567022467 42096432 8567274640 15980234 0 4320946 40732 0 0
1791359165 2745, 13801, 74, 0x0000000000000004 | 1.13 1.16 1.24 | cpu  512837228 567022467 42096447 8567279517 15980234 0 4320947 40732 0 0
1791359166 2767, 13801, 74, 0x0000000000000004 | 1.13 1.16 1.24 | cpu  512837332 567022467 42096460 8567284402 15980234 0 4320948 40732 0 0
1791359167 2820, 13801, 74, 0x0000000000000004 | 1.12 1.16 1.24 | cpu  512837437 567022467 42096468 8567289283 15980234 0 4320948 40732 0 0
1791359168 2767, 13801, 73, 0x0000000000000004 | 1.12 1.16 1.24 | cpu  512837538 567022467 42096480 8567294161 15980234 0 4320948 40732 0 0
1791359169 2707, 13801, 74, 0x0000000000000004 | 1.12 1.16 1.24 | cpu  512837643 567022467 42096487 8567299034 15980235 0 4320949 40732 0 0
1791359170 2752, 13801, 71, 0x0000000000000004 | 1.12 1.16 1.24 | cpu  512837743 567022467 42096500 8567303900 15980235 0 4320949 40732 0 0
1791359171 2737, 13801, 74, 0x0000000000000004 | 1.11 1.15 1.24 | cpu  512837849 567022467 42096506 8567308781 15980235 0 4320950 40732 0 0
1791359172 2767, 13801, 75, 0x0000000000000004 | 1.11 1.15 1.24 | cpu  512837954 567022467 42096515 8567313679 15980235 0 4320951 40732 0 0
1791359174 2715, 13801, 73, 0x0000000000000004 | 1.11 1.15 1.24 | cpu  512838060 567022467 42096525 8567318551 15980235 0 4320951 40732 0 0
1791359175 2820, 13801, 74, 0x0000000000000004 | 1.11 1.15 1.24 | cpu  512838169 567022467 42096534 8567323433 15980235 0 4320953 40732 0 0
1791359176 2782, 13801, 75, 0x0000000000000004 | 1.11 1.15 1.24 | cpu  512838272 567022467 42096578 8567328292 15980235 0 4320954 40732 0 0
1791359177 2715, 13801, 74, 0x0000000000000004 | 1.10 1.15 1.23 | cpu  512838378 567022467 42096590 8567333193 15980238 0 4320954 40732 0 0
1791359178 2797, 13801, 74, 0x0000000000000004 | 1.10 1.15 1.23 | cpu  512838481 567022467 42096600 8567338065 15980246 0 4320954 40732 0 0
1791359179 2797, 13801, 74, 0x0000000000000004 | 1.10 1.15 1.23 | cpu  512838583 567022467 42096612 8567342950 15980246 0 4320954 40732 0 0
1791359180 2812, 13801, 74, 0x0000000000000004 | 1.10 1.15 1.23 | cpu  512838688 567022467 42096620 8567347830 15980246 0 4320955 40732 0 0
1791359181 2790, 13801, 74, 0x0000000000000004 | 1.10 1.15 1.23 | cpu  512838790 567022467 42096632 8567352694 15980246 0 4320955 40732 0 0
1791359182 2715, 13801, 73, 0x0000000000000004 | 1.09 1.15 1.23 | cpu  512838895 567022467 42096642 8567357586 15980246 0 4320955 40732 0 0
1791359183 2805, 13801, 73, 0x0000000000000004 | 1.09 1.15 1.23 | cpu  512838996 567022467 42096652 8567362463 15980246 0 4320955 40732 0 0
1791359184 2722, 13801, 74, 0x0000000000000004 | 1.09 1.15 1.23 | cpu  512839101 567022467 42096661 8567367352 15980247 0 4320955 40732 0 0
1791359185 2797, 13801, 75, 0x0000000000000004 | 1.09 1.15 1.23 | cpu  512839207 567022467 42096670 8567372241 15980247 0 4320956 40732 0 0
1791359186 2722, 13801, 73, 0x0000000000000004 | 1.09 1.15 1.23 | cpu  512839308 567022467 42096684 8567377141 15980247 0 4320956 40732 0 0
1791359187 2827, 13801, 74, 0x0000000000000004 | 1.08 1.14 1.23 | cpu  512839416 567022467 42096690 8567382031 15980247 0 4320956 40732 0 0
1791359188 2797, 13801, 73, 0x0000000000000004 | 1.08 1.14 1.23 | cpu  512839518 567022467 42096705 8567386912 15980247 0 4320956 40732 0 0
1791359189 2715, 13801, 74, 0x0000000000000004 | 1.08 1.14 1.23 | cpu  512839624 567022467 42096714 8567391806 15980247 0 4320956 40732 0 0
1791359190 2790, 13801, 73, 0x0000000000000004 | 1.08 1.14 1.23 | cpu  512839726 567022467 42096726 8567396707 15980247 0 4320956 40732 0 0
1791359191 2730, 13801, 74, 0x0000000000000004 | 1.08 1.14 1.23 | cpu  512839841 567022467 42096738 8567401573 15980247 0 4320957 40732 0 0
1791359192 2820, 13801, 74, 0x0000000000000004 | 1.16 1.16 1.24 | cpu  512839949 567022467 42096755 8567406472 15980248 0 4320957 40732 0 0
1791359193 2805, 13801, 74, 0x0000000000000004 | 1.16 1.16 1.24 | cpu  512840051 567022467 42096768 8567411365 15980252 0 4320957 40732 0 0
1791359194 2722, 13801, 73, 0x0000000000000004 | 1.16 1.16 1.24 | cpu  512840157 567022467 42096778 8567416251 15980252 0 4320957 40732 0 0
1791359195 2790, 13801, 73, 0x0000000000000004 | 1.16 1.16 1.24 | cpu  512840260 567022467 42096789 8567421138 15980252 0 4320957 40732 0 0
1791359196 2715, 13801, 74, 0x0000000000000004 | 1.14 1.16 1.23 | cpu  512840365 567022467 42096800 8567426025 15980252 0 4320957 40732 0 0
1791359197 2782, 13801, 74, 0x0000000000000004 | 1.14 1.16 1.23 | cpu  512840471 567022467 42096808 8567430917 15980252 0 4320957 40732 0 0
1791359199 2737, 13801, 73, 0x0000000000000004 | 1.14 1.16 1.23 | cpu  512840573 567022467 42096822 8567435807 15980252 0 4320957 40732 0 0
1791359200 2820, 13801, 74, 0x0000000000000004 | 1.14 1.16 1.23 | cpu  512840683 567022467 42096832 8567440691 15980252 0 4320957 40732 0 0
1791359201 2805, 13801, 74, 0x0000000000000004 | 1.14 1.16 1.23 | cpu  512840783 567022467 42096849 8567445634 15980252 0 4320957 40732 0 0
1791359202 2730, 13801, 74, 0x0000000000000004 | 1.13 1.15 1.23 | cpu  512840889 567022467 42096858 8567450542 15980252 0 4320957 40732 0 0
1791359203 2805, 13801, 74, 0x0000000000000004 | 1.13 1.15 1.23 | cpu  512840992 567022467 42096869 8567455433 15980252 0 4320958 40732 0 0
1791359204 2790, 13801, 75, 0x0000000000000004 | 1.13 1.15 1.23 | cpu  512841094 567022467 42096881 8567460319 15980252 0 4320958 40732 0 0
1791359205 2797, 13801, 74, 0x0000000000000004 | 1.13 1.15 1.23 | cpu  512841201 567022467 42096890 8567465212 15980255 0 4320958 40732 0 0
1791359206 2790, 13801, 73, 0x0000000000000004 | 1.13 1.15 1.23 | cpu  512841303 567022467 42096906 8567470093 15980255 0 4320959 40732 0 0
1791359207 2722, 13801, 73, 0x0000000000000004 | 1.12 1.15 1.23 | cpu  512841413 567022467 42096934 8567474968 15980255 0 4320959 40732 0 0
1791359208 2827, 13801, 75, 0x0000000000000004 | 1.12 1.15 1.23 | cpu  512841516 567022467 42096962 8567479846 15980255 0 4320959 40732 0 0
1791359209 2722, 13801, 73, 0x0000000000000004 | 1.12 1.15 1.23 | cpu  512841620 567022467 42096971 8567484734 15980255 0 4320959 40732 0 0
1791359210 2827, 13801, 74, 0x0000000000000004 | 1.12 1.15 1.23 | cpu  512841726 567022467 42096979 8567489618 15980255 0 4320960 40732 0 0
1791359211 2767, 13801, 73, 0x0000000000000004 | 1.12 1.15 1.23 | cpu  512841826 567022467 42096997 8567494495 15980257 0 4320961 40732 0 0
1791359212 2760, 13801, 74, 0x0000000000000004 | 1.11 1.15 1.23 | cpu  512841931 567022467 42097006 8567499402 15980257 0 4320961 40732 0 0
1791359213 2737, 13801, 75, 0x0000000000000004 | 1.11 1.15 1.23 | cpu  512842033 567022467 42097017 8567504289 15980257 0 4320961 40732 0 0
1791359214 2722, 13801, 74, 0x0000000000000004 | 1.11 1.15 1.23 | cpu  512842138 567022467 42097027 8567509173 15980257 0 4320961 40732 0 0
1791359215 2820, 13801, 74, 0x0000000000000004 | 1.11 1.15 1.23 | cpu  512842243 567022467 42097035 8567514055 15980257 0 4320961 40732 0 0
1791359216 2745, 13801, 74, 0x0000000000000004 | 1.11 1.15 1.23 | cpu  512842346 567022467 42097051 8567518963 15980257 0 4320963 40732 0 0
1791359217 2775, 13801, 75, 0x0000000000000004 | 1.10 1.14 1.23 | cpu  512842455 567022467 42097083 8567523830 15980257 0 4320964 40732 0 0
1791359218 2745, 13801, 74, 0x0000000000000004 | 1.10 1.14 1.23 | cpu  512842559 567022467 42097119 8567528698 15980257 0 4320964 40732 0 0
1791359219 2722, 13801, 74, 0x0000000000000004 | 1.10 1.14 1.23 | cpu  512842665 567022467 42097126 8567533580 15980257 0 4320964 40732 0 0
1791359220 2827, 13801, 75, 0x0000000000000004 | 1.10 1.14 1.23 | cpu  512842767 567022467 42097137 8567538453 15980257 0 4320966 40732 0 0
1791359221 2752, 13801, 75, 0x0000000000000004 | 1.09 1.14 1.23 | cpu  512842871 567022467 42097153 8567543346 15980258 0 4320967 40732 0 0
1791359223 2820, 13801, 75, 0x0000000000000004 | 1.09 1.14 1.23 | cpu  512842981 567022467 42097174 8567548258 15980283 0 4320970 40732 0 0
1791359224 2760, 13801, 75, 0x0000000000000004 | 1.09 1.14 1.23 | cpu  512843083 567022467 42097186 8567553146 15980283 0 4320970 40732 0 0
1791359225 2752, 13801, 73, 0x0000000000000004 | 1.09 1.14 1.23 | cpu  512843189 567022467 42097194 8567558008 15980283 0 4320971 40732 0 0
1791359226 2737, 13801, 73, 0x0000000000000004 | 1.09 1.14 1.23 | cpu  512843291 567022467 42097206 8567562894 15980283 0 4320971 40732 0 0
1791359227 2715, 13801, 73, 0x0000000000000004 | 1.09 1.14 1.23 | cpu  512843397 567022467 42097213 8567567748 15980299 0 4320971 40732 0 0
1791359228 2820, 13801, 74, 0x0000000000000004 | 1.09 1.14 1.23 | cpu  512843505 567022467 42097222 8567572602 15980349 0 4320971 40732 0 0
1791359229 2760, 13801, 74, 0x0000000000000004 | 1.09 1.14 1.23 | cpu  512843606 567022467 42097232 8567577486 15980349 0 4320971 40732 0 0
1791359230 2760, 13801, 73, 0x0000000000000004 | 1.09 1.14 1.23 | cpu  512843712 567022467 42097242 8567582360 15980349 0 4320971 40732 0 0
1791359231 2745, 13801, 74, 0x0000000000000004 | 1.09 1.14 1.23 | cpu  512843811 567022467 42097254 8567587246 15980349 0 4320971 40732 0 0
1791359232 2715, 13801, 73, 0x0000000000000004 | 1.08 1.14 1.22 | cpu  512843916 567022467 42097263 8567592120 15980349 0 4320972 40732 0 0
1791359233 2737, 13801, 75, 0x0000000000000004 | 1.08 1.14 1.22 | cpu  512844017 567022467 42097274 8567597003 15980351 0 4320972 40732 0 0
1791359234 2722, 13801, 74, 0x0000000000000004 | 1.08 1.14 1.22 | cpu  512844125 567022467 42097282 8567601868 15980351 0 4320972 40732 0 0
1791359235 2820, 13801, 75, 0x0000000000000004 | 1.08 1.14 1.22 | cpu  512844229 567022467 42097289 8567606731 15980351 0 4320973 40732 0 0
1791359236 2775, 13801, 74, 0x0000000000000004 | 1.08 1.14 1.22 | cpu  512844329 567022467 42097305 8567611588 15980351 0 4320973 40732 0 0
1791359237 2752, 13801, 74, 0x0000000000000004 | 1.07 1.13 1.22 | cpu  512844434 567022467 42097311 8567616446 15980351 0 4320973 40732 0 0
1791359238 2752, 13801, 73, 0x0000000000000000 | 1.07 1.13 1.22 | cpu  512844538 567022467 42097326 8567621315 15980365 0 4320974 40733 0 0
1791359239 2715, 13801, 74, 0x0000000000000004 | 1.07 1.13 1.22 | cpu  512844643 567022467 42097334 8567626199 15980365 0 4320974 40733 0 0
1791359240 2827, 13801, 74, 0x0000000000000004 | 1.07 1.13 1.22 | cpu  512844748 567022467 42097342 8567631070 15980365 0 4320974 40733 0 0
1791359241 2752, 13801, 73, 0x0000000000000000 | 1.07 1.13 1.22 | cpu  512844849 567022467 42097360 8567635975 15980365 0 4320976 40733 0 0
1791359242 2722, 13801, 73, 0x0000000000000004 | 1.15 1.15 1.23 | cpu  512844953 567022467 42097369 8567640866 15980365 0 4320976 40733 0 0
1791359243 2745, 13801, 73, 0x0000000000000000 | 1.15 1.15 1.23 | cpu  512845057 567022467 42097382 8567645732 15980368 0 4320977 40733 0 0
1791359244 2722, 13801, 74, 0x0000000000000004 | 1.15 1.15 1.23 | cpu  512845162 567022467 42097389 8567650601 15980368 0 4320977 40733 0 0
1791359245 2820, 13801, 74, 0x0000000000000004 | 1.15 1.15 1.23 | cpu  512845268 567022467 42097402 8567655498 15980368 0 4320979 40733 0 0
1791359246 2715, 13801, 74, 0x0000000000000004 | 1.13 1.15 1.23 | cpu  512845373 567022467 42097410 8567660386 15980368 0 4320979 40733 0 0
1791359248 2827, 13801, 75, 0x0000000000000004 | 1.13 1.15 1.23 | cpu  512845478 567022467 42097418 8567665280 15980368 0 4320980 40733 0 0
1791359249 2760, 13801, 74, 0x0000000000000004 | 1.13 1.15 1.23 | cpu  512845580 567022467 42097430 8567670174 15980368 0 4320981 40733 0 0
1791359250 2730, 13801, 74, 0x0000000000000004 | 1.13 1.15 1.23 | cpu  512845684 567022467 42097437 8567675049 15980368 0 4320981 40733 0 0
1791359251 2745, 13801, 71, 0x0000000000000000 | 1.13 1.15 1.23 | cpu  512845784 567022467 42097452 8567679934 15980368 0 4320981 40733 0 0
1791359252 2730, 13801, 74, 0x0000000000000004 | 1.12 1.14 1.22 | cpu  512845891 567022467 42097461 8567684829 15980368 0 4320982 40733 0 0
1791359253 2820, 13801, 75, 0x0000000000000004 | 1.12 1.14 1.22 | cpu  512845997 567022467 42097470 8567689723 15980369 0 4320983 40733 0 0
1791359254 2760, 13801, 73, 0x0000000000000004 | 1.12 1.14 1.22 | cpu  512846100 567022467 42097481 8567694600 15980369 0 4320985 40733 0 0
1791359255 2722, 13801, 73, 0x0000000000000004 | 1.12 1.14 1.22 | cpu  512846206 567022467 42097489 8567699488 15980369 0 4320985 40733 0 0
1791359256 2745, 13801, 72, 0x0000000000000004 | 1.12 1.14 1.22 | cpu  512846309 567022467 42097499 8567704395 15980369 0 4320986 40733 0 0
1791359257 2722, 13801, 73, 0x0000000000000004 | 1.11 1.14 1.22 | cpu  512846415 567022467 42097507 8567709277 15980369 0 4320986 40733 0 0
1791359258 2752, 13801, 75, 0x0000000000000004 | 1.11 1.14 1.22 | cpu  512846517 567022467 42097520 8567714209 15980369 0 4320987 40733 0 0
1791359259 2715, 13801, 73, 0x0000000000000004 | 1.11 1.14 1.22 | cpu  512846622 567022467 42097530 8567719116 15980369 0 4320987 40733 0 0
1791359260 2820, 13801, 74, 0x0000000000000004 | 1.11 1.14 1.22 | cpu  512846727 567022467 42097538 8567724016 15980369 0 4320988 40733 0 0
1791359261 2767, 13801, 75, 0x0000000000000004 | 1.11 1.14 1.22 | cpu  512846829 567022467 42097552 8567728920 15980370 0 4320988 40733 0 0
1791359262 2737, 13801, 73, 0x0000000000000004 | 1.10 1.14 1.22 | cpu  512846935 567022467 42097562 8567733822 15980370 0 4320988 40733 0 0
1791359263 2752, 13801, 73, 0x0000000000000000 | 1.10 1.14 1.22 | cpu  512847038 567022467 42097573 8567738717 15980370 0 4320989 40733 0 0
1791359264 2715, 13801, 73, 0x0000000000000004 | 1.10 1.14 1.22 | cpu  512847142 567022467 42097583 8567743612 15980370 0 4320990 40733 0 0
1791359265 2820, 13801, 74, 0x0000000000000004 | 1.10 1.14 1.22 | cpu  512847246 567022467 42097592 8567748508 15980370 0 4320991 40733 0 0
1791359266 2752, 13801, 73, 0x0000000000000004 | 1.10 1.14 1.22 | cpu  512847353 567022467 42097607 8567753383 15980372 0 4320992 40733 0 0
1791359267 2745, 13801, 74, 0x0000000000000004 | 1.10 1.14 1.22 | cpu  512847461 567022467 42097616 8567758309 15980372 0 4320993 40733 0 0
1791359268 2752, 13801, 73, 0x0000000000000000 | 1.10 1.14 1.22 | cpu  512847569 567022467 42097627 8567763204 15980373 0 4320993 40733 0 0
1791359269 2752, 13801, 73, 0x0000000000000004 | 1.10 1.14 1.22 | cpu  512847676 567022467 42097647 8567768068 15980373 0 4320993 40733 0 0
1791359270 2737, 13801, 74, 0x0000000000000000 | 1.10 1.14 1.22 | cpu  512847778 567022467 42097658 8567772960 15980373 0 4320993 40733 0 0
1791359272 2715, 13801, 74, 0x0000000000000004 | 1.09 1.13 1.22 | cpu  512847885 567022467 42097666 8567777855 15980373 0 4320993 40733 0 0
1791359273 2827, 13801, 74, 0x0000000000000004 | 1.09 1.13 1.22 | cpu  512847992 567022467 42097674 8567782775 15980373 0 4320994 40733 0 0
1791359274 2752, 13801, 73, 0x0000000000000004 | 1.09 1.13 1.22 | cpu  512848092 567022467 42097689 8567787671 15980373 0 4320995 40733 0 0
1791359275 2745, 13801, 75, 0x0000000000000004 | 1.09 1.13 1.22 | cpu  512848197 567022467 42097697 8567792559 15980373 0 4320995 40733 0 0
1791359276 2730, 13801, 74, 0x0000000000000004 | 1.09 1.13 1.22 | cpu  512848300 567022467 42097707 8567797464 15980373 0 4320995 40733 0 0
1791359277 2715, 13801, 73, 0x0000000000000004 | 1.08 1.13 1.22 | cpu  512848405 567022467 42097716 8567802357 15980373 0 4320996 40733 0 0
1791359278 2827, 13801, 75, 0x0000000000000004 | 1.08 1.13 1.22 | cpu  512848511 567022467 42097729 8567807340 15980378 0 4320996 40733 0 0
1791359279 2760, 13801, 73, 0x0000000000000004 | 1.08 1.13 1.22 | cpu  512848615 567022467 42097741 8567812248 15980378 0 4320997 40733 0 0
1791359280 2730, 13801, 73, 0x0000000000000004 | 1.08 1.13 1.22 | cpu  512848738 567022467 42097773 8567817109 15980378 0 4320997 40733 0 0
1791359281 2752, 13801, 73, 0x0000000000000000 | 1.08 1.13 1.22 | cpu  512848841 567022467 42097820 8567821975 15980378 0 4320997 40733 0 0
1791359282 2737, 13801, 74, 0x0000000000000004 | 1.07 1.13 1.22 | cpu  512848946 567022467 42097831 8567826871 15980378 0 4320997 40733 0 0
1791359283 2737, 13801, 73, 0x0000000000000004 | 1.07 1.13 1.22 | cpu  512849051 567022467 42097840 8567831791 15980378 0 4320997 40733 0 0
1791359284 2715, 13801, 73, 0x0000000000000004 | 1.07 1.13 1.22 | cpu  512849165 567022467 42097855 8567836665 15980378 0 4320999 40733 0 0
1791359285 2827, 13801, 75, 0x0000000000000004 | 1.07 1.13 1.22 | cpu  512849273 567022467 42097863 8567841553 15980381 0 4320999 40733 0 0
1791359286 2745, 13801, 73, 0x0000000000000004 | 1.07 1.13 1.22 | cpu  512849379 567022467 42097875 8567846442 15980381 0 4320999 40733 0 0
1791359287 2775, 13801, 73, 0x0000000000000004 | 1.07 1.13 1.21 | cpu  512849490 567022467 42097921 8567851283 15980381 0 4321000 40733 0 0
1791359288 2752, 13801, 74, 0x0000000000000004 | 1.07 1.13 1.21 | cpu  512849591 567022467 42097934 8567856193 15980381 0 4321001 40733 0 0
1791359289 2715, 13801, 73, 0x0000000000000004 | 1.07 1.13 1.21 | cpu  512849696 567022467 42097943 8567861090 15980381 0 4321001 40733 0 0
1791359290 2827, 13801, 74, 0x0000000000000004 | 1.07 1.13 1.21 | cpu  512849797 567022467 42097960 8567865981 15980391 0 4321001 40733 0 0
1791359291 2745, 13801, 74, 0x0000000000000004 | 1.07 1.13 1.21 | cpu  512849904 567022467 42097972 8567870876 15980400 0 4321001 40733 0 0
1791359292 2782, 13801, 74, 0x0000000000000004 | 1.06 1.12 1.21 | cpu  512850009 567022467 42097982 8567875795 15980400 0 4321001 40733 0 0
1791359293 2737, 13801, 75, 0x0000000000000004 | 1.06 1.12 1.21 | cpu  512850111 567022467 42097994 8567880691 15980400 0 4321002 40733 0 0
1791359295 2797, 13801, 74, 0x0000000000000004 | 1.06 1.12 1.21 | cpu  512850217 567022467 42098001 8567885581 15980400 0 4321002 40733 0 0
1791359296 2782, 13801, 75, 0x0000000000000004 | 1.06 1.12 1.21 | cpu  512850322 567022467 42098013 8567890485 15980405 0 4321002 40733 0 0
1791359297 2722, 13801, 74, 0x0000000000000004 | 1.06 1.12 1.21 | cpu  512850428 567022467 42098022 8567895371 15980405 0 4321002 40733 0 0
1791359298 2827, 13801, 74, 0x0000000000000004 | 1.06 1.12 1.21 | cpu  512850534 567022467 42098031 8567900277 15980405 0 4321003 40733 0 0
1791359299 2745, 13801, 74, 0x0000000000000004 | 1.06 1.12 1.21 | cpu  512850638 567022467 42098042 8567905165 15980414 0 4321003 40733 0 0
1791359300 2790, 13801, 74, 0x0000000000000004 | 1.06 1.12 1.21 | cpu  512850746 567022467 42098052 8567910057 15980414 0 4321003 40733 0 0
1791359301 2775, 13801, 74, 0x0000000000000004 | 1.06 1.12 1.21 | cpu  512850848 567022467 42098064 8567914955 15980414 0 4321003 40733 0 0
1791359302 2730, 13801, 74, 0x0000000000000004 | 1.05 1.12 1.21 | cpu  512850955 567022467 42098072 8567919847 15980414 0 4321003 40733 0 0
1791359303 2820, 13801, 75, 0x0000000000000004 | 1.05 1.12 1.21 | cpu  512851066 567022467 42098108 8567924739 15980414 0 4321003 40733 0 0
1791359304 2730, 13801, 74, 0x0000000000000004 | 1.05 1.12 1.21 | cpu  512851171 567022467 42098131 8567929622 15980415 0 4321004 40733 0 0
1791359305 2827, 13801, 74, 0x0000000000000004 | 1.05 1.12 1.21 | cpu  512851276 567022467 42098140 8567934517 15980415 0 4321004 40733 0 0
1791359306 2722, 13801, 73, 0x0000000000000004 | 1.05 1.12 1.21 | cpu  512851380 567022467 42098150 8567939407 15980415 0 4321004 40733 0 0
1791359307 2820, 13801, 73, 0x0000000000000004 | 1.05 1.12 1.21 | cpu  512851485 567022467 42098160 8567944296 15980416 0 4321004 40733 0 0
1791359308 2782, 13801, 75, 0x0000000000000004 | 1.05 1.12 1.21 | cpu  512851587 567022467 42098172 8567949182 15980416 0 4321004 40733 0 0
1791359309 2715, 13801, 74, 0x0000000000000004 | 1.05 1.12 1.21 | cpu  512851693 567022467 42098180 8567954069 15980416 0 4321004 40733 0 0
1791359310 2820, 13801, 74, 0x0000000000000004 | 1.05 1.12 1.21 | cpu  512851795 567022467 42098194 8567958987 15980416 0 4321004 40733 0 0
1791359311 2737, 13801, 74, 0x0000000000000004 | 1.05 1.12 1.21 | cpu  512851899 567022467 42098202 8567963872 15980416 0 4321004 40733 0 0
1791359312 2812, 13801, 74, 0x0000000000000004 | 1.04 1.12 1.21 | cpu  512852005 567022467 42098210 8567968774 15980416 0 4321004 40733 0 0
1791359313 2790, 13801, 74, 0x0000000000000004 | 1.04 1.12 1.21 | cpu  512852107 567022467 42098223 8567973674 15980416 0 4321004 40733 0 0
1791359314 2722, 13801, 74, 0x0000000000000004 | 1.04 1.12 1.21 | cpu  512852215 567022467 42098234 8567978560 15980417 0 4321004 40733 0 0
1791359315 2805, 13801, 74, 0x0000000000000004 | 1.04 1.12 1.21 | cpu  512852317 567022467 42098246 8567983449 15980417 0 4321004 40733 0 0
1791359316 2715, 13801, 73, 0x0000000000000004 | 1.04 1.12 1.21 | cpu  512852423 567022467 42098256 8567988327 15980417 0 4321004 40733 0 0
1791359317 2805, 13801, 73, 0x0000000000000004 | 1.04 1.11 1.21 | cpu  512852528 567022467 42098265 8567993226 15980417 0 4321004 40733 0 0
1791359319 2797, 13801, 74, 0x0000000000000004 | 1.04 1.11 1.21 | cpu  512852630 567022467 42098280 8567998158 15980417 0 4321004 40733 0 0
1791359320 2805, 13801, 74, 0x0000000000000004 | 1.04 1.11 1.21 | cpu  512852735 567022467 42098287 8568003055 15980417 0 4321004 40733 0 0
1791359321 2782, 13801, 74, 0x0000000000000004 | 1.04 1.11 1.21 | cpu  512852837 567022467 42098300 8568007954 15980417 0 4321004 40733 0 0
1791359322 2722, 13801, 73, 0x0000000000000004 | 1.04 1.11 1.20 | cpu  512852943 567022467 42098307 8568012839 15980417 0 4321004 40733 0 0
1791359323 2820, 13801, 75, 0x0000000000000004 | 1.04 1.11 1.20 | cpu  512853048 567022467 42098320 8568017750 15980417 0 4321004 40733 0 0
1791359324 2730, 13801, 73, 0x0000000000000004 | 1.04 1.11 1.20 | cpu  512853153 567022467 42098330 8568022650 15980417 0 4321004 40733 0 0
1791359325 2812, 13801, 73, 0x0000000000000004 | 1.04 1.11 1.20 | cpu  512853259 567022467 42098338 8568027548 15980418 0 4321004 40733 0 0
1791359326 2790, 13801, 75, 0x0000000000000004 | 1.04 1.11 1.20 | cpu  512853364 567022467 42098352 8568032440 15980418 0 4321004 40733 0 0
1791359327 2715, 13801, 73, 0x0000000000000004 | 1.03 1.11 1.20 | cpu  512853469 567022467 42098359 8568037336 15980418 0 4321004 40733 0 0
1791359328 2790, 13801, 74, 0x0000000000000004 | 1.03 1.11 1.20 | cpu  512853572 567022467 42098371 8568042244 15980418 0 4321004 40733 0 0
1791359329 2715, 13801, 74, 0x0000000000000004 | 1.03 1.11 1.20 | cpu  512853677 567022467 42098380 8568047131 15980418 0 4321004 40733 0 0
1791359330 2812, 13801, 74, 0x0000000000000004 | 1.03 1.11 1.20 | cpu  512853781 567022467 42098387 8568052037 15980418 0 4321004 40733 0 0
1791359331 2730, 13801, 74, 0x0000000000000004 | 1.03 1.11 1.20 | cpu  512853884 567022467 42098400 8568056926 15980418 0 4321004 40733 0 0
1791359332 2820, 13801, 74, 0x0000000000000004 | 1.03 1.11 1.20 | cpu  512853990 567022467 42098408 8568061816 15980418 0 4321004 40733 0 0
1791359333 2790, 13801, 74, 0x0000000000000004 | 1.03 1.11 1.20 | cpu  512854093 567022467 42098418 8568066701 15980418 0 4321004 40733 0 0
1791359334 2715, 13801, 73, 0x0000000000000004 | 1.03 1.11 1.20 | cpu  512854203 567022467 42098427 8568071592 15980418 0 4321004 40733 0 0
1791359335 2805, 13801, 73, 0x0000000000000004 | 1.03 1.11 1.20 | cpu  512854310 567022467 42098474 8568076454 15980418 0 4321004 40733 0 0
1791359336 2737, 13801, 73, 0x0000000000000004 | 1.03 1.11 1.20 | cpu  512854417 567022467 42098484 8568081356 15980419 0 4321005 40733 0 0
1791359337 2827, 13801, 74, 0x0000000000000004 | 1.03 1.11 1.20 | cpu  512854525 567022467 42098494 8568086249 15980419 0 4321005 40733 0 0
1791359338 2790, 13801, 74, 0x0000000000000004 | 1.03 1.11 1.20 | cpu  512854629 567022467 42098506 8568091162 15980419 0 4321005 40733 0 0
1791359339 2722, 13801, 74, 0x0000000000000004 | 1.03 1.11 1.20 | cpu  512854735 567022467 42098514 8568096067 15980419 0 4321005 40733 0 0
1791359340 2820, 13801, 73, 0x0000000000000004 | 1.03 1.11 1.20 | cpu  512854837 567022467 42098532 8568100976 15980419 0 4321005 40733 0 0
1791359342 2722, 13801, 73, 0x0000000000000004 | 1.02 1.10 1.20 | cpu  512854945 567022467 42098544 8568105877 15980421 0 4321005 40733 0 0
1791359343 2812, 13801, 73, 0x0000000000000004 | 1.02 1.10 1.20 | cpu  512855054 567022467 42098572 8568110750 15980421 0 4321005 40733 0 0
1791359344 2737, 13801, 74, 0x0000000000000004 | 1.02 1.10 1.20 | cpu  512855159 567022467 42098618 8568115620 15980421 0 4321005 40733 0 0
1791359345 2820, 13801, 74, 0x0000000000000004 | 1.02 1.10 1.20 | cpu  512855264 567022467 42098626 8568120504 15980421 0 4321005 40733 0 0
1791359346 2790, 13801, 74, 0x0000000000000004 | 1.02 1.10 1.20 | cpu  512855366 567022467 42098637 8568125408 15980421 0 4321005 40733 0 0
1791359347 2730, 13801, 73, 0x0000000000000004 | 1.02 1.10 1.20 | cpu  512855475 567022467 42098652 8568130285 15980424 0 4321006 40733 0 0
1791359348 2820, 13801, 74, 0x0000000000000004 | 1.02 1.10 1.20 | cpu  512855575 567022467 42098666 8568135176 15980424 0 4321006 40733 0 0
1791359349 2797, 13801, 74, 0x0000000000000004 | 1.02 1.10 1.20 | cpu  512855680 567022467 42098679 8568140067 15980424 0 4321007 40733 0 0
1791359350 2760, 13801, 74, 0x0000000000000004 | 1.02 1.10 1.20 | cpu  512855789 567022467 42098688 8568144965 15980424 0 4321007 40733 0 0
1791359351 2745, 13801, 73, 0x0000000000000004 | 1.02 1.10 1.20 | cpu  512855892 567022467 42098703 8568149864 15980424 0 4321007 40733 0 0
1791359352 2775, 13801, 73, 0x0000000000000004 | 1.02 1.10 1.20 | cpu  512856001 567022467 42098741 8568154733 15980424 0 4321007 40733 0 0
1791359353 2752, 13801, 74, 0x0000000000000004 | 1.02 1.10 1.20 | cpu  512856103 567022467 42098755 8568159646 15980426 0 4321007 40733 0 0
1791359354 2722, 13801, 74, 0x0000000000000004 | 1.02 1.10 1.20 | cpu  512856209 567022467 42098765 8568164545 15980426 0 4321007 40733 0 0
1791359355 2827, 13801, 74, 0x0000000000000004 | 1.02 1.10 1.20 | cpu  512856314 567022467 42098774 8568169454 15980426 0 4321007 40733 0 0
1791359356 2745, 13801, 74, 0x0000000000000004 | 1.02 1.10 1.20 | cpu  512856416 567022467 42098786 8568174350 15980426 0 4321008 40733 0 0
1791359357 2797, 13801, 73, 0x0000000000000004 | 1.02 1.10 1.19 | cpu  512856521 567022467 42098796 8568179226 15980430 0 4321008 40733 0 0
1791359358 2812, 13801, 74, 0x0000000000000004 | 1.02 1.10 1.19 | cpu  512856625 567022467 42098806 8568184109 15980435 0 4321008 40733 0 0
1791359359 2812, 13801, 73, 0x0000000000000004 | 1.02 1.10 1.19 | cpu  512856730 567022467 42098815 8568188989 15980435 0 4321009 40733 0 0
1791359360 2805, 13801, 74, 0x0000000000000004 | 1.02 1.10 1.19 | cpu  512856840 567022467 42098822 8568193883 15980435 0 4321009 40733 0 0
1791359361 2812, 13801, 74, 0x0000000000000004 | 1.02 1.10 1.19 | cpu  512856945 567022467 42098831 8568198791 15980435 0 4321009 40733 0 0
1791359362 2812, 13801, 73, 0x0000000000000004 | 1.02 1.10 1.19 | cpu  512857049 567022467 42098840 8568203674 15980435 0 4321009 40733 0 0
1791359363 2880, 13801, 64, 0x0000000000000000 | 1.02 1.10 1.19 | cpu  512857107 567022467 42098882 8568208548 15980441 0 4321009 40733 0 0
1791359364 2895, 13801, 61, 0x0000000000000000 | 1.02 1.10 1.19 | cpu  512857173 567022467 42098923 8568213420 15980441 0 4321009 40733 0 0
1791359366 2430, 13801, 59, 0x0000000000000000 | 1.02 1.10 1.19 | cpu  512857247 567022467 42098963 8568218286 15980441 0 4321009 40733 0 0
1791359367 2430, 13801, 59, 0x0000000000000000 | 1.02 1.09 1.19 | cpu  512857310 567022467 42099007 8568223155 15980441 0 4321009 40733 0 0
1791359368 2430, 13801, 58, 0x0000000000000000 | 1.02 1.09 1.19 | cpu  512857384 567022467 42099077 8568227996 15980441 0 4321009 40733 0 0
1791359369 2430, 13801, 57, 0x0000000000000000 | 1.02 1.09 1.19 | cpu  512857449 567022467 42099120 8568232868 15980441 0 4321009 40733 0 0
1791359370 2430, 13801, 57, 0x0000000000000000 | 1.02 1.09 1.19 | cpu  512857515 567022467 42099160 8568237744 15980441 0 4321009 40733 0 0
1791359371 2430, 13801, 56, 0x0000000000000000 | 1.02 1.09 1.19 | cpu  512857578 567022467 42099204 8568242618 15980443 0 4321009 40733 0 0
1791359372 2430, 13801, 56, 0x0000000000000000 | 1.01 1.09 1.19 | cpu  512857644 567022467 42099247 8568247488 15980443 0 4321010 40733 0 0
1791359373 2430, 13801, 55, 0x0000000000000000 | 1.01 1.09 1.19 | cpu  512857709 567022467 42099290 8568252363 15980444 0 4321010 40733 0 0
1791359374 2430, 13801, 55, 0x0000000000000000 | 1.01 1.09 1.19 | cpu  512857774 567022467 42099332 8568257228 15980444 0 4321010 40733 0 0
1791359375 2430, 13801, 55, 0x0000000000000000 | 1.01 1.09 1.19 | cpu  512857858 567022467 42099373 8568262098 15980444 0 4321010 40733 0 0
1791359376 2430, 13801, 54, 0x0000000000000000 | 1.01 1.09 1.19 | cpu  512857927 567022467 42099411 8568266977 15980444 0 4321010 40733 0 0
1791359377 2452, 13801, 54, 0x0000000000000000 | 1.01 1.09 1.19 | cpu  512857984 567022467 42099460 8568271841 15980445 0 4321010 40733 0 0
1791359378 2430, 13801, 53, 0x0000000000000000 | 1.01 1.09 1.19 | cpu  512858051 567022467 42099501 8568276727 15980445 0 4321010 40733 0 0
