1791357978 2460, 14001, 52, 0x0000000000000000 | 1.26 1.37 1.40 | cpu  51806097 24682777 4589633 1377293732 5815361 0 176329 3878 0 0
1791357980 2460, 7001, 51, 0x0000000000000000 | 1.26 1.37 1.40 | cpu  51806651 24682777 4589657 1377298226 5815361 0 176331 3878 0 0
1791357981 382, 7001, 50, 0x0000000000000000 | 1.24 1.37 1.39 | cpu  51806748 24682777 4589669 1377303134 5815361 0 176335 3878 0 0
1791357982 382, 7001, 50, 0x0000000000000000 | 1.24 1.37 1.39 | cpu  51806799 24682777 4589683 1377308085 5815362 0 176335 3878 0 0
1791357983 232, 810, 50, 0x0000000000000000 | 1.24 1.37 1.39 | cpu  51806801 24682777 4589695 1377313088 5815362 0 176335 3878 0 0
1791357984 180, 405, 50, 0x0000000000000000 | 1.24 1.37 1.39 | cpu  51807357 24682777 4589705 1377317893 5815362 0 176335 3878 0 0
1791357985 180, 405, 49, 0x0000000000000000 | 1.24 1.37 1.39 | cpu  51807451 24682777 4589721 1377322820 5815362 0 176335 3878 0 0
1791357986 2497, 13801, 50, 0x0000000000000000 | 1.22 1.36 1.39 | cpu  51807863 24682777 4589748 1377327403 5815362 0 176335 3882 0 0
1791357987 2535, 13801, 50, 0x0000000000000000 | 1.22 1.36 1.39 | cpu  51808105 24682777 4589788 1377332189 5815363 0 176336 3882 0 0
1791357988 2497, 13801, 50, 0x0000000000000000 | 1.22 1.36 1.39 | cpu  51808427 24682777 4589806 1377336881 5815364 0 176336 3882 0 0
1791357989 2535, 13801, 51, 0x0000000000000000 | 1.22 1.36 1.39 | cpu  51808701 24682777 4589847 1377341652 5815364 0 176337 3882 0 0
1791357990 2497, 13801, 50, 0x0000000000000000 | 1.22 1.36 1.39 | cpu  51808963 24682777 4589883 1377346326 5815364 0 176337 3882 0 0
1791357991 2497, 13801, 50, 0x0000000000000000 | 1.20 1.35 1.39 | cpu  51809177 24682777 4589942 1377351053 5815365 0 176337 3882 0 0
1791357992 2512, 13801, 49, 0x0000000000000000 | 1.20 1.35 1.39 | cpu  51809469 24682777 4590001 1377355724 5815365 0 176337 3882 0 0
1791357993 2505, 13801, 49, 0x0000000000000000 | 1.20 1.35 1.39 | cpu  51809822 24682777 4590020 1377360365 5815365 0 176337 3882 0 0
1791357994 2505, 13801, 49, 0x0000000000000000 | 1.20 1.35 1.39 | cpu  51810072 24682777 4590074 1377365092 5815365 0 176337 3882 0 0
1791357995 2497, 13801, 49, 0x0000000000000000 | 1.20 1.35 1.39 | cpu  51810353 24682777 4590090 1377369801 5815365 0 176337 3882 0 0
1791357996 2460, 13801, 49, 0x0000000000000000 | 1.18 1.35 1.39 | cpu  51810445 24682777 4590143 1377374629 5815365 0 176337 3882 0 0
1791357997 2505, 13801, 49, 0x0000000000000000 | 1.18 1.35 1.39 | cpu  51810501 24682777 4590193 1377379502 5815365 0 176339 3882 0 0
1791357998 2497, 13801, 49, 0x0000000000000000 | 1.18 1.35 1.39 | cpu  51810593 24682777 4590245 1377384352 5815366 0 176340 3882 0 0
1791358000 2497, 13801, 48, 0x0000000000000000 | 1.18 1.35 1.39 | cpu  51810669 24682777 4590278 1377389265 5815366 0 176340 3882 0 0
1791358001 2460, 13801, 48, 0x0000000000000000 | 1.17 1.34 1.38 | cpu  51810754 24682777 4590301 1377394182 5815366 0 176341 3882 0 0
1791358002 2655, 13801, 48, 0x0000000000000000 | 1.17 1.34 1.38 | cpu  51810859 24682777 4590305 1377399102 5815366 0 176341 3882 0 0
1791358003 2460, 13801, 48, 0x0000000000000000 | 1.17 1.34 1.38 | cpu  51810964 24682777 4590311 1377404027 5815366 0 176341 3882 0 0
1791358004 2460, 13801, 48, 0x0000000000000000 | 1.17 1.34 1.38 | cpu  51811071 24682777 4590316 1377408977 5815367 0 176341 3882 0 0
1791358005 2460, 13801, 48, 0x0000000000000000 | 1.17 1.34 1.38 | cpu  51811149 24682777 4590346 1377413894 5815367 0 176341 3882 0 0
1791358006 2460, 13801, 48, 0x0000000000000000 | 1.16 1.33 1.38 | cpu  51811211 24682777 4590393 1377418813 5815367 0 176341 3882 0 0
1791358007 2460, 13801, 47, 0x0000000000000000 | 1.16 1.33 1.38 | cpu  51811281 24682777 4590437 1377423766 5815367 0 176341 3882 0 0
1791358008 2460, 13801, 47, 0x0000000000000000 | 1.16 1.33 1.38 | cpu  51811347 24682777 4590479 1377428682 5815367 0 176341 3882 0 0
1791358009 2460, 13801, 47, 0x0000000000000000 | 1.16 1.33 1.38 | cpu  51811409 24682777 4590525 1377433564 5815367 0 176341 3882 0 0
1791358010 2460, 13801, 47, 0x0000000000000000 | 1.16 1.33 1.38 | cpu  51811478 24682777 4590570 1377438436 5815367 0 176342 3882 0 0
1791358011 2460, 13801, 47, 0x0000000000000000 | 1.22 1.35 1.38 | cpu  51811540 24682777 4590616 1377443348 5815369 0 176342 3882 0 0
1791358012 2460, 13801, 47, 0x0000000000000000 | 1.22 1.35 1.38 | cpu  51811604 24682777 4590663 1377448304 5815369 0 176342 3882 0 0
1791358013 2460, 13801, 47, 0x0000000000000000 | 1.22 1.35 1.38 | cpu  51811668 24682777 4590711 1377453268 5815369 0 176342 3882 0 0
1791358014 2460, 13801, 47, 0x0000000000000000 | 1.22 1.35 1.38 | cpu  51811729 24682777 4590760 1377458223 5815369 0 176343 3882 0 0
1791358015 2460, 13801, 47, 0x0000000000000000 | 1.22 1.35 1.38 | cpu  51811795 24682777 4590805 1377463175 5815369 0 176343 3882 0 0
1791358016 2460, 13801, 46, 0x0000000000000000 | 1.29 1.36 1.39 | cpu  51811863 24682777 4590846 1377468083 5815369 0 176343 3882 0 0
1791358017 2460, 13801, 46, 0x0000000000000000 | 1.29 1.36 1.39 | cpu  51811924 24682777 4590894 1377472956 5815370 0 176343 3882 0 0
1791358018 2460, 13801, 46, 0x0000000000000000 | 1.29 1.36 1.39 | cpu  51811993 24682777 4590944 1377477811 5815370 0 176343 3882 0 0
1791358019 2460, 13801, 46, 0x0000000000000000 | 1.29 1.36 1.39 | cpu  51812062 24682777 4591018 1377482676 5815370 0 176345 3882 0 0
1791358020 2460, 13801, 46, 0x0000000000000000 | 1.26 1.35 1.39 | cpu  51812130 24682777 4591081 1377487610 5815370 0 176346 3882 0 0
1791358022 2460, 13801, 46, 0x0000000000000000 | 1.26 1.35 1.39 | cpu  51812217 24682777 4591150 1377492535 5815370 0 176358 3882 0 0
1791358023 2460, 13801, 46, 0x0000000000000000 | 1.26 1.35 1.39 | cpu  51812284 24682777 4591237 1377497403 5815381 0 176359 3882 0 0
1791358024 2460, 13801, 46, 0x0000000000000000 | 1.26 1.35 1.39 | cpu  51812351 24682777 4591281 1377502300 5815381 0 176359 3882 0 0
1791358025 2460, 13801, 46, 0x0000000000000000 | 1.26 1.35 1.39 | cpu  51812416 24682777 4591332 1377507196 5815381 0 176360 3882 0 0
1791358026 2460, 13801, 46, 0x0000000000000000 | 1.24 1.35 1.38 | cpu  51812481 24682777 4591378 1377512136 5815381 0 176360 3882 0 0
1791358027 2460, 13801, 45, 0x0000000000000000 | 1.24 1.35 1.38 | cpu  51812545 24682777 4591423 1377517085 5815381 0 176360 3882 0 0
1791358028 2460, 13801, 45, 0x0000000000000000 | 1.24 1.35 1.38 | cpu  51812612 24682777 4591468 1377522052 5815381 0 176360 3882 0 0
1791358029 2460, 13801, 45, 0x0000000000000000 | 1.24 1.35 1.38 | cpu  51812683 24682777 4591510 1377526966 5815397 0 176360 3882 0 0
1791358030 2460, 13801, 45, 0x0000000000000000 | 1.24 1.35 1.38 | cpu  51812741 24682777 4591562 1377531882 5815405 0 176360 3882 0 0
1791358031 2460, 13801, 45, 0x0000000000000000 | 1.22 1.34 1.38 | cpu  51812804 24682777 4591611 1377536855 5815405 0 176360 3882 0 0
1791358032 2460, 13801, 45, 0x0000000000000000 | 1.22 1.34 1.38 | cpu  51812863 24682777 4591662 1377541799 5815405 0 176361 3882 0 0
1791358033 2460, 13801, 45, 0x0000000000000000 | 1.22 1.34 1.38 | cpu  51812934 24682777 4591710 1377546729 5815405 0 176361 3882 0 0
1791358034 2460, 13801, 45, 0x0000000000000000 | 1.22 1.34 1.38 | cpu  51812999 24682777 4591763 1377551695 5815405 0 176361 3882 0 0
1791358035 2460, 13801, 45, 0x0000000000000000 | 1.22 1.34 1.38 | cpu  51813069 24682777 4591820 1377556620 5815406 0 176361 3882 0 0
1791358036 2460, 13801, 45, 0x0000000000000000 | 1.36 1.37 1.39 | cpu  51813135 24682777 4591899 1377561497 5815406 0 176361 3882 0 0
1791358037 2460, 13801, 45, 0x0000000000000000 | 1.36 1.37 1.39 | cpu  51813196 24682777 4591946 1377566388 5815406 0 176361 3882 0 0
1791358038 2460, 13801, 45, 0x0000000000000000 | 1.36 1.37 1.39 | cpu  51813268 24682777 4591983 1377571304 5815406 0 176362 3882 0 0
1791358039 2460, 13801, 45, 0x0000000000000000 | 1.36 1.37 1.39 | cpu  51813370 24682777 4591994 1377576300 5815407 0 176362 3882 0 0
1791358040 2895, 13801, 55, 0x0000000000000004 | 1.34 1.36 1.39 | cpu  51813477 24682777 4592000 1377581294 5815416 0 176363 3882 0 0
1791358042 2895, 13801, 57, 0x0000000000000004 | 1.34 1.36 1.39 | cpu  51813584 24682777 4592004 1377586252 5815416 0 176363 3882 0 0
1791358043 2895, 13801, 56, 0x0000000000000004 | 1.34 1.36 1.39 | cpu  51813695 24682777 4592009 1377591166 5815416 0 176363 3882 0 0
1791358044 2895, 13801, 57, 0x0000000000000004 | 1.34 1.36 1.39 | cpu  51813801 24682777 4592013 1377596073 5815416 0 176363 3882 0 0
1791358045 2895, 13801, 58, 0x0000000000000004 | 1.34 1.36 1.39 | cpu  51813909 24682777 4592017 1377601010 5815416 0 176363 3882 0 0
1791358046 2925, 13801, 57, 0x0000000000000004 | 1.31 1.35 1.38 | cpu  51814001 24682777 4592040 1377605965 5815418 0 176363 3882 0 0
1791358047 2842, 13801, 55, 0x0000000000000004 | 1.31 1.35 1.38 | cpu  51814097 24682777 4592065 1377610932 5815418 0 176363 3882 0 0
1791358048 2850, 13801, 60, 0x0000000000000004 | 1.31 1.35 1.38 | cpu  51814202 24682777 4592080 1377615926 5815418 0 176363 3882 0 0
1791358049 2827, 13801, 56, 0x0000000000000004 | 1.31 1.35 1.38 | cpu  51814310 24682777 4592098 1377621002 5815418 0 176363 3882 0 0
1791358050 2805, 13801, 59, 0x0000000000000004 | 1.31 1.35 1.38 | cpu  51814425 24682777 4592111 1377626003 5815418 0 176363 3882 0 0
1791358051 2895, 13801, 60, 0x0000000000000004 | 1.28 1.35 1.38 | cpu  51814532 24682777 4592123 1377630964 5815418 0 176363 3882 0 0
1791358052 2850, 13801, 59, 0x0000000000000004 | 1.28 1.35 1.38 | cpu  51814639 24682777 4592182 1377635840 5815418 0 176364 3882 0 0
1791358053 2782, 13801, 59, 0x0000000000000004 | 1.28 1.35 1.38 | cpu  51814747 24682777 4592192 1377640789 5815419 0 176364 3882 0 0
1791358054 2827, 13801, 59, 0x0000000000000004 | 1.28 1.35 1.38 | cpu  51814857 24682777 4592209 1377645760 5815419 0 176364 3883 0 0
1791358055 2842, 13801, 60, 0x0000000000000004 | 1.28 1.35 1.38 | cpu  51814965 24682777 4592230 1377650720 5815420 0 176364 3883 0 0
1791358056 2895, 13801, 61, 0x0000000000000004 | 1.26 1.34 1.38 | cpu  51815075 24682777 4592248 1377655708 5815427 0 176364 3883 0 0
1791358057 2805, 13801, 61, 0x0000000000000004 | 1.26 1.34 1.38 | cpu  51815179 24682777 4592264 1377660703 5815427 0 176364 3883 0 0
1791358058 2895, 13801, 61, 0x0000000000000004 | 1.26 1.34 1.38 | cpu  51815287 24682777 4592278 1377665636 5815427 0 176364 3883 0 0
1791358060 2850, 13801, 62, 0x0000000000000004 | 1.26 1.34 1.38 | cpu  51815391 24682777 4592295 1377670667 5815427 0 176364 3883 0 0
1791358061 2790, 13801, 61, 0x0000000000000004 | 1.24 1.34 1.38 | cpu  51815500 24682777 4592308 1377675618 5815427 0 176364 3883 0 0
1791358062 2850, 13801, 62, 0x0000000000000004 | 1.24 1.34 1.38 | cpu  51815613 24682777 4592328 1377680675 5815427 0 176364 3883 0 0
1791358063 2865, 13801, 62, 0x0000000000000004 | 1.24 1.34 1.38 | cpu  51815718 24682777 4592343 1377685622 5815427 0 176364 3883 0 0
1791358064 2872, 13801, 62, 0x0000000000000004 | 1.24 1.34 1.38 | cpu  51815825 24682777 4592357 1377690610 5815428 0 176364 3883 0 0
1791358065 2850, 13801, 62, 0x0000000000000004 | 1.24 1.34 1.38 | cpu  51815930 24682777 4592374 1377695586 5815428 0 176364 3883 0 0
1791358066 2880, 13801, 62, 0x0000000000000004 | 1.22 1.33 1.37 | cpu  51816041 24682777 4592389 1377700582 5815428 0 176364 3883 0 0
1791358067 2797, 13801, 62, 0x0000000000000004 | 1.22 1.33 1.37 | cpu  51816148 24682777 4592408 1377705539 5815428 0 176365 3883 0 0
1791358068 2745, 13801, 62, 0x0000000000000004 | 1.22 1.33 1.37 | cpu  51816268 24682777 4592457 1377710475 5815428 0 176365 3883 0 0
1791358069 2857, 13801, 63, 0x0000000000000004 | 1.22 1.33 1.37 | cpu  51816378 24682777 4592471 1377715446 5815428 0 176365 3883 0 0
1791358070 2797, 13801, 59, 0x0000000000000004 | 1.22 1.33 1.37 | cpu  51816478 24682777 4592490 1377720390 5815428 0 176365 3883 0 0
1791358071 2737, 13801, 61, 0x0000000000000004 | 1.36 1.36 1.38 | cpu  51816586 24682777 4592502 1377725349 5815432 0 176365 3883 0 0
1791358072 2737, 13801, 61, 0x0000000000000004 | 1.36 1.36 1.38 | cpu  51816691 24682777 4592522 1377730360 5815432 0 176365 3883 0 0
1791358073 2790, 13801, 63, 0x0000000000000004 | 1.36 1.36 1.38 | cpu  51816796 24682777 4592538 1377735375 5815432 0 176365 3883 0 0
1791358074 2782, 13801, 62, 0x0000000000000004 | 1.36 1.36 1.38 | cpu  51816906 24682777 4592553 1377740392 5815432 0 176365 3883 0 0
1791358076 2842, 13801, 63, 0x0000000000000004 | 1.33 1.35 1.38 | cpu  51817007 24682777 4592573 1377745402 5815432 0 176365 3883 0 0
1791358077 2880, 13801, 63, 0x0000000000000004 | 1.33 1.35 1.38 | cpu  51817115 24682777 4592584 1377750361 5815432 0 176366 3883 0 0
1791358078 2797, 13801, 63, 0x0000000000000004 | 1.33 1.35 1.38 | cpu  51817221 24682777 4592599 1377755296 5815432 0 176366 3883 0 0
1791358079 2730, 13801, 63, 0x0000000000000004 | 1.33 1.35 1.38 | cpu  51817329 24682777 4592617 1377760237 5815432 0 176366 3883 0 0
1791358080 2850, 13801, 63, 0x0000000000000004 | 1.33 1.35 1.38 | cpu  51817436 24682777 4592629 1377765193 5815432 0 176366 3883 0 0
1791358081 2805, 13801, 62, 0x0000000000000004 | 1.31 1.35 1.38 | cpu  51817537 24682777 4592652 1377770154 5815432 0 176366 3883 0 0
1791358082 2715, 13801, 63, 0x0000000000000004 | 1.31 1.35 1.38 | cpu  51817647 24682777 4592665 1377775136 5815436 0 176366 3883 0 0
1791358083 2790, 13801, 64, 0x0000000000000004 | 1.31 1.35 1.38 | cpu  51817751 24682777 4592682 1377780134 5815436 0 176367 3883 0 0
1791358084 2722, 13801, 63, 0x0000000000000004 | 1.31 1.35 1.38 | cpu  51817861 24682777 4592696 1377785084 5815436 0 176367 3883 0 0
1791358085 2752, 13801, 64, 0x0000000000000004 | 1.31 1.35 1.38 | cpu  51817971 24682777 4592713 1377790107 5815436 0 176367 3883 0 0
1791358086 2790, 13801, 64, 0x0000000000000004 | 1.28 1.34 1.38 | cpu  51818078 24682777 4592745 1377794999 5815436 0 176368 3883 0 0
1791358087 2865, 13801, 65, 0x0000000000000004 | 1.28 1.34 1.38 | cpu  51818191 24682777 4592797 1377799861 5815438 0 176369 3883 0 0
1791358088 2842, 13801, 64, 0x0000000000000004 | 1.28 1.34 1.38 | cpu  51818291 24682777 4592814 1377804769 5815438 0 176369 3883 0 0
1791358089 2737, 13801, 64, 0x0000000000000004 | 1.28 1.34 1.38 | cpu  51818398 24682777 4592828 1377809691 5815438 0 176369 3883 0 0
1791358090 2857, 13801, 64, 0x0000000000000004 | 1.28 1.34 1.38 | cpu  51818503 24682777 4592850 1377814658 5815448 0 176370 3883 0 0
1791358091 2752, 13801, 65, 0x0000000000000004 | 1.26 1.33 1.37 | cpu  51818610 24682777 4592865 1377819621 5815448 0 176370 3883 0 0
1791358092 2865, 13801, 66, 0x0000000000000004 | 1.26 1.33 1.37 | cpu  51818719 24682777 4592876 1377824526 5815448 0 176370 3883 0 0
1791358093 2760, 13801, 62, 0x0000000000000004 | 1.26 1.33 1.37 | cpu  51818818 24682777 4592896 1377829450 5815448 0 176370 3883 0 0
1791358095 2745, 13801, 65, 0x0000000000000004 | 1.26 1.33 1.37 | cpu  51818927 24682777 4592908 1377834389 5815448 0 176370 3883 0 0
1791358096 2730, 13801, 63, 0x0000000000000004 | 1.24 1.33 1.37 | cpu  51819028 24682777 4592926 1377839317 5815450 0 176370 3883 0 0
1791358097 2722, 13801, 66, 0x0000000000000004 | 1.24 1.33 1.37 | cpu  51819139 24682777 4592935 1377844279 5815450 0 176370 3883 0 0
1791358098 2865, 13801, 66, 0x0000000000000004 | 1.24 1.33 1.37 | cpu  51819248 24682777 4592952 1377849297 5815450 0 176370 3883 0 0
1791358099 2850, 13801, 66, 0x0000000000000004 | 1.24 1.33 1.37 | cpu  51819354 24682777 4592974 1377854274 5815450 0 176370 3883 0 0
1791358100 2730, 13801, 65, 0x0000000000000004 | 1.24 1.33 1.37 | cpu  51819469 24682777 4593032 1377859189 5815450 0 176370 3883 0 0
1791358101 2797, 13801, 65, 0x0000000000000004 | 1.22 1.32 1.37 | cpu  51819571 24682777 4593048 1377864134 5815453 0 176370 3883 0 0
1791358102 2700, 13801, 65, 0x0000000000000004 | 1.22 1.32 1.37 | cpu  51819680 24682777 4593060 1377869049 5815453 0 176371 3883 0 0
1791358103 2812, 13801, 66, 0x0000000000000004 | 1.22 1.32 1.37 | cpu  51819787 24682777 4593070 1377873958 5815453 0 176371 3883 0 0
1791358104 2715, 13801, 66, 0x0000000000000004 | 1.22 1.32 1.37 | cpu  51819892 24682777 4593087 1377878912 5815453 0 176371 3883 0 0
1791358105 2850, 13801, 66, 0x0000000000000004 | 1.22 1.32 1.37 | cpu  51820001 24682777 4593102 1377883896 5815453 0 176373 3883 0 0
1791358106 2820, 13801, 66, 0x0000000000000004 | 1.20 1.32 1.37 | cpu  51820106 24682777 4593121 1377888912 5815453 0 176373 3883 0 0
1791358107 2722, 13801, 66, 0x0000000000000004 | 1.20 1.32 1.37 | cpu  51820213 24682777 4593136 1377893921 5815454 0 176373 3883 0 0
1791358108 2865, 13801, 66, 0x0000000000000004 | 1.20 1.32 1.37 | cpu  51820320 24682777 4593155 1377899009 5815454 0 176373 3883 0 0
1791358109 2715, 13801, 66, 0x0000000000000004 | 1.20 1.32 1.37 | cpu  51820425 24682777 4593172 1377904032 5815454 0 176373 3883 0 0
1791358110 2842, 13801, 67, 0x0000000000000004 | 1.27 1.33 1.37 | cpu  51820534 24682777 4593184 1377909043 5815454 0 176373 3883 0 0
1791358112 2737, 13801, 66, 0x0000000000000004 | 1.27 1.33 1.37 | cpu  51820642 24682777 4593197 1377914054 5815454 0 176373 3883 0 0
1791358113 2730, 13801, 66, 0x0000000000000004 | 1.27 1.33 1.37 | cpu  51820750 24682777 4593208 1377919028 5815455 0 176373 3883 0 0
1791358114 2715, 13801, 66, 0x0000000000000004 | 1.27 1.33 1.37 | cpu  51820857 24682777 4593227 1377923951 5815455 0 176373 3883 0 0
1791358115 2700, 13801, 66, 0x0000000000000004 | 1.27 1.33 1.37 | cpu  51820966 24682777 4593239 1377928898 5815455 0 176373 3883 0 0
1791358116 2835, 13801, 67, 0x0000000000000004 | 1.24 1.32 1.37 | cpu  51821073 24682777 4593250 1377933846 5815455 0 176373 3883 0 0
1791358117 2745, 13801, 66, 0x0000000000000004 | 1.24 1.32 1.37 | cpu  51821176 24682777 4593268 1377938831 5815455 0 176373 3883 0 0
1791358118 2872, 13801, 66, 0x0000000000000004 | 1.24 1.32 1.37 | cpu  51821287 24682777 4593280 1377943787 5815455 0 176373 3883 0 0
1791358119 2827, 13801, 66, 0x0000000000000004 | 1.24 1.32 1.37 | cpu  51821394 24682777 4593296 1377948787 5815463 0 176374 3883 0 0
1791358120 2707, 13801, 67, 0x0000000000000004 | 1.24 1.32 1.37 | cpu  51821497 24682777 4593310 1377953749 5815463 0 176374 3883 0 0
1791358121 2835, 13801, 66, 0x0000000000000004 | 1.22 1.32 1.36 | cpu  51821608 24682777 4593322 1377958725 5815463 0 176375 3883 0 0
1791358122 2722, 13801, 67, 0x0000000000000004 | 1.22 1.32 1.36 | cpu  51821712 24682777 4593340 1377963678 5815463 0 176375 3883 0 0
1791358123 2842, 13801, 66, 0x0000000000000004 | 1.22 1.32 1.36 | cpu  51821819 24682777 4593348 1377968605 5815463 0 176375 3883 0 0
1791358124 2820, 13801, 67, 0x0000000000000000 | 1.22 1.32 1.36 | cpu  51821922 24682777 4593370 1377973531 5815464 0 176375 3883 0 0
1791358125 2730, 13801, 67, 0x0000000000000004 | 1.22 1.32 1.36 | cpu  51822027 24682777 4593383 1377978425 5815464 0 176375 3883 0 0
1791358126 2857, 13801, 67, 0x0000000000000004 | 1.21 1.31 1.36 | cpu  51822134 24682777 4593395 1377983361 5815464 0 176375 3883 0 0
1791358127 2745, 13801, 67, 0x0000000000000004 | 1.21 1.31 1.36 | cpu  51822238 24682777 4593410 1377988267 5815464 0 176376 3883 0 0
1791358128 2857, 13801, 67, 0x0000000000000004 | 1.21 1.31 1.36 | cpu  51822345 24682777 4593423 1377993223 5815464 0 176376 3883 0 0
1791358130 2760, 13801, 67, 0x0000000000000004 | 1.21 1.31 1.36 | cpu  51822451 24682777 4593439 1377998205 5815465 0 176376 3883 0 0
1791358131 2707, 13801, 66, 0x0000000000000004 | 1.19 1.31 1.36 | cpu  51822558 24682777 4593452 1378003149 5815465 0 176376 3883 0 0
1791358132 2760, 13801, 67, 0x0000000000000004 | 1.19 1.31 1.36 | cpu  51822665 24682777 4593480 1378008256 5815465 0 176376 3883 0 0
1791358133 2835, 13801, 67, 0x0000000000000004 | 1.19 1.31 1.36 | cpu  51822768 24682777 4593500 1378013223 5815465 0 176376 3884 0 0
1791358134 2842, 13801, 67, 0x0000000000000004 | 1.19 1.31 1.36 | cpu  51822877 24682777 4593513 1378018166 5815465 0 176376 3884 0 0
1791358135 2797, 13801, 67, 0x0000000000000004 | 1.19 1.31 1.36 | cpu  51822978 24682777 4593532 1378023104 5815465 0 176376 3884 0 0
1791358136 2707, 13801, 67, 0x0000000000000004 | 1.17 1.30 1.36 | cpu  51823089 24682777 4593545 1378028026 5815467 0 176376 3884 0 0
1791358137 2745, 13801, 66, 0x0000000000000000 | 1.17 1.30 1.36 | cpu  51823194 24682777 4593561 1378033018 5815467 0 176376 3884 0 0
1791358138 2692, 13801, 67, 0x0000000000000004 | 1.17 1.30 1.36 | cpu  51823306 24682777 4593570 1378038032 5815467 0 176376 3884 0 0
1791358139 2842, 13801, 68, 0x0000000000000004 | 1.17 1.30 1.36 | cpu  51823415 24682777 4593584 1378043043 5815467 0 176376 3884 0 0
1791358140 2707, 13801, 65, 0x0000000000000004 | 1.17 1.30 1.36 | cpu  51823517 24682777 4593605 1378048037 5815467 0 176376 3884 0 0
1791358141 2700, 13801, 67, 0x0000000000000004 | 1.16 1.30 1.36 | cpu  51823626 24682777 4593619 1378052997 5815468 0 176377 3884 0 0
1791358142 2707, 13801, 67, 0x0000000000000004 | 1.16 1.30 1.36 | cpu  51823732 24682777 4593634 1378057994 5815468 0 176377 3884 0 0
1791358143 2685, 13801, 67, 0x0000000000000004 | 1.16 1.30 1.36 | cpu  51823841 24682777 4593649 1378062942 5815468 0 176378 3884 0 0
1791358144 2722, 13801, 68, 0x0000000000000004 | 1.16 1.30 1.36 | cpu  51823950 24682777 4593661 1378067865 5815468 0 176378 3884 0 0
1791358145 2752, 13801, 67, 0x0000000000000004 | 1.16 1.30 1.36 | cpu  51824052 24682777 4593679 1378072821 5815468 0 176378 3884 0 0
1791358147 2857, 13801, 67, 0x0000000000000004 | 1.31 1.32 1.37 | cpu  51824160 24682777 4593690 1378077753 5815473 0 176378 3884 0 0
1791358148 2805, 13801, 67, 0x0000000000000004 | 1.31 1.32 1.37 | cpu  51824270 24682777 4593713 1378082768 5815473 0 176380 3884 0 0
1791358149 2722, 13801, 68, 0x0000000000000004 | 1.31 1.32 1.37 | cpu  51824380 24682777 4593729 1378087731 5815473 0 176382 3884 0 0
1791358150 2842, 13801, 68, 0x0000000000000004 | 1.31 1.32 1.37 | cpu  51824494 24682777 4593816 1378092761 5815473 0 176387 3884 0 0
1791358151 2805, 13801, 68, 0x0000000000000004 | 1.28 1.32 1.36 | cpu  51824599 24682777 4593830 1378097705 5815484 0 176388 3884 0 0
1791358152 2805, 13801, 67, 0x0000000000000004 | 1.28 1.32 1.36 | cpu  51824706 24682777 4593842 1378102636 5815484 0 176388 3884 0 0
1791358153 2737, 13801, 65, 0x0000000000000004 | 1.28 1.32 1.36 | cpu  51824805 24682777 4593864 1378107625 5815484 0 176389 3884 0 0
1791358154 2707, 13801, 68, 0x0000000000000004 | 1.28 1.32 1.36 | cpu  51824914 24682777 4593874 1378112551 5815484 0 176389 3884 0 0
1791358155 2722, 13801, 67, 0x0000000000000004 | 1.28 1.32 1.36 | cpu  51825017 24682777 4593891 1378117535 5815484 0 176389 3884 0 0
1791358156 2790, 13801, 67, 0x0000000000000004 | 1.26 1.31 1.36 | cpu  51825122 24682777 4593907 1378122458 5815486 0 176389 3884 0 0
1791358157 2850, 13801, 68, 0x0000000000000004 | 1.26 1.31 1.36 | cpu  51825231 24682777 4593918 1378127405 5815486 0 176390 3884 0 0
1791358158 2872, 13801, 69, 0x0000000000000004 | 1.26 1.31 1.36 | cpu  51825334 24682777 4593941 1378132493 5815486 0 176391 3884 0 0
1791358159 2707, 13801, 68, 0x0000000000000004 | 1.26 1.31 1.36 | cpu  51825450 24682777 4593959 1378137487 5815486 0 176391 3884 0 0
1791358160 2857, 13801, 68, 0x0000000000000004 | 1.26 1.31 1.36 | cpu  51825556 24682777 4593974 1378142522 5815486 0 176391 3884 0 0
1791358161 2692, 13801, 68, 0x0000000000000004 | 1.24 1.31 1.36 | cpu  51825664 24682777 4593987 1378147507 5815486 0 176391 3884 0 0
1791358163 2835, 13801, 67, 0x0000000000000004 | 1.24 1.31 1.36 | cpu  51825772 24682777 4594002 1378152473 5815486 0 176391 3884 0 0
1791358164 2730, 13801, 67, 0x0000000000000004 | 1.24 1.31 1.36 | cpu  51825871 24682777 4594022 1378157424 5815486 0 176391 3884 0 0
1791358165 2730, 13801, 68, 0x0000000000000004 | 1.24 1.31 1.36 | cpu  51825979 24682777 4594033 1378162354 5815488 0 176391 3884 0 0
1791358166 2692, 13801, 66, 0x0000000000000004 | 1.22 1.30 1.36 | cpu  51826084 24682777 4594048 1378167308 5815488 0 176391 3884 0 0
1791358167 2685, 13801, 68, 0x0000000000000004 | 1.22 1.30 1.36 | cpu  51826193 24682777 4594060 1378172297 5815488 0 176391 3884 0 0
1791358168 2835, 13801, 68, 0x0000000000000004 | 1.22 1.30 1.36 | cpu  51826302 24682777 4594075 1378177286 5815488 0 176391 3884 0 0
1791358169 2715, 13801, 68, 0x0000000000000004 | 1.22 1.30 1.36 | cpu  51826406 24682777 4594093 1378182278 5815489 0 176391 3884 0 0
1791358170 2850, 13801, 69, 0x0000000000000004 | 1.22 1.30 1.36 | cpu  51826516 24682777 4594111 1378187246 5815489 0 176391 3884 0 0
1791358171 2790, 13801, 68, 0x0000000000000004 | 1.20 1.30 1.36 | cpu  51826622 24682777 4594128 1378192253 5815489 0 176391 3884 0 0
1791358172 2722, 13801, 67, 0x0000000000000004 | 1.20 1.30 1.36 | cpu  51826748 24682777 4594156 1378197206 5815490 0 176392 3884 0 0
1791358173 2775, 13801, 68, 0x0000000000000004 | 1.20 1.30 1.36 | cpu  51826857 24682777 4594175 1378202232 5815490 0 176392 3884 0 0
1791358174 2715, 13801, 68, 0x0000000000000004 | 1.20 1.30 1.36 | cpu  51826966 24682777 4594188 1378207146 5815490 0 176392 3884 0 0
1791358175 2835, 13801, 68, 0x0000000000000004 | 1.20 1.30 1.36 | cpu  51827074 24682777 4594198 1378212094 5815490 0 176393 3884 0 0
1791358176 2812, 13801, 68, 0x0000000000000004 | 1.18 1.29 1.35 | cpu  51827178 24682777 4594215 1378217066 5815493 0 176393 3884 0 0
1791358177 2692, 13801, 68, 0x0000000000000004 | 1.18 1.29 1.35 | cpu  51827286 24682777 4594230 1378222052 5815493 0 176393 3884 0 0
1791358178 2797, 13801, 68, 0x0000000000000000 | 1.18 1.29 1.35 | cpu  51827393 24682777 4594247 1378227037 5815493 0 176393 3884 0 0
1791358180 2722, 13801, 68, 0x0000000000000004 | 1.18 1.29 1.35 | cpu  51827504 24682777 4594309 1378232011 5815493 0 176393 3884 0 0
1791358181 2857, 13801, 68, 0x0000000000000004 | 1.17 1.29 1.35 | cpu  51827614 24682777 4594322 1378237011 5815493 0 176393 3884 0 0
1791358182 2812, 13801, 68, 0x0000000000000004 | 1.17 1.29 1.35 | cpu  51827720 24682777 4594348 1378242005 5815493 0 176393 3884 0 0
1791358183 2707, 13801, 67, 0x0000000000000004 | 1.17 1.29 1.35 | cpu  51827826 24682777 4594360 1378246937 5815496 0 176393 3884 0 0
1791358184 2767, 13801, 68, 0x0000000000000004 | 1.17 1.29 1.35 | cpu  51827930 24682777 4594374 1378251866 5815496 0 176393 3884 0 0
1791358185 2827, 13801, 68, 0x0000000000000004 | 1.17 1.29 1.35 | cpu  51828034 24682777 4594389 1378256793 5815496 0 176393 3884 0 0
1791358186 2835, 13801, 69, 0x0000000000000004 | 1.16 1.28 1.35 | cpu  51828140 24682777 4594401 1378261716 5815496 0 176393 3884 0 0
1791358187 2805, 13801, 68, 0x0000000000000004 | 1.16 1.28 1.35 | cpu  51828243 24682777 4594418 1378266649 5815496 0 176393 3884 0 0
1791358188 2842, 13801, 67, 0x0000000000000004 | 1.16 1.28 1.35 | cpu  51828351 24682777 4594428 1378271550 5815499 0 176393 3884 0 0
1791358189 2782, 13801, 69, 0x0000000000000004 | 1.16 1.28 1.35 | cpu  51828458 24682777 4594442 1378276501 5815499 0 176393 3884 0 0
1791358190 2707, 13801, 69, 0x0000000000000004 | 1.16 1.28 1.35 | cpu  51828566 24682777 4594456 1378281455 5815499 0 176393 3884 0 0
1791358191 2857, 13801, 68, 0x0000000000000004 | 1.22 1.29 1.35 | cpu  51828675 24682777 4594468 1378286426 5815499 0 176393 3884 0 0
1791358192 2715, 13801, 67, 0x0000000000000004 | 1.22 1.29 1.35 | cpu  51828779 24682777 4594482 1378291339 5815499 0 176393 3884 0 0
1791358193 2797, 13801, 69, 0x0000000000000004 | 1.22 1.29 1.35 | cpu  51828896 24682777 4594502 1378296232 5815499 0 176393 3884 0 0
1791358194 2752, 13801, 68, 0x0000000000000000 | 1.22 1.29 1.35 | cpu  51829003 24682777 4594517 1378301129 5815499 0 176393 3884 0 0
1791358195 2715, 13801, 68, 0x0000000000000004 | 1.22 1.29 1.35 | cpu  51829115 24682777 4594548 1378306002 5815499 0 176393 3884 0 0
1791358196 2857, 13801, 68, 0x0000000000000004 | 1.21 1.29 1.35 | cpu  51829221 24682777 4594583 1378310983 5815499 0 176393 3884 0 0
1791358197 2700, 13801, 68, 0x0000000000000004 | 1.21 1.29 1.35 | cpu  51829329 24682777 4594594 1378315906 5815502 0 176394 3884 0 0
1791358198 2850, 13801, 69, 0x0000000000000004 | 1.21 1.29 1.35 | cpu  51829436 24682777 4594605 1378320838 5815502 0 176394 3884 0 0
1791358200 2715, 13801, 66, 0x0000000000000004 | 1.21 1.29 1.35 | cpu  51829539 24682777 4594624 1378325783 5815502 0 176394 3884 0 0
1791358201 2715, 13801, 69, 0x0000000000000004 | 1.19 1.28 1.35 | cpu  51829646 24682777 4594634 1378330718 5815502 0 176394 3884 0 0
1791358202 2715, 13801, 68, 0x0000000000000004 | 1.19 1.28 1.35 | cpu  51829767 24682777 4594656 1378335616 5815502 0 176394 3884 0 0
1791358203 2700, 13801, 68, 0x0000000000000004 | 1.19 1.28 1.35 | cpu  51829896 24682777 4594679 1378340523 5815503 0 176394 3885 0 0
1791358204 2857, 13801, 69, 0x0000000000000004 | 1.19 1.28 1.35 | cpu  51830002 24682777 4594689 1378345434 5815503 0 176394 3885 0 0
1791358205 2760, 13801, 68, 0x0000000000000004 | 1.19 1.28 1.35 | cpu  51830108 24682777 4594708 1378350336 5815503 0 176394 3885 0 0
1791358206 2700, 13801, 68, 0x0000000000000004 | 1.17 1.28 1.35 | cpu  51830214 24682777 4594720 1378355257 5815503 0 176394 3885 0 0
1791358207 2730, 13801, 68, 0x0000000000000004 | 1.17 1.28 1.35 | cpu  51830318 24682777 4594735 1378360182 5815504 0 176394 3885 0 0
1791358208 2677, 13801, 67, 0x0000000000000004 | 1.17 1.28 1.35 | cpu  51830425 24682777 4594748 1378365139 5815509 0 176394 3885 0 0
1791358209 2700, 13801, 68, 0x0000000000000004 | 1.17 1.28 1.35 | cpu  51830538 24682777 4594771 1378370285 5815509 0 176394 3885 0 0
1791358210 2692, 13801, 68, 0x0000000000000004 | 1.17 1.28 1.35 | cpu  51830655 24682777 4594796 1378375236 5815523 0 176394 3885 0 0
1791358211 2835, 13801, 69, 0x0000000000000004 | 1.16 1.27 1.35 | cpu  51830766 24682777 4594815 1378380182 5815523 0 176395 3885 0 0
1791358212 2842, 13801, 69, 0x0000000000000004 | 1.16 1.27 1.35 | cpu  51830875 24682777 4594923 1378385002 5815523 0 176400 3885 0 0
1791358213 2707, 13801, 68, 0x0000000000000004 | 1.16 1.27 1.35 | cpu  51830984 24682777 4594946 1378389940 5815523 0 176400 3885 0 0
1791358214 2760, 13801, 69, 0x0000000000000004 | 1.16 1.27 1.35 | cpu  51831089 24682777 4594960 1378394902 5815523 0 176400 3885 0 0
1791358215 2827, 13801, 69, 0x0000000000000004 | 1.16 1.27 1.35 | cpu  51831197 24682777 4594973 1378399866 5815526 0 176400 3885 0 0
1791358216 2782, 13801, 69, 0x0000000000000004 | 1.15 1.27 1.34 | cpu  51831314 24682777 4594986 1378404848 5815526 0 176400 3885 0 0
1791358218 2692, 13801, 69, 0x0000000000000004 | 1.15 1.27 1.34 | cpu  51831424 24682777 4595005 1378409842 5815526 0 176400 3885 0 0
1791358219 2827, 13801, 68, 0x0000000000000004 | 1.15 1.27 1.34 | cpu  51831532 24682777 4595018 1378414827 5815526 0 176400 3885 0 0
1791358220 2805, 13801, 69, 0x0000000000000004 | 1.15 1.27 1.34 | cpu  51831637 24682777 4595036 1378419821 5815526 0 176400 3885 0 0
1791358221 2700, 13801, 68, 0x0000000000000004 | 1.13 1.26 1.34 | cpu  51831745 24682777 4595050 1378424814 5815526 0 176401 3885 0 0
1791358222 2835, 13801, 68, 0x0000000000000004 | 1.13 1.26 1.34 | cpu  51831849 24682777 4595064 1378429798 5815526 0 176401 3885 0 0
1791358223 2707, 13801, 68, 0x0000000000000004 | 1.13 1.26 1.34 | cpu  51831955 24682777 4595076 1378434720 5815526 0 176401 3885 0 0
1791358224 2820, 13801, 69, 0x0000000000000004 | 1.13 1.26 1.34 | cpu  51832062 24682777 4595088 1378439656 5815526 0 176401 3885 0 0
1791358225 2700, 13801, 68, 0x0000000000000004 | 1.13 1.26 1.34 | cpu  51832167 24682777 4595105 1378444620 5815526 0 176401 3885 0 0
1791358226 2812, 13801, 69, 0x0000000000000004 | 1.12 1.26 1.34 | cpu  51832277 24682777 4595116 1378449608 5815527 0 176401 3885 0 0
1791358227 2760, 13801, 68, 0x0000000000000004 | 1.12 1.26 1.34 | cpu  51832386 24682777 4595136 1378454588 5815527 0 176401 3885 0 0
1791358228 2700, 13801, 69, 0x0000000000000004 | 1.12 1.26 1.34 | cpu  51832496 24682777 4595148 1378459574 5815527 0 176401 3885 0 0
1791358229 2842, 13801, 68, 0x0000000000000004 | 1.12 1.26 1.34 | cpu  51832606 24682777 4595160 1378464605 5815527 0 176401 3885 0 0
1791358230 2707, 13801, 69, 0x0000000000000004 | 1.12 1.26 1.34 | cpu  51832712 24682777 4595173 1378469577 5815527 0 176401 3885 0 0
1791358231 2805, 13801, 68, 0x0000000000000004 | 1.19 1.27 1.34 | cpu  51832819 24682777 4595184 1378474497 5815532 0 176401 3885 0 0
1791358232 2722, 13801, 68, 0x0000000000000004 | 1.19 1.27 1.34 | cpu  51832925 24682777 4595198 1378479434 5815532 0 176401 3885 0 0
1791358233 2767, 13801, 68, 0x0000000000000004 | 1.19 1.27 1.34 | cpu  51833034 24682777 4595208 1378484364 5815532 0 176402 3885 0 0
1791358235 2715, 13801, 66, 0x0000000000000004 | 1.19 1.27 1.34 | cpu  51833139 24682777 4595223 1378489292 5815532 0 176402 3885 0 0
1791358236 2730, 13801, 68, 0x0000000000000004 | 1.19 1.27 1.34 | cpu  51833242 24682777 4595238 1378494252 5815532 0 176402 3885 0 0
1791358237 2850, 13801, 68, 0x0000000000000004 | 1.26 1.29 1.35 | cpu  51833354 24682777 4595252 1378499187 5815532 0 176402 3885 0 0
1791358238 2730, 13801, 69, 0x0000000000000004 | 1.26 1.29 1.35 | cpu  51833456 24682777 4595270 1378504138 5815532 0 176402 3885 0 0
1791358239 2707, 13801, 69, 0x0000000000000004 | 1.26 1.29 1.35 | cpu  51833569 24682777 4595282 1378509096 5815532 0 176402 3885 0 0
1791358240 2730, 13801, 68, 0x0000000000000004 | 1.26 1.29 1.35 | cpu  51833675 24682777 4595296 1378514060 5815532 0 176402 3885 0 0
1791358241 2692, 13801, 68, 0x0000000000000004 | 1.24 1.28 1.35 | cpu  51833783 24682777 4595309 1378518976 5815532 0 176402 3885 0 0
1791358242 2850, 13801, 69, 0x0000000000000004 | 1.24 1.28 1.35 | cpu  51833891 24682777 4595320 1378523874 5815532 0 176402 3885 0 0
1791358243 2700, 13801, 69, 0x0000000000000004 | 1.24 1.28 1.35 | cpu  51833996 24682777 4595336 1378528754 5815532 0 176402 3885 0 0
1791358244 2842, 13801, 68, 0x0000000000000004 | 1.24 1.28 1.35 | cpu  51834103 24682777 4595347 1378533665 5815537 0 176402 3885 0 0
1791358245 2820, 13801, 69, 0x0000000000000004 | 1.24 1.28 1.35 | cpu  51834207 24682777 4595362 1378538611 5815537 0 176403 3885 0 0
1791358246 2707, 13801, 69, 0x0000000000000004 | 1.22 1.28 1.34 | cpu  51834314 24682777 4595372 1378543521 5815537 0 176403 3885 0 0
1791358247 2805, 13801, 68, 0x0000000000000004 | 1.22 1.28 1.34 | cpu  51834419 24682777 4595387 1378548479 5815537 0 176403 3885 0 0
1791358248 2700, 13801, 68, 0x0000000000000004 | 1.22 1.28 1.34 | cpu  51834530 24682777 4595399 1378553380 5815537 0 176403 3885 0 0
1791358249 2842, 13801, 68, 0x0000000000000004 | 1.22 1.28 1.34 | cpu  51834636 24682777 4595410 1378558273 5815538 0 176403 3885 0 0
1791358250 2805, 13801, 68, 0x0000000000000004 | 1.22 1.28 1.34 | cpu  51834744 24682777 4595425 1378563168 5815538 0 176403 3885 0 0
1791358251 2707, 13801, 69, 0x0000000000000004 | 1.20 1.27 1.34 | cpu  51834850 24682777 4595437 1378568108 5815538 0 176403 3885 0 0
1791358252 2850, 13801, 68, 0x0000000000000004 | 1.20 1.27 1.34 | cpu  51834954 24682777 4595452 1378573044 5815538 0 176403 3885 0 0
1791358253 2700, 13801, 69, 0x0000000000000004 | 1.20 1.27 1.34 | cpu  51835060 24682777 4595463 1378577983 5815538 0 176403 3885 0 0
1791358254 2842, 13801, 68, 0x0000000000000004 | 1.20 1.27 1.34 | cpu  51835170 24682777 4595476 1378582978 5815539 0 176403 3885 0 0
1791358256 2692, 13801, 69, 0x0000000000000004 | 1.20 1.27 1.34 | cpu  51835278 24682777 4595489 1378587971 5815539 0 176403 3885 0 0
1791358257 2842, 13801, 68, 0x0000000000000004 | 1.27 1.28 1.35 | cpu  51835387 24682777 4595500 1378592959 5815539 0 176403 3885 0 0
1791358258 2797, 13801, 68, 0x0000000000000004 | 1.27 1.28 1.35 | cpu  51835492 24682777 4595518 1378597936 5815539 0 176403 3885 0 0
1791358259 2700, 13801, 68, 0x0000000000000004 | 1.27 1.28 1.35 | cpu  51835600 24682777 4595532 1378602894 5815539 0 176403 3885 0 0
1791358260 2842, 13801, 68, 0x0000000000000004 | 1.27 1.28 1.35 | cpu  51835706 24682777 4595550 1378607858 5815539 0 176403 3885 0 0
1791358261 2797, 13801, 68, 0x0000000000000004 | 1.24 1.28 1.34 | cpu  51835810 24682777 4595566 1378612821 5815539 0 176403 3885 0 0
1791358262 2850, 13801, 69, 0x0000000000000004 | 1.24 1.28 1.34 | cpu  51835958 24682779 4595608 1378617744 5815547 0 176403 3885 0 0
1791358263 2707, 13801, 68, 0x0000000000000004 | 1.24 1.28 1.34 | cpu  51836090 24682784 4595654 1378622567 5815618 0 176404 3885 0 0
1791358264 2737, 13801, 69, 0x0000000000000004 | 1.24 1.28 1.34 | cpu  51836208 24682784 4595675 1378627472 5815618 0 176445 3885 0 0
1791358265 2700, 13801, 67, 0x0000000000000004 | 1.24 1.28 1.34 | cpu  51836327 24682784 4595705 1378632321 5815618 0 176501 3886 0 0
1791358266 2700, 13801, 68, 0x0000000000000004 | 1.30 1.29 1.35 | cpu  51836447 24682784 4595757 1378637140 5815618 0 176563 3886 0 0
1791358267 2842, 13801, 68, 0x0000000000000004 | 1.30 1.29 1.35 | cpu  51836570 24682784 4595784 1378641918 5815620 0 176620 3886 0 0
1791358268 2737, 13801, 68, 0x0000000000000004 | 1.30 1.29 1.35 | cpu  51836682 24682784 4595815 1378646740 5815628 0 176679 3886 0 0
1791358269 2715, 13801, 68, 0x0000000000000004 | 1.30 1.29 1.35 | cpu  51836800 24682784 4595841 1378651590 5815628 0 176739 3886 0 0
1791358270 2752, 13801, 69, 0x0000000000000004 | 1.30 1.29 1.35 | cpu  51836918 24682784 4595882 1378656425 5815635 0 176813 3886 0 0
1791358272 2685, 13801, 68, 0x0000000000000004 | 1.28 1.29 1.35 | cpu  51837035 24682784 4595922 1378661298 5815635 0 176885 3886 0 0
1791358273 2805, 13801, 69, 0x0000000000000004 | 1.28 1.29 1.35 | cpu  51837160 24682784 4595955 1378666142 5815635 0 176952 3887 0 0
1791358274 2827, 13801, 68, 0x0000000000000004 | 1.28 1.29 1.35 | cpu  51837278 24682784 4595998 1378670929 5815635 0 177037 3887 0 0
1791358275 2812, 13801, 69, 0x0000000000000004 | 1.28 1.29 1.35 | cpu  51837398 24682784 4596048 1378675701 5815635 0 177125 3887 0 0
1791358276 2790, 13801, 70, 0x0000000000000004 | 1.26 1.28 1.34 | cpu  51837521 24682784 4596143 1378680499 5815638 0 177218 3887 0 0
1791358277 2707, 13801, 69, 0x0000000000000004 | 1.26 1.28 1.34 | cpu  51837639 24682784 4596177 1378685364 5815638 0 177292 3887 0 0
1791358278 2857, 13801, 69, 0x0000000000000004 | 1.26 1.28 1.34 | cpu  51837756 24682784 4596216 1378690217 5815638 0 177375 3888 0 0
1791358279 2707, 13801, 68, 0x0000000000000004 | 1.26 1.28 1.34 | cpu  51837868 24682784 4596249 1378695154 5815638 0 177389 3888 0 0
1791358280 2850, 13801, 68, 0x0000000000000004 | 1.26 1.28 1.34 | cpu  51837986 24682784 4596288 1378700071 5815638 0 177409 3888 0 0
1791358281 2722, 13801, 68, 0x0000000000000004 | 1.24 1.28 1.34 | cpu  51838100 24682784 4596323 1378704982 5815638 0 177431 3888 0 0
1791358282 2767, 13801, 69, 0x0000000000000004 | 1.24 1.28 1.34 | cpu  51838215 24682784 4596358 1378709999 5815638 0 177449 3888 0 0
1791358283 2700, 13801, 67, 0x0000000000000004 | 1.24 1.28 1.34 | cpu  51838323 24682784 4596394 1378714867 5815638 0 177469 3888 0 0
1791358284 2692, 13801, 69, 0x0000000000000004 | 1.24 1.28 1.34 | cpu  51838432 24682784 4596429 1378719699 5815639 0 177493 3888 0 0
1791358285 2850, 13801, 69, 0x0000000000000004 | 1.24 1.28 1.34 | cpu  51838544 24682784 4596459 1378724608 5815639 0 177519 3888 0 0
1791358286 2737, 13801, 69, 0x0000000000000004 | 1.22 1.27 1.34 | cpu  51838656 24682784 4596496 1378729600 5815639 0 177539 3888 0 0
1791358288 2850, 13801, 68, 0x0000000000000004 | 1.22 1.27 1.34 | cpu  51838766 24682784 4596524 1378734488 5815639 0 177558 3888 0 0
1791358289 2730, 13801, 68, 0x0000000000000004 | 1.22 1.27 1.34 | cpu  51838892 24682784 4596572 1378739370 5815646 0 177575 3888 0 0
1791358290 2707, 13801, 68, 0x0000000000000004 | 1.22 1.27 1.34 | cpu  51839034 24682784 4596613 1378744250 5815662 0 177584 3888 0 0
1791358291 2722, 13801, 68, 0x0000000000000004 | 1.36 1.30 1.35 | cpu  51839142 24682784 4596647 1378749087 5815662 0 177621 3888 0 0
1791358292 2700, 13801, 69, 0x0000000000000004 | 1.36 1.30 1.35 | cpu  51839256 24682784 4596676 1378753879 5815662 0 177665 3888 0 0
1791358293 2835, 13801, 68, 0x0000000000000004 | 1.36 1.30 1.35 | cpu  51839367 24682784 4596707 1378758667 5815662 0 177707 3888 0 0
1791358294 2850, 13801, 68, 0x0000000000000004 | 1.36 1.30 1.35 | cpu  51839477 24682784 4596780 1378763457 5815663 0 177765 3888 0 0
1791358295 2850, 13801, 68, 0x0000000000000004 | 1.36 1.30 1.35 | cpu  51839588 24682784 4596816 1378768303 5815663 0 177819 3888 0 0
1791358296 2827, 13801, 69, 0x0000000000000004 | 1.41 1.31 1.35 | cpu  51839698 24682784 4596854 1378773134 5815669 0 177883 3888 0 0
1791358297 2715, 13801, 68, 0x0000000000000004 | 1.41 1.31 1.35 | cpu  51839812 24682784 4596884 1378777958 5815669 0 177939 3888 0 0
1791358298 2857, 13801, 70, 0x0000000000000004 | 1.41 1.31 1.35 | cpu  51839923 24682784 4596906 1378782821 5815669 0 177963 3888 0 0
1791358299 2767, 13801, 69, 0x0000000000000000 | 1.41 1.31 1.35 | cpu  51840028 24682784 4596936 1378787705 5815669 0 177969 3889 0 0
1791358300 2760, 13801, 67, 0x0000000000000004 | 1.41 1.31 1.35 | cpu  51840135 24682784 4596958 1378792571 5815669 0 177973 3889 0 0
1791358301 2700, 13801, 66, 0x0000000000000004 | 1.38 1.31 1.35 | cpu  51840238 24682784 4596984 1378797450 5815669 0 177978 3889 0 0
1791358302 2707, 13801, 68, 0x0000000000000004 | 1.38 1.31 1.35 | cpu  51840362 24682784 4597093 1378802104 5815693 0 177979 3889 0 0
1791358303 2850, 13801, 69, 0x0000000000000004 | 1.38 1.31 1.35 | cpu  51840486 24682784 4597353 1378806390 5815693 0 177982 3889 0 0
1791358304 2715, 13801, 68, 0x0000000000000004 | 1.38 1.31 1.35 | cpu  51840593 24682784 4597422 1378811112 5815693 0 177986 3889 0 0
1791358306 2842, 13801, 69, 0x0000000000000004 | 1.38 1.31 1.35 | cpu  51840703 24682784 4597467 1378815887 5815693 0 177991 3889 0 0
1791358307 2842, 13801, 69, 0x0000000000000004 | 1.35 1.30 1.35 | cpu  51840809 24682784 4597528 1378820645 5815698 0 177994 3889 0 0
1791358308 2715, 13801, 69, 0x0000000000000004 | 1.35 1.30 1.35 | cpu  51840925 24682784 4597566 1378825427 5815757 0 177994 3889 0 0
1791358309 2790, 13801, 68, 0x0000000000000004 | 1.35 1.30 1.35 | cpu  51841047 24682784 4597603 1378830356 5815782 0 177994 3889 0 0
1791358310 2707, 13801, 67, 0x0000000000000004 | 1.35 1.30 1.35 | cpu  51841156 24682784 4597615 1378835302 5815782 0 177994 3889 0 0
1791358311 2850, 13801, 68, 0x0000000000000004 | 1.32 1.29 1.35 | cpu  51841264 24682784 4597628 1378840281 5815782 0 177994 3889 0 0
1791358312 2827, 13801, 69, 0x0000000000000004 | 1.32 1.29 1.35 | cpu  51841369 24682784 4597642 1378845211 5815782 0 177995 3889 0 0
1791358313 2715, 13801, 68, 0x0000000000000004 | 1.32 1.29 1.35 | cpu  51841476 24682784 4597654 1378850149 5815783 0 177995 3889 0 0
1791358314 2805, 13801, 68, 0x0000000000000004 | 1.32 1.29 1.35 | cpu  51841582 24682784 4597670 1378855096 5815784 0 177995 3889 0 0
1791358315 2685, 13801, 68, 0x0000000000000004 | 1.32 1.29 1.35 | cpu  51841691 24682784 4597683 1378860095 5815784 0 177996 3890 0 0
1791358316 2835, 13801, 68, 0x0000000000000004 | 1.29 1.29 1.35 | cpu  51841800 24682784 4597698 1378865102 5815784 0 177996 3890 0 0
1791358317 2790, 13801, 70, 0x0000000000000004 | 1.29 1.29 1.35 | cpu  51841904 24682784 4597722 1378870159 5815784 0 177997 3890 0 0
1791358318 2782, 13801, 69, 0x0000000000000004 | 1.29 1.29 1.35 | cpu  51842018 24682784 4597735 1378875169 5815785 0 177999 3890 0 0
1791358319 2715, 13801, 66, 0x0000000000000004 | 1.29 1.29 1.35 | cpu  51842127 24682784 4597751 1378880192 5815785 0 177999 3890 0 0
1791358320 2700, 13801, 68, 0x0000000000000004 | 1.29 1.29 1.35 | cpu  51842238 24682784 4597764 1378885261 5815785 0 178000 3890 0 0
1791358321 2707, 13801, 66, 0x0000000000000004 | 1.27 1.28 1.34 | cpu  51842345 24682784 4597781 1378890246 5815785 0 178001 3890 0 0
1791358323 2707, 13801, 68, 0x0000000000000004 | 1.27 1.28 1.34 | cpu  51842454 24682784 4597795 1378895259 5815785 0 178001 3890 0 0
1791358324 2842, 13801, 69, 0x0000000000000004 | 1.27 1.28 1.34 | cpu  51842562 24682784 4597808 1378900250 5815786 0 178003 3890 0 0
1791358325 2715, 13801, 68, 0x0000000000000004 | 1.27 1.28 1.34 | cpu  51842674 24682784 4597826 1378905191 5815786 0 178005 3890 0 0
1791358326 2715, 13801, 69, 0x0000000000000004 | 1.25 1.28 1.34 | cpu  51842781 24682784 4597838 1378910123 5815786 0 178007 3890 0 0
1791358327 2700, 13801, 69, 0x0000000000000004 | 1.25 1.28 1.34 | cpu  51842886 24682784 4597854 1378915106 5815786 0 178009 3890 0 0
1791358328 2700, 13801, 69, 0x0000000000000004 | 1.25 1.28 1.34 | cpu  51842995 24682784 4597866 1378920100 5815786 0 178011 3890 0 0
1791358329 2842, 13801, 69, 0x0000000000000004 | 1.25 1.28 1.34 | cpu  51843103 24682784 4597878 1378925088 5815786 0 178011 3890 0 0
1791358330 2715, 13801, 68, 0x0000000000000004 | 1.25 1.28 1.34 | cpu  51843216 24682784 4597895 1378930077 5815786 0 178014 3890 0 0
1791358331 2850, 13801, 68, 0x0000000000000004 | 1.23 1.27 1.34 | cpu  51843326 24682784 4597909 1378935041 5815797 0 178015 3890 0 0
1791358332 2827, 13801, 69, 0x0000000000000004 | 1.23 1.27 1.34 | cpu  51843425 24682784 4597930 1378940018 5815797 0 178015 3890 0 0
1791358333 2700, 13801, 68, 0x0000000000000004 | 1.23 1.27 1.34 | cpu  51843534 24682784 4597941 1378944970 5815797 0 178016 3890 0 0
1791358334 2767, 13801, 68, 0x0000000000000004 | 1.23 1.27 1.34 | cpu  51843640 24682784 4597957 1378949906 5815797 0 178017 3890 0 0
1791358335 2692, 13801, 68, 0x0000000000000004 | 1.23 1.27 1.34 | cpu  51843747 24682784 4597970 1378954888 5815797 0 178018 3890 0 0
1791358336 2842, 13801, 68, 0x0000000000000004 | 1.21 1.27 1.34 | cpu  51843858 24682784 4597984 1378959865 5815798 0 178019 3890 0 0
1791358337 2820, 13801, 68, 0x0000000000000004 | 1.21 1.27 1.34 | cpu  51843966 24682784 4598006 1378964854 5815798 0 178021 3890 0 0
1791358338 2835, 13801, 69, 0x0000000000000004 | 1.21 1.27 1.34 | cpu  51844076 24682784 4598082 1378969744 5815798 0 178029 3890 0 0
1791358340 2782, 13801, 68, 0x0000000000000004 | 1.21 1.27 1.34 | cpu  51844181 24682784 4598101 1378974701 5815798 0 178030 3890 0 0
1791358341 2715, 13801, 67, 0x0000000000000004 | 1.21 1.27 1.34 | cpu  51844288 24682784 4598114 1378979650 5815798 0 178030 3890 0 0
1791358342 2850, 13801, 69, 0x0000000000000004 | 1.27 1.28 1.34 | cpu  51844400 24682784 4598129 1378984623 5815798 0 178031 3890 0 0
1791358343 2700, 13801, 68, 0x0000000000000004 | 1.27 1.28 1.34 | cpu  51844510 24682784 4598147 1378989601 5815799 0 178031 3890 0 0
1791358344 2812, 13801, 68, 0x0000000000000004 | 1.27 1.28 1.34 | cpu  51844618 24682784 4598158 1378994572 5815799 0 178032 3890 0 0
1791358345 2730, 13801, 68, 0x0000000000000000 | 1.27 1.28 1.34 | cpu  51844724 24682784 4598171 1378999511 5815799 0 178032 3890 0 0
1791358346 2707, 13801, 67, 0x0000000000000004 | 1.25 1.28 1.34 | cpu  51844854 24682784 4598190 1379004439 5815799 0 178032 3890 0 0
1791358347 2722, 13801, 66, 0x0000000000000004 | 1.25 1.28 1.34 | cpu  51844960 24682784 4598208 1379009483 5815799 0 178032 3890 0 0
1791358348 2700, 13801, 68, 0x0000000000000004 | 1.25 1.28 1.34 | cpu  51845068 24682784 4598220 1379014466 5815799 0 178033 3890 0 0
1791358349 2850, 13801, 68, 0x0000000000000004 | 1.25 1.28 1.34 | cpu  51845175 24682784 4598234 1379019418 5815800 0 178034 3890 0 0
1791358350 2745, 13801, 68, 0x0000000000000004 | 1.25 1.28 1.34 | cpu  51845280 24682784 4598249 1379024364 5815800 0 178034 3890 0 0
1791358351 2715, 13801, 68, 0x0000000000000004 | 1.23 1.27 1.34 | cpu  51845390 24682784 4598260 1379029350 5815800 0 178034 3890 0 0
1791358352 2707, 13801, 68, 0x0000000000000004 | 1.23 1.27 1.34 | cpu  51845494 24682784 4598275 1379034319 5815800 0 178034 3890 0 0
1791358353 2692, 13801, 68, 0x0000000000000004 | 1.23 1.27 1.34 | cpu  51845605 24682784 4598291 1379039239 5815800 0 178035 3890 0 0
1791358354 2850, 13801, 68, 0x0000000000000004 | 1.23 1.27 1.34 | cpu  51845716 24682784 4598303 1379044146 5815801 0 178035 3890 0 0
1791358355 2782, 13801, 69, 0x0000000000000004 | 1.23 1.27 1.34 | cpu  51845820 24682784 4598317 1379049060 5815801 0 178035 3890 0 0
1791358356 2850, 13801, 69, 0x0000000000000004 | 1.21 1.27 1.34 | cpu  51845928 24682784 4598326 1379053969 5815801 0 178036 3890 0 0
1791358358 2812, 13801, 69, 0x0000000000000004 | 1.21 1.27 1.34 | cpu  51846032 24682784 4598340 1379058868 5815801 0 178037 3890 0 0
1791358359 2707, 13801, 67, 0x0000000000000004 | 1.21 1.27 1.34 | cpu  51846139 24682784 4598352 1379063794 5815809 0 178038 3890 0 0
1791358360 2790, 13801, 68, 0x0000000000000004 | 1.21 1.27 1.34 | cpu  51846246 24682784 4598370 1379068798 5815810 0 178039 3890 0 0
1791358361 2715, 13801, 69, 0x0000000000000004 | 1.21 1.27 1.34 | cpu  51846353 24682784 4598383 1379073741 5815810 0 178041 3890 0 0
1791358362 2857, 13801, 68, 0x0000000000000004 | 1.19 1.26 1.33 | cpu  51846462 24682784 4598394 1379078698 5815810 0 178041 3890 0 0
1791358363 2827, 13801, 68, 0x0000000000000004 | 1.19 1.26 1.33 | cpu  51846565 24682784 4598409 1379083636 5815810 0 178042 3890 0 0
1791358364 2707, 13801, 69, 0x0000000000000004 | 1.19 1.26 1.33 | cpu  51846672 24682784 4598424 1379088562 5815810 0 178043 3890 0 0
1791358365 2827, 13801, 68, 0x0000000000000004 | 1.19 1.26 1.33 | cpu  51846780 24682784 4598445 1379093466 5815810 0 178045 3890 0 0
1791358366 2707, 13801, 69, 0x0000000000000004 | 1.18 1.26 1.33 | cpu  51846888 24682784 4598455 1379098364 5815815 0 178046 3890 0 0
1791358367 2835, 13801, 68, 0x0000000000000004 | 1.18 1.26 1.33 | cpu  51846996 24682784 4598465 1379103284 5815815 0 178048 3890 0 0
1791358368 2707, 13801, 68, 0x0000000000000004 | 1.18 1.26 1.33 | cpu  51847103 24682784 4598487 1379108190 5815815 0 178049 3890 0 0
1791358369 2827, 13801, 69, 0x0000000000000004 | 1.18 1.26 1.33 | cpu  51847210 24682784 4598499 1379113114 5815815 0 178051 3890 0 0
1791358370 2790, 13801, 70, 0x0000000000000004 | 1.18 1.26 1.33 | cpu  51847321 24682784 4598514 1379118036 5815815 0 178052 3890 0 0
1791358371 2715, 13801, 69, 0x0000000000000004 | 1.25 1.27 1.34 | cpu  51847432 24682784 4598541 1379122962 5815816 0 178054 3890 0 0
1791358372 2857, 13801, 69, 0x0000000000000004 | 1.25 1.27 1.34 | cpu  51847544 24682784 4598579 1379127911 5815816 0 178054 3890 0 0
1791358373 2715, 13801, 68, 0x0000000000000004 | 1.25 1.27 1.34 | cpu  51847651 24682784 4598593 1379132828 5815816 0 178054 3890 0 0
1791358374 2812, 13801, 68, 0x0000000000000004 | 1.25 1.27 1.34 | cpu  51847756 24682784 4598606 1379137730 5815816 0 178054 3890 0 0
1791358375 2715, 13801, 66, 0x0000000000000004 | 1.25 1.27 1.34 | cpu  51847859 24682784 4598626 1379142727 5815816 0 178055 3890 0 0
1791358376 2700, 13801, 68, 0x0000000000000004 | 1.22 1.27 1.33 | cpu  51847970 24682784 4598642 1379147683 5815816 0 178057 3890 0 0
1791358378 2715, 13801, 68, 0x0000000000000004 | 1.22 1.27 1.33 | cpu  51848076 24682784 4598658 1379152663 5815817 0 178057 3890 0 0
1791358379 2685, 13801, 68, 0x0000000000000004 | 1.22 1.27 1.33 | cpu  51848188 24682784 4598675 1379157726 5815817 0 178058 3890 0 0
1791358380 2850, 13801, 69, 0x0000000000000004 | 1.22 1.27 1.33 | cpu  51848298 24682784 4598690 1379162747 5815817 0 178059 3890 0 0
1791358381 2700, 13801, 68, 0x0000000000000004 | 1.21 1.26 1.33 | cpu  51848408 24682784 4598705 1379167775 5815817 0 178060 3890 0 0
1791358382 2737, 13801, 68, 0x0000000000000004 | 1.21 1.26 1.33 | cpu  51848519 24682784 4598719 1379172799 5815817 0 178060 3890 0 0
1791358383 2715, 13801, 68, 0x0000000000000004 | 1.21 1.26 1.33 | cpu  51848625 24682784 4598735 1379177815 5815817 0 178062 3890 0 0
1791358384 2707, 13801, 69, 0x0000000000000004 | 1.21 1.26 1.33 | cpu  51848734 24682784 4598747 1379182809 5815818 0 178062 3890 0 0
1791358385 2692, 13801, 69, 0x0000000000000004 | 1.21 1.26 1.33 | cpu  51848843 24682784 4598764 1379187826 5815818 0 178064 3890 0 0
1791358386 2692, 13801, 69, 0x0000000000000004 | 1.19 1.26 1.33 | cpu  51848952 24682784 4598779 1379192800 5815818 0 178066 3890 0 0
1791358387 2835, 13801, 68, 0x0000000000000004 | 1.19 1.26 1.33 | cpu  51849065 24682784 4598797 1379197743 5815818 0 178068 3890 0 0
1791358388 2752, 13801, 68, 0x0000000000000004 | 1.19 1.26 1.33 | cpu  51849177 24682784 4598853 1379202661 5815818 0 178070 3890 0 0
1791358389 2677, 13801, 68, 0x0000000000000004 | 1.19 1.26 1.33 | cpu  51849286 24682784 4598866 1379207653 5815818 0 178070 3890 0 0
1791358390 2737, 13801, 68, 0x0000000000000004 | 1.19 1.26 1.33 | cpu  51849392 24682784 4598882 1379212645 5815828 0 178071 3890 0 0
1791358391 2700, 13801, 68, 0x0000000000000004 | 1.17 1.25 1.33 | cpu  51849498 24682784 4598897 1379217625 5815828 0 178071 3890 0 0
1791358392 2737, 13801, 68, 0x0000000000000004 | 1.17 1.25 1.33 | cpu  51849608 24682784 4598912 1379222598 5815828 0 178071 3890 0 0
1791358394 2692, 13801, 68, 0x0000000000000004 | 1.17 1.25 1.33 | cpu  51849716 24682784 4598927 1379227614 5815828 0 178072 3890 0 0
1791358395 2865, 13801, 68, 0x0000000000000004 | 1.17 1.25 1.33 | cpu  51849825 24682784 4598941 1379232624 5815828 0 178073 3890 0 0
1791358396 2827, 13801, 69, 0x0000000000000004 | 1.17 1.25 1.33 | cpu  51849932 24682784 4598956 1379237635 5815830 0 178073 3890 0 0
1791358397 2707, 13801, 68, 0x0000000000000004 | 1.24 1.27 1.33 | cpu  51850040 24682784 4598969 1379242615 5815830 0 178074 3890 0 0
1791358398 2775, 13801, 69, 0x0000000000000004 | 1.24 1.27 1.33 | cpu  51850146 24682784 4598984 1379247564 5815830 0 178074 3890 0 0
1791358399 2685, 13801, 68, 0x0000000000000004 | 1.24 1.27 1.33 | cpu  51850257 24682784 4599001 1379252541 5815830 0 178076 3890 0 0
1791358400 2820, 13801, 69, 0x0000000000000004 | 1.24 1.27 1.33 | cpu  51850367 24682784 4599013 1379257482 5815830 0 178077 3890 0 0
1791358401 2707, 13801, 68, 0x0000000000000004 | 1.30 1.28 1.34 | cpu  51850475 24682784 4599075 1379262371 5815830 0 178079 3890 0 0
1791358402 2857, 13801, 68, 0x0000000000000004 | 1.30 1.28 1.34 | cpu  51850583 24682784 4599107 1379267267 5815830 0 178081 3890 0 0
1791358403 2805, 13801, 68, 0x0000000000000004 | 1.30 1.28 1.34 | cpu  51850686 24682784 4599120 1379272187 5815846 0 178081 3890 0 0
1791358404 2715, 13801, 69, 0x0000000000000004 | 1.30 1.28 1.34 | cpu  51850794 24682784 4599131 1379277127 5815847 0 178081 3890 0 0
1791358405 2857, 13801, 69, 0x0000000000000004 | 1.30 1.28 1.34 | cpu  51850900 24682784 4599143 1379282018 5815847 0 178081 3890 0 0
1791358406 2707, 13801, 68, 0x0000000000000004 | 1.28 1.27 1.33 | cpu  51851002 24682784 4599159 1379286923 5815847 0 178081 3890 0 0
1791358407 2820, 13801, 68, 0x0000000000000004 | 1.28 1.27 1.33 | cpu  51851108 24682784 4599169 1379291828 5815847 0 178081 3890 0 0
1791358408 2767, 13801, 68, 0x0000000000000000 | 1.28 1.27 1.33 | cpu  51851213 24682784 4599182 1379296704 5815848 0 178081 3890 0 0
1791358409 2715, 13801, 68, 0x0000000000000004 | 1.28 1.27 1.33 | cpu  51851320 24682784 4599193 1379301592 5815848 0 178081 3890 0 0
1791358410 2850, 13801, 69, 0x0000000000000004 | 1.28 1.27 1.33 | cpu  51851427 24682784 4599209 1379306494 5815848 0 178083 3890 0 0
1791358411 2715, 13801, 68, 0x0000000000000004 | 1.26 1.27 1.33 | cpu  51851536 24682784 4599224 1379311431 5815848 0 178083 3890 0 0
1791358413 2850, 13801, 68, 0x0000000000000004 | 1.26 1.27 1.33 | cpu  51851643 24682784 4599236 1379316386 5815848 0 178083 3890 0 0
1791358414 2715, 13801, 69, 0x0000000000000004 | 1.26 1.27 1.33 | cpu  51851748 24682784 4599249 1379321326 5815848 0 178083 3890 0 0
1791358415 2797, 13801, 69, 0x0000000000000004 | 1.26 1.27 1.33 | cpu  51851857 24682784 4599260 1379326235 5815848 0 178083 3890 0 0
1791358416 2700, 13801, 66, 0x0000000000000004 | 1.26 1.27 1.33 | cpu  51851959 24682784 4599274 1379331132 5815849 0 178083 3890 0 0
1791358417 2722, 13801, 68, 0x0000000000000004 | 1.32 1.28 1.34 | cpu  51852062 24682784 4599289 1379336033 5815849 0 178083 3890 0 0
1791358418 2857, 13801, 69, 0x0000000000000004 | 1.32 1.28 1.34 | cpu  51852170 24682784 4599302 1379340947 5815849 0 178083 3890 0 0
1791358419 2767, 13801, 68, 0x0000000000000004 | 1.32 1.28 1.34 | cpu  51852274 24682784 4599315 1379345854 5815849 0 178083 3890 0 0
1791358420 2700, 13801, 68, 0x0000000000000004 | 1.32 1.28 1.34 | cpu  51852381 24682784 4599326 1379350773 5815849 0 178083 3890 0 0
1791358421 2722, 13801, 67, 0x0000000000000004 | 1.37 1.29 1.34 | cpu  51852487 24682784 4599339 1379355682 5815877 0 178083 3890 0 0
1791358422 2692, 13801, 68, 0x0000000000000004 | 1.37 1.29 1.34 | cpu  51852609 24682784 4599355 1379360640 5815905 0 178083 3890 0 0
1791358423 2745, 13801, 69, 0x0000000000000004 | 1.37 1.29 1.34 | cpu  51852718 24682784 4599376 1379365728 5815905 0 178083 3890 0 0
1791358424 2700, 13801, 69, 0x0000000000000004 | 1.37 1.29 1.34 | cpu  51852825 24682784 4599386 1379370674 5815905 0 178083 3890 0 0
1791358425 2865, 13801, 68, 0x0000000000000004 | 1.37 1.29 1.34 | cpu  51852931 24682784 4599399 1379375600 5815905 0 178083 3890 0 0
1791358426 2805, 13801, 69, 0x0000000000000004 | 1.34 1.29 1.34 | cpu  51853037 24682784 4599413 1379380549 5815907 0 178083 3890 0 0
1791358427 2707, 13801, 68, 0x0000000000000004 | 1.34 1.29 1.34 | cpu  51853145 24682784 4599427 1379385504 5815921 0 178083 3890 0 0
1791358428 2790, 13801, 68, 0x0000000000000004 | 1.34 1.29 1.34 | cpu  51853251 24682784 4599440 1379390465 5815921 0 178083 3890 0 0
1791358429 2692, 13801, 69, 0x0000000000000004 | 1.34 1.29 1.34 | cpu  51853359 24682784 4599456 1379395439 5815921 0 178084 3890 0 0
1791358431 2782, 13801, 68, 0x0000000000000004 | 1.34 1.29 1.34 | cpu  51853468 24682784 4599469 1379400451 5815921 0 178084 3890 0 0
1791358432 2700, 13801, 67, 0x0000000000000004 | 1.31 1.28 1.34 | cpu  51853575 24682784 4599483 1379405446 5815921 0 178084 3890 0 0
1791358433 2850, 13801, 69, 0x0000000000000004 | 1.31 1.28 1.34 | cpu  51853685 24682784 4599493 1379410429 5815924 0 178084 3890 0 0
1791358434 2812, 13801, 69, 0x0000000000000004 | 1.31 1.28 1.34 | cpu  51853795 24682784 4599513 1379415424 5815924 0 178084 3890 0 0
1791358435 2700, 13801, 69, 0x0000000000000004 | 1.31 1.28 1.34 | cpu  51853905 24682784 4599527 1379420484 5815924 0 178084 3890 0 0
1791358436 2835, 13801, 68, 0x0000000000000004 | 1.29 1.28 1.33 | cpu  51854013 24682784 4599545 1379425550 5815924 0 178084 3890 0 0
1791358437 2692, 13801, 68, 0x0000000000000004 | 1.29 1.28 1.33 | cpu  51854121 24682784 4599555 1379430531 5815924 0 178084 3890 0 0
1791358438 2857, 13801, 68, 0x0000000000000004 | 1.29 1.28 1.33 | cpu  51854230 24682784 4599566 1379435483 5815924 0 178085 3890 0 0
1791358439 2722, 13801, 68, 0x0000000000000004 | 1.29 1.28 1.33 | cpu  51854332 24682784 4599584 1379440412 5815928 0 178085 3890 0 0
1791358440 2782, 13801, 69, 0x0000000000000004 | 1.29 1.28 1.33 | cpu  51854440 24682784 4599596 1379445379 5815928 0 178085 3890 0 0
1791358441 2730, 13801, 67, 0x0000000000000000 | 1.26 1.27 1.33 | cpu  51854547 24682784 4599613 1379450361 5815928 0 178085 3890 0 0
1791358442 2670, 13801, 68, 0x0000000000000004 | 1.26 1.27 1.33 | cpu  51854661 24682784 4599636 1379455350 5815928 0 178085 3890 0 0
1791358443 2850, 13801, 68, 0x0000000000000004 | 1.26 1.27 1.33 | cpu  51854774 24682784 4599654 1379460366 5815928 0 178086 3890 0 0
1791358444 2707, 13801, 68, 0x0000000000000004 | 1.26 1.27 1.33 | cpu  51854882 24682784 4599674 1379465348 5815937 0 178087 3890 0 0
1791358445 2775, 13801, 68, 0x0000000000000004 | 1.26 1.27 1.33 | cpu  51854998 24682784 4599696 1379470307 5815937 0 178088 3891 0 0
1791358447 2790, 13801, 69, 0x0000000000000004 | 1.32 1.28 1.34 | cpu  51855165 24682784 4599725 1379475284 5815950 0 178088 3891 0 0
1791358448 2707, 13801, 68, 0x0000000000000004 | 1.32 1.28 1.34 | cpu  51855272 24682784 4599735 1379480219 5815950 0 178088 3891 0 0
1791358449 2745, 13801, 68, 0x0000000000000004 | 1.32 1.28 1.34 | cpu  51855376 24682784 4599753 1379485160 5815950 0 178088 3891 0 0
1791358450 2700, 13801, 69, 0x0000000000000004 | 1.32 1.28 1.34 | cpu  51855482 24682784 4599766 1379490089 5815950 0 178090 3891 0 0
1791358451 2850, 13801, 69, 0x0000000000000004 | 1.32 1.28 1.34 | cpu  51855589 24682784 4599779 1379494980 5815966 0 178090 3891 0 0
1791358452 2790, 13801, 68, 0x0000000000000004 | 1.38 1.30 1.34 | cpu  51855693 24682784 4599793 1379499889 5815966 0 178090 3891 0 0
1791358453 2700, 13801, 69, 0x0000000000000004 | 1.38 1.30 1.34 | cpu  51855801 24682784 4599807 1379504837 5815966 0 178090 3891 0 0
1791358454 2767, 13801, 68, 0x0000000000000004 | 1.38 1.30 1.34 | cpu  51855907 24682784 4599821 1379509769 5815966 0 178091 3891 0 0
1791358455 2700, 13801, 68, 0x0000000000000004 | 1.38 1.30 1.34 | cpu  51856015 24682784 4599832 1379514710 5815966 0 178091 3891 0 0
1791358456 2835, 13801, 68, 0x0000000000000004 | 1.35 1.29 1.34 | cpu  51856132 24682784 4599848 1379519636 5815972 0 178091 3891 0 0
1791358457 2842, 13801, 69, 0x0000000000000004 | 1.35 1.29 1.34 | cpu  51856240 24682784 4599858 1379524600 5815972 0 178091 3891 0 0
1791358458 2850, 13801, 68, 0x0000000000000004 | 1.35 1.29 1.34 | cpu  51856345 24682784 4599868 1379529495 5815972 0 178091 3891 0 0
1791358459 2842, 13801, 68, 0x0000000000000004 | 1.35 1.29 1.34 | cpu  51856451 24682784 4599879 1379534392 5815972 0 178091 3891 0 0
1791358460 2842, 13801, 68, 0x0000000000000004 | 1.35 1.29 1.34 | cpu  51856559 24682784 4599892 1379539306 5815973 0 178091 3891 0 0
1791358461 2850, 13801, 67, 0x0000000000000004 | 1.32 1.29 1.34 | cpu  51856651 24682784 4599911 1379544185 5815973 0 178091 3891 0 0
1791358462 2932, 13801, 60, 0x0000000000000000 | 1.32 1.29 1.34 | cpu  51856713 24682784 4599962 1379549114 5815973 0 178091 3891 0 0
1791358463 2932, 13801, 59, 0x0000000000000000 | 1.32 1.29 1.34 | cpu  51856777 24682784 4600011 1379554019 5815973 0 178091 3891 0 0
1791358464 2460, 13801, 58, 0x0000000000000000 | 1.32 1.29 1.34 | cpu  51856840 24682784 4600124 1379558881 5815973 0 178095 3891 0 0
1791358465 2460, 13801, 57, 0x0000000000000000 | 1.32 1.29 1.34 | cpu  51856903 24682784 4600170 1379563798 5815975 0 178095 3891 0 0
1791358466 2460, 13801, 57, 0x0000000000000000 | 1.29 1.28 1.33 | cpu  51856965 24682784 4600216 1379568671 5815985 0 178095 3891 0 0
1791358468 2460, 13801, 56, 0x0000000000000000 | 1.29 1.28 1.33 | cpu  51857037 24682784 4600265 1379573534 5815985 0 178095 3891 0 0
1791358469 2460, 13801, 56, 0x0000000000000000 | 1.29 1.28 1.33 | cpu  51857097 24682784 4600311 1379578423 5815985 0 178096 3891 0 0
1791358470 2460, 13801, 56, 0x0000000000000000 | 1.29 1.28 1.33 | cpu  51857155 24682784 4600362 1379583332 5815985 0 178099 3891 0 0
1791358471 2460, 13801, 55, 0x0000000000000000 | 1.29 1.28 1.33 | cpu  51857219 24682784 4600407 1379588243 5815985 0 178103 3891 0 0
1791358472 2460, 13801, 55, 0x0000000000000000 | 1.27 1.28 1.33 | cpu  51857280 24682784 4600454 1379593127 5815990 0 178104 3891 0 0
1791358473 2460, 13801, 55, 0x0000000000000000 | 1.27 1.28 1.33 | cpu  51857340 24682784 4600501 1379598008 5815990 0 178105 3891 0 0
1791358474 2460, 13801, 54, 0x0000000000000000 | 1.27 1.28 1.33 | cpu  51857404 24682784 4600544 1379602886 5815990 0 178106 3891 0 0
1791358475 2460, 13801, 54, 0x0000000000000000 | 1.27 1.28 1.33 | cpu  51857479 24682784 4600588 1379607759 5815991 0 178107 3891 0 0
1791358476 2460, 13801, 54, 0x0000000000000000 | 1.25 1.27 1.33 | cpu  51857546 24682784 4600630 1379612669 5815991 0 178109 3891 0 0
1791358477 2460, 13801, 53, 0x0000000000000000 | 1.25 1.27 1.33 | cpu  51857610 24682784 4600679 1379617653 5815995 0 178111 3891 0 0
1791358478 2460, 13801, 53, 0x0000000000000000 | 1.25 1.27 1.33 | cpu  51857672 24682784 4600729 1379622647 5815995 0 178113 3891 0 0
1791358479 2460, 13801, 53, 0x0000000000000000 | 1.25 1.27 1.33 | cpu  51857731 24682784 4600785 1379627635 5815995 0 178115 3891 0 0
1791358480 2460, 13801, 53, 0x0000000000000000 | 1.25 1.27 1.33 | cpu  51857774 24682784 4600854 1379632632 5815995 0 178117 3891 0 0
1791358481 2460, 13801, 52, 0x0000000000000000 | 1.23 1.27 1.33 | cpu  51857836 24682784 4600905 1379637601 5815995 0 178118 3891 0 0
1791358482 2460, 13801, 52, 0x0000000000000000 | 1.23 1.27 1.33 | cpu  51857922 24682784 4600931 1379642555 5815995 0 178123 3892 0 0
