#Time         gpu     sm    mem    enc    dec    jpg    ofa  rxpci  txpci 
#HH:MM:SS     Idx      %      %      %      %      %      %   MB/s   MB/s 
 05:16:58       0      0      0      0      0      0      0      0      3 
 05:17:00       0      0      0      0      0      0      0      0      2 
 05:17:01       0      0      0      0      0      0      0      0      0 
 05:17:02       0      0      0      0      0      0      0      0      2 
 05:17:03       0      0      0      0      0      0      0      0      0 
 05:17:04       0      0      0      0      0      0      0      0      2 
 05:17:05       0      0      0      0      0      0      0      0      0 
 05:17:06       0      0      0      0      0      0      0      0      2 
 05:17:07       0      0      0      0      0      0      0      0      0 
 05:17:08       0      0      0      0      0      0      0      4      0 
 05:17:09       0      0      0      0      0      0      0      0      2 
 05:17:10       0      0      0      0      0      0      0      0      0 
 05:17:11       0      0      0      0      0      0      0      0      0 
 05:17:12       0      0      0      0      0      0      0      0      0 
 05:17:13       0      0      0      0      0      0      0      0      0 
 05:17:14       0     15      1      0      0      0      0   6901    562 
 05:17:15       0     13      1      0      0      0      0   7012    596 
 05:17:16       0     12      0      0      0      0      0   7012    394 
 05:17:17       0     15      1      0      0      0      0   6625    393 
 05:17:18       0     20      2      0      0      0      0   7067    403 
 05:17:19       0     18      2      0      0      0      0   7233    477 
 05:17:21       0     15      1      0      0      0      0   7363    630 
 05:17:22       0     18      1      0      0      0      0   7012    644 
 05:17:23       0     17      2      0      0      0      0   4492    644 
 05:17:24       0     11      0      0      0      0      0   2319    437 
 05:17:25       0      0      0      0      0      0      0      0      0 
 05:17:26       0      0      0      0      0      0      0      0      0 
 05:17:27       0      0      0      0      0      0      0      0      0 
 05:17:28       0      0      0      0      0      0      0      0      2 
 05:17:29       0      0      0      0      0      0      0      0      0 
 05:17:30       0      0      0      0      0      0      0      6      2 
 05:17:31       0      0      0      0      0      0      0     10      2 
 05:17:32       0      1      0      0      0      0      0      0      0 
 05:17:33       0      1      0      0      0      0      0      0      2 
 05:17:34       0      1      0      0      0      0      0    607      0 
 05:17:35       0      0      0      0      0      0      0    773      0 
 05:17:36       0      0      0      0      0      0      0    608      0 
 05:17:37       0      0      0      0      0      0      0      0      0 
 05:17:38       0      0      0      0      0      0      0      2      0 
 05:17:39       0      5      0      0      0      0      0   1061     91 
 05:17:40       0      5      0      0      0      0      0      3   1308 
 05:17:42       0      3      0      0      0      0      0      0   2188 
 05:17:43       0      3      0      0      0      0      0      0      2 
 05:17:44       0      0      0      0      0      0      0      0      0 
#Time         gpu     sm    mem    enc    dec    jpg    ofa  rxpci  txpci 
#HH:MM:SS     Idx      %      %      %      %      %      %   MB/s   MB/s 
 05:17:45       0      0      0      0      0      0      0      0      2 
 05:17:46       0      3      0      0      0      0      0      0      0 
 05:17:47       0      1      0      0      0      0      0      0      2 
 05:17:48       0      2      0      0      0      0      0      0      0 
 05:17:49       0      4      0      0      0      0      0      4      4 
 05:17:50       0      2      0      0      0      0      0      0      2 
 05:17:51       0      3      0      0      0      0      0      0      2 
 05:17:52       0      0      0      0      0      0      0      0      0 
 05:17:53       0      0      0      0      0      0      0      0      2 
 05:17:54       0      3      0      0      0      0      0      0      0 
 05:17:55       0      2      0      0      0      0      0      0   2186 
 05:17:56       0      1      0      0      0      0      0      0   2184 
 05:17:57       0      0      0      0      0      0      0      0    224 
 05:17:58       0      2      0      0      0      0      0      0      0 
 05:17:59       0      1      0      0      0      0      0      0      2 
 05:18:00       0      2      0      0      0      0      0      0   2128 
 05:18:02       0      4      0      0      0      0      0      0   1792 
 05:18:03       0      2      0      0      0      0      0      0    728 
 05:18:04       0      0      0      0      0      0      0      0      0 
 05:18:05       0      3      0      0      0      0      0      0      2 
 05:18:06       0      0      0      0      0      0      0      0      0 
 05:18:07       0      2      0      0      0      0      0      0      2 
 05:18:08       0      0      0      0      0      0      0      0    672 
 05:18:09       0      1      0      0      0      0      0      0   1514 
 05:18:10       0      0      0      0      0      0      0     12      2 
 05:18:11       0      1      0      0      0      0      0      0      0 
 05:18:12       0      0      0      0      0      0      0      0      0 
 05:18:13       0      0      0      0      0      0      0      0      0 
 05:18:14       0      1      0      0      0      0      0      0      0 
 05:18:15       0      1      0      0      0      0      0      0      0 
 05:18:16       0      3      0      0      0      0      0      0      0 
 05:18:17       0      3      0      0      0      0      0      0      0 
 05:18:18       0      0      0      0      0      0      0      0      0 
 05:18:19       0      1      0      0      0      0      0      0      0 
 05:18:20       0      0      0      0      0      0      0      0   1400 
 05:18:21       0      2      0      0      0      0      0      0   2186 
 05:18:23       0      2      0      0      0      0      0      0   2184 
 05:18:24       0      0      0      0      0      0      0      0   2186 
 05:18:25       0      1      0      0      0      0      0      0   2184 
 05:18:26       0      0      0      0      0      0      0      0      2 
 05:18:27       0      0      0      0      0      0      0      0      0 
 05:18:28       0      1      0      0      0      0      0      0      2 
 05:18:29       0      0      0      0      0      0      0      0      0 
 05:18:30       0      0      0      0      0      0      0      0      0 
#Time         gpu     sm    mem    enc    dec    jpg    ofa  rxpci  txpci 
#HH:MM:SS     Idx      %      %      %      %      %      %   MB/s   MB/s 
 05:18:31       0      2      0      0      0      0      0     12      0 
 05:18:32       0      0      0      0      0      0      0      0      0 
 05:18:33       0      4      0      0      0      0      0      0      0 
 05:18:34       0      2      0      0      0      0      0      0      0 
 05:18:35       0      2      0      0      0      0      0      0      0 
 05:18:36       0      0      0      0      0      0      0      0      0 
 05:18:37       0      1      0      0      0      0      0      0      0 
 05:18:38       0      3      2      0      0      0      0      0      1 
 05:18:39       0     53     28      0      0      0      0     57      1 
 05:18:40       0     32     17      0      0      0      0     79     14 
 05:18:41       0      0      0      0      0      0      0      0     11 
 05:18:42       0      0      0      0      0      0      0     20      2 
 05:18:44       0      0      0      0      0      0      0      3      0 
 05:18:45       0     15      8      0      0      0      0     85     18 
 05:18:46       0     64     30      0      0      0      0     66     13 
 05:18:47       0     49     24      0      0      0      0    591     63 
 05:18:48       0     68     33      0      0      0      0     81     19 
 05:18:49       0      9      4      0      0      0      0     84     17 
 05:18:50       0     39     21      0      0      0      0     38      2 
 05:18:51       0     61     29      0      0      0      0    473     20 
 05:18:52       0     30     15      0      0      0      0     29      0 
 05:18:53       0     44     21      0      0      0      0    284     31 
 05:18:54       0     38     19      0      0      0      0     59     24 
 05:18:55       0     41     19      0      0      0      0    285     44 
 05:18:56       0     42     19      0      0      0      0    186     11 
 05:18:57       0     39     18      0      0      0      0     64     12 
 05:18:58       0     43     20      0      0      0      0     48    400 
 05:18:59       0     29      6      0      0      0      0     55     12 
 05:19:00       0     19      9      0      0      0      0      0     16 
 05:19:01       0     46     22      0      0      0      0    404     43 
 05:19:02       0     23     10      0      0      0      0    506     51 
 05:19:03       0      0      0      0      0      0      0      0      0 
 05:19:05       0      0      0      0      0      0      0     10      0 
 05:19:06       0      0      0      0      0      0      0      0      0 
 05:19:07       0      0      0      0      0      0      0      0      0 
 05:19:08       0      0      0      0      0      0      0      0      0 
 05:19:09       0      0      0      0      0      0      0      0      0 
 05:19:10       0      0      0      0      0      0      0      0      0 
 05:19:11       0      0      0      0      0      0      0      0      0 
 05:19:12       0      0      0      0      0      0      0      0      2 
 05:19:13       0      0      0      0      0      0      0      0      0 
 05:19:14       0      0      0      0      0      0      0      0      2 
 05:19:15       0      0      0      0      0      0      0      0      0 
 05:19:16       0      0      0      0      0      0      0      0     12 
#Time         gpu     sm    mem    enc    dec    jpg    ofa  rxpci  txpci 
#HH:MM:SS     Idx      %      %      %      %      %      %   MB/s   MB/s 
 05:19:17       0      0      0      0      0      0      0      0      0 
 05:19:18       0      0      0      0      0      0      0      0      0 
 05:19:19       0      0      0      0      0      0      0      0      0 
 05:19:20       0      0      0      0      0      0      0      0      0 
 05:19:21       0      0      0      0      0      0      0      0      0 
 05:19:22       0      0      0      0      0      0      0      0      0 
 05:19:23       0      0      0      0      0      0      0      0      2 
 05:19:24       0      0      0      0      0      0      0      0     12 
 05:19:26       0      0      0      0      0      0      0      0      0 
 05:19:27       0      0      0      0      0      0      0      0      0 
 05:19:28       0      0      0      0      0      0      0      0      0 
 05:19:29       0      0      0      0      0      0      0      0      0 
 05:19:30       0      0      0      0      0      0      0      0      0 
 05:19:31       0      0      0      0      0      0      0      0      0 
 05:19:32       0      0      0      0      0      0      0      0      0 
 05:19:33       0      0      0      0      0      0      0      0      0 
 05:19:34       0      0      0      0      0      0      0      0      0 
 05:19:35       0      0      0      0      0      0      0      0      0 
 05:19:36       0      0      0      0      0      0      0      0      8 
 05:19:37       0      0      0      0      0      0      0      0     15 
 05:19:38       0      0      0      0      0      0      0      0      0 
 05:19:39       0      0      0      0      0      0      0      0      0 
 05:19:40       0      0      0      0      0      0      0      0      0 
 05:19:41       0      0      0      0      0      0      0      0      0 
 05:19:42       0      0      0      0      0      0      0      0      2 
 05:19:43       0      0      0      0      0      0      0      0      0 
 05:19:44       0      0      0      0      0      0      0      8      2 
 05:19:45       0      0      0      0      0      0      0      0      0 
 05:19:46       0      0      0      0      0      0      0      0      2 
 05:19:48       0      0      0      0      0      0      0      0      0 
 05:19:49       0      0      0      0      0      0      0      0     18 
 05:19:50       0      0      0      0      0      0      0      0      0 
 05:19:51       0      0      0      0      0      0      0      0      0 
 05:19:52       0      0      0      0      0      0      0      0      0 
 05:19:53       0      0      0      0      0      0      0      0      0 
 05:19:54       0      0      0      0      0      0      0      0      0 
 05:19:55       0      0      0      0      0      0      0      0      0 
 05:19:56       0      0      0      0      0      0      0      0      0 
 05:19:57       0      0      0      0      0      0      0      0      0 
 05:19:58       0      0      0      0      0      0      0      0      0 
 05:19:59       0      0      0      0      0      0      0      0      2 
 05:20:00       0      0      0      0      0      0      0      0      0 
 05:20:01       0      0      0      0      0      0      0      0      2 
 05:20:02       0      0      0      0      0      0      0      0      0 
#Time         gpu     sm    mem    enc    dec    jpg    ofa  rxpci  txpci 
#HH:MM:SS     Idx      %      %      %      %      %      %   MB/s   MB/s 
 05:20:03       0      0      0      0      0      0      0      0      2 
 05:20:04       0      0      0      0      0      0      0      0      0 
 05:20:05       0      0      0      0      0      0      0      0      2 
 05:20:06       0      0      0      0      0      0      0      0      2 
 05:20:07       0      0      0      0      0      0      0      0      0 
 05:20:09       0      0      0      0      0      0      0      0      0 
 05:20:10       0      0      0      0      0      0      0      0      6 
 05:20:11       0      0      0      0      0      0      0      0      0 
 05:20:12       0      0      0      0      0      0      0      0      0 
 05:20:13       0      0      0      0      0      0      0      0      0 
 05:20:14       0      0      0      0      0      0      0      0      0 
 05:20:15       0      0      0      0      0      0      0      0      0 
 05:20:16       0      0      0      0      0      0      0      0      0 
 05:20:17       0      0      0      0      0      0      0      0      0 
 05:20:18       0      0      0      0      0      0      0      0      0 
 05:20:19       0      0      0      0      0      0      0      2      2 
 05:20:20       0      0      0      0      0      0      0      0      0 
 05:20:21       0      0      0      0      0      0      0      0      2 
 05:20:22       0      0      0      0      0      0      0      2      6 
 05:20:23       0      0      0      0      0      0      0      0      2 
 05:20:24       0      0      0      0      0      0      0      0      0 
 05:20:25       0      0      0      0      0      0      0      0      2 
 05:20:26       0      0      0      0      0      0      0      0      0 
 05:20:27       0      0      0      0      0      0      0      0      0 
 05:20:28       0      0      0      0      0      0      0      0      0 
 05:20:30       0      0      0      0      0      0      0      0      0 
 05:20:31       0      0      0      0      0      0      0      0      0 
 05:20:32       0      0      0      0      0      0      0      0      2 
 05:20:33       0      0      0      0      0      0      0      8      0 
 05:20:34       0      0      0      0      0      0      0      8      9 
 05:20:35       0      0      0      0      0      0      0      0      0 
 05:20:36       0      0      0      0      0      0      0      0      1 
 05:20:37       0      0      0      0      0      0      0      0      0 
 05:20:38       0      0      0      0      0      0      0      2     10 
 05:20:39       0      0      0      0      0      0      0      0      0 
 05:20:40       0      0      0      0      0      0      0      0      0 
 05:20:41       0      0      0      0      0      0      0      0      0 
 05:20:42       0      0      0      0      0      0      0      0      0 
 05:20:43       0      0      0      0      0      0      0      0      0 
 05:20:44       0      0      0      0      0      0      0      0      2 
 05:20:45       0      0      0      0      0      0      0     20      1 
 05:20:46       0      0      0      0      0      0      0      8      1 
 05:20:47       0      0      0      0      0      0      0      0      2 
 05:20:48       0      0      0      0      0      0      0      0      0 
#Time         gpu     sm    mem    enc    dec    jpg    ofa  rxpci  txpci 
#HH:MM:SS     Idx      %      %      %      %      %      %   MB/s   MB/s 
 05:20:49       0      0      0      0      0      0      0      0      0 
 05:20:50       0      0      0      0      0      0      0      0      0 
 05:20:52       0      0      0      0      0      0      0      0      0 
 05:20:53       0      0      0      0      0      0      0      0      0 
 05:20:54       0      0      0      0      0      0      0      8      1 
 05:20:55       0      0      0      0      0      0      0      0      0 
 05:20:56       0      0      0      0      0      0      0      0      0 
 05:20:57       0      0      0      0      0      0      0      8      0 
 05:20:58       0      0      0      0      0      0      0     12      2 
 05:20:59       0      0      0      0      0      0      0      0      0 
 05:21:00       0      0      0      0      0      0      0      0      2 
 05:21:01       0      0      0      0      0      0      0      0      0 
 05:21:02       0      0      0      0      0      0      0      0      2 
 05:21:03       0      0      0      0      0      0      0      2      0 
 05:21:04       0      0      0      0      0      0      0      0      1 
 05:21:05       0      0      0      0      0      0      0      0      5 
 05:21:06       0      0      0      0      0      0      0      0      0 
 05:21:07       0      0      0      0      0      0      0      0      0 
 05:21:08       0      0      0      0      0      0      0      0      0 
 05:21:09       0      0      0      0      0      0      0      2     12 
 05:21:10       0      0      0      0      0      0      0      0      0 
 05:21:11       0      0      0      0      0      0      0      0      0 
 05:21:12       0      0      0      0      0      0      0      0      0 
 05:21:14       0      0      0      0      0      0      0     65     25 
 05:21:15       0     56     28      0      0      0      0      0     19 
 05:21:16       0     20     10      0      0      0      0     25      0 
 05:21:17       0     45     22      0      0      0      0     73     14 
 05:21:18       0     30     14      0      0      0      0     24      0 
 05:21:19       0     58     27      0      0      0      0    575     45 
 05:21:20       0     47     15      0      0      0      0     70    814 
 05:21:21       0      8      3      0      0      0      0     80     34 
 05:21:22       0     40     19      0      0      0      0      4      7 
 05:21:23       0     45     22      0      0      0      0     81    174 
 05:21:24       0     39     20      0      0      0      0     75     17 
 05:21:25       0     49     24      0      0      0      0     70     28 
 05:21:26       0     59     28      0      0      0      0     70     16 
 05:21:27       0     44     21      0      0      0      0     70      5 
 05:21:28       0     51     27      0      0      0      0     54     13 
 05:21:29       0     53     24      0      0      0      0    306     46 
 05:21:30       0     47     25      0      0      0      0     50     26 
 05:21:31       0     51     24      0      0      0      0    495     52 
 05:21:32       0     55     27      0      0      0      0      4      3 
 05:21:33       0     49     24      0      0      0      0     74     15 
 05:21:34       0     59     28      0      0      0      0     67     16 
#Time         gpu     sm    mem    enc    dec    jpg    ofa  rxpci  txpci 
#HH:MM:SS     Idx      %      %      %      %      %      %   MB/s   MB/s 
 05:21:36       0     18     10      0      0      0      0     73     14 
 05:21:37       0     32     10      0      0      0      0     68     13 
 05:21:38       0     44     21      0      0      0      0     70     13 
 05:21:39       0     51     24      0      0      0      0     70    788 
 05:21:40       0     47     25      0      0      0      0     73     12 
 05:21:41       0     40     20      0      0      0      0     68    600 
 05:21:42       0     54     25      0      0      0      0    422     37 
 05:21:43       0     57     27      0      0      0      0     70    679 
 05:21:44       0     27     13      0      0      0      0    453     52 
 05:21:45       0     35      9      0      0      0      0     79   1064 
 05:21:46       0     32     15      0      0      0      0     78     30 
 05:21:47       0     66     31      0      0      0      0     67    740 
 05:21:48       0     52     26      0      0      0      0    446     50 
 05:21:49       0      0      0      0      0      0      0     91     14 
 05:21:50       0     47     24      0      0      0      0      0     35 
 05:21:51       0     50     24      0      0      0      0      5    210 
 05:21:52       0     48     24      0      0      0      0    482     26 
 05:21:53       0     56     26      0      0      0      0     23      2 
 05:21:54       0     46     24      0      0      0      0     71     13 
 05:21:55       0      2      0      0      0      0      0      0      0 
 05:21:57       0      2      0      0      0      0      0      2     12 
 05:21:58       0      5      0      0      0      0      0      0   4593 
 05:21:59       0      2      0      0      0      0      0      0      0 
 05:22:00       0      0      0      0      0      0      0      0      0 
 05:22:01       0      2      0      0      0      0      0      0      0 
 05:22:02       0      5      0      0      0      0      0      0    504 
 05:22:03       0      2      0      0      0      0      0      0      0 
 05:22:04       0      4      0      0      0      0      0      0   5377 
 05:22:05       0      5      0      0      0      0      0      1      0 
 05:22:06       0      0      0      0      0      0      0      0      2 
 05:22:07       0      4      0      0      0      0      0      0      0 
 05:22:08       0      0      0      0      0      0      0      0      0 
 05:22:09       0      0      0      0      0      0      0      0    280 
 05:22:10       0      0      0      0      0      0      0      0      0 
 05:22:11       0      4      0      0      0      0      0      0   2184 
 05:22:12       0      0      0      0      0      0      0      0      2 
 05:22:13       0      0      0      0      0      0      0      0      0 
 05:22:14       0      0      0      0      0      0      0      0      2 
 05:22:15       0      0      0      0      0      0      0      0      0 
 05:22:16       0      0      0      0      0      0      0      0      4 
 05:22:17       0      0      0      0      0      0      0      0      0 
 05:22:19       0      0      0      0      0      0      0      0      1 
 05:22:20       0      0      0      0      0      0      0      0      0 
 05:22:21       0      0      0      0      0      0      0      0      0 
#Time         gpu     sm    mem    enc    dec    jpg    ofa  rxpci  txpci 
#HH:MM:SS     Idx      %      %      %      %      %      %   MB/s   MB/s 
 05:22:22       0      0      0      0      0      0      0      0      0 
 05:22:23       0      0      0      0      0      0      0      0      0 
 05:22:24       0      0      0      0      0      0      0      0      0 
 05:22:25       0      0      0      0      0      0      0      9      0 
 05:22:26       0      0      0      0      0      0      0      0      0 
 05:22:27       0      0      0      0      0      0      0      0      0 
 05:22:28       0      0      0      0      0      0      0      0      0 
 05:22:29       0      0      0      0      0      0      0      0      0 
 05:22:30       0      0      0      0      0      0      0      0      2 
 05:22:31       0      0      0      0      0      0      0      0      0 
 05:22:32       0      0      0      0      0      0      0      0      2 
 05:22:33       0      0      0      0      0      0      0      0      0 
