#Time         gpu     sm    mem    enc    dec    jpg    ofa  rxpci  txpci 
#HH:MM:SS     Idx      %      %      %      %      %      %   MB/s   MB/s 
 05:12:37       0      0      0      0      0      0      0     15      0 
 05:12:38       0      0      0      0      0      0      0      0      2 
 05:12:39       0      0      0      0      0      0      0      0      0 
 05:12:40       0      0      0      0      0      0      0      0      0 
 05:12:41       0      0      0      0      0      0      0      3     12 
 05:12:43       0      0      0      0      0      0      0      0      0 
 05:12:44       0      0      0      0      0      0      0      0      2 
 05:12:45       0      0      0      0      0      0      0   4150    562 
 05:12:46       0      9      0      0      0      0      0   1940    610 
 05:12:47       0     20      2      0      0      0      0      0    167 
 05:12:48       0     19      2      0      0      0      0   5300    477 
 05:12:49       0      9      0      0      0      0      0      0      0 
 05:12:50       0     14      2      0      0      0      0   5465    478 
 05:12:51       0      0      0      0      0      0      0   5465    461 
 05:12:52       0      9      0      0      0      0      0   3033     14 
 05:12:53       0     19      2      0      0      0      0   5634    519 
 05:12:54       0      6      0      0      0      0      0     12      0 
 05:12:55       0      8      0      0      0      0      0   5336    490 
 05:12:56       0     15      2      0      0      0      0   5631    548 
 05:12:57       0      6      0      0      0      0      0   4999     16 
 05:12:58       0     17      2      0      0      0      0   5631    504 
 05:12:59       0     11      0      0      0      0      0   7784    692 
 05:13:00       0      5      0      0      0      0      0   7618    677 
 05:13:01       0      3      0      0      0      0      0   7121    650 
 05:13:02       0     16      2      0      0      0      0   7287    634 
 05:13:03       0      2      0      0      0      0      0   7178    528 
 05:13:05       0      0      0      0      0      0      0      0      0 
 05:13:06       0      0      0      0      0      0      0      0      2 
 05:13:07       0      3      0      0      0      0      0      0   1217 
 05:13:08       0      2      0      0      0      0      0      0    434 
 05:13:09       0      2      0      0      0      0      0      0    896 
 05:13:10       0      2      0      0      0      0      0      0    735 
 05:13:11       0      2      0      0      0      0      0    884      0 
 05:13:12       0     21      0      0      0      0      0      0      0 
 05:13:13       0      5      0      0      0      0      0   1025     92 
 05:13:14       0      5      0      0      0      0      0      3   1297 
 05:13:15       0      3      0      0      0      0      0      0   1852 
 05:13:16       0      3      0      0      0      0      0      0   1904 
 05:13:17       0      2      0      0      0      0      0      0      0 
 05:13:18       0      4      0      0      0      0      0      0      0 
 05:13:19       0      2      0      0      0      0      0      0      0 
 05:13:20       0      2      0      0      0      0      0      0      0 
 05:13:21       0      3      0      0      0      0      0      0      0 
 05:13:22       0      2      0      0      0      0      0      0      0 
#Time         gpu     sm    mem    enc    dec    jpg    ofa  rxpci  txpci 
#HH:MM:SS     Idx      %      %      %      %      %      %   MB/s   MB/s 
 05:13:23       0      2      0      0      0      0      0      0   2410 
 05:13:24       0      3      0      0      0      0      0      1   1456 
 05:13:25       0      2      0      0      0      0      0      0      2 
 05:13:27       0      0      0      0      0      0      0      0      0 
 05:13:28       0      0      0      0      0      0      0      0      0 
 05:13:29       0      0      0      0      0      0      0      0   1462 
 05:13:30       0      0      0      0      0      0      0      1   2296 
 05:13:31       0      0      0      0      0      0      0      0   2352 
 05:13:32       0      2      0      0      0      0      0      0   2352 
 05:13:33       0      2      0      0      0      0      0      1   2352 
 05:13:34       0      2      0      0      0      0      0      0      0 
 05:13:35       0      2      0      0      0      0      0      0      0 
 05:13:36       0      4      0      0      0      0      0      0      3 
 05:13:37       0      1      0      0      0      0      0      0      0 
 05:13:38       0      1      0      0      0      0      0      0   1738 
 05:13:39       0      1      0      0      0      0      0      0      0 
 05:13:40       0      1      0      0      0      0      0      0      2 
 05:13:41       0      2      0      0      0      0      0      6   1346 
 05:13:42       0      2      0      0      0      0      0      0      3 
 05:13:43       0      2      0      0      0      0      0      0    594 
 05:13:44       0      0      0      0      0      0      0      1   2352 
 05:13:45       0      0      0      0      0      0      0      1   1680 
 05:13:47       0      2      0      0      0      0      0      0   2240 
 05:13:48       0      2      0      0      0      0      0      1   2352 
 05:13:49       0      2      0      0      0      0      0      0      0 
 05:13:50       0      2      0      0      0      0      0      0      2 
 05:13:51       0      4      0      0      0      0      0      0      2 
 05:13:52       0      0      0      0      0      0      0      0      2 
 05:13:53       0      0      0      0      0      0      0      0      0 
 05:13:54       0      0      0      0      0      0      0      0      2 
 05:13:55       0      2      0      0      0      0      0      0      0 
 05:13:56       0      1      0      0      0      0      0      0      0 
 05:13:57       0      3      0      0      0      0      0      1   1792 
 05:13:58       0      0      0      0      0      0      0      0      0 
 05:13:59       0      0      0      0      0      0      0      0    224 
 05:14:00       0      0      0      0      0      0      0      1   2408 
 05:14:01       0      0      0      0      0      0      0      0   1792 
 05:14:02       0      2      0      0      0      0      0      0   2304 
 05:14:03       0      1      0      0      0      0      0      0      2 
 05:14:04       0      0      0      0      0      0      0      0      0 
 05:14:05       0      0      0      0      0      0      0      0      2 
 05:14:07       0      4      0      0      0      0      0      0      0 
 05:14:08       0      4      0      0      0      0      0      0      0 
 05:14:09       0      2      0      0      0      0      0      0   1344 
#Time         gpu     sm    mem    enc    dec    jpg    ofa  rxpci  txpci 
#HH:MM:SS     Idx      %      %      %      %      %      %   MB/s   MB/s 
 05:14:10       0      2      0      0      0      0      0      0    672 
 05:14:11       0      0      0      0      0      0      0      4      2 
 05:14:12       0     91     17      0      0      0      0     70     28 
 05:14:13       0     59      6      0      0      0      0     68     13 
 05:14:14       0     63     12      0      0      0      0     73     15 
 05:14:15       0     58      8      0      0      0      0     52      8 
 05:14:16       0    100     29      0      0      0      0     57     16 
 05:14:17       0     50      7      0      0      0      0     23      6 
 05:14:18       0     53      8      0      0      0      0     60     14 
 05:14:19       0     65     11      0      0      0      0     51     14 
 05:14:20       0     77     14      0      0      0      0     42     14 
 05:14:21       0     24      4      0      0      0      0     54     10 
 05:14:22       0     50      8      0      0      0      0     65     12 
 05:14:23       0     56     10      0      0      0      0     52     11 
 05:14:24       0     78     20      0      0      0      0     64     13 
 05:14:25       0     44      6      0      0      0      0     21     10 
 05:14:26       0     75     20      0      0      0      0     69     15 
 05:14:28       0    100     29      0      0      0      0      0      0 
 05:14:29       0      0      0      0      0      0      0      0      0 
 05:14:30       0      0      0      0      0      0      0      0      0 
 05:14:31       0      0      0      0      0      0      0      0      0 
 05:14:32       0      0      0      0      0      0      0      4      1 
 05:14:33       0      0      0      0      0      0      0      0      0 
 05:14:34       0      0      0      0      0      0      0      0      2 
 05:14:35       0      0      0      0      0      0      0      0      0 
 05:14:36       0      0      0      0      0      0      0      0      0 
 05:14:37       0      0      0      0      0      0      0      0      0 
 05:14:38       0      0      0      0      0      0      0      0      0 
 05:14:39       0      0      0      0      0      0      0      0      0 
 05:14:40       0      0      0      0      0      0      0      0      0 
 05:14:41       0      0      0      0      0      0      0      0      2 
 05:14:42       0      0      0      0      0      0      0      0      0 
 05:14:43       0      0      0      0      0      0      0      2     11 
 05:14:44       0      0      0      0      0      0      0      8      3 
 05:14:45       0      0      0      0      0      0      0      0      0 
 05:14:46       0      0      0      0      0      0      0      2     11 
 05:14:47       0      0      0      0      0      0      0      0      0 
 05:14:48       0      0      0      0      0      0      0      0      2 
 05:14:50       0      0      0      0      0      0      0      0      0 
 05:14:51       0      0      0      0      0      0      0      0      2 
 05:14:52       0      0      0      0      0      0      0      0      0 
 05:14:53       0      0      0      0      0      0      0      0     10 
 05:14:54       0      0      0      0      0      0      0      8      2 
 05:14:55       0      0      0      0      0      0      0      0      0 
#Time         gpu     sm    mem    enc    dec    jpg    ofa  rxpci  txpci 
#HH:MM:SS     Idx      %      %      %      %      %      %   MB/s   MB/s 
 05:14:56       0      0      0      0      0      0      0      0      0 
 05:14:57       0      0      0      0      0      0      0      0      1 
 05:14:58       0      0      0      0      0      0      0      0      0 
 05:14:59       0      0      0      0      0      0      0      0      2 
 05:15:00       0      0      0      0      0      0      0      0      0 
 05:15:01       0      0      0      0      0      0      0      0      2 
 05:15:02       0      0      0      0      0      0      0      0      8 
 05:15:03       0      0      0      0      0      0      0      0      0 
 05:15:04       0      0      0      0      0      0      0      0      0 
 05:15:05       0      0      0      0      0      0      0      0      0 
 05:15:06       0      0      0      0      0      0      0      0      0 
 05:15:07       0      0      0      0      0      0      0      0      0 
 05:15:08       0      0      0      0      0      0      0      0      0 
 05:15:09       0      0      0      0      0      0      0      8      1 
 05:15:11       0      0      0      0      0      0      0      1      0 
 05:15:12       0      0      0      0      0      0      0      8      1 
 05:15:13       0      0      0      0      0      0      0      5      2 
 05:15:14       0      0      0      0      0      0      0      0      2 
 05:15:15       0      0      0      0      0      0      0      0      0 
 05:15:16       0      0      0      0      0      0      0      0      2 
 05:15:17       0      0      0      0      0      0      0      0      0 
 05:15:18       0      0      0      0      0      0      0      0      2 
 05:15:19       0      0      0      0      0      0      0      8      0 
 05:15:20       0      0      0      0      0      0      0      0      2 
 05:15:21       0      0      0      0      0      0      0      0      0 
 05:15:22       0      0      0      0      0      0      0      5      1 
 05:15:23       0      0      0      0      0      0      0      0      0 
 05:15:24       0      0      0      0      0      0      0      0      0 
 05:15:25       0      0      0      0      0      0      0      0      0 
 05:15:26       0      0      0      0      0      0      0      0      0 
 05:15:27       0      0      0      0      0      0      0      0      0 
 05:15:28       0      0      0      0      0      0      0     10      0 
 05:15:29       0      0      0      0      0      0      0      0      0 
 05:15:30       0      0      0      0      0      0      0      0      0 
 05:15:32       0      0      0      0      0      0      0      8      2 
 05:15:33       0      0      0      0      0      0      0      0      0 
 05:15:34       0      0      0      0      0      0      0      0      2 
 05:15:35       0      0      0      0      0      0      0      0      0 
 05:15:36       0      0      0      0      0      0      0      0      0 
 05:15:37       0      0      0      0      0      0      0      0      0 
 05:15:38       0      0      0      0      0      0      0      0     12 
 05:15:39       0      0      0      0      0      0      0      2      9 
 05:15:40       0      0      0      0      0      0      0      8      1 
 05:15:41       0      0      0      0      0      0      0      0      0 
#Time         gpu     sm    mem    enc    dec    jpg    ofa  rxpci  txpci 
#HH:MM:SS     Idx      %      %      %      %      %      %   MB/s   MB/s 
 05:15:42       0      0      0      0      0      0      0      0      6 
 05:15:43       0      0      0      0      0      0      0      0      0 
 05:15:44       0      0      0      0      0      0      0      0      0 
 05:15:45       0      0      0      0      0      0      0      0      0 
 05:15:46       0      0      0      0      0      0      0      0      0 
 05:15:47       0      0      0      0      0      0      0      0      0 
 05:15:48       0      0      0      0      0      0      0      0      0 
 05:15:49       0      0      0      0      0      0      0      0      0 
 05:15:50       0      0      0      0      0      0      0      0      2 
 05:15:51       0      0      0      0      0      0      0      0      0 
 05:15:53       0      0      0      0      0      0      0      0      2 
 05:15:54       0      0      0      0      0      0      0      8      0 
 05:15:55       0      0      0      0      0      0      0      0      2 
 05:15:56       0     91     20      0      0      0      0     60     11 
 05:15:57       0     86     24      0      0      0      0     67     16 
 05:15:58       0     85     18      0      0      0      0     69     15 
 05:15:59       0     89     25      0      0      0      0     59     17 
 05:16:00       0     91     19      0      0      0      0     57     14 
 05:16:01       0     49      9      0      0      0      0     50     13 
 05:16:02       0     68     12      0      0      0      0     22      4 
 05:16:03       0    100     28      0      0      0      0     73     17 
 05:16:04       0     64     12      0      0      0      0     77     14 
 05:16:05       0     81     20      0      0      0      0     22     11 
 05:16:06       0     68     11      0      0      0      0     55     11 
 05:16:07       0     73     14      0      0      0      0     54     12 
 05:16:08       0    100     28      0      0      0      0     35      7 
 05:16:09       0     84     22      0      0      0      0     65     14 
 05:16:10       0     92     22      0      0      0      0     63     14 
 05:16:11       0     92     21      0      0      0      0     52     12 
 05:16:12       0     69     12      0      0      0      0     51     10 
 05:16:13       0    100     25      0      0      0      0     40     11 
 05:16:15       0     56      8      0      0      0      0     57     13 
 05:16:16       0      0      0      0      0      0      0      0      0 
 05:16:17       0      0      0      0      0      0      0      0      0 
 05:16:18       0      0      0      0      0      0      0      0      0 
 05:16:19       0      0      0      0      0      0      0      0      0 
 05:16:20       0      0      0      0      0      0      0      0      0 
 05:16:21       0      0      0      0      0      0      0      0      0 
 05:16:22       0      0      0      0      0      0      0      0      0 
 05:16:23       0      0      0      0      0      0      0      0      4 
 05:16:24       0      0      0      0      0      0      0      0      0 
 05:16:25       0     82     19      0      0      0      0     56     13 
 05:16:26       0     64     11      0      0      0      0     41     24 
 05:16:27       0     96     23      0      0      0      0     30     12 
#Time         gpu     sm    mem    enc    dec    jpg    ofa  rxpci  txpci 
#HH:MM:SS     Idx      %      %      %      %      %      %   MB/s   MB/s 
 05:16:28       0    100     27      0      0      0      0     78     16 
 05:16:29       0     89     24      0      0      0      0     57     15 
 05:16:30       0     64     13      0      0      0      0     61     12 
 05:16:31       0     84     20      0      0      0      0     66     16 
 05:16:32       0    100     31      0      0      0      0     53     12 
 05:16:33       0    100     24      0      0      0      0     87     24 
 05:16:34       0     84     24      0      0      0      0     64     13 
 05:16:35       0     75     17      0      0      0      0     52     11 
 05:16:37       0     93     24      0      0      0      0     56     14 
 05:16:38       0     91     19      0      0      0      0     30     13 
 05:16:39       0     79     13      0      0      0      0     54     13 
 05:16:40       0      2      0      0      0      0      0      0   5377 
 05:16:41       0      7      0      0      0      0      0      0      2 
 05:16:42       0      2      0      0      0      0      0      0      0 
 05:16:43       0      2      0      0      0      0      0      0      2 
 05:16:44       0      0      0      0      0      0      0      0      0 
 05:16:45       0      5      0      0      0      0      0      0      2 
 05:16:46       0      2      0      0      0      0      0      0  10536 
 05:16:47       0      4      0      0      0      0      0      0  10753 
 05:16:48       0      5      0      0      0      0      0      0      0 
 05:16:49       0      2      0      0      0      0      0      0   8649 
 05:16:50       0      3      0      0      0      0      0      0   1568 
 05:16:51       0     20      0      0      0      0      0      0      0 
 05:16:52       0      0      0      0      0      0      0      0      0 
 05:16:53       0      0      0      0      0      0      0      0      0 
 05:16:54       0      0      0      0      0      0      0      0      2 
 05:16:55       0      0      0      0      0      0      0      0      0 
 05:16:56       0      0      0      0      0      0      0      0      0 
 05:16:58       0      0      0      0      0      0      0      0      0 
