1791185501 1800, 7001, 51, 0x0000000000000000 | 1.59 1.53 1.33 | cpu  424033941 30536120 70819618 8040342720 638058 0 2012161 0 0 0
1791185502 585, 7001, 51, 0x0000000000000000 | 1.59 1.53 1.33 | cpu  424034553 30536120 70819668 8040356486 638058 0 2012161 0 0 0
1791185503 780, 810, 50, 0x0000000000000000 | 1.59 1.53 1.33 | cpu  424034641 30536120 70819726 8040371257 638058 0 2012161 0 0 0
1791185504 300, 810, 50, 0x0000000000000000 | 1.59 1.53 1.33 | cpu  424034732 30536120 70819768 8040385735 638058 0 2012161 0 0 0
1791185506 195, 405, 50, 0x0000000000000000 | 1.59 1.53 1.33 | cpu  424034736 30536120 70819818 8040400547 638058 0 2012161 0 0 0
1791185507 195, 405, 50, 0x0000000000000000 | 1.46 1.50 1.33 | cpu  424034754 30536120 70819862 8040415152 638058 0 2012161 0 0 0
1791185508 195, 405, 49, 0x0000000000000000 | 1.46 1.50 1.33 | cpu  424035212 30536120 70819897 8040429453 638058 0 2012161 0 0 0
1791185509 195, 405, 49, 0x0000000000000000 | 1.46 1.50 1.33 | cpu  424035577 30536120 70819940 8040443202 638058 0 2012161 0 0 0
1791185510 2475, 13801, 51, 0x0000000000000000 | 1.46 1.50 1.33 | cpu  424035965 30536120 70820000 8040456807 638058 0 2012161 0 0 0
1791185511 2550, 13801, 51, 0x0000000000000000 | 1.42 1.49 1.32 | cpu  424036269 30536120 70820074 8040470602 638058 0 2012161 0 0 0
1791185513 2550, 13801, 51, 0x0000000000000000 | 1.42 1.49 1.32 | cpu  424036677 30536120 70820181 8040485197 638058 0 2012161 0 0 0
1791185514 2475, 13801, 51, 0x0000000000000000 | 1.42 1.49 1.32 | cpu  424037026 30536120 70820376 8040498869 638058 0 2012161 0 0 0
1791185515 2475, 13801, 51, 0x0000000000000000 | 1.42 1.49 1.32 | cpu  424037346 30536120 70820459 8040513209 638058 0 2012161 0 0 0
1791185516 2550, 13801, 50, 0x0000000000000000 | 1.39 1.48 1.32 | cpu  424037672 30536120 70820568 8040527242 638058 0 2012161 0 0 0
1791185517 2550, 13801, 50, 0x0000000000000000 | 1.39 1.48 1.32 | cpu  424038015 30536120 70820672 8040541235 638058 0 2012161 0 0 0
1791185518 2557, 13801, 50, 0x0000000000000000 | 1.39 1.48 1.32 | cpu  424038378 30536120 70820802 8040555462 638058 0 2012162 0 0 0
1791185520 2550, 13801, 50, 0x0000000000000000 | 1.39 1.48 1.32 | cpu  424038782 30536120 70820854 8040569694 638058 0 2012162 0 0 0
1791185521 2520, 13801, 50, 0x0000000000000000 | 1.39 1.48 1.32 | cpu  424039140 30536120 70820907 8040584076 638058 0 2012162 0 0 0
1791185522 2550, 13801, 50, 0x0000000000000000 | 1.44 1.49 1.33 | cpu  424039474 30536120 70820958 8040598126 638058 0 2012162 0 0 0
1791185523 2475, 13801, 50, 0x0000000000000000 | 1.44 1.49 1.33 | cpu  424039806 30536120 70821009 8040612186 638058 0 2012162 0 0 0
1791185524 2535, 13801, 50, 0x0000000000000000 | 1.44 1.49 1.33 | cpu  424040139 30536120 70821066 8040626504 638058 0 2012162 0 0 0
1791185525 2475, 13801, 50, 0x0000000000000000 | 1.44 1.49 1.33 | cpu  424040552 30536120 70821122 8040640674 638058 0 2012162 0 0 0
1791185526 2550, 13801, 50, 0x0000000000000000 | 1.40 1.49 1.32 | cpu  424040884 30536120 70821174 8040654679 638059 0 2012162 0 0 0
1791185528 2557, 13801, 50, 0x0000000000000000 | 1.40 1.49 1.32 | cpu  424041187 30536120 70821254 8040668977 638059 0 2012162 0 0 0
1791185529 2557, 13801, 50, 0x0000000000000000 | 1.40 1.49 1.32 | cpu  424041222 30536120 70821367 8040683717 638059 0 2012162 0 0 0
1791185530 2475, 13801, 49, 0x0000000000000000 | 1.40 1.49 1.32 | cpu  424041235 30536120 70821500 8040698003 638059 0 2012162 0 0 0
1791185531 2475, 13801, 49, 0x0000000000000000 | 1.37 1.48 1.32 | cpu  424041246 30536120 70821641 8040712364 638059 0 2012162 0 0 0
1791185532 2475, 13801, 49, 0x0000000000000000 | 1.37 1.48 1.32 | cpu  424041247 30536120 70821784 8040727144 638059 0 2012162 0 0 0
1791185533 2475, 13801, 49, 0x0000000000000000 | 1.37 1.48 1.32 | cpu  424041263 30536120 70822005 8040741463 638059 0 2012162 0 0 0
1791185535 2475, 13801, 49, 0x0000000000000000 | 1.37 1.48 1.32 | cpu  424041268 30536120 70822143 8040755877 638059 0 2012162 0 0 0
1791185536 2475, 13801, 49, 0x0000000000000000 | 1.37 1.48 1.32 | cpu  424041268 30536120 70822282 8040770503 638059 0 2012162 0 0 0
1791185537 2497, 13801, 49, 0x0000000000000000 | 1.34 1.47 1.32 | cpu  424041302 30536120 70822386 8040784850 638059 0 2012162 0 0 0
1791185538 2497, 13801, 49, 0x0000000000000000 | 1.34 1.47 1.32 | cpu  424041382 30536120 70822442 8040799177 638059 0 2012162 0 0 0
1791185539 2497, 13801, 48, 0x0000000000000000 | 1.34 1.47 1.32 | cpu  424041456 30536120 70822503 8040813316 638059 0 2012162 0 0 0
1791185540 2497, 13801, 48, 0x0000000000000000 | 1.34 1.47 1.32 | cpu  424041536 30536120 70822574 8040827866 638059 0 2012162 0 0 0
1791185541 2497, 13801, 48, 0x0000000000000000 | 1.31 1.46 1.32 | cpu  424041606 30536120 70822640 8040841940 638059 0 2012162 0 0 0
1791185543 2490, 13801, 48, 0x0000000000000000 | 1.31 1.46 1.32 | cpu  424041680 30536120 70822704 8040856258 638059 0 2012162 0 0 0
1791185544 2475, 13801, 48, 0x0000000000000000 | 1.31 1.46 1.32 | cpu  424041810 30536120 70822757 8040870558 638060 0 2012162 0 0 0
1791185545 2475, 13801, 48, 0x0000000000000000 | 1.31 1.46 1.32 | cpu  424041926 30536120 70822777 8040884869 638060 0 2012162 0 0 0
1791185546 2475, 13801, 48, 0x0000000000000000 | 5.53 2.33 1.60 | cpu  424045573 30536120 70822800 8040896358 638060 0 2012162 0 0 0
1791185547 2475, 13801, 48, 0x0000000000000000 | 5.53 2.33 1.60 | cpu  424049472 30536120 70822819 8040908585 638060 0 2012163 0 0 0
1791185549 2475, 13801, 48, 0x0000000000000000 | 5.53 2.33 1.60 | cpu  424051900 30536120 70822854 8040920082 638060 0 2012163 0 0 0
1791185550 2475, 13801, 48, 0x0000000000000000 | 5.53 2.33 1.60 | cpu  424051953 30536120 70822932 8040934214 638060 0 2012163 0 0 0
1791185551 2475, 13801, 48, 0x0000000000000000 | 5.53 2.33 1.60 | cpu  424052003 30536120 70823018 8040948542 638060 0 2012163 0 0 0
1791185552 2475, 13801, 48, 0x0000000000000000 | 5.17 2.31 1.60 | cpu  424052057 30536120 70823104 8040962357 638060 0 2012163 0 0 0
1791185553 2475, 13801, 47, 0x0000000000000000 | 5.17 2.31 1.60 | cpu  424052109 30536120 70823196 8040976863 638060 0 2012163 0 0 0
1791185554 2475, 13801, 47, 0x0000000000000000 | 5.17 2.31 1.60 | cpu  424052167 30536120 70823284 8040991186 638060 0 2012163 0 0 0
1791185555 2475, 13801, 47, 0x0000000000000000 | 5.17 2.31 1.60 | cpu  424052222 30536120 70823367 8041005517 638060 0 2012163 0 0 0
1791185557 2475, 13801, 47, 0x0000000000000000 | 4.83 2.29 1.60 | cpu  424052273 30536120 70823451 8041019901 638060 0 2012163 0 0 0
1791185558 2475, 13801, 47, 0x0000000000000000 | 4.83 2.29 1.60 | cpu  424052326 30536120 70823533 8041034213 638060 0 2012163 0 0 0
1791185559 2475, 13801, 47, 0x0000000000000000 | 4.83 2.29 1.60 | cpu  424052377 30536120 70823622 8041048606 638060 0 2012163 0 0 0
1791185560 2475, 13801, 47, 0x0000000000000000 | 4.83 2.29 1.60 | cpu  424052432 30536120 70823706 8041063209 638060 0 2012163 0 0 0
1791185561 2475, 13801, 47, 0x0000000000000000 | 4.69 2.30 1.60 | cpu  424052488 30536120 70823792 8041077767 638060 0 2012163 0 0 0
1791185562 2475, 13801, 47, 0x0000000000000000 | 4.69 2.30 1.60 | cpu  424052552 30536120 70823918 8041092092 638060 0 2012163 0 0 0
1791185563 2475, 13801, 47, 0x0000000000000000 | 4.69 2.30 1.60 | cpu  424052613 30536120 70824012 8041106236 638060 0 2012163 0 0 0
1791185565 2475, 13801, 47, 0x0000000000000000 | 4.69 2.30 1.60 | cpu  424052664 30536120 70824098 8041120319 638060 0 2012163 0 0 0
1791185566 2475, 13801, 47, 0x0000000000000000 | 4.69 2.30 1.60 | cpu  424052718 30536120 70824192 8041134991 638060 0 2012163 0 0 0
1791185567 2475, 13801, 47, 0x0000000000000000 | 4.39 2.28 1.60 | cpu  424052766 30536120 70824283 8041149561 638060 0 2012163 0 0 0
1791185568 2475, 13801, 47, 0x0000000000000000 | 4.39 2.28 1.60 | cpu  424052824 30536120 70824366 8041164124 638060 0 2012163 0 0 0
1791185569 2475, 13801, 46, 0x0000000000000000 | 4.39 2.28 1.60 | cpu  424052884 30536120 70824457 8041178733 638060 0 2012163 0 0 0
1791185570 2475, 13801, 46, 0x0000000000000000 | 4.39 2.28 1.60 | cpu  424052940 30536120 70824540 8041193354 638060 0 2012163 0 0 0
1791185572 2475, 13801, 46, 0x0000000000000000 | 4.12 2.26 1.60 | cpu  424052995 30536120 70824624 8041207680 638060 0 2012163 0 0 0
1791185573 2475, 13801, 46, 0x0000000000000000 | 4.12 2.26 1.60 | cpu  424053117 30536120 70824750 8041222331 638060 0 2012163 0 0 0
1791185574 2475, 13801, 46, 0x0000000000000000 | 4.12 2.26 1.60 | cpu  424053235 30536120 70824872 8041236585 638060 0 2012163 0 0 0
1791185575 2475, 13801, 46, 0x0000000000000000 | 4.12 2.26 1.60 | cpu  424053289 30536120 70824962 8041250715 638060 0 2012163 0 0 0
1791185576 2475, 13801, 46, 0x0000000000000000 | 3.95 2.25 1.60 | cpu  424053344 30536120 70825047 8041265313 638060 0 2012163 0 0 0
1791185577 2475, 13801, 46, 0x0000000000000000 | 3.95 2.25 1.60 | cpu  424053407 30536120 70825121 8041279636 638060 0 2012163 0 0 0
1791185579 2475, 13801, 46, 0x0000000000000000 | 3.95 2.25 1.60 | cpu  424053477 30536120 70825201 8041294407 638060 0 2012163 0 0 0
1791185580 2482, 13801, 46, 0x0000000000000000 | 3.95 2.25 1.60 | cpu  424053551 30536120 70825292 8041308486 638060 0 2012163 0 0 0
1791185581 2475, 13801, 46, 0x0000000000000000 | 3.95 2.25 1.60 | cpu  424053615 30536120 70825429 8041323268 638060 0 2012163 0 0 0
1791185582 2475, 13801, 46, 0x0000000000000000 | 3.95 2.28 1.61 | cpu  424053696 30536120 70825718 8041337431 638060 0 2012163 0 0 0
1791185583 2475, 13801, 46, 0x0000000000000000 | 3.95 2.28 1.61 | cpu  424053754 30536120 70825810 8041351832 638060 0 2012163 0 0 0
1791185584 2475, 13801, 46, 0x0000000000000000 | 3.95 2.28 1.61 | cpu  424053812 30536120 70825898 8041366498 638060 0 2012163 0 0 0
1791185586 2475, 13801, 46, 0x0000000000000000 | 3.95 2.28 1.61 | cpu  424053867 30536120 70825982 8041380921 638060 0 2012163 0 0 0
1791185587 2475, 13801, 46, 0x0000000000000000 | 3.72 2.26 1.61 | cpu  424053922 30536120 70826076 8041395274 638060 0 2012163 0 0 0
1791185588 2475, 13801, 46, 0x0000000000000000 | 3.72 2.26 1.61 | cpu  424053972 30536120 70826159 8041409396 638060 0 2012163 0 0 0
1791185589 2475, 13801, 46, 0x0000000000000000 | 3.72 2.26 1.61 | cpu  424054027 30536120 70826246 8041423761 638060 0 2012163 0 0 0
1791185590 2475, 13801, 46, 0x0000000000000000 | 3.72 2.26 1.61 | cpu  424054076 30536120 70826330 8041437866 638060 0 2012163 0 0 0
1791185591 2475, 13801, 46, 0x0000000000000000 | 3.50 2.24 1.60 | cpu  424054130 30536120 70826412 8041452185 638060 0 2012163 0 0 0
1791185592 2475, 13801, 46, 0x0000000000000000 | 3.50 2.24 1.60 | cpu  424054187 30536120 70826494 8041466509 638060 0 2012163 0 0 0
1791185594 2475, 13801, 46, 0x0000000000000000 | 3.50 2.24 1.60 | cpu  424054248 30536120 70826593 8041481371 638060 0 2012163 0 0 0
1791185595 2475, 13801, 46, 0x0000000000000000 | 3.50 2.24 1.60 | cpu  424054302 30536120 70826679 8041496175 638060 0 2012163 0 0 0
1791185596 2475, 13801, 46, 0x0000000000000000 | 3.46 2.25 1.61 | cpu  424054360 30536120 70826769 8041510830 638060 0 2012163 0 0 0
1791185597 2475, 13801, 46, 0x0000000000000000 | 3.46 2.25 1.61 | cpu  424054410 30536120 70826856 8041525250 638060 0 2012163 0 0 0
1791185598 2475, 13801, 46, 0x0000000000000000 | 3.46 2.25 1.61 | cpu  424054487 30536120 70826954 8041539633 638060 0 2012163 0 0 0
1791185599 2475, 13801, 46, 0x0000000000000000 | 3.46 2.25 1.61 | cpu  424054538 30536120 70827044 8041553980 638060 0 2012163 0 0 0
1791185601 2475, 13801, 47, 0x0000000000000000 | 3.46 2.25 1.61 | cpu  424054593 30536120 70827129 8041568549 638060 0 2012163 0 0 0
1791185602 2475, 13801, 47, 0x0000000000000000 | 3.26 2.23 1.61 | cpu  424054647 30536120 70827214 8041582686 638060 0 2012163 0 0 0
1791185603 2475, 13801, 47, 0x0000000000000000 | 3.26 2.23 1.61 | cpu  424054702 30536120 70827303 8041597058 638060 0 2012163 0 0 0
1791185604 2475, 13801, 47, 0x0000000000000000 | 3.26 2.23 1.61 | cpu  424054755 30536120 70827385 8041611184 638060 0 2012163 0 0 0
1791185605 2475, 13801, 47, 0x0000000000000000 | 3.26 2.23 1.61 | cpu  424054809 30536120 70827468 8041625610 638060 0 2012163 0 0 0
1791185606 2475, 13801, 47, 0x0000000000000000 | 3.08 2.21 1.61 | cpu  424054862 30536120 70827551 8041639974 638060 0 2012163 0 0 0
1791185607 2475, 13801, 47, 0x0000000000000000 | 3.08 2.21 1.61 | cpu  424054920 30536120 70827630 8041654349 638060 0 2012163 0 0 0
1791185609 2475, 13801, 47, 0x0000000000000000 | 3.08 2.21 1.61 | cpu  424054988 30536120 70827704 8041668758 638060 0 2012163 0 0 0
1791185610 2475, 13801, 47, 0x0000000000000000 | 3.08 2.21 1.61 | cpu  424055056 30536120 70827782 8041683110 638060 0 2012163 0 0 0
1791185611 2565, 13801, 49, 0x0000000000000000 | 3.08 2.21 1.61 | cpu  424055150 30536120 70827828 8041697705 638060 0 2012164 0 0 0
1791185612 2925, 13801, 51, 0x0000000000000000 | 2.99 2.21 1.61 | cpu  424055270 30536120 70827854 8041712126 638060 0 2012164 0 0 0
1791185613 2932, 13801, 51, 0x0000000000000000 | 2.99 2.21 1.61 | cpu  424055377 30536120 70827913 8041726780 638060 0 2012164 0 0 0
1791185614 2902, 13801, 57, 0x0000000000000000 | 2.99 2.21 1.61 | cpu  424055495 30536120 70827950 8041741187 638060 0 2012164 0 0 0
1791185616 2925, 13801, 53, 0x0000000000000000 | 2.99 2.21 1.61 | cpu  424055617 30536120 70827989 8041755624 638060 0 2012164 0 0 0
1791185617 2910, 13801, 59, 0x0000000000000000 | 2.83 2.19 1.60 | cpu  424055754 30536120 70828044 8041770169 638061 0 2012164 0 0 0
1791185618 2925, 13801, 54, 0x0000000000000000 | 2.83 2.19 1.60 | cpu  424055950 30536120 70828247 8041784623 638061 0 2012164 0 0 0
1791185619 2910, 13801, 57, 0x0000000000000000 | 2.83 2.19 1.60 | cpu  424056124 30536120 70828359 8041799424 638061 0 2012164 0 0 0
1791185620 2910, 13801, 57, 0x0000000000000000 | 2.83 2.19 1.60 | cpu  424056288 30536120 70828469 8041813452 638061 0 2012164 0 0 0
1791185621 2917, 13801, 55, 0x0000000000000000 | 2.85 2.20 1.61 | cpu  424056433 30536120 70828596 8041827988 638061 0 2012164 0 0 0
1791185623 2910, 13801, 58, 0x0000000000000000 | 2.85 2.20 1.61 | cpu  424056624 30536120 70829036 8041841860 638061 0 2012164 0 0 0
1791185624 2910, 13801, 57, 0x0000000000000000 | 2.85 2.20 1.61 | cpu  424056804 30536120 70829142 8041856866 638061 0 2012164 0 0 0
1791185625 2910, 13801, 59, 0x0000000000000000 | 2.85 2.20 1.61 | cpu  424056931 30536120 70829192 8041871469 638062 0 2012164 0 0 0
1791185626 2910, 13801, 58, 0x0000000000000000 | 2.70 2.18 1.61 | cpu  424057052 30536120 70829235 8041885831 638062 0 2012164 0 0 0
1791185627 2925, 13801, 56, 0x0000000000000000 | 2.70 2.18 1.61 | cpu  424057182 30536120 70829287 8041900487 638062 0 2012164 0 0 0
1791185628 2910, 13801, 56, 0x0000000000000000 | 2.70 2.18 1.61 | cpu  424057302 30536120 70829324 8041914899 638062 0 2012164 0 0 0
1791185630 2910, 13801, 61, 0x0000000000000000 | 2.70 2.18 1.61 | cpu  424057433 30536120 70829439 8041929244 638062 0 2012164 0 0 0
1791185631 2917, 13801, 57, 0x0000000000000000 | 2.70 2.18 1.61 | cpu  424057553 30536120 70829477 8041943417 638062 0 2012164 0 0 0
1791185632 2902, 13801, 62, 0x0000000000000000 | 2.56 2.16 1.61 | cpu  424057681 30536120 70829523 8041957603 638062 0 2012164 0 0 0
1791185633 2925, 13801, 56, 0x0000000000000000 | 2.56 2.16 1.61 | cpu  424057803 30536120 70829557 8041971994 638062 0 2012164 0 0 0
1791185634 2917, 13801, 57, 0x0000000000000000 | 2.56 2.16 1.61 | cpu  424057928 30536120 70829597 8041986650 638062 0 2012164 0 0 0
1791185635 2910, 13801, 56, 0x0000000000000000 | 2.56 2.16 1.61 | cpu  424058046 30536120 70829630 8042000772 638062 0 2012164 0 0 0
1791185637 2902, 13801, 59, 0x0000000000000000 | 2.44 2.14 1.60 | cpu  424058167 30536120 70829671 8042015297 638062 0 2012164 0 0 0
1791185638 2910, 13801, 58, 0x0000000000000000 | 2.44 2.14 1.60 | cpu  424058286 30536120 70829702 8042029572 638062 0 2012164 0 0 0
1791185639 2910, 13801, 58, 0x0000000000000000 | 2.44 2.14 1.60 | cpu  424058417 30536120 70829752 8042044213 638062 0 2012164 0 0 0
1791185640 2910, 13801, 60, 0x0000000000000000 | 2.44 2.14 1.60 | cpu  424058545 30536120 70829822 8042058422 638062 0 2012164 0 0 0
1791185641 2910, 13801, 60, 0x0000000000000000 | 2.32 2.12 1.60 | cpu  424058662 30536120 70829856 8042072436 638062 0 2012164 0 0 0
1791185642 2895, 13801, 64, 0x0000000000000000 | 2.32 2.12 1.60 | cpu  424058794 30536120 70829908 8042087098 638062 0 2012164 0 0 0
1791185643 2917, 13801, 57, 0x0000000000000000 | 2.32 2.12 1.60 | cpu  424058958 30536120 70829975 8042101505 638062 0 2012164 0 0 0
1791185645 2917, 13801, 58, 0x0000000000000000 | 2.32 2.12 1.60 | cpu  424059086 30536120 70830014 8042116160 638062 0 2012164 0 0 0
1791185646 2910, 13801, 60, 0x0000000000000000 | 2.32 2.12 1.60 | cpu  424059218 30536120 70830079 8042131053 638062 0 2012164 0 0 0
1791185647 2895, 13801, 63, 0x0000000000000000 | 2.30 2.12 1.60 | cpu  424059346 30536120 70830224 8042145199 638062 0 2012164 0 0 0
1791185648 2910, 13801, 61, 0x0000000000000000 | 2.30 2.12 1.60 | cpu  424059470 30536120 70830276 8042159621 638062 0 2012164 0 0 0
1791185649 2910, 13801, 63, 0x0000000000000000 | 2.30 2.12 1.60 | cpu  424059594 30536120 70830324 8042174109 638062 0 2012164 0 0 0
1791185650 2910, 13801, 59, 0x0000000000000000 | 2.30 2.12 1.60 | cpu  424059731 30536120 70830378 8042188240 638062 0 2012164 0 0 0
1791185652 2895, 13801, 61, 0x0000000000000000 | 2.27 2.12 1.60 | cpu  424059860 30536120 70830432 8042203365 638062 0 2012165 0 0 0
1791185653 2917, 13801, 59, 0x0000000000000000 | 2.27 2.12 1.60 | cpu  424060046 30536120 70830488 8042217681 638062 0 2012166 0 0 0
1791185654 2910, 13801, 60, 0x0000000000000000 | 2.27 2.12 1.60 | cpu  424060170 30536120 70830532 8042232414 638062 0 2012166 0 0 0
1791185655 2925, 13801, 58, 0x0000000000000000 | 2.27 2.12 1.60 | cpu  424060294 30536120 70830575 8042246809 638062 0 2012166 0 0 0
1791185656 2902, 13801, 61, 0x0000000000000000 | 2.17 2.10 1.60 | cpu  424060416 30536120 70830610 8042261484 638062 0 2012166 0 0 0
1791185658 2910, 13801, 60, 0x0000000000000000 | 2.17 2.10 1.60 | cpu  424060538 30536120 70830646 8042276132 638062 0 2012166 0 0 0
1791185659 2910, 13801, 62, 0x0000000000000000 | 2.17 2.10 1.60 | cpu  424060663 30536120 70830682 8042290795 638062 0 2012166 0 0 0
1791185660 2910, 13801, 62, 0x0000000000000000 | 2.17 2.10 1.60 | cpu  424060788 30536120 70830726 8042305220 638062 0 2012166 0 0 0
1791185661 2902, 13801, 63, 0x0000000000000000 | 2.16 2.10 1.60 | cpu  424060917 30536120 70830770 8042319873 638062 0 2012166 0 0 0
1791185662 2895, 13801, 63, 0x0000000000000000 | 2.16 2.10 1.60 | cpu  424061039 30536120 70830810 8042334313 638062 0 2012166 0 0 0
1791185663 2902, 13801, 62, 0x0000000000000000 | 2.16 2.10 1.60 | cpu  424061160 30536120 70830845 8042348974 638062 0 2012167 0 0 0
1791185665 2895, 13801, 65, 0x0000000000000000 | 2.16 2.10 1.60 | cpu  424061278 30536120 70830884 8042363143 638062 0 2012167 0 0 0
1791185666 2895, 13801, 63, 0x0000000000000000 | 2.16 2.10 1.60 | cpu  424061408 30536120 70830928 8042378066 638062 0 2012167 0 0 0
1791185667 2895, 13801, 66, 0x0000000000000000 | 2.06 2.08 1.60 | cpu  424061530 30536120 70830963 8042392526 638062 0 2012167 0 0 0
1791185668 2895, 13801, 65, 0x0000000000000000 | 2.06 2.08 1.60 | cpu  424061654 30536120 70830998 8042407291 638062 0 2012167 0 0 0
1791185669 2887, 13801, 65, 0x0000000000000000 | 2.06 2.08 1.60 | cpu  424061786 30536120 70831043 8042421766 638062 0 2012167 0 0 0
1791185670 2895, 13801, 64, 0x0000000000000000 | 2.06 2.08 1.60 | cpu  424061910 30536120 70831083 8042436521 638062 0 2012167 0 0 0
1791185672 2910, 13801, 61, 0x0000000000000000 | 1.98 2.06 1.60 | cpu  424062030 30536120 70831120 8042451217 638062 0 2012167 0 0 0
1791185673 2925, 13801, 61, 0x0000000000000000 | 1.98 2.06 1.60 | cpu  424062149 30536120 70831158 8042465654 638062 0 2012167 0 0 0
1791185674 2895, 13801, 64, 0x0000000000000000 | 1.98 2.06 1.60 | cpu  424062268 30536120 70831193 8042479851 638062 0 2012167 0 0 0
1791185675 2895, 13801, 64, 0x0000000000000000 | 1.98 2.06 1.60 | cpu  424062393 30536120 70831234 8042494562 638062 0 2012167 0 0 0
1791185676 2895, 13801, 66, 0x0000000000000000 | 1.90 2.04 1.59 | cpu  424062517 30536120 70831275 8042509045 638062 0 2012167 0 0 0
1791185677 2902, 13801, 61, 0x0000000000000000 | 1.90 2.04 1.59 | cpu  424062647 30536120 70831315 8042523926 638062 0 2012167 0 0 0
1791185679 2910, 13801, 63, 0x0000000000000000 | 1.90 2.04 1.59 | cpu  424062766 30536120 70831350 8042538356 638062 0 2012167 0 0 0
1791185680 2910, 13801, 62, 0x0000000000000000 | 1.90 2.04 1.59 | cpu  424062886 30536120 70831387 8042552555 638062 0 2012167 0 0 0
1791185681 2887, 13801, 66, 0x0000000000000000 | 1.90 2.04 1.59 | cpu  424063005 30536120 70831425 8042567055 638062 0 2012167 0 0 0
1791185682 2902, 13801, 64, 0x0000000000000000 | 1.83 2.02 1.59 | cpu  424063127 30536120 70831464 8042581751 638062 0 2012167 0 0 0
1791185683 2917, 13801, 61, 0x0000000000000000 | 1.83 2.02 1.59 | cpu  424063249 30536120 70831504 8042596177 638062 0 2012167 0 0 0
1791185684 2902, 13801, 63, 0x0000000000000000 | 1.83 2.02 1.59 | cpu  424063371 30536120 70831544 8042610910 638062 0 2012167 0 0 0
1791185686 2887, 13801, 65, 0x0000000000000000 | 1.83 2.02 1.59 | cpu  424063502 30536120 70831589 8042625591 638063 0 2012167 0 0 0
1791185687 2895, 13801, 62, 0x0000000000000000 | 1.84 2.02 1.59 | cpu  424063622 30536120 70831624 8042640225 638063 0 2012167 0 0 0
1791185688 2895, 13801, 63, 0x0000000000000000 | 1.84 2.02 1.59 | cpu  424063742 30536120 70831664 8042654627 638063 0 2012167 0 0 0
1791185689 2917, 13801, 62, 0x0000000000000000 | 1.84 2.02 1.59 | cpu  424063873 30536120 70831707 8042669231 638063 0 2012167 0 0 0
1791185690 2895, 13801, 68, 0x0000000000000000 | 1.84 2.02 1.59 | cpu  424063995 30536120 70831749 8042683881 638063 0 2012167 0 0 0
1791185691 2895, 13801, 63, 0x0000000000000000 | 1.85 2.02 1.59 | cpu  424064120 30536120 70831792 8042698568 638063 0 2012167 0 0 0
1791185693 2895, 13801, 64, 0x0000000000000000 | 1.85 2.02 1.59 | cpu  424064240 30536120 70831831 8042713195 638063 0 2012167 0 0 0
1791185694 2895, 13801, 64, 0x0000000000000000 | 1.85 2.02 1.59 | cpu  424064365 30536120 70831878 8042727630 638063 0 2012167 0 0 0
1791185695 2910, 13801, 62, 0x0000000000000000 | 1.85 2.02 1.59 | cpu  424064483 30536120 70831918 8042741803 638063 0 2012167 0 0 0
1791185696 2895, 13801, 65, 0x0000000000000000 | 1.87 2.02 1.60 | cpu  424064602 30536120 70831953 8042756210 638063 0 2012167 0 0 0
1791185697 2895, 13801, 65, 0x0000000000000000 | 1.87 2.02 1.60 | cpu  424064723 30536120 70831989 8042770664 638063 0 2012167 0 0 0
1791185698 2895, 13801, 63, 0x0000000000000000 | 1.87 2.02 1.60 | cpu  424064843 30536120 70832027 8042785056 638063 0 2012167 0 0 0
1791185700 2895, 13801, 65, 0x0000000000000000 | 1.87 2.02 1.60 | cpu  424064968 30536120 70832064 8042799737 638063 0 2012167 0 0 0
1791185701 2895, 13801, 65, 0x0000000000000000 | 1.87 2.02 1.60 | cpu  424065140 30536120 70832155 8042814898 638063 0 2012167 0 0 0
1791185702 2917, 13801, 61, 0x0000000000000000 | 1.88 2.02 1.60 | cpu  424065313 30536120 70832238 8042829458 638063 0 2012167 0 0 0
1791185703 2887, 13801, 66, 0x0000000000000000 | 1.88 2.02 1.60 | cpu  424065454 30536120 70832280 8042844222 638063 0 2012167 0 0 0
1791185704 2895, 13801, 63, 0x0000000000000000 | 1.88 2.02 1.60 | cpu  424065576 30536120 70832314 8042858684 638063 0 2012167 0 0 0
1791185705 2887, 13801, 66, 0x0000000000000000 | 1.88 2.02 1.60 | cpu  424065701 30536120 70832352 8042873345 638063 0 2012167 0 0 0
1791185707 2902, 13801, 69, 0x0000000000000000 | 1.89 2.02 1.60 | cpu  424065820 30536120 70832390 8042887558 638063 0 2012167 0 0 0
1791185708 2902, 13801, 64, 0x0000000000000000 | 1.89 2.02 1.60 | cpu  424065944 30536120 70832431 8042902005 638064 0 2012167 0 0 0
1791185709 2895, 13801, 65, 0x0000000000000000 | 1.89 2.02 1.60 | cpu  424066069 30536120 70832471 8042916399 638064 0 2012167 0 0 0
1791185710 2902, 13801, 63, 0x0000000000000000 | 1.89 2.02 1.60 | cpu  424066194 30536120 70832512 8042930884 638064 0 2012167 0 0 0
1791185711 2902, 13801, 62, 0x0000000000000000 | 1.98 2.04 1.61 | cpu  424066328 30536120 70832610 8042945603 638064 0 2012167 0 0 0
1791185712 2895, 13801, 65, 0x0000000000000000 | 1.98 2.04 1.61 | cpu  424066451 30536120 70832736 8042959654 638064 0 2012167 0 0 0
1791185714 2895, 13801, 66, 0x0000000000000000 | 1.98 2.04 1.61 | cpu  424066573 30536120 70832770 8042973845 638064 0 2012167 0 0 0
1791185715 2887, 13801, 66, 0x0000000000000000 | 1.98 2.04 1.61 | cpu  424066693 30536120 70832817 8042988264 638064 0 2012167 0 0 0
1791185716 2895, 13801, 69, 0x0000000000000000 | 1.98 2.04 1.61 | cpu  424066816 30536120 70832855 8043002743 638064 0 2012167 0 0 0
1791185717 2895, 13801, 65, 0x0000000000000000 | 1.90 2.02 1.61 | cpu  424066948 30536120 70832936 8043017318 638064 0 2012167 0 0 0
1791185718 2895, 13801, 64, 0x0000000000000000 | 1.90 2.02 1.61 | cpu  424067072 30536120 70832977 8043031559 638064 0 2012167 0 0 0
1791185719 2895, 13801, 63, 0x0000000000000000 | 1.90 2.02 1.61 | cpu  424067192 30536120 70833012 8043046240 638064 0 2012167 0 0 0
1791185721 2895, 13801, 66, 0x0000000000000000 | 1.90 2.02 1.61 | cpu  424067323 30536120 70833054 8043060880 638064 0 2012167 0 0 0
1791185722 2895, 13801, 62, 0x0000000000000000 | 1.83 2.00 1.60 | cpu  424067443 30536120 70833089 8043075289 638064 0 2012167 0 0 0
1791185723 2895, 13801, 64, 0x0000000000000000 | 1.83 2.00 1.60 | cpu  424067574 30536120 70833131 8043089916 638064 0 2012167 0 0 0
1791185724 2917, 13801, 62, 0x0000000000000000 | 1.83 2.00 1.60 | cpu  424067703 30536120 70833171 8043104628 638064 0 2012167 0 0 0
1791185725 2895, 13801, 63, 0x0000000000000000 | 1.83 2.00 1.60 | cpu  424067825 30536120 70833207 8043119268 638064 0 2012167 0 0 0
1791185726 2902, 13801, 62, 0x0000000000000000 | 1.76 1.99 1.60 | cpu  424067944 30536120 70833245 8043133674 638064 0 2012167 0 0 0
1791185728 2910, 13801, 62, 0x0000000000000000 | 1.76 1.99 1.60 | cpu  424068065 30536120 70833280 8043148326 638064 0 2012167 0 0 0
1791185729 2910, 13801, 61, 0x0000000000000000 | 1.76 1.99 1.60 | cpu  424068184 30536120 70833318 8043162592 638064 0 2012167 0 0 0
1791185730 2895, 13801, 64, 0x0000000000000000 | 1.76 1.99 1.60 | cpu  424068310 30536120 70833359 8043177074 638064 0 2012167 0 0 0
1791185731 2910, 13801, 61, 0x0000000000000000 | 1.86 2.00 1.61 | cpu  424068431 30536120 70833402 8043191654 638064 0 2012167 0 0 0
1791185732 2895, 13801, 67, 0x0000000000000000 | 1.86 2.00 1.61 | cpu  424068553 30536120 70833440 8043206380 638064 0 2012167 0 0 0
1791185733 2925, 13801, 62, 0x0000000000000000 | 1.86 2.00 1.61 | cpu  424068672 30536120 70833476 8043220778 638064 0 2012167 0 0 0
1791185735 2925, 13801, 59, 0x0000000000000000 | 1.86 2.00 1.61 | cpu  424068797 30536120 70833515 8043235169 638064 0 2012167 0 0 0
1791185736 2895, 13801, 65, 0x0000000000000000 | 1.86 2.00 1.61 | cpu  424068921 30536120 70833554 8043249617 638064 0 2012167 0 0 0
1791185737 2902, 13801, 64, 0x0000000000000000 | 1.87 2.00 1.61 | cpu  424069043 30536120 70833592 8043264043 638064 0 2012167 0 0 0
1791185738 2887, 13801, 67, 0x0000000000000000 | 1.87 2.00 1.61 | cpu  424069168 30536120 70833632 8043279061 638064 0 2012167 0 0 0
1791185739 2895, 13801, 65, 0x0000000000000000 | 1.87 2.00 1.61 | cpu  424069288 30536120 70833672 8043293496 638064 0 2012167 0 0 0
1791185740 2895, 13801, 67, 0x0000000000000000 | 1.87 2.00 1.61 | cpu  424069416 30536120 70833720 8043308078 638065 0 2012167 0 0 0
1791185742 2917, 13801, 62, 0x0000000000000000 | 1.96 2.02 1.62 | cpu  424069543 30536120 70833809 8043322466 638065 0 2012167 0 0 0
1791185743 2940, 13801, 61, 0x0000000000000000 | 1.96 2.02 1.62 | cpu  424069672 30536120 70833889 8043336945 638065 0 2012167 0 0 0
1791185744 2902, 13801, 62, 0x0000000000000000 | 1.96 2.02 1.62 | cpu  424069798 30536120 70833930 8043351336 638065 0 2012167 0 0 0
1791185745 2895, 13801, 64, 0x0000000000000000 | 1.96 2.02 1.62 | cpu  424069918 30536120 70833966 8043365789 638065 0 2012167 0 0 0
1791185746 2895, 13801, 66, 0x0000000000000000 | 2.04 2.04 1.62 | cpu  424070186 30536120 70834056 8043380235 638065 0 2012167 0 0 0
1791185747 2887, 13801, 66, 0x0000000000000000 | 2.04 2.04 1.62 | cpu  424070347 30536120 70834128 8043394392 638065 0 2012167 0 0 0
1791185749 2887, 13801, 65, 0x0000000000000000 | 2.04 2.04 1.62 | cpu  424070469 30536120 70834163 8043408865 638065 0 2012167 0 0 0
1791185750 2887, 13801, 68, 0x0000000000000000 | 2.04 2.04 1.62 | cpu  424070589 30536120 70834199 8043423365 638065 0 2012167 0 0 0
1791185751 2887, 13801, 64, 0x0000000000000000 | 2.04 2.04 1.62 | cpu  424070712 30536120 70834240 8043437746 638065 0 2012167 0 0 0
1791185752 2895, 13801, 67, 0x0000000000000000 | 1.96 2.02 1.62 | cpu  424070836 30536120 70834282 8043452187 638065 0 2012167 0 0 0
1791185753 2895, 13801, 63, 0x0000000000000000 | 1.96 2.02 1.62 | cpu  424070953 30536120 70834319 8043466601 638065 0 2012167 0 0 0
1791185754 2895, 13801, 67, 0x0000000000000000 | 1.96 2.02 1.62 | cpu  424071074 30536120 70834358 8043481316 638065 0 2012167 0 0 0
1791185756 2902, 13801, 63, 0x0000000000000000 | 1.96 2.02 1.62 | cpu  424071203 30536120 70834399 8043495896 638065 0 2012167 0 0 0
1791185757 2895, 13801, 65, 0x0000000000000000 | 1.88 2.00 1.62 | cpu  424071327 30536120 70834440 8043510479 638065 0 2012167 0 0 0
1791185758 2895, 13801, 66, 0x0000000000000000 | 1.88 2.00 1.62 | cpu  424071452 30536120 70834484 8043524852 638065 0 2012167 0 0 0
1791185759 2895, 13801, 64, 0x0000000000000000 | 1.88 2.00 1.62 | cpu  424071579 30536120 70834523 8043539270 638065 0 2012167 0 0 0
1791185760 2887, 13801, 67, 0x0000000000000000 | 1.88 2.00 1.62 | cpu  424071702 30536120 70834562 8043553939 638065 0 2012167 0 0 0
1791185761 2895, 13801, 68, 0x0000000000000000 | 1.81 1.98 1.61 | cpu  424071826 30536120 70834605 8043568670 638065 0 2012167 0 0 0
1791185762 2887, 13801, 68, 0x0000000000000000 | 1.81 1.98 1.61 | cpu  424071948 30536120 70834643 8043582882 638065 0 2012167 0 0 0
1791185764 2895, 13801, 68, 0x0000000000000000 | 1.81 1.98 1.61 | cpu  424072069 30536120 70834677 8043597105 638065 0 2012167 0 0 0
1791185765 2895, 13801, 66, 0x0000000000000000 | 1.81 1.98 1.61 | cpu  424072189 30536120 70834717 8043611581 638065 0 2012167 0 0 0
1791185766 2910, 13801, 60, 0x0000000000000000 | 1.81 1.98 1.61 | cpu  424072310 30536120 70834766 8043625803 638065 0 2012167 0 0 0
1791185767 2902, 13801, 68, 0x0000000000000004 | 1.75 1.97 1.61 | cpu  424072430 30536120 70834802 8043640266 638065 0 2012167 0 0 0
1791185768 2895, 13801, 64, 0x0000000000000000 | 1.75 1.97 1.61 | cpu  424072558 30536120 70834848 8043654684 638065 0 2012167 0 0 0
1791185769 2895, 13801, 67, 0x0000000000000000 | 1.75 1.97 1.61 | cpu  424072683 30536120 70834878 8043669412 638065 0 2012167 0 0 0
1791185771 2887, 13801, 67, 0x0000000000000000 | 1.75 1.97 1.61 | cpu  424072810 30536120 70834924 8043684084 638065 0 2012167 0 0 0
1791185772 2895, 13801, 67, 0x0000000000000000 | 1.69 1.95 1.61 | cpu  424072931 30536120 70834967 8043698279 638065 0 2012168 0 0 0
1791185773 2887, 13801, 66, 0x0000000000000000 | 1.69 1.95 1.61 | cpu  424073060 30536120 70835005 8043712722 638065 0 2012168 0 0 0
1791185774 2925, 13801, 62, 0x0000000000000000 | 1.69 1.95 1.61 | cpu  424073189 30536120 70835041 8043727311 638065 0 2012168 0 0 0
1791185775 2895, 13801, 65, 0x0000000000000000 | 1.69 1.95 1.61 | cpu  424073316 30536120 70835085 8043741943 638065 0 2012168 0 0 0
1791185776 2895, 13801, 68, 0x0000000000000000 | 1.71 1.95 1.61 | cpu  424073446 30536120 70835190 8043756614 638065 0 2012168 0 0 0
1791185778 2902, 13801, 63, 0x0000000000000000 | 1.71 1.95 1.61 | cpu  424073569 30536120 70835297 8043770709 638065 0 2012168 0 0 0
1791185779 2895, 13801, 64, 0x0000000000000000 | 1.71 1.95 1.61 | cpu  424073689 30536120 70835335 8043785188 638065 0 2012168 0 0 0
1791185780 2895, 13801, 68, 0x0000000000000000 | 1.71 1.95 1.61 | cpu  424073819 30536120 70835380 8043800178 638065 0 2012168 0 0 0
1791185781 2895, 13801, 69, 0x0000000000000000 | 1.82 1.97 1.62 | cpu  424073945 30536120 70835422 8043814654 638065 0 2012168 0 0 0
1791185782 2895, 13801, 64, 0x0000000000000000 | 1.82 1.97 1.62 | cpu  424074065 30536120 70835460 8043829147 638065 0 2012168 0 0 0
1791185783 2895, 13801, 68, 0x0000000000000000 | 1.82 1.97 1.62 | cpu  424074187 30536120 70835492 8043843605 638065 0 2012168 0 0 0
1791185785 2902, 13801, 65, 0x0000000000000000 | 1.82 1.97 1.62 | cpu  424074307 30536120 70835526 8043857997 638065 0 2012168 0 0 0
1791185786 2895, 13801, 65, 0x0000000000000000 | 1.82 1.97 1.62 | cpu  424074428 30536120 70835570 8043872412 638065 0 2012168 0 0 0
1791185787 2887, 13801, 66, 0x0000000000000000 | 1.75 1.95 1.61 | cpu  424074548 30536120 70835604 8043886860 638065 0 2012168 0 0 0
1791185788 2895, 13801, 63, 0x0000000000000000 | 1.75 1.95 1.61 | cpu  424074668 30536120 70835643 8043901044 638065 0 2012168 0 0 0
1791185789 2917, 13801, 62, 0x0000000000000000 | 1.75 1.95 1.61 | cpu  424074784 30536120 70835681 8043915205 638065 0 2012168 0 0 0
1791185790 2475, 13801, 58, 0x0000000000000000 | 1.75 1.95 1.61 | cpu  424074875 30536120 70835733 8043929602 638065 0 2012168 0 0 0
1791185792 2475, 13801, 57, 0x0000000000000000 | 1.69 1.94 1.61 | cpu  424074931 30536120 70835816 8043944272 638065 0 2012168 0 0 0
1791185793 2475, 13801, 56, 0x0000000000000000 | 1.69 1.94 1.61 | cpu  424074989 30536120 70835910 8043958687 638065 0 2012168 0 0 0
1791185794 2475, 13801, 56, 0x0000000000000000 | 1.69 1.94 1.61 | cpu  424075055 30536120 70836036 8043973356 638065 0 2012168 0 0 0
1791185795 2475, 13801, 55, 0x0000000000000000 | 1.69 1.94 1.61 | cpu  424075114 30536120 70836137 8043987744 638065 0 2012168 0 0 0
1791185796 2475, 13801, 55, 0x0000000000000000 | 1.72 1.94 1.61 | cpu  424075168 30536120 70836228 8044002159 638065 0 2012168 0 0 0
1791185797 2475, 13801, 55, 0x0000000000000000 | 1.72 1.94 1.61 | cpu  424075221 30536120 70836316 8044016833 638065 0 2012168 0 0 0
1791185798 2475, 13801, 54, 0x0000000000000000 | 1.72 1.94 1.61 | cpu  424075273 30536120 70836400 8044031261 638065 0 2012168 0 0 0
1791185800 2475, 13801, 54, 0x0000000000000000 | 1.72 1.94 1.61 | cpu  424075323 30536120 70836487 8044045685 638065 0 2012168 0 0 0
1791185801 2475, 13801, 54, 0x0000000000000000 | 1.72 1.94 1.61 | cpu  424075373 30536120 70836576 8044059795 638065 0 2012168 0 0 0
1791185802 2475, 13801, 53, 0x0000000000000000 | 1.66 1.92 1.61 | cpu  424075428 30536120 70836662 8044074414 638065 0 2012168 0 0 0
1791185803 2475, 13801, 53, 0x0000000000000000 | 1.66 1.92 1.61 | cpu  424075476 30536120 70836749 8044088525 638065 0 2012168 0 0 0
1791185804 2475, 13801, 53, 0x0000000000000000 | 1.66 1.92 1.61 | cpu  424075561 30536120 70836849 8044102818 638065 0 2012168 0 0 0
1791185805 2475, 13801, 53, 0x0000000000000000 | 1.66 1.92 1.61 | cpu  424075625 30536120 70836944 8044117422 638065 0 2012168 0 0 0
1791185807 2475, 13801, 53, 0x0000000000000000 | 1.60 1.91 1.61 | cpu  424075674 30536120 70837035 8044132036 638065 0 2012168 0 0 0
1791185808 2475, 13801, 52, 0x0000000000000000 | 1.60 1.91 1.61 | cpu  424075727 30536120 70837121 8044146572 638065 0 2012168 0 0 0
1791185809 2475, 13801, 52, 0x0000000000000000 | 1.60 1.91 1.61 | cpu  424075779 30536120 70837206 8044161191 638065 0 2012168 0 0 0
1791185810 2475, 13801, 52, 0x0000000000000000 | 1.60 1.91 1.61 | cpu  424075836 30536120 70837290 8044176063 638065 0 2012168 0 0 0
1791185811 2475, 13801, 52, 0x0000000000000000 | 1.56 1.89 1.60 | cpu  424075890 30536120 70837383 8044190420 638066 0 2012168 0 0 0
1791185812 2475, 13801, 52, 0x0000000000000000 | 1.56 1.89 1.60 | cpu  424075946 30536120 70837470 8044204970 638066 0 2012168 0 0 0
1791185814 2475, 13801, 51, 0x0000000000000000 | 1.56 1.89 1.60 | cpu  424075995 30536120 70837559 8044219549 638066 0 2012168 0 0 0
1791185815 2475, 13801, 51, 0x0000000000000000 | 1.56 1.89 1.60 | cpu  424076045 30536120 70837657 8044234118 638066 0 2012168 0 0 0
1791185816 2475, 13801, 51, 0x0000000000000000 | 1.56 1.89 1.60 | cpu  424076105 30536120 70837751 8044248665 638066 0 2012169 0 0 0
1791185817 2475, 13801, 51, 0x0000000000000000 | 1.51 1.88 1.60 | cpu  424076162 30536120 70837846 8044263479 638066 0 2012169 0 0 0
1791185818 2475, 13801, 51, 0x0000000000000000 | 1.51 1.88 1.60 | cpu  424076222 30536120 70837920 8044277862 638066 0 2012169 0 0 0
1791185819 2475, 13801, 51, 0x0000000000000000 | 1.51 1.88 1.60 | cpu  424076318 30536120 70838025 8044292635 638066 0 2012169 0 0 0
1791185821 2475, 13801, 51, 0x0000000000000000 | 1.51 1.88 1.60 | cpu  424076390 30536120 70838116 8044306975 638066 0 2012169 0 0 0
1791185822 2475, 13801, 50, 0x0000000000000000 | 1.55 1.88 1.60 | cpu  424076498 30536120 70838242 8044321700 638066 0 2012169 0 0 0
1791185823 2475, 13801, 50, 0x0000000000000000 | 1.55 1.88 1.60 | cpu  424076567 30536120 70838391 8044335935 638066 0 2012172 0 0 0
1791185824 2475, 13801, 50, 0x0000000000000000 | 1.55 1.88 1.60 | cpu  424076709 30536120 70838470 8044350720 638066 0 2012177 0 0 0
