1791187699 1, 0, 36.94
1791187700 1, 0, 15.65
1791187701 4, 0, 14.59
1791187703 4, 0, 13.80
1791187704 4, 0, 8.86
1791187705 4, 0, 6.35
1791187706 4, 0, 3.70
1791187707 508, 0, 4.43
1791187708 3742, 0, 47.90
1791187710 4830, 26, 56.93
1791187711 5870, 14, 58.34
1791187712 6930, 19, 58.53
1791187713 7970, 9, 59.15
1791187714 9790, 28, 58.96
1791187715 10530, 27, 58.53
1791187717 11570, 26, 55.45
1791187718 12630, 27, 58.07
1791187719 13670, 6, 58.09
1791187720 14730, 20, 59.01
1791187721 16110, 5, 58.16
1791187722 17170, 27, 59.20
1791187724 18210, 17, 58.90
1791187725 19270, 27, 55.10
1791187726 20310, 26, 57.66
1791187727 21612, 17, 50.14
1791187728 21612, 0, 47.54
1791187729 21612, 0, 45.74
1791187731 21612, 2, 45.95
1791187732 21612, 2, 47.54
1791187733 21612, 2, 47.53
1791187734 21612, 2, 47.41
1791187735 21612, 3, 47.44
1791187736 21612, 4, 47.60
1791187738 21640, 0, 51.66
1791187739 21642, 2, 46.20
1791187740 21642, 2, 46.25
1791187741 21642, 2, 45.97
1791187742 21642, 2, 45.95
1791187743 21642, 0, 46.40
1791187745 21642, 7, 46.08
1791187746 21642, 1, 46.21
1791187747 21642, 0, 46.08
1791187748 21642, 7, 46.03
1791187749 21642, 0, 46.23
1791187750 21642, 0, 46.34
1791187752 21642, 7, 46.13
1791187753 21642, 0, 46.12
1791187754 21642, 1, 45.78
1791187755 21642, 6, 46.00
1791187756 21642, 0, 45.94
1791187757 21642, 2, 45.74
1791187759 21642, 5, 45.77
1791187760 21642, 0, 46.01
1791187761 21642, 3, 45.95
1791187762 21642, 4, 45.88
1791187763 21642, 0, 45.82
1791187764 21642, 3, 45.92
1791187766 21642, 4, 45.77
1791187767 21642, 0, 45.78
1791187768 21642, 4, 45.45
1791187769 21642, 4, 45.97
1791187770 21642, 1, 45.96
1791187771 21642, 3, 45.99
1791187773 21642, 3, 45.75
1791187774 21642, 3, 45.57
1791187775 21642, 4, 45.65
1791187776 21642, 0, 45.88
1791187777 21642, 4, 45.98
1791187778 21642, 4, 46.09
1791187780 21642, 0, 45.95
1791187781 21642, 3, 45.28
1791187782 21642, 4, 45.38
1791187783 21642, 0, 45.35
1791187784 21642, 4, 45.40
1791187785 21642, 4, 45.31
1791187786 21642, 0, 45.42
1791187788 21642, 4, 45.20
1791187789 21642, 4, 45.54
1791187790 21642, 0, 45.61
1791187791 21642, 4, 45.64
1791187792 21642, 4, 45.40
1791187793 21642, 0, 45.83
1791187795 21642, 3, 45.84
1791187796 21642, 4, 45.65
1791187797 21642, 0, 45.77
1791187798 21642, 4, 45.60
1791187799 21642, 4, 45.59
1791187800 21642, 0, 45.49
1791187802 21642, 3, 45.84
1791187803 21642, 3, 46.12
1791187804 21652, 3, 46.10
1791187805 21660, 25, 120.56
1791187806 19874, 1, 178.42
1791187807 21398, 24, 134.69
1791187809 22452, 55, 278.45
1791187810 23360, 48, 196.62
1791187811 24168, 73, 346.36
1791187812 24192, 23, 203.47
1791187813 24192, 44, 249.71
1791187814 24192, 29, 168.49
1791187815 24202, 23, 247.37
1791187817 24202, 45, 314.16
1791187818 24214, 27, 232.72
1791187819 24214, 38, 257.31
1791187820 24214, 47, 243.13
1791187821 24214, 40, 273.30
1791187822 24214, 24, 250.24
1791187824 24214, 64, 283.63
1791187825 24494, 66, 413.75
1791187826 24494, 58, 250.13
1791187827 24494, 21, 303.81
1791187828 24494, 38, 218.96
1791187829 24494, 27, 174.67
1791187831 24494, 31, 276.18
1791187832 24494, 27, 298.79
1791187833 24494, 53, 265.83
1791187834 24494, 23, 196.59
1791187835 24494, 52, 314.47
1791187836 24494, 2, 235.65
1791187838 24496, 33, 357.45
1791187839 24496, 24, 199.54
1791187840 24496, 38, 253.40
1791187841 24496, 46, 277.08
1791187842 24496, 35, 329.38
1791187844 24496, 0, 279.30
1791187845 24496, 61, 246.27
1791187846 24496, 34, 314.19
1791187847 24496, 31, 308.18
1791187848 24496, 41, 207.43
1791187849 24496, 34, 277.09
1791187850 24496, 50, 225.86
1791187852 24496, 50, 264.36
1791187853 24496, 28, 245.32
1791187854 24496, 41, 270.54
1791187855 24496, 53, 301.64
1791187856 24496, 51, 333.79
1791187858 24496, 48, 348.86
1791187859 24496, 26, 338.09
1791187860 24636, 82, 255.73
1791187861 24636, 38, 343.31
1791187862 24636, 40, 286.52
1791187863 24636, 72, 360.25
1791187864 24636, 61, 351.97
1791187866 24636, 40, 379.84
1791187867 24636, 45, 283.41
1791187868 24636, 23, 215.60
1791187869 24636, 38, 211.91
1791187870 24636, 65, 345.67
1791187872 24636, 39, 309.84
1791187873 24636, 78, 353.88
1791187874 24636, 60, 423.49
1791187875 24636, 46, 251.80
1791187876 24636, 34, 211.11
1791187877 24636, 45, 281.68
1791187879 24636, 47, 261.84
1791187880 24636, 26, 278.23
1791187881 24636, 29, 209.65
1791187882 24636, 70, 349.94
1791187883 24636, 44, 266.43
1791187884 24636, 32, 272.20
1791187886 24636, 25, 233.19
1791187887 24636, 47, 262.59
1791187888 24636, 32, 406.28
1791187889 24636, 43, 251.76
1791187890 24636, 0, 268.55
1791187891 24636, 21, 251.13
1791187893 24636, 33, 214.60
1791187894 24636, 61, 323.71
1791187895 24636, 58, 333.04
1791187896 24636, 33, 261.42
1791187897 24636, 47, 283.51
1791187898 24636, 69, 309.24
1791187900 24636, 26, 257.56
1791187901 24636, 40, 271.38
1791187902 24636, 32, 341.33
1791187903 24636, 57, 288.08
1791187904 24876, 60, 372.53
1791187905 24876, 24, 282.07
1791187907 24876, 45, 235.26
1791187908 24876, 32, 279.31
1791187909 24876, 37, 328.41
1791187910 24876, 27, 254.68
1791187911 24876, 46, 296.20
1791187912 24876, 40, 374.47
1791187914 24876, 49, 287.90
1791187915 24876, 80, 349.99
1791187916 24876, 48, 294.03
1791187917 24876, 42, 299.00
1791187918 24876, 29, 247.94
1791187919 24876, 49, 274.22
1791187921 24876, 7, 229.36
1791187922 24876, 90, 316.31
1791187923 24876, 29, 225.02
1791187924 24876, 63, 331.14
1791187925 24876, 29, 223.57
1791187926 24876, 28, 221.26
1791187928 24876, 29, 217.20
1791187929 24876, 90, 357.57
1791187930 24876, 21, 333.44
1791187931 24876, 62, 227.03
1791187932 24876, 40, 339.62
1791187933 24878, 24, 214.86
1791187935 24878, 23, 214.09
1791187936 24878, 32, 330.77
1791187937 24878, 39, 264.14
1791187938 24878, 67, 404.76
1791187939 24878, 41, 331.45
1791187940 24878, 46, 263.38
1791187942 24878, 32, 210.28
1791187943 24878, 26, 226.01
1791187944 24878, 25, 202.77
1791187945 24878, 43, 234.33
1791187946 24878, 39, 334.17
1791187947 24878, 38, 322.76
1791187949 24878, 57, 348.09
1791187950 24878, 56, 347.02
1791187951 24878, 64, 388.05
1791187952 24878, 31, 274.05
1791187953 24878, 36, 316.84
1791187954 24878, 28, 250.57
1791187956 24878, 62, 384.94
1791187957 24878, 36, 259.80
1791187958 24878, 48, 299.25
1791187959 24878, 70, 295.70
1791187960 24878, 38, 288.68
1791187961 24878, 62, 339.83
1791187963 24878, 65, 328.44
1791187964 24878, 60, 246.79
1791187965 24878, 60, 390.41
1791187966 24878, 40, 382.16
1791187967 24878, 31, 255.14
1791187968 24878, 33, 205.87
1791187970 24878, 30, 295.11
1791187971 24878, 33, 333.07
1791187972 24878, 84, 349.77
1791187973 24878, 44, 373.85
1791187974 24878, 56, 281.36
1791187975 24878, 0, 319.01
1791187976 24878, 34, 201.32
1791187978 24878, 44, 283.42
1791187979 24878, 65, 360.26
1791187980 24878, 21, 270.63
1791187981 24878, 30, 247.00
1791187982 24878, 71, 317.11
1791187983 24878, 71, 322.32
1791187984 24878, 37, 434.42
1791187986 24878, 63, 232.84
1791187987 24878, 39, 370.37
1791187988 24878, 40, 283.45
1791187989 24878, 24, 223.54
1791187990 24878, 28, 286.22
1791187991 24878, 21, 197.38
1791187993 24878, 23, 216.38
1791187994 24878, 0, 138.93
1791187995 24878, 2, 75.60
1791187996 24878, 0, 52.37
1791187997 24878, 0, 52.11
1791187998 24878, 1, 51.80
1791188000 24878, 0, 51.23
1791188001 24878, 0, 51.08
1791188002 24878, 2, 51.04
1791188003 24878, 0, 50.64
1791188004 24878, 0, 50.62
1791188005 24878, 2, 50.24
1791188007 24878, 0, 50.73
1791188008 24878, 0, 50.22
1791188009 24878, 1, 49.86
1791188010 24878, 0, 49.39
1791188011 24878, 0, 49.50
1791188012 24878, 1, 49.39
1791188014 24878, 0, 48.83
1791188015 24878, 1, 48.87
1791188016 24878, 1, 48.72
1791188017 24878, 0, 48.82
1791188018 24878, 1, 48.98
1791188019 24878, 0, 48.80
1791188021 24878, 0, 48.96
1791188022 24878, 3, 48.84
1791188023 24878, 3, 48.79
1791188024 24878, 3, 48.41
1791188025 24878, 0, 49.42
1791188026 24878, 0, 47.91
