1791114420 2265, 14001, 47, 0x0000000000000000 | 22.78 23.43 22.33 | cpu  4381644337 10409925 648778857 44802803580 10307688 0 8211844 0 0 0
1791114421 1365, 7001, 46, 0x0000000000000000 | 22.78 23.43 22.33 | cpu  4381645724 10409925 648779365 44802829572 10307701 0 8211844 0 0 0
1791114422 300, 7001, 46, 0x0000000000000000 | 22.78 23.43 22.33 | cpu  4381647383 10409925 648780054 44802855228 10307724 0 8211844 0 0 0
1791114423 180, 810, 46, 0x0000000000000000 | 34.25 25.80 23.10 | cpu  4381653096 10409925 648780467 44802877276 10307736 0 8211845 0 0 0
1791114424 180, 810, 45, 0x0000000000000000 | 34.25 25.80 23.10 | cpu  4381657789 10409925 648781081 44802900189 10307771 0 8211845 0 0 0
1791114425 180, 810, 45, 0x0000000000000000 | 34.25 25.80 23.10 | cpu  4381662461 10409925 648781665 44802923340 10307781 0 8211845 0 0 0
1791114427 180, 405, 45, 0x0000000000000000 | 34.25 25.80 23.10 | cpu  4381666274 10409925 648782003 44802947511 10307800 0 8211846 0 0 0
1791114428 180, 405, 45, 0x0000000000000000 | 34.25 25.80 23.10 | cpu  4381671404 10409925 648782292 44802970360 10307819 0 8211846 0 0 0
1791114429 180, 405, 45, 0x0000000000000000 | 43.12 27.77 23.75 | cpu  4381676166 10409925 648782999 44802993790 10307826 0 8211846 0 0 0
1791114430 2400, 13801, 46, 0x0000000000000000 | 43.12 27.77 23.75 | cpu  4381680593 10409926 648783787 44803016399 10307834 0 8211847 0 0 0
1791114431 2400, 13801, 46, 0x0000000000000000 | 43.12 27.77 23.75 | cpu  4381685846 10409926 648784191 44803038736 10307835 0 8211848 0 0 0
1791114432 2400, 13801, 46, 0x0000000000000000 | 43.12 27.77 23.75 | cpu  4381691309 10409926 648784488 44803060954 10307837 0 8211848 0 0 0
1791114433 2400, 13801, 46, 0x0000000000000000 | 40.06 27.40 23.65 | cpu  4381691920 10409926 648784852 44803087727 10307838 0 8211848 0 0 0
1791114434 2400, 13801, 46, 0x0000000000000000 | 40.06 27.40 23.65 | cpu  4381692365 10409926 648785174 44803114617 10307839 0 8211849 0 0 0
1791114435 2400, 13801, 46, 0x0000000000000000 | 40.06 27.40 23.65 | cpu  4381693186 10409927 648785580 44803141006 10307840 0 8211849 0 0 0
1791114436 2400, 13801, 46, 0x0000000000000000 | 40.06 27.40 23.65 | cpu  4381694404 10409927 648786090 44803167102 10307840 0 8211849 0 0 0
1791114438 2400, 13801, 46, 0x0000000000000000 | 40.06 27.40 23.65 | cpu  4381695161 10409927 648786603 44803193572 10307851 0 8211850 0 0 0
1791114439 2400, 13801, 46, 0x0000000000000000 | 37.26 27.02 23.55 | cpu  4381695381 10409927 648786899 44803220712 10307852 0 8211850 0 0 0
1791114440 2400, 13801, 46, 0x0000000000000000 | 37.26 27.02 23.55 | cpu  4381695698 10409927 648787154 44803247794 10307853 0 8211850 0 0 0
1791114441 2400, 13801, 46, 0x0000000000000000 | 37.26 27.02 23.55 | cpu  4381698393 10409927 648787733 44803272569 10307857 0 8211850 0 0 0
1791114442 2400, 13801, 46, 0x0000000000000000 | 37.26 27.02 23.55 | cpu  4381702360 10409927 648788127 44803296376 10307859 0 8211851 0 0 0
1791114443 2400, 13801, 46, 0x0000000000000000 | 37.26 27.02 23.55 | cpu  4381707017 10409927 648788515 44803319583 10307862 0 8211852 0 0 0
1791114444 2400, 13801, 46, 0x0000000000000000 | 46.04 29.02 24.21 | cpu  4381712837 10409927 648788857 44803341553 10307865 0 8211853 0 0 0
1791114445 2400, 13801, 46, 0x0000000000000000 | 46.04 29.02 24.21 | cpu  4381717895 10409927 648789201 44803364196 10307867 0 8211854 0 0 0
1791114446 2422, 13801, 46, 0x0000000000000000 | 46.04 29.02 24.21 | cpu  4381720281 10409928 648789620 44803389131 10307872 0 8211854 0 0 0
1791114447 2400, 13801, 46, 0x0000000000000000 | 46.04 29.02 24.21 | cpu  4381720704 10409928 648789915 44803415988 10307874 0 8211854 0 0 0
1791114448 2400, 13801, 46, 0x0000000000000000 | 42.68 28.60 24.11 | cpu  4381720952 10409928 648790239 44803443220 10307876 0 8211854 0 0 0
1791114450 2400, 13801, 45, 0x0000000000000000 | 42.68 28.60 24.11 | cpu  4381722580 10409928 648791155 44803468505 10307878 0 8211855 0 0 0
1791114451 2445, 13801, 46, 0x0000000000000000 | 42.68 28.60 24.11 | cpu  4381723719 10409928 648791938 44803494270 10307879 0 8211855 0 0 0
1791114452 2400, 13801, 45, 0x0000000000000000 | 42.68 28.60 24.11 | cpu  4381725419 10409928 648792434 44803519835 10307883 0 8211856 0 0 0
1791114453 2400, 13801, 45, 0x0000000000000000 | 42.68 28.60 24.11 | cpu  4381725779 10409928 648792874 44803546883 10307886 0 8211856 0 0 0
1791114454 2400, 13801, 46, 0x0000000000000000 | 39.66 28.21 24.00 | cpu  4381726541 10409928 648793269 44803573524 10307889 0 8211856 0 0 0
1791114455 2445, 13801, 45, 0x0000000000000000 | 39.66 28.21 24.00 | cpu  4381728627 10409928 648793975 44803599035 10307893 0 8211857 0 0 0
1791114456 2400, 13801, 45, 0x0000000000000000 | 39.66 28.21 24.00 | cpu  4381733560 10409928 648794369 44803622032 10307895 0 8211859 0 0 0
1791114457 2400, 13801, 45, 0x0000000000000000 | 39.66 28.21 24.00 | cpu  4381738189 10409928 648795034 44803644783 10307897 0 8211861 0 0 0
1791114458 2400, 13801, 45, 0x0000000000000000 | 36.88 27.82 23.90 | cpu  4381743268 10409928 648795467 44803667232 10307907 0 8211862 0 0 0
1791114459 2400, 13801, 45, 0x0000000000000000 | 36.88 27.82 23.90 | cpu  4381748576 10409929 648795893 44803689887 10307911 0 8211862 0 0 0
1791114460 2400, 13801, 45, 0x0000000000000000 | 36.88 27.82 23.90 | cpu  4381751733 10409929 648796271 44803714262 10307921 0 8211863 0 0 0
1791114462 2400, 13801, 45, 0x0000000000000000 | 36.88 27.82 23.90 | cpu  4381752418 10409929 648796685 44803740875 10307923 0 8211864 0 0 0
1791114463 2400, 13801, 45, 0x0000000000000000 | 36.88 27.82 23.90 | cpu  4381754116 10409929 648797558 44803766201 10307927 0 8211864 0 0 0
1791114464 2445, 13801, 45, 0x0000000000000000 | 42.18 29.07 24.33 | cpu  4381755140 10409929 648797959 44803792438 10307933 0 8211875 0 0 0
1791114465 2400, 13801, 46, 0x0000000000000000 | 42.18 29.07 24.33 | cpu  4381755487 10409929 648798486 44803819607 10307942 0 8211876 0 0 0
1791114466 2445, 13801, 45, 0x0000000000000000 | 42.18 29.07 24.33 | cpu  4381756380 10409929 648799114 44803845839 10307948 0 8211876 0 0 0
1791114467 2400, 13801, 45, 0x0000000000000000 | 42.18 29.07 24.33 | cpu  4381758894 10409929 648799777 44803870518 10307948 0 8211876 0 0 0
1791114468 2400, 13801, 45, 0x0000000000000000 | 42.18 29.07 24.33 | cpu  4381759448 10409929 648800026 44803897510 10307950 0 8211877 0 0 0
1791114469 2400, 13801, 45, 0x0000000000000000 | 39.12 28.66 24.22 | cpu  4381759712 10409929 648800413 44803924715 10307953 0 8211881 0 0 0
1791114470 2400, 13801, 45, 0x0000000000000000 | 39.12 28.66 24.22 | cpu  4381761061 10409929 648801191 44803950572 10307957 0 8211886 0 0 0
1791114471 2400, 13801, 45, 0x0000000000000000 | 39.12 28.66 24.22 | cpu  4381762149 10409931 648801847 44803976755 10307974 0 8211887 0 0 0
1791114472 2400, 13801, 45, 0x0000000000000000 | 39.12 28.66 24.22 | cpu  4381763266 10409931 648802163 44804003177 10307978 0 8211890 0 0 0
1791114474 2445, 13801, 45, 0x0000000000000000 | 36.39 28.26 24.11 | cpu  4381763919 10409931 648802571 44804029794 10307981 0 8211890 0 0 0
1791114475 2400, 13801, 45, 0x0000000000000000 | 36.39 28.26 24.11 | cpu  4381765603 10409931 648803357 44804055000 10307985 0 8211891 0 0 0
1791114476 2400, 13801, 45, 0x0000000000000000 | 36.39 28.26 24.11 | cpu  4381768628 10409931 648803985 44804079458 10307987 0 8211892 0 0 0
1791114477 2422, 13801, 45, 0x0000000000000000 | 36.39 28.26 24.11 | cpu  4381769013 10409931 648804452 44804106618 10307989 0 8211892 0 0 0
1791114478 2400, 13801, 45, 0x0000000000000000 | 36.39 28.26 24.11 | cpu  4381769773 10409931 648805106 44804133089 10307991 0 8211892 0 0 0
1791114479 2400, 13801, 45, 0x0000000000000000 | 34.92 28.09 24.08 | cpu  4381770769 10409931 648805647 44804159384 10307992 0 8211892 0 0 0
1791114480 2400, 13801, 45, 0x0000000000000000 | 34.92 28.09 24.08 | cpu  4381771559 10409932 648806025 44804186132 10307993 0 8211892 0 0 0
1791114481 2400, 13801, 45, 0x0000000000000000 | 34.92 28.09 24.08 | cpu  4381773855 10409932 648806599 44804211430 10307999 0 8211892 0 0 0
1791114482 2415, 13801, 45, 0x0000000000000000 | 34.92 28.09 24.08 | cpu  4381775667 10409932 648807152 44804236996 10308036 0 8211893 0 0 0
1791114483 2415, 13801, 45, 0x0000000000000000 | 33.64 27.94 24.05 | cpu  4381776877 10409932 648807459 44804263548 10308039 0 8211893 0 0 0
1791114484 2407, 13801, 45, 0x0000000000000000 | 33.64 27.94 24.05 | cpu  4381777172 10409932 648807664 44804290724 10308039 0 8211893 0 0 0
1791114486 2407, 13801, 45, 0x0000000000000000 | 33.64 27.94 24.05 | cpu  4381777321 10409932 648807877 44804317980 10308039 0 8211893 0 0 0
1791114487 2415, 13801, 45, 0x0000000000000000 | 33.64 27.94 24.05 | cpu  4381778667 10409933 648808381 44804343854 10308041 0 8211893 0 0 0
1791114488 2415, 13801, 45, 0x0000000000000000 | 33.64 27.94 24.05 | cpu  4381780159 10409933 648808886 44804369615 10308042 0 8211894 0 0 0
1791114489 2415, 13801, 45, 0x0000000000000000 | 31.19 27.53 23.94 | cpu  4381780842 10409933 648809161 44804396457 10308042 0 8211894 0 0 0
1791114490 2415, 13801, 45, 0x0000000000000000 | 31.19 27.53 23.94 | cpu  4381781993 10409933 648809495 44804422848 10308042 0 8211894 0 0 0
1791114491 2407, 13801, 45, 0x0000000000000000 | 31.19 27.53 23.94 | cpu  4381784289 10409933 648809794 44804448448 10308043 0 8211895 0 0 0
1791114492 2452, 13801, 45, 0x0000000000000000 | 31.19 27.53 23.94 | cpu  4381785466 10409933 648809951 44804475111 10308044 0 8211895 0 0 0
1791114493 2400, 13801, 45, 0x0000000000000000 | 28.93 27.12 23.83 | cpu  4381789676 10409933 648810321 44804498997 10308045 0 8211895 0 0 0
1791114494 2400, 13801, 44, 0x0000000000000000 | 28.93 27.12 23.83 | cpu  4381793733 10409933 648810653 44804522635 10308045 0 8211896 0 0 0
1791114495 2400, 13801, 44, 0x0000000000000000 | 28.93 27.12 23.83 | cpu  4381799055 10409933 648811001 44804544890 10308047 0 8211896 0 0 0
1791114496 2400, 13801, 44, 0x0000000000000000 | 28.93 27.12 23.83 | cpu  4381802813 10409934 648811276 44804569027 10308049 0 8211896 0 0 0
1791114498 2400, 13801, 44, 0x0000000000000000 | 28.93 27.12 23.83 | cpu  4381805660 10409934 648811738 44804593556 10308049 0 8211897 0 0 0
1791114499 2400, 13801, 44, 0x0000000000000000 | 28.29 27.02 23.81 | cpu  4381806756 10409934 648812074 44804620135 10308050 0 8211897 0 0 0
1791114500 2400, 13801, 44, 0x0000000000000000 | 28.29 27.02 23.81 | cpu  4381808973 10409934 648812565 44804645396 10308051 0 8211897 0 0 0
1791114501 2400, 13801, 44, 0x0000000000000000 | 28.29 27.02 23.81 | cpu  4381809389 10409934 648812777 44804672627 10308052 0 8211897 0 0 0
1791114502 2497, 13801, 44, 0x0000000000000000 | 28.29 27.02 23.81 | cpu  4381809789 10409934 648812993 44804700116 10308052 0 8211897 0 0 0
1791114503 2497, 13801, 44, 0x0000000000000000 | 28.29 27.02 23.81 | cpu  4381810625 10409934 648813338 44804726793 10308052 0 8211898 0 0 0
1791114504 2400, 13801, 44, 0x0000000000000000 | 27.79 26.93 23.80 | cpu  4381812509 10409934 648814123 44804752371 10308055 0 8211898 0 0 0
1791114505 2422, 13801, 44, 0x0000000000000000 | 27.79 26.93 23.80 | cpu  4381813524 10409934 648814652 44804778643 10308056 0 8211898 0 0 0
1791114506 2452, 13801, 44, 0x0000000000000000 | 27.79 26.93 23.80 | cpu  4381813910 10409934 648814972 44804806026 10308057 0 8211898 0 0 0
1791114507 2865, 13801, 45, 0x0000000000000000 | 27.79 26.93 23.80 | cpu  4381815408 10409934 648815381 44804832604 10308058 0 8211899 0 0 0
1791114509 2865, 13801, 45, 0x0000000000000000 | 25.96 26.57 23.70 | cpu  4381816109 10409934 648815596 44804859900 10308065 0 8211899 0 0 0
1791114510 2865, 13801, 45, 0x0000000000000000 | 25.96 26.57 23.70 | cpu  4381816902 10409934 648815809 44804887268 10308079 0 8211900 0 0 0
1791114511 2730, 13801, 45, 0x0000000000000000 | 25.96 26.57 23.70 | cpu  4381817480 10409934 648816161 44804914531 10308099 0 8211900 0 0 0
1791114512 2865, 13801, 45, 0x0000000000000000 | 25.96 26.57 23.70 | cpu  4381819652 10409934 648816969 44804940030 10308121 0 8211901 0 0 0
1791114513 2400, 13801, 44, 0x0000000000000000 | 25.96 26.57 23.70 | cpu  4381821054 10409935 648817304 44804966622 10308124 0 8211901 0 0 0
1791114514 2400, 13801, 44, 0x0000000000000000 | 24.13 26.18 23.59 | cpu  4381821962 10409935 648817482 44804993798 10308125 0 8211901 0 0 0
1791114515 2707, 13801, 44, 0x0000000000000000 | 24.13 26.18 23.59 | cpu  4381822628 10409935 648817759 44805021291 10308125 0 8211902 0 0 0
1791114516 2707, 13801, 45, 0x0000000000000000 | 24.13 26.18 23.59 | cpu  4381825212 10409935 648818590 44805045771 10308126 0 8211902 0 0 0
1791114517 2400, 13801, 44, 0x0000000000000000 | 24.13 26.18 23.59 | cpu  4381827413 10409935 648819194 44805070809 10308128 0 8211902 0 0 0
1791114518 2400, 13801, 44, 0x0000000000000000 | 22.51 25.81 23.48 | cpu  4381828011 10409935 648819606 44805097503 10308129 0 8211903 0 0 0
1791114520 2400, 13801, 44, 0x0000000000000000 | 22.51 25.81 23.48 | cpu  4381828196 10409935 648819873 44805124930 10308129 0 8211903 0 0 0
1791114521 2400, 13801, 44, 0x0000000000000000 | 22.51 25.81 23.48 | cpu  4381831723 10409935 648820226 44805149897 10308129 0 8211903 0 0 0
1791114522 2400, 13801, 44, 0x0000000000000000 | 22.51 25.81 23.48 | cpu  4381836974 10409935 648821055 44805171962 10308130 0 8211906 0 0 0
1791114523 2400, 13801, 44, 0x0000000000000000 | 22.51 25.81 23.48 | cpu  4381842496 10409935 648821464 44805194181 10308130 0 8211906 0 0 0
1791114524 2400, 13801, 44, 0x0000000000000000 | 31.28 27.57 24.07 | cpu  4381846202 10409935 648821775 44805218235 10308131 0 8211906 0 0 0
1791114525 2400, 13801, 44, 0x0000000000000000 | 31.28 27.57 24.07 | cpu  4381849347 10409935 648821976 44805242723 10308150 0 8211906 0 0 0
1791114526 2497, 13801, 44, 0x0000000000000000 | 31.28 27.57 24.07 | cpu  4381851103 10409936 648822734 44805268128 10308165 0 8211907 0 0 0
1791114527 2497, 13801, 44, 0x0000000000000000 | 31.28 27.57 24.07 | cpu  4381852294 10409937 648823236 44805294704 10308188 0 8211908 0 0 0
1791114528 2670, 13801, 44, 0x0000000000000000 | 29.10 27.18 23.96 | cpu  4381853080 10409937 648823473 44805321796 10308191 0 8211908 0 0 0
1791114529 2670, 13801, 44, 0x0000000000000000 | 29.10 27.18 23.96 | cpu  4381855393 10409937 648823695 44805347233 10308193 0 8211908 0 0 0
1791114531 2400, 13801, 44, 0x0000000000000000 | 29.10 27.18 23.96 | cpu  4381860396 10409937 648824283 44805369841 10308196 0 8211909 0 0 0
1791114532 2400, 13801, 44, 0x0000000000000000 | 29.10 27.18 23.96 | cpu  4381864117 10409937 648824511 44805393851 10308196 0 8211910 0 0 0
1791114533 2400, 13801, 44, 0x0000000000000000 | 29.10 27.18 23.96 | cpu  4381866384 10409937 648824738 44805419572 10308197 0 8211910 0 0 0
1791114534 2400, 13801, 44, 0x0000000000000000 | 27.41 26.86 23.87 | cpu  4381869640 10409937 648825640 44805443581 10308199 0 8211910 0 0 0
1791114535 2400, 13801, 44, 0x0000000000000000 | 27.41 26.86 23.87 | cpu  4381874133 10409937 648826004 44805467169 10308199 0 8211910 0 0 0
1791114536 2400, 13801, 44, 0x0000000000000000 | 27.41 26.86 23.87 | cpu  4381878242 10409937 648826540 44805491409 10308200 0 8211911 0 0 0
1791114537 2400, 13801, 44, 0x0000000000000000 | 27.41 26.86 23.87 | cpu  4381883149 10409937 648827476 44805514201 10308200 0 8211912 0 0 0
1791114538 2400, 13801, 44, 0x0000000000000000 | 28.82 27.16 23.99 | cpu  4381886603 10409939 648828173 44805537861 10308202 0 8211912 0 0 0
1791114539 2400, 13801, 44, 0x0000000000000000 | 28.82 27.16 23.99 | cpu  4381888964 10409939 648828806 44805562836 10308203 0 8211912 0 0 0
1791114541 2400, 13801, 44, 0x0000000000000000 | 28.82 27.16 23.99 | cpu  4381891271 10409939 648829073 44805588273 10308204 0 8211913 0 0 0
1791114542 2400, 13801, 44, 0x0000000000000000 | 28.82 27.16 23.99 | cpu  4381892005 10409939 648829409 44805615076 10308209 0 8211913 0 0 0
1791114543 2400, 13801, 44, 0x0000000000000000 | 28.82 27.16 23.99 | cpu  4381892576 10409939 648829724 44805642451 10308210 0 8211914 0 0 0
1791114544 2400, 13801, 44, 0x0000000000000000 | 26.67 26.75 23.87 | cpu  4381892739 10409939 648829898 44805670216 10308224 0 8211914 0 0 0
1791114545 2400, 13801, 44, 0x0000000000000000 | 26.67 26.75 23.87 | cpu  4381893060 10409939 648830132 44805697787 10308251 0 8211914 0 0 0
1791114546 2400, 13801, 44, 0x0000000000000000 | 26.67 26.75 23.87 | cpu  4381894347 10409939 648830754 44805724121 10308261 0 8211915 0 0 0
1791114547 2400, 13801, 44, 0x0000000000000000 | 26.67 26.75 23.87 | cpu  4381894463 10409940 648830911 44805752000 10308279 0 8211915 0 0 0
1791114548 2400, 13801, 44, 0x0000000000000000 | 24.77 26.35 23.75 | cpu  4381894545 10409940 648831079 44805779816 10308286 0 8211915 0 0 0
1791114549 2542, 13801, 44, 0x0000000000000000 | 24.77 26.35 23.75 | cpu  4381895307 10409940 648831440 44805806898 10308288 0 8211916 0 0 0
1791114550 2865, 13801, 44, 0x0000000000000000 | 24.77 26.35 23.75 | cpu  4381897203 10409940 648831945 44805832454 10308289 0 8211916 0 0 0
1791114551 2865, 13801, 44, 0x0000000000000000 | 24.77 26.35 23.75 | cpu  4381899656 10409940 648832278 44805857760 10308289 0 8211916 0 0 0
1791114553 2542, 13801, 44, 0x0000000000000000 | 24.77 26.35 23.75 | cpu  4381900785 10409940 648832518 44805884323 10308291 0 8211917 0 0 0
1791114554 2730, 13801, 44, 0x0000000000000000 | 27.59 26.91 23.95 | cpu  4381901534 10409940 648832937 44805911211 10308296 0 8211917 0 0 0
1791114555 2865, 13801, 44, 0x0000000000000000 | 27.59 26.91 23.95 | cpu  4381901621 10409940 648833102 44805939097 10308296 0 8211918 0 0 0
1791114556 2865, 13801, 44, 0x0000000000000000 | 27.59 26.91 23.95 | cpu  4381901850 10409941 648833299 44805966394 10308299 0 8211918 0 0 0
1791114557 2865, 13801, 44, 0x0000000000000000 | 27.59 26.91 23.95 | cpu  4381902725 10409941 648833662 44805993012 10308299 0 8211919 0 0 0
1791114558 2400, 13801, 44, 0x0000000000000000 | 27.59 26.91 23.95 | cpu  4381904056 10409941 648834301 44806018840 10308301 0 8211920 0 0 0
1791114559 2820, 13801, 44, 0x0000000000000000 | 25.62 26.51 23.84 | cpu  4381905573 10409941 648834522 44806045255 10308302 0 8211921 0 0 0
1791114560 2820, 13801, 44, 0x0000000000000000 | 25.62 26.51 23.84 | cpu  4381906332 10409941 648834727 44806072768 10308305 0 8211923 0 0 0
1791114561 2400, 13801, 44, 0x0000000000000000 | 25.62 26.51 23.84 | cpu  4381907995 10409941 648835240 44806098589 10308307 0 8211924 0 0 0
1791114562 2400, 13801, 43, 0x0000000000000000 | 25.62 26.51 23.84 | cpu  4381910495 10409941 648835901 44806123482 10308308 0 8211925 0 0 0
1791114564 2400, 13801, 43, 0x0000000000000000 | 25.25 26.42 23.82 | cpu  4381911906 10409941 648836308 44806149928 10308310 0 8211925 0 0 0
1791114565 2400, 13801, 43, 0x0000000000000000 | 25.25 26.42 23.82 | cpu  4381913393 10409941 648836884 44806175852 10308311 0 8211925 0 0 0
1791114566 2400, 13801, 43, 0x0000000000000000 | 25.25 26.42 23.82 | cpu  4381914046 10409942 648837096 44806202762 10308312 0 8211925 0 0 0
1791114567 2400, 13801, 43, 0x0000000000000000 | 25.25 26.42 23.82 | cpu  4381915754 10409942 648837711 44806228449 10308314 0 8211930 0 0 0
1791114568 2400, 13801, 43, 0x0000000000000000 | 25.25 26.42 23.82 | cpu  4381917294 10409942 648838187 44806254512 10308315 0 8211933 0 0 0
1791114569 2400, 13801, 43, 0x0000000000000000 | 24.91 26.33 23.81 | cpu  4381918395 10409942 648838594 44806280814 10308316 0 8211933 0 0 0
1791114570 2625, 13801, 44, 0x0000000000000000 | 24.91 26.33 23.81 | cpu  4381918566 10409942 648838936 44806308365 10308317 0 8211933 0 0 0
1791114571 2632, 13801, 44, 0x0000000000000000 | 24.91 26.33 23.81 | cpu  4381920230 10409942 648839746 44806334215 10308318 0 8211933 0 0 0
1791114572 2400, 13801, 43, 0x0000000000000000 | 24.91 26.33 23.81 | cpu  4381922287 10409942 648840222 44806359777 10308318 0 8211934 0 0 0
1791114573 2400, 13801, 43, 0x0000000000000000 | 24.68 26.26 23.80 | cpu  4381924907 10409942 648840779 44806384768 10308321 0 8211934 0 0 0
1791114575 2400, 13801, 43, 0x0000000000000000 | 24.68 26.26 23.80 | cpu  4381925317 10409942 648841100 44806412087 10308323 0 8211934 0 0 0
1791114576 2512, 13801, 43, 0x0000000000000000 | 24.68 26.26 23.80 | cpu  4381926088 10409942 648841483 44806438815 10308324 0 8211934 0 0 0
1791114577 2437, 13801, 43, 0x0000000000000000 | 24.68 26.26 23.80 | cpu  4381927810 10409943 648842340 44806464045 10308325 0 8211934 0 0 0
1791114578 2400, 13801, 43, 0x0000000000000000 | 24.68 26.26 23.80 | cpu  4381932010 10409943 648842744 44806487515 10308326 0 8211934 0 0 0
1791114579 2400, 13801, 43, 0x0000000000000000 | 22.94 25.87 23.68 | cpu  4381935492 10409943 648843037 44806511889 10308335 0 8211934 0 0 0
1791114580 2400, 13801, 43, 0x0000000000000000 | 22.94 25.87 23.68 | cpu  4381939700 10409943 648843610 44806535358 10308335 0 8211934 0 0 0
1791114581 2400, 13801, 43, 0x0000000000000000 | 22.94 25.87 23.68 | cpu  4381944722 10409943 648844353 44806557763 10308336 0 8211935 0 0 0
1791114582 2400, 13801, 43, 0x0000000000000000 | 22.94 25.87 23.68 | cpu  4381949228 10409943 648844698 44806580879 10308336 0 8211935 0 0 0
1791114583 2400, 13801, 43, 0x0000000000000000 | 23.99 26.04 23.75 | cpu  4381950099 10409943 648845254 44806607301 10308338 0 8211936 0 0 0
1791114584 2400, 13801, 43, 0x0000000000000000 | 23.99 26.04 23.75 | cpu  4381950655 10409943 648845580 44806634153 10308338 0 8211936 0 0 0
1791114585 2400, 13801, 43, 0x0000000000000000 | 23.99 26.04 23.75 | cpu  4381951856 10409943 648845849 44806660592 10308346 0 8211936 0 0 0
1791114587 2400, 13801, 43, 0x0000000000000000 | 23.99 26.04 23.75 | cpu  4381953377 10409943 648846370 44806686331 10308346 0 8211936 0 0 0
1791114588 2400, 13801, 43, 0x0000000000000000 | 23.99 26.04 23.75 | cpu  4381954598 10409943 648846862 44806712310 10308348 0 8211936 0 0 0
1791114589 2490, 13801, 43, 0x0000000000000000 | 22.31 25.66 23.64 | cpu  4381955019 10409943 648847117 44806739408 10308348 0 8211936 0 0 0
1791114590 2805, 13801, 44, 0x0000000000000000 | 22.31 25.66 23.64 | cpu  4381955095 10409943 648847398 44806766870 10308348 0 8211936 0 0 0
1791114596 2400, 13801, 43, 0x0000000000000000 | 21.24 25.38 23.56 | cpu  4381958166 10409945 648849877 44806913899 10308368 0 8211937 0 0 0
1791114597 2400, 13801, 43, 0x0000000000000000 | 21.24 25.38 23.56 | cpu  4381958409 10409945 648850300 44806940985 10308377 0 8211937 0 0 0
1791114598 2400, 13801, 43, 0x0000000000000000 | 21.24 25.38 23.56 | cpu  4381959263 10409945 648850620 44806967906 10308378 0 8211937 0 0 0
1791114599 2400, 13801, 43, 0x0000000000000000 | 20.26 25.11 23.48 | cpu  4381960495 10409945 648851332 44806994145 10308383 0 8211938 0 0 0
1791114600 2415, 13801, 43, 0x0000000000000000 | 20.26 25.11 23.48 | cpu  4381961548 10409945 648851836 44807020327 10308406 0 8211938 0 0 0
1791114601 2737, 13801, 47, 0x0000000000000000 | 20.26 25.11 23.48 | cpu  4381964350 10409945 648852280 44807044875 10308438 0 8211938 0 0 0
1791114602 2737, 13801, 48, 0x0000000000000000 | 20.26 25.11 23.48 | cpu  4381967013 10409946 648852882 44807069405 10308449 0 8211938 0 0 0
1791114603 2760, 13801, 48, 0x0000000000000000 | 19.20 24.81 23.39 | cpu  4381968449 10409946 648853606 44807095286 10308456 0 8211939 0 0 0
1791114605 2782, 13801, 47, 0x0000000000000000 | 19.20 24.81 23.39 | cpu  4381968825 10409946 648854273 44807122359 10308472 0 8211940 0 0 0
1791114606 2805, 13801, 46, 0x0000000000000000 | 19.20 24.81 23.39 | cpu  4381970049 10409946 648855124 44807148321 10308481 0 8211940 0 0 0
1791114607 2745, 13801, 48, 0x0000000000000000 | 19.20 24.81 23.39 | cpu  4381970315 10409946 648855416 44807175792 10308487 0 8211940 0 0 0
1791114608 2775, 13801, 49, 0x0000000000000000 | 19.20 24.81 23.39 | cpu  4381970662 10409946 648856237 44807202415 10308552 0 8211940 0 0 0
1791114609 2745, 13801, 50, 0x0000000000000000 | 18.14 24.50 23.30 | cpu  4381970933 10409946 648856545 44807229704 10308561 0 8211941 0 0 0
1791114610 2767, 13801, 48, 0x0000000000000000 | 18.14 24.50 23.30 | cpu  4381972031 10409946 648857343 44807255678 10308563 0 8211941 0 0 0
1791114611 2760, 13801, 47, 0x0000000000000000 | 18.14 24.50 23.30 | cpu  4381972584 10409947 648857785 44807282489 10308564 0 8211941 0 0 0
1791114612 2745, 13801, 50, 0x0000000000000000 | 18.14 24.50 23.30 | cpu  4381972762 10409947 648858140 44807309934 10308565 0 8211941 0 0 0
1791114613 2745, 13801, 50, 0x0000000000000000 | 17.49 24.25 23.23 | cpu  4381973978 10409996 648858811 44807336143 10308580 0 8211941 0 0 0
1791114614 2737, 13801, 52, 0x0000000000000000 | 17.49 24.25 23.23 | cpu  4381975861 10409997 648859596 44807361736 10308586 0 8211941 0 0 0
1791114615 2767, 13801, 50, 0x0000000000000000 | 17.49 24.25 23.23 | cpu  4381978436 10409997 648860120 44807386678 10308601 0 8211941 0 0 0
1791114617 2767, 13801, 50, 0x0000000000000000 | 17.49 24.25 23.23 | cpu  4381980018 10409998 648860691 44807412295 10308609 0 8211941 0 0 0
1791114618 2767, 13801, 50, 0x0000000000000000 | 17.49 24.25 23.23 | cpu  4381980356 10409998 648861088 44807440397 10308616 0 8211942 0 0 0
1791114619 2842, 13801, 47, 0x0000000000000000 | 21.54 24.98 23.47 | cpu  4381981712 10409998 648862094 44807465902 10308625 0 8211942 0 0 0
1791114620 2775, 13801, 49, 0x0000000000000000 | 21.54 24.98 23.47 | cpu  4381983079 10409998 648863090 44807491397 10308641 0 8211942 0 0 0
1791114621 2782, 13801, 49, 0x0000000000000000 | 21.54 24.98 23.47 | cpu  4381984937 10409998 648863663 44807516891 10308650 0 8211943 0 0 0
1791114622 2745, 13801, 51, 0x0000000000000000 | 21.54 24.98 23.47 | cpu  4381987431 10409998 648864059 44807541953 10308661 0 8211945 0 0 0
1791114623 2752, 13801, 50, 0x0000000000000000 | 22.85 25.20 23.55 | cpu  4381990948 10409998 648864405 44807566651 10308663 0 8211945 0 0 0
1791114624 2775, 13801, 50, 0x0000000000000000 | 22.85 25.20 23.55 | cpu  4381992066 10409999 648864755 44807593226 10308666 0 8211947 0 0 0
1791114625 2745, 13801, 53, 0x0000000000000000 | 22.85 25.20 23.55 | cpu  4381993193 10409999 648865059 44807619858 10308676 0 8211947 0 0 0
1791114626 2812, 13801, 48, 0x0000000000000000 | 22.85 25.20 23.55 | cpu  4381994430 10410000 648865706 44807645829 10308681 0 8211948 0 0 0
1791114628 2745, 13801, 52, 0x0000000000000000 | 22.85 25.20 23.55 | cpu  4381995009 10410000 648866080 44807672823 10308684 0 8211949 0 0 0
1791114629 2760, 13801, 52, 0x0000000000000000 | 21.34 24.85 23.44 | cpu  4381995386 10410001 648866366 44807700018 10308701 0 8211949 0 0 0
1791114630 2752, 13801, 52, 0x0000000000000000 | 21.34 24.85 23.44 | cpu  4381996243 10410001 648866794 44807726968 10308710 0 8211950 0 0 0
1791114631 2767, 13801, 52, 0x0000000000000000 | 21.34 24.85 23.44 | cpu  4381997559 10410001 648867336 44807753043 10308726 0 8211950 0 0 0
1791114632 2737, 13801, 53, 0x0000000000000000 | 21.34 24.85 23.44 | cpu  4381997780 10410001 648867517 44807780643 10308738 0 8211950 0 0 0
1791114633 2760, 13801, 50, 0x0000000000000000 | 21.34 24.85 23.44 | cpu  4382000260 10410002 648868165 44807805433 10308753 0 8211951 0 0 0
1791114634 2760, 13801, 52, 0x0000000000000000 | 19.95 24.50 23.34 | cpu  4382002465 10410002 648870902 44807828786 10308754 0 8211952 0 0 0
1791114635 2752, 13801, 53, 0x0000000000000000 | 19.95 24.50 23.34 | cpu  4382006783 10410002 648872959 44807850783 10308755 0 8211952 0 0 0
1791114636 2737, 13801, 53, 0x0000000000000000 | 19.95 24.50 23.34 | cpu  4382008888 10410003 648873230 44807876495 10308759 0 8211952 0 0 0
1791114637 2745, 13801, 53, 0x0000000000000000 | 19.95 24.50 23.34 | cpu  4382011102 10410003 648873869 44807901518 10308779 0 8211953 0 0 0
1791114639 2775, 13801, 52, 0x0000000000000000 | 18.76 24.18 23.24 | cpu  4382012465 10410003 648874311 44807927928 10308813 0 8211954 0 0 0
1791114640 2760, 13801, 52, 0x0000000000000000 | 18.76 24.18 23.24 | cpu  4382013648 10410003 648875278 44807954164 10308879 0 8211954 0 0 0
1791114641 2760, 13801, 53, 0x0000000000000000 | 18.76 24.18 23.24 | cpu  4382015099 10410003 648876073 44807979711 10308949 0 8211955 0 0 0
1791114642 2790, 13801, 53, 0x0000000000000000 | 18.76 24.18 23.24 | cpu  4382020147 10410003 648876881 44808002225 10308974 0 8211956 0 0 0
1791114643 2737, 13801, 54, 0x0000000000000000 | 18.76 24.18 23.24 | cpu  4382023757 10410003 648877649 44808025790 10309038 0 8211957 0 0 0
1791114644 2722, 13801, 55, 0x0000000000000000 | 17.81 23.89 23.15 | cpu  4382028154 10410003 648878729 44808048988 10309109 0 8211958 0 0 0
1791114645 2752, 13801, 53, 0x0000000000000000 | 17.81 23.89 23.15 | cpu  4382032465 10410004 648879607 44808072421 10309177 0 8211958 0 0 0
1791114646 2760, 13801, 53, 0x0000000000000000 | 17.81 23.89 23.15 | cpu  4382034340 10410004 648880504 44808097481 10309241 0 8211958 0 0 0
1791114647 2730, 13801, 55, 0x0000000000000000 | 17.81 23.89 23.15 | cpu  4382036607 10410004 648881420 44808122521 10309303 0 8211959 0 0 0
1791114649 2730, 13801, 55, 0x0000000000000000 | 17.11 23.64 23.07 | cpu  4382037008 10410004 648882124 44808149381 10309367 0 8211960 0 0 0
1791114650 2760, 13801, 51, 0x0000000000000000 | 17.11 23.64 23.07 | cpu  4382037789 10410004 648882950 44808175829 10309434 0 8211960 0 0 0
1791114651 2775, 13801, 53, 0x0000000000000000 | 17.11 23.64 23.07 | cpu  4382038902 10410004 648884060 44808201635 10309501 0 8211961 0 0 0
1791114652 2760, 13801, 54, 0x0000000000000000 | 17.11 23.64 23.07 | cpu  4382040412 10410004 648885134 44808226826 10309574 0 8211961 0 0 0
1791114653 2752, 13801, 54, 0x0000000000000000 | 17.11 23.64 23.07 | cpu  4382041798 10410004 648885625 44808252940 10309577 0 8211961 0 0 0
1791114654 2767, 13801, 54, 0x0000000000000000 | 17.42 23.60 23.06 | cpu  4382043544 10410004 648886146 44808278736 10309579 0 8211961 0 0 0
1791114655 2737, 13801, 56, 0x0000000000000000 | 17.42 23.60 23.06 | cpu  4382045615 10410004 648886518 44808304166 10309579 0 8211962 0 0 0
1791114656 2745, 13801, 54, 0x0000000000000000 | 17.42 23.60 23.06 | cpu  4382047630 10410005 648887080 44808329524 10309580 0 8211962 0 0 0
1791114657 2760, 13801, 54, 0x0000000000000000 | 17.42 23.60 23.06 | cpu  4382049616 10410006 648887305 44808355268 10309581 0 8211962 0 0 0
1791114658 2752, 13801, 55, 0x0000000000000000 | 17.71 23.56 23.05 | cpu  4382050834 10410007 648887838 44808381554 10309581 0 8211962 0 0 0
1791114659 2737, 13801, 55, 0x0000000000000000 | 17.71 23.56 23.05 | cpu  4382051763 10410007 648888104 44808408295 10309584 0 8211963 0 0 0
1791114661 2752, 13801, 55, 0x0000000000000000 | 17.71 23.56 23.05 | cpu  4382053645 10410007 648888707 44808433838 10309584 0 8211963 0 0 0
1791114662 2737, 13801, 55, 0x0000000000000000 | 17.71 23.56 23.05 | cpu  4382053860 10410007 648888990 44808461295 10309585 0 8211963 0 0 0
1791114663 2730, 13801, 56, 0x0000000000000000 | 17.71 23.56 23.05 | cpu  4382055089 10410007 648889794 44808487276 10309585 0 8211964 0 0 0
1791114664 2752, 13801, 55, 0x0000000000000000 | 16.69 23.25 22.95 | cpu  4382055928 10410007 648890086 44808513995 10309586 0 8211964 0 0 0
1791114665 2760, 13801, 54, 0x0000000000000000 | 16.69 23.25 22.95 | cpu  4382056105 10410007 648890394 44808541497 10309596 0 8211965 0 0 0
1791114666 2767, 13801, 55, 0x0000000000000000 | 16.69 23.25 22.95 | cpu  4382056901 10410007 648890892 44808568158 10309610 0 8211965 0 0 0
1791114667 2730, 13801, 56, 0x0000000000000000 | 16.69 23.25 22.95 | cpu  4382057915 10410007 648891404 44808594554 10309629 0 8211965 0 0 0
1791114668 2745, 13801, 56, 0x0000000000000000 | 15.67 22.93 22.85 | cpu  4382058677 10410007 648891514 44808621631 10309633 0 8211965 0 0 0
1791114669 2737, 13801, 56, 0x0000000000000000 | 15.67 22.93 22.85 | cpu  4382059537 10410007 648891728 44808648753 10309633 0 8211965 0 0 0
1791114670 2767, 13801, 55, 0x0000000000000000 | 15.67 22.93 22.85 | cpu  4382061605 10410007 648892388 44808674064 10309634 0 8211966 0 0 0
1791114672 2812, 13801, 53, 0x0000000000000000 | 15.67 22.93 22.85 | cpu  4382062526 10410007 648892612 44808700852 10309637 0 8211966 0 0 0
1791114673 2722, 13801, 58, 0x0000000000000004 | 15.67 22.93 22.85 | cpu  4382063302 10410008 648892985 44808727775 10309637 0 8211966 0 0 0
1791114674 2767, 13801, 56, 0x0000000000000000 | 14.82 22.63 22.76 | cpu  4382065258 10410008 648893522 44808753393 10309638 0 8211967 0 0 0
1791114675 2767, 13801, 55, 0x0000000000000000 | 14.82 22.63 22.76 | cpu  4382066567 10410008 648893756 44808780097 10309638 0 8211968 0 0 0
1791114676 2752, 13801, 56, 0x0000000000000000 | 14.82 22.63 22.76 | cpu  4382067151 10410008 648894089 44808807226 10309638 0 8211968 0 0 0
1791114677 2767, 13801, 56, 0x0000000000000000 | 14.82 22.63 22.76 | cpu  4382068543 10410008 648894816 44808833412 10309639 0 8211968 0 0 0
1791114678 2745, 13801, 56, 0x0000000000000000 | 14.82 22.63 22.76 | cpu  4382069897 10410008 648895077 44808859855 10309640 0 8211969 0 0 0
1791114679 2737, 13801, 57, 0x0000000000000000 | 14.03 22.34 22.66 | cpu  4382070204 10410008 648895240 44808887132 10309640 0 8211969 0 0 0
1791114680 2745, 13801, 57, 0x0000000000000000 | 14.03 22.34 22.66 | cpu  4382072498 10410008 648896085 44808912174 10309641 0 8211970 0 0 0
1791114681 2737, 13801, 58, 0x0000000000000000 | 14.03 22.34 22.66 | cpu  4382074666 10410008 648896574 44808937542 10309641 0 8211970 0 0 0
1791114682 2730, 13801, 57, 0x0000000000000000 | 14.03 22.34 22.66 | cpu  4382074958 10410008 648896854 44808964911 10309641 0 8211970 0 0 0
1791114684 2752, 13801, 57, 0x0000000000000000 | 13.71 22.13 22.59 | cpu  4382076251 10410008 648897258 44808991157 10309642 0 8211970 0 0 0
1791114685 2745, 13801, 57, 0x0000000000000000 | 13.71 22.13 22.59 | cpu  4382078341 10410008 648897721 44809016767 10309643 0 8211970 0 0 0
1791114686 2730, 13801, 59, 0x0000000000000000 | 13.71 22.13 22.59 | cpu  4382078702 10410009 648897940 44809044290 10309644 0 8211971 0 0 0
1791114687 2857, 13801, 54, 0x0000000000000000 | 13.71 22.13 22.59 | cpu  4382080300 10410009 648898474 44809070080 10309645 0 8211972 0 0 0
1791114688 2730, 13801, 58, 0x0000000000000000 | 13.71 22.13 22.59 | cpu  4382080626 10410009 648898727 44809097431 10309647 0 8211973 0 0 0
1791114689 2730, 13801, 59, 0x0000000000000004 | 12.85 21.81 22.49 | cpu  4382080921 10410009 648898906 44809124895 10309647 0 8211973 0 0 0
1791114690 2752, 13801, 57, 0x0000000000000000 | 12.85 21.81 22.49 | cpu  4382083022 10410009 648899468 44809150461 10309647 0 8211973 0 0 0
1791114691 2752, 13801, 58, 0x0000000000000000 | 12.85 21.81 22.49 | cpu  4382084443 10410009 648899660 44809177023 10309649 0 8211974 0 0 0
1791114692 2707, 13801, 57, 0x0000000000000000 | 12.85 21.81 22.49 | cpu  4382086000 10410009 648899994 44809204408 10309650 0 8211974 0 0 0
1791114694 2760, 13801, 57, 0x0000000000000000 | 13.90 21.88 22.51 | cpu  4382088520 10410010 648900656 44809229279 10309656 0 8211974 0 0 0
1791114695 2805, 13801, 54, 0x0000000000000000 | 13.90 21.88 22.51 | cpu  4382090440 10410010 648900961 44809255314 10309657 0 8211974 0 0 0
1791114696 2752, 13801, 57, 0x0000000000000000 | 13.90 21.88 22.51 | cpu  4382090964 10410010 648901202 44809282656 10309657 0 8211974 0 0 0
1791114697 2745, 13801, 58, 0x0000000000000000 | 13.90 21.88 22.51 | cpu  4382092536 10410010 648901803 44809308964 10309657 0 8211974 0 0 0
1791114698 2745, 13801, 57, 0x0000000000000000 | 13.90 21.88 22.51 | cpu  4382093591 10410011 648902218 44809335583 10309659 0 8211974 0 0 0
1791114699 2752, 13801, 57, 0x0000000000000000 | 14.39 21.85 22.49 | cpu  4382095432 10410011 648902439 44809361350 10309664 0 8211975 0 0 0
1791114700 2767, 13801, 57, 0x0000000000000000 | 14.39 21.85 22.49 | cpu  4382096641 10410011 648902682 44809388020 10309665 0 8211976 0 0 0
1791114701 2737, 13801, 58, 0x0000000000000000 | 14.39 21.85 22.49 | cpu  4382100597 10410011 648903252 44809411777 10309665 0 8211976 0 0 0
1791114702 2745, 13801, 58, 0x0000000000000000 | 14.39 21.85 22.49 | cpu  4382103153 10410011 648903846 44809436549 10309666 0 8211977 0 0 0
1791114703 2737, 13801, 58, 0x0000000000000000 | 17.24 22.32 22.64 | cpu  4382104686 10410011 648904278 44809462735 10309668 0 8211977 0 0 0
1791114705 2760, 13801, 57, 0x0000000000000000 | 17.24 22.32 22.64 | cpu  4382106146 10410011 648904827 44809488781 10309668 0 8211977 0 0 0
1791114706 2752, 13801, 58, 0x0000000000000000 | 17.24 22.32 22.64 | cpu  4382106387 10410011 648905069 44809516395 10309669 0 8211977 0 0 0
1791114707 2745, 13801, 58, 0x0000000000000000 | 17.24 22.32 22.64 | cpu  4382107176 10410012 648905432 44809543309 10309670 0 8211978 0 0 0
1791114708 2760, 13801, 58, 0x0000000000000000 | 17.24 22.32 22.64 | cpu  4382112158 10410012 648906372 44809566791 10309670 0 8211979 0 0 0
1791114709 2745, 13801, 58, 0x0000000000000000 | 16.42 22.07 22.56 | cpu  4382114195 10410012 648906803 44809592374 10309672 0 8211981 0 0 0
1791114710 2730, 13801, 59, 0x0000000000000000 | 16.42 22.07 22.56 | cpu  4382114477 10410012 648907118 44809619928 10309672 0 8211982 0 0 0
1791114711 2730, 13801, 59, 0x0000000000000000 | 16.42 22.07 22.56 | cpu  4382114868 10410012 648907346 44809647288 10309679 0 8211982 0 0 0
1791114712 2730, 13801, 60, 0x0000000000000000 | 16.42 22.07 22.56 | cpu  4382118281 10410013 648907835 44809671451 10309679 0 8211983 0 0 0
1791114713 2737, 13801, 59, 0x0000000000000000 | 16.79 22.05 22.55 | cpu  4382119792 10410013 648908424 44809697369 10309679 0 8211984 0 0 0
1791114714 2730, 13801, 59, 0x0000000000000000 | 16.79 22.05 22.55 | cpu  4382122032 10410013 648908769 44809722758 10309680 0 8211984 0 0 0
1791114716 2737, 13801, 60, 0x0000000000000000 | 16.79 22.05 22.55 | cpu  4382124004 10410013 648909039 44809748681 10309681 0 8211984 0 0 0
1791114717 2737, 13801, 59, 0x0000000000000000 | 16.79 22.05 22.55 | cpu  4382125155 10410013 648909582 44809774982 10309681 0 8211984 0 0 0
1791114718 2760, 13801, 57, 0x0000000000000000 | 16.79 22.05 22.55 | cpu  4382129132 10410013 648910134 44809798720 10309681 0 8211985 0 0 0
1791114719 2722, 13801, 60, 0x0000000000000000 | 15.77 21.75 22.45 | cpu  4382133286 10410014 648910570 44809822602 10309682 0 8211985 0 0 0
1791114720 2745, 13801, 59, 0x0000000000000000 | 15.77 21.75 22.45 | cpu  4382137378 10410014 648911049 44809846295 10309682 0 8211985 0 0 0
1791114721 2737, 13801, 60, 0x0000000000000000 | 15.77 21.75 22.45 | cpu  4382141029 10410014 648911282 44809870666 10309682 0 8211986 0 0 0
1791114722 2715, 13801, 61, 0x0000000000000004 | 15.77 21.75 22.45 | cpu  4382143844 10410014 648911753 44809895426 10309682 0 8211987 0 0 0
1791114723 2745, 13801, 60, 0x0000000000000000 | 15.22 21.54 22.37 | cpu  4382146493 10410014 648912306 44809920115 10309683 0 8211987 0 0 0
1791114724 2737, 13801, 60, 0x0000000000000000 | 15.22 21.54 22.37 | cpu  4382148227 10410014 648912658 44809946064 10309684 0 8211987 0 0 0
1791114725 2745, 13801, 59, 0x0000000000000000 | 15.22 21.54 22.37 | cpu  4382151301 10410014 648912994 44809970636 10309685 0 8211988 0 0 0
1791114727 2737, 13801, 60, 0x0000000000000000 | 15.22 21.54 22.37 | cpu  4382152388 10410015 648913305 44809997239 10309687 0 8211988 0 0 0
1791114728 2745, 13801, 60, 0x0000000000000000 | 15.22 21.54 22.37 | cpu  4382155810 10410015 648913746 44810021513 10309688 0 8211988 0 0 0
1791114729 2737, 13801, 60, 0x0000000000000000 | 14.40 21.26 22.28 | cpu  4382157440 10410015 648914155 44810047500 10309688 0 8211989 0 0 0
1791114730 2722, 13801, 61, 0x0000000000000000 | 14.40 21.26 22.28 | cpu  4382158700 10410015 648914579 44810073916 10309689 0 8211989 0 0 0
1791114731 2730, 13801, 61, 0x0000000000000000 | 14.40 21.26 22.28 | cpu  4382159367 10410015 648914807 44810101030 10309689 0 8211989 0 0 0
1791114732 2730, 13801, 60, 0x0000000000000000 | 14.40 21.26 22.28 | cpu  4382160149 10410015 648915193 44810127786 10309689 0 8211990 0 0 0
1791114733 2745, 13801, 60, 0x0000000000000000 | 14.40 21.26 22.28 | cpu  4382161372 10410015 648915747 44810153815 10309690 0 8211990 0 0 0
1791114734 2737, 13801, 60, 0x0000000000000000 | 13.65 20.99 22.19 | cpu  4382164725 10410015 648916244 44810178421 10309690 0 8211992 0 0 0
1791114735 2737, 13801, 60, 0x0000000000000000 | 13.65 20.99 22.19 | cpu  4382166230 10410015 648916672 44810204467 10309691 0 8211992 0 0 0
1791114736 2737, 13801, 59, 0x0000000000000000 | 13.65 20.99 22.19 | cpu  4382167785 10410016 648917316 44810230669 10309691 0 8211992 0 0 0
1791114738 2737, 13801, 60, 0x0000000000000000 | 13.65 20.99 22.19 | cpu  4382169164 10410016 648917950 44810256759 10309693 0 8211993 0 0 0
1791114739 2775, 13801, 59, 0x0000000000000000 | 14.24 20.99 22.18 | cpu  4382170481 10410016 648918295 44810283266 10309694 0 8211993 0 0 0
1791114740 2745, 13801, 59, 0x0000000000000000 | 14.24 20.99 22.18 | cpu  4382171440 10410016 648918667 44810310029 10309694 0 8211993 0 0 0
1791114741 2752, 13801, 59, 0x0000000000000000 | 14.24 20.99 22.18 | cpu  4382173346 10410016 648919224 44810336174 10309695 0 8211993 0 0 0
1791114742 2857, 13801, 56, 0x0000000000000000 | 14.24 20.99 22.18 | cpu  4382175781 10410016 648919712 44810361064 10309695 0 8211994 0 0 0
1791114743 2857, 13801, 55, 0x0000000000000000 | 14.24 20.99 22.18 | cpu  4382176681 10410016 648919870 44810387855 10309695 0 8211994 0 0 0
1791114744 2857, 13801, 55, 0x0000000000000000 | 13.34 20.69 22.08 | cpu  4382177070 10410016 648920065 44810415092 10309696 0 8211994 0 0 0
1791114745 2857, 13801, 55, 0x0000000000000000 | 13.34 20.69 22.08 | cpu  4382178734 10410016 648920826 44810440396 10309696 0 8211995 0 0 0
1791114746 2400, 13801, 54, 0x0000000000000000 | 13.34 20.69 22.08 | cpu  4382178938 10410017 648921145 44810467570 10309696 0 8211996 0 0 0
1791114747 2857, 13801, 54, 0x0000000000000000 | 13.34 20.69 22.08 | cpu  4382179056 10410017 648921379 44810495165 10309696 0 8211996 0 0 0
1791114748 2857, 13801, 54, 0x0000000000000000 | 13.71 20.65 22.06 | cpu  4382179513 10410017 648921722 44810522181 10309704 0 8211996 0 0 0
1791114750 2857, 13801, 54, 0x0000000000000000 | 13.71 20.65 22.06 | cpu  4382180585 10410018 648922260 44810548367 10309714 0 8211997 0 0 0
1791114751 2857, 13801, 54, 0x0000000000000000 | 13.71 20.65 22.06 | cpu  4382182439 10410018 648922947 44810573637 10309741 0 8211997 0 0 0
1791114752 2400, 13801, 53, 0x0000000000000000 | 13.71 20.65 22.06 | cpu  4382183977 10410018 648923401 44810599517 10309764 0 8211998 0 0 0
1791114753 2400, 13801, 53, 0x0000000000000000 | 13.71 20.65 22.06 | cpu  4382185535 10410018 648923713 44810625457 10309765 0 8211998 0 0 0
1791114754 2865, 13801, 53, 0x0000000000000000 | 13.02 20.39 21.96 | cpu  4382185840 10410018 648924034 44810652594 10309765 0 8211998 0 0 0
1791114755 2865, 13801, 53, 0x0000000000000000 | 13.02 20.39 21.96 | cpu  4382187758 10410018 648924482 44810678229 10309766 0 8211998 0 0 0
1791114756 2400, 13801, 52, 0x0000000000000000 | 13.02 20.39 21.96 | cpu  4382193510 10410018 648925418 44810699591 10309767 0 8211999 0 0 0
1791114757 2400, 13801, 52, 0x0000000000000000 | 13.02 20.39 21.96 | cpu  4382198716 10410019 648925882 44810721891 10309768 0 8212000 0 0 0
1791114758 2400, 13801, 52, 0x0000000000000000 | 12.37 20.13 21.87 | cpu  4382203312 10410019 648926201 44810745136 10309768 0 8212000 0 0 0
1791114759 2400, 13801, 52, 0x0000000000000000 | 12.37 20.13 21.87 | cpu  4382207023 10410019 648926490 44810769368 10309771 0 8212001 0 0 0
1791114760 2400, 13801, 52, 0x0000000000000000 | 12.37 20.13 21.87 | cpu  4382211416 10410019 648926985 44810792592 10309771 0 8212001 0 0 0
1791114762 2400, 13801, 51, 0x0000000000000000 | 12.37 20.13 21.87 | cpu  4382216728 10410019 648927665 44810814704 10309772 0 8212002 0 0 0
1791114763 2400, 13801, 51, 0x0000000000000000 | 12.37 20.13 21.87 | cpu  4382221018 10410019 648927918 44810838316 10309773 0 8212002 0 0 0
1791114764 2400, 13801, 51, 0x0000000000000000 | 11.70 19.86 21.78 | cpu  4382225282 10410019 648928153 44810861834 10309774 0 8212003 0 0 0
1791114765 2400, 13801, 51, 0x0000000000000000 | 11.70 19.86 21.78 | cpu  4382226749 10410019 648928524 44810887601 10309774 0 8212003 0 0 0
1791114766 2400, 13801, 51, 0x0000000000000000 | 11.70 19.86 21.78 | cpu  4382229128 10410019 648929137 44810912456 10309775 0 8212003 0 0 0
1791114767 2400, 13801, 51, 0x0000000000000000 | 11.70 19.86 21.78 | cpu  4382231578 10410020 648929636 44810937392 10309776 0 8212004 0 0 0
1791114768 2572, 13801, 51, 0x0000000000000000 | 11.70 19.86 21.78 | cpu  4382233010 10410020 648930094 44810963366 10309777 0 8212004 0 0 0
1791114769 2520, 13801, 50, 0x0000000000000000 | 12.29 19.85 21.76 | cpu  4382233826 10410020 648930374 44810990405 10309777 0 8212004 0 0 0
1791114770 2865, 13801, 51, 0x0000000000000000 | 12.29 19.85 21.76 | cpu  4382234178 10410020 648930647 44811017629 10309778 0 8212004 0 0 0
1791114771 2400, 13801, 50, 0x0000000000000000 | 12.29 19.85 21.76 | cpu  4382234934 10410020 648931055 44811044407 10309781 0 8212005 0 0 0
1791114772 2400, 13801, 50, 0x0000000000000000 | 12.29 19.85 21.76 | cpu  4382239033 10410020 648931785 44811067336 10309781 0 8212005 0 0 0
1791114774 2400, 13801, 50, 0x0000000000000000 | 12.90 19.85 21.75 | cpu  4382240609 10410020 648932324 44811093218 10309781 0 8212005 0 0 0
1791114775 2400, 13801, 50, 0x0000000000000000 | 12.90 19.85 21.75 | cpu  4382241372 10410020 648932727 44811119946 10309781 0 8212005 0 0 0
1791114776 2865, 13801, 50, 0x0000000000000000 | 12.90 19.85 21.75 | cpu  4382241765 10410021 648933111 44811147293 10309782 0 8212006 0 0 0
1791114777 2865, 13801, 50, 0x0000000000000000 | 12.90 19.85 21.75 | cpu  4382243379 10410021 648933765 44811172976 10309782 0 8212006 0 0 0
1791114778 2400, 13801, 50, 0x0000000000000000 | 12.90 19.85 21.75 | cpu  4382245635 10410023 648934312 44811197811 10309782 0 8212006 0 0 0
1791114779 2400, 13801, 49, 0x0000000000000000 | 22.28 21.68 22.33 | cpu  4382250498 10410023 648934835 44811220267 10309782 0 8212006 0 0 0
1791114780 2400, 13801, 49, 0x0000000000000000 | 22.28 21.68 22.33 | cpu  4382255649 10410023 648935069 44811242788 10309782 0 8212007 0 0 0
1791114781 2400, 13801, 49, 0x0000000000000000 | 22.28 21.68 22.33 | cpu  4382260349 10410023 648935582 44811265729 10309783 0 8212008 0 0 0
1791114782 2400, 13801, 49, 0x0000000000000000 | 22.28 21.68 22.33 | cpu  4382264491 10410023 648935978 44811289264 10309783 0 8212009 0 0 0
1791114783 2400, 13801, 49, 0x0000000000000000 | 20.98 21.42 22.24 | cpu  4382268418 10410023 648936335 44811312924 10309793 0 8212010 0 0 0
1791114785 2400, 13801, 49, 0x0000000000000000 | 20.98 21.42 22.24 | cpu  4382271963 10410023 648936522 44811337251 10309793 0 8212010 0 0 0
1791114786 2400, 13801, 49, 0x0000000000000000 | 20.98 21.42 22.24 | cpu  4382276100 10410023 648937107 44811360507 10309804 0 8212011 0 0 0
1791114787 2400, 13801, 49, 0x0000000000000000 | 20.98 21.42 22.24 | cpu  4382281229 10410024 648937742 44811382929 10309826 0 8212011 0 0 0
1791114788 2400, 13801, 49, 0x0000000000000000 | 20.98 21.42 22.24 | cpu  4382286258 10410024 648938080 44811405437 10309828 0 8212011 0 0 0
1791114789 2400, 13801, 49, 0x0000000000000000 | 19.70 21.15 22.15 | cpu  4382288230 10410024 648938471 44811431139 10309828 0 8212011 0 0 0
1791114790 2400, 13801, 48, 0x0000000000000000 | 19.70 21.15 22.15 | cpu  4382291835 10410025 648938818 44811455091 10309828 0 8212012 0 0 0
1791114791 2400, 13801, 48, 0x0000000000000000 | 19.70 21.15 22.15 | cpu  4382293991 10410025 648939288 44811480415 10309828 0 8212012 0 0 0
1791114792 2400, 13801, 48, 0x0000000000000000 | 19.70 21.15 22.15 | cpu  4382296351 10410025 648940041 44811505178 10309829 0 8212012 0 0 0
1791114793 2400, 13801, 48, 0x0000000000000000 | 18.52 20.88 22.06 | cpu  4382297461 10410025 648940855 44811531060 10309830 0 8212013 0 0 0
1791114794 2400, 13801, 48, 0x0000000000000000 | 18.52 20.88 22.06 | cpu  4382299251 10410025 648941589 44811556439 10309830 0 8212013 0 0 0
1791114795 2400, 13801, 48, 0x0000000000000000 | 18.52 20.88 22.06 | cpu  4382301438 10410025 648941984 44811581607 10309831 0 8212013 0 0 0
1791114797 2400, 13801, 48, 0x0000000000000000 | 18.52 20.88 22.06 | cpu  4382303573 10410025 648942239 44811607160 10309831 0 8212013 0 0 0
1791114798 2430, 13801, 48, 0x0000000000000000 | 18.52 20.88 22.06 | cpu  4382305167 10410025 648942614 44811633136 10309831 0 8212014 0 0 0
1791114799 2400, 13801, 48, 0x0000000000000000 | 17.68 20.66 21.98 | cpu  4382307493 10410025 648943402 44811657769 10309832 0 8212014 0 0 0
1791114800 2400, 13801, 48, 0x0000000000000000 | 17.68 20.66 21.98 | cpu  4382308634 10410025 648944022 44811683843 10309840 0 8212015 0 0 0
1791114801 2400, 13801, 48, 0x0000000000000000 | 17.68 20.66 21.98 | cpu  4382309022 10410025 648944324 44811711046 10309846 0 8212015 0 0 0
