1791116915 2, 0, 62.90
1791116916 2, 0, 49.12
1791116917 4, 0, 12.96
1791116922 4, 0, 15.25
1791116923 4, 0, 15.29
1791116924 4, 0, 14.76
1791116926 4, 0, 14.44
1791116927 4, 0, 14.73
1791116928 4, 0, 14.54
1791116929 4, 0, 14.63
1791116930 672, 0, 53.97
1791116931 672, 0, 63.55
1791116932 672, 0, 62.72
1791116933 672, 0, 61.69
1791116935 740, 0, 62.94
1791116936 740, 0, 63.26
1791116937 740, 0, 63.57
1791116938 19022, 34, 65.88
1791116939 19042, 42, 77.48
1791116940 19064, 36, 89.37
1791116941 19086, 36, 91.29
1791116942 19102, 27, 91.14
1791116943 19122, 37, 80.88
1791116944 19140, 34, 76.35
1791116945 20618, 38, 77.90
1791116947 20648, 0, 75.11
1791116948 20648, 0, 63.22
1791116949 20648, 0, 62.98
1791116950 19568, 0, 62.74
1791116951 19568, 0, 63.49
1791116952 19568, 0, 63.58
1791116953 19568, 0, 62.42
1791116954 19634, 1, 63.66
1791116955 19854, 1, 62.65
1791116956 20074, 1, 62.72
1791116958 20274, 1, 62.15
1791116959 20474, 1, 62.26
1791116960 20694, 1, 63.31
1791116961 20914, 1, 63.58
1791116962 21134, 1, 63.85
1791116963 23122, 0, 63.55
1791116964 23102, 0, 64.89
1791116965 23102, 3, 67.47
1791116966 23102, 4, 71.48
1791116967 23102, 4, 68.65
1791116968 23102, 4, 63.84
1791116970 25422, 2, 65.67
1791116971 25422, 2, 62.99
1791116972 25422, 2, 63.04
1791116973 25422, 3, 63.30
1791116974 25422, 1, 62.96
1791116975 25422, 5, 62.47
1791116976 25422, 6, 63.06
1791116977 25422, 7, 63.24
1791116978 25422, 0, 63.39
1791116979 25422, 0, 64.09
1791116980 25422, 7, 63.72
1791116982 25422, 0, 61.32
1791116983 25422, 4, 61.72
1791116984 25422, 3, 63.52
1791116985 25422, 0, 63.67
1791116986 25422, 2, 63.39
1791116987 25422, 0, 63.34
1791116988 25422, 1, 63.79
1791116989 25422, 3, 63.17
1791116990 25422, 6, 61.84
1791116991 25422, 0, 62.67
1791116992 25422, 0, 62.86
1791116994 25422, 5, 62.57
1791116995 25422, 2, 62.19
1791116996 25422, 3, 63.80
1791116997 25422, 3, 62.49
1791116998 25422, 0, 62.91
1791116999 25422, 0, 62.93
1791117000 25422, 1, 63.14
1791117001 25422, 0, 62.85
1791117002 25422, 0, 62.36
1791117003 25422, 4, 63.06
1791117005 25422, 0, 62.92
1791117006 25422, 2, 62.53
1791117007 25422, 4, 62.63
1791117008 25422, 4, 61.51
1791117009 25422, 0, 61.06
1791117010 25422, 4, 61.69
1791117011 25422, 0, 62.73
1791117012 25422, 0, 62.89
1791117013 25422, 3, 62.66
1791117014 25422, 0, 63.29
1791117015 25422, 6, 63.73
1791117017 25422, 0, 63.47
1791117018 25422, 5, 63.00
1791117019 25422, 0, 63.50
1791117020 25422, 0, 63.53
1791117021 25422, 5, 63.47
1791117022 25422, 0, 63.35
1791117023 25422, 2, 63.35
1791117024 25422, 0, 62.15
1791117025 25422, 2, 61.81
1791117026 25422, 3, 61.94
1791117028 25422, 0, 63.06
1791117029 25422, 4, 63.75
1791117030 25422, 3, 63.76
1791117031 25422, 1, 63.20
1791117032 25422, 0, 62.89
1791117033 25422, 5, 63.25
1791117034 25422, 3, 62.93
1791117035 25422, 2, 63.24
1791117036 25422, 0, 62.84
1791117037 25422, 0, 62.84
1791117038 25422, 0, 63.36
1791117040 25422, 0, 62.19
1791117041 25426, 0, 62.11
1791117042 25428, 0, 63.13
1791117043 25430, 0, 63.10
1791117044 25430, 0, 62.53
1791117045 25430, 24, 74.51
1791117046 25430, 0, 62.58
1791117047 25430, 55, 131.64
1791117048 25430, 35, 127.43
1791117049 25436, 30, 131.19
1791117050 25436, 53, 153.01
1791117052 25436, 49, 153.95
1791117053 25436, 49, 154.56
1791117054 23104, 0, 102.05
1791117055 23104, 0, 83.24
1791117056 23104, 0, 63.56
1791117057 24220, 40, 116.43
1791117058 24220, 0, 101.90
1791117059 24230, 0, 69.76
1791117060 24230, 0, 62.82
1791117061 24230, 0, 63.25
1791117062 24230, 0, 63.66
1791117064 24230, 0, 63.29
1791117065 24230, 0, 63.71
1791117066 24230, 0, 63.12
1791117067 24254, 0, 74.77
1791117068 24396, 0, 81.31
1791117069 24398, 0, 64.12
1791117070 24398, 0, 62.93
1791117071 25600, 36, 86.29
1791117072 27800, 39, 139.82
1791117073 27830, 39, 140.82
1791117074 27830, 37, 144.16
1791117076 27878, 39, 148.42
1791117077 27878, 39, 144.49
1791117078 27888, 43, 148.81
1791117079 27888, 41, 144.60
1791117080 27968, 50, 153.73
1791117081 27968, 45, 133.86
1791117082 27968, 47, 145.50
1791117083 27968, 44, 146.68
1791117084 27968, 51, 145.61
1791117085 27968, 39, 149.96
1791117086 27968, 49, 144.60
1791117088 27968, 31, 146.57
1791117089 28468, 42, 140.16
1791117090 28468, 45, 156.32
1791117091 29712, 46, 149.98
1791117092 29744, 38, 150.13
1791117093 29744, 36, 143.40
1791117094 29824, 53, 159.74
1791117095 29824, 43, 152.02
1791117096 29836, 51, 154.00
1791117097 29836, 38, 145.73
1791117099 29836, 46, 146.45
1791117100 29836, 39, 146.67
1791117101 29842, 51, 145.60
1791117102 29842, 40, 148.62
1791117103 29842, 41, 147.37
1791117104 29842, 33, 140.92
1791117105 29842, 36, 134.56
1791117106 29842, 31, 142.17
1791117107 29842, 52, 142.26
1791117108 29848, 35, 143.53
1791117109 29848, 34, 138.98
1791117111 29848, 48, 139.53
1791117112 29848, 37, 143.58
1791117113 29848, 44, 137.07
1791117114 29848, 28, 141.46
1791117115 29848, 29, 132.59
1791117116 29848, 47, 140.09
1791117117 29848, 30, 145.86
1791117118 29848, 40, 149.13
1791117119 29848, 41, 144.92
1791117120 29848, 49, 148.26
1791117121 29848, 30, 147.55
1791117123 29848, 37, 145.29
1791117124 29848, 38, 150.39
1791117125 29848, 43, 141.38
1791117126 29848, 28, 143.99
1791117127 29848, 41, 142.35
1791117128 29848, 42, 151.82
1791117129 29848, 33, 141.55
1791117130 29848, 50, 155.83
1791117131 29848, 45, 149.91
1791117132 29848, 41, 149.67
1791117134 29850, 20, 141.55
1791117135 29850, 29, 129.12
1791117136 29850, 31, 145.27
1791117137 29850, 33, 138.56
1791117138 29850, 41, 140.12
1791117139 29850, 29, 143.08
1791117140 29850, 34, 135.42
1791117141 29850, 34, 143.60
1791117142 29850, 34, 137.42
1791117143 29850, 44, 144.90
1791117144 29850, 37, 141.45
1791117146 29850, 38, 138.46
1791117147 29850, 38, 143.93
1791117148 29850, 40, 141.46
1791117149 29850, 48, 152.91
1791117150 29850, 31, 139.69
1791117151 29850, 54, 143.25
1791117152 29850, 41, 149.74
1791117153 29850, 56, 148.45
1791117154 29850, 36, 151.05
1791117155 29850, 41, 141.85
1791117157 29850, 45, 149.88
1791117158 29850, 39, 143.84
1791117159 29850, 36, 148.50
1791117160 29850, 33, 140.64
1791117161 29850, 44, 137.46
1791117162 29850, 35, 150.31
1791117163 29850, 36, 141.16
1791117164 29850, 41, 142.82
1791117165 29850, 30, 137.79
1791117166 29850, 51, 136.92
1791117168 29850, 34, 150.07
1791117169 29850, 35, 139.99
1791117170 29850, 40, 154.43
1791117171 29850, 35, 140.98
1791117172 29850, 51, 151.77
1791117173 29850, 38, 147.82
1791117174 29850, 48, 150.10
1791117175 29850, 37, 139.69
1791117176 29850, 42, 153.17
1791117177 29850, 36, 146.90
1791117178 29850, 48, 143.67
1791117180 29856, 40, 150.20
1791117181 29856, 38, 141.45
1791117182 29856, 37, 160.25
1791117183 29856, 40, 146.45
1791117184 29856, 43, 145.31
1791117185 29856, 34, 146.24
1791117186 29856, 40, 141.69
1791117187 29856, 44, 154.57
1791117188 29856, 44, 154.58
1791117189 29856, 45, 155.04
1791117191 29856, 43, 148.35
1791117192 29856, 44, 144.54
1791117193 29856, 32, 141.92
1791117194 29856, 48, 138.88
1791117195 29856, 35, 151.31
1791117196 29856, 36, 143.16
1791117197 29856, 49, 144.26
1791117198 29856, 43, 155.06
1791117199 29856, 54, 152.77
1791117200 29856, 35, 150.97
1791117201 29856, 43, 145.59
1791117203 29856, 52, 155.65
1791117204 29856, 45, 154.00
1791117205 29856, 44, 150.82
1791117206 29856, 38, 144.83
1791117207 29856, 44, 148.87
1791117208 29856, 35, 143.97
1791117209 29856, 42, 150.94
1791117210 29856, 37, 140.69
1791117211 29856, 49, 153.17
1791117212 29856, 43, 151.32
1791117214 29856, 49, 153.35
1791117215 29856, 39, 150.90
1791117216 29856, 45, 152.63
1791117217 29856, 38, 147.28
1791117218 29856, 46, 152.05
1791117219 29856, 38, 147.52
1791117220 29856, 55, 157.73
1791117221 29856, 46, 155.50
1791117222 29856, 51, 156.78
1791117223 29856, 41, 149.95
1791117224 29856, 51, 152.55
1791117226 29856, 42, 151.30
1791117227 29856, 59, 155.51
1791117228 29856, 46, 156.49
1791117229 29856, 51, 155.94
1791117230 29856, 38, 149.90
1791117231 29856, 55, 147.96
1791117232 29856, 39, 150.61
1791117233 29856, 50, 150.14
1791117234 29856, 41, 150.46
1791117235 29856, 46, 149.49
1791117236 29856, 35, 157.92
1791117238 29856, 44, 147.73
1791117239 29856, 46, 159.01
1791117240 29856, 47, 151.02
1791117241 29856, 45, 153.42
1791117242 29856, 36, 145.50
1791117243 29856, 52, 150.55
1791117244 29856, 36, 147.66
1791117245 29856, 49, 158.11
1791117246 29856, 37, 148.45
1791117247 29856, 48, 147.45
1791117249 29856, 38, 149.82
1791117250 29856, 52, 147.24
1791117251 29856, 35, 148.82
1791117252 29856, 55, 150.94
1791117253 29856, 48, 161.64
1791117254 29856, 46, 154.43
1791117255 29856, 45, 154.85
1791117256 29856, 36, 144.53
1791117257 29856, 46, 157.35
1791117258 29856, 38, 150.40
1791117259 29856, 52, 150.77
1791117261 29856, 33, 149.93
1791117262 29856, 39, 146.22
1791117263 29856, 40, 150.17
1791117264 29856, 42, 142.59
1791117265 29856, 37, 167.90
1791117266 29856, 41, 150.34
1791117267 29856, 50, 156.05
1791117268 29876, 44, 159.01
1791117269 29876, 53, 158.21
1791117270 29876, 36, 152.64
1791117272 29876, 49, 147.19
1791117273 29876, 41, 152.96
1791117274 29876, 50, 150.96
1791117275 29876, 40, 148.11
1791117276 29876, 47, 148.54
1791117277 29876, 33, 150.43
1791117278 29876, 47, 148.26
1791117279 29876, 31, 144.82
1791117280 29876, 44, 142.23
1791117281 29876, 33, 144.48
1791117282 29876, 34, 138.45
1791117284 29876, 46, 147.39
1791117285 29876, 40, 152.58
1791117286 29876, 50, 154.92
1791117287 29876, 42, 151.54
1791117288 29876, 53, 152.29
1791117289 29876, 30, 151.01
1791117290 29876, 44, 147.38
1791117291 29876, 41, 151.04
1791117292 29876, 57, 154.97
1791117293 29876, 41, 164.64
1791117295 29876, 44, 157.46
1791117296 29876, 42, 156.80
1791117297 29876, 47, 148.11
1791117298 29876, 36, 155.24
1791117299 29876, 42, 149.86
1791117300 29882, 46, 157.67
1791117301 29882, 42, 153.88
1791117302 29882, 42, 167.12
1791117303 29882, 45, 152.08
1791117304 29882, 48, 153.96
1791117306 29882, 40, 153.20
1791117307 29882, 46, 147.20
1791117308 29882, 37, 145.68
1791117309 29882, 48, 152.54
1791117310 29882, 39, 151.79
1791117311 29882, 46, 147.92
1791117312 29882, 34, 145.27
1791117313 29882, 51, 156.87
1791117314 29882, 39, 159.63
1791117315 29882, 47, 152.77
1791117317 29882, 36, 154.18
1791117318 29882, 41, 148.67
1791117319 29882, 42, 156.61
1791117320 29882, 40, 151.41
1791117321 29882, 53, 167.61
1791117322 29882, 44, 158.63
1791117323 29882, 56, 156.60
1791117324 29882, 38, 164.34
1791117325 29882, 51, 155.69
1791117326 29882, 38, 153.91
1791117328 29882, 42, 149.21
1791117329 29882, 36, 152.73
1791117330 29882, 48, 149.31
1791117331 29882, 32, 144.64
1791117332 29882, 50, 145.34
1791117333 29882, 35, 151.69
1791117334 29882, 42, 146.93
1791117335 29882, 37, 152.85
1791117336 29882, 49, 149.79
1791117337 29882, 36, 161.45
1791117338 29882, 39, 151.44
1791117340 29882, 48, 156.45
1791117341 29882, 35, 143.92
1791117342 29882, 39, 146.85
1791117343 29882, 36, 144.44
1791117344 29882, 49, 151.35
1791117345 29882, 31, 147.72
1791117346 29882, 47, 147.47
1791117347 29882, 39, 147.32
1791117348 29882, 50, 150.54
1791117349 29882, 36, 147.54
1791117351 29882, 50, 148.75
1791117352 29882, 40, 154.92
1791117353 29882, 50, 150.12
1791117354 29882, 38, 158.39
1791117355 29882, 36, 151.56
1791117356 29882, 52, 155.48
1791117357 29882, 40, 157.49
1791117358 29882, 41, 154.88
1791117359 29882, 35, 144.09
1791117360 29882, 47, 147.03
1791117362 29882, 40, 148.33
1791117363 29882, 39, 142.69
1791117364 29882, 41, 146.74
1791117365 29882, 44, 144.62
1791117366 29882, 37, 152.00
1791117367 29882, 35, 145.82
1791117368 29882, 40, 155.02
1791117369 29882, 45, 147.76
1791117370 29882, 41, 153.99
1791117371 29882, 42, 153.00
1791117373 29882, 46, 150.21
1791117374 29882, 33, 147.92
1791117375 29882, 49, 146.51
1791117376 29882, 42, 151.89
1791117377 29882, 59, 156.78
1791117378 29882, 43, 165.86
1791117379 29882, 45, 155.38
1791117380 29882, 54, 155.31
1791117381 29882, 35, 144.30
1791117382 29882, 46, 147.63
1791117383 29882, 37, 151.43
1791117385 29882, 47, 150.03
1791117386 29882, 31, 154.02
1791117387 29882, 51, 148.99
1791117388 29882, 35, 156.78
1791117389 29882, 44, 152.36
1791117390 29882, 50, 157.23
1791117391 29882, 33, 147.19
1791117392 29882, 47, 155.33
1791117393 29882, 44, 150.55
1791117394 29882, 48, 154.04
1791117395 29882, 36, 146.97
1791117397 29882, 47, 144.86
1791117398 29882, 37, 164.36
1791117399 29882, 44, 152.80
1791117400 29882, 41, 152.34
1791117401 29882, 41, 150.93
1791117402 29882, 51, 150.62
1791117403 29882, 41, 155.29
1791117404 29882, 51, 146.89
1791117405 29882, 42, 153.13
1791117406 29882, 37, 149.16
1791117408 29882, 46, 151.04
1791117409 29882, 35, 146.28
1791117410 29882, 35, 149.61
1791117411 29882, 39, 152.65
1791117412 29882, 37, 148.76
1791117413 29882, 38, 147.52
1791117414 29882, 30, 140.12
1791117415 29882, 45, 148.32
1791117416 29882, 37, 148.20
1791117417 29882, 41, 143.64
1791117419 29882, 41, 157.95
1791117420 29882, 39, 147.40
1791117421 29882, 49, 157.60
1791117422 29882, 43, 150.10
1791117423 29882, 48, 157.39
1791117424 29882, 33, 144.17
1791117425 29882, 50, 146.11
1791117426 29882, 42, 156.49
1791117427 29882, 54, 150.52
1791117428 29882, 42, 156.33
1791117429 29882, 43, 148.42
1791117431 29882, 42, 161.98
1791117432 29882, 47, 158.38
1791117433 29882, 42, 163.07
1791117434 29882, 46, 154.79
1791117435 29882, 50, 155.10
1791117436 29882, 40, 149.38
1791117437 29882, 57, 154.76
1791117438 29882, 42, 162.56
1791117439 29882, 55, 154.59
1791117440 29882, 44, 162.38
1791117441 29882, 41, 153.66
1791117443 29882, 38, 155.41
1791117444 29882, 30, 142.02
1791117445 29882, 46, 151.64
1791117446 29882, 40, 146.88
1791117447 29882, 38, 145.88
1791117448 29882, 52, 152.47
1791117449 29882, 36, 151.00
1791117450 29882, 46, 152.34
1791117451 29882, 41, 155.69
1791117452 29882, 54, 154.20
1791117453 29882, 48, 159.74
1791117455 29882, 46, 149.07
1791117456 29882, 45, 155.17
1791117457 29882, 41, 145.23
1791117458 29882, 48, 159.20
1791117459 29882, 48, 156.76
1791117460 29882, 50, 160.95
1791117461 29882, 48, 151.23
1791117462 29882, 0, 147.61
1791117463 29882, 0, 88.44
1791117464 29882, 3, 82.10
1791117466 29882, 0, 67.30
1791117467 29882, 0, 66.97
1791117468 29882, 0, 66.83
1791117469 29882, 3, 66.81
1791117470 29882, 0, 66.78
1791117471 29882, 0, 66.85
1791117472 29882, 3, 66.12
1791117473 29882, 1, 66.24
1791117474 29882, 5, 66.51
1791117475 29882, 0, 67.09
1791117476 29882, 4, 66.73
1791117478 29882, 2, 66.15
1791117479 29882, 0, 66.17
1791117480 29882, 3, 66.65
1791117481 29882, 0, 66.07
1791117482 29882, 5, 66.15
1791117483 29882, 0, 65.89
1791117484 29882, 3, 66.31
1791117485 29882, 7, 66.42
1791117486 29882, 0, 66.19
1791117487 29882, 0, 66.35
1791117489 29882, 0, 66.13
1791117490 29882, 7, 65.81
1791117491 29882, 3, 65.48
1791117492 29882, 2, 65.41
1791117493 29882, 0, 65.61
1791117494 29882, 0, 65.38
1791117495 29882, 6, 67.46
1791117496 29882, 6, 66.87
1791117497 29882, 0, 65.91
1791117498 29882, 0, 65.69
1791117499 29882, 0, 65.85
