1791116765 2, 0, 64.38
1791116766 2, 0, 41.04
1791116767 4, 0, 30.06
1791116768 4, 0, 28.12
1791116769 4, 0, 17.31
1791116771 4, 0, 15.26
1791116772 4, 0, 15.45
1791116773 508, 1, 18.72
1791116774 508, 0, 65.03
1791116775 1550, 2, 65.00
1791116776 3792, 4, 70.63
1791116777 4272, 1, 69.92
1791116778 4752, 2, 70.01
1791116779 5712, 0, 73.29
1791116780 6672, 28, 72.85
1791116782 7612, 0, 72.38
1791116783 8092, 5, 73.63
1791116784 9052, 0, 72.84
1791116785 9852, 0, 69.06
1791116786 10472, 9, 72.88
1791116787 11412, 6, 71.34
1791116788 12372, 0, 71.74
1791116789 13172, 41, 69.87
1791116790 13852, 1, 72.47
1791116791 14752, 0, 72.32
1791116792 15712, 3, 72.78
1791116794 16672, 26, 70.96
1791116795 17612, 0, 69.99
1791116796 18572, 0, 72.34
1791116797 19512, 0, 71.78
1791116798 20292, 3, 69.52
1791116799 20932, 8, 70.24
1791116800 21412, 4, 73.99
1791116801 23612, 37, 70.85
1791116802 24572, 0, 65.69
1791116803 24572, 0, 64.26
1791116804 24612, 0, 63.78
1791116805 24612, 5, 64.85
1791116807 26052, 0, 66.37
1791116808 26052, 12, 71.11
1791116809 26052, 4, 70.91
1791116810 26052, 5, 65.50
1791116811 26052, 8, 64.88
1791116812 26092, 4, 64.51
1791116813 26092, 4, 64.29
1791116814 26092, 3, 64.19
1791116815 26092, 5, 65.15
1791116816 26092, 9, 64.07
1791116818 26092, 12, 64.37
1791116819 26092, 12, 64.32
1791116820 26092, 4, 64.10
1791116821 26092, 0, 63.82
1791116822 26092, 9, 64.07
1791116823 26092, 5, 67.45
1791116824 26092, 1, 69.45
1791116825 26092, 14, 64.45
1791116826 26092, 0, 64.92
1791116827 26092, 0, 64.37
1791116828 26092, 0, 64.00
1791116830 26092, 14, 63.91
1791116831 26092, 7, 64.27
1791116832 26092, 0, 63.77
1791116833 26092, 31, 63.63
1791116834 26092, 2, 63.31
1791116835 26092, 43, 63.35
1791116836 26092, 8, 63.84
1791116837 26092, 43, 68.20
1791116838 26092, 9, 64.47
1791116839 26092, 30, 64.05
1791116840 26092, 32, 63.68
1791116842 26092, 35, 63.66
1791116843 26092, 43, 63.52
1791116844 26092, 0, 63.90
1791116845 26092, 19, 64.03
1791116846 26092, 0, 63.92
1791116847 26092, 13, 64.79
1791116848 26092, 0, 64.65
1791116849 26092, 5, 63.88
1791116850 26092, 0, 63.81
1791116851 26092, 1, 64.09
1791116852 26092, 27, 63.83
1791116854 26092, 29, 63.81
1791116855 26092, 9, 63.06
1791116856 26092, 6, 62.72
1791116857 26092, 8, 63.03
1791116858 26092, 11, 63.48
1791116859 26092, 2, 63.15
1791116860 26092, 0, 63.50
1791116861 26092, 0, 63.91
1791116862 26092, 0, 63.92
1791116863 26092, 2, 64.11
1791116865 26092, 14, 64.06
1791116866 26092, 0, 64.39
1791116867 26092, 0, 64.49
1791116868 26092, 0, 63.78
1791116869 26092, 6, 63.80
1791116870 26092, 30, 63.61
1791116871 26092, 6, 63.56
1791116872 26092, 0, 64.32
1791116873 26092, 32, 63.88
1791116874 26092, 18, 63.41
1791116875 26092, 0, 63.99
1791116876 26092, 10, 63.90
1791116878 26092, 14, 64.07
1791116879 26092, 19, 63.69
1791116880 26092, 1, 64.64
1791116881 26092, 0, 73.88
1791116882 26092, 19, 70.97
1791116883 26092, 1, 63.89
1791116884 26092, 0, 63.86
1791116885 26092, 11, 63.57
1791116886 26092, 22, 63.47
1791116887 26092, 0, 63.30
1791116889 26092, 28, 63.58
1791116890 26092, 0, 63.25
1791116891 26092, 5, 62.60
1791116892 26092, 0, 62.14
1791116893 26092, 0, 63.28
1791116894 26092, 24, 71.74
1791116895 26092, 10, 81.64
1791116896 26092, 10, 63.62
1791116897 26092, 7, 64.46
1791116898 26144, 0, 65.43
1791116899 27066, 31, 139.83
1791116901 25928, 30, 183.09
1791116902 29860, 20, 135.67
1791116903 30126, 29, 147.90
1791116904 30174, 30, 160.36
1791116905 30934, 43, 189.44
1791116906 30934, 21, 186.97
1791116907 30934, 0, 143.25
1791116908 30934, 18, 122.30
1791116909 31554, 22, 129.93
1791116910 32062, 39, 184.46
1791116912 32100, 0, 137.51
1791116913 32095, 0, 85.55
