1791115969 2, 0, 62.31
1791115970 2, 0, 56.05
1791115971 4, 0, 37.63
1791115972 4, 0, 34.75
1791115973 4, 0, 19.77
1791115974 4, 0, 18.81
1791115976 4, 0, 16.31
1791115977 4, 0, 15.34
1791115978 4, 0, 14.43
1791115979 4, 0, 14.31
1791115980 672, 0, 14.27
1791115981 672, 0, 36.75
1791115982 672, 0, 64.25
1791115983 672, 0, 63.40
1791115984 672, 0, 64.14
1791115985 740, 0, 63.98
1791115987 740, 0, 64.14
1791115988 740, 0, 63.60
1791115989 19020, 0, 64.90
1791115990 19022, 4, 66.78
1791115991 19022, 1, 64.64
1791115992 19040, 29, 72.83
1791115993 19058, 33, 77.57
1791115994 19072, 33, 85.00
1791115995 19094, 33, 89.26
1791115996 19112, 38, 79.31
1791115997 19130, 40, 89.07
1791115999 19324, 30, 97.17
1791116000 20618, 37, 92.93
1791116001 20648, 0, 72.57
1791116002 20648, 0, 64.00
1791116003 20648, 0, 64.07
1791116004 19568, 2, 64.40
1791116005 19568, 0, 63.85
1791116006 19568, 0, 64.14
1791116007 19568, 0, 64.15
1791116008 19574, 0, 64.68
1791116010 19774, 4, 64.94
1791116011 19954, 1, 63.03
1791116012 20114, 1, 64.22
1791116013 20274, 0, 64.43
1791116014 20434, 5, 64.47
1791116015 20594, 1, 64.00
1791116016 20734, 5, 64.64
1791116017 20874, 0, 64.69
1791116018 21034, 1, 64.79
1791116019 21174, 1, 64.33
1791116021 23122, 2, 64.01
1791116022 23102, 0, 63.82
1791116023 23102, 14, 66.39
1791116024 23102, 4, 71.89
1791116025 23102, 10, 71.47
1791116026 23102, 7, 65.63
1791116027 25422, 16, 65.93
1791116028 25422, 4, 64.27
1791116029 25422, 13, 64.49
1791116030 25422, 7, 64.77
1791116032 25422, 5, 64.73
1791116033 25422, 11, 64.57
1791116034 25422, 14, 64.56
1791116035 25422, 0, 64.31
1791116036 25422, 0, 64.22
1791116037 25422, 8, 63.49
1791116038 25422, 0, 64.27
1791116039 25422, 19, 65.46
1791116040 25422, 6, 66.10
1791116041 25422, 2, 65.28
1791116042 25422, 0, 64.76
1791116044 25422, 0, 64.61
1791116045 25422, 2, 64.31
1791116046 25422, 6, 64.43
1791116047 25422, 14, 64.56
1791116048 25422, 26, 68.74
1791116049 25422, 0, 69.69
1791116050 25422, 50, 64.84
1791116051 25422, 0, 73.15
1791116052 25422, 16, 73.14
1791116053 25422, 13, 64.38
1791116054 25422, 0, 64.17
1791116056 25422, 0, 64.38
1791116057 25422, 0, 63.22
1791116058 25422, 0, 63.49
1791116059 25422, 13, 62.60
1791116060 25422, 0, 63.83
1791116061 25422, 14, 63.58
1791116062 25422, 0, 62.88
1791116063 25422, 12, 63.12
1791116064 25422, 2, 63.56
1791116065 25422, 0, 63.45
1791116066 25422, 2, 63.15
1791116068 25422, 0, 63.19
1791116069 25422, 25, 63.11
1791116070 25422, 10, 63.41
1791116071 25422, 0, 63.86
1791116072 25422, 0, 63.83
1791116073 25422, 0, 63.66
1791116074 25422, 0, 64.23
1791116075 25422, 29, 77.36
1791116076 25422, 45, 85.29
1791116077 25422, 0, 83.38
1791116079 25422, 23, 63.10
1791116080 25422, 0, 63.74
1791116081 25422, 0, 64.04
1791116082 25422, 6, 76.74
1791116083 25422, 0, 79.19
1791116084 25422, 0, 64.51
1791116085 25422, 26, 64.19
1791116086 25422, 7, 73.49
1791116087 25422, 18, 77.13
1791116088 25422, 5, 64.65
1791116089 25422, 0, 64.41
1791116091 25422, 10, 64.00
1791116092 25422, 9, 64.26
1791116093 25422, 0, 64.48
1791116094 25422, 5, 64.62
1791116095 25422, 6, 64.29
1791116096 25422, 0, 64.33
1791116097 25422, 1, 64.33
1791116098 25422, 27, 64.07
1791116099 25422, 0, 64.12
1791116100 25422, 0, 63.98
1791116101 25426, 0, 63.96
1791116103 25428, 0, 128.61
1791116104 25428, 0, 108.02
1791116105 25642, 1, 146.05
1791116106 25642, 0, 125.94
1791116107 25642, 36, 174.73
1791116108 25642, 3, 167.11
1791116109 25642, 55, 175.90
1791116110 25642, 38, 185.47
1791116111 25642, 0, 146.15
1791116113 25642, 0, 105.88
1791116114 25642, 0, 104.33
1791116115 25642, 0, 85.68
1791116116 25642, 0, 96.25
1791116117 25642, 0, 82.23
1791116118 25642, 0, 63.70
1791116119 25642, 0, 65.11
1791116120 25644, 0, 118.85
1791116121 25644, 0, 108.99
1791116122 25644, 0, 130.54
1791116123 25644, 0, 124.96
1791116125 25644, 0, 127.04
1791116126 25644, 0, 109.01
1791116127 25644, 0, 130.60
1791116128 25644, 0, 106.15
1791116129 25644, 40, 131.33
1791116130 25644, 0, 174.97
1791116131 25644, 44, 162.52
1791116132 25644, 0, 129.00
1791116133 25644, 0, 95.29
1791116134 25644, 0, 73.78
1791116136 25644, 53, 122.51
1791116137 25646, 0, 130.38
1791116138 25652, 0, 131.45
1791116139 25652, 47, 143.96
1791116140 25652, 41, 147.15
1791116141 25652, 41, 143.67
1791116142 25652, 42, 142.89
1791116143 23320, 0, 87.39
1791116144 24424, 0, 82.72
1791116145 24428, 0, 65.46
1791116147 24454, 44, 120.89
1791116148 24454, 0, 86.43
1791116149 24456, 0, 67.76
1791116150 24496, 9, 67.29
1791116151 24618, 48, 118.94
1791116152 24618, 27, 160.03
1791116153 24618, 0, 121.85
1791116154 24620, 0, 130.38
1791116155 24620, 0, 128.22
1791116156 24620, 61, 109.96
1791116158 24620, 86, 132.55
1791116159 24620, 0, 132.40
1791116160 24620, 0, 107.22
1791116161 24620, 0, 108.68
1791116162 24620, 0, 96.84
1791116163 24620, 0, 109.49
1791116164 24620, 0, 87.08
1791116165 24620, 0, 111.44
1791116166 24620, 19, 108.25
1791116167 24620, 0, 87.22
1791116168 24620, 0, 78.84
1791116170 24620, 0, 110.71
1791116171 24620, 0, 77.99
1791116172 24620, 0, 92.17
1791116173 24620, 0, 96.00
1791116174 24620, 0, 87.05
1791116175 24620, 0, 91.26
1791116176 24620, 0, 65.78
1791116177 24620, 0, 88.82
1791116178 24620, 0, 85.07
1791116179 24620, 0, 150.51
1791116181 24620, 26, 127.17
1791116182 24620, 0, 86.96
1791116183 25268, 41, 94.60
1791116184 25268, 0, 168.97
1791116185 25268, 73, 132.05
1791116186 25268, 2, 168.64
1791116187 25268, 79, 183.70
1791116188 25788, 69, 196.10
1791116189 27788, 33, 136.21
1791116190 28708, 52, 143.09
1791116192 28788, 42, 151.08
1791116193 28788, 34, 138.21
1791116194 28788, 49, 146.82
1791116195 28848, 45, 145.03
1791116196 28848, 48, 157.19
1791116197 28868, 47, 153.71
1791116198 28868, 33, 137.30
1791116199 29328, 53, 150.79
1791116200 29328, 40, 158.93
1791116201 30352, 41, 151.81
1791116203 30692, 49, 150.33
1791116204 30816, 40, 156.15
1791116205 30816, 39, 150.34
1791116206 30816, 47, 150.28
1791116207 30816, 36, 146.98
1791116208 30816, 37, 139.11
1791116209 30840, 38, 148.30
1791116210 30840, 40, 143.57
1791116211 30840, 57, 154.73
1791116212 30840, 46, 161.40
1791116213 30840, 48, 152.35
1791116215 30840, 31, 145.68
1791116216 30840, 35, 143.06
1791116217 30840, 50, 152.34
1791116218 30840, 46, 164.12
1791116219 30840, 45, 157.62
1791116220 30848, 41, 142.93
1791116221 30848, 33, 137.04
1791116222 30848, 49, 145.64
1791116223 30848, 44, 165.33
1791116224 30848, 48, 154.98
1791116226 30848, 56, 160.28
1791116227 30848, 42, 154.26
1791116228 30848, 44, 147.41
1791116229 30860, 34, 148.94
1791116230 30860, 43, 146.81
1791116231 30860, 55, 161.61
1791116232 30860, 46, 154.38
1791116233 30860, 54, 158.13
1791116234 30860, 41, 167.11
1791116235 30860, 40, 156.34
1791116237 30860, 47, 150.08
1791116238 30860, 44, 148.98
1791116239 30860, 48, 147.68
1791116240 30860, 52, 168.65
1791116241 30860, 44, 160.35
1791116242 30860, 56, 161.89
1791116243 30860, 38, 159.20
1791116244 30860, 40, 151.20
1791116245 30860, 43, 156.69
1791116247 30860, 33, 141.26
1791116248 30860, 51, 149.09
1791116249 30860, 40, 155.76
1791116250 30860, 46, 149.65
1791116251 30860, 44, 173.86
1791116252 30860, 43, 159.30
1791116253 30860, 33, 144.32
1791116254 30862, 43, 151.38
1791116255 30862, 42, 163.59
1791116256 30862, 43, 159.05
1791116258 30862, 45, 158.86
1791116259 30862, 36, 139.33
1791116260 30862, 48, 144.53
1791116261 30862, 33, 161.01
1791116262 30862, 40, 149.70
1791116263 30862, 44, 152.76
1791116264 30862, 42, 168.36
1791116265 30862, 40, 161.19
1791116266 30862, 53, 156.46
1791116267 30862, 41, 148.26
1791116268 30862, 57, 155.55
1791116270 30862, 39, 156.00
1791116271 30862, 55, 154.17
1791116272 30862, 37, 150.63
1791116273 30862, 37, 140.79
1791116274 30862, 49, 147.54
1791116275 30862, 38, 163.79
1791116276 30862, 50, 162.54
1791116277 30862, 36, 157.23
1791116278 30862, 43, 146.63
1791116279 30862, 54, 153.18
1791116281 30862, 46, 171.39
1791116282 30862, 46, 157.33
1791116283 30862, 47, 154.37
1791116284 30862, 37, 143.61
1791116285 30862, 40, 144.96
1791116286 30862, 54, 162.84
1791116287 30862, 43, 153.19
1791116288 30862, 50, 152.61
1791116289 30862, 33, 149.78
1791116290 30862, 32, 139.62
1791116292 30862, 49, 146.69
1791116293 30862, 41, 143.86
1791116294 30862, 46, 146.48
1791116295 30862, 42, 170.14
1791116296 30862, 48, 158.73
1791116297 30862, 53, 161.04
1791116298 30862, 44, 158.62
1791116299 30862, 42, 149.42
1791116300 30862, 52, 154.51
1791116301 30862, 45, 152.81
1791116303 30862, 48, 153.58
1791116304 30862, 43, 168.88
1791116305 30862, 42, 159.28
1791116306 30862, 49, 159.22
1791116307 30862, 37, 149.16
1791116308 30862, 45, 146.69
1791116309 30862, 36, 148.76
1791116310 30862, 38, 145.01
1791116311 30862, 47, 149.85
1791116312 30862, 43, 156.98
1791116314 30862, 43, 152.41
1791116315 30862, 37, 157.55
1791116316 30862, 37, 144.93
1791116317 30862, 48, 148.76
1791116318 30862, 36, 156.78
1791116319 30862, 37, 147.05
1791116320 30862, 47, 140.48
1791116321 30862, 42, 165.48
1791116322 30862, 38, 156.32
1791116323 30862, 49, 154.88
1791116325 30862, 35, 161.19
1791116326 30862, 42, 151.41
1791116327 30862, 48, 173.10
1791116328 30862, 42, 162.31
1791116329 30862, 44, 155.87
1791116330 30862, 34, 159.84
1791116331 30862, 47, 152.57
1791116332 30862, 38, 171.38
1791116333 30862, 40, 158.35
1791116334 30862, 45, 156.73
1791116335 30862, 37, 160.28
1791116337 30862, 42, 153.13
1791116338 30862, 55, 166.45
1791116339 30862, 48, 168.82
1791116340 30862, 47, 165.44
1791116341 30862, 46, 160.90
1791116342 30862, 30, 147.98
1791116343 30862, 46, 151.61
1791116344 30862, 34, 145.49
1791116345 30862, 40, 143.03
1791116346 30862, 56, 158.30
1791116348 30862, 39, 162.91
1791116349 30862, 47, 157.85
1791116350 30862, 42, 156.79
1791116351 30862, 46, 155.37
1791116352 30862, 42, 155.08
1791116353 30862, 35, 145.77
1791116354 30862, 47, 147.83
1791116355 30862, 38, 156.71
1791116356 30862, 43, 149.02
1791116357 30862, 48, 151.25
1791116359 30862, 35, 159.64
1791116360 30862, 45, 151.90
1791116361 30862, 44, 160.24
1791116362 30862, 36, 146.08
1791116363 30862, 53, 144.79
1791116364 30862, 43, 157.38
1791116365 30862, 37, 150.13
1791116366 30862, 45, 155.60
1791116367 30862, 40, 147.14
1791116368 30862, 41, 147.11
1791116370 30862, 50, 151.72
1791116371 30862, 37, 147.62
1791116372 30862, 42, 145.07
1791116373 30862, 47, 162.89
1791116374 30862, 38, 155.65
1791116375 30862, 61, 159.53
1791116376 30862, 43, 171.27
1791116377 30862, 45, 158.55
1791116378 30862, 52, 156.88
1791116379 30862, 40, 166.85
1791116381 30862, 41, 155.81
1791116382 30862, 52, 168.55
1791116383 30862, 39, 156.66
1791116384 30862, 40, 154.27
1791116385 30862, 47, 176.71
1791116386 30862, 41, 165.58
1791116387 30862, 44, 152.67
1791116388 30862, 40, 153.50
1791116389 30862, 37, 147.25
1791116390 30862, 50, 150.73
1791116392 30882, 49, 181.29
1791116393 30882, 51, 168.44
1791116394 30882, 56, 175.77
1791116395 30882, 46, 165.55
1791116396 30882, 55, 160.86
1791116397 30882, 43, 166.74
1791116398 30882, 36, 147.73
1791116399 30882, 43, 148.39
1791116400 30882, 35, 151.34
1791116401 30882, 34, 143.97
1791116403 30882, 51, 155.47
1791116404 30882, 38, 162.84
1791116405 30882, 41, 155.61
1791116406 30882, 50, 160.16
1791116407 30882, 47, 160.65
1791116408 30882, 47, 156.86
1791116409 30882, 45, 171.62
1791116410 30882, 46, 159.48
1791116411 30882, 57, 167.70
1791116412 30882, 43, 173.51
1791116414 30882, 39, 155.55
1791116415 30882, 45, 164.19
1791116416 30882, 45, 165.57
1791116417 30882, 50, 159.93
1791116418 30882, 48, 166.77
1791116419 30882, 41, 157.10
1791116420 30882, 46, 154.65
1791116421 30882, 46, 148.20
1791116422 30882, 57, 160.99
1791116423 30882, 46, 160.52
1791116425 30882, 53, 156.18
1791116426 30882, 50, 137.42
1791116427 30882, 0, 89.28
1791116428 30882, 9, 88.98
1791116429 30882, 0, 82.97
1791116430 30882, 54, 69.48
1791116431 30882, 0, 69.74
1791116432 30882, 0, 67.96
1791116433 30882, 0, 67.97
1791116434 30882, 23, 69.25
1791116435 30882, 0, 70.34
1791116437 30882, 15, 68.61
1791116438 30882, 0, 68.08
1791116439 30882, 37, 67.68
1791116440 30882, 0, 67.46
1791116441 30882, 0, 66.80
1791116442 30882, 64, 66.99
1791116443 30882, 0, 66.94
1791116444 30882, 0, 66.71
1791116445 30882, 0, 66.72
1791116446 30882, 2, 67.00
1791116447 30882, 1, 67.01
1791116449 30882, 57, 66.70
1791116450 30882, 0, 66.81
1791116451 30882, 4, 66.45
1791116452 30882, 38, 66.35
1791116453 30882, 4, 66.44
1791116454 30882, 0, 66.55
1791116455 30882, 0, 66.46
1791116456 30882, 12, 66.23
1791116457 30882, 0, 66.72
1791116458 30882, 0, 66.86
1791116459 30882, 15, 68.01
1791116461 30882, 15, 66.63
1791116462 30882, 0, 66.40
1791116463 30882, 0, 66.36
1791116464 30882, 0, 66.01
1791116465 30879, 0, 66.39
