1791209871 2, 0, 10.06
1791209872 2, 0, 10.18
1791209873 4, 0, 11.97
1791209874 4, 0, 13.86
1791209876 4, 0, 13.02
1791209877 4, 0, 13.77
1791209878 4, 0, 13.04
1791209879 4, 0, 10.61
1791209880 508, 0, 10.71
1791209881 3770, 19, 68.03
1791209882 5590, 30, 74.24
1791209883 6650, 34, 75.03
1791209885 7690, 34, 74.31
1791209886 8750, 35, 74.46
1791209887 9790, 24, 75.92
1791209888 11230, 33, 76.01
1791209889 12270, 34, 74.79
1791209890 13350, 34, 75.55
1791209891 14730, 35, 74.71
1791209892 15770, 27, 75.32
1791209893 17170, 34, 75.54
1791209894 18210, 34, 75.36
1791209896 19610, 35, 77.28
1791209897 20310, 34, 75.98
1791209898 21612, 21, 67.80
1791209899 21612, 0, 64.14
1791209900 21612, 0, 63.72
1791209901 21612, 2, 63.83
1791209902 21612, 2, 65.17
1791209903 21612, 2, 65.20
1791209904 21612, 2, 65.15
1791209905 21612, 2, 64.98
1791209907 21612, 2, 65.00
1791209908 21612, 2, 64.90
1791209909 21640, 0, 68.43
1791209910 21640, 4, 73.42
1791209911 21640, 3, 76.49
1791209912 21642, 4, 64.93
1791209913 21642, 7, 64.00
1791209914 21642, 6, 63.89
1791209915 21642, 0, 63.51
1791209916 21642, 0, 63.54
1791209918 21642, 0, 63.66
1791209919 21642, 0, 63.60
1791209920 21642, 7, 63.85
1791209921 21642, 1, 63.73
1791209922 21642, 6, 63.77
1791209923 21642, 0, 64.26
1791209924 21642, 5, 64.09
1791209925 21642, 0, 63.60
1791209926 21642, 2, 63.34
1791209928 21642, 2, 63.24
1791209929 21642, 3, 63.38
1791209930 21642, 3, 63.66
1791209931 21642, 0, 63.29
1791209932 21642, 1, 63.11
1791209933 21642, 0, 62.99
1791209934 21642, 0, 63.47
1791209935 21642, 0, 63.71
1791209936 21642, 0, 63.34
1791209937 21642, 5, 63.35
1791209939 21642, 0, 63.41
1791209940 21642, 3, 63.30
1791209941 21642, 0, 63.35
1791209942 21642, 5, 63.38
1791209943 21642, 5, 63.28
1791209944 21642, 4, 63.31
1791209945 21642, 7, 63.41
1791209946 21642, 0, 63.36
1791209947 21642, 3, 63.56
1791209948 21642, 3, 63.24
1791209950 21642, 3, 63.16
1791209951 21642, 0, 63.18
1791209952 21642, 3, 63.21
1791209953 21642, 2, 63.32
1791209954 21642, 4, 63.28
1791209955 21642, 3, 63.36
1791209956 21642, 5, 63.32
1791209957 21642, 1, 63.26
1791209958 21642, 0, 63.59
1791209959 21642, 0, 63.84
1791209961 21642, 0, 63.47
1791209962 21642, 0, 63.47
1791209963 21642, 7, 63.41
1791209964 21642, 0, 63.35
1791209965 21642, 5, 63.44
1791209966 21642, 0, 63.48
1791209967 21642, 2, 63.30
1791209968 21642, 6, 63.50
1791209969 21642, 3, 63.49
1791209970 21642, 7, 63.47
1791209972 21642, 0, 63.68
1791209973 21642, 3, 63.61
1791209974 21642, 4, 63.58
1791209975 21642, 4, 63.26
1791209976 21642, 7, 63.36
1791209977 21642, 0, 63.31
1791209978 21642, 5, 63.60
1791209979 21642, 4, 63.56
1791209980 21642, 4, 63.71
1791209981 21642, 7, 63.64
1791209983 21642, 0, 63.77
1791209984 21642, 2, 64.04
1791209985 21642, 3, 63.47
1791209986 21654, 2, 63.55
1791209987 21656, 0, 64.56
1791209988 23096, 0, 64.91
1791209989 23096, 0, 66.27
1791209990 23316, 7, 66.67
1791209991 23998, 14, 69.16
1791209992 23998, 0, 138.36
1791209994 24958, 0, 96.96
1791209995 27358, 94, 352.00
1791209996 27358, 96, 474.93
1791209997 27358, 96, 484.24
1791209998 27358, 96, 481.85
1791209999 27358, 96, 483.01
1791210000 23918, 96, 472.87
1791210001 26186, 0, 378.38
1791210002 26188, 0, 105.22
1791210004 26190, 0, 94.74
1791210005 26196, 68, 144.84
1791210006 28220, 98, 207.80
1791210007 29080, 98, 510.42
1791210008 29080, 96, 503.65
1791210009 30394, 99, 501.07
1791210010 30394, 98, 534.97
1791210011 30440, 100, 459.43
1791210012 30440, 98, 511.88
1791210014 30440, 82, 502.17
1791210015 30440, 98, 484.30
1791210016 30440, 82, 492.30
1791210017 30440, 98, 494.39
1791210018 30440, 99, 516.48
1791210019 30460, 96, 514.69
1791210020 30854, 98, 481.83
1791210021 30854, 84, 512.45
1791210022 30854, 0, 366.46
1791210024 30882, 99, 468.59
1791210025 30882, 98, 514.39
1791210026 30882, 97, 486.18
1791210027 31762, 98, 535.20
1791210028 31762, 81, 486.49
1791210029 31762, 98, 518.75
1791210030 31762, 87, 512.80
1791210031 31762, 98, 477.73
1791210032 31762, 98, 525.00
1791210034 31762, 83, 505.21
1791210035 31762, 98, 487.37
1791210036 31762, 95, 530.98
1791210037 31762, 76, 491.15
1791210038 31762, 98, 487.82
1791210039 31762, 95, 511.57
1791210040 31762, 84, 515.64
1791210041 31762, 98, 524.85
1791210043 31762, 98, 482.49
1791210044 31762, 99, 488.52
1791210045 31762, 95, 523.88
1791210046 31762, 99, 493.94
1791210047 31762, 98, 534.87
1791210048 31762, 90, 504.51
1791210049 31762, 98, 510.92
1791210050 31762, 95, 526.04
1791210051 31762, 99, 481.20
1791210053 31762, 98, 501.93
1791210054 31762, 96, 527.82
1791210055 31928, 98, 504.78
1791210056 31928, 99, 547.00
1791210057 31928, 99, 483.19
1791210058 31928, 86, 491.90
1791210059 31928, 81, 512.66
1791210060 31928, 98, 472.96
1791210061 31928, 98, 522.34
1791210063 31928, 96, 500.75
1791210064 31928, 98, 478.18
1791210065 31928, 84, 538.31
1791210066 31928, 96, 366.19
1791210067 31928, 98, 502.04
1791210068 31928, 96, 547.55
1791210069 31928, 98, 501.72
1791210070 31928, 98, 547.42
1791210072 31928, 96, 489.06
1791210073 31928, 84, 516.88
1791210074 31928, 99, 525.72
1791210075 31928, 95, 474.70
1791210076 31928, 99, 494.92
1791210077 31928, 95, 521.02
1791210078 31968, 98, 499.13
1791210079 31968, 96, 532.74
1791210080 31968, 84, 504.39
1791210082 31988, 98, 533.16
1791210083 31988, 95, 508.53
1791210084 31988, 98, 499.80
1791210085 31988, 96, 519.60
1791210086 31988, 85, 498.75
1791210087 31988, 98, 510.31
1791210088 31988, 96, 524.18
1791210089 31988, 99, 509.14
1791210090 31988, 99, 547.12
1791210092 31988, 96, 482.52
1791210093 31988, 98, 502.19
1791210094 31988, 93, 518.44
1791210095 31988, 99, 490.38
1791210096 31988, 99, 515.22
1791210097 31988, 96, 505.63
1791210098 31988, 98, 500.08
1791210099 31988, 96, 527.71
1791210100 31988, 68, 484.40
1791210102 31988, 98, 497.05
1791210103 31988, 96, 529.30
1791210104 31988, 85, 511.66
1791210105 31988, 86, 529.94
1791210106 31988, 98, 501.57
1791210107 31988, 99, 525.72
1791210108 31988, 29, 457.62
1791210109 31988, 98, 384.66
1791210111 31988, 99, 516.51
1791210112 31988, 96, 517.12
1791210113 31988, 98, 502.42
1791210114 31988, 96, 527.84
1791210115 31988, 99, 490.47
1791210116 31988, 98, 524.89
1791210117 31988, 96, 508.61
1791210118 31988, 99, 505.02
1791210119 31988, 96, 516.45
1791210121 31988, 98, 504.60
1791210122 31988, 98, 508.92
1791210123 31988, 97, 487.03
1791210124 31988, 98, 503.48
1791210125 31988, 98, 527.81
1791210126 31988, 99, 487.28
1791210127 31988, 85, 492.57
1791210128 31988, 95, 513.64
1791210129 31988, 0, 386.93
1791210131 31988, 98, 474.75
1791210132 31988, 96, 512.82
1791210133 31988, 99, 520.72
1791210134 31988, 85, 540.55
1791210135 31988, 98, 495.58
1791210136 31988, 98, 501.69
1791210137 31988, 96, 506.23
1791210138 31988, 97, 523.09
1791210140 31988, 86, 542.54
1791210141 31988, 98, 494.74
1791210142 31988, 98, 523.97
1791210143 31988, 83, 492.12
1791210144 31988, 98, 518.82
1791210145 31988, 98, 547.26
1791210146 31988, 99, 495.96
1791210147 31988, 99, 546.01
1791210148 31988, 88, 499.51
1791210150 31988, 99, 521.16
1791210151 31988, 99, 526.24
1791210152 31988, 5, 430.73
1791210153 31988, 99, 427.89
1791210154 31988, 52, 520.91
1791210155 31988, 99, 493.45
1791210156 31988, 99, 484.73
1791210157 31988, 96, 497.19
1791210158 31988, 98, 510.79
1791210160 31988, 98, 526.05
1791210161 31988, 82, 505.51
1791210162 31988, 99, 536.75
1791210163 31988, 96, 520.93
1791210164 31988, 98, 508.20
1791210165 31988, 98, 548.84
1791210166 31988, 98, 500.79
1791210167 31988, 98, 525.77
1791210169 31988, 96, 515.48
1791210170 31988, 98, 506.17
1791210171 31988, 98, 547.40
1791210172 31988, 86, 498.83
1791210173 31988, 98, 539.67
1791210174 31988, 95, 505.89
1791210175 31988, 98, 517.63
1791210176 31988, 96, 513.08
1791210177 31988, 98, 397.72
1791210179 31988, 98, 525.65
1791210180 31988, 96, 535.07
1791210181 31988, 99, 512.91
1791210182 31988, 98, 547.20
1791210183 31988, 100, 498.02
1791210184 31988, 98, 527.59
1791210185 31988, 88, 544.02
1791210186 31988, 98, 508.67
1791210187 31988, 98, 547.71
1791210189 31988, 82, 497.07
1791210190 31988, 98, 486.62
1791210191 31988, 96, 529.87
1791210192 31988, 85, 495.45
1791210193 31988, 98, 507.83
1791210194 31988, 96, 520.83
1791210195 31988, 98, 527.25
1791210196 31988, 96, 533.09
1791210198 31988, 86, 505.66
1791210199 31988, 99, 528.56
1791210200 31988, 96, 507.37
1791210201 31988, 98, 526.65
1791210202 31988, 96, 531.90
1791210203 31988, 98, 387.41
1791210204 31988, 98, 527.54
1791210205 31988, 95, 530.95
1791210206 31988, 99, 521.14
1791210208 31988, 87, 540.88
1791210209 31988, 99, 502.66
1791210210 31988, 98, 526.88
1791210211 31988, 96, 487.64
1791210212 31988, 98, 523.38
1791210213 31988, 86, 540.29
1791210214 31988, 99, 499.62
1791210215 31988, 99, 524.96
1791210216 31988, 82, 494.52
1791210218 31988, 98, 514.16
1791210219 31988, 98, 526.47
1791210220 31988, 98, 497.63
1791210221 31988, 98, 547.81
1791210222 31988, 96, 501.65
1791210223 31988, 98, 508.57
1791210224 31988, 98, 548.94
1791210225 31988, 99, 393.29
1791210226 31988, 98, 527.05
1791210228 31988, 96, 526.06
1791210229 31988, 98, 498.96
1791210230 31988, 96, 538.71
1791210231 31988, 98, 508.30
1791210232 31988, 98, 527.18
1791210233 31988, 96, 512.05
1791210234 31988, 98, 525.89
1791210235 31988, 96, 537.40
1791210237 31988, 98, 509.92
1791210238 31988, 99, 528.00
1791210239 31988, 96, 525.03
1791210240 32088, 99, 529.21
1791210241 32088, 96, 533.87
1791210242 32088, 99, 506.53
1791210243 32088, 99, 506.68
1791210244 32088, 96, 488.00
1791210245 32088, 99, 523.62
1791210247 32088, 87, 542.51
1791210248 32088, 49, 373.73
1791210249 32088, 98, 498.25
1791210250 32088, 94, 527.02
1791210251 32088, 98, 501.40
1791210252 32088, 98, 547.37
1791210253 32088, 83, 497.57
1791210254 32088, 99, 501.47
1791210255 32088, 96, 514.68
1791210257 32088, 85, 492.97
1791210258 32088, 98, 517.32
1791210259 32088, 99, 502.19
1791210260 32088, 98, 527.83
1791210261 32088, 95, 527.73
1791210262 32088, 98, 500.83
1791210263 32088, 98, 538.58
1791210264 32088, 99, 506.19
1791210265 32088, 98, 526.51
1791210267 32088, 95, 515.21
1791210268 32088, 86, 505.45
1791210269 32088, 88, 542.65
1791210270 32088, 0, 398.47
1791210271 32088, 98, 460.28
1791210272 32088, 98, 546.38
1791210273 32088, 99, 497.41
1791210274 32088, 98, 548.00
1791210276 32088, 96, 506.17
1791210277 32088, 98, 524.02
1791210278 32088, 89, 546.92
1791210279 32088, 98, 474.52
1791210280 32088, 98, 536.52
1791210281 32088, 96, 510.53
1791210282 32088, 98, 508.30
1791210283 32088, 96, 531.46
1791210284 32088, 85, 500.48
1791210286 32088, 98, 506.09
1791210287 32088, 96, 524.73
1791210288 32088, 98, 505.47
1791210289 32088, 95, 548.80
1791210290 32088, 99, 485.34
1791210291 32088, 98, 526.45
1791210292 32088, 23, 474.54
1791210293 32088, 99, 383.29
1791210295 32088, 98, 534.83
1791210296 32088, 95, 512.47
1791210297 32088, 98, 509.24
1791210298 32088, 96, 526.86
1791210299 32088, 98, 498.70
1791210300 32088, 98, 539.39
1791210301 32088, 95, 500.46
1791210302 32088, 98, 526.54
1791210303 32088, 81, 518.66
1791210305 32088, 98, 496.99
1791210306 32088, 98, 524.11
1791210307 32088, 96, 513.53
1791210308 32088, 98, 528.12
1791210309 32088, 96, 525.46
1791210310 32088, 98, 501.17
1791210311 32088, 98, 545.09
1791210312 32088, 98, 505.69
1791210313 32088, 98, 525.36
1791210315 32088, 96, 524.43
1791210316 32088, 99, 500.29
1791210317 32088, 96, 535.42
1791210318 32088, 99, 374.46
1791210319 32088, 98, 524.57
1791210320 32088, 96, 536.20
1791210321 32088, 98, 501.95
1791210322 32088, 98, 546.80
1791210323 32088, 96, 481.29
1791210325 32088, 99, 521.72
1791210326 32088, 87, 543.80
1791210327 32088, 99, 502.93
1791210328 32088, 98, 527.05
1791210329 32088, 87, 512.79
1791210330 32088, 98, 511.53
1791210331 32088, 98, 546.44
1791210332 32088, 98, 503.50
1791210334 32088, 98, 547.25
1791210335 32088, 95, 481.72
1791210336 32088, 99, 521.21
1791210337 32088, 95, 519.06
1791210338 32088, 99, 477.55
1791210339 32088, 98, 547.26
1791210340 32088, 0, 465.80
1791210341 32088, 98, 526.58
1791210342 32088, 96, 532.58
1791210344 32088, 85, 506.58
1791210345 32088, 98, 527.15
1791210346 32088, 96, 504.02
1791210347 32088, 98, 523.91
1791210348 32088, 95, 534.83
1791210349 32088, 85, 507.04
1791210350 32088, 98, 527.87
1791210351 32088, 98, 501.94
1791210352 32088, 98, 527.50
1791210354 32088, 96, 528.10
1791210355 32088, 98, 497.55
1791210356 32088, 98, 546.31
1791210357 32088, 99, 506.86
1791210358 32088, 98, 525.50
1791210359 32088, 96, 525.84
1791210360 32088, 98, 501.31
1791210361 32088, 96, 534.14
1791210362 32088, 84, 504.25
1791210364 32088, 98, 525.57
1791210365 32088, 95, 516.98
1791210366 32088, 98, 522.14
1791210367 32088, 56, 530.91
1791210368 32088, 99, 481.02
1791210369 32088, 98, 501.91
1791210370 32088, 96, 508.09
1791210371 32088, 98, 521.78
1791210373 32088, 88, 541.97
1791210374 32088, 99, 508.83
1791210375 32088, 98, 548.42
1791210376 32088, 81, 501.95
1791210377 32088, 98, 513.41
1791210378 32088, 98, 547.69
1791210379 32088, 99, 482.22
1791210380 32088, 98, 546.19
1791210381 32088, 82, 506.24
1791210383 32088, 98, 514.46
1791210384 32088, 98, 548.45
1791210385 32088, 98, 504.36
1791210386 32088, 98, 546.47
1791210387 32088, 98, 501.84
1791210388 32088, 99, 524.13
1791210389 32088, 53, 526.72
1791210390 32088, 86, 503.42
1791210391 32088, 98, 536.76
1791210393 32088, 96, 520.79
1791210394 32088, 99, 506.45
1791210395 32088, 99, 546.50
1791210396 32088, 99, 496.10
1791210397 32088, 98, 534.49
1791210398 32088, 88, 509.45
1791210399 32088, 98, 514.08
1791210400 32088, 96, 510.48
1791210401 32088, 99, 495.46
1791210403 32088, 98, 535.23
1791210404 32088, 82, 508.70
1791210405 32088, 99, 518.94
1791210406 32088, 96, 522.49
1791210407 32088, 98, 504.63
1791210408 32088, 99, 546.43
1791210409 32088, 96, 498.20
1791210410 32088, 98, 528.76
1791210411 32088, 0, 457.83
1791210413 32088, 86, 422.44
1791210414 32088, 98, 514.55
1791210415 32088, 98, 502.28
1791210416 32088, 98, 524.45
1791210417 32088, 96, 530.43
1791210418 32088, 86, 507.94
1791210419 32088, 99, 535.12
1791210420 32088, 99, 502.76
1791210421 32088, 98, 524.82
1791210423 32088, 87, 524.88
1791210424 32088, 99, 506.76
1791210425 32088, 98, 547.14
1791210426 32088, 99, 501.68
1791210427 32088, 98, 525.41
1791210428 32088, 96, 535.12
1791210429 32088, 99, 509.48
1791210430 32088, 98, 548.81
1791210432 32088, 98, 497.17
1791210433 32088, 98, 526.81
1791210434 32088, 96, 521.41
1791210435 32088, 98, 509.81
1791210436 32088, 98, 547.65
1791210437 32088, 96, 378.27
1791210438 32088, 99, 480.21
1791210439 32088, 95, 535.70
1791210440 32088, 99, 509.45
1791210442 32088, 98, 526.37
1791210443 32088, 96, 522.15
1791210444 32088, 98, 502.15
1791210445 32088, 96, 514.59
1791210446 32088, 98, 495.48
1791210447 32088, 98, 487.08
1791210448 32088, 96, 533.98
1791210449 32088, 98, 512.69
1791210450 32088, 98, 547.65
1791210452 32088, 97, 497.23
1791210453 32088, 99, 525.62
1791210454 32088, 96, 528.52
1791210455 32088, 99, 524.00
1791210456 32088, 65, 523.74
1791210457 32088, 96, 482.95
1791210458 32088, 96, 497.52
1791210459 32088, 96, 495.72
1791210460 32088, 96, 496.33
1791210462 32088, 96, 494.12
1791210463 32088, 0, 424.25
1791210464 32088, 0, 94.31
1791210465 32088, 0, 68.38
1791210466 32088, 5, 62.00
1791210467 32088, 0, 61.91
1791210468 32088, 2, 62.13
1791210469 32088, 0, 62.24
1791210470 32088, 2, 62.18
1791210472 32088, 7, 62.10
1791210473 32088, 0, 62.08
1791210474 32088, 5, 62.21
1791210475 32088, 0, 62.19
1791210476 32088, 5, 62.48
1791210477 32088, 6, 62.38
1791210478 32088, 3, 62.31
1791210479 32088, 7, 62.29
1791210480 32088, 0, 62.52
1791210481 32088, 5, 62.98
1791210483 32088, 6, 62.64
1791210484 32088, 3, 62.44
1791210485 32088, 7, 62.44
1791210486 32088, 2, 62.55
1791210487 32088, 5, 62.59
1791210488 32088, 6, 62.69
1791210489 32088, 3, 62.77
1791210490 32088, 7, 62.72
1791210491 32088, 0, 62.53
1791210492 32088, 2, 62.65
1791210494 32088, 2, 62.93
1791210495 32088, 5, 62.80
1791210496 32088, 2, 62.71
1791210497 32088, 3, 62.70
1791210498 32088, 3, 62.73
1791210499 32088, 10, 63.67
1791210500 32088, 0, 63.04
1791210501 32088, 0, 62.57
1791210502 32088, 0, 62.67
1791210503 32088, 0, 62.63
1791210505 32088, 0, 63.22
