1791591058 780, 7001, 30, 0x0000000000000000 | 12.09 25.77 38.33 | cpu  5441470420 61392 60875689 11891898928 4395829 0 1057921 0 0 0
1791591059 390, 7001, 30, 0x0000000000000000 | 12.09 25.77 38.33 | cpu  5441475753 61392 60875729 11891907609 4395829 0 1057921 0 0 0
1791591061 240, 7001, 29, 0x0000000000000000 | 21.53 27.50 38.82 | cpu  5441480452 61392 60875765 11891916962 4395829 0 1057921 0 0 0
1791591062 180, 810, 29, 0x0000000000000000 | 21.53 27.50 38.82 | cpu  5441485157 61392 60875793 11891926273 4395829 0 1057921 0 0 0
1791591063 180, 810, 29, 0x0000000000000000 | 21.53 27.50 38.82 | cpu  5441489829 61392 60876117 11891935232 4395851 0 1057921 0 0 0
1791591064 180, 405, 29, 0x0000000000000000 | 21.53 27.50 38.82 | cpu  5441494462 61392 60876640 11891944192 4395898 0 1057921 0 0 0
1791591065 180, 405, 29, 0x0000000000000000 | 21.53 27.50 38.82 | cpu  5441499136 61392 60877198 11891953059 4395949 0 1057921 0 0 0
1791591066 180, 405, 29, 0x0000000000000000 | 30.86 29.34 39.35 | cpu  5441504531 61392 60877756 11891961317 4395996 0 1057922 0 0 0
1791591067 180, 405, 29, 0x0000000000000000 | 30.86 29.34 39.35 | cpu  5441509033 61392 60878296 11891970097 4396051 0 1057922 0 0 0
1791591068 2392, 13801, 30, 0x0000000000000000 | 30.86 29.34 39.35 | cpu  5441514297 61392 60878835 11891978330 4396105 0 1057922 0 0 0
1791591069 2392, 13801, 30, 0x0000000000000000 | 30.86 29.34 39.35 | cpu  5441519057 61392 60878988 11891987388 4396112 0 1057922 0 0 0
1791591070 2430, 13801, 30, 0x0000000000000000 | 38.80 31.01 39.84 | cpu  5441523985 61392 60879019 11891996400 4396112 0 1057922 0 0 0
1791591071 2392, 13801, 30, 0x0000000000000000 | 38.80 31.01 39.84 | cpu  5441528934 61392 60879062 11892005398 4396113 0 1057922 0 0 0
1791591073 2467, 13801, 31, 0x0000000000000000 | 38.80 31.01 39.84 | cpu  5441533928 61392 60879093 11892014268 4396113 0 1057922 0 0 0
1791591074 2467, 13801, 31, 0x0000000000000000 | 38.80 31.01 39.84 | cpu  5441538797 61392 60879142 11892023300 4396114 0 1057922 0 0 0
1791591075 2490, 13801, 30, 0x0000000000000000 | 38.80 31.01 39.84 | cpu  5441543347 61392 60879184 11892032545 4396114 0 1057922 0 0 0
1791591076 2490, 13801, 30, 0x0000000000000000 | 51.55 33.78 40.69 | cpu  5441548238 61392 60879224 11892041663 4396114 0 1057923 0 0 0
1791591077 2482, 13801, 30, 0x0000000000000000 | 51.55 33.78 40.69 | cpu  5441553065 61392 60879277 11892050765 4396115 0 1057923 0 0 0
1791591078 2490, 13801, 30, 0x0000000000000000 | 51.55 33.78 40.69 | cpu  5441557902 61392 60879351 11892059990 4396115 0 1057923 0 0 0
1791591079 2482, 13801, 30, 0x0000000000000000 | 51.55 33.78 40.69 | cpu  5441562782 61392 60879403 11892069098 4396115 0 1057923 0 0 0
1791591080 2475, 13801, 30, 0x0000000000000000 | 57.91 35.39 41.17 | cpu  5441567652 61392 60879464 11892078141 4396115 0 1057923 0 0 0
1791591081 2415, 13801, 31, 0x0000000000000000 | 57.91 35.39 41.17 | cpu  5441572528 61392 60879496 11892087237 4396115 0 1057923 0 0 0
1791591082 2430, 13801, 31, 0x0000000000000000 | 57.91 35.39 41.17 | cpu  5441577005 61392 60879544 11892096491 4396116 0 1057923 0 0 0
1791591083 2482, 13801, 30, 0x0000000000000000 | 57.91 35.39 41.17 | cpu  5441581863 61392 60879579 11892105601 4396116 0 1057924 0 0 0
1791591084 2482, 13801, 30, 0x0000000000000000 | 57.91 35.39 41.17 | cpu  5441586740 61392 60879622 11892114538 4396117 0 1057924 0 0 0
1791591086 2490, 13801, 30, 0x0000000000000000 | 63.68 36.97 41.65 | cpu  5441591573 61392 60879664 11892123590 4396117 0 1057924 0 0 0
1791591087 2392, 13801, 30, 0x0000000000000000 | 63.68 36.97 41.65 | cpu  5441596221 61392 60879764 11892132864 4396117 0 1057924 0 0 0
1791591088 2392, 13801, 30, 0x0000000000000000 | 63.68 36.97 41.65 | cpu  5441600570 61392 60879834 11892142301 4396118 0 1057925 0 0 0
1791591089 2392, 13801, 30, 0x0000000000000000 | 63.68 36.97 41.65 | cpu  5441605126 61392 60879981 11892151648 4396118 0 1057925 0 0 0
1791591090 2392, 13801, 30, 0x0000000000000000 | 63.68 36.97 41.65 | cpu  5441609750 61392 60880102 11892160859 4396119 0 1057925 0 0 0
1791591091 2407, 13801, 30, 0x0000000000000000 | 69.07 38.53 42.13 | cpu  5441614453 61392 60880150 11892170074 4396119 0 1057925 0 0 0
1791591092 2407, 13801, 30, 0x0000000000000000 | 69.07 38.53 42.13 | cpu  5441619140 61392 60880198 11892179337 4396119 0 1057926 0 0 0
1791591093 2407, 13801, 30, 0x0000000000000000 | 69.07 38.53 42.13 | cpu  5441623791 61392 60880275 11892188563 4396120 0 1057926 0 0 0
1791591094 2407, 13801, 30, 0x0000000000000000 | 69.07 38.53 42.13 | cpu  5441628111 61392 60880323 11892198004 4396120 0 1057926 0 0 0
1791591095 2407, 13801, 30, 0x0000000000000000 | 73.95 40.05 42.60 | cpu  5441632782 61392 60880369 11892207273 4396120 0 1057926 0 0 0
1791591096 2407, 13801, 30, 0x0000000000000000 | 73.95 40.05 42.60 | cpu  5441637462 61392 60880417 11892216499 4396120 0 1057926 0 0 0
1791591097 2407, 13801, 30, 0x0000000000000000 | 73.95 40.05 42.60 | cpu  5441642152 61392 60880465 11892225792 4396120 0 1057926 0 0 0
1791591099 2407, 13801, 30, 0x0000000000000000 | 73.95 40.05 42.60 | cpu  5441646854 61392 60880511 11892235068 4396121 0 1057926 0 0 0
1791591100 2392, 13801, 30, 0x0000000000000000 | 73.95 40.05 42.60 | cpu  5441651576 61392 60880618 11892244274 4396121 0 1057926 0 0 0
1791591101 2550, 13801, 30, 0x0000000000000000 | 78.60 41.57 43.08 | cpu  5441656089 61392 60880710 11892253617 4396121 0 1057926 0 0 0
1791591102 2415, 13801, 30, 0x0000000000000000 | 78.60 41.57 43.08 | cpu  5441660617 61392 60880722 11892262972 4396121 0 1057927 0 0 0
1791591103 2392, 13801, 30, 0x0000000000000000 | 78.60 41.57 43.08 | cpu  5441665341 61392 60880737 11892272165 4396121 0 1057927 0 0 0
1791591104 2392, 13801, 30, 0x0000000000000000 | 78.60 41.57 43.08 | cpu  5441670066 61392 60880747 11892281433 4396121 0 1057927 0 0 0
1791591105 2392, 13801, 30, 0x0000000000000000 | 78.60 41.57 43.08 | cpu  5441674786 61392 60880756 11892290590 4396122 0 1057927 0 0 0
1791591106 2392, 13801, 30, 0x0000000000000000 | 82.72 43.04 43.55 | cpu  5441679329 61392 60880765 11892299974 4396122 0 1057927 0 0 0
1791591107 2392, 13801, 30, 0x0000000000000000 | 82.72 43.04 43.55 | cpu  5441683812 61392 60880777 11892309354 4396122 0 1057927 0 0 0
1791591108 2392, 13801, 30, 0x0000000000000000 | 82.72 43.04 43.55 | cpu  5441688535 61392 60880785 11892318535 4396122 0 1057927 0 0 0
1791591109 2392, 13801, 30, 0x0000000000000000 | 82.72 43.04 43.55 | cpu  5441693260 61392 60880825 11892327772 4396122 0 1057928 0 0 0
1791591110 2392, 13801, 30, 0x0000000000000000 | 86.50 44.49 44.02 | cpu  5441697986 61392 60880837 11892336976 4396122 0 1057928 0 0 0
1791591112 2392, 13801, 30, 0x0000000000000000 | 86.50 44.49 44.02 | cpu  5441702691 61392 60880844 11892346307 4396124 0 1057928 0 0 0
1791591113 2392, 13801, 30, 0x0000000000000000 | 86.50 44.49 44.02 | cpu  5441707204 61392 60880853 11892355748 4396124 0 1057928 0 0 0
1791591114 2392, 13801, 30, 0x0000000000000000 | 86.50 44.49 44.02 | cpu  5441711745 61392 60880866 11892365130 4396124 0 1057928 0 0 0
1791591115 2392, 13801, 30, 0x0000000000000000 | 86.50 44.49 44.02 | cpu  5441716475 61392 60880883 11892374402 4396124 0 1057928 0 0 0
1791591116 2392, 13801, 30, 0x0000000000000000 | 89.99 45.91 44.48 | cpu  5441721196 61392 60880893 11892383630 4396124 0 1057928 0 0 0
1791591117 2392, 13801, 30, 0x0000000000000000 | 89.99 45.91 44.48 | cpu  5441725920 61392 60880902 11892392931 4396124 0 1057928 0 0 0
1791591118 2392, 13801, 30, 0x0000000000000000 | 89.99 45.91 44.48 | cpu  5441730644 61392 60880914 11892402180 4396124 0 1057928 0 0 0
1791591119 2392, 13801, 30, 0x0000000000000000 | 89.99 45.91 44.48 | cpu  5441735151 61392 60880924 11892411536 4396124 0 1057928 0 0 0
1791591120 2392, 13801, 30, 0x0000000000000000 | 93.19 47.30 44.94 | cpu  5441739670 61392 60880960 11892420861 4396124 0 1057928 0 0 0
1791591121 2392, 13801, 30, 0x0000000000000000 | 93.19 47.30 44.94 | cpu  5441744396 61392 60880968 11892430069 4396124 0 1057928 0 0 0
1791591122 2392, 13801, 30, 0x0000000000000000 | 93.19 47.30 44.94 | cpu  5441749124 61392 60880981 11892439376 4396126 0 1057929 0 0 0
1791591123 2392, 13801, 30, 0x0000000000000000 | 93.19 47.30 44.94 | cpu  5441753853 61392 60880995 11892448556 4396126 0 1057929 0 0 0
1791591125 2392, 13801, 30, 0x0000000000000000 | 93.19 47.30 44.94 | cpu  5441758568 61392 60881023 11892457850 4396126 0 1057929 0 0 0
1791591126 2392, 13801, 30, 0x0000000000000000 | 96.22 48.69 45.40 | cpu  5441763084 61392 60881111 11892467188 4396126 0 1057929 0 0 0
1791591127 2392, 13801, 30, 0x0000000000000000 | 96.22 48.69 45.40 | cpu  5441767620 61392 60881120 11892476573 4396126 0 1057929 0 0 0
1791591128 2392, 13801, 30, 0x0000000000000000 | 96.22 48.69 45.40 | cpu  5441772340 61393 60881129 11892485767 4396128 0 1057929 0 0 0
1791591129 2392, 13801, 30, 0x0000000000000000 | 96.22 48.69 45.40 | cpu  5441777062 61393 60881137 11892495036 4396128 0 1057929 0 0 0
1791591130 2392, 13801, 30, 0x0000000000000000 | 96.22 48.69 45.40 | cpu  5441781788 61393 60881170 11892504258 4396128 0 1057930 0 0 0
1791591131 2392, 13801, 30, 0x0000000000000000 | 98.93 50.04 45.85 | cpu  5441786502 61393 60881188 11892513534 4396128 0 1057930 0 0 0
1791591132 2392, 13801, 30, 0x0000000000000000 | 98.93 50.04 45.85 | cpu  5441790967 61393 60881198 11892522972 4396128 0 1057930 0 0 0
1791591133 2392, 13801, 30, 0x0000000000000000 | 98.93 50.04 45.85 | cpu  5441795539 61393 60881207 11892532337 4396128 0 1057930 0 0 0
1791591134 2392, 13801, 30, 0x0000000000000000 | 98.93 50.04 45.85 | cpu  5441800260 61393 60881217 11892541523 4396128 0 1057930 0 0 0
1791591135 2392, 13801, 30, 0x0000000000000000 | 101.41 51.37 46.31 | cpu  5441804970 61393 60881237 11892550841 4396128 0 1057930 0 0 0
1791591136 2812, 13801, 33, 0x0000000000000000 | 101.41 51.37 46.31 | cpu  5441809702 61393 60881254 11892560054 4396128 0 1057930 0 0 0
1791591138 2820, 13801, 33, 0x0000000000000000 | 101.41 51.37 46.31 | cpu  5441814382 61393 60881266 11892569337 4396128 0 1057930 0 0 0
1791591139 2842, 13801, 32, 0x0000000000000000 | 101.41 51.37 46.31 | cpu  5441818926 61393 60881304 11892578768 4396128 0 1057930 0 0 0
1791591140 2782, 13801, 37, 0x0000000000000000 | 101.41 51.37 46.31 | cpu  5441823658 61393 60881337 11892588179 4396128 0 1057931 0 0 0
1791591141 2805, 13801, 35, 0x0000000000000000 | 103.86 52.71 46.77 | cpu  5441828169 61393 60881392 11892597550 4396128 0 1057931 0 0 0
1791591142 2790, 13801, 39, 0x0000000000000000 | 103.86 52.71 46.77 | cpu  5441832894 61393 60881415 11892606806 4396128 0 1057931 0 0 0
1791591143 2797, 13801, 39, 0x0000000000000000 | 103.86 52.71 46.77 | cpu  5441837615 61393 60881439 11892616162 4396128 0 1057931 0 0 0
1791591144 2805, 13801, 35, 0x0000000000000000 | 103.86 52.71 46.77 | cpu  5441842340 61393 60881458 11892625454 4396129 0 1057931 0 0 0
1791591145 2790, 13801, 38, 0x0000000000000000 | 106.04 54.01 47.22 | cpu  5441847058 61393 60881483 11892634687 4396129 0 1057931 0 0 0
1791591146 2790, 13801, 39, 0x0000000000000000 | 106.04 54.01 47.22 | cpu  5441851783 61393 60881504 11892644012 4396129 0 1057931 0 0 0
1791591147 2812, 13801, 37, 0x0000000000000000 | 106.04 54.01 47.22 | cpu  5441856453 61393 60881528 11892653312 4396129 0 1057931 0 0 0
1791591148 2797, 13801, 38, 0x0000000000000000 | 106.04 54.01 47.22 | cpu  5441861015 61393 60881559 11892662718 4396130 0 1057931 0 0 0
1791591150 2805, 13801, 36, 0x0000000000000000 | 106.04 54.01 47.22 | cpu  5441865544 61393 60881584 11892672093 4396130 0 1057931 0 0 0
1791591151 2805, 13801, 35, 0x0000000000000000 | 107.96 55.27 47.66 | cpu  5441870269 61393 60881609 11892681391 4396130 0 1057932 0 0 0
1791591152 2797, 13801, 36, 0x0000000000000000 | 107.96 55.27 47.66 | cpu  5441874994 61393 60881657 11892690647 4396130 0 1057932 0 0 0
1791591153 2797, 13801, 37, 0x0000000000000000 | 107.96 55.27 47.66 | cpu  5441879716 61393 60881677 11892699932 4396130 0 1057932 0 0 0
1791591154 2805, 13801, 35, 0x0000000000000000 | 107.96 55.27 47.66 | cpu  5441884444 61393 60881707 11892709289 4396131 0 1057932 0 0 0
1791591155 2805, 13801, 38, 0x0000000000000000 | 107.96 55.27 47.66 | cpu  5441889182 61393 60881765 11892718493 4396131 0 1057932 0 0 0
1791591156 2805, 13801, 37, 0x0000000000000000 | 109.72 56.51 48.11 | cpu  5441893906 61393 60881790 11892727832 4396131 0 1057932 0 0 0
1791591157 2812, 13801, 35, 0x0000000000000000 | 109.72 56.51 48.11 | cpu  5441898596 61393 60881840 11892737185 4396131 0 1057932 0 0 0
1791591158 2797, 13801, 35, 0x0000000000000000 | 109.72 56.51 48.11 | cpu  5441903083 61393 60881868 11892746605 4396131 0 1057932 0 0 0
1791591159 2805, 13801, 39, 0x0000000000000000 | 109.72 56.51 48.11 | cpu  5441907675 61393 60881898 11892755988 4396132 0 1057932 0 0 0
1791591160 2812, 13801, 41, 0x0000000000000000 | 111.43 57.75 48.55 | cpu  5441912397 61393 60881923 11892765439 4396132 0 1057932 0 0 0
1791591162 2842, 13801, 34, 0x0000000000000000 | 111.43 57.75 48.55 | cpu  5441917126 61393 60881962 11892774677 4396132 0 1057932 0 0 0
1791591163 2850, 13801, 33, 0x0000000000000000 | 111.43 57.75 48.55 | cpu  5441921854 61393 60881973 11892783956 4396132 0 1057932 0 0 0
1791591164 2392, 13801, 32, 0x0000000000000000 | 111.43 57.75 48.55 | cpu  5441926584 61393 60881990 11892793318 4396132 0 1057933 0 0 0
1791591165 2392, 13801, 31, 0x0000000000000000 | 111.43 57.75 48.55 | cpu  5441931305 61393 60882119 11892802462 4396133 0 1057933 0 0 0
1791591166 2392, 13801, 31, 0x0000000000000000 | 113.07 58.98 49.00 | cpu  5441936032 61393 60882175 11892811673 4396133 0 1057933 0 0 0
1791591167 2392, 13801, 31, 0x0000000000000000 | 113.07 58.98 49.00 | cpu  5441940668 61393 60882183 11892821041 4396134 0 1057933 0 0 0
1791591168 2392, 13801, 31, 0x0000000000000000 | 113.07 58.98 49.00 | cpu  5441945060 61393 60882192 11892830485 4396134 0 1057933 0 0 0
1791591169 2392, 13801, 31, 0x0000000000000000 | 113.07 58.98 49.00 | cpu  5441949779 61393 60882217 11892839731 4396134 0 1057933 0 0 0
1791591170 2392, 13801, 31, 0x0000000000000000 | 114.59 60.19 49.45 | cpu  5441954463 61393 60882264 11892848961 4396134 0 1057933 0 0 0
1791591171 2392, 13801, 31, 0x0000000000000000 | 114.59 60.19 49.45 | cpu  5441959181 61393 60882310 11892858184 4396134 0 1057933 0 0 0
1791591172 2392, 13801, 31, 0x0000000000000000 | 114.59 60.19 49.45 | cpu  5441963890 61393 60882366 11892867351 4396134 0 1057933 0 0 0
1791591173 2392, 13801, 31, 0x0000000000000000 | 114.59 60.19 49.45 | cpu  5441968222 61393 60882415 11892876736 4396134 0 1057934 0 0 0
1791591174 2392, 13801, 31, 0x0000000000000000 | 114.59 60.19 49.45 | cpu  5441972923 61393 60882441 11892885953 4396134 0 1057934 0 0 0
1791591176 2392, 13801, 31, 0x0000000000000000 | 115.90 61.37 49.89 | cpu  5441977642 61393 60882463 11892895176 4396134 0 1057934 0 0 0
1791591177 2392, 13801, 31, 0x0000000000000000 | 115.90 61.37 49.89 | cpu  5441982360 61393 60882482 11892904410 4396135 0 1057934 0 0 0
1791591178 2392, 13801, 30, 0x0000000000000000 | 115.90 61.37 49.89 | cpu  5441987045 61393 60882503 11892913629 4396136 0 1057934 0 0 0
1791591179 2392, 810, 30, 0x0000000000000000 | 115.90 61.37 49.89 | cpu  5441991653 61393 60882525 11892923062 4396136 0 1057934 0 0 0
1791591180 330, 810, 29, 0x0000000000000000 | 115.90 61.37 49.89 | cpu  5441996270 61393 60882548 11892932499 4396136 0 1057934 0 0 0
1791591181 180, 405, 29, 0x0000000000000000 | 117.03 62.51 50.32 | cpu  5442000927 61393 60882575 11892941931 4396136 0 1057934 0 0 0
1791591182 180, 405, 29, 0x0000000000000000 | 117.03 62.51 50.32 | cpu  5442005820 61393 60882624 11892951332 4396136 0 1057934 0 0 0
1791591183 180, 405, 29, 0x0000000000000000 | 117.03 62.51 50.32 | cpu  5442010497 61393 60882653 11892960766 4396137 0 1057934 0 0 0
1791591184 180, 405, 28, 0x0000000000000000 | 117.03 62.51 50.32 | cpu  5442014992 61393 60882678 11892970195 4396137 0 1057934 0 0 0
1791591185 180, 405, 28, 0x0000000000000000 | 118.07 63.63 50.74 | cpu  5442019697 61393 60882699 11892979510 4396137 0 1057934 0 0 0
1791591186 180, 405, 28, 0x0000000000000000 | 118.07 63.63 50.74 | cpu  5442024415 61393 60882727 11892988789 4396137 0 1057934 0 0 0
1791591188 180, 405, 28, 0x0000000000000000 | 118.07 63.63 50.74 | cpu  5442029145 61393 60882747 11892998102 4396137 0 1057934 0 0 0
1791591189 180, 405, 28, 0x0000000000000000 | 118.07 63.63 50.74 | cpu  5442033868 61393 60882793 11893007483 4396140 0 1057934 0 0 0
1791591190 180, 405, 28, 0x0000000000000000 | 118.07 63.63 50.74 | cpu  5442038599 61393 60882837 11893016835 4396140 0 1057935 0 0 0
1791591191 180, 405, 28, 0x0000000000000000 | 119.03 64.73 51.17 | cpu  5442043322 61393 60882862 11893026107 4396140 0 1057935 0 0 0
1791591192 180, 405, 28, 0x0000000000000000 | 119.03 64.73 51.17 | cpu  5442048045 61393 60882879 11893035400 4396140 0 1057935 0 0 0
1791591193 180, 405, 28, 0x0000000000000000 | 119.03 64.73 51.17 | cpu  5442052762 61393 60882936 11893044734 4396140 0 1057935 0 0 0
1791591194 180, 405, 28, 0x0000000000000000 | 119.03 64.73 51.17 | cpu  5442057446 61393 60882967 11893054143 4396140 0 1057936 0 0 0
1791591195 180, 405, 28, 0x0000000000000000 | 119.91 65.81 51.59 | cpu  5442062069 61393 60882990 11893063577 4396140 0 1057936 0 0 0
1791591196 180, 405, 28, 0x0000000000000000 | 119.91 65.81 51.59 | cpu  5442066728 61393 60883005 11893073020 4396140 0 1057936 0 0 0
1791591197 180, 405, 28, 0x0000000000000000 | 119.91 65.81 51.59 | cpu  5442071237 61393 60883034 11893082446 4396140 0 1057936 0 0 0
1791591199 180, 405, 28, 0x0000000000000000 | 119.91 65.81 51.59 | cpu  5442075956 61393 60883061 11893091827 4396140 0 1057936 0 0 0
1791591200 180, 405, 28, 0x0000000000000000 | 119.91 65.81 51.59 | cpu  5442080674 61393 60883092 11893101170 4396140 0 1057936 0 0 0
1791591201 180, 405, 28, 0x0000000000000000 | 120.79 66.90 52.02 | cpu  5442085387 61393 60883119 11893110437 4396140 0 1057936 0 0 0
1791591202 180, 405, 28, 0x0000000000000000 | 120.79 66.90 52.02 | cpu  5442090116 61393 60883128 11893119787 4396140 0 1057936 0 0 0
1791591203 180, 405, 27, 0x0000000000000000 | 120.79 66.90 52.02 | cpu  5442094842 61393 60883174 11893129141 4396140 0 1057936 0 0 0
1791591204 180, 405, 27, 0x0000000000000000 | 120.79 66.90 52.02 | cpu  5442099569 61393 60883214 11893138475 4396141 0 1057936 0 0 0
1791591205 180, 405, 27, 0x0000000000000000 | 120.79 66.90 52.02 | cpu  5442104305 61393 60883278 11893147735 4396141 0 1057936 0 0 0
1791591206 180, 405, 27, 0x0000000000000000 | 120.09 67.65 52.34 | cpu  5442109086 61393 60883351 11893156895 4396141 0 1057936 0 0 0
1791591207 180, 405, 27, 0x0000000000000000 | 120.09 67.65 52.34 | cpu  5442113783 61393 60883380 11893166272 4396141 0 1057936 0 0 0
1791591208 180, 405, 27, 0x0000000000000000 | 120.09 67.65 52.34 | cpu  5442118520 61393 60883392 11893175716 4396142 0 1057936 0 0 0
1791591209 180, 405, 27, 0x0000000000000000 | 120.09 67.65 52.34 | cpu  5442123214 61393 60883404 11893185149 4396142 0 1057936 0 0 0
1791591211 180, 405, 27, 0x0000000000000000 | 118.72 68.23 52.62 | cpu  5442127760 61393 60883429 11893194579 4396142 0 1057936 0 0 0
1791591212 180, 405, 27, 0x0000000000000000 | 118.72 68.23 52.62 | cpu  5442132538 61393 60883461 11893204011 4396143 0 1057937 0 0 0
1791591213 180, 405, 27, 0x0000000000000000 | 118.72 68.23 52.62 | cpu  5442137280 61393 60883488 11893213447 4396143 0 1057937 0 0 0
1791591214 180, 405, 27, 0x0000000000000000 | 118.72 68.23 52.62 | cpu  5442141974 61393 60883545 11893222846 4396144 0 1057937 0 0 0
1791591215 180, 405, 27, 0x0000000000000000 | 118.72 68.23 52.62 | cpu  5442146772 61393 60883581 11893232268 4396144 0 1057937 0 0 0
1791591216 180, 405, 27, 0x0000000000000000 | 114.98 68.30 52.72 | cpu  5442151436 61393 60883608 11893241706 4396144 0 1057938 0 0 0
1791591217 180, 405, 27, 0x0000000000000000 | 114.98 68.30 52.72 | cpu  5442156075 61393 60883622 11893251141 4396144 0 1057938 0 0 0
1791591218 180, 405, 27, 0x0000000000000000 | 114.98 68.30 52.72 | cpu  5442160712 61393 60883632 11893260586 4396144 0 1057938 0 0 0
1791591219 180, 405, 27, 0x0000000000000000 | 114.98 68.30 52.72 | cpu  5442165328 61393 60883667 11893269997 4396145 0 1057938 0 0 0
1791591220 180, 405, 27, 0x0000000000000000 | 111.94 68.44 52.85 | cpu  5442170075 61393 60883702 11893279419 4396146 0 1057938 0 0 0
1791591222 180, 405, 27, 0x0000000000000000 | 111.94 68.44 52.85 | cpu  5442174774 61393 60883760 11893288759 4396146 0 1057938 0 0 0
1791591223 180, 405, 27, 0x0000000000000000 | 111.94 68.44 52.85 | cpu  5442179486 61393 60883787 11893298085 4396146 0 1057938 0 0 0
1791591224 180, 405, 27, 0x0000000000000000 | 111.94 68.44 52.85 | cpu  5442184204 61393 60883828 11893307367 4396146 0 1057938 0 0 0
1791591225 180, 405, 27, 0x0000000000000000 | 111.94 68.44 52.85 | cpu  5442188923 61393 60883870 11893316713 4396146 0 1057938 0 0 0
1791591226 180, 405, 27, 0x0000000000000000 | 106.34 68.00 52.79 | cpu  5442193639 61393 60883901 11893326093 4396147 0 1057938 0 0 0
1791591227 180, 405, 27, 0x0000000000000000 | 106.34 68.00 52.79 | cpu  5442198359 61393 60883942 11893335511 4396147 0 1057938 0 0 0
1791591228 180, 405, 27, 0x0000000000000000 | 106.34 68.00 52.79 | cpu  5442203093 61393 60884059 11893344791 4396147 0 1057938 0 0 0
1791591229 180, 405, 27, 0x0000000000000000 | 106.34 68.00 52.79 | cpu  5442207821 61393 60884102 11893354084 4396147 0 1057938 0 0 0
1791591230 180, 405, 27, 0x0000000000000000 | 97.90 66.89 52.51 | cpu  5442212543 61393 60884113 11893363350 4396147 0 1057938 0 0 0
1791591231 180, 405, 27, 0x0000000000000000 | 97.90 66.89 52.51 | cpu  5442217263 61393 60884145 11893372739 4396147 0 1057939 0 0 0
1791591232 180, 405, 26, 0x0000000000000000 | 97.90 66.89 52.51 | cpu  5442221952 61393 60884202 11893382089 4396147 0 1057939 0 0 0
1791591234 180, 405, 26, 0x0000000000000000 | 97.90 66.89 52.51 | cpu  5442226482 61393 60884225 11893391522 4396147 0 1057939 0 0 0
1791591235 180, 405, 26, 0x0000000000000000 | 97.90 66.89 52.51 | cpu  5442231062 61393 60884284 11893400920 4396147 0 1057939 0 0 0
1791591236 180, 405, 26, 0x0000000000000000 | 90.22 65.81 52.24 | cpu  5442235717 61393 60884318 11893410285 4396148 0 1057939 0 0 0
1791591237 180, 405, 26, 0x0000000000000000 | 90.22 65.81 52.24 | cpu  5442240436 61393 60884356 11893419659 4396149 0 1057940 0 0 0
1791591238 180, 405, 26, 0x0000000000000000 | 90.22 65.81 52.24 | cpu  5442245148 61393 60884383 11893428930 4396149 0 1057940 0 0 0
1791591239 172, 405, 26, 0x0000000000000000 | 90.22 65.81 52.24 | cpu  5442249869 61393 60884418 11893438216 4396149 0 1057940 0 0 0
1791591240 180, 405, 26, 0x0000000000000000 | 90.22 65.81 52.24 | cpu  5442254594 61393 60884450 11893447643 4396149 0 1057940 0 0 0
1791591241 180, 405, 26, 0x0000000000000000 | 83.16 64.75 51.97 | cpu  5442259312 61393 60884481 11893457083 4396150 0 1057940 0 0 0
1791591242 180, 405, 26, 0x0000000000000000 | 83.16 64.75 51.97 | cpu  5442264039 61393 60884493 11893466518 4396151 0 1057940 0 0 0
1791591243 180, 405, 26, 0x0000000000000000 | 83.16 64.75 51.97 | cpu  5442268765 61393 60884503 11893475926 4396151 0 1057940 0 0 0
1791591244 180, 405, 26, 0x0000000000000000 | 83.16 64.75 51.97 | cpu  5442273487 61393 60884522 11893485332 4396151 0 1057940 0 0 0
1791591246 180, 405, 26, 0x0000000000000000 | 76.74 63.73 51.71 | cpu  5442278211 61393 60884561 11893494700 4396151 0 1057940 0 0 0
1791591247 172, 405, 26, 0x0000000000000000 | 76.74 63.73 51.71 | cpu  5442282931 61393 60884588 11893504016 4396152 0 1057940 0 0 0
1791591248 180, 405, 26, 0x0000000000000000 | 76.74 63.73 51.71 | cpu  5442287644 61393 60884616 11893513325 4396152 0 1057940 0 0 0
1791591249 180, 405, 26, 0x0000000000000000 | 76.74 63.73 51.71 | cpu  5442292321 61394 60884644 11893522660 4396152 0 1057940 0 0 0
1791591250 180, 405, 26, 0x0000000000000000 | 76.74 63.73 51.71 | cpu  5442296798 61394 60884673 11893532094 4396152 0 1057940 0 0 0
1791591251 180, 405, 26, 0x0000000000000000 | 70.67 62.68 51.44 | cpu  5442301398 61394 60884712 11893541499 4396152 0 1057940 0 0 0
1791591252 180, 405, 26, 0x0000000000000000 | 70.67 62.68 51.44 | cpu  5442306104 61394 60884738 11893550859 4396152 0 1057941 0 0 0
1791591253 180, 405, 26, 0x0000000000000000 | 70.67 62.68 51.44 | cpu  5442310832 61394 60884794 11893560112 4396153 0 1057941 0 0 0
1791591254 180, 405, 26, 0x0000000000000000 | 70.67 62.68 51.44 | cpu  5442315557 61394 60884818 11893569425 4396153 0 1057941 0 0 0
1791591255 180, 405, 26, 0x0000000000000000 | 65.17 61.68 51.17 | cpu  5442320286 61394 60884869 11893578883 4396153 0 1057941 0 0 0
1791591256 180, 405, 26, 0x0000000000000000 | 65.17 61.68 51.17 | cpu  5442325048 61394 60885112 11893587928 4396169 0 1057942 0 0 0
1791591258 180, 405, 26, 0x0000000000000000 | 65.17 61.68 51.17 | cpu  5442329788 61394 60885574 11893596798 4396220 0 1057942 0 0 0
1791591259 180, 405, 26, 0x0000000000000000 | 65.17 61.68 51.17 | cpu  5442334531 61394 60886004 11893605559 4396276 0 1057942 0 0 0
1791591260 172, 405, 26, 0x0000000000000000 | 65.17 61.68 51.17 | cpu  5442339298 61394 60886370 11893614411 4396328 0 1057942 0 0 0
1791591261 180, 405, 26, 0x0000000000000000 | 60.11 60.69 50.91 | cpu  5442344075 61394 60886421 11893623624 4396328 0 1057942 0 0 0
1791591262 180, 405, 26, 0x0000000000000000 | 60.11 60.69 50.91 | cpu  5442348798 61394 60886620 11893632752 4396350 0 1057942 0 0 0
1791591263 180, 405, 26, 0x0000000000000000 | 60.11 60.69 50.91 | cpu  5442353487 61394 60887168 11893641570 4396415 0 1057942 0 0 0
1791591264 180, 405, 26, 0x0000000000000000 | 60.11 60.69 50.91 | cpu  5442358122 61394 60887725 11893650369 4396485 0 1057942 0 0 0
1791591265 180, 405, 26, 0x0000000000000000 | 55.94 59.81 50.68 | cpu  5442362664 61394 60888284 11893659142 4396544 0 1057942 0 0 0
1791591266 180, 405, 26, 0x0000000000000000 | 55.94 59.81 50.68 | cpu  5442367397 61394 60888854 11893667877 4396606 0 1057943 0 0 0
1791591267 180, 405, 26, 0x0000000000000000 | 55.94 59.81 50.68 | cpu  5442372129 61394 60889406 11893676584 4396671 0 1057943 0 0 0
1791591268 180, 405, 26, 0x0000000000000000 | 55.94 59.81 50.68 | cpu  5442376861 61394 60889997 11893685200 4396729 0 1057943 0 0 0
1791591270 180, 405, 26, 0x0000000000000000 | 55.94 59.81 50.68 | cpu  5442381589 61394 60890569 11893693985 4396779 0 1057943 0 0 0
1791591271 180, 405, 25, 0x0000000000000000 | 52.26 58.98 50.46 | cpu  5442386360 61394 60890957 11893702939 4396820 0 1057943 0 0 0
1791591272 180, 405, 25, 0x0000000000000000 | 52.26 58.98 50.46 | cpu  5442391148 61394 60890996 11893712232 4396820 0 1057943 0 0 0
1791591273 180, 405, 25, 0x0000000000000000 | 52.26 58.98 50.46 | cpu  5442395934 61394 60891061 11893721477 4396824 0 1057944 0 0 0
1791591274 180, 405, 25, 0x0000000000000000 | 52.26 58.98 50.46 | cpu  5442400777 61394 60891091 11893730610 4396826 0 1057944 0 0 0
1791591275 180, 405, 25, 0x0000000000000000 | 52.26 58.98 50.46 | cpu  5442405607 61394 60891111 11893739824 4396826 0 1057944 0 0 0
1791591276 180, 405, 25, 0x0000000000000000 | 48.24 58.04 50.20 | cpu  5442410411 61394 60891160 11893749064 4396826 0 1057944 0 0 0
1791591277 180, 405, 25, 0x0000000000000000 | 48.24 58.04 50.20 | cpu  5442415042 61394 60891179 11893758470 4396826 0 1057945 0 0 0
1791591278 180, 405, 25, 0x0000000000000000 | 48.24 58.04 50.20 | cpu  5442419598 61394 60891198 11893767905 4396826 0 1057945 0 0 0
1791591279 180, 405, 25, 0x0000000000000000 | 48.24 58.04 50.20 | cpu  5442424224 61394 60891221 11893777310 4396826 0 1057945 0 0 0
1791591281 180, 405, 25, 0x0000000000000000 | 44.45 57.09 49.93 | cpu  5442428947 61394 60891243 11893786634 4396826 0 1057945 0 0 0
1791591282 180, 405, 25, 0x0000000000000000 | 44.45 57.09 49.93 | cpu  5442433666 61394 60891266 11893795884 4396826 0 1057945 0 0 0
1791591283 180, 405, 25, 0x0000000000000000 | 44.45 57.09 49.93 | cpu  5442438398 61394 60891293 11893805220 4396826 0 1057945 0 0 0
1791591284 180, 405, 25, 0x0000000000000000 | 44.45 57.09 49.93 | cpu  5442443121 61394 60891313 11893814650 4396826 0 1057946 0 0 0
1791591285 180, 405, 25, 0x0000000000000000 | 44.45 57.09 49.93 | cpu  5442447861 61394 60891407 11893823905 4396826 0 1057946 0 0 0
1791591286 180, 405, 25, 0x0000000000000000 | 41.05 56.18 49.67 | cpu  5442452594 61394 60891462 11893833409 4396826 0 1057946 0 0 0
1791591287 180, 405, 25, 0x0000000000000000 | 41.05 56.18 49.67 | cpu  5442457321 61394 60891510 11893842744 4396826 0 1057946 0 0 0
1791591288 180, 405, 25, 0x0000000000000000 | 41.05 56.18 49.67 | cpu  5442462045 61394 60891530 11893852201 4396826 0 1057946 0 0 0
1791591289 180, 405, 25, 0x0000000000000000 | 41.05 56.18 49.67 | cpu  5442466775 61394 60891555 11893861515 4396827 0 1057946 0 0 0
1791591290 180, 405, 25, 0x0000000000000000 | 37.93 55.28 49.42 | cpu  5442471507 61394 60891611 11893870894 4396828 0 1057946 0 0 0
1791591291 180, 405, 25, 0x0000000000000000 | 37.93 55.28 49.42 | cpu  5442476235 61394 60891737 11893880063 4396828 0 1057946 0 0 0
1791591293 180, 405, 25, 0x0000000000000000 | 37.93 55.28 49.42 | cpu  5442480960 61394 60891776 11893889364 4396828 0 1057946 0 0 0
1791591294 180, 405, 25, 0x0000000000000000 | 37.93 55.28 49.42 | cpu  5442485645 61394 60891798 11893898751 4396828 0 1057946 0 0 0
1791591295 180, 405, 25, 0x0000000000000000 | 37.93 55.28 49.42 | cpu  5442490415 61394 60891821 11893908206 4396828 0 1057946 0 0 0
1791591296 180, 405, 25, 0x0000000000000000 | 34.97 54.37 49.16 | cpu  5442495133 61394 60891846 11893917612 4396829 0 1057946 0 0 0
1791591297 180, 405, 25, 0x0000000000000000 | 34.97 54.37 49.16 | cpu  5442499658 61394 60891897 11893926997 4396829 0 1057947 0 0 0
1791591298 180, 405, 25, 0x0000000000000000 | 34.97 54.37 49.16 | cpu  5442504301 61394 60891919 11893936430 4396829 0 1057947 0 0 0
1791591299 180, 405, 25, 0x0000000000000000 | 34.97 54.37 49.16 | cpu  5442508908 61394 60891945 11893945795 4396829 0 1057947 0 0 0
1791591300 180, 405, 25, 0x0000000000000000 | 32.57 53.55 48.92 | cpu  5442513637 61394 60891979 11893955065 4396830 0 1057947 0 0 0
1791591301 180, 405, 25, 0x0000000000000000 | 32.57 53.55 48.92 | cpu  5442518385 61394 60892042 11893964301 4396831 0 1057948 0 0 0
1791591302 180, 405, 25, 0x0000000000000000 | 32.57 53.55 48.92 | cpu  5442523143 61394 60892093 11893973612 4396831 0 1057948 0 0 0
1791591303 180, 405, 25, 0x0000000000000000 | 32.57 53.55 48.92 | cpu  5442527866 61394 60892114 11893983007 4396831 0 1057948 0 0 0
1791591305 180, 405, 25, 0x0000000000000000 | 32.57 53.55 48.92 | cpu  5442532593 61394 60892137 11893992475 4396831 0 1057948 0 0 0
1791591306 180, 405, 25, 0x0000000000000000 | 30.04 52.68 48.66 | cpu  5442537319 61394 60892156 11894001896 4396833 0 1057948 0 0 0
1791591307 180, 405, 25, 0x0000000000000000 | 30.04 52.68 48.66 | cpu  5442542046 61394 60892178 11894011309 4396833 0 1057948 0 0 0
1791591308 180, 405, 25, 0x0000000000000000 | 30.04 52.68 48.66 | cpu  5442546784 61394 60892234 11894020700 4396833 0 1057948 0 0 0
1791591309 180, 405, 25, 0x0000000000000000 | 30.04 52.68 48.66 | cpu  5442551517 61394 60892280 11894030138 4396833 0 1057948 0 0 0
1791591310 180, 405, 25, 0x0000000000000000 | 30.04 52.68 48.66 | cpu  5442556248 61394 60892311 11894039503 4396833 0 1057948 0 0 0
1791591311 180, 405, 25, 0x0000000000000000 | 27.72 51.82 48.41 | cpu  5442560977 61394 60892332 11894048930 4396835 0 1057948 0 0 0
1791591312 180, 405, 25, 0x0000000000000000 | 27.72 51.82 48.41 | cpu  5442565699 61394 60892355 11894058308 4396835 0 1057948 0 0 0
1791591313 180, 405, 25, 0x0000000000000000 | 27.72 51.82 48.41 | cpu  5442570425 61394 60892375 11894067724 4396835 0 1057948 0 0 0
1791591314 180, 405, 25, 0x0000000000000000 | 27.72 51.82 48.41 | cpu  5442575156 61394 60892404 11894077169 4396835 0 1057949 0 0 0
1791591316 180, 405, 25, 0x0000000000000000 | 25.58 50.98 48.15 | cpu  5442579881 61394 60892429 11894086524 4396835 0 1057949 0 0 0
1791591317 180, 405, 25, 0x0000000000000000 | 25.58 50.98 48.15 | cpu  5442584603 61394 60892451 11894095818 4396836 0 1057949 0 0 0
1791591318 180, 405, 25, 0x0000000000000000 | 25.58 50.98 48.15 | cpu  5442589331 61394 60892502 11894105144 4396836 0 1057949 0 0 0
1791591319 180, 405, 25, 0x0000000000000000 | 25.58 50.98 48.15 | cpu  5442594052 61394 60892529 11894114477 4396836 0 1057949 0 0 0
1791591320 180, 405, 25, 0x0000000000000000 | 25.58 50.98 48.15 | cpu  5442598785 61394 60892555 11894123908 4396836 0 1057949 0 0 0
1791591321 180, 405, 25, 0x0000000000000000 | 23.61 50.15 47.90 | cpu  5442603374 61394 60892576 11894133328 4396836 0 1057949 0 0 0
1791591322 180, 405, 25, 0x0000000000000000 | 23.61 50.15 47.90 | cpu  5442608181 61394 60892597 11894142763 4396836 0 1057950 0 0 0
1791591323 180, 405, 25, 0x0000000000000000 | 23.61 50.15 47.90 | cpu  5442612857 61394 60892618 11894152196 4396836 0 1057950 0 0 0
1791591324 180, 405, 25, 0x0000000000000000 | 23.61 50.15 47.90 | cpu  5442617537 61394 60892639 11894161630 4396836 0 1057950 0 0 0
1791591325 180, 405, 25, 0x0000000000000000 | 21.80 49.33 47.65 | cpu  5442622351 61394 60892659 11894171065 4396836 0 1057950 0 0 0
1791591327 180, 405, 25, 0x0000000000000000 | 21.80 49.33 47.65 | cpu  5442626967 61394 60892680 11894180495 4396836 0 1057950 0 0 0
1791591328 180, 405, 25, 0x0000000000000000 | 21.80 49.33 47.65 | cpu  5442631605 61394 60892704 11894189922 4396837 0 1057950 0 0 0
1791591329 180, 405, 25, 0x0000000000000000 | 21.80 49.33 47.65 | cpu  5442636367 61394 60892761 11894199305 4396837 0 1057950 0 0 0
1791591330 180, 405, 25, 0x0000000000000000 | 21.80 49.33 47.65 | cpu  5442641294 61394 60892788 11894208721 4396837 0 1057950 0 0 0
1791591331 180, 405, 25, 0x0000000000000000 | 20.13 48.53 47.39 | cpu  5442646007 61394 60892812 11894218152 4396837 0 1057950 0 0 0
1791591332 180, 405, 25, 0x0000000000000000 | 20.13 48.53 47.39 | cpu  5442650782 61394 60892833 11894227589 4396837 0 1057950 0 0 0
1791591333 180, 405, 25, 0x0000000000000000 | 20.13 48.53 47.39 | cpu  5442655459 61394 60892855 11894237018 4396838 0 1057950 0 0 0
1791591334 180, 405, 25, 0x0000000000000000 | 20.13 48.53 47.39 | cpu  5442660124 61394 60892879 11894246443 4396839 0 1057950 0 0 0
1791591335 180, 405, 25, 0x0000000000000000 | 18.60 47.74 47.15 | cpu  5442664764 61394 60892897 11894255875 4396839 0 1057950 0 0 0
1791591336 180, 405, 25, 0x0000000000000000 | 18.60 47.74 47.15 | cpu  5442669477 61394 60892918 11894265309 4396839 0 1057950 0 0 0
1791591338 180, 405, 25, 0x0000000000000000 | 18.60 47.74 47.15 | cpu  5442674281 61394 60892941 11894274741 4396839 0 1057950 0 0 0
1791591339 180, 405, 25, 0x0000000000000000 | 18.60 47.74 47.15 | cpu  5442679061 61394 60892992 11894284139 4396839 0 1057950 0 0 0
1791591340 2797, 13801, 30, 0x0000000000000000 | 18.60 47.74 47.15 | cpu  5442683471 61394 60893018 11894293550 4396840 0 1057950 0 0 0
1791591341 2790, 13801, 36, 0x0000000000000000 | 17.19 46.96 46.90 | cpu  5442688195 61394 60893040 11894302859 4396840 0 1057951 0 0 0
1791591342 2805, 13801, 33, 0x0000000000000000 | 17.19 46.96 46.90 | cpu  5442692928 61394 60893067 11894312276 4396840 0 1057951 0 0 0
1791591343 2797, 13801, 34, 0x0000000000000000 | 17.19 46.96 46.90 | cpu  5442697649 61394 60893087 11894321498 4396840 0 1057951 0 0 0
1791591344 2812, 13801, 32, 0x0000000000000000 | 17.19 46.96 46.90 | cpu  5442702377 61394 60893112 11894330859 4396840 0 1057951 0 0 0
1791591345 2797, 13801, 37, 0x0000000000000000 | 17.19 46.96 46.90 | cpu  5442707101 61394 60893133 11894340192 4396840 0 1057951 0 0 0
1791591346 2812, 13801, 34, 0x0000000000000000 | 16.13 46.25 46.67 | cpu  5442711822 61394 60893152 11894349449 4396841 0 1057951 0 0 0
1791591347 2805, 13801, 34, 0x0000000000000000 | 16.13 46.25 46.67 | cpu  5442716520 61394 60893176 11894358717 4396841 0 1057952 0 0 0
1791591348 2790, 13801, 37, 0x0000000000000000 | 16.13 46.25 46.67 | cpu  5442721137 61394 60893196 11894368144 4396841 0 1057952 0 0 0
1791591350 2797, 13801, 33, 0x0000000000000000 | 16.13 46.25 46.67 | cpu  5442725599 61395 60893245 11894377543 4396842 0 1057952 0 0 0
1791591351 2797, 13801, 36, 0x0000000000000000 | 15.00 45.52 46.43 | cpu  5442730502 61395 60893267 11894386975 4396842 0 1057952 0 0 0
1791591352 2790, 13801, 35, 0x0000000000000000 | 15.00 45.52 46.43 | cpu  5442735201 61395 60893288 11894396410 4396842 0 1057952 0 0 0
1791591353 2797, 13801, 36, 0x0000000000000000 | 15.00 45.52 46.43 | cpu  5442739770 61395 60893319 11894405766 4396842 0 1057952 0 0 0
1791591354 2805, 13801, 35, 0x0000000000000000 | 15.00 45.52 46.43 | cpu  5442744498 61395 60893392 11894414977 4396842 0 1057953 0 0 0
1791591355 2820, 13801, 33, 0x0000000000000000 | 15.00 45.52 46.43 | cpu  5442749226 61395 60893517 11894424133 4396842 0 1057953 0 0 0
1791591356 2790, 13801, 35, 0x0000000000000000 | 13.88 44.78 46.18 | cpu  5442753955 61395 60893539 11894433504 4396842 0 1057953 0 0 0
1791591357 2790, 13801, 35, 0x0000000000000000 | 13.88 44.78 46.18 | cpu  5442758680 61395 60893557 11894442719 4396842 0 1057953 0 0 0
1791591358 2797, 13801, 37, 0x0000000000000000 | 13.88 44.78 46.18 | cpu  5442763401 61395 60893580 11894451990 4396843 0 1057953 0 0 0
1791591359 2790, 13801, 37, 0x0000000000000000 | 13.88 44.78 46.18 | cpu  5442768109 61395 60893627 11894461364 4396843 0 1057953 0 0 0
1791591360 2790, 13801, 38, 0x0000000000000000 | 12.85 44.05 45.94 | cpu  5442772829 61395 60893655 11894470776 4396843 0 1057953 0 0 0
1791591362 2797, 13801, 36, 0x0000000000000000 | 12.85 44.05 45.94 | cpu  5442777582 61395 60893678 11894480218 4396843 0 1057953 0 0 0
1791591363 2805, 13801, 38, 0x0000000000000000 | 12.85 44.05 45.94 | cpu  5442782103 61395 60893701 11894489633 4396843 0 1057953 0 0 0
1791591364 2805, 13801, 38, 0x0000000000000000 | 12.85 44.05 45.94 | cpu  5442786625 61395 60893722 11894499049 4396844 0 1057953 0 0 0
1791591365 2797, 13801, 36, 0x0000000000000000 | 12.85 44.05 45.94 | cpu  5442791363 61395 60893754 11894508378 4396844 0 1057954 0 0 0
1791591366 2805, 13801, 36, 0x0000000000000000 | 11.90 43.33 45.70 | cpu  5442796090 61395 60893772 11894517582 4396845 0 1057954 0 0 0
1791591367 2797, 13801, 37, 0x0000000000000000 | 11.90 43.33 45.70 | cpu  5442800815 61395 60893793 11894526907 4396845 0 1057954 0 0 0
1791591368 2805, 13801, 35, 0x0000000000000000 | 11.90 43.33 45.70 | cpu  5442805541 61395 60893814 11894536217 4396845 0 1057954 0 0 0
1791591369 2790, 13801, 38, 0x0000000000000000 | 11.90 43.33 45.70 | cpu  5442810266 61396 60893839 11894545421 4396845 0 1057954 0 0 0
1791591370 2790, 13801, 40, 0x0000000000000000 | 11.03 42.63 45.46 | cpu  5442814984 61396 60893889 11894554748 4396845 0 1057955 0 0 0
1791591371 2790, 13801, 37, 0x0000000000000000 | 11.03 42.63 45.46 | cpu  5442819470 61396 60893908 11894564167 4396845 0 1057955 0 0 0
1791591372 2790, 13801, 38, 0x0000000000000000 | 11.03 42.63 45.46 | cpu  5442824029 61396 60893931 11894573596 4396845 0 1057955 0 0 0
1791591374 2797, 13801, 39, 0x0000000000000000 | 11.03 42.63 45.46 | cpu  5442828759 61396 60893957 11894582951 4396845 0 1057955 0 0 0
1791591375 2790, 13801, 39, 0x0000000000000000 | 11.03 42.63 45.46 | cpu  5442833486 61396 60893980 11894592282 4396845 0 1057955 0 0 0
1791591376 2797, 13801, 40, 0x0000000000000000 | 10.30 41.96 45.22 | cpu  5442838218 61396 60894011 11894601732 4396847 0 1057955 0 0 0
1791591377 2790, 13801, 40, 0x0000000000000000 | 10.30 41.96 45.22 | cpu  5442842942 61396 60894030 11894611012 4396847 0 1057955 0 0 0
1791591378 2790, 13801, 40, 0x0000000000000000 | 10.30 41.96 45.22 | cpu  5442847671 61396 60894051 11894620302 4396847 0 1057955 0 0 0
1791591379 2805, 13801, 41, 0x0000000000000000 | 10.30 41.96 45.22 | cpu  5442852452 61396 60894103 11894629673 4396847 0 1057955 0 0 0
1791591380 2797, 13801, 41, 0x0000000000000000 | 10.30 41.96 45.22 | cpu  5442857213 61396 60894164 11894639019 4396847 0 1057955 0 0 0
1791591381 2797, 13801, 39, 0x0000000000000000 | 9.56 41.28 44.99 | cpu  5442861945 61396 60894232 11894648343 4396848 0 1057955 0 0 0
1791591382 2790, 13801, 39, 0x0000000000000000 | 9.56 41.28 44.99 | cpu  5442866782 61396 60894359 11894657470 4396848 0 1057955 0 0 0
1791591383 2790, 13801, 41, 0x0000000000000000 | 9.56 41.28 44.99 | cpu  5442871548 61396 60894396 11894666648 4396848 0 1057955 0 0 0
1791591384 2797, 13801, 40, 0x0000000000000000 | 9.56 41.28 44.99 | cpu  5442876302 61396 60894445 11894675893 4396848 0 1057956 0 0 0
1791591386 2782, 13801, 42, 0x0000000000000000 | 8.87 40.61 44.75 | cpu  5442881003 61396 60894492 11894685239 4396848 0 1057956 0 0 0
1791591387 2790, 13801, 40, 0x0000000000000000 | 8.87 40.61 44.75 | cpu  5442885574 61396 60894562 11894694568 4396848 0 1057956 0 0 0
1791591388 2790, 13801, 41, 0x0000000000000000 | 8.87 40.61 44.75 | cpu  5442890246 61396 60894597 11894703817 4396849 0 1057956 0 0 0
1791591389 2797, 13801, 38, 0x0000000000000000 | 8.87 40.61 44.75 | cpu  5442895073 61396 60894621 11894712916 4396850 0 1057956 0 0 0
1791591390 2812, 13801, 36, 0x0000000000000000 | 8.87 40.61 44.75 | cpu  5442899908 61396 60894647 11894722068 4396850 0 1057956 0 0 0
1791591391 2797, 13801, 40, 0x0000000000000000 | 8.32 39.97 44.52 | cpu  5442904723 61396 60894696 11894731303 4396850 0 1057957 0 0 0
1791591392 2797, 13801, 41, 0x0000000000000000 | 8.32 39.97 44.52 | cpu  5442909453 61396 60894718 11894740573 4396850 0 1057957 0 0 0
1791591393 2797, 13801, 40, 0x0000000000000000 | 8.32 39.97 44.52 | cpu  5442914177 61396 60894741 11894749872 4396850 0 1057957 0 0 0
1791591394 2782, 13801, 40, 0x0000000000000000 | 8.32 39.97 44.52 | cpu  5442918863 61396 60894763 11894759277 4396850 0 1057957 0 0 0
1791591395 2790, 13801, 45, 0x0000000000000000 | 7.73 39.32 44.29 | cpu  5442923416 61396 60894793 11894768693 4396850 0 1057957 0 0 0
1791591396 2790, 13801, 39, 0x0000000000000000 | 7.73 39.32 44.29 | cpu  5442928004 61396 60894817 11894778117 4396850 0 1057957 0 0 0
1791591398 2805, 13801, 40, 0x0000000000000000 | 7.73 39.32 44.29 | cpu  5442932674 61396 60894904 11894787417 4396850 0 1057957 0 0 0
1791591399 2797, 13801, 39, 0x0000000000000000 | 7.73 39.32 44.29 | cpu  5442937411 61396 60894970 11894796592 4396850 0 1057957 0 0 0
1791591400 2790, 13801, 39, 0x0000000000000000 | 7.73 39.32 44.29 | cpu  5442942137 61396 60894989 11894805884 4396850 0 1057957 0 0 0
1791591401 2797, 13801, 39, 0x0000000000000000 | 7.28 38.70 44.06 | cpu  5442946863 61396 60895015 11894815222 4396850 0 1057957 0 0 0
1791591402 2790, 13801, 41, 0x0000000000000000 | 7.28 38.70 44.06 | cpu  5442951590 61396 60895058 11894824477 4396850 0 1057957 0 0 0
1791591403 2797, 13801, 38, 0x0000000000000000 | 7.28 38.70 44.06 | cpu  5442956316 61396 60895082 11894833758 4396850 0 1057958 0 0 0
1791591404 2797, 13801, 38, 0x0000000000000000 | 7.28 38.70 44.06 | cpu  5442961009 61396 60895107 11894843121 4396850 0 1057958 0 0 0
1791591405 2790, 13801, 38, 0x0000000000000000 | 7.28 38.70 44.06 | cpu  5442965608 61396 60895127 11894852552 4396850 0 1057958 0 0 0
1791591406 2782, 13801, 43, 0x0000000000000000 | 6.77 38.07 43.83 | cpu  5442970281 61396 60895150 11894861984 4396850 0 1057958 0 0 0
1791591407 2797, 13801, 38, 0x0000000000000000 | 6.77 38.07 43.83 | cpu  5442974867 61396 60895175 11894871411 4396850 0 1057958 0 0 0
1791591408 2797, 13801, 39, 0x0000000000000000 | 6.77 38.07 43.83 | cpu  5442979517 61396 60895194 11894880767 4396851 0 1057959 0 0 0
1791591409 2797, 13801, 39, 0x0000000000000000 | 6.77 38.07 43.83 | cpu  5442984241 61396 60895219 11894890017 4396851 0 1057959 0 0 0
1791591411 2797, 13801, 39, 0x0000000000000000 | 6.31 37.46 43.60 | cpu  5442988972 61396 60895242 11894899321 4396851 0 1057959 0 0 0
1791591412 2820, 13801, 42, 0x0000000000000000 | 6.31 37.46 43.60 | cpu  5442993704 61396 60895300 11894908636 4396851 0 1057959 0 0 0
1791591413 2797, 13801, 40, 0x0000000000000000 | 6.31 37.46 43.60 | cpu  5442998426 61396 60895323 11894917985 4396852 0 1057959 0 0 0
1791591414 2797, 13801, 39, 0x0000000000000000 | 6.31 37.46 43.60 | cpu  5443003156 61396 60895375 11894927188 4396852 0 1057959 0 0 0
1791591415 2797, 13801, 41, 0x0000000000000000 | 6.31 37.46 43.60 | cpu  5443007857 61396 60895400 11894936478 4396852 0 1057959 0 0 0
1791591416 2797, 13801, 40, 0x0000000000000000 | 5.88 36.85 43.37 | cpu  5443012546 61396 60895426 11894945902 4396852 0 1057959 0 0 0
1791591417 2805, 13801, 38, 0x0000000000000000 | 5.88 36.85 43.37 | cpu  5443016925 61396 60895496 11894955272 4396852 0 1057959 0 0 0
1791591418 2797, 13801, 39, 0x0000000000000000 | 5.88 36.85 43.37 | cpu  5443021659 61396 60895620 11894964468 4396852 0 1057959 0 0 0
1791591419 2790, 13801, 41, 0x0000000000000000 | 5.88 36.85 43.37 | cpu  5443026379 61396 60895645 11894973680 4396853 0 1057959 0 0 0
1791591420 2790, 13801, 41, 0x0000000000000000 | 5.49 36.26 43.14 | cpu  5443031109 61396 60895672 11894982944 4396853 0 1057960 0 0 0
1791591421 2790, 13801, 40, 0x0000000000000000 | 5.49 36.26 43.14 | cpu  5443035844 61396 60895701 11894992194 4396853 0 1057960 0 0 0
1791591423 2797, 13801, 40, 0x0000000000000000 | 5.49 36.26 43.14 | cpu  5443040570 61396 60895752 11895001447 4396853 0 1057960 0 0 0
1791591424 2797, 13801, 41, 0x0000000000000000 | 5.49 36.26 43.14 | cpu  5443045263 61396 60895776 11895010837 4396853 0 1057960 0 0 0
1791591425 2790, 13801, 44, 0x0000000000000000 | 5.49 36.26 43.14 | cpu  5443049874 61396 60895799 11895020267 4396853 0 1057960 0 0 0
1791591426 2805, 13801, 38, 0x0000000000000000 | 5.13 35.67 42.91 | cpu  5443054319 61396 60895820 11895029666 4396855 0 1057960 0 0 0
1791591427 2797, 13801, 40, 0x0000000000000000 | 5.13 35.67 42.91 | cpu  5443059041 61396 60895839 11895038939 4396855 0 1057960 0 0 0
1791591428 2797, 13801, 42, 0x0000000000000000 | 5.13 35.67 42.91 | cpu  5443063775 61396 60895867 11895048160 4396855 0 1057960 0 0 0
1791591429 2790, 13801, 41, 0x0000000000000000 | 5.13 35.67 42.91 | cpu  5443068501 61396 60895911 11895057522 4396855 0 1057961 0 0 0
1791591430 2797, 13801, 41, 0x0000000000000000 | 5.13 35.67 42.91 | cpu  5443073230 61396 60895944 11895066887 4396855 0 1057961 0 0 0
1791591431 2782, 13801, 43, 0x0000000000000000 | 4.80 35.10 42.69 | cpu  5443077955 61396 60895968 11895076111 4396883 0 1057961 0 0 0
1791591432 2805, 13801, 45, 0x0000000000000000 | 4.80 35.10 42.69 | cpu  5443082683 61396 60896019 11895085572 4396883 0 1057961 0 0 0
1791591433 2805, 13801, 38, 0x0000000000000000 | 4.80 35.10 42.69 | cpu  5443087406 61396 60896043 11895094854 4396883 0 1057961 0 0 0
1791591435 2797, 13801, 40, 0x0000000000000000 | 4.80 35.10 42.69 | cpu  5443092113 61396 60896069 11895104182 4396883 0 1057961 0 0 0
1791591436 2797, 13801, 40, 0x0000000000000000 | 4.58 34.55 42.47 | cpu  5443096676 61396 60896088 11895113612 4396883 0 1057961 0 0 0
1791591437 2797, 13801, 42, 0x0000000000000000 | 4.58 34.55 42.47 | cpu  5443101173 61396 60896110 11895123041 4396883 0 1057961 0 0 0
1791591438 2797, 13801, 40, 0x0000000000000000 | 4.58 34.55 42.47 | cpu  5443105885 61396 60896135 11895132419 4396883 0 1057961 0 0 0
1791591439 2797, 13801, 40, 0x0000000000000000 | 4.58 34.55 42.47 | cpu  5443110610 61396 60896156 11895141737 4396883 0 1057961 0 0 0
1791591440 2805, 13801, 43, 0x0000000000000000 | 4.58 34.55 42.47 | cpu  5443115340 61396 60896188 11895151183 4396883 0 1057961 0 0 0
1791591441 2790, 13801, 42, 0x0000000000000000 | 4.37 34.01 42.25 | cpu  5443120066 61396 60896208 11895160440 4396883 0 1057961 0 0 0
1791591442 2797, 13801, 43, 0x0000000000000000 | 4.37 34.01 42.25 | cpu  5443124784 61396 60896229 11895169728 4396884 0 1057961 0 0 0
1791591443 2797, 13801, 41, 0x0000000000000000 | 4.37 34.01 42.25 | cpu  5443129510 61396 60896280 11895179106 4396884 0 1057961 0 0 0
1791591444 2797, 13801, 42, 0x0000000000000000 | 4.37 34.01 42.25 | cpu  5443134249 61396 60896316 11895188273 4396884 0 1057961 0 0 0
1791591445 2790, 13801, 43, 0x0000000000000000 | 4.18 33.47 42.03 | cpu  5443138979 61396 60896397 11895197530 4396884 0 1057962 0 0 0
1791591447 2790, 13801, 42, 0x0000000000000000 | 4.18 33.47 42.03 | cpu  5443143721 61396 60896486 11895206867 4396884 0 1057962 0 0 0
1791591448 2797, 13801, 39, 0x0000000000000000 | 4.18 33.47 42.03 | cpu  5443148425 61396 60896507 11895216279 4396885 0 1057962 0 0 0
1791591449 2797, 13801, 40, 0x0000000000000000 | 4.18 33.47 42.03 | cpu  5443153169 61396 60896532 11895225724 4396885 0 1057962 0 0 0
1791591450 2790, 13801, 41, 0x0000000000000000 | 4.18 33.47 42.03 | cpu  5443157873 61396 60896556 11895235141 4396885 0 1057963 0 0 0
1791591451 2805, 13801, 38, 0x0000000000000000 | 3.93 32.93 41.81 | cpu  5443162295 61396 60896578 11895244570 4396885 0 1057963 0 0 0
1791591452 2805, 13801, 44, 0x0000000000000000 | 3.93 32.93 41.81 | cpu  5443166985 61396 60896600 11895254002 4396885 0 1057963 0 0 0
1791591453 2797, 13801, 40, 0x0000000000000000 | 3.93 32.93 41.81 | cpu  5443171852 61396 60896645 11895263408 4396885 0 1057963 0 0 0
1791591454 2797, 13801, 39, 0x0000000000000000 | 3.93 32.93 41.81 | cpu  5443176637 61397 60896677 11895272834 4396886 0 1057963 0 0 0
1791591455 2805, 13801, 39, 0x0000000000000000 | 3.69 32.40 41.59 | cpu  5443181494 61397 60896704 11895282254 4396886 0 1057963 0 0 0
1791591456 2797, 13801, 39, 0x0000000000000000 | 3.69 32.40 41.59 | cpu  5443186070 61397 60896724 11895291683 4396886 0 1057963 0 0 0
1791591458 2805, 13801, 38, 0x0000000000000000 | 3.69 32.40 41.59 | cpu  5443190716 61397 60896747 11895301117 4396887 0 1057963 0 0 0
1791591459 2790, 13801, 38, 0x0000000000000000 | 3.69 32.40 41.59 | cpu  5443195286 61397 60896768 11895310551 4396887 0 1057964 0 0 0
1791591460 2812, 13801, 43, 0x0000000000000000 | 3.69 32.40 41.59 | cpu  5443200002 61397 60896795 11895319803 4396887 0 1057964 0 0 0
1791591461 2782, 13801, 43, 0x0000000000000000 | 3.48 31.88 41.38 | cpu  5443204758 61397 60896886 11895329123 4396887 0 1057964 0 0 0
1791591462 2805, 13801, 39, 0x0000000000000000 | 3.48 31.88 41.38 | cpu  5443209485 61397 60897063 11895338246 4396887 0 1057964 0 0 0
1791591463 2812, 13801, 37, 0x0000000000000000 | 3.48 31.88 41.38 | cpu  5443214214 61397 60897241 11895347451 4396888 0 1057964 0 0 0
1791591464 2812, 13801, 43, 0x0000000000000000 | 3.48 31.88 41.38 | cpu  5443218976 61397 60897432 11895356544 4396888 0 1057964 0 0 0
1791591465 2797, 13801, 40, 0x0000000000000000 | 3.48 31.88 41.38 | cpu  5443223797 61397 60897473 11895365644 4396888 0 1057964 0 0 0
1791591466 2805, 13801, 38, 0x0000000000000000 | 3.36 31.39 41.16 | cpu  5443228631 61397 60897501 11895374836 4396888 0 1057964 0 0 0
1791591467 2797, 13801, 38, 0x0000000000000000 | 3.36 31.39 41.16 | cpu  5443233177 61397 60897543 11895384111 4396889 0 1057964 0 0 0
1791591468 2790, 13801, 43, 0x0000000000000000 | 3.36 31.39 41.16 | cpu  5443237956 61397 60897568 11895393441 4396890 0 1057964 0 0 0
1791591470 2797, 13801, 40, 0x0000000000000000 | 3.36 31.39 41.16 | cpu  5443242689 61397 60897601 11895402620 4396890 0 1057965 0 0 0
1791591471 2805, 13801, 42, 0x0000000000000000 | 3.25 30.90 40.95 | cpu  5443247521 61397 60897637 11895411888 4396890 0 1057965 0 0 0
1791591472 2790, 13801, 43, 0x0000000000000000 | 3.25 30.90 40.95 | cpu  5443252331 61397 60897663 11895421058 4396891 0 1057965 0 0 0
1791591473 2797, 13801, 41, 0x0000000000000000 | 3.25 30.90 40.95 | cpu  5443257165 61397 60897695 11895430262 4396891 0 1057965 0 0 0
1791591474 2797, 13801, 40, 0x0000000000000000 | 3.25 30.90 40.95 | cpu  5443261993 61397 60897738 11895439547 4396892 0 1057965 0 0 0
1791591475 2797, 13801, 40, 0x0000000000000000 | 3.25 30.90 40.95 | cpu  5443266816 61397 60897778 11895448762 4396892 0 1057965 0 0 0
1791591476 2797, 13801, 40, 0x0000000000000000 | 3.15 30.42 40.74 | cpu  5443271645 61397 60897816 11895457871 4396892 0 1057966 0 0 0
1791591477 2797, 13801, 38, 0x0000000000000000 | 3.15 30.42 40.74 | cpu  5443276479 61397 60897849 11895467054 4396894 0 1057966 0 0 0
1791591478 2797, 13801, 38, 0x0000000000000000 | 3.15 30.42 40.74 | cpu  5443281268 61397 60897881 11895476363 4396894 0 1057966 0 0 0
1791591479 2797, 13801, 40, 0x0000000000000000 | 3.15 30.42 40.74 | cpu  5443285963 61397 60897920 11895485660 4396894 0 1057966 0 0 0
1791591480 2790, 13801, 41, 0x0000000000000000 | 3.22 29.98 40.55 | cpu  5443290699 61397 60898003 11895494909 4396894 0 1057967 0 0 0
1791591482 2790, 13801, 42, 0x0000000000000000 | 3.22 29.98 40.55 | cpu  5443295376 61397 60898133 11895504095 4396894 0 1057967 0 0 0
1791591483 2790, 13801, 41, 0x0000000000000000 | 3.22 29.98 40.55 | cpu  5443300215 61397 60898170 11895513283 4396895 0 1057967 0 0 0
1791591484 2797, 13801, 44, 0x0000000000000000 | 3.22 29.98 40.55 | cpu  5443305039 61397 60898203 11895522379 4396895 0 1057967 0 0 0
1791591485 2782, 13801, 42, 0x0000000000000000 | 3.22 29.98 40.55 | cpu  5443309875 61397 60898263 11895531595 4396896 0 1057967 0 0 0
1791591486 2797, 13801, 45, 0x0000000000000000 | 3.28 29.55 40.35 | cpu  5443314698 61397 60898287 11895540882 4396896 0 1057967 0 0 0
1791591487 2790, 13801, 45, 0x0000000000000000 | 3.28 29.55 40.35 | cpu  5443319526 61397 60898323 11895550098 4396896 0 1057967 0 0 0
1791591488 2797, 13801, 41, 0x0000000000000000 | 3.28 29.55 40.35 | cpu  5443324354 61397 60898357 11895559229 4396896 0 1057968 0 0 0
1791591489 2790, 13801, 44, 0x0000000000000000 | 3.28 29.55 40.35 | cpu  5443329160 61397 60898381 11895568428 4396896 0 1057968 0 0 0
1791591490 2797, 13801, 41, 0x0000000000000000 | 3.26 29.11 40.15 | cpu  5443333913 61397 60898422 11895577712 4396897 0 1057968 0 0 0
1791591491 2797, 13801, 44, 0x0000000000000000 | 3.26 29.11 40.15 | cpu  5443338498 61397 60898461 11895587011 4396900 0 1057969 0 0 0
1791591492 2782, 13801, 44, 0x0000000000000000 | 3.26 29.11 40.15 | cpu  5443343252 61397 60898533 11895596158 4396905 0 1057969 0 0 0
1791591493 2805, 13801, 39, 0x0000000000000000 | 3.26 29.11 40.15 | cpu  5443348091 61397 60898614 11895605218 4396907 0 1057970 0 0 0
1791591495 2797, 13801, 41, 0x0000000000000000 | 3.26 29.11 40.15 | cpu  5443352922 61397 60898671 11895614369 4396907 0 1057970 0 0 0
1791591496 2805, 13801, 41, 0x0000000000000000 | 3.16 28.66 39.94 | cpu  5443357747 61397 60898724 11895623480 4396908 0 1057970 0 0 0
1791591497 2790, 13801, 43, 0x0000000000000000 | 3.16 28.66 39.94 | cpu  5443362557 61397 60898763 11895632639 4396908 0 1057970 0 0 0
1791591498 2797, 13801, 41, 0x0000000000000000 | 3.16 28.66 39.94 | cpu  5443367271 61397 60899041 11895641647 4396939 0 1057970 0 0 0
1791591499 2782, 13801, 41, 0x0000000000000000 | 3.16 28.66 39.94 | cpu  5443371812 61397 60899399 11895650671 4396975 0 1057970 0 0 0
1791591500 2797, 13801, 42, 0x0000000000000000 | 3.16 28.66 39.94 | cpu  5443376464 61397 60899943 11895659492 4397032 0 1057970 0 0 0
1791591501 2805, 13801, 40, 0x0000000000000000 | 3.62 28.33 39.78 | cpu  5443381125 61397 60900513 11895668275 4397082 0 1057970 0 0 0
1791591502 2782, 13801, 43, 0x0000000000000000 | 3.62 28.33 39.78 | cpu  5443385856 61397 60901087 11895677046 4397134 0 1057970 0 0 0
1791591503 2782, 13801, 44, 0x0000000000000000 | 3.62 28.33 39.78 | cpu  5443390580 61397 60901674 11895685640 4397179 0 1057970 0 0 0
1791591504 2805, 13801, 46, 0x0000000000000000 | 3.62 28.33 39.78 | cpu  5443395319 61397 60902244 11895694252 4397223 0 1057970 0 0 0
1791591505 2797, 13801, 40, 0x0000000000000000 | 3.89 27.97 39.60 | cpu  5443400058 61397 60902822 11895702963 4397271 0 1057970 0 0 0
1791591507 2805, 13801, 40, 0x0000000000000000 | 3.89 27.97 39.60 | cpu  5443404796 61397 60903359 11895711616 4397322 0 1057971 0 0 0
1791591508 2805, 13801, 43, 0x0000000000000000 | 3.89 27.97 39.60 | cpu  5443409542 61397 60903883 11895720388 4397369 0 1057971 0 0 0
1791591509 2790, 13801, 40, 0x0000000000000000 | 3.89 27.97 39.60 | cpu  5443414252 61397 60904306 11895729311 4397397 0 1057971 0 0 0
1791591510 2790, 13801, 43, 0x0000000000000000 | 3.89 27.97 39.60 | cpu  5443418800 61397 60904478 11895738504 4397397 0 1057972 0 0 0
1791591511 2797, 13801, 42, 0x0000000000000000 | 3.82 27.56 39.40 | cpu  5443423779 61397 60904558 11895747754 4397398 0 1057972 0 0 0
1791591512 2805, 13801, 43, 0x0000000000000000 | 3.82 27.56 39.40 | cpu  5443428537 61397 60904586 11895757078 4397398 0 1057972 0 0 0
1791591513 2790, 13801, 42, 0x0000000000000000 | 3.82 27.56 39.40 | cpu  5443433209 61397 60904616 11895766394 4397398 0 1057972 0 0 0
1791591514 2797, 13801, 41, 0x0000000000000000 | 3.82 27.56 39.40 | cpu  5443438205 61398 60904655 11895775696 4397399 0 1057973 0 0 0
1791591515 2782, 13801, 42, 0x0000000000000000 | 3.68 27.14 39.20 | cpu  5443442806 61398 60904691 11895784955 4397399 0 1057973 0 0 0
1791591516 2805, 13801, 39, 0x0000000000000000 | 3.68 27.14 39.20 | cpu  5443447627 61398 60904748 11895794219 4397399 0 1057973 0 0 0
1791591517 2797, 13801, 40, 0x0000000000000000 | 3.68 27.14 39.20 | cpu  5443452449 61398 60904778 11895803337 4397399 0 1057973 0 0 0
1791591519 2790, 13801, 41, 0x0000000000000000 | 3.68 27.14 39.20 | cpu  5443457279 61398 60904807 11895812492 4397399 0 1057973 0 0 0
1791591520 2790, 13801, 43, 0x0000000000000000 | 3.68 27.14 39.20 | cpu  5443462101 61398 60904837 11895821717 4397400 0 1057973 0 0 0
1791591521 2790, 13801, 41, 0x0000000000000000 | 3.54 26.72 39.00 | cpu  5443466929 61398 60904871 11895830785 4397401 0 1057973 0 0 0
1791591522 2797, 13801, 40, 0x0000000000000000 | 3.54 26.72 39.00 | cpu  5443471744 61398 60904901 11895840020 4397401 0 1057973 0 0 0
1791591523 2797, 13801, 39, 0x0000000000000000 | 3.54 26.72 39.00 | cpu  5443476514 61398 60904925 11895849342 4397401 0 1057973 0 0 0
1791591524 2812, 13801, 44, 0x0000000000000000 | 3.54 26.72 39.00 | cpu  5443481131 61398 60904973 11895858614 4397402 0 1057973 0 0 0
1791591525 2782, 13801, 45, 0x0000000000000000 | 3.54 26.72 39.00 | cpu  5443486233 61398 60905036 11895867889 4397402 0 1057973 0 0 0
1791591526 2797, 13801, 46, 0x0000000000000000 | 3.50 26.32 38.81 | cpu  5443490876 61398 60905191 11895877051 4397402 0 1057973 0 0 0
1791591527 2805, 13801, 39, 0x0000000000000000 | 3.50 26.32 38.81 | cpu  5443495568 61398 60905220 11895886363 4397402 0 1057973 0 0 0
1791591528 2805, 13801, 44, 0x0000000000000000 | 3.50 26.32 38.81 | cpu  5443500329 61398 60905250 11895895612 4397402 0 1057973 0 0 0
1791591529 2790, 13801, 41, 0x0000000000000000 | 3.50 26.32 38.81 | cpu  5443505147 61398 60905277 11895904797 4397403 0 1057973 0 0 0
1791591531 2797, 13801, 41, 0x0000000000000000 | 3.38 25.92 38.61 | cpu  5443509985 61398 60905311 11895913971 4397403 0 1057974 0 0 0
1791591532 2797, 13801, 41, 0x0000000000000000 | 3.38 25.92 38.61 | cpu  5443514811 61398 60905344 11895923132 4397403 0 1057974 0 0 0
1791591533 2812, 13801, 38, 0x0000000000000000 | 3.38 25.92 38.61 | cpu  5443519628 61398 60905369 11895932386 4397403 0 1057974 0 0 0
1791591534 2797, 13801, 40, 0x0000000000000000 | 3.38 25.92 38.61 | cpu  5443524451 61398 60905400 11895941487 4397403 0 1057974 0 0 0
1791591535 2805, 13801, 39, 0x0000000000000000 | 3.38 25.92 38.61 | cpu  5443529247 61398 60905433 11895950724 4397403 0 1057975 0 0 0
1791591536 2805, 13801, 38, 0x0000000000000000 | 3.35 25.54 38.42 | cpu  5443534031 61398 60905466 11895960037 4397403 0 1057975 0 0 0
1791591537 2812, 13801, 37, 0x0000000000000000 | 3.35 25.54 38.42 | cpu  5443538495 61398 60905573 11895969235 4397413 0 1057975 0 0 0
1791591538 2842, 13801, 35, 0x0000000000000000 | 3.35 25.54 38.42 | cpu  5443543294 61398 60905611 11895978400 4397413 0 1057975 0 0 0
1791591539 2392, 13801, 34, 0x0000000000000000 | 3.35 25.54 38.42 | cpu  5443548099 61398 60905646 11895987541 4397413 0 1057976 0 0 0
1791591540 2392, 13801, 34, 0x0000000000000000 | 3.24 25.15 38.22 | cpu  5443552907 61398 60905693 11895996716 4397414 0 1057976 0 0 0
1791591541 2392, 13801, 34, 0x0000000000000000 | 3.24 25.15 38.22 | cpu  5443557625 61398 60905769 11896005866 4397414 0 1057976 0 0 0
1791591543 2392, 13801, 34, 0x0000000000000000 | 3.24 25.15 38.22 | cpu  5443562389 61398 60905826 11896015157 4397414 0 1057976 0 0 0
1791591544 2392, 13801, 33, 0x0000000000000000 | 3.24 25.15 38.22 | cpu  5443566976 61398 60905910 11896024423 4397414 0 1057976 0 0 0
1791591545 2392, 13801, 33, 0x0000000000000000 | 3.24 25.15 38.22 | cpu  5443571580 61398 60906056 11896033642 4397414 0 1057976 0 0 0
1791591546 2392, 13801, 33, 0x0000000000000000 | 3.14 24.76 38.03 | cpu  5443576375 61398 60906104 11896042818 4397414 0 1057976 0 0 0
1791591547 2392, 13801, 33, 0x0000000000000000 | 3.14 24.76 38.03 | cpu  5443581180 61398 60906169 11896051862 4397414 0 1057976 0 0 0
1791591548 2392, 13801, 33, 0x0000000000000000 | 3.14 24.76 38.03 | cpu  5443585991 61398 60906224 11896061019 4397414 0 1057976 0 0 0
1791591549 2392, 13801, 33, 0x0000000000000000 | 3.14 24.76 38.03 | cpu  5443590735 61398 60906313 11896070147 4397416 0 1057976 0 0 0
1791591550 2392, 13801, 33, 0x0000000000000000 | 3.14 24.76 38.03 | cpu  5443595720 61398 60906391 11896079159 4397418 0 1057976 0 0 0
1791591551 2392, 13801, 33, 0x0000000000000000 | 3.13 24.40 37.84 | cpu  5443600224 61398 60906579 11896088346 4397426 0 1057976 0 0 0
1791591552 2392, 13801, 33, 0x0000000000000000 | 3.13 24.40 37.84 | cpu  5443605210 61398 60906772 11896097118 4397426 0 1057977 0 0 0
1791591553 2392, 13801, 33, 0x0000000000000000 | 3.13 24.40 37.84 | cpu  5443609915 61398 60906833 11896106369 4397426 0 1057977 0 0 0
1791591554 2392, 13801, 32, 0x0000000000000000 | 3.13 24.40 37.84 | cpu  5443614610 61398 60906875 11896115619 4397426 0 1057977 0 0 0
1791591556 2392, 13801, 32, 0x0000000000000000 | 13.29 26.15 38.34 | cpu  5443619318 61398 60906926 11896124897 4397426 0 1057977 0 0 0
1791591557 2392, 13801, 32, 0x0000000000000000 | 13.29 26.15 38.34 | cpu  5443624015 61398 60906963 11896134088 4397426 0 1057977 0 0 0
1791591558 2392, 13801, 32, 0x0000000000000000 | 13.29 26.15 38.34 | cpu  5443628688 61398 60907101 11896143293 4397428 0 1057978 0 0 0
1791591559 2392, 13801, 32, 0x0000000000000000 | 13.29 26.15 38.34 | cpu  5443633103 61398 60907196 11896152648 4397428 0 1057978 0 0 0
1791591560 2392, 13801, 32, 0x0000000000000000 | 13.29 26.15 38.34 | cpu  5443637710 61398 60907238 11896162011 4397428 0 1057978 0 0 0
1791591561 2392, 13801, 32, 0x0000000000000000 | 22.63 27.88 38.83 | cpu  5443642405 61398 60907274 11896171203 4397428 0 1057978 0 0 0
1791591562 2392, 13801, 32, 0x0000000000000000 | 22.63 27.88 38.83 | cpu  5443647107 61398 60907308 11896180496 4397428 0 1057978 0 0 0
1791591563 2392, 13801, 32, 0x0000000000000000 | 22.63 27.88 38.83 | cpu  5443651803 61398 60907345 11896189718 4397429 0 1057978 0 0 0
1791591564 2392, 13801, 32, 0x0000000000000000 | 22.63 27.88 38.83 | cpu  5443656466 61398 60907385 11896199018 4397430 0 1057978 0 0 0
1791591565 2392, 13801, 32, 0x0000000000000000 | 31.31 29.59 39.32 | cpu  5443660856 61398 60907436 11896208448 4397430 0 1057978 0 0 0
1791591566 2392, 13801, 32, 0x0000000000000000 | 31.31 29.59 39.32 | cpu  5443665400 61398 60907538 11896217773 4397430 0 1057978 0 0 0
1791591567 2392, 13801, 32, 0x0000000000000000 | 31.31 29.59 39.32 | cpu  5443670094 61398 60907572 11896226928 4397430 0 1057978 0 0 0
1791591569 2392, 13801, 32, 0x0000000000000000 | 31.31 29.59 39.32 | cpu  5443674794 61398 60907641 11896236207 4397430 0 1057978 0 0 0
1791591570 2392, 13801, 32, 0x0000000000000000 | 31.31 29.59 39.32 | cpu  5443679519 61398 60907655 11896245411 4397430 0 1057978 0 0 0
1791591571 2392, 13801, 31, 0x0000000000000000 | 39.22 31.26 39.81 | cpu  5443684012 61398 60907665 11896254778 4397430 0 1057978 0 0 0
1791591572 2392, 13801, 31, 0x0000000000000000 | 39.22 31.26 39.81 | cpu  5443688561 61398 60907683 11896264070 4397430 0 1057978 0 0 0
1791591573 2392, 13801, 31, 0x0000000000000000 | 39.22 31.26 39.81 | cpu  5443693283 61398 60907694 11896273313 4397430 0 1057978 0 0 0
1791591574 2392, 13801, 31, 0x0000000000000000 | 39.22 31.26 39.81 | cpu  5443698016 61398 60907788 11896282505 4397430 0 1057979 0 0 0
1791591575 2392, 13801, 31, 0x0000000000000000 | 39.22 31.26 39.81 | cpu  5443702749 61398 60907854 11896291601 4397441 0 1057979 0 0 0
1791591576 2392, 13801, 31, 0x0000000000000000 | 46.49 32.90 40.30 | cpu  5443707356 61398 60907863 11896300938 4397441 0 1057979 0 0 0
1791591577 2392, 13801, 31, 0x0000000000000000 | 46.49 32.90 40.30 | cpu  5443711772 61398 60907872 11896310360 4397441 0 1057979 0 0 0
1791591578 2392, 13801, 31, 0x0000000000000000 | 46.49 32.90 40.30 | cpu  5443716502 61398 60907908 11896319531 4397442 0 1057979 0 0 0
1791591579 2392, 13801, 31, 0x0000000000000000 | 46.49 32.90 40.30 | cpu  5443721230 61398 60907920 11896328776 4397442 0 1057980 0 0 0
1791591580 2392, 13801, 31, 0x0000000000000000 | 53.17 34.51 40.78 | cpu  5443725947 61398 60907939 11896338076 4397442 0 1057980 0 0 0
1791591582 2392, 13801, 31, 0x0000000000000000 | 53.17 34.51 40.78 | cpu  5443730670 61398 60907963 11896347282 4397442 0 1057980 0 0 0
1791591583 2392, 13801, 31, 0x0000000000000000 | 53.17 34.51 40.78 | cpu  5443735276 61398 60907989 11896356700 4397442 0 1057980 0 0 0
1791591584 427, 810, 30, 0x0000000000000000 | 53.17 34.51 40.78 | cpu  5443739895 61398 60908026 11896366133 4397443 0 1057980 0 0 0
1791591585 187, 405, 29, 0x0000000000000000 | 53.17 34.51 40.78 | cpu  5443744506 61398 60908144 11896375570 4397443 0 1057980 0 0 0
