1791586037 2392, 14001, 31, 0x0000000000000000 | 2.15 25.17 38.34 | cpu  5419669167 61343 60523333 11849408362 4334371 0 1057277 0 0 0
1791586038 382, 7001, 30, 0x0000000000000000 | 2.15 25.17 38.34 | cpu  5419674481 61343 60523396 11849417020 4334371 0 1057277 0 0 0
1791586040 217, 7001, 30, 0x0000000000000000 | 2.06 24.76 38.14 | cpu  5419679178 61343 60523430 11849426295 4334372 0 1057277 0 0 0
1791586041 180, 7001, 30, 0x0000000000000000 | 2.06 24.76 38.14 | cpu  5419683888 61343 60523466 11849435688 4334372 0 1057277 0 0 0
1791586042 180, 7001, 30, 0x0000000000000000 | 2.06 24.76 38.14 | cpu  5419688559 61343 60523500 11849445097 4334372 0 1057278 0 0 0
1791586043 180, 405, 29, 0x0000000000000000 | 2.06 24.76 38.14 | cpu  5419693134 61343 60523525 11849454608 4334372 0 1057278 0 0 0
1791586044 180, 405, 29, 0x0000000000000000 | 2.06 24.76 38.14 | cpu  5419697769 61343 60523556 11849464070 4334372 0 1057278 0 0 0
1791586045 180, 405, 29, 0x0000000000000000 | 1.97 24.37 37.94 | cpu  5419703004 61343 60523578 11849472860 4334372 0 1057278 0 0 0
1791586046 2415, 13801, 30, 0x0000000000000000 | 1.97 24.37 37.94 | cpu  5419707498 61343 60523624 11849482191 4334372 0 1057278 0 0 0
1791586047 2392, 13801, 31, 0x0000000000000000 | 1.97 24.37 37.94 | cpu  5419712678 61343 60523686 11849490904 4334373 0 1057278 0 0 0
1791586048 2475, 13801, 31, 0x0000000000000000 | 1.97 24.37 37.94 | cpu  5419717537 61343 60523763 11849500031 4334373 0 1057278 0 0 0
1791586049 2392, 13801, 31, 0x0000000000000000 | 1.90 23.98 37.74 | cpu  5419722369 61343 60523790 11849509180 4334373 0 1057278 0 0 0
1791586050 2475, 13801, 31, 0x0000000000000000 | 1.90 23.98 37.74 | cpu  5419727223 61343 60523826 11849518291 4334373 0 1057278 0 0 0
1791586052 2392, 13801, 31, 0x0000000000000000 | 1.90 23.98 37.74 | cpu  5419731990 61343 60523872 11849527494 4334373 0 1057278 0 0 0
1791586053 2392, 13801, 31, 0x0000000000000000 | 1.90 23.98 37.74 | cpu  5419736492 61343 60523920 11849536769 4334373 0 1057279 0 0 0
1791586054 2400, 13801, 31, 0x0000000000000000 | 1.90 23.98 37.74 | cpu  5419741321 61343 60523975 11849545905 4334373 0 1057279 0 0 0
1791586055 2415, 13801, 31, 0x0000000000000000 | 12.16 25.74 38.23 | cpu  5419746214 61343 60524028 11849554950 4334373 0 1057279 0 0 0
1791586056 2392, 13801, 31, 0x0000000000000000 | 12.16 25.74 38.23 | cpu  5419751022 61343 60524062 11849564161 4334373 0 1057279 0 0 0
1791586057 2467, 13801, 31, 0x0000000000000000 | 12.16 25.74 38.23 | cpu  5419755899 61343 60524144 11849573299 4334373 0 1057279 0 0 0
1791586058 2475, 13801, 31, 0x0000000000000000 | 12.16 25.74 38.23 | cpu  5419760760 61343 60524278 11849582293 4334373 0 1057280 0 0 0
1791586059 2467, 13801, 31, 0x0000000000000000 | 21.67 27.49 38.73 | cpu  5419765542 61343 60524369 11849591412 4334373 0 1057280 0 0 0
1791586060 2475, 13801, 31, 0x0000000000000000 | 21.67 27.49 38.73 | cpu  5419770087 61343 60524410 11849600684 4334373 0 1057280 0 0 0
1791586061 2467, 13801, 31, 0x0000000000000000 | 21.67 27.49 38.73 | cpu  5419774961 61343 60524448 11849609817 4334373 0 1057280 0 0 0
1791586062 2392, 13801, 31, 0x0000000000000000 | 21.67 27.49 38.73 | cpu  5419779839 61343 60524486 11849618901 4334373 0 1057280 0 0 0
1791586063 2490, 13801, 31, 0x0000000000000000 | 21.67 27.49 38.73 | cpu  5419784673 61343 60524541 11849628045 4334373 0 1057280 0 0 0
1791586065 2490, 13801, 31, 0x0000000000000000 | 30.35 29.19 39.22 | cpu  5419789509 61343 60524598 11849637217 4334374 0 1057280 0 0 0
1791586066 2392, 13801, 31, 0x0000000000000000 | 30.35 29.19 39.22 | cpu  5419794169 61343 60524689 11849646443 4334374 0 1057280 0 0 0
1791586067 2392, 13801, 30, 0x0000000000000000 | 30.35 29.19 39.22 | cpu  5419798787 61343 60524793 11849655795 4334374 0 1057280 0 0 0
1791586068 2392, 13801, 30, 0x0000000000000000 | 30.35 29.19 39.22 | cpu  5419803146 61343 60524911 11849665228 4334374 0 1057280 0 0 0
1791586069 2392, 13801, 30, 0x0000000000000000 | 30.35 29.19 39.22 | cpu  5419807656 61343 60525011 11849674567 4334374 0 1057280 0 0 0
1791586070 2407, 13801, 30, 0x0000000000000000 | 38.41 30.88 39.72 | cpu  5419812346 61343 60525068 11849683825 4334374 0 1057281 0 0 0
1791586071 2407, 13801, 30, 0x0000000000000000 | 38.41 30.88 39.72 | cpu  5419817033 61343 60525119 11849693062 4334374 0 1057281 0 0 0
1791586072 2407, 13801, 30, 0x0000000000000000 | 38.41 30.88 39.72 | cpu  5419821721 61343 60525162 11849702284 4334374 0 1057281 0 0 0
1791586073 2407, 13801, 30, 0x0000000000000000 | 38.41 30.88 39.72 | cpu  5419826406 61343 60525213 11849711567 4334374 0 1057281 0 0 0
1791586074 2407, 13801, 30, 0x0000000000000000 | 45.74 32.53 40.20 | cpu  5419830835 61343 60525261 11849720997 4334374 0 1057282 0 0 0
1791586075 2407, 13801, 30, 0x0000000000000000 | 45.74 32.53 40.20 | cpu  5419835358 61343 60525309 11849730408 4334374 0 1057282 0 0 0
1791586076 2407, 13801, 30, 0x0000000000000000 | 45.74 32.53 40.20 | cpu  5419840043 61343 60525356 11849739627 4334374 0 1057282 0 0 0
1791586078 2392, 13801, 30, 0x0000000000000000 | 45.74 32.53 40.20 | cpu  5419844745 61343 60525387 11849748843 4334374 0 1057282 0 0 0
1791586079 2392, 13801, 30, 0x0000000000000000 | 45.74 32.53 40.20 | cpu  5419849469 61343 60525397 11849758070 4334374 0 1057283 0 0 0
1791586080 2415, 13801, 30, 0x0000000000000000 | 52.57 34.16 40.69 | cpu  5419855505 61343 60525457 11849766082 4334374 0 1057283 0 0 0
1791586081 2392, 13801, 30, 0x0000000000000000 | 52.57 34.16 40.69 | cpu  5419863353 61343 60525469 11849772268 4334375 0 1057283 0 0 0
1791586082 2392, 13801, 30, 0x0000000000000000 | 52.57 34.16 40.69 | cpu  5419871302 61343 60525566 11849778366 4334375 0 1057283 0 0 0
1791586083 2392, 13801, 30, 0x0000000000000000 | 52.57 34.16 40.69 | cpu  5419877295 61343 60525626 11849786215 4334375 0 1057283 0 0 0
1791586084 2392, 13801, 30, 0x0000000000000000 | 52.57 34.16 40.69 | cpu  5419881810 61343 60525704 11849795570 4334375 0 1057283 0 0 0
1791586085 2392, 13801, 30, 0x0000000000000000 | 58.77 35.75 41.17 | cpu  5419886472 61343 60525777 11849804768 4334375 0 1057283 0 0 0
1791586086 2392, 13801, 30, 0x0000000000000000 | 58.77 35.75 41.17 | cpu  5419891127 61343 60525858 11849814072 4334375 0 1057283 0 0 0
1791586087 2392, 13801, 30, 0x0000000000000000 | 58.77 35.75 41.17 | cpu  5419895792 61343 60525935 11849823287 4334375 0 1057283 0 0 0
1791586088 2392, 13801, 30, 0x0000000000000000 | 58.77 35.75 41.17 | cpu  5419900434 61343 60526019 11849832583 4334375 0 1057283 0 0 0
1791586090 2392, 13801, 30, 0x0000000000000000 | 64.47 37.32 41.65 | cpu  5419904819 61343 60526093 11849842010 4334375 0 1057283 0 0 0
1791586091 2392, 13801, 30, 0x0000000000000000 | 64.47 37.32 41.65 | cpu  5419909353 61343 60526200 11849851268 4334375 0 1057283 0 0 0
1791586092 2392, 13801, 30, 0x0000000000000000 | 64.47 37.32 41.65 | cpu  5419914015 61343 60526282 11849860502 4334375 0 1057284 0 0 0
1791586093 2392, 13801, 30, 0x0000000000000000 | 64.47 37.32 41.65 | cpu  5419918672 61343 60526361 11849869776 4334376 0 1057284 0 0 0
1791586094 2392, 13801, 30, 0x0000000000000000 | 64.47 37.32 41.65 | cpu  5419923335 61343 60526433 11849879011 4334376 0 1057284 0 0 0
1791586095 2392, 13801, 30, 0x0000000000000000 | 69.80 38.87 42.13 | cpu  5419927969 61343 60526511 11849888334 4334376 0 1057284 0 0 0
1791586096 2392, 13801, 30, 0x0000000000000000 | 69.80 38.87 42.13 | cpu  5419932331 61343 60526590 11849897752 4334376 0 1057284 0 0 0
1791586097 2392, 13801, 30, 0x0000000000000000 | 69.80 38.87 42.13 | cpu  5419936898 61343 60526684 11849907063 4334376 0 1057284 0 0 0
1791586098 2392, 13801, 30, 0x0000000000000000 | 69.80 38.87 42.13 | cpu  5419941571 61343 60526843 11849916198 4334376 0 1057284 0 0 0
1791586099 2392, 13801, 30, 0x0000000000000000 | 74.62 40.39 42.60 | cpu  5419946227 61343 60526925 11849925463 4334376 0 1057284 0 0 0
1791586100 2392, 13801, 30, 0x0000000000000000 | 74.62 40.39 42.60 | cpu  5419950890 61343 60527024 11849934751 4334376 0 1057284 0 0 0
1791586101 2392, 13801, 30, 0x0000000000000000 | 74.62 40.39 42.60 | cpu  5419955542 61343 60527107 11849943969 4334376 0 1057285 0 0 0
1791586103 2392, 13801, 30, 0x0000000000000000 | 74.62 40.39 42.60 | cpu  5419959824 61343 60527470 11849953060 4334398 0 1057285 0 0 0
1791586104 2392, 13801, 30, 0x0000000000000000 | 74.62 40.39 42.60 | cpu  5419964487 61343 60527951 11849961824 4334446 0 1057285 0 0 0
1791586105 2392, 13801, 30, 0x0000000000000000 | 79.70 42.01 43.11 | cpu  5419969169 61343 60528436 11849970602 4334501 0 1057285 0 0 0
1791586106 2392, 13801, 30, 0x0000000000000000 | 79.70 42.01 43.11 | cpu  5419973840 61343 60528917 11849979483 4334548 0 1057285 0 0 0
1791586107 2392, 13801, 30, 0x0000000000000000 | 79.70 42.01 43.11 | cpu  5419978595 61343 60529017 11849988639 4334548 0 1057285 0 0 0
1791586108 2392, 13801, 30, 0x0000000000000000 | 79.70 42.01 43.11 | cpu  5419983292 61343 60529118 11849997829 4334549 0 1057285 0 0 0
1791586109 2392, 13801, 30, 0x0000000000000000 | 79.70 42.01 43.11 | cpu  5419987845 61343 60529215 11850007158 4334549 0 1057285 0 0 0
1791586110 2392, 13801, 30, 0x0000000000000000 | 83.73 43.47 43.58 | cpu  5419992268 61343 60529314 11850016464 4334549 0 1057285 0 0 0
1791586111 2392, 13801, 30, 0x0000000000000000 | 83.73 43.47 43.58 | cpu  5419996962 61343 60529437 11850025579 4334549 0 1057285 0 0 0
1791586112 2392, 13801, 30, 0x0000000000000000 | 83.73 43.47 43.58 | cpu  5420001725 61343 60529557 11850034718 4334552 0 1057286 0 0 0
1791586113 2392, 13801, 30, 0x0000000000000000 | 83.73 43.47 43.58 | cpu  5420006496 61343 60529631 11850043791 4334553 0 1057286 0 0 0
1791586114 2392, 13801, 30, 0x0000000000000000 | 87.51 44.92 44.05 | cpu  5420011185 61343 60529714 11850052974 4334553 0 1057286 0 0 0
1791586116 2392, 13801, 30, 0x0000000000000000 | 87.51 44.92 44.05 | cpu  5420015643 61343 60529792 11850062361 4334553 0 1057286 0 0 0
1791586117 2392, 13801, 30, 0x0000000000000000 | 87.51 44.92 44.05 | cpu  5420020214 61343 60529872 11850071648 4334553 0 1057286 0 0 0
1791586118 2392, 13801, 30, 0x0000000000000000 | 87.51 44.92 44.05 | cpu  5420024904 61343 60529916 11850080876 4334553 0 1057287 0 0 0
1791586119 2392, 13801, 30, 0x0000000000000000 | 87.51 44.92 44.05 | cpu  5420029562 61343 60529992 11850090206 4334554 0 1057287 0 0 0
1791586120 2392, 13801, 30, 0x0000000000000000 | 90.91 46.34 44.51 | cpu  5420034223 61343 60530068 11850099413 4334554 0 1057287 0 0 0
1791586121 2392, 13801, 30, 0x0000000000000000 | 90.91 46.34 44.51 | cpu  5420038839 61343 60530160 11850108705 4334554 0 1057287 0 0 0
1791586122 2392, 13801, 30, 0x0000000000000000 | 90.91 46.34 44.51 | cpu  5420043417 61343 60530327 11850118046 4334554 0 1057287 0 0 0
1791586123 2392, 13801, 30, 0x0000000000000000 | 90.91 46.34 44.51 | cpu  5420047786 61343 60530485 11850127366 4334554 0 1057287 0 0 0
1791586124 2392, 13801, 30, 0x0000000000000000 | 94.12 47.74 44.97 | cpu  5420052454 61343 60530581 11850136578 4334554 0 1057287 0 0 0
1791586125 2392, 13801, 30, 0x0000000000000000 | 94.12 47.74 44.97 | cpu  5420057113 61343 60530665 11850145744 4334554 0 1057287 0 0 0
1791586126 2392, 13801, 30, 0x0000000000000000 | 94.12 47.74 44.97 | cpu  5420061771 61343 60530741 11850154938 4334554 0 1057287 0 0 0
1791586127 2392, 13801, 30, 0x0000000000000000 | 94.12 47.74 44.97 | cpu  5420066320 61343 60530825 11850164282 4334554 0 1057287 0 0 0
1791586129 2392, 13801, 30, 0x0000000000000000 | 94.12 47.74 44.97 | cpu  5420070671 61343 60530897 11850173710 4334555 0 1057287 0 0 0
1791586130 2392, 13801, 30, 0x0000000000000000 | 97.00 49.11 45.43 | cpu  5420075321 61343 60530981 11850182961 4334555 0 1057288 0 0 0
1791586131 2392, 13801, 30, 0x0000000000000000 | 97.00 49.11 45.43 | cpu  5420079985 61343 60531054 11850192183 4334555 0 1057288 0 0 0
1791586132 2392, 13801, 30, 0x0000000000000000 | 97.00 49.11 45.43 | cpu  5420084650 61343 60531168 11850201364 4334555 0 1057288 0 0 0
1791586133 2392, 13801, 30, 0x0000000000000000 | 97.00 49.11 45.43 | cpu  5420089305 61343 60531239 11850210614 4334555 0 1057288 0 0 0
1791586134 2392, 13801, 30, 0x0000000000000000 | 97.00 49.11 45.43 | cpu  5420093634 61343 60531315 11850220041 4334555 0 1057289 0 0 0
1791586135 2392, 13801, 30, 0x0000000000000000 | 99.72 50.47 45.89 | cpu  5420098211 61343 60531387 11850229307 4334555 0 1057289 0 0 0
1791586136 2392, 13801, 30, 0x0000000000000000 | 99.72 50.47 45.89 | cpu  5420102869 61343 60531466 11850238544 4334555 0 1057289 0 0 0
1791586137 2392, 13801, 30, 0x0000000000000000 | 99.72 50.47 45.89 | cpu  5420107534 61343 60531543 11850247846 4334555 0 1057289 0 0 0
1791586138 2392, 13801, 30, 0x0000000000000000 | 99.72 50.47 45.89 | cpu  5420112190 61343 60531620 11850257084 4334555 0 1057289 0 0 0
1791586139 2392, 13801, 30, 0x0000000000000000 | 102.15 51.79 46.34 | cpu  5420116800 61343 60531690 11850266399 4334555 0 1057289 0 0 0
1791586140 2392, 13801, 30, 0x0000000000000000 | 102.15 51.79 46.34 | cpu  5420121096 61343 60531769 11850275825 4334556 0 1057290 0 0 0
1791586141 2392, 13801, 30, 0x0000000000000000 | 102.15 51.79 46.34 | cpu  5420125764 61343 60531856 11850285032 4334556 0 1057290 0 0 0
1791586143 2392, 13801, 30, 0x0000000000000000 | 102.15 51.79 46.34 | cpu  5420130420 61343 60531962 11850294183 4334556 0 1057290 0 0 0
1791586144 2392, 13801, 30, 0x0000000000000000 | 102.15 51.79 46.34 | cpu  5420135089 61343 60532039 11850303380 4334556 0 1057290 0 0 0
1791586145 2392, 13801, 30, 0x0000000000000000 | 104.38 53.09 46.79 | cpu  5420139725 61343 60532116 11850312698 4334556 0 1057290 0 0 0
1791586146 2392, 13801, 30, 0x0000000000000000 | 104.38 53.09 46.79 | cpu  5420144081 61343 60532280 11850321963 4334556 0 1057290 0 0 0
1791586147 2392, 13801, 30, 0x0000000000000000 | 104.38 53.09 46.79 | cpu  5420148713 61343 60532905 11850330683 4334601 0 1057290 0 0 0
1791586148 2392, 13801, 30, 0x0000000000000000 | 104.38 53.09 46.79 | cpu  5420153379 61343 60533491 11850339329 4334655 0 1057290 0 0 0
1791586149 2392, 13801, 30, 0x0000000000000000 | 104.38 53.09 46.79 | cpu  5420158049 61343 60534114 11850348093 4334707 0 1057290 0 0 0
1791586150 2392, 13801, 30, 0x0000000000000000 | 106.51 54.38 47.25 | cpu  5420162720 61343 60534725 11850356749 4334769 0 1057290 0 0 0
1791586151 2392, 13801, 30, 0x0000000000000000 | 106.51 54.38 47.25 | cpu  5420167388 61343 60535308 11850365393 4334832 0 1057290 0 0 0
1791586152 2392, 13801, 30, 0x0000000000000000 | 106.51 54.38 47.25 | cpu  5420172091 61343 60535619 11850374373 4334853 0 1057290 0 0 0
1791586153 2392, 13801, 30, 0x0000000000000000 | 106.51 54.38 47.25 | cpu  5420176586 61343 60536015 11850383334 4334895 0 1057290 0 0 0
1791586155 2797, 13801, 34, 0x0000000000000000 | 108.95 55.75 47.73 | cpu  5420181192 61343 60536557 11850392132 4334956 0 1057290 0 0 0
1791586156 2805, 13801, 33, 0x0000000000000000 | 108.95 55.75 47.73 | cpu  5420185923 61343 60537107 11850400796 4335011 0 1057291 0 0 0
1791586157 2797, 13801, 34, 0x0000000000000000 | 108.95 55.75 47.73 | cpu  5420190657 61343 60537661 11850409472 4335069 0 1057291 0 0 0
1791586158 2805, 13801, 33, 0x0000000000000000 | 108.95 55.75 47.73 | cpu  5420195475 61343 60537915 11850418468 4335095 0 1057291 0 0 0
1791586159 2812, 13801, 35, 0x0000000000000000 | 108.95 55.75 47.73 | cpu  5420200280 61343 60537966 11850427696 4335095 0 1057291 0 0 0
1791586160 2820, 13801, 34, 0x0000000000000000 | 110.72 57.00 48.18 | cpu  5420205089 61343 60538021 11850436822 4335095 0 1057291 0 0 0
1791586161 2805, 13801, 34, 0x0000000000000000 | 110.72 57.00 48.18 | cpu  5420209900 61343 60538035 11850445981 4335095 0 1057291 0 0 0
1791586162 2820, 13801, 34, 0x0000000000000000 | 110.72 57.00 48.18 | cpu  5420214558 61343 60538046 11850455310 4335095 0 1057291 0 0 0
1791586163 2805, 13801, 34, 0x0000000000000000 | 110.72 57.00 48.18 | cpu  5420219157 61343 60538080 11850464618 4335095 0 1057292 0 0 0
1791586164 2820, 13801, 34, 0x0000000000000000 | 112.26 58.21 48.62 | cpu  5420223884 61343 60538089 11850473960 4335095 0 1057292 0 0 0
1791586165 2812, 13801, 34, 0x0000000000000000 | 112.26 58.21 48.62 | cpu  5420228608 61343 60538098 11850483232 4335095 0 1057292 0 0 0
1791586166 2430, 13801, 32, 0x0000000000000000 | 112.26 58.21 48.62 | cpu  5420233314 61343 60538141 11850492490 4335095 0 1057293 0 0 0
1791586168 2790, 13801, 35, 0x0000000000000000 | 112.26 58.21 48.62 | cpu  5420238041 61343 60538168 11850501706 4335096 0 1057293 0 0 0
1791586169 2790, 13801, 38, 0x0000000000000000 | 112.26 58.21 48.62 | cpu  5420242719 61344 60538188 11850510948 4335096 0 1057293 0 0 0
1791586170 2812, 13801, 34, 0x0000000000000000 | 113.68 59.41 49.05 | cpu  5420247343 61344 60538209 11850520379 4335096 0 1057293 0 0 0
1791586171 2797, 13801, 38, 0x0000000000000000 | 113.68 59.41 49.05 | cpu  5420251785 61344 60538233 11850529791 4335096 0 1057293 0 0 0
1791586172 2797, 13801, 37, 0x0000000000000000 | 113.68 59.41 49.05 | cpu  5420256527 61344 60538267 11850539081 4335096 0 1057293 0 0 0
1791586173 2805, 13801, 36, 0x0000000000000000 | 113.68 59.41 49.05 | cpu  5420261252 61344 60538304 11850548310 4335096 0 1057293 0 0 0
1791586174 2812, 13801, 35, 0x0000000000000000 | 113.68 59.41 49.05 | cpu  5420265972 61344 60538338 11850557655 4335097 0 1057293 0 0 0
1791586175 2790, 13801, 38, 0x0000000000000000 | 114.99 60.58 49.49 | cpu  5420270707 61344 60538362 11850567015 4335097 0 1057293 0 0 0
1791586176 2805, 13801, 35, 0x0000000000000000 | 114.99 60.58 49.49 | cpu  5420275468 61344 60538412 11850576173 4335097 0 1057293 0 0 0
1791586177 2805, 13801, 37, 0x0000000000000000 | 114.99 60.58 49.49 | cpu  5420280229 61344 60538493 11850585384 4335097 0 1057294 0 0 0
1791586178 2782, 13801, 36, 0x0000000000000000 | 114.99 60.58 49.49 | cpu  5420284822 61344 60538519 11850594721 4335097 0 1057294 0 0 0
1791586180 2812, 13801, 35, 0x0000000000000000 | 116.19 61.73 49.92 | cpu  5420289254 61344 60538541 11850604075 4335097 0 1057294 0 0 0
1791586181 2790, 13801, 36, 0x0000000000000000 | 116.19 61.73 49.92 | cpu  5420293977 61344 60538565 11850613343 4335097 0 1057294 0 0 0
1791586182 2790, 13801, 36, 0x0000000000000000 | 116.19 61.73 49.92 | cpu  5420298698 61344 60538586 11850622558 4335097 0 1057294 0 0 0
1791586183 2790, 13801, 36, 0x0000000000000000 | 116.19 61.73 49.92 | cpu  5420303429 61344 60538615 11850631829 4335097 0 1057294 0 0 0
1791586184 2805, 13801, 35, 0x0000000000000000 | 116.19 61.73 49.92 | cpu  5420308158 61344 60538665 11850641049 4335098 0 1057294 0 0 0
1791586185 2797, 13801, 37, 0x0000000000000000 | 117.30 62.87 50.35 | cpu  5420312841 61344 60538720 11850650374 4335098 0 1057294 0 0 0
1791586186 2790, 13801, 36, 0x0000000000000000 | 117.30 62.87 50.35 | cpu  5420317574 61344 60538850 11850659690 4335098 0 1057294 0 0 0
1791586187 2805, 13801, 34, 0x0000000000000000 | 117.30 62.87 50.35 | cpu  5420322137 61344 60538884 11850669105 4335098 0 1057294 0 0 0
1791586188 2797, 13801, 35, 0x0000000000000000 | 117.30 62.87 50.35 | cpu  5420326645 61344 60538908 11850678496 4335098 0 1057294 0 0 0
1791586189 2797, 13801, 36, 0x0000000000000000 | 118.32 63.98 50.78 | cpu  5420331363 61344 60538934 11850687753 4335098 0 1057294 0 0 0
1791586190 2805, 13801, 37, 0x0000000000000000 | 118.32 63.98 50.78 | cpu  5420336091 61344 60538960 11850697007 4335099 0 1057294 0 0 0
1791586191 2820, 13801, 35, 0x0000000000000000 | 118.32 63.98 50.78 | cpu  5420340815 61344 60538995 11850706235 4335099 0 1057294 0 0 0
1791586193 2850, 13801, 33, 0x0000000000000000 | 118.32 63.98 50.78 | cpu  5420345539 61344 60539006 11850715434 4335099 0 1057294 0 0 0
1791586194 2392, 13801, 32, 0x0000000000000000 | 118.32 63.98 50.78 | cpu  5420350239 61345 60539025 11850724828 4335099 0 1057294 0 0 0
1791586195 2392, 13801, 32, 0x0000000000000000 | 119.25 65.08 51.21 | cpu  5420354580 61345 60539065 11850734227 4335099 0 1057295 0 0 0
1791586196 2392, 13801, 32, 0x0000000000000000 | 119.25 65.08 51.21 | cpu  5420359289 61345 60539090 11850743494 4335100 0 1057295 0 0 0
1791586197 2392, 13801, 32, 0x0000000000000000 | 119.25 65.08 51.21 | cpu  5420364010 61345 60539099 11850752743 4335100 0 1057295 0 0 0
1791586198 2392, 13801, 32, 0x0000000000000000 | 119.25 65.08 51.21 | cpu  5420368737 61345 60539108 11850762050 4335100 0 1057295 0 0 0
1791586199 2392, 13801, 31, 0x0000000000000000 | 119.25 65.08 51.21 | cpu  5420373460 61345 60539118 11850771302 4335100 0 1057295 0 0 0
1791586200 2392, 13801, 31, 0x0000000000000000 | 120.11 66.15 51.63 | cpu  5420378281 61345 60539164 11850780438 4335101 0 1057295 0 0 0
1791586201 2392, 13801, 31, 0x0000000000000000 | 120.11 66.15 51.63 | cpu  5420383061 61345 60539255 11850789729 4335101 0 1057295 0 0 0
1791586202 2400, 13801, 31, 0x0000000000000000 | 120.11 66.15 51.63 | cpu  5420387760 61345 60539350 11850798958 4335101 0 1057296 0 0 0
1791586203 2400, 13801, 31, 0x0000000000000000 | 120.11 66.15 51.63 | cpu  5420392368 61345 60539403 11850808158 4335101 0 1057296 0 0 0
1791586204 2392, 13801, 31, 0x0000000000000000 | 119.70 66.97 51.97 | cpu  5420397195 61345 60539448 11850817206 4335101 0 1057296 0 0 0
1791586206 2392, 13801, 31, 0x0000000000000000 | 119.70 66.97 51.97 | cpu  5420401956 61345 60539474 11850826444 4335102 0 1057296 0 0 0
1791586207 2392, 13801, 31, 0x0000000000000000 | 119.70 66.97 51.97 | cpu  5420406675 61345 60539500 11850835676 4335102 0 1057297 0 0 0
1791586208 2392, 13801, 31, 0x0000000000000000 | 119.70 66.97 51.97 | cpu  5420411395 61345 60539524 11850844951 4335102 0 1057297 0 0 0
1791586209 2392, 13801, 31, 0x0000000000000000 | 119.70 66.97 51.97 | cpu  5420415709 61345 60539544 11850854372 4335102 0 1057297 0 0 0
1791586210 1537, 810, 30, 0x0000000000000000 | 119.17 67.73 52.30 | cpu  5420420425 61345 60539592 11850863658 4335103 0 1057297 0 0 0
1791586211 352, 810, 30, 0x0000000000000000 | 119.17 67.73 52.30 | cpu  5420425137 61345 60539619 11850872893 4335103 0 1057297 0 0 0
1791586212 202, 405, 29, 0x0000000000000000 | 119.17 67.73 52.30 | cpu  5420429852 61345 60539642 11850882272 4335103 0 1057297 0 0 0
1791586213 180, 405, 29, 0x0000000000000000 | 119.17 67.73 52.30 | cpu  5420434576 61345 60539663 11850891648 4335103 0 1057297 0 0 0
1791586214 180, 405, 29, 0x0000000000000000 | 117.07 68.15 52.52 | cpu  5420439296 61345 60539691 11850901026 4335103 0 1057297 0 0 0
1791586215 180, 405, 29, 0x0000000000000000 | 117.07 68.15 52.52 | cpu  5420444026 61345 60539742 11850910345 4335103 0 1057297 0 0 0
1791586216 180, 405, 29, 0x0000000000000000 | 117.07 68.15 52.52 | cpu  5420448748 61345 60539770 11850919604 4335105 0 1057297 0 0 0
1791586218 180, 405, 29, 0x0000000000000000 | 117.07 68.15 52.52 | cpu  5420453456 61345 60539804 11850928907 4335105 0 1057297 0 0 0
1791586219 180, 405, 29, 0x0000000000000000 | 117.07 68.15 52.52 | cpu  5420458002 61345 60539823 11850938331 4335105 0 1057297 0 0 0
1791586220 180, 405, 29, 0x0000000000000000 | 113.46 68.21 52.62 | cpu  5420462669 61345 60539849 11850947767 4335105 0 1057298 0 0 0
1791586221 180, 405, 29, 0x0000000000000000 | 113.46 68.21 52.62 | cpu  5420467528 61345 60539877 11850957201 4335105 0 1057298 0 0 0
1791586222 180, 405, 29, 0x0000000000000000 | 113.46 68.21 52.62 | cpu  5420471946 61345 60539897 11850966636 4335105 0 1057298 0 0 0
1791586223 180, 405, 29, 0x0000000000000000 | 113.46 68.21 52.62 | cpu  5420476658 61345 60539919 11850976017 4335105 0 1057298 0 0 0
1791586224 180, 405, 29, 0x0000000000000000 | 113.46 68.21 52.62 | cpu  5420481383 61345 60539957 11850985426 4335105 0 1057298 0 0 0
1791586225 180, 405, 29, 0x0000000000000000 | 105.90 67.40 52.44 | cpu  5420486115 61345 60540033 11850994842 4335105 0 1057298 0 0 0
1791586226 180, 405, 29, 0x0000000000000000 | 105.90 67.40 52.44 | cpu  5420490853 61345 60540161 11851004127 4335105 0 1057298 0 0 0
1791586227 180, 405, 28, 0x0000000000000000 | 105.90 67.40 52.44 | cpu  5420495577 61345 60540178 11851013406 4335105 0 1057298 0 0 0
1791586228 180, 405, 28, 0x0000000000000000 | 105.90 67.40 52.44 | cpu  5420500302 61345 60540207 11851022708 4335105 0 1057298 0 0 0
1791586230 180, 405, 28, 0x0000000000000000 | 97.50 66.29 52.16 | cpu  5420505021 61345 60540233 11851032050 4335105 0 1057299 0 0 0
1791586231 180, 405, 28, 0x0000000000000000 | 97.50 66.29 52.16 | cpu  5420509741 61345 60540259 11851041419 4335105 0 1057299 0 0 0
1791586232 180, 405, 28, 0x0000000000000000 | 97.50 66.29 52.16 | cpu  5420514461 61345 60540284 11851050797 4335105 0 1057299 0 0 0
1791586233 180, 405, 28, 0x0000000000000000 | 97.50 66.29 52.16 | cpu  5420519188 61345 60540298 11851060130 4335106 0 1057299 0 0 0
1791586234 180, 405, 28, 0x0000000000000000 | 97.50 66.29 52.16 | cpu  5420523909 61345 60540320 11851069477 4335107 0 1057299 0 0 0
1791586235 180, 405, 28, 0x0000000000000000 | 89.85 65.23 51.89 | cpu  5420528628 61345 60540349 11851078801 4335107 0 1057299 0 0 0
1791586236 180, 405, 28, 0x0000000000000000 | 89.85 65.23 51.89 | cpu  5420533312 61345 60540402 11851088178 4335107 0 1057299 0 0 0
1791586237 180, 405, 28, 0x0000000000000000 | 89.85 65.23 51.89 | cpu  5420537944 61345 60540430 11851097609 4335107 0 1057299 0 0 0
1791586238 180, 405, 28, 0x0000000000000000 | 89.85 65.23 51.89 | cpu  5420542562 61345 60540456 11851107044 4335107 0 1057299 0 0 0
1791586239 180, 405, 28, 0x0000000000000000 | 82.73 64.16 51.62 | cpu  5420547205 61345 60540482 11851116461 4335108 0 1057299 0 0 0
1791586241 180, 405, 28, 0x0000000000000000 | 82.73 64.16 51.62 | cpu  5420551847 61345 60540499 11851125776 4335108 0 1057299 0 0 0
1791586242 180, 405, 28, 0x0000000000000000 | 82.73 64.16 51.62 | cpu  5420556578 61345 60540583 11851135059 4335108 0 1057299 0 0 0
1791586243 180, 405, 28, 0x0000000000000000 | 82.73 64.16 51.62 | cpu  5420561310 61345 60540678 11851144329 4335108 0 1057299 0 0 0
1791586244 180, 405, 28, 0x0000000000000000 | 82.73 64.16 51.62 | cpu  5420566025 61345 60540706 11851153647 4335108 0 1057299 0 0 0
1791586245 180, 405, 28, 0x0000000000000000 | 76.19 63.11 51.35 | cpu  5420570745 61345 60540732 11851162998 4335109 0 1057300 0 0 0
1791586246 180, 405, 28, 0x0000000000000000 | 76.19 63.11 51.35 | cpu  5420575468 61345 60540777 11851172344 4335110 0 1057300 0 0 0
1791586247 180, 405, 28, 0x0000000000000000 | 76.19 63.11 51.35 | cpu  5420580186 61345 60540818 11851181599 4335110 0 1057300 0 0 0
1791586248 180, 405, 28, 0x0000000000000000 | 76.19 63.11 51.35 | cpu  5420584915 61345 60540850 11851190955 4335110 0 1057300 0 0 0
1791586249 180, 405, 28, 0x0000000000000000 | 70.25 62.10 51.08 | cpu  5420589629 61345 60540961 11851200199 4335110 0 1057300 0 0 0
1791586250 180, 405, 28, 0x0000000000000000 | 70.25 62.10 51.08 | cpu  5420594325 61345 60541009 11851209597 4335111 0 1057300 0 0 0
1791586251 180, 405, 28, 0x0000000000000000 | 70.25 62.10 51.08 | cpu  5420598755 61345 60541044 11851219016 4335112 0 1057300 0 0 0
1791586253 180, 405, 28, 0x0000000000000000 | 70.25 62.10 51.08 | cpu  5420603390 61345 60541071 11851228452 4335112 0 1057300 0 0 0
1791586254 180, 405, 28, 0x0000000000000000 | 70.25 62.10 51.08 | cpu  5420608103 61345 60541103 11851237813 4335112 0 1057300 0 0 0
1791586255 180, 405, 28, 0x0000000000000000 | 64.78 61.10 50.82 | cpu  5420612816 61345 60541130 11851247106 4335112 0 1057300 0 0 0
1791586256 180, 405, 27, 0x0000000000000000 | 64.78 61.10 50.82 | cpu  5420617540 61345 60541162 11851256411 4335112 0 1057300 0 0 0
1791586257 180, 405, 27, 0x0000000000000000 | 64.78 61.10 50.82 | cpu  5420622258 61345 60541218 11851265767 4335112 0 1057300 0 0 0
1791586258 180, 405, 27, 0x0000000000000000 | 64.78 61.10 50.82 | cpu  5420626977 61345 60541240 11851275148 4335112 0 1057301 0 0 0
1791586259 180, 405, 27, 0x0000000000000000 | 64.78 61.10 50.82 | cpu  5420631700 61345 60541252 11851284594 4335112 0 1057301 0 0 0
1791586260 180, 405, 27, 0x0000000000000000 | 59.67 60.10 50.55 | cpu  5420636425 61345 60541262 11851293979 4335112 0 1057301 0 0 0
1791586261 172, 405, 27, 0x0000000000000000 | 59.67 60.10 50.55 | cpu  5420641148 61345 60541275 11851303285 4335113 0 1057301 0 0 0
1791586262 180, 405, 27, 0x0000000000000000 | 59.67 60.10 50.55 | cpu  5420645885 61345 60541306 11851312630 4335113 0 1057301 0 0 0
1791586263 180, 405, 27, 0x0000000000000000 | 59.67 60.10 50.55 | cpu  5420650609 61345 60541335 11851321925 4335113 0 1057301 0 0 0
1791586265 180, 405, 27, 0x0000000000000000 | 54.97 59.12 50.29 | cpu  5420655211 61345 60541364 11851331328 4335113 0 1057301 0 0 0
1791586266 180, 405, 27, 0x0000000000000000 | 54.97 59.12 50.29 | cpu  5420659820 61345 60541398 11851340749 4335113 0 1057302 0 0 0
1791586267 180, 405, 27, 0x0000000000000000 | 54.97 59.12 50.29 | cpu  5420664752 61345 60541434 11851350179 4335114 0 1057302 0 0 0
1791586268 180, 405, 27, 0x0000000000000000 | 54.97 59.12 50.29 | cpu  5420669388 61345 60541483 11851359581 4335114 0 1057302 0 0 0
1791586269 180, 405, 27, 0x0000000000000000 | 54.97 59.12 50.29 | cpu  5420673928 61345 60541512 11851369013 4335114 0 1057302 0 0 0
1791586270 180, 405, 27, 0x0000000000000000 | 50.65 58.15 50.02 | cpu  5420678715 61345 60541537 11851378445 4335114 0 1057302 0 0 0
1791586271 180, 405, 27, 0x0000000000000000 | 50.65 58.15 50.02 | cpu  5420683434 61345 60541565 11851387879 4335114 0 1057302 0 0 0
1791586272 180, 405, 27, 0x0000000000000000 | 50.65 58.15 50.02 | cpu  5420687959 61345 60541590 11851397289 4335115 0 1057302 0 0 0
1791586273 180, 405, 27, 0x0000000000000000 | 50.65 58.15 50.02 | cpu  5420692686 61345 60541620 11851406627 4335116 0 1057302 0 0 0
1791586274 180, 405, 27, 0x0000000000000000 | 46.68 57.20 49.76 | cpu  5420697427 61345 60541707 11851415844 4335116 0 1057302 0 0 0
1791586275 180, 405, 27, 0x0000000000000000 | 46.68 57.20 49.76 | cpu  5420702147 61345 60541717 11851425118 4335116 0 1057303 0 0 0
1791586277 180, 405, 27, 0x0000000000000000 | 46.68 57.20 49.76 | cpu  5420706870 61345 60541744 11851434531 4335116 0 1057303 0 0 0
1791586278 180, 405, 27, 0x0000000000000000 | 46.68 57.20 49.76 | cpu  5420711593 61345 60541803 11851443852 4335116 0 1057303 0 0 0
1791586279 180, 405, 27, 0x0000000000000000 | 46.68 57.20 49.76 | cpu  5420716316 61345 60541838 11851453209 4335116 0 1057303 0 0 0
1791586280 180, 405, 27, 0x0000000000000000 | 43.02 56.27 49.50 | cpu  5420721036 61345 60541894 11851462481 4335116 0 1057303 0 0 0
1791586281 180, 405, 27, 0x0000000000000000 | 43.02 56.27 49.50 | cpu  5420725754 61345 60541923 11851471775 4335116 0 1057303 0 0 0
1791586282 180, 405, 27, 0x0000000000000000 | 43.02 56.27 49.50 | cpu  5420730361 61345 60541950 11851481176 4335116 0 1057303 0 0 0
1791586283 180, 405, 27, 0x0000000000000000 | 43.02 56.27 49.50 | cpu  5420735115 61345 60542003 11851490482 4335116 0 1057303 0 0 0
1791586284 180, 405, 27, 0x0000000000000000 | 39.89 55.40 49.25 | cpu  5420740026 61345 60542174 11851499784 4335117 0 1057303 0 0 0
1791586285 180, 405, 27, 0x0000000000000000 | 39.89 55.40 49.25 | cpu  5420744738 61345 60542348 11851509032 4335117 0 1057303 0 0 0
1791586286 180, 405, 27, 0x0000000000000000 | 39.89 55.40 49.25 | cpu  5420749518 61345 60542391 11851518351 4335117 0 1057303 0 0 0
1791586288 180, 405, 27, 0x0000000000000000 | 39.89 55.40 49.25 | cpu  5420754388 61345 60542441 11851527646 4335117 0 1057304 0 0 0
1791586289 180, 405, 27, 0x0000000000000000 | 39.89 55.40 49.25 | cpu  5420759126 61345 60542502 11851536914 4335117 0 1057304 0 0 0
1791586290 180, 405, 27, 0x0000000000000000 | 36.86 54.52 49.00 | cpu  5420763897 61345 60542534 11851546231 4335117 0 1057304 0 0 0
1791586291 180, 405, 27, 0x0000000000000000 | 36.86 54.52 49.00 | cpu  5420768488 61345 60542566 11851555539 4335117 0 1057304 0 0 0
1791586292 180, 405, 27, 0x0000000000000000 | 36.86 54.52 49.00 | cpu  5420773306 61345 60542596 11851564824 4335117 0 1057305 0 0 0
1791586293 180, 405, 27, 0x0000000000000000 | 36.86 54.52 49.00 | cpu  5420778126 61345 60542613 11851574052 4335118 0 1057305 0 0 0
1791586294 180, 405, 27, 0x0000000000000000 | 36.86 54.52 49.00 | cpu  5420782955 61345 60542636 11851583215 4335118 0 1057305 0 0 0
1791586295 180, 405, 27, 0x0000000000000000 | 34.07 53.64 48.74 | cpu  5420787779 61345 60542655 11851592366 4335119 0 1057305 0 0 0
1791586296 180, 405, 27, 0x0000000000000000 | 34.07 53.64 48.74 | cpu  5420792590 61345 60542683 11851601653 4335119 0 1057305 0 0 0
1791586297 180, 405, 26, 0x0000000000000000 | 34.07 53.64 48.74 | cpu  5420797425 61345 60542713 11851610887 4335119 0 1057305 0 0 0
1791586298 180, 405, 26, 0x0000000000000000 | 34.07 53.64 48.74 | cpu  5420802256 61345 60542773 11851620041 4335120 0 1057305 0 0 0
1791586300 180, 405, 26, 0x0000000000000000 | 31.50 52.79 48.49 | cpu  5420807061 61345 60542801 11851629243 4335120 0 1057305 0 0 0
1791586301 180, 405, 26, 0x0000000000000000 | 31.50 52.79 48.49 | cpu  5420811868 61346 60542826 11851638542 4335120 0 1057306 0 0 0
1791586302 180, 405, 26, 0x0000000000000000 | 31.50 52.79 48.49 | cpu  5420816598 61346 60542858 11851647851 4335120 0 1057306 0 0 0
1791586303 180, 405, 26, 0x0000000000000000 | 31.50 52.79 48.49 | cpu  5420821243 61346 60542889 11851657170 4335120 0 1057306 0 0 0
1791586304 180, 405, 26, 0x0000000000000000 | 31.50 52.79 48.49 | cpu  5420825952 61346 60542922 11851666478 4335120 0 1057306 0 0 0
1791586305 180, 405, 26, 0x0000000000000000 | 29.14 51.94 48.24 | cpu  5420830790 61346 60542957 11851675689 4335121 0 1057306 0 0 0
1791586306 180, 405, 26, 0x0000000000000000 | 29.14 51.94 48.24 | cpu  5420835610 61346 60543000 11851684902 4335122 0 1057306 0 0 0
1791586307 180, 405, 26, 0x0000000000000000 | 29.14 51.94 48.24 | cpu  5420840437 61346 60543030 11851694125 4335122 0 1057306 0 0 0
1791586308 180, 405, 26, 0x0000000000000000 | 29.14 51.94 48.24 | cpu  5420845287 61346 60543068 11851703273 4335122 0 1057306 0 0 0
1791586309 180, 405, 26, 0x0000000000000000 | 26.96 51.11 47.99 | cpu  5420850114 61346 60543130 11851712526 4335122 0 1057307 0 0 0
1791586310 180, 405, 26, 0x0000000000000000 | 26.96 51.11 47.99 | cpu  5420854940 61346 60543160 11851721781 4335123 0 1057307 0 0 0
1791586312 180, 405, 26, 0x0000000000000000 | 26.96 51.11 47.99 | cpu  5420859777 61346 60543235 11851731013 4335123 0 1057307 0 0 0
1791586313 180, 405, 26, 0x0000000000000000 | 26.96 51.11 47.99 | cpu  5420864598 61346 60543424 11851740114 4335131 0 1057307 0 0 0
1791586314 180, 405, 26, 0x0000000000000000 | 26.96 51.11 47.99 | cpu  5420869435 61347 60543456 11851749329 4335131 0 1057307 0 0 0
1791586315 180, 405, 26, 0x0000000000000000 | 24.96 50.30 47.75 | cpu  5420874270 61347 60543481 11851758513 4335131 0 1057307 0 0 0
1791586316 180, 405, 26, 0x0000000000000000 | 24.96 50.30 47.75 | cpu  5420878942 61347 60543500 11851767799 4335132 0 1057307 0 0 0
1791586317 180, 405, 26, 0x0000000000000000 | 24.96 50.30 47.75 | cpu  5420883694 61347 60543525 11851777213 4335132 0 1057307 0 0 0
1791586318 180, 405, 26, 0x0000000000000000 | 24.96 50.30 47.75 | cpu  5420888468 61347 60543547 11851786649 4335132 0 1057307 0 0 0
1791586319 180, 405, 26, 0x0000000000000000 | 23.04 49.48 47.50 | cpu  5420893044 61347 60543593 11851796050 4335132 0 1057307 0 0 0
1791586320 180, 405, 26, 0x0000000000000000 | 23.04 49.48 47.50 | cpu  5420897706 61347 60543623 11851805471 4335132 0 1057307 0 0 0
1791586321 180, 405, 26, 0x0000000000000000 | 23.04 49.48 47.50 | cpu  5420902320 61347 60543646 11851814873 4335133 0 1057307 0 0 0
1791586323 180, 405, 26, 0x0000000000000000 | 23.04 49.48 47.50 | cpu  5420907046 61347 60543670 11851824274 4335134 0 1057308 0 0 0
1791586324 180, 405, 26, 0x0000000000000000 | 23.04 49.48 47.50 | cpu  5420911768 61347 60543690 11851833608 4335134 0 1057308 0 0 0
1791586325 180, 405, 26, 0x0000000000000000 | 21.28 48.67 47.25 | cpu  5420916485 61347 60543712 11851842907 4335134 0 1057308 0 0 0
1791586326 180, 405, 26, 0x0000000000000000 | 21.28 48.67 47.25 | cpu  5420921210 61347 60543740 11851852220 4335134 0 1057308 0 0 0
1791586327 180, 405, 26, 0x0000000000000000 | 21.28 48.67 47.25 | cpu  5420925932 61347 60543760 11851861626 4335134 0 1057308 0 0 0
1791586328 180, 405, 26, 0x0000000000000000 | 21.28 48.67 47.25 | cpu  5420930657 61347 60543781 11851871022 4335136 0 1057308 0 0 0
1791586329 180, 405, 26, 0x0000000000000000 | 21.28 48.67 47.25 | cpu  5420935380 61347 60543803 11851880394 4335136 0 1057308 0 0 0
1791586330 180, 405, 26, 0x0000000000000000 | 19.82 47.92 47.01 | cpu  5420940105 61347 60543856 11851889635 4335136 0 1057309 0 0 0
1791586331 180, 405, 26, 0x0000000000000000 | 19.82 47.92 47.01 | cpu  5420944837 61347 60543886 11851898979 4335136 0 1057309 0 0 0
1791586332 180, 405, 26, 0x0000000000000000 | 19.82 47.92 47.01 | cpu  5420949523 61347 60543908 11851908324 4335136 0 1057309 0 0 0
1791586333 180, 405, 26, 0x0000000000000000 | 19.82 47.92 47.01 | cpu  5420954057 61347 60543928 11851917758 4335137 0 1057309 0 0 0
1791586335 180, 405, 26, 0x0000000000000000 | 18.31 47.14 46.76 | cpu  5420958849 61347 60543950 11851927189 4335137 0 1057309 0 0 0
1791586336 180, 405, 26, 0x0000000000000000 | 18.31 47.14 46.76 | cpu  5420963600 61347 60543981 11851936612 4335137 0 1057310 0 0 0
1791586337 180, 405, 26, 0x0000000000000000 | 18.31 47.14 46.76 | cpu  5420968326 61347 60544001 11851946047 4335137 0 1057310 0 0 0
1791586338 180, 405, 26, 0x0000000000000000 | 18.31 47.14 46.76 | cpu  5420973185 61347 60544020 11851955494 4335137 0 1057310 0 0 0
1791586339 180, 405, 26, 0x0000000000000000 | 18.31 47.14 46.76 | cpu  5420977926 61347 60544042 11851964951 4335138 0 1057310 0 0 0
1791586340 180, 405, 26, 0x0000000000000000 | 17.00 46.39 46.52 | cpu  5420982651 61347 60544102 11851974306 4335138 0 1057310 0 0 0
1791586341 180, 405, 26, 0x0000000000000000 | 17.00 46.39 46.52 | cpu  5420987358 61347 60544125 11851983724 4335138 0 1057310 0 0 0
1791586342 180, 405, 26, 0x0000000000000000 | 17.00 46.39 46.52 | cpu  5420992102 61347 60544151 11851993145 4335138 0 1057310 0 0 0
1791586343 180, 405, 26, 0x0000000000000000 | 17.00 46.39 46.52 | cpu  5420996817 61347 60544172 11852002580 4335138 0 1057310 0 0 0
1791586344 180, 405, 26, 0x0000000000000000 | 15.72 45.63 46.27 | cpu  5421001573 61347 60544195 11852012032 4335139 0 1057310 0 0 0
1791586346 180, 405, 26, 0x0000000000000000 | 15.72 45.63 46.27 | cpu  5421006291 61347 60544215 11852021448 4335139 0 1057310 0 0 0
1791586347 180, 405, 26, 0x0000000000000000 | 15.72 45.63 46.27 | cpu  5421010988 61347 60544238 11852030868 4335139 0 1057310 0 0 0
1791586348 180, 405, 26, 0x0000000000000000 | 15.72 45.63 46.27 | cpu  5421015751 61347 60544264 11852040310 4335140 0 1057310 0 0 0
1791586349 180, 405, 26, 0x0000000000000000 | 15.72 45.63 46.27 | cpu  5421020485 61347 60544286 11852049784 4335141 0 1057310 0 0 0
1791586350 180, 405, 26, 0x0000000000000000 | 14.62 44.91 46.04 | cpu  5421025404 61347 60544362 11852058906 4335141 0 1057311 0 0 0
1791586351 180, 405, 26, 0x0000000000000000 | 14.62 44.91 46.04 | cpu  5421030269 61347 60544446 11852068110 4335141 0 1057311 0 0 0
1791586352 180, 405, 26, 0x0000000000000000 | 14.62 44.91 46.04 | cpu  5421035082 61347 60544480 11852077399 4335141 0 1057311 0 0 0
1791586353 180, 405, 26, 0x0000000000000000 | 14.62 44.91 46.04 | cpu  5421039855 61347 60544524 11852086692 4335141 0 1057311 0 0 0
1791586354 180, 405, 26, 0x0000000000000000 | 13.61 44.20 45.80 | cpu  5421044687 61347 60544649 11852095896 4335141 0 1057312 0 0 0
1791586355 180, 405, 26, 0x0000000000000000 | 13.61 44.20 45.80 | cpu  5421049353 61347 60544673 11852105322 4335141 0 1057312 0 0 0
1791586357 180, 405, 26, 0x0000000000000000 | 13.61 44.20 45.80 | cpu  5421053947 61347 60544725 11852114713 4335141 0 1057312 0 0 0
1791586358 180, 405, 26, 0x0000000000000000 | 13.61 44.20 45.80 | cpu  5421058573 61347 60544748 11852124079 4335141 0 1057312 0 0 0
1791586359 180, 405, 26, 0x0000000000000000 | 13.61 44.20 45.80 | cpu  5421063298 61347 60544769 11852133385 4335141 0 1057312 0 0 0
1791586360 180, 405, 26, 0x0000000000000000 | 12.60 43.48 45.56 | cpu  5421068028 61347 60544789 11852142782 4335141 0 1057312 0 0 0
1791586361 180, 405, 26, 0x0000000000000000 | 12.60 43.48 45.56 | cpu  5421072849 61347 60544869 11852152049 4335145 0 1057313 0 0 0
1791586362 180, 405, 26, 0x0000000000000000 | 12.60 43.48 45.56 | cpu  5421077599 61347 60545279 11852160976 4335170 0 1057313 0 0 0
1791586363 180, 405, 26, 0x0000000000000000 | 12.60 43.48 45.56 | cpu  5421082345 61347 60545710 11852169837 4335218 0 1057313 0 0 0
1791586364 180, 405, 26, 0x0000000000000000 | 12.31 42.91 45.36 | cpu  5421087085 61347 60546132 11852178810 4335272 0 1057313 0 0 0
1791586365 180, 405, 26, 0x0000000000000000 | 12.31 42.91 45.36 | cpu  5421091881 61347 60546443 11852187735 4335308 0 1057313 0 0 0
1791586366 180, 405, 26, 0x0000000000000000 | 12.31 42.91 45.36 | cpu  5421096672 61347 60546496 11852196949 4335308 0 1057313 0 0 0
1791586367 172, 405, 26, 0x0000000000000000 | 12.31 42.91 45.36 | cpu  5421101461 61347 60546813 11852205885 4335346 0 1057313 0 0 0
1791586369 180, 405, 26, 0x0000000000000000 | 12.31 42.91 45.36 | cpu  5421106201 61347 60547413 11852214587 4335395 0 1057314 0 0 0
1791586370 180, 405, 26, 0x0000000000000000 | 11.89 42.31 45.16 | cpu  5421110936 61347 60548009 11852223315 4335454 0 1057314 0 0 0
1791586371 180, 405, 26, 0x0000000000000000 | 11.89 42.31 45.16 | cpu  5421115666 61347 60548586 11852232033 4335508 0 1057314 0 0 0
1791586372 180, 405, 26, 0x0000000000000000 | 11.89 42.31 45.16 | cpu  5421120359 61347 60549177 11852240769 4335569 0 1057314 0 0 0
1791586373 180, 405, 26, 0x0000000000000000 | 11.89 42.31 45.16 | cpu  5421124910 61347 60549738 11852249565 4335630 0 1057314 0 0 0
1791586374 180, 405, 26, 0x0000000000000000 | 11.89 42.31 45.16 | cpu  5421129780 61347 60550323 11852258357 4335687 0 1057315 0 0 0
1791586375 180, 405, 26, 0x0000000000000000 | 11.49 41.72 44.95 | cpu  5421134473 61347 60550940 11852267107 4335746 0 1057315 0 0 0
1791586376 180, 405, 26, 0x0000000000000000 | 11.49 41.72 44.95 | cpu  5421139084 61347 60551280 11852276138 4335767 0 1057315 0 0 0
1791586377 180, 13801, 26, 0x0000000000000000 | 11.49 41.72 44.95 | cpu  5421143718 61347 60551325 11852285488 4335767 0 1057315 0 0 0
1791586378 2797, 13801, 30, 0x0000000000000000 | 11.49 41.72 44.95 | cpu  5421148481 61347 60551372 11852294718 4335769 0 1057315 0 0 0
1791586379 2797, 13801, 34, 0x0000000000000000 | 10.65 41.05 44.71 | cpu  5421153236 61347 60551408 11852303933 4335769 0 1057315 0 0 0
1791586381 2812, 13801, 32, 0x0000000000000000 | 10.65 41.05 44.71 | cpu  5421158030 61347 60551473 11852313047 4335777 0 1057315 0 0 0
1791586382 2805, 13801, 32, 0x0000000000000000 | 10.65 41.05 44.71 | cpu  5421162862 61347 60551519 11852322203 4335778 0 1057315 0 0 0
1791586383 2812, 13801, 32, 0x0000000000000000 | 10.65 41.05 44.71 | cpu  5421167685 61347 60551542 11852331322 4335779 0 1057315 0 0 0
1791586384 2797, 13801, 34, 0x0000000000000000 | 10.65 41.05 44.71 | cpu  5421172294 61347 60551566 11852340632 4335779 0 1057315 0 0 0
1791586385 2812, 13801, 33, 0x0000000000000000 | 9.96 40.40 44.49 | cpu  5421176881 61347 60551587 11852349988 4335779 0 1057315 0 0 0
1791586386 2790, 13801, 35, 0x0000000000000000 | 9.96 40.40 44.49 | cpu  5421181610 61347 60551609 11852359293 4335779 0 1057315 0 0 0
1791586387 2812, 13801, 33, 0x0000000000000000 | 9.96 40.40 44.49 | cpu  5421186334 61347 60551631 11852368535 4335780 0 1057315 0 0 0
1791586388 2797, 13801, 33, 0x0000000000000000 | 9.96 40.40 44.49 | cpu  5421191059 61347 60551656 11852377842 4335781 0 1057315 0 0 0
1791586389 2812, 13801, 32, 0x0000000000000000 | 9.32 39.76 44.26 | cpu  5421195784 61347 60551675 11852387157 4335781 0 1057316 0 0 0
1791586390 2812, 13801, 34, 0x0000000000000000 | 9.32 39.76 44.26 | cpu  5421200518 61347 60551709 11852396358 4335781 0 1057316 0 0 0
1791586391 2797, 13801, 34, 0x0000000000000000 | 9.32 39.76 44.26 | cpu  5421205209 61347 60551732 11852405720 4335781 0 1057316 0 0 0
1791586393 2812, 13801, 33, 0x0000000000000000 | 9.32 39.76 44.26 | cpu  5421209728 61347 60551778 11852415114 4335781 0 1057316 0 0 0
1791586394 2812, 13801, 36, 0x0000000000000000 | 9.32 39.76 44.26 | cpu  5421214379 61347 60551810 11852424464 4335781 0 1057316 0 0 0
1791586395 2820, 13801, 33, 0x0000000000000000 | 8.74 39.13 44.03 | cpu  5421219146 61347 60551875 11852433739 4335781 0 1057317 0 0 0
1791586396 2820, 13801, 32, 0x0000000000000000 | 8.74 39.13 44.03 | cpu  5421223871 61347 60552048 11852442958 4335781 0 1057317 0 0 0
1791586397 2790, 13801, 33, 0x0000000000000000 | 8.74 39.13 44.03 | cpu  5421228601 61347 60552228 11852452085 4335781 0 1057317 0 0 0
1791586398 2797, 13801, 34, 0x0000000000000000 | 8.74 39.13 44.03 | cpu  5421233405 61347 60552266 11852461192 4335781 0 1057317 0 0 0
1791586399 2775, 13801, 37, 0x0000000000000000 | 8.74 39.13 44.03 | cpu  5421238236 61347 60552305 11852470336 4335783 0 1057317 0 0 0
1791586400 2790, 13801, 35, 0x0000000000000000 | 8.20 38.52 43.80 | cpu  5421243073 61347 60552349 11852479414 4335783 0 1057317 0 0 0
1791586401 2797, 13801, 35, 0x0000000000000000 | 8.20 38.52 43.80 | cpu  5421247864 61347 60552399 11852488664 4335783 0 1057317 0 0 0
1791586402 2797, 13801, 35, 0x0000000000000000 | 8.20 38.52 43.80 | cpu  5421252453 61347 60552537 11852497847 4335783 0 1057317 0 0 0
1791586403 2797, 13801, 39, 0x0000000000000000 | 8.20 38.52 43.80 | cpu  5421257150 61347 60552580 11852507121 4335783 0 1057317 0 0 0
1791586404 2797, 13801, 36, 0x0000000000000000 | 7.70 37.91 43.58 | cpu  5421261967 61347 60552606 11852516294 4335785 0 1057317 0 0 0
1791586406 2797, 13801, 37, 0x0000000000000000 | 7.70 37.91 43.58 | cpu  5421266795 61347 60552642 11852525405 4335785 0 1057317 0 0 0
1791586407 2805, 13801, 34, 0x0000000000000000 | 7.70 37.91 43.58 | cpu  5421271617 61347 60552676 11852534646 4335785 0 1057318 0 0 0
1791586408 2812, 13801, 34, 0x0000000000000000 | 7.70 37.91 43.58 | cpu  5421276437 61347 60552701 11852543989 4335785 0 1057318 0 0 0
1791586409 2797, 13801, 37, 0x0000000000000000 | 7.70 37.91 43.58 | cpu  5421281264 61347 60552728 11852553158 4335785 0 1057318 0 0 0
1791586410 2797, 13801, 35, 0x0000000000000000 | 7.32 37.33 43.36 | cpu  5421286086 61347 60552761 11852562277 4335786 0 1057318 0 0 0
1791586411 2782, 13801, 36, 0x0000000000000000 | 7.32 37.33 43.36 | cpu  5421290886 61347 60552793 11852571515 4335786 0 1057319 0 0 0
1791586412 2790, 13801, 37, 0x0000000000000000 | 7.32 37.33 43.36 | cpu  5421295418 61347 60552823 11852580817 4335787 0 1057319 0 0 0
1791586413 2797, 13801, 35, 0x0000000000000000 | 7.32 37.33 43.36 | cpu  5421300150 61347 60552880 11852590037 4335787 0 1057319 0 0 0
1791586414 2790, 13801, 35, 0x0000000000000000 | 6.98 36.76 43.14 | cpu  5421304963 61347 60552902 11852599229 4335787 0 1057319 0 0 0
1791586415 2790, 13801, 36, 0x0000000000000000 | 6.98 36.76 43.14 | cpu  5421309805 61347 60552940 11852608370 4335787 0 1057319 0 0 0
1791586416 2790, 13801, 37, 0x0000000000000000 | 6.98 36.76 43.14 | cpu  5421314633 61347 60552979 11852617544 4335787 0 1057320 0 0 0
1791586418 2797, 13801, 37, 0x0000000000000000 | 6.98 36.76 43.14 | cpu  5421319453 61347 60553003 11852626661 4335787 0 1057320 0 0 0
1791586419 2797, 13801, 38, 0x0000000000000000 | 6.98 36.76 43.14 | cpu  5421324278 61347 60553035 11852635851 4335787 0 1057320 0 0 0
1791586420 2797, 13801, 38, 0x0000000000000000 | 6.58 36.18 42.92 | cpu  5421329092 61347 60553066 11852645132 4335787 0 1057320 0 0 0
1791586421 2805, 13801, 37, 0x0000000000000000 | 6.58 36.18 42.92 | cpu  5421333714 61347 60553093 11852654451 4335788 0 1057320 0 0 0
1791586422 2797, 13801, 37, 0x0000000000000000 | 6.58 36.18 42.92 | cpu  5421338346 61347 60553132 11852663748 4335788 0 1057320 0 0 0
1791586423 2805, 13801, 39, 0x0000000000000000 | 6.58 36.18 42.92 | cpu  5421343161 61347 60553166 11852673012 4335788 0 1057320 0 0 0
1791586424 2797, 13801, 38, 0x0000000000000000 | 6.58 36.18 42.92 | cpu  5421347980 61347 60553217 11852682164 4335789 0 1057320 0 0 0
1791586425 2797, 13801, 38, 0x0000000000000000 | 6.13 35.60 42.70 | cpu  5421352800 61347 60553294 11852691264 4335795 0 1057320 0 0 0
1791586426 2797, 13801, 37, 0x0000000000000000 | 6.13 35.60 42.70 | cpu  5421357634 61347 60553320 11852700415 4335795 0 1057320 0 0 0
1791586427 2797, 13801, 40, 0x0000000000000000 | 6.13 35.60 42.70 | cpu  5421362468 61347 60553345 11852709698 4335795 0 1057320 0 0 0
1791586428 2797, 13801, 39, 0x0000000000000000 | 6.13 35.60 42.70 | cpu  5421367263 61347 60553364 11852718926 4335795 0 1057321 0 0 0
1791586430 2775, 13801, 39, 0x0000000000000000 | 5.72 35.03 42.47 | cpu  5421371982 61347 60553385 11852728248 4335795 0 1057322 0 0 0
1791586431 2797, 13801, 38, 0x0000000000000000 | 5.72 35.03 42.47 | cpu  5421376657 61347 60553406 11852737636 4335795 0 1057322 0 0 0
1791586432 2790, 13801, 38, 0x0000000000000000 | 5.72 35.03 42.47 | cpu  5421381300 61347 60553432 11852747054 4335796 0 1057322 0 0 0
1791586433 2820, 13801, 36, 0x0000000000000000 | 5.72 35.03 42.47 | cpu  5421385748 61347 60553458 11852756465 4335796 0 1057323 0 0 0
1791586434 2797, 13801, 36, 0x0000000000000000 | 5.72 35.03 42.47 | cpu  5421390491 61348 60553565 11852765677 4335796 0 1057323 0 0 0
1791586435 2805, 13801, 35, 0x0000000000000000 | 5.42 34.48 42.26 | cpu  5421395212 61348 60553584 11852774976 4335796 0 1057323 0 0 0
1791586436 2805, 13801, 39, 0x0000000000000000 | 5.42 34.48 42.26 | cpu  5421399940 61348 60553611 11852784355 4335796 0 1057323 0 0 0
1791586437 2790, 13801, 39, 0x0000000000000000 | 5.42 34.48 42.26 | cpu  5421404668 61348 60553636 11852793628 4335796 0 1057324 0 0 0
1791586438 2797, 13801, 38, 0x0000000000000000 | 5.42 34.48 42.26 | cpu  5421409405 61348 60553718 11852802941 4335796 0 1057324 0 0 0
1791586439 2790, 13801, 38, 0x0000000000000000 | 5.15 33.94 42.04 | cpu  5421414134 61348 60553841 11852812211 4335796 0 1057324 0 0 0
1791586440 2782, 13801, 41, 0x0000000000000000 | 5.15 33.94 42.04 | cpu  5421418862 61348 60553865 11852821427 4335796 0 1057324 0 0 0
1791586442 2805, 13801, 37, 0x0000000000000000 | 5.15 33.94 42.04 | cpu  5421423581 61348 60553890 11852830770 4335796 0 1057324 0 0 0
1791586443 2812, 13801, 37, 0x0000000000000000 | 5.15 33.94 42.04 | cpu  5421428065 61348 60553910 11852840185 4335797 0 1057324 0 0 0
1791586444 2790, 13801, 37, 0x0000000000000000 | 5.15 33.94 42.04 | cpu  5421432625 61348 60553935 11852849563 4335797 0 1057324 0 0 0
1791586445 2782, 13801, 37, 0x0000000000000000 | 4.81 33.39 41.82 | cpu  5421437353 61348 60553989 11852858768 4335797 0 1057324 0 0 0
1791586446 2797, 13801, 39, 0x0000000000000000 | 4.81 33.39 41.82 | cpu  5421442078 61348 60554010 11852868036 4335797 0 1057325 0 0 0
1791586447 2805, 13801, 38, 0x0000000000000000 | 4.81 33.39 41.82 | cpu  5421446803 61348 60554033 11852877384 4335797 0 1057325 0 0 0
1791586448 2797, 13801, 40, 0x0000000000000000 | 4.81 33.39 41.82 | cpu  5421451530 61348 60554057 11852886660 4335798 0 1057325 0 0 0
1791586449 2812, 13801, 36, 0x0000000000000000 | 4.81 33.39 41.82 | cpu  5421456250 61348 60554076 11852895956 4335798 0 1057325 0 0 0
1791586450 2805, 13801, 36, 0x0000000000000000 | 4.51 32.85 41.60 | cpu  5421460940 61348 60554096 11852905308 4335798 0 1057325 0 0 0
1791586451 2790, 13801, 37, 0x0000000000000000 | 4.51 32.85 41.60 | cpu  5421465602 61348 60554120 11852914739 4335798 0 1057325 0 0 0
1791586452 2797, 13801, 40, 0x0000000000000000 | 4.51 32.85 41.60 | cpu  5421470251 61348 60554141 11852924171 4335799 0 1057325 0 0 0
1791586454 2797, 13801, 38, 0x0000000000000000 | 4.51 32.85 41.60 | cpu  5421474834 61348 60554162 11852933605 4335799 0 1057326 0 0 0
1791586455 2797, 13801, 37, 0x0000000000000000 | 4.23 32.32 41.38 | cpu  5421479577 61348 60554206 11852943010 4335799 0 1057326 0 0 0
1791586456 2790, 13801, 38, 0x0000000000000000 | 4.23 32.32 41.38 | cpu  5421484187 61348 60554232 11852952381 4335799 0 1057326 0 0 0
1791586457 2797, 13801, 36, 0x0000000000000000 | 4.23 32.32 41.38 | cpu  5421488919 61348 60554260 11852961727 4335799 0 1057326 0 0 0
1791586458 2790, 13801, 38, 0x0000000000000000 | 4.23 32.32 41.38 | cpu  5421493644 61348 60554280 11852970946 4335799 0 1057326 0 0 0
1791586459 2797, 13801, 43, 0x0000000000000000 | 4.23 32.32 41.38 | cpu  5421498371 61348 60554301 11852980242 4335799 0 1057326 0 0 0
1791586460 2805, 13801, 37, 0x0000000000000000 | 3.97 31.80 41.16 | cpu  5421503091 61348 60554322 11852989549 4335799 0 1057326 0 0 0
1791586461 2782, 13801, 38, 0x0000000000000000 | 3.97 31.80 41.16 | cpu  5421507820 61348 60554347 11852998805 4335799 0 1057326 0 0 0
1791586462 2797, 13801, 39, 0x0000000000000000 | 3.97 31.80 41.16 | cpu  5421512544 61348 60554372 11853008164 4335799 0 1057326 0 0 0
1791586463 2797, 13801, 38, 0x0000000000000000 | 3.97 31.80 41.16 | cpu  5421517132 61348 60554394 11853017578 4335801 0 1057326 0 0 0
1791586464 2812, 13801, 37, 0x0000000000000000 | 3.73 31.29 40.95 | cpu  5421521578 61348 60554414 11853026975 4335801 0 1057326 0 0 0
1791586465 2790, 13801, 37, 0x0000000000000000 | 3.73 31.29 40.95 | cpu  5421526310 61348 60554469 11853036209 4335801 0 1057326 0 0 0
1791586467 2797, 13801, 40, 0x0000000000000000 | 3.73 31.29 40.95 | cpu  5421531032 61348 60554491 11853045462 4335801 0 1057326 0 0 0
1791586468 2797, 13801, 38, 0x0000000000000000 | 3.73 31.29 40.95 | cpu  5421535762 61348 60554521 11853054807 4335801 0 1057326 0 0 0
1791586469 2797, 13801, 39, 0x0000000000000000 | 3.73 31.29 40.95 | cpu  5421540488 61348 60554545 11853064206 4335801 0 1057326 0 0 0
1791586470 2797, 13801, 38, 0x0000000000000000 | 3.51 30.79 40.73 | cpu  5421545234 61348 60554680 11853073547 4335805 0 1057326 0 0 0
1791586471 2797, 13801, 38, 0x0000000000000000 | 3.51 30.79 40.73 | cpu  5421549974 61348 60555174 11853082368 4335851 0 1057327 0 0 0
1791586472 2797, 13801, 41, 0x0000000000000000 | 3.51 30.79 40.73 | cpu  5421554716 61348 60555585 11853091188 4335907 0 1057327 0 0 0
1791586473 2790, 13801, 40, 0x0000000000000000 | 3.51 30.79 40.73 | cpu  5421559452 61348 60556001 11853099970 4335962 0 1057327 0 0 0
1791586474 2805, 13801, 37, 0x0000000000000000 | 3.39 30.31 40.52 | cpu  5421564249 61348 60556139 11853109096 4335977 0 1057327 0 0 0
1791586475 2782, 13801, 38, 0x0000000000000000 | 3.39 30.31 40.52 | cpu  5421568693 61348 60556193 11853118420 4335977 0 1057327 0 0 0
1791586476 2797, 13801, 39, 0x0000000000000000 | 3.39 30.31 40.52 | cpu  5421573444 61348 60556245 11853127677 4335977 0 1057328 0 0 0
1791586477 2797, 13801, 40, 0x0000000000000000 | 3.39 30.31 40.52 | cpu  5421578277 61348 60556274 11853136843 4335977 0 1057328 0 0 0
1791586479 2797, 13801, 39, 0x0000000000000000 | 3.39 30.31 40.52 | cpu  5421583107 61348 60556295 11853145931 4335977 0 1057328 0 0 0
1791586480 2790, 13801, 40, 0x0000000000000000 | 3.28 29.84 40.32 | cpu  5421587943 61348 60556325 11853155053 4335977 0 1057328 0 0 0
1791586481 2805, 13801, 42, 0x0000000000000000 | 3.28 29.84 40.32 | cpu  5421592699 61348 60556350 11853164323 4335977 0 1057328 0 0 0
1791586482 2812, 13801, 38, 0x0000000000000000 | 3.28 29.84 40.32 | cpu  5421597357 61348 60556371 11853173666 4335977 0 1057331 0 0 0
1791586483 2797, 13801, 38, 0x0000000000000000 | 3.28 29.84 40.32 | cpu  5421602012 61348 60556397 11853183087 4335977 0 1057331 0 0 0
1791586484 2790, 13801, 38, 0x0000000000000000 | 3.28 29.84 40.32 | cpu  5421606459 61348 60556417 11853192492 4335977 0 1057331 0 0 0
1791586485 2790, 13801, 38, 0x0000000000000000 | 3.10 29.36 40.11 | cpu  5421611182 61348 60556440 11853201834 4335977 0 1057331 0 0 0
1791586486 2797, 13801, 40, 0x0000000000000000 | 3.10 29.36 40.11 | cpu  5421615908 61348 60556492 11853211010 4335977 0 1057331 0 0 0
1791586487 2797, 13801, 39, 0x0000000000000000 | 3.10 29.36 40.11 | cpu  5421620634 61348 60556513 11853220285 4335977 0 1057331 0 0 0
1791586488 2805, 13801, 37, 0x0000000000000000 | 3.10 29.36 40.11 | cpu  5421625358 61348 60556533 11853229569 4335977 0 1057331 0 0 0
1791586489 2797, 13801, 39, 0x0000000000000000 | 2.93 28.89 39.89 | cpu  5421630080 61348 60556553 11853238864 4335979 0 1057331 0 0 0
1791586491 2790, 13801, 39, 0x0000000000000000 | 2.93 28.89 39.89 | cpu  5421634816 61348 60556588 11853248214 4335979 0 1057331 0 0 0
1791586492 2797, 13801, 40, 0x0000000000000000 | 2.93 28.89 39.89 | cpu  5421639353 61348 60556615 11853257618 4335979 0 1057332 0 0 0
1791586493 2797, 13801, 39, 0x0000000000000000 | 2.93 28.89 39.89 | cpu  5421643989 61348 60556636 11853267052 4335979 0 1057332 0 0 0
1791586494 2812, 13801, 42, 0x0000000000000000 | 2.93 28.89 39.89 | cpu  5421648589 61348 60556658 11853276483 4335979 0 1057332 0 0 0
1791586495 2797, 13801, 40, 0x0000000000000000 | 2.77 28.43 39.69 | cpu  5421653298 61348 60556678 11853285873 4335980 0 1057332 0 0 0
1791586496 2797, 13801, 39, 0x0000000000000000 | 2.77 28.43 39.69 | cpu  5421658033 61348 60556710 11853295186 4335980 0 1057332 0 0 0
1791586497 2797, 13801, 38, 0x0000000000000000 | 2.77 28.43 39.69 | cpu  5421662764 61348 60556765 11853304372 4335980 0 1057333 0 0 0
1791586498 2797, 13801, 38, 0x0000000000000000 | 2.77 28.43 39.69 | cpu  5421667487 61348 60556788 11853313659 4335980 0 1057333 0 0 0
1791586499 2797, 13801, 39, 0x0000000000000000 | 2.79 28.00 39.49 | cpu  5421672216 61348 60556811 11853323198 4335980 0 1057333 0 0 0
1791586500 2797, 13801, 39, 0x0000000000000000 | 2.79 28.00 39.49 | cpu  5421676943 61348 60556833 11853332452 4335981 0 1057333 0 0 0
1791586501 2805, 13801, 37, 0x0000000000000000 | 2.79 28.00 39.49 | cpu  5421681693 61348 60556925 11853341582 4335981 0 1057333 0 0 0
1791586503 2805, 13801, 42, 0x0000000000000000 | 2.79 28.00 39.49 | cpu  5421686452 61348 60557073 11853350829 4335981 0 1057333 0 0 0
1791586504 2805, 13801, 38, 0x0000000000000000 | 2.79 28.00 39.49 | cpu  5421691143 61348 60557101 11853360164 4335981 0 1057333 0 0 0
1791586505 2805, 13801, 37, 0x0000000000000000 | 2.65 27.56 39.28 | cpu  5421695665 61348 60557122 11853369596 4335983 0 1057333 0 0 0
1791586506 2797, 13801, 41, 0x0000000000000000 | 2.65 27.56 39.28 | cpu  5421700209 61348 60557144 11853378985 4335983 0 1057334 0 0 0
1791586507 2805, 13801, 38, 0x0000000000000000 | 2.65 27.56 39.28 | cpu  5421704938 61348 60557192 11853388216 4335983 0 1057334 0 0 0
1791586508 2797, 13801, 38, 0x0000000000000000 | 2.65 27.56 39.28 | cpu  5421709663 61348 60557213 11853397524 4335983 0 1057334 0 0 0
1791586509 2797, 13801, 37, 0x0000000000000000 | 2.65 27.56 39.28 | cpu  5421714388 61348 60557231 11853406801 4335983 0 1057334 0 0 0
1791586510 2797, 13801, 37, 0x0000000000000000 | 2.52 27.11 39.08 | cpu  5421719112 61348 60557253 11853416016 4335983 0 1057334 0 0 0
1791586511 2805, 13801, 41, 0x0000000000000000 | 2.52 27.11 39.08 | cpu  5421723843 61348 60557311 11853425316 4335983 0 1057334 0 0 0
1791586512 2797, 13801, 40, 0x0000000000000000 | 2.52 27.11 39.08 | cpu  5421728490 61348 60557334 11853434688 4335983 0 1057334 0 0 0
1791586513 2805, 13801, 37, 0x0000000000000000 | 2.52 27.11 39.08 | cpu  5421732996 61348 60557418 11853444012 4335983 0 1057334 0 0 0
1791586515 2812, 13801, 36, 0x0000000000000000 | 2.47 26.70 38.88 | cpu  5421737724 61348 60557486 11853453141 4335983 0 1057334 0 0 0
1791586516 2805, 13801, 40, 0x0000000000000000 | 2.47 26.70 38.88 | cpu  5421742551 61348 60557543 11853462320 4335985 0 1057334 0 0 0
1791586517 2797, 13801, 39, 0x0000000000000000 | 2.47 26.70 38.88 | cpu  5421747312 61348 60557672 11853471411 4335985 0 1057334 0 0 0
1791586518 2812, 13801, 36, 0x0000000000000000 | 2.47 26.70 38.88 | cpu  5421752145 61348 60557737 11853480459 4335985 0 1057334 0 0 0
1791586519 2790, 13801, 38, 0x0000000000000000 | 2.47 26.70 38.88 | cpu  5421756928 61348 60557762 11853489608 4335985 0 1057335 0 0 0
1791586520 2805, 13801, 37, 0x0000000000000000 | 2.52 26.30 38.68 | cpu  5421761658 61348 60557795 11853498914 4335985 0 1057335 0 0 0
1791586521 2797, 13801, 40, 0x0000000000000000 | 2.52 26.30 38.68 | cpu  5421766386 61348 60557827 11853508221 4335987 0 1057335 0 0 0
1791586522 2797, 13801, 38, 0x0000000000000000 | 2.52 26.30 38.68 | cpu  5421771008 61348 60557852 11853517496 4335987 0 1057335 0 0 0
1791586523 2797, 13801, 41, 0x0000000000000000 | 2.52 26.30 38.68 | cpu  5421775871 61348 60557902 11853526614 4335987 0 1057335 0 0 0
1791586524 2797, 13801, 40, 0x0000000000000000 | 2.56 25.92 38.49 | cpu  5421780739 61348 60557959 11853535673 4335987 0 1057335 0 0 0
1791586525 2797, 13801, 39, 0x0000000000000000 | 2.56 25.92 38.49 | cpu  5421785558 61348 60557987 11853544963 4335987 0 1057335 0 0 0
1791586526 2797, 13801, 38, 0x0000000000000000 | 2.56 25.92 38.49 | cpu  5421790392 61348 60558022 11853554128 4335987 0 1057335 0 0 0
1791586528 2797, 13801, 40, 0x0000000000000000 | 2.56 25.92 38.49 | cpu  5421795237 61348 60558091 11853563281 4335987 0 1057335 0 0 0
1791586529 2812, 13801, 37, 0x0000000000000000 | 2.56 25.92 38.49 | cpu  5421800042 61348 60558115 11853572410 4335988 0 1057335 0 0 0
1791586530 2797, 13801, 37, 0x0000000000000000 | 2.51 25.52 38.30 | cpu  5421804700 61348 60558172 11853581682 4335988 0 1057335 0 0 0
1791586531 2805, 13801, 37, 0x0000000000000000 | 2.51 25.52 38.30 | cpu  5421809289 61348 60558213 11853590972 4335994 0 1057336 0 0 0
1791586532 2797, 13801, 37, 0x0000000000000000 | 2.51 25.52 38.30 | cpu  5421814104 61348 60558239 11853600196 4335995 0 1057336 0 0 0
1791586533 2782, 13801, 38, 0x0000000000000000 | 2.51 25.52 38.30 | cpu  5421818927 61348 60558271 11853609310 4335997 0 1057336 0 0 0
1791586534 2797, 13801, 40, 0x0000000000000000 | 2.51 25.52 38.30 | cpu  5421823754 61348 60558305 11853618484 4335997 0 1057336 0 0 0
1791586535 2805, 13801, 40, 0x0000000000000000 | 2.47 25.13 38.10 | cpu  5421828570 61348 60558335 11853627752 4335997 0 1057336 0 0 0
1791586536 2797, 13801, 38, 0x0000000000000000 | 2.47 25.13 38.10 | cpu  5421833407 61348 60558368 11853636987 4335997 0 1057336 0 0 0
1791586537 2797, 13801, 40, 0x0000000000000000 | 2.47 25.13 38.10 | cpu  5421838234 61348 60558401 11853646164 4335998 0 1057336 0 0 0
1791586538 2797, 13801, 40, 0x0000000000000000 | 2.47 25.13 38.10 | cpu  5421843051 61348 60558456 11853655300 4335998 0 1057336 0 0 0
1791586540 2797, 13801, 40, 0x0000000000000000 | 2.43 24.74 37.91 | cpu  5421847794 61348 60558487 11853664615 4335998 0 1057337 0 0 0
1791586541 2797, 13801, 41, 0x0000000000000000 | 2.43 24.74 37.91 | cpu  5421852458 61348 60558519 11853673917 4335998 0 1057337 0 0 0
1791586542 2797, 13801, 39, 0x0000000000000000 | 2.43 24.74 37.91 | cpu  5421857122 61348 60558552 11853683178 4335998 0 1057337 0 0 0
1791586543 2797, 13801, 40, 0x0000000000000000 | 2.43 24.74 37.91 | cpu  5421861930 61348 60558581 11853692329 4335998 0 1057337 0 0 0
1791586544 2797, 13801, 40, 0x0000000000000000 | 2.43 24.74 37.91 | cpu  5421866759 61348 60558670 11853701328 4336006 0 1057337 0 0 0
1791586545 2805, 13801, 38, 0x0000000000000000 | 2.40 24.37 37.71 | cpu  5421871595 61348 60558709 11853710551 4336008 0 1057337 0 0 0
1791586546 2790, 13801, 41, 0x0000000000000000 | 2.40 24.37 37.71 | cpu  5421876429 61348 60558746 11853719626 4336008 0 1057337 0 0 0
1791586547 2790, 13801, 40, 0x0000000000000000 | 2.40 24.37 37.71 | cpu  5421881244 61348 60558777 11853728888 4336008 0 1057338 0 0 0
1791586548 2805, 13801, 38, 0x0000000000000000 | 2.40 24.37 37.71 | cpu  5421885957 61348 60558821 11853738281 4336008 0 1057338 0 0 0
1791586549 2797, 13801, 39, 0x0000000000000000 | 2.29 23.98 37.52 | cpu  5421890563 61348 60558847 11853747700 4336009 0 1057338 0 0 0
1791586550 2797, 13801, 39, 0x0000000000000000 | 2.29 23.98 37.52 | cpu  5421895035 61348 60558870 11853757129 4336009 0 1057338 0 0 0
1791586552 2797, 13801, 38, 0x0000000000000000 | 2.29 23.98 37.52 | cpu  5421899739 61348 60558892 11853766505 4336009 0 1057338 0 0 0
1791586553 2797, 13801, 39, 0x0000000000000000 | 2.29 23.98 37.52 | cpu  5421904466 61348 60558912 11853775891 4336009 0 1057338 0 0 0
1791586554 2790, 13801, 41, 0x0000000000000000 | 2.29 23.98 37.52 | cpu  5421909192 61349 60558937 11853785137 4336010 0 1057338 0 0 0
1791586555 2812, 13801, 37, 0x0000000000000000 | 12.51 25.74 38.01 | cpu  5421913915 61349 60558957 11853794399 4336010 0 1057338 0 0 0
1791586556 2805, 13801, 40, 0x0000000000000000 | 12.51 25.74 38.01 | cpu  5421918637 61349 60558980 11853803608 4336010 0 1057339 0 0 0
1791586557 2812, 13801, 38, 0x0000000000000000 | 12.51 25.74 38.01 | cpu  5421923343 61349 60559001 11853812864 4336010 0 1057339 0 0 0
1791586558 2797, 13801, 41, 0x0000000000000000 | 12.51 25.74 38.01 | cpu  5421927934 61349 60559021 11853822290 4336012 0 1057339 0 0 0
1791586559 2812, 13801, 41, 0x0000000000000000 | 12.51 25.74 38.01 | cpu  5421932564 61349 60559075 11853831666 4336012 0 1057339 0 0 0
1791586560 2797, 13801, 40, 0x0000000000000000 | 22.32 27.55 38.53 | cpu  5421937145 61349 60559105 11853841050 4336012 0 1057339 0 0 0
1791586561 2797, 13801, 39, 0x0000000000000000 | 22.32 27.55 38.53 | cpu  5421941983 61349 60559185 11853850145 4336012 0 1057339 0 0 0
1791586562 2790, 13801, 38, 0x0000000000000000 | 22.32 27.55 38.53 | cpu  5421946780 61349 60559297 11853859317 4336012 0 1057339 0 0 0
1791586563 2805, 13801, 41, 0x0000000000000000 | 22.32 27.55 38.53 | cpu  5421951556 61349 60559335 11853868454 4336013 0 1057339 0 0 0
1791586565 2805, 13801, 39, 0x0000000000000000 | 31.18 29.30 39.04 | cpu  5421956393 61349 60559418 11853877571 4336018 0 1057340 0 0 0
1791586566 2797, 13801, 40, 0x0000000000000000 | 31.18 29.30 39.04 | cpu  5421961231 61349 60559546 11853886583 4336018 0 1057340 0 0 0
1791586567 2797, 13801, 40, 0x0000000000000000 | 31.18 29.30 39.04 | cpu  5421966038 61349 60559593 11853895850 4336019 0 1057340 0 0 0
1791586568 2805, 13801, 41, 0x0000000000000000 | 31.18 29.30 39.04 | cpu  5421970539 61349 60559613 11853905239 4336019 0 1057340 0 0 0
1791586569 2797, 13801, 41, 0x0000000000000000 | 31.18 29.30 39.04 | cpu  5421975138 61349 60559643 11853914590 4336019 0 1057340 0 0 0
1791586570 2805, 13801, 40, 0x0000000000000000 | 39.42 31.04 39.55 | cpu  5421979872 61349 60559689 11853923787 4336019 0 1057341 0 0 0
1791586571 2805, 13801, 41, 0x0000000000000000 | 39.42 31.04 39.55 | cpu  5421984603 61349 60559713 11853933059 4336019 0 1057341 0 0 0
1791586572 2820, 13801, 38, 0x0000000000000000 | 39.42 31.04 39.55 | cpu  5421989322 61349 60559734 11853942350 4336019 0 1057341 0 0 0
1791586573 2805, 13801, 39, 0x0000000000000000 | 39.42 31.04 39.55 | cpu  5421994050 61349 60559753 11853951632 4336019 0 1057341 0 0 0
1791586574 2790, 13801, 39, 0x0000000000000000 | 46.67 32.68 40.04 | cpu  5421998774 61349 60559775 11853960942 4336021 0 1057341 0 0 0
1791586575 2782, 13801, 39, 0x0000000000000000 | 46.67 32.68 40.04 | cpu  5422003495 61349 60559803 11853970345 4336021 0 1057341 0 0 0
1791586577 2797, 13801, 40, 0x0000000000000000 | 46.67 32.68 40.04 | cpu  5422007995 61349 60559826 11853979772 4336021 0 1057341 0 0 0
1791586578 2812, 13801, 38, 0x0000000000000000 | 46.67 32.68 40.04 | cpu  5422012545 61349 60559927 11853989050 4336021 0 1057341 0 0 0
1791586579 2782, 13801, 38, 0x0000000000000000 | 46.67 32.68 40.04 | cpu  5422017272 61349 60559960 11853998281 4336021 0 1057341 0 0 0
1791586580 2790, 13801, 38, 0x0000000000000000 | 53.43 34.32 40.53 | cpu  5422022002 61349 60560005 11854007486 4336022 0 1057341 0 0 0
1791586581 2805, 13801, 41, 0x0000000000000000 | 53.43 34.32 40.53 | cpu  5422026727 61349 60560029 11854016756 4336022 0 1057341 0 0 0
1791586582 2775, 13801, 41, 0x0000000000000000 | 53.43 34.32 40.53 | cpu  5422031452 61349 60560057 11854025932 4336022 0 1057342 0 0 0
1791586583 2812, 13801, 42, 0x0000000000000000 | 53.43 34.32 40.53 | cpu  5422036024 61349 60560078 11854035353 4336022 0 1057342 0 0 0
1791586584 2805, 13801, 39, 0x0000000000000000 | 53.43 34.32 40.53 | cpu  5422040498 61349 60560097 11854044782 4336022 0 1057342 0 0 0
1791586585 2812, 13801, 38, 0x0000000000000000 | 59.56 35.91 41.01 | cpu  5422045207 61349 60560118 11854054121 4336023 0 1057342 0 0 0
1791586586 2797, 13801, 41, 0x0000000000000000 | 59.56 35.91 41.01 | cpu  5422049927 61349 60560143 11854063421 4336023 0 1057342 0 0 0
1791586587 2797, 13801, 39, 0x0000000000000000 | 59.56 35.91 41.01 | cpu  5422054656 61349 60560165 11854072733 4336024 0 1057342 0 0 0
1791586588 2797, 13801, 39, 0x0000000000000000 | 59.56 35.91 41.01 | cpu  5422059383 61349 60560215 11854082136 4336024 0 1057342 0 0 0
1791586590 2805, 13801, 37, 0x0000000000000000 | 65.20 37.47 41.49 | cpu  5422064107 61349 60560236 11854091471 4336024 0 1057342 0 0 0
1791586591 2797, 13801, 40, 0x0000000000000000 | 65.20 37.47 41.49 | cpu  5422068833 61349 60560289 11854100663 4336024 0 1057343 0 0 0
1791586592 2805, 13801, 39, 0x0000000000000000 | 65.20 37.47 41.49 | cpu  5422073542 61349 60560319 11854109871 4336024 0 1057343 0 0 0
1791586593 2812, 13801, 37, 0x0000000000000000 | 65.20 37.47 41.49 | cpu  5422078062 61349 60560343 11854119277 4336031 0 1057343 0 0 0
1791586594 2805, 13801, 37, 0x0000000000000000 | 65.20 37.47 41.49 | cpu  5422082813 61349 60560365 11854128710 4336031 0 1057343 0 0 0
1791586595 2812, 13801, 37, 0x0000000000000000 | 70.39 39.01 41.96 | cpu  5422087460 61349 60560386 11854138144 4336031 0 1057343 0 0 0
1791586596 2392, 13801, 34, 0x0000000000000000 | 70.39 39.01 41.96 | cpu  5422091999 61349 60560427 11854147505 4336032 0 1057343 0 0 0
1791586597 2392, 13801, 34, 0x0000000000000000 | 70.39 39.01 41.96 | cpu  5422096677 61349 60560478 11854156665 4336032 0 1057344 0 0 0
1791586598 2392, 13801, 34, 0x0000000000000000 | 70.39 39.01 41.96 | cpu  5422101371 61349 60560517 11854165952 4336032 0 1057344 0 0 0
1791586599 2392, 13801, 33, 0x0000000000000000 | 75.16 40.52 42.43 | cpu  5422106054 61349 60560566 11854175168 4336032 0 1057344 0 0 0
1791586600 2392, 13801, 33, 0x0000000000000000 | 75.16 40.52 42.43 | cpu  5422110660 61349 60560633 11854184504 4336033 0 1057344 0 0 0
1791586602 2392, 13801, 33, 0x0000000000000000 | 75.16 40.52 42.43 | cpu  5422115055 61349 60560685 11854193941 4336033 0 1057344 0 0 0
1791586603 2392, 13801, 33, 0x0000000000000000 | 75.16 40.52 42.43 | cpu  5422119710 61349 60560727 11854203326 4336033 0 1057344 0 0 0
1791586604 2392, 13801, 33, 0x0000000000000000 | 75.16 40.52 42.43 | cpu  5422124395 61349 60560778 11854212565 4336033 0 1057344 0 0 0
1791586605 2392, 13801, 33, 0x0000000000000000 | 79.55 42.00 42.90 | cpu  5422129092 61349 60560822 11854221797 4336033 0 1057344 0 0 0
1791586606 2392, 13801, 33, 0x0000000000000000 | 79.55 42.00 42.90 | cpu  5422133774 61349 60560871 11854231026 4336034 0 1057344 0 0 0
1791586607 2392, 13801, 33, 0x0000000000000000 | 79.55 42.00 42.90 | cpu  5422138425 61349 60560913 11854240306 4336034 0 1057344 0 0 0
1791586608 2392, 13801, 33, 0x0000000000000000 | 79.55 42.00 42.90 | cpu  5422142791 61349 60560967 11854249745 4336034 0 1057345 0 0 0
1791586609 2392, 13801, 33, 0x0000000000000000 | 79.55 42.00 42.90 | cpu  5422147418 61349 60561009 11854259098 4336034 0 1057345 0 0 0
1791586610 2392, 13801, 33, 0x0000000000000000 | 83.59 43.46 43.37 | cpu  5422152100 61349 60561059 11854268278 4336034 0 1057345 0 0 0
1791586611 2392, 13801, 32, 0x0000000000000000 | 83.59 43.46 43.37 | cpu  5422156795 61349 60561131 11854277544 4336034 0 1057345 0 0 0
1791586612 2392, 13801, 32, 0x0000000000000000 | 83.59 43.46 43.37 | cpu  5422161480 61349 60561179 11854286773 4336036 0 1057345 0 0 0
1791586613 2392, 13801, 32, 0x0000000000000000 | 83.59 43.46 43.37 | cpu  5422166150 61349 60561224 11854296087 4336036 0 1057345 0 0 0
1791586615 2392, 13801, 32, 0x0000000000000000 | 87.31 44.90 43.84 | cpu  5422170581 61349 60561275 11854305503 4336036 0 1057345 0 0 0
1791586616 2392, 13801, 32, 0x0000000000000000 | 87.31 44.90 43.84 | cpu  5422175209 61349 60561605 11854314499 4336061 0 1057345 0 0 0
1791586617 2392, 13801, 32, 0x0000000000000000 | 87.31 44.90 43.84 | cpu  5422179925 61349 60562121 11854323200 4336116 0 1057345 0 0 0
1791586618 2392, 13801, 32, 0x0000000000000000 | 87.31 44.90 43.84 | cpu  5422184605 61349 60562697 11854331924 4336169 0 1057345 0 0 0
1791586619 2392, 13801, 32, 0x0000000000000000 | 87.31 44.90 43.84 | cpu  5422189324 61349 60563266 11854340628 4336224 0 1057345 0 0 0
1791586620 2392, 13801, 32, 0x0000000000000000 | 91.77 46.53 44.37 | cpu  5422194063 61349 60563792 11854349347 4336282 0 1057346 0 0 0
1791586621 2392, 13801, 32, 0x0000000000000000 | 91.77 46.53 44.37 | cpu  5422198831 61349 60564232 11854358096 4336325 0 1057346 0 0 0
1791586622 2392, 13801, 32, 0x0000000000000000 | 91.77 46.53 44.37 | cpu  5422203582 61349 60564396 11854367188 4336342 0 1057346 0 0 0
1791586623 2392, 13801, 32, 0x0000000000000000 | 91.77 46.53 44.37 | cpu  5422207972 61349 60564941 11854375984 4336411 0 1057346 0 0 0
1791586624 2392, 13801, 32, 0x0000000000000000 | 95.63 48.08 44.88 | cpu  5422212693 61349 60565499 11854384637 4336461 0 1057346 0 0 0
1791586625 2392, 13801, 32, 0x0000000000000000 | 95.63 48.08 44.88 | cpu  5422217429 61349 60566047 11854393242 4336514 0 1057346 0 0 0
1791586626 2392, 13801, 32, 0x0000000000000000 | 95.63 48.08 44.88 | cpu  5422222207 61349 60566516 11854401938 4336562 0 1057346 0 0 0
1791586628 2392, 13801, 31, 0x0000000000000000 | 95.63 48.08 44.88 | cpu  5422227031 61349 60566534 11854411021 4336562 0 1057346 0 0 0
1791586629 2392, 13801, 31, 0x0000000000000000 | 95.63 48.08 44.88 | cpu  5422231592 61349 60566641 11854420193 4336562 0 1057347 0 0 0
1791586630 2392, 13801, 31, 0x0000000000000000 | 98.54 49.47 45.35 | cpu  5422236275 61349 60566700 11854429369 4336562 0 1057347 0 0 0
1791586631 2392, 13801, 31, 0x0000000000000000 | 98.54 49.47 45.35 | cpu  5422241095 61349 60566721 11854438411 4336562 0 1057347 0 0 0
1791586632 2392, 13801, 31, 0x0000000000000000 | 98.54 49.47 45.35 | cpu  5422245891 61349 60566764 11854447580 4336562 0 1057347 0 0 0
1791586633 2392, 13801, 31, 0x0000000000000000 | 98.54 49.47 45.35 | cpu  5422250597 61349 60566788 11854456844 4336562 0 1057347 0 0 0
1791586634 2392, 13801, 31, 0x0000000000000000 | 98.54 49.47 45.35 | cpu  5422255261 61349 60566812 11854466175 4336564 0 1057348 0 0 0
1791586635 405, 810, 30, 0x0000000000000000 | 101.14 50.83 45.81 | cpu  5422259908 61349 60566938 11854475613 4336564 0 1057348 0 0 0
