1791587642 742, 7001, 31, 0x0000000000000000 | 103.13 52.78 46.58 | cpu  5426649159 61361 60640403 11862987913 4341527 0 1057485 0 0 0
1791587643 360, 7001, 30, 0x0000000000000000 | 103.13 52.78 46.58 | cpu  5426654491 61361 60640446 11862996520 4341527 0 1057485 0 0 0
1791587645 225, 7001, 30, 0x0000000000000000 | 105.37 54.08 47.03 | cpu  5426659159 61361 60640577 11863005722 4341527 0 1057485 0 0 0
1791587646 180, 810, 30, 0x0000000000000000 | 105.37 54.08 47.03 | cpu  5426663889 61361 60640663 11863015112 4341527 0 1057485 0 0 0
1791587647 180, 810, 30, 0x0000000000000000 | 105.37 54.08 47.03 | cpu  5426668362 61361 60640696 11863024568 4341528 0 1057485 0 0 0
1791587648 180, 405, 29, 0x0000000000000000 | 105.37 54.08 47.03 | cpu  5426672912 61361 60640726 11863034090 4341528 0 1057485 0 0 0
1791587649 180, 405, 29, 0x0000000000000000 | 105.37 54.08 47.03 | cpu  5426677610 61361 60640752 11863043574 4341528 0 1057486 0 0 0
1791587650 180, 405, 29, 0x0000000000000000 | 107.34 55.34 47.48 | cpu  5426682872 61361 60640776 11863052415 4341528 0 1057486 0 0 0
1791587651 315, 14001, 29, 0x0000000000000000 | 107.34 55.34 47.48 | cpu  5426687463 61361 60640817 11863061739 4341528 0 1057486 0 0 0
1791587652 2392, 13801, 31, 0x0000000000000000 | 107.34 55.34 47.48 | cpu  5426692699 61361 60640874 11863070453 4341528 0 1057486 0 0 0
1791587653 2437, 13801, 31, 0x0000000000000000 | 107.34 55.34 47.48 | cpu  5426697534 61361 60640939 11863079553 4341528 0 1057487 0 0 0
1791587654 2392, 13801, 31, 0x0000000000000000 | 107.34 55.34 47.48 | cpu  5426702335 61361 60640974 11863088730 4341529 0 1057487 0 0 0
1791587655 2392, 13801, 31, 0x0000000000000000 | 109.15 56.58 47.92 | cpu  5426707171 61361 60641019 11863097840 4341530 0 1057487 0 0 0
1791587657 2482, 13801, 31, 0x0000000000000000 | 109.15 56.58 47.92 | cpu  5426711815 61361 60641058 11863107098 4341530 0 1057487 0 0 0
1791587658 2475, 13801, 31, 0x0000000000000000 | 109.15 56.58 47.92 | cpu  5426716486 61361 60641088 11863116321 4341530 0 1057487 0 0 0
1791587659 2467, 13801, 31, 0x0000000000000000 | 109.15 56.58 47.92 | cpu  5426721344 61361 60641126 11863125463 4341530 0 1057487 0 0 0
1791587660 2460, 13801, 31, 0x0000000000000000 | 110.82 57.80 48.36 | cpu  5426726264 61361 60641165 11863134520 4341531 0 1057487 0 0 0
1791587661 2392, 13801, 31, 0x0000000000000000 | 110.82 57.80 48.36 | cpu  5426731116 61361 60641197 11863143743 4341531 0 1057487 0 0 0
1791587662 2467, 13801, 31, 0x0000000000000000 | 110.82 57.80 48.36 | cpu  5426735951 61361 60641246 11863152881 4341531 0 1057487 0 0 0
1791587663 2482, 13801, 31, 0x0000000000000000 | 110.82 57.80 48.36 | cpu  5426740914 61361 60641327 11863161849 4341532 0 1057487 0 0 0
1791587664 2490, 13801, 31, 0x0000000000000000 | 110.82 57.80 48.36 | cpu  5426745948 61361 60641456 11863170893 4341532 0 1057487 0 0 0
1791587665 2392, 13801, 31, 0x0000000000000000 | 112.44 59.01 48.81 | cpu  5426750838 61361 60641662 11863179989 4341533 0 1057487 0 0 0
1791587666 2445, 13801, 31, 0x0000000000000000 | 112.44 59.01 48.81 | cpu  5426755726 61361 60641903 11863188879 4341533 0 1057487 0 0 0
1791587667 2437, 13801, 31, 0x0000000000000000 | 112.44 59.01 48.81 | cpu  5426760667 61361 60641947 11863198038 4341533 0 1057487 0 0 0
1791587669 2407, 13801, 31, 0x0000000000000000 | 112.44 59.01 48.81 | cpu  5426765388 61361 60642002 11863207138 4341534 0 1057487 0 0 0
1791587670 2392, 13801, 31, 0x0000000000000000 | 114.25 60.27 49.27 | cpu  5426770202 61361 60642057 11863216188 4341534 0 1057488 0 0 0
1791587671 2392, 13801, 30, 0x0000000000000000 | 114.25 60.27 49.27 | cpu  5426774927 61361 60642160 11863225275 4341534 0 1057488 0 0 0
1791587672 2527, 13801, 30, 0x0000000000000000 | 114.25 60.27 49.27 | cpu  5426779685 61361 60642282 11863234475 4341534 0 1057488 0 0 0
1791587673 2392, 13801, 30, 0x0000000000000000 | 114.25 60.27 49.27 | cpu  5426784408 61361 60642428 11863243595 4341535 0 1057488 0 0 0
1791587674 2392, 13801, 30, 0x0000000000000000 | 114.25 60.27 49.27 | cpu  5426789149 61361 60642544 11863252726 4341535 0 1057489 0 0 0
1791587675 2407, 13801, 30, 0x0000000000000000 | 115.59 61.45 49.71 | cpu  5426793779 61361 60642592 11863262033 4341535 0 1057489 0 0 0
1791587676 2400, 13801, 30, 0x0000000000000000 | 115.59 61.45 49.71 | cpu  5426798308 61361 60642653 11863271296 4341535 0 1057489 0 0 0
1791587677 2407, 13801, 30, 0x0000000000000000 | 115.59 61.45 49.71 | cpu  5426803103 61361 60642707 11863280380 4341535 0 1057489 0 0 0
1791587678 2407, 13801, 30, 0x0000000000000000 | 115.59 61.45 49.71 | cpu  5426807888 61361 60642752 11863289573 4341536 0 1057489 0 0 0
1791587679 2407, 13801, 30, 0x0000000000000000 | 115.59 61.45 49.71 | cpu  5426812677 61361 60642811 11863298738 4341536 0 1057489 0 0 0
1791587680 2407, 13801, 30, 0x0000000000000000 | 116.98 62.63 50.16 | cpu  5426817474 61361 60642874 11863307834 4341536 0 1057489 0 0 0
1791587682 2407, 13801, 30, 0x0000000000000000 | 116.98 62.63 50.16 | cpu  5426821989 61361 60642960 11863317089 4341536 0 1057489 0 0 0
1791587683 2407, 13801, 30, 0x0000000000000000 | 116.98 62.63 50.16 | cpu  5426826643 61361 60643066 11863326295 4341536 0 1057489 0 0 0
1791587684 2392, 13801, 30, 0x0000000000000000 | 116.98 62.63 50.16 | cpu  5426831467 61361 60643117 11863335406 4341537 0 1057489 0 0 0
1791587685 2392, 13801, 30, 0x0000000000000000 | 118.10 63.77 50.59 | cpu  5426836284 61361 60643130 11863344592 4341540 0 1057489 0 0 0
1791587686 2392, 13801, 30, 0x0000000000000000 | 118.10 63.77 50.59 | cpu  5426844821 61361 60643161 11863350189 4341540 0 1057490 0 0 0
1791587687 2392, 13801, 30, 0x0000000000000000 | 118.10 63.77 50.59 | cpu  5426853394 61361 60643193 11863355612 4341540 0 1057490 0 0 0
1791587688 2392, 13801, 30, 0x0000000000000000 | 118.10 63.77 50.59 | cpu  5426859925 61361 60643209 11863363037 4341540 0 1057490 0 0 0
1791587689 2392, 13801, 30, 0x0000000000000000 | 118.10 63.77 50.59 | cpu  5426864752 61361 60643228 11863372223 4341540 0 1057490 0 0 0
1791587690 2392, 13801, 30, 0x0000000000000000 | 119.14 64.89 51.02 | cpu  5426869555 61361 60643252 11863381449 4341542 0 1057490 0 0 0
1791587691 2392, 13801, 30, 0x0000000000000000 | 119.14 64.89 51.02 | cpu  5426874152 61361 60643271 11863390773 4341542 0 1057490 0 0 0
1791587692 2392, 13801, 30, 0x0000000000000000 | 119.14 64.89 51.02 | cpu  5426878817 61361 60643291 11863400003 4341542 0 1057490 0 0 0
1791587693 2392, 13801, 30, 0x0000000000000000 | 119.14 64.89 51.02 | cpu  5426883627 61361 60643357 11863409171 4341547 0 1057490 0 0 0
1791587695 2392, 13801, 30, 0x0000000000000000 | 120.09 65.98 51.45 | cpu  5426888469 61361 60643393 11863418257 4341548 0 1057491 0 0 0
1791587696 2392, 13801, 30, 0x0000000000000000 | 120.09 65.98 51.45 | cpu  5426893298 61361 60643405 11863427418 4341548 0 1057491 0 0 0
1791587697 2392, 13801, 30, 0x0000000000000000 | 120.09 65.98 51.45 | cpu  5426898130 61361 60643421 11863436595 4341548 0 1057491 0 0 0
1791587698 2392, 13801, 30, 0x0000000000000000 | 120.09 65.98 51.45 | cpu  5426902884 61361 60643599 11863445714 4341560 0 1057491 0 0 0
1791587699 2392, 13801, 30, 0x0000000000000000 | 120.09 65.98 51.45 | cpu  5426907615 61361 60644051 11863454612 4341616 0 1057493 0 0 0
1791587700 2392, 13801, 30, 0x0000000000000000 | 120.96 67.06 51.88 | cpu  5426912150 61361 60644452 11863463569 4341668 0 1057493 0 0 0
1791587701 2392, 13801, 30, 0x0000000000000000 | 120.96 67.06 51.88 | cpu  5426916722 61361 60644861 11863472474 4341720 0 1057494 0 0 0
1791587702 2392, 13801, 30, 0x0000000000000000 | 120.96 67.06 51.88 | cpu  5426921582 61361 60644969 11863481429 4341724 0 1057494 0 0 0
1791587703 2392, 13801, 30, 0x0000000000000000 | 120.96 67.06 51.88 | cpu  5426926364 61361 60645015 11863490596 4341724 0 1057494 0 0 0
1791587704 2392, 13801, 30, 0x0000000000000000 | 120.96 67.06 51.88 | cpu  5426931144 61361 60645079 11863499710 4341724 0 1057495 0 0 0
1791587705 2392, 13801, 30, 0x0000000000000000 | 119.20 67.59 52.13 | cpu  5426935947 61361 60645119 11863508848 4341725 0 1057495 0 0 0
1791587707 2392, 13801, 30, 0x0000000000000000 | 119.20 67.59 52.13 | cpu  5426940390 61361 60645145 11863518236 4341725 0 1057495 0 0 0
1791587708 2392, 13801, 30, 0x0000000000000000 | 119.20 67.59 52.13 | cpu  5426945139 61361 60645165 11863527426 4341725 0 1057495 0 0 0
1791587709 2392, 13801, 30, 0x0000000000000000 | 119.20 67.59 52.13 | cpu  5426949979 61361 60645216 11863536459 4341725 0 1057495 0 0 0
1791587710 2392, 13801, 30, 0x0000000000000000 | 118.07 68.21 52.42 | cpu  5426954818 61361 60645331 11863545533 4341725 0 1057495 0 0 0
1791587711 2392, 13801, 30, 0x0000000000000000 | 118.07 68.21 52.42 | cpu  5426959589 61361 60645344 11863554733 4341726 0 1057495 0 0 0
1791587712 2392, 13801, 30, 0x0000000000000000 | 118.07 68.21 52.42 | cpu  5426964274 61361 60645361 11863564033 4341726 0 1057496 0 0 0
1791587713 2392, 13801, 30, 0x0000000000000000 | 118.07 68.21 52.42 | cpu  5426968619 61361 60645372 11863573458 4341726 0 1057497 0 0 0
1791587714 2392, 13801, 30, 0x0000000000000000 | 118.07 68.21 52.42 | cpu  5426973338 61361 60645380 11863582706 4341726 0 1057497 0 0 0
1791587715 2392, 13801, 30, 0x0000000000000000 | 116.14 68.64 52.64 | cpu  5426978065 61361 60645427 11863591898 4341726 0 1057497 0 0 0
1791587716 2797, 13801, 35, 0x0000000000000000 | 116.14 68.64 52.64 | cpu  5426982785 61361 60645444 11863601226 4341727 0 1057497 0 0 0
1791587717 2737, 13801, 32, 0x0000000000000000 | 116.14 68.64 52.64 | cpu  5426987504 61361 60645456 11863610466 4341727 0 1057497 0 0 0
1791587718 2805, 13801, 33, 0x0000000000000000 | 116.14 68.64 52.64 | cpu  5426992138 61361 60645496 11863619786 4341727 0 1057497 0 0 0
1791587720 2752, 13801, 36, 0x0000000000000000 | 112.84 68.75 52.76 | cpu  5426996651 61361 60645525 11863629217 4341727 0 1057497 0 0 0
1791587721 2805, 13801, 35, 0x0000000000000000 | 112.84 68.75 52.76 | cpu  5427001331 61361 60645545 11863638646 4341727 0 1057497 0 0 0
1791587722 2790, 13801, 41, 0x0000000000000000 | 112.84 68.75 52.76 | cpu  5427005966 61361 60645576 11863648050 4341728 0 1057497 0 0 0
1791587723 2790, 13801, 37, 0x0000000000000000 | 112.84 68.75 52.76 | cpu  5427010694 61361 60645603 11863657396 4341728 0 1057497 0 0 0
1791587724 2790, 13801, 37, 0x0000000000000000 | 112.84 68.75 52.76 | cpu  5427015415 61361 60645622 11863666643 4341728 0 1057497 0 0 0
1791587725 2805, 13801, 35, 0x0000000000000000 | 106.61 68.19 52.67 | cpu  5427020143 61361 60645669 11863675910 4341728 0 1057497 0 0 0
1791587726 2790, 13801, 36, 0x0000000000000000 | 106.61 68.19 52.67 | cpu  5427024865 61361 60645691 11863685264 4341728 0 1057497 0 0 0
1791587727 2782, 13801, 37, 0x0000000000000000 | 106.61 68.19 52.67 | cpu  5427029585 61361 60645716 11863694513 4341728 0 1057497 0 0 0
1791587728 2797, 13801, 36, 0x0000000000000000 | 106.61 68.19 52.67 | cpu  5427034317 61361 60645747 11863703831 4341728 0 1057497 0 0 0
1791587729 2805, 13801, 35, 0x0000000000000000 | 106.61 68.19 52.67 | cpu  5427038863 61361 60645777 11863713179 4341728 0 1057497 0 0 0
1791587730 2782, 13801, 36, 0x0000000000000000 | 98.55 67.16 52.41 | cpu  5427043352 61361 60645893 11863722497 4341728 0 1057498 0 0 0
1791587732 2790, 13801, 36, 0x0000000000000000 | 98.55 67.16 52.41 | cpu  5427048075 61361 60645919 11863731863 4341728 0 1057498 0 0 0
1791587733 2790, 13801, 35, 0x0000000000000000 | 98.55 67.16 52.41 | cpu  5427052805 61361 60645945 11863741048 4341728 0 1057498 0 0 0
1791587734 2782, 13801, 37, 0x0000000000000000 | 98.55 67.16 52.41 | cpu  5427057585 61361 60645976 11863750286 4341728 0 1057498 0 0 0
1791587735 2790, 13801, 37, 0x0000000000000000 | 90.98 66.11 52.15 | cpu  5427062417 61361 60646013 11863759454 4341728 0 1057499 0 0 0
1791587736 2797, 13801, 35, 0x0000000000000000 | 90.98 66.11 52.15 | cpu  5427067194 61361 60646148 11863768602 4341728 0 1057499 0 0 0
1791587737 2797, 13801, 35, 0x0000000000000000 | 90.98 66.11 52.15 | cpu  5427072009 61361 60646236 11863777722 4341728 0 1057499 0 0 0
1791587738 2797, 13801, 37, 0x0000000000000000 | 90.98 66.11 52.15 | cpu  5427076853 61362 60646296 11863786926 4341729 0 1057499 0 0 0
1791587739 2812, 13801, 39, 0x0000000000000000 | 90.98 66.11 52.15 | cpu  5427081479 61362 60646333 11863796227 4341731 0 1057499 0 0 0
1791587740 2842, 13801, 34, 0x0000000000000000 | 83.94 65.06 51.89 | cpu  5427086089 61362 60646350 11863805406 4341731 0 1057499 0 0 0
1791587741 2850, 13801, 33, 0x0000000000000000 | 83.94 65.06 51.89 | cpu  5427090923 61362 60646377 11863814547 4341731 0 1057499 0 0 0
1791587742 2392, 13801, 32, 0x0000000000000000 | 83.94 65.06 51.89 | cpu  5427095752 61362 60646396 11863823684 4341731 0 1057499 0 0 0
1791587743 2392, 13801, 32, 0x0000000000000000 | 83.94 65.06 51.89 | cpu  5427100558 61362 60646427 11863832800 4341732 0 1057499 0 0 0
1791587745 2392, 13801, 32, 0x0000000000000000 | 77.61 64.06 51.64 | cpu  5427105280 61362 60646457 11863841980 4341733 0 1057500 0 0 0
1791587746 2392, 13801, 32, 0x0000000000000000 | 77.61 64.06 51.64 | cpu  5427109809 61362 60646505 11863851265 4341733 0 1057500 0 0 0
1791587747 2392, 13801, 32, 0x0000000000000000 | 77.61 64.06 51.64 | cpu  5427114625 61362 60646529 11863860393 4341733 0 1057500 0 0 0
1791587748 2392, 13801, 32, 0x0000000000000000 | 77.61 64.06 51.64 | cpu  5427119447 61362 60646551 11863869567 4341733 0 1057500 0 0 0
1791587749 2392, 13801, 31, 0x0000000000000000 | 77.61 64.06 51.64 | cpu  5427124248 61362 60646621 11863878837 4341733 0 1057500 0 0 0
1791587750 2392, 13801, 31, 0x0000000000000000 | 71.56 63.03 51.37 | cpu  5427129045 61362 60646673 11863887985 4341734 0 1057500 0 0 0
1791587751 2392, 13801, 31, 0x0000000000000000 | 71.56 63.03 51.37 | cpu  5427133867 61362 60646705 11863897104 4341734 0 1057500 0 0 0
1791587752 2392, 13801, 31, 0x0000000000000000 | 71.56 63.03 51.37 | cpu  5427138700 61362 60646733 11863906353 4341735 0 1057500 0 0 0
1791587753 2392, 13801, 31, 0x0000000000000000 | 71.56 63.03 51.37 | cpu  5427143238 61362 60646763 11863915623 4341735 0 1057500 0 0 0
1791587754 2392, 13801, 31, 0x0000000000000000 | 71.56 63.03 51.37 | cpu  5427147922 61362 60646785 11863924858 4341735 0 1057500 0 0 0
1791587755 2392, 13801, 31, 0x0000000000000000 | 66.07 62.03 51.11 | cpu  5427152752 61362 60646820 11863933953 4341735 0 1057501 0 0 0
1791587756 2392, 13801, 31, 0x0000000000000000 | 66.07 62.03 51.11 | cpu  5427157586 61362 60646880 11863943038 4341735 0 1057501 0 0 0
1791587758 2392, 13801, 31, 0x0000000000000000 | 66.07 62.03 51.11 | cpu  5427162402 61362 60646907 11863952239 4341735 0 1057501 0 0 0
1791587759 360, 810, 30, 0x0000000000000000 | 66.07 62.03 51.11 | cpu  5427167221 61363 60646939 11863961517 4341735 0 1057501 0 0 0
1791587760 210, 405, 30, 0x0000000000000000 | 60.94 61.04 50.85 | cpu  5427172050 61363 60646979 11863970794 4341735 0 1057501 0 0 0
1791587761 180, 405, 29, 0x0000000000000000 | 60.94 61.04 50.85 | cpu  5427176866 61363 60647006 11863980078 4341735 0 1057502 0 0 0
1791587762 180, 405, 29, 0x0000000000000000 | 60.94 61.04 50.85 | cpu  5427181686 61363 60647044 11863989309 4341735 0 1057502 0 0 0
1791587763 180, 405, 29, 0x0000000000000000 | 60.94 61.04 50.85 | cpu  5427186476 61363 60647123 11863998561 4341740 0 1057502 0 0 0
1791587764 180, 405, 29, 0x0000000000000000 | 60.94 61.04 50.85 | cpu  5427191189 61363 60647149 11864007870 4341740 0 1057503 0 0 0
1791587765 180, 405, 29, 0x0000000000000000 | 56.30 60.07 50.59 | cpu  5427195894 61363 60647181 11864017180 4341742 0 1057503 0 0 0
1791587766 180, 405, 29, 0x0000000000000000 | 56.30 60.07 50.59 | cpu  5427200652 61363 60647206 11864026498 4341742 0 1057503 0 0 0
1791587767 180, 405, 29, 0x0000000000000000 | 56.30 60.07 50.59 | cpu  5427205404 61363 60647287 11864035700 4341742 0 1057503 0 0 0
1791587768 180, 405, 29, 0x0000000000000000 | 56.30 60.07 50.59 | cpu  5427210156 61363 60647332 11864044942 4341742 0 1057503 0 0 0
1791587770 172, 405, 29, 0x0000000000000000 | 51.95 59.11 50.33 | cpu  5427214925 61363 60647370 11864054149 4341742 0 1057503 0 0 0
1791587771 180, 405, 29, 0x0000000000000000 | 51.95 59.11 50.33 | cpu  5427219689 61363 60647420 11864063489 4341744 0 1057503 0 0 0
1791587772 180, 405, 29, 0x0000000000000000 | 51.95 59.11 50.33 | cpu  5427224438 61363 60647502 11864072841 4341744 0 1057504 0 0 0
1791587773 180, 405, 29, 0x0000000000000000 | 51.95 59.11 50.33 | cpu  5427229210 61363 60647674 11864082087 4341750 0 1057504 0 0 0
1791587774 180, 405, 29, 0x0000000000000000 | 51.95 59.11 50.33 | cpu  5427234011 61363 60647710 11864091413 4341750 0 1057504 0 0 0
1791587775 180, 405, 29, 0x0000000000000000 | 48.03 58.18 50.07 | cpu  5427238838 61363 60647733 11864100677 4341751 0 1057504 0 0 0
1791587776 180, 405, 29, 0x0000000000000000 | 48.03 58.18 50.07 | cpu  5427243666 61363 60647766 11864109979 4341751 0 1057504 0 0 0
1791587777 180, 405, 29, 0x0000000000000000 | 48.03 58.18 50.07 | cpu  5427248408 61363 60647825 11864119262 4341751 0 1057505 0 0 0
1791587778 180, 405, 28, 0x0000000000000000 | 48.03 58.18 50.07 | cpu  5427253123 61363 60647860 11864128553 4341751 0 1057505 0 0 0
1791587779 180, 405, 28, 0x0000000000000000 | 48.03 58.18 50.07 | cpu  5427257847 61363 60647873 11864137837 4341751 0 1057505 0 0 0
1791587781 180, 405, 28, 0x0000000000000000 | 44.26 57.23 49.81 | cpu  5427262543 61363 60647887 11864147262 4341751 0 1057505 0 0 0
1791587782 180, 405, 28, 0x0000000000000000 | 44.26 57.23 49.81 | cpu  5427267153 61363 60647915 11864156687 4341751 0 1057506 0 0 0
1791587783 180, 405, 28, 0x0000000000000000 | 44.26 57.23 49.81 | cpu  5427271741 61363 60647950 11864166115 4341751 0 1057506 0 0 0
1791587784 180, 405, 28, 0x0000000000000000 | 44.26 57.23 49.81 | cpu  5427276424 61363 60647981 11864175544 4341751 0 1057506 0 0 0
1791587785 180, 405, 28, 0x0000000000000000 | 40.80 56.29 49.55 | cpu  5427281200 61363 60648009 11864184973 4341751 0 1057506 0 0 0
1791587786 180, 405, 28, 0x0000000000000000 | 40.80 56.29 49.55 | cpu  5427286243 61363 60648133 11864194440 4341754 0 1057507 0 0 0
1791587787 180, 405, 28, 0x0000000000000000 | 40.80 56.29 49.55 | cpu  5427290977 61363 60648711 11864203099 4341803 0 1057507 0 0 0
1791587788 180, 405, 28, 0x0000000000000000 | 40.80 56.29 49.55 | cpu  5427295706 61363 60649294 11864211844 4341852 0 1057507 0 0 0
1791587789 180, 405, 28, 0x0000000000000000 | 40.80 56.29 49.55 | cpu  5427300439 61363 60649869 11864220643 4341904 0 1057507 0 0 0
1791587790 180, 405, 28, 0x0000000000000000 | 38.25 55.51 49.33 | cpu  5427305160 61363 60650414 11864229456 4341962 0 1057507 0 0 0
1791587792 180, 405, 28, 0x0000000000000000 | 38.25 55.51 49.33 | cpu  5427309886 61363 60650947 11864238302 4342020 0 1057507 0 0 0
1791587793 180, 405, 28, 0x0000000000000000 | 38.25 55.51 49.33 | cpu  5427314705 61363 60651113 11864247489 4342034 0 1057507 0 0 0
1791587794 180, 405, 28, 0x0000000000000000 | 38.25 55.51 49.33 | cpu  5427319326 61363 60651618 11864256347 4342081 0 1057507 0 0 0
1791587795 180, 405, 28, 0x0000000000000000 | 35.83 54.72 49.11 | cpu  5427324193 61363 60652194 11864265154 4342138 0 1057507 0 0 0
1791587796 180, 405, 28, 0x0000000000000000 | 35.83 54.72 49.11 | cpu  5427328819 61363 60652745 11864273952 4342196 0 1057507 0 0 0
1791587797 180, 405, 28, 0x0000000000000000 | 35.83 54.72 49.11 | cpu  5427333507 61363 60653306 11864282755 4342255 0 1057507 0 0 0
1791587798 180, 405, 28, 0x0000000000000000 | 35.83 54.72 49.11 | cpu  5427338124 61363 60653508 11864291852 4342266 0 1057508 0 0 0
1791587799 180, 405, 28, 0x0000000000000000 | 35.83 54.72 49.11 | cpu  5427342938 61363 60653558 11864301033 4342267 0 1057508 0 0 0
1791587800 180, 405, 28, 0x0000000000000000 | 33.12 53.84 48.85 | cpu  5427347764 61363 60653587 11864310200 4342267 0 1057508 0 0 0
1791587801 180, 405, 28, 0x0000000000000000 | 33.12 53.84 48.85 | cpu  5427352597 61363 60653621 11864319408 4342267 0 1057508 0 0 0
1791587802 180, 405, 28, 0x0000000000000000 | 33.12 53.84 48.85 | cpu  5427357425 61363 60653649 11864328722 4342267 0 1057508 0 0 0
1791587804 180, 405, 28, 0x0000000000000000 | 33.12 53.84 48.85 | cpu  5427362241 61363 60653757 11864337921 4342272 0 1057509 0 0 0
1791587805 180, 405, 28, 0x0000000000000000 | 30.95 53.05 48.62 | cpu  5427366972 61363 60654283 11864346816 4342320 0 1057509 0 0 0
1791587806 180, 405, 28, 0x0000000000000000 | 30.95 53.05 48.62 | cpu  5427371720 61363 60654724 11864355655 4342379 0 1057509 0 0 0
1791587807 180, 405, 27, 0x0000000000000000 | 30.95 53.05 48.62 | cpu  5427376453 61363 60655151 11864364481 4342436 0 1057510 0 0 0
1791587808 180, 405, 27, 0x0000000000000000 | 30.95 53.05 48.62 | cpu  5427381290 61363 60655295 11864373507 4342456 0 1057510 0 0 0
1791587809 180, 405, 27, 0x0000000000000000 | 30.95 53.05 48.62 | cpu  5427386049 61363 60655365 11864382741 4342456 0 1057510 0 0 0
1791587810 180, 405, 27, 0x0000000000000000 | 28.71 52.22 48.38 | cpu  5427390827 61363 60655412 11864392065 4342456 0 1057510 0 0 0
1791587811 180, 405, 27, 0x0000000000000000 | 28.71 52.22 48.38 | cpu  5427395514 61363 60655464 11864401413 4342456 0 1057510 0 0 0
1791587812 180, 405, 27, 0x0000000000000000 | 28.71 52.22 48.38 | cpu  5427400294 61363 60655499 11864410722 4342457 0 1057510 0 0 0
1791587813 180, 405, 27, 0x0000000000000000 | 28.71 52.22 48.38 | cpu  5427405137 61363 60655525 11864420044 4342457 0 1057510 0 0 0
1791587815 180, 405, 27, 0x0000000000000000 | 26.65 51.40 48.13 | cpu  5427409766 61363 60655550 11864429375 4342457 0 1057510 0 0 0
1791587816 180, 405, 27, 0x0000000000000000 | 26.65 51.40 48.13 | cpu  5427414667 61363 60655598 11864438666 4342457 0 1057510 0 0 0
1791587817 180, 405, 27, 0x0000000000000000 | 26.65 51.40 48.13 | cpu  5427419710 61363 60655699 11864447977 4342458 0 1057510 0 0 0
1791587818 180, 405, 27, 0x0000000000000000 | 26.65 51.40 48.13 | cpu  5427424429 61363 60655883 11864457253 4342459 0 1057511 0 0 0
1791587819 180, 405, 27, 0x0000000000000000 | 26.65 51.40 48.13 | cpu  5427429158 61363 60656047 11864466494 4342459 0 1057511 0 0 0
1791587820 180, 405, 27, 0x0000000000000000 | 24.76 50.60 47.89 | cpu  5427433886 61363 60656076 11864475804 4342459 0 1057511 0 0 0
1791587821 180, 405, 27, 0x0000000000000000 | 24.76 50.60 47.89 | cpu  5427438515 61363 60656090 11864485143 4342459 0 1057511 0 0 0
1791587822 180, 405, 27, 0x0000000000000000 | 24.76 50.60 47.89 | cpu  5427443243 61363 60656115 11864494453 4342460 0 1057511 0 0 0
1791587823 180, 405, 27, 0x0000000000000000 | 24.76 50.60 47.89 | cpu  5427448069 61363 60656148 11864503744 4342460 0 1057511 0 0 0
1791587824 180, 405, 27, 0x0000000000000000 | 24.76 50.60 47.89 | cpu  5427452901 61363 60656198 11864512986 4342460 0 1057512 0 0 0
1791587825 180, 405, 27, 0x0000000000000000 | 22.93 49.79 47.65 | cpu  5427457729 61363 60656248 11864522214 4342460 0 1057512 0 0 0
1791587827 180, 405, 27, 0x0000000000000000 | 22.93 49.79 47.65 | cpu  5427462573 61363 60656421 11864531251 4342460 0 1057512 0 0 0
1791587828 180, 405, 27, 0x0000000000000000 | 22.93 49.79 47.65 | cpu  5427467391 61363 60656463 11864540539 4342461 0 1057512 0 0 0
1791587829 180, 405, 27, 0x0000000000000000 | 22.93 49.79 47.65 | cpu  5427472221 61363 60656493 11864549705 4342463 0 1057512 0 0 0
1791587830 180, 405, 27, 0x0000000000000000 | 21.26 49.00 47.40 | cpu  5427477054 61363 60656552 11864558940 4342463 0 1057512 0 0 0
1791587831 180, 405, 27, 0x0000000000000000 | 21.26 49.00 47.40 | cpu  5427481870 61363 60656577 11864568183 4342463 0 1057512 0 0 0
1791587832 180, 405, 27, 0x0000000000000000 | 21.26 49.00 47.40 | cpu  5427486684 61363 60656620 11864577326 4342463 0 1057512 0 0 0
1791587833 180, 405, 27, 0x0000000000000000 | 21.26 49.00 47.40 | cpu  5427491495 61363 60656643 11864586526 4342464 0 1057512 0 0 0
1791587834 180, 405, 27, 0x0000000000000000 | 21.26 49.00 47.40 | cpu  5427496232 61363 60656672 11864595825 4342465 0 1057513 0 0 0
1791587835 180, 405, 27, 0x0000000000000000 | 19.71 48.22 47.16 | cpu  5427501063 61363 60656756 11864605066 4342465 0 1057513 0 0 0
1791587836 180, 405, 27, 0x0000000000000000 | 19.71 48.22 47.16 | cpu  5427505722 61363 60656883 11864614261 4342465 0 1057513 0 0 0
1791587838 180, 405, 27, 0x0000000000000000 | 19.71 48.22 47.16 | cpu  5427510419 61363 60656907 11864623563 4342465 0 1057513 0 0 0
1791587839 180, 405, 27, 0x0000000000000000 | 19.71 48.22 47.16 | cpu  5427515247 61363 60656938 11864632773 4342465 0 1057513 0 0 0
1791587840 180, 405, 27, 0x0000000000000000 | 18.46 47.48 46.92 | cpu  5427520085 61363 60657006 11864641952 4342467 0 1057513 0 0 0
1791587841 180, 405, 27, 0x0000000000000000 | 18.46 47.48 46.92 | cpu  5427524926 61363 60657039 11864651151 4342467 0 1057514 0 0 0
1791587842 180, 405, 27, 0x0000000000000000 | 18.46 47.48 46.92 | cpu  5427529753 61363 60657081 11864660399 4342467 0 1057514 0 0 0
1791587843 180, 405, 27, 0x0000000000000000 | 18.46 47.48 46.92 | cpu  5427534589 61363 60657108 11864669686 4342467 0 1057514 0 0 0
1791587844 180, 405, 27, 0x0000000000000000 | 18.46 47.48 46.92 | cpu  5427539418 61363 60657132 11864678944 4342467 0 1057514 0 0 0
1791587845 180, 405, 27, 0x0000000000000000 | 17.14 46.73 46.68 | cpu  5427544232 61363 60657159 11864688260 4342467 0 1057514 0 0 0
1791587846 180, 405, 27, 0x0000000000000000 | 17.14 46.73 46.68 | cpu  5427549064 61363 60657252 11864697447 4342474 0 1057514 0 0 0
1791587847 172, 405, 27, 0x0000000000000000 | 17.14 46.73 46.68 | cpu  5427553896 61363 60657273 11864706705 4342474 0 1057514 0 0 0
1791587848 180, 405, 27, 0x0000000000000000 | 17.14 46.73 46.68 | cpu  5427558727 61363 60657298 11864715893 4342474 0 1057514 0 0 0
1791587850 180, 405, 27, 0x0000000000000000 | 15.93 45.98 46.44 | cpu  5427563529 61363 60657319 11864725181 4342474 0 1057515 0 0 0
1791587851 180, 405, 27, 0x0000000000000000 | 15.93 45.98 46.44 | cpu  5427568241 61363 60657367 11864734510 4342474 0 1057515 0 0 0
1791587852 180, 405, 27, 0x0000000000000000 | 15.93 45.98 46.44 | cpu  5427572951 61363 60657387 11864743932 4342474 0 1057515 0 0 0
1791587853 180, 405, 27, 0x0000000000000000 | 15.93 45.98 46.44 | cpu  5427577566 61363 60657408 11864753361 4342474 0 1057515 0 0 0
1791587854 180, 405, 27, 0x0000000000000000 | 15.93 45.98 46.44 | cpu  5427582238 61363 60657429 11864762795 4342475 0 1057515 0 0 0
1791587855 180, 405, 27, 0x0000000000000000 | 14.73 45.24 46.20 | cpu  5427586855 61363 60657453 11864772220 4342476 0 1057515 0 0 0
1791587856 180, 405, 27, 0x0000000000000000 | 14.73 45.24 46.20 | cpu  5427591587 61363 60657486 11864781621 4342476 0 1057515 0 0 0
1791587857 180, 405, 27, 0x0000000000000000 | 14.73 45.24 46.20 | cpu  5427596428 61363 60657519 11864791042 4342476 0 1057515 0 0 0
1791587858 180, 405, 27, 0x0000000000000000 | 14.73 45.24 46.20 | cpu  5427601105 61363 60657624 11864800372 4342476 0 1057516 0 0 0
1791587859 180, 405, 27, 0x0000000000000000 | 14.73 45.24 46.20 | cpu  5427605804 61363 60657694 11864809742 4342477 0 1057516 0 0 0
1791587861 180, 405, 27, 0x0000000000000000 | 13.63 44.50 45.95 | cpu  5427610484 61363 60657743 11864819138 4342478 0 1057516 0 0 0
1791587862 172, 405, 27, 0x0000000000000000 | 13.63 44.50 45.95 | cpu  5427615147 61363 60657765 11864828537 4342478 0 1057516 0 0 0
1791587863 180, 405, 27, 0x0000000000000000 | 13.63 44.50 45.95 | cpu  5427619871 61363 60657786 11864837902 4342478 0 1057516 0 0 0
1791587864 180, 405, 26, 0x0000000000000000 | 13.63 44.50 45.95 | cpu  5427624598 61363 60657808 11864847264 4342478 0 1057516 0 0 0
1791587865 180, 405, 26, 0x0000000000000000 | 12.62 43.78 45.71 | cpu  5427629322 61363 60657831 11864856604 4342479 0 1057516 0 0 0
1791587866 180, 405, 26, 0x0000000000000000 | 12.62 43.78 45.71 | cpu  5427634051 61363 60657856 11864865968 4342479 0 1057517 0 0 0
1791587867 180, 405, 26, 0x0000000000000000 | 12.62 43.78 45.71 | cpu  5427638775 61363 60657880 11864875319 4342479 0 1057517 0 0 0
1791587868 180, 405, 26, 0x0000000000000000 | 12.62 43.78 45.71 | cpu  5427643500 61363 60657900 11864884738 4342479 0 1057517 0 0 0
1791587869 180, 405, 26, 0x0000000000000000 | 12.62 43.78 45.71 | cpu  5427648229 61363 60657927 11864894195 4342479 0 1057517 0 0 0
1791587870 180, 405, 26, 0x0000000000000000 | 11.69 43.07 45.47 | cpu  5427652954 61363 60657948 11864903599 4342479 0 1057517 0 0 0
1791587871 180, 405, 26, 0x0000000000000000 | 11.69 43.07 45.47 | cpu  5427657684 61363 60658001 11864912991 4342480 0 1057517 0 0 0
1791587873 180, 405, 26, 0x0000000000000000 | 11.69 43.07 45.47 | cpu  5427662405 61363 60658024 11864922321 4342480 0 1057517 0 0 0
1791587874 180, 405, 26, 0x0000000000000000 | 11.69 43.07 45.47 | cpu  5427667125 61363 60658045 11864931661 4342480 0 1057517 0 0 0
1791587875 180, 405, 26, 0x0000000000000000 | 10.91 42.39 45.24 | cpu  5427671857 61363 60658062 11864940954 4342480 0 1057517 0 0 0
1791587876 180, 405, 26, 0x0000000000000000 | 10.91 42.39 45.24 | cpu  5427676582 61363 60658081 11864950306 4342480 0 1057517 0 0 0
1791587877 180, 405, 26, 0x0000000000000000 | 10.91 42.39 45.24 | cpu  5427681268 61363 60658103 11864959713 4342482 0 1057517 0 0 0
1791587878 180, 405, 26, 0x0000000000000000 | 10.91 42.39 45.24 | cpu  5427685995 61363 60658124 11864969146 4342482 0 1057517 0 0 0
1791587879 180, 405, 26, 0x0000000000000000 | 10.91 42.39 45.24 | cpu  5427690630 61363 60658145 11864978579 4342482 0 1057517 0 0 0
1791587880 180, 405, 26, 0x0000000000000000 | 10.12 41.70 45.00 | cpu  5427695164 61363 60658166 11864988013 4342482 0 1057517 0 0 0
1791587881 180, 405, 26, 0x0000000000000000 | 10.12 41.70 45.00 | cpu  5427700089 61363 60658222 11864997401 4342482 0 1057517 0 0 0
1791587882 180, 405, 26, 0x0000000000000000 | 10.12 41.70 45.00 | cpu  5427704827 61363 60658246 11865006818 4342482 0 1057517 0 0 0
1791587884 180, 405, 26, 0x0000000000000000 | 10.12 41.70 45.00 | cpu  5427709684 61363 60658269 11865016287 4342482 0 1057518 0 0 0
1791587885 180, 405, 26, 0x0000000000000000 | 10.03 41.16 44.81 | cpu  5427714421 61363 60658517 11865025433 4342498 0 1057518 0 0 0
1791587886 180, 405, 26, 0x0000000000000000 | 10.03 41.16 44.81 | cpu  5427719136 61363 60658972 11865034332 4342552 0 1057518 0 0 0
1791587887 180, 405, 26, 0x0000000000000000 | 10.03 41.16 44.81 | cpu  5427723912 61363 60659395 11865043260 4342611 0 1057518 0 0 0
1791587888 180, 405, 26, 0x0000000000000000 | 10.03 41.16 44.81 | cpu  5427728618 61363 60659805 11865052180 4342663 0 1057519 0 0 0
1791587889 180, 405, 26, 0x0000000000000000 | 10.03 41.16 44.81 | cpu  5427733354 61363 60659855 11865061507 4342663 0 1057519 0 0 0
1791587890 180, 405, 26, 0x0000000000000000 | 9.39 40.51 44.58 | cpu  5427737948 61363 60659943 11865070805 4342664 0 1057519 0 0 0
1791587891 180, 405, 26, 0x0000000000000000 | 9.39 40.51 44.58 | cpu  5427742622 61364 60660066 11865080063 4342664 0 1057519 0 0 0
1791587892 180, 405, 26, 0x0000000000000000 | 9.39 40.51 44.58 | cpu  5427747413 61364 60660151 11865089278 4342664 0 1057519 0 0 0
1791587893 180, 405, 26, 0x0000000000000000 | 9.39 40.51 44.58 | cpu  5427752180 61364 60660186 11865098550 4342664 0 1057519 0 0 0
1791587894 180, 405, 26, 0x0000000000000000 | 9.39 40.51 44.58 | cpu  5427757011 61364 60660210 11865107741 4342664 0 1057519 0 0 0
1791587896 180, 405, 26, 0x0000000000000000 | 8.87 39.88 44.35 | cpu  5427761846 61364 60660233 11865116958 4342664 0 1057519 0 0 0
1791587897 180, 405, 26, 0x0000000000000000 | 8.87 39.88 44.35 | cpu  5427766674 61364 60660253 11865126183 4342665 0 1057520 0 0 0
1791587898 180, 405, 26, 0x0000000000000000 | 8.87 39.88 44.35 | cpu  5427771428 61364 60660276 11865135548 4342665 0 1057520 0 0 0
1791587899 180, 405, 26, 0x0000000000000000 | 8.87 39.88 44.35 | cpu  5427776157 61364 60660362 11865144815 4342665 0 1057520 0 0 0
1791587900 180, 405, 26, 0x0000000000000000 | 8.32 39.25 44.13 | cpu  5427780888 61364 60660474 11865154098 4342665 0 1057520 0 0 0
1791587901 180, 405, 26, 0x0000000000000000 | 8.32 39.25 44.13 | cpu  5427785609 61364 60660497 11865163447 4342665 0 1057520 0 0 0
1791587902 180, 405, 26, 0x0000000000000000 | 8.32 39.25 44.13 | cpu  5427790334 61364 60660542 11865172859 4342665 0 1057520 0 0 0
1791587903 180, 405, 26, 0x0000000000000000 | 8.32 39.25 44.13 | cpu  5427795068 61364 60660572 11865182258 4342666 0 1057520 0 0 0
1791587904 180, 405, 26, 0x0000000000000000 | 8.32 39.25 44.13 | cpu  5427799775 61364 60660634 11865191608 4342667 0 1057521 0 0 0
1791587905 180, 405, 26, 0x0000000000000000 | 7.82 38.63 43.90 | cpu  5427804347 61364 60660657 11865201036 4342667 0 1057521 0 0 0
1791587907 180, 405, 26, 0x0000000000000000 | 7.82 38.63 43.90 | cpu  5427809038 61364 60660773 11865210354 4342667 0 1057521 0 0 0
1791587908 180, 405, 26, 0x0000000000000000 | 7.82 38.63 43.90 | cpu  5427813606 61364 60660832 11865219737 4342667 0 1057521 0 0 0
1791587909 2805, 13801, 29, 0x0000000000000000 | 7.82 38.63 43.90 | cpu  5427818397 61364 60660873 11865228939 4342667 0 1057522 0 0 0
1791587910 2782, 13801, 35, 0x0000000000000000 | 7.35 38.03 43.67 | cpu  5427823175 61364 60660921 11865238054 4342667 0 1057522 0 0 0
1791587911 2812, 13801, 32, 0x0000000000000000 | 7.35 38.03 43.67 | cpu  5427828008 61364 60661004 11865247211 4342667 0 1057523 0 0 0
1791587912 2797, 13801, 33, 0x0000000000000000 | 7.35 38.03 43.67 | cpu  5427832759 61364 60661045 11865256460 4342667 0 1057523 0 0 0
1791587913 2797, 13801, 32, 0x0000000000000000 | 7.35 38.03 43.67 | cpu  5427837536 61364 60661119 11865265616 4342669 0 1057523 0 0 0
1791587914 2790, 13801, 36, 0x0000000000000000 | 7.35 38.03 43.67 | cpu  5427842354 61364 60661146 11865274852 4342669 0 1057523 0 0 0
1791587915 2805, 13801, 34, 0x0000000000000000 | 6.92 37.43 43.45 | cpu  5427847020 61364 60661175 11865284126 4342669 0 1057523 0 0 0
1791587916 2797, 13801, 33, 0x0000000000000000 | 6.92 37.43 43.45 | cpu  5427851792 61364 60661197 11865293447 4342669 0 1057523 0 0 0
1791587917 2790, 13801, 34, 0x0000000000000000 | 6.92 37.43 43.45 | cpu  5427856438 61364 60661218 11865302789 4342669 0 1057523 0 0 0
1791587919 2820, 13801, 32, 0x0000000000000000 | 6.92 37.43 43.45 | cpu  5427861186 61364 60661564 11865311722 4342690 0 1057523 0 0 0
1791587920 2782, 13801, 37, 0x0000000000000000 | 6.53 36.84 43.23 | cpu  5427865917 61364 60662112 11865320353 4342744 0 1057523 0 0 0
1791587921 2790, 13801, 35, 0x0000000000000000 | 6.53 36.84 43.23 | cpu  5427870653 61364 60662681 11865328963 4342799 0 1057523 0 0 0
1791587922 2805, 13801, 37, 0x0000000000000000 | 6.53 36.84 43.23 | cpu  5427875388 61364 60663241 11865337711 4342864 0 1057523 0 0 0
1791587923 2797, 13801, 34, 0x0000000000000000 | 6.53 36.84 43.23 | cpu  5427880123 61364 60663790 11865346373 4342928 0 1057524 0 0 0
1791587924 2820, 13801, 33, 0x0000000000000000 | 6.53 36.84 43.23 | cpu  5427884830 61364 60664221 11865355140 4342976 0 1057524 0 0 0
1791587925 2790, 13801, 35, 0x0000000000000000 | 6.16 36.26 43.01 | cpu  5427889499 61364 60664399 11865364320 4342992 0 1057524 0 0 0
1791587926 2782, 13801, 35, 0x0000000000000000 | 6.16 36.26 43.01 | cpu  5427893996 61364 60664946 11865373033 4343047 0 1057524 0 0 0
1791587927 2775, 13801, 36, 0x0000000000000000 | 6.16 36.26 43.01 | cpu  5427898734 61364 60665496 11865381685 4343106 0 1057524 0 0 0
1791587928 2790, 13801, 35, 0x0000000000000000 | 6.16 36.26 43.01 | cpu  5427903479 61364 60666053 11865390329 4343169 0 1057525 0 0 0
1791587929 2790, 13801, 35, 0x0000000000000000 | 6.16 36.26 43.01 | cpu  5427908264 61364 60666455 11865399145 4343210 0 1057525 0 0 0
1791587930 2797, 13801, 38, 0x0000000000000000 | 5.83 35.69 42.79 | cpu  5427913099 61364 60666533 11865408483 4343212 0 1057525 0 0 0
1791587932 2790, 13801, 35, 0x0000000000000000 | 5.83 35.69 42.79 | cpu  5427917867 61364 60666605 11865417718 4343212 0 1057526 0 0 0
1791587933 2790, 13801, 39, 0x0000000000000000 | 5.83 35.69 42.79 | cpu  5427922703 61364 60666637 11865426818 4343212 0 1057526 0 0 0
1791587934 2797, 13801, 35, 0x0000000000000000 | 5.83 35.69 42.79 | cpu  5427927515 61364 60666681 11865436020 4343212 0 1057526 0 0 0
1791587935 2790, 13801, 37, 0x0000000000000000 | 5.60 35.15 42.57 | cpu  5427932097 61364 60666700 11865445339 4343212 0 1057526 0 0 0
1791587936 2797, 13801, 35, 0x0000000000000000 | 5.60 35.15 42.57 | cpu  5427936758 61364 60666724 11865454635 4343214 0 1057526 0 0 0
1791587937 2782, 13801, 37, 0x0000000000000000 | 5.60 35.15 42.57 | cpu  5427941497 61364 60666757 11865463832 4343215 0 1057526 0 0 0
1791587938 2782, 13801, 38, 0x0000000000000000 | 5.60 35.15 42.57 | cpu  5427946235 61364 60666830 11865473010 4343215 0 1057526 0 0 0
1791587939 2797, 13801, 35, 0x0000000000000000 | 5.60 35.15 42.57 | cpu  5427950973 61364 60666932 11865482122 4343215 0 1057526 0 0 0
1791587940 2790, 13801, 36, 0x0000000000000000 | 5.23 34.58 42.35 | cpu  5427955699 61364 60666956 11865491424 4343216 0 1057526 0 0 0
1791587941 2790, 13801, 37, 0x0000000000000000 | 5.23 34.58 42.35 | cpu  5427960414 61364 60666982 11865500777 4343217 0 1057526 0 0 0
1791587942 2790, 13801, 39, 0x0000000000000000 | 5.23 34.58 42.35 | cpu  5427965009 61364 60667003 11865510200 4343217 0 1057526 0 0 0
1791587944 2790, 13801, 38, 0x0000000000000000 | 5.23 34.58 42.35 | cpu  5427969684 61364 60667033 11865519623 4343217 0 1057526 0 0 0
1791587945 2790, 13801, 38, 0x0000000000000000 | 4.90 34.02 42.13 | cpu  5427974209 61364 60667069 11865529034 4343217 0 1057526 0 0 0
1791587946 2782, 13801, 39, 0x0000000000000000 | 4.90 34.02 42.13 | cpu  5427978906 61364 60667092 11865538354 4343217 0 1057526 0 0 0
1791587947 2790, 13801, 39, 0x0000000000000000 | 4.90 34.02 42.13 | cpu  5427983634 61364 60667118 11865547664 4343217 0 1057526 0 0 0
1791587948 2782, 13801, 40, 0x0000000000000000 | 4.90 34.02 42.13 | cpu  5427988359 61364 60667138 11865556887 4343217 0 1057527 0 0 0
1791587949 2782, 13801, 39, 0x0000000000000000 | 4.90 34.02 42.13 | cpu  5427993092 61364 60667166 11865566189 4343218 0 1057527 0 0 0
1791587950 2790, 13801, 37, 0x0000000000000000 | 4.58 33.48 41.90 | cpu  5427997815 61364 60667188 11865575477 4343218 0 1057527 0 0 0
1791587951 2790, 13801, 41, 0x0000000000000000 | 4.58 33.48 41.90 | cpu  5428002533 61364 60667209 11865584770 4343218 0 1057527 0 0 0
1791587952 2790, 13801, 38, 0x0000000000000000 | 4.58 33.48 41.90 | cpu  5428007263 61364 60667248 11865594165 4343218 0 1057528 0 0 0
1791587953 2775, 13801, 41, 0x0000000000000000 | 4.58 33.48 41.90 | cpu  5428011924 61364 60667269 11865603580 4343218 0 1057528 0 0 0
1791587954 2790, 13801, 39, 0x0000000000000000 | 4.58 33.48 41.90 | cpu  5428016320 61364 60667400 11865612879 4343218 0 1057528 0 0 0
1791587956 2805, 13801, 37, 0x0000000000000000 | 4.94 33.07 41.73 | cpu  5428021053 61364 60667465 11865622198 4343218 0 1057528 0 0 0
1791587957 2782, 13801, 37, 0x0000000000000000 | 4.94 33.07 41.73 | cpu  5428025779 61364 60667486 11865631447 4343218 0 1057528 0 0 0
1791587958 2797, 13801, 37, 0x0000000000000000 | 4.94 33.07 41.73 | cpu  5428030503 61364 60667508 11865640804 4343219 0 1057528 0 0 0
1791587959 2797, 13801, 41, 0x0000000000000000 | 4.94 33.07 41.73 | cpu  5428035228 61364 60667527 11865650154 4343219 0 1057528 0 0 0
1791587960 2790, 13801, 39, 0x0000000000000000 | 4.70 32.55 41.51 | cpu  5428039953 61364 60667549 11865659460 4343219 0 1057528 0 0 0
1791587961 2790, 13801, 38, 0x0000000000000000 | 4.70 32.55 41.51 | cpu  5428044687 61364 60667583 11865668744 4343219 0 1057528 0 0 0
1791587962 2767, 13801, 42, 0x0000000000000000 | 4.70 32.55 41.51 | cpu  5428049417 61364 60667661 11865677992 4343220 0 1057528 0 0 0
1791587963 2797, 13801, 40, 0x0000000000000000 | 4.70 32.55 41.51 | cpu  5428054125 61364 60667772 11865687253 4343220 0 1057529 0 0 0
1791587964 2812, 13801, 36, 0x0000000000000000 | 4.70 32.55 41.51 | cpu  5428058831 61364 60667794 11865696681 4343220 0 1057529 0 0 0
1791587965 2790, 13801, 38, 0x0000000000000000 | 4.41 32.03 41.30 | cpu  5428063234 61364 60667845 11865706066 4343220 0 1057529 0 0 0
1791587966 2790, 13801, 39, 0x0000000000000000 | 4.41 32.03 41.30 | cpu  5428067906 61364 60667868 11865715445 4343220 0 1057529 0 0 0
1791587967 2790, 13801, 39, 0x0000000000000000 | 4.41 32.03 41.30 | cpu  5428072640 61364 60667890 11865724725 4343221 0 1057529 0 0 0
1791587969 2782, 13801, 39, 0x0000000000000000 | 4.41 32.03 41.30 | cpu  5428077362 61364 60667917 11865733991 4343222 0 1057529 0 0 0
1791587970 2797, 13801, 38, 0x0000000000000000 | 4.13 31.51 41.08 | cpu  5428082092 61364 60667941 11865743334 4343222 0 1057529 0 0 0
1791587971 2790, 13801, 37, 0x0000000000000000 | 4.13 31.51 41.08 | cpu  5428086815 61364 60667963 11865752695 4343222 0 1057529 0 0 0
1791587972 2775, 13801, 41, 0x0000000000000000 | 4.13 31.51 41.08 | cpu  5428091544 61364 60667993 11865761933 4343222 0 1057529 0 0 0
1791587973 2790, 13801, 40, 0x0000000000000000 | 4.13 31.51 41.08 | cpu  5428096333 61364 60668039 11865771097 4343222 0 1057530 0 0 0
1791587974 2797, 13801, 38, 0x0000000000000000 | 4.13 31.51 41.08 | cpu  5428101072 61364 60668118 11865780362 4343223 0 1057530 0 0 0
1791587975 2790, 13801, 38, 0x0000000000000000 | 3.96 31.02 40.87 | cpu  5428105711 61364 60668208 11865789643 4343223 0 1057530 0 0 0
1791587976 2790, 13801, 37, 0x0000000000000000 | 3.96 31.02 40.87 | cpu  5428110394 61364 60668230 11865798877 4343223 0 1057530 0 0 0
1791587977 2790, 13801, 39, 0x0000000000000000 | 3.96 31.02 40.87 | cpu  5428115224 61364 60668250 11865808060 4343223 0 1057530 0 0 0
1791587978 2790, 13801, 40, 0x0000000000000000 | 3.96 31.02 40.87 | cpu  5428120053 61364 60668274 11865817198 4343224 0 1057530 0 0 0
1791587979 2790, 13801, 38, 0x0000000000000000 | 3.96 31.02 40.87 | cpu  5428124805 61364 60668295 11865826534 4343224 0 1057531 0 0 0
1791587981 2790, 13801, 40, 0x0000000000000000 | 3.72 30.53 40.65 | cpu  5428129528 61364 60668317 11865835825 4343225 0 1057531 0 0 0
1791587982 2797, 13801, 40, 0x0000000000000000 | 3.72 30.53 40.65 | cpu  5428134260 61364 60668367 11865845178 4343225 0 1057531 0 0 0
1791587983 2790, 13801, 38, 0x0000000000000000 | 3.72 30.53 40.65 | cpu  5428138979 61364 60668388 11865854453 4343225 0 1057531 0 0 0
1791587984 2790, 13801, 38, 0x0000000000000000 | 3.72 30.53 40.65 | cpu  5428143690 61364 60668418 11865863843 4343226 0 1057531 0 0 0
1791587985 2782, 13801, 40, 0x0000000000000000 | 3.51 30.04 40.44 | cpu  5428148313 61364 60668444 11865873255 4343226 0 1057531 0 0 0
1791587986 2790, 13801, 40, 0x0000000000000000 | 3.51 30.04 40.44 | cpu  5428152826 61364 60668520 11865882625 4343226 0 1057531 0 0 0
1791587987 2790, 13801, 39, 0x0000000000000000 | 3.51 30.04 40.44 | cpu  5428157476 61364 60668541 11865891959 4343226 0 1057531 0 0 0
1791587988 2782, 13801, 38, 0x0000000000000000 | 3.51 30.04 40.44 | cpu  5428162202 61364 60668561 11865901219 4343226 0 1057531 0 0 0
1791587989 2782, 13801, 42, 0x0000000000000000 | 3.51 30.04 40.44 | cpu  5428166925 61364 60668586 11865910507 4343227 0 1057531 0 0 0
1791587990 2782, 13801, 40, 0x0000000000000000 | 3.31 29.55 40.23 | cpu  5428171654 61364 60668615 11865919757 4343227 0 1057532 0 0 0
1791587991 2805, 13801, 38, 0x0000000000000000 | 3.31 29.55 40.23 | cpu  5428176381 61364 60668635 11865929071 4343227 0 1057532 0 0 0
1791587993 2790, 13801, 39, 0x0000000000000000 | 3.31 29.55 40.23 | cpu  5428181104 61364 60668658 11865938420 4343227 0 1057532 0 0 0
1791587994 2790, 13801, 41, 0x0000000000000000 | 3.31 29.55 40.23 | cpu  5428185819 61364 60668681 11865947778 4343227 0 1057532 0 0 0
1791587995 2797, 13801, 39, 0x0000000000000000 | 3.12 29.08 40.02 | cpu  5428190217 61364 60668707 11865957186 4343229 0 1057533 0 0 0
1791587996 2782, 13801, 41, 0x0000000000000000 | 3.12 29.08 40.02 | cpu  5428194934 61364 60668760 11865966582 4343229 0 1057533 0 0 0
1791587997 2797, 13801, 44, 0x0000000000000000 | 3.12 29.08 40.02 | cpu  5428199746 61364 60668791 11865976008 4343229 0 1057533 0 0 0
1791587998 2805, 13801, 38, 0x0000000000000000 | 3.12 29.08 40.02 | cpu  5428204321 61364 60668811 11865985325 4343229 0 1057533 0 0 0
1791587999 2782, 13801, 40, 0x0000000000000000 | 3.12 29.08 40.02 | cpu  5428209042 61365 60668833 11865994573 4343229 0 1057533 0 0 0
1791588000 2790, 13801, 40, 0x0000000000000000 | 3.03 28.63 39.81 | cpu  5428213775 61365 60668866 11866003834 4343230 0 1057534 0 0 0
1791588001 2790, 13801, 41, 0x0000000000000000 | 3.03 28.63 39.81 | cpu  5428218523 61365 60668914 11866012940 4343230 0 1057534 0 0 0
1791588002 2790, 13801, 40, 0x0000000000000000 | 3.03 28.63 39.81 | cpu  5428223256 61365 60669025 11866022100 4343230 0 1057534 0 0 0
1791588003 2797, 13801, 39, 0x0000000000000000 | 3.03 28.63 39.81 | cpu  5428227878 61365 60669099 11866031377 4343230 0 1057534 0 0 0
1791588005 2790, 13801, 41, 0x0000000000000000 | 3.11 28.22 39.62 | cpu  5428232850 61365 60669206 11866040675 4343231 0 1057534 0 0 0
1791588006 2782, 13801, 40, 0x0000000000000000 | 3.11 28.22 39.62 | cpu  5428237628 61365 60669398 11866050135 4343232 0 1057534 0 0 0
1791588007 2790, 13801, 42, 0x0000000000000000 | 3.11 28.22 39.62 | cpu  5428242421 61365 60669489 11866059269 4343232 0 1057534 0 0 0
1791588008 2805, 13801, 44, 0x0000000000000000 | 3.11 28.22 39.62 | cpu  5428247238 61365 60669526 11866068510 4343232 0 1057534 0 0 0
1791588009 2790, 13801, 41, 0x0000000000000000 | 3.11 28.22 39.62 | cpu  5428251971 61365 60669556 11866077816 4343232 0 1057534 0 0 0
1791588010 2790, 13801, 40, 0x0000000000000000 | 3.02 27.78 39.42 | cpu  5428256469 61365 60669584 11866087111 4343233 0 1057534 0 0 0
1791588011 2790, 13801, 39, 0x0000000000000000 | 3.02 27.78 39.42 | cpu  5428261304 61365 60669618 11866096339 4343233 0 1057535 0 0 0
1791588012 2790, 13801, 39, 0x0000000000000000 | 3.02 27.78 39.42 | cpu  5428266128 61365 60669653 11866105497 4343233 0 1057535 0 0 0
1791588013 2790, 13801, 40, 0x0000000000000000 | 3.02 27.78 39.42 | cpu  5428270945 61365 60669677 11866114689 4343233 0 1057535 0 0 0
1791588014 2805, 13801, 38, 0x0000000000000000 | 3.02 27.78 39.42 | cpu  5428275775 61365 60669707 11866123884 4343233 0 1057535 0 0 0
1791588015 2805, 13801, 43, 0x0000000000000000 | 2.94 27.36 39.22 | cpu  5428280611 61365 60669749 11866133085 4343233 0 1057535 0 0 0
1791588017 2797, 13801, 39, 0x0000000000000000 | 2.94 27.36 39.22 | cpu  5428285437 61365 60669804 11866142214 4343235 0 1057536 0 0 0
1791588018 2805, 13801, 38, 0x0000000000000000 | 2.94 27.36 39.22 | cpu  5428290253 61365 60669846 11866151415 4343235 0 1057536 0 0 0
1791588019 2790, 13801, 40, 0x0000000000000000 | 2.94 27.36 39.22 | cpu  5428295077 61365 60669910 11866160686 4343235 0 1057536 0 0 0
1791588020 2797, 13801, 38, 0x0000000000000000 | 2.86 26.93 39.02 | cpu  5428299802 61365 60669937 11866170001 4343235 0 1057536 0 0 0
1791588021 2797, 13801, 37, 0x0000000000000000 | 2.86 26.93 39.02 | cpu  5428304358 61365 60669968 11866179318 4343235 0 1057536 0 0 0
1791588022 2790, 13801, 38, 0x0000000000000000 | 2.86 26.93 39.02 | cpu  5428309158 61365 60670006 11866188529 4343237 0 1057536 0 0 0
1791588023 2797, 13801, 43, 0x0000000000000000 | 2.86 26.93 39.02 | cpu  5428313981 61365 60670031 11866197727 4343237 0 1057536 0 0 0
1791588024 2790, 13801, 42, 0x0000000000000000 | 2.86 26.93 39.02 | cpu  5428318813 61365 60670066 11866206828 4343237 0 1057537 0 0 0
1791588025 2790, 13801, 37, 0x0000000000000000 | 2.87 26.54 38.82 | cpu  5428323646 61365 60670153 11866216009 4343237 0 1057537 0 0 0
1791588026 2797, 13801, 40, 0x0000000000000000 | 2.87 26.54 38.82 | cpu  5428328471 61365 60670273 11866225041 4343239 0 1057537 0 0 0
1791588027 2790, 13801, 39, 0x0000000000000000 | 2.87 26.54 38.82 | cpu  5428333278 61365 60670337 11866234153 4343239 0 1057537 0 0 0
1791588029 2812, 13801, 37, 0x0000000000000000 | 2.87 26.54 38.82 | cpu  5428337910 61365 60670376 11866243447 4343239 0 1057537 0 0 0
1791588030 2790, 13801, 39, 0x0000000000000000 | 2.72 26.11 38.62 | cpu  5428342527 61365 60670400 11866252724 4343239 0 1057537 0 0 0
1791588031 2797, 13801, 38, 0x0000000000000000 | 2.72 26.11 38.62 | cpu  5428347351 61365 60670436 11866261905 4343239 0 1057537 0 0 0
1791588032 2790, 13801, 39, 0x0000000000000000 | 2.72 26.11 38.62 | cpu  5428352176 61365 60670468 11866271046 4343239 0 1057537 0 0 0
1791588033 2797, 13801, 39, 0x0000000000000000 | 2.72 26.11 38.62 | cpu  5428356997 61365 60670502 11866280247 4343239 0 1057538 0 0 0
1791588034 2797, 13801, 42, 0x0000000000000000 | 2.72 26.11 38.62 | cpu  5428361819 61365 60670594 11866289387 4343247 0 1057539 0 0 0
1791588035 2790, 13801, 40, 0x0000000000000000 | 2.66 25.71 38.42 | cpu  5428366649 61365 60670613 11866298507 4343247 0 1057539 0 0 0
1791588036 2790, 13801, 39, 0x0000000000000000 | 2.66 25.71 38.42 | cpu  5428371440 61365 60670635 11866307760 4343247 0 1057539 0 0 0
1791588037 2782, 13801, 41, 0x0000000000000000 | 2.66 25.71 38.42 | cpu  5428376192 61365 60670662 11866317079 4343247 0 1057539 0 0 0
1791588038 2790, 13801, 38, 0x0000000000000000 | 2.66 25.71 38.42 | cpu  5428380794 61365 60670708 11866326467 4343247 0 1057539 0 0 0
1791588039 2797, 13801, 37, 0x0000000000000000 | 2.66 25.71 38.42 | cpu  5428385354 61365 60670730 11866335885 4343248 0 1057539 0 0 0
1791588041 2797, 13801, 37, 0x0000000000000000 | 2.53 25.30 38.22 | cpu  5428390083 61365 60670761 11866345202 4343248 0 1057539 0 0 0
1791588042 2790, 13801, 39, 0x0000000000000000 | 2.53 25.30 38.22 | cpu  5428394809 61365 60670784 11866354469 4343248 0 1057539 0 0 0
1791588043 2782, 13801, 41, 0x0000000000000000 | 2.53 25.30 38.22 | cpu  5428399537 61365 60670806 11866363724 4343249 0 1057539 0 0 0
1791588044 2790, 13801, 40, 0x0000000000000000 | 2.53 25.30 38.22 | cpu  5428404261 61365 60670827 11866373059 4343249 0 1057539 0 0 0
1791588045 2782, 13801, 40, 0x0000000000000000 | 2.49 24.91 38.03 | cpu  5428408985 61365 60670848 11866382293 4343249 0 1057539 0 0 0
1791588046 2782, 13801, 41, 0x0000000000000000 | 2.49 24.91 38.03 | cpu  5428413677 61365 60670871 11866391618 4343250 0 1057539 0 0 0
1791588047 2782, 13801, 41, 0x0000000000000000 | 2.49 24.91 38.03 | cpu  5428418218 61365 60670890 11866401045 4343250 0 1057539 0 0 0
1791588048 2790, 13801, 42, 0x0000000000000000 | 2.49 24.91 38.03 | cpu  5428422742 61365 60670940 11866410407 4343251 0 1057539 0 0 0
1791588049 2790, 13801, 42, 0x0000000000000000 | 2.49 24.91 38.03 | cpu  5428427468 61365 60670969 11866419712 4343251 0 1057539 0 0 0
1791588050 2797, 13801, 42, 0x0000000000000000 | 2.61 24.57 37.84 | cpu  5428432198 61365 60671021 11866429008 4343251 0 1057539 0 0 0
1791588051 2790, 13801, 40, 0x0000000000000000 | 2.61 24.57 37.84 | cpu  5428436928 61365 60671048 11866438281 4343251 0 1057539 0 0 0
1791588052 2805, 13801, 40, 0x0000000000000000 | 2.61 24.57 37.84 | cpu  5428441655 61365 60671069 11866447658 4343251 0 1057539 0 0 0
1791588054 2790, 13801, 41, 0x0000000000000000 | 2.61 24.57 37.84 | cpu  5428446374 61365 60671092 11866457041 4343251 0 1057540 0 0 0
1791588055 2797, 13801, 39, 0x0000000000000000 | 12.81 26.32 38.34 | cpu  5428451102 61365 60671117 11866466393 4343251 0 1057540 0 0 0
1791588056 2790, 13801, 40, 0x0000000000000000 | 12.81 26.32 38.34 | cpu  5428455827 61365 60671137 11866475655 4343251 0 1057540 0 0 0
1791588057 2790, 13801, 39, 0x0000000000000000 | 12.81 26.32 38.34 | cpu  5428460461 61365 60671160 11866484974 4343251 0 1057540 0 0 0
1791588058 2797, 13801, 41, 0x0000000000000000 | 12.81 26.32 38.34 | cpu  5428465055 61365 60671181 11866494412 4343251 0 1057540 0 0 0
1791588059 2790, 13801, 39, 0x0000000000000000 | 12.81 26.32 38.34 | cpu  5428469591 61365 60671261 11866503726 4343252 0 1057541 0 0 0
1791588060 2790, 13801, 41, 0x0000000000000000 | 23.32 28.27 38.91 | cpu  5428474313 61365 60671282 11866513078 4343252 0 1057541 0 0 0
1791588061 2805, 13801, 40, 0x0000000000000000 | 23.32 28.27 38.91 | cpu  5428479035 61365 60671306 11866522298 4343252 0 1057541 0 0 0
1791588062 2805, 13801, 39, 0x0000000000000000 | 23.32 28.27 38.91 | cpu  5428483767 61365 60671328 11866531616 4343252 0 1057541 0 0 0
1791588063 2790, 13801, 42, 0x0000000000000000 | 23.32 28.27 38.91 | cpu  5428488499 61365 60671353 11866540936 4343252 0 1057541 0 0 0
1791588064 2797, 13801, 44, 0x0000000000000000 | 23.32 28.27 38.91 | cpu  5428493218 61365 60671378 11866550203 4343253 0 1057541 0 0 0
1791588066 2782, 13801, 41, 0x0000000000000000 | 31.94 29.98 39.40 | cpu  5428497954 61365 60671403 11866559477 4343253 0 1057541 0 0 0
1791588067 2797, 13801, 39, 0x0000000000000000 | 31.94 29.98 39.40 | cpu  5428502553 61365 60671425 11866568891 4343253 0 1057541 0 0 0
1791588068 2790, 13801, 39, 0x0000000000000000 | 31.94 29.98 39.40 | cpu  5428507367 61365 60671449 11866578323 4343253 0 1057541 0 0 0
1791588069 2797, 13801, 40, 0x0000000000000000 | 31.94 29.98 39.40 | cpu  5428511913 61365 60671496 11866587728 4343254 0 1057541 0 0 0
1791588070 2790, 13801, 42, 0x0000000000000000 | 40.03 31.69 39.91 | cpu  5428516439 61365 60671523 11866597129 4343255 0 1057541 0 0 0
1791588071 2797, 13801, 42, 0x0000000000000000 | 40.03 31.69 39.91 | cpu  5428521161 61365 60671548 11866606494 4343255 0 1057541 0 0 0
1791588072 2790, 13801, 42, 0x0000000000000000 | 40.03 31.69 39.91 | cpu  5428525887 61365 60671568 11866615701 4343255 0 1057541 0 0 0
1791588073 2782, 13801, 42, 0x0000000000000000 | 40.03 31.69 39.91 | cpu  5428530616 61365 60671589 11866625026 4343255 0 1057541 0 0 0
1791588074 2790, 13801, 41, 0x0000000000000000 | 40.03 31.69 39.91 | cpu  5428535344 61365 60671614 11866634403 4343256 0 1057541 0 0 0
1791588075 2812, 13801, 39, 0x0000000000000000 | 47.32 33.34 40.40 | cpu  5428540066 61365 60671634 11866643762 4343256 0 1057542 0 0 0
1791588076 2790, 13801, 39, 0x0000000000000000 | 47.32 33.34 40.40 | cpu  5428544793 61365 60671659 11866653076 4343256 0 1057542 0 0 0
1791588078 2782, 13801, 39, 0x0000000000000000 | 47.32 33.34 40.40 | cpu  5428549518 61365 60671678 11866662384 4343256 0 1057542 0 0 0
1791588079 2790, 13801, 41, 0x0000000000000000 | 47.32 33.34 40.40 | cpu  5428554189 61365 60671699 11866671742 4343256 0 1057542 0 0 0
1791588080 2790, 13801, 41, 0x0000000000000000 | 53.94 34.94 40.88 | cpu  5428558886 61365 60671750 11866681143 4343256 0 1057542 0 0 0
1791588081 2805, 13801, 38, 0x0000000000000000 | 53.94 34.94 40.88 | cpu  5428563485 61365 60671772 11866690572 4343257 0 1057542 0 0 0
1791588082 2797, 13801, 38, 0x0000000000000000 | 53.94 34.94 40.88 | cpu  5428567997 61365 60671795 11866699942 4343257 0 1057542 0 0 0
1791588083 2790, 13801, 42, 0x0000000000000000 | 53.94 34.94 40.88 | cpu  5428572721 61365 60671816 11866709305 4343257 0 1057542 0 0 0
1791588084 2767, 13801, 42, 0x0000000000000000 | 53.94 34.94 40.88 | cpu  5428577498 61365 60671864 11866718493 4343257 0 1057542 0 0 0
1791588085 2797, 13801, 44, 0x0000000000000000 | 60.03 36.52 41.36 | cpu  5428582236 61365 60671897 11866727739 4343257 0 1057542 0 0 0
1791588086 2805, 13801, 39, 0x0000000000000000 | 60.03 36.52 41.36 | cpu  5428586965 61365 60671926 11866736996 4343258 0 1057543 0 0 0
1791588087 2805, 13801, 42, 0x0000000000000000 | 60.03 36.52 41.36 | cpu  5428591699 61365 60671951 11866746262 4343258 0 1057543 0 0 0
1791588088 2797, 13801, 40, 0x0000000000000000 | 60.03 36.52 41.36 | cpu  5428596498 61365 60672168 11866755310 4343271 0 1057543 0 0 0
1791588090 2790, 13801, 40, 0x0000000000000000 | 66.43 38.24 41.89 | cpu  5428601142 61365 60672769 11866764051 4343327 0 1057543 0 0 0
1791588091 2797, 13801, 38, 0x0000000000000000 | 66.43 38.24 41.89 | cpu  5428605923 61365 60673219 11866772956 4343378 0 1057543 0 0 0
1791588092 2775, 13801, 40, 0x0000000000000000 | 66.43 38.24 41.89 | cpu  5428610515 61365 60673645 11866781903 4343429 0 1057544 0 0 0
1791588093 2797, 13801, 38, 0x0000000000000000 | 66.43 38.24 41.89 | cpu  5428615207 61365 60673872 11866790999 4343450 0 1057544 0 0 0
1791588094 2797, 13801, 37, 0x0000000000000000 | 66.43 38.24 41.89 | cpu  5428619877 61365 60674390 11866799732 4343504 0 1057544 0 0 0
1791588095 2775, 13801, 37, 0x0000000000000000 | 72.16 39.89 42.40 | cpu  5428624608 61365 60674962 11866808343 4343553 0 1057544 0 0 0
1791588096 2752, 13801, 35, 0x0000000000000000 | 72.16 39.89 42.40 | cpu  5428629313 61365 60675553 11866817056 4343605 0 1057544 0 0 0
1791588097 2392, 13801, 34, 0x0000000000000000 | 72.16 39.89 42.40 | cpu  5428634022 61365 60676176 11866825606 4343654 0 1057545 0 0 0
1791588098 2392, 13801, 34, 0x0000000000000000 | 72.16 39.89 42.40 | cpu  5428638714 61365 60676782 11866834239 4343704 0 1057545 0 0 0
1791588099 2392, 13801, 34, 0x0000000000000000 | 72.16 39.89 42.40 | cpu  5428643102 61365 60677383 11866843009 4343761 0 1057545 0 0 0
1791588100 2392, 13801, 34, 0x0000000000000000 | 77.36 41.51 42.91 | cpu  5428647884 61365 60678037 11866851769 4343816 0 1057545 0 0 0
1791588102 2392, 13801, 33, 0x0000000000000000 | 77.36 41.51 42.91 | cpu  5428652380 61365 60678630 11866860555 4343869 0 1057545 0 0 0
1791588103 2392, 13801, 33, 0x0000000000000000 | 77.36 41.51 42.91 | cpu  5428657116 61365 60678748 11866869697 4343872 0 1057546 0 0 0
1791588104 2392, 13801, 33, 0x0000000000000000 | 77.36 41.51 42.91 | cpu  5428661839 61365 60678822 11866878871 4343872 0 1057546 0 0 0
1791588105 2392, 13801, 33, 0x0000000000000000 | 81.65 42.99 43.38 | cpu  5428666574 61365 60678913 11866888036 4343873 0 1057546 0 0 0
1791588106 2392, 13801, 33, 0x0000000000000000 | 81.65 42.99 43.38 | cpu  5428671280 61365 60678978 11866897175 4343879 0 1057546 0 0 0
1791588107 2392, 13801, 33, 0x0000000000000000 | 81.65 42.99 43.38 | cpu  5428675614 61365 60679057 11866906498 4343884 0 1057546 0 0 0
1791588108 2392, 13801, 33, 0x0000000000000000 | 81.65 42.99 43.38 | cpu  5428680399 61365 60679134 11866915607 4343887 0 1057546 0 0 0
1791588109 2392, 13801, 33, 0x0000000000000000 | 81.65 42.99 43.38 | cpu  5428685207 61365 60679187 11866924657 4343887 0 1057546 0 0 0
1791588110 2392, 13801, 33, 0x0000000000000000 | 85.76 44.49 43.87 | cpu  5428690000 61365 60679235 11866933783 4343887 0 1057546 0 0 0
1791588111 2392, 13801, 33, 0x0000000000000000 | 85.76 44.49 43.87 | cpu  5428694794 61365 60679325 11866942905 4343887 0 1057547 0 0 0
1791588112 2392, 13801, 33, 0x0000000000000000 | 85.76 44.49 43.87 | cpu  5428699132 61365 60679398 11866952259 4343889 0 1057547 0 0 0
1791588113 2392, 13801, 32, 0x0000000000000000 | 85.76 44.49 43.87 | cpu  5428703847 61365 60679461 11866961449 4343889 0 1057547 0 0 0
1791588114 2392, 13801, 32, 0x0000000000000000 | 85.76 44.49 43.87 | cpu  5428708565 61365 60679539 11866970682 4343889 0 1057547 0 0 0
1791588116 2392, 13801, 32, 0x0000000000000000 | 89.31 45.91 44.33 | cpu  5428713317 61365 60679600 11866979914 4343889 0 1057547 0 0 0
1791588117 2392, 13801, 32, 0x0000000000000000 | 89.31 45.91 44.33 | cpu  5428718032 61365 60679668 11866989045 4343889 0 1057547 0 0 0
1791588118 2392, 13801, 32, 0x0000000000000000 | 89.31 45.91 44.33 | cpu  5428722629 61365 60679757 11866998333 4343889 0 1057547 0 0 0
1791588119 2392, 13801, 32, 0x0000000000000000 | 89.31 45.91 44.33 | cpu  5428727125 61366 60679765 11867007622 4343890 0 1057548 0 0 0
1791588120 2392, 13801, 32, 0x0000000000000000 | 93.13 47.42 44.83 | cpu  5428731961 61366 60679781 11867016692 4343890 0 1057548 0 0 0
1791588121 2392, 13801, 32, 0x0000000000000000 | 93.13 47.42 44.83 | cpu  5428736746 61366 60679816 11867025881 4343890 0 1057548 0 0 0
1791588122 2392, 13801, 32, 0x0000000000000000 | 93.13 47.42 44.83 | cpu  5428741467 61366 60679826 11867035053 4343890 0 1057548 0 0 0
1791588123 2392, 13801, 32, 0x0000000000000000 | 93.13 47.42 44.83 | cpu  5428746062 61366 60679837 11867044382 4343892 0 1057548 0 0 0
1791588124 2392, 13801, 32, 0x0000000000000000 | 93.13 47.42 44.83 | cpu  5428750493 61366 60679850 11867053765 4343899 0 1057548 0 0 0
1791588125 2392, 13801, 32, 0x0000000000000000 | 96.08 48.79 45.28 | cpu  5428755219 61366 60679861 11867063016 4343899 0 1057548 0 0 0
1791588126 2392, 13801, 32, 0x0000000000000000 | 96.08 48.79 45.28 | cpu  5428759940 61366 60679872 11867072236 4343899 0 1057548 0 0 0
1791588127 2392, 13801, 32, 0x0000000000000000 | 96.08 48.79 45.28 | cpu  5428764665 61366 60679881 11867081452 4343899 0 1057548 0 0 0
1791588129 2392, 13801, 32, 0x0000000000000000 | 96.08 48.79 45.28 | cpu  5428769351 61366 60679900 11867090729 4343899 0 1057548 0 0 0
1791588130 2392, 13801, 32, 0x0000000000000000 | 98.80 50.14 45.74 | cpu  5428773724 61366 60679915 11867100173 4343899 0 1057548 0 0 0
1791588131 2392, 13801, 32, 0x0000000000000000 | 98.80 50.14 45.74 | cpu  5428778413 61366 60680017 11867109364 4343902 0 1057548 0 0 0
1791588132 2392, 13801, 32, 0x0000000000000000 | 98.80 50.14 45.74 | cpu  5428783132 61366 60680088 11867118508 4343903 0 1057549 0 0 0
1791588133 2400, 13801, 31, 0x0000000000000000 | 98.80 50.14 45.74 | cpu  5428787806 61366 60680159 11867127834 4343903 0 1057549 0 0 0
