1791596527 2, 0, 52.33
1791596528 2, 0, 29.90
1791596529 4, 0, 29.21
1791596530 4, 0, 28.90
1791596531 4, 0, 22.53
1791596532 4, 0, 14.78
1791596533 4, 0, 7.00
1791596535 4, 0, 6.67
1791596536 508, 0, 8.06
1791596537 648, 0, 52.49
1791596538 4520, 11, 55.81
1791596539 5560, 24, 60.27
1791596540 6620, 23, 60.55
1791596541 6900, 7, 59.13
1791596542 8720, 10, 61.96
1791596543 9760, 14, 60.30
1791596544 10500, 11, 61.82
1791596545 11200, 16, 60.15
1791596547 12500, 13, 53.56
1791596548 13640, 16, 60.40
1791596549 14700, 19, 59.80
1791596550 15740, 23, 59.50
1791596551 16780, 23, 60.55
1791596552 17840, 22, 57.79
1791596553 18880, 23, 59.53
1791596554 19940, 15, 60.45
1791596555 20280, 0, 57.35
1791596556 21582, 20, 53.59
1791596557 21582, 0, 52.35
1791596559 21582, 0, 52.36
1791596560 21582, 2, 52.77
1791596561 21582, 2, 53.04
1791596562 21582, 3, 52.93
1791596563 21582, 1, 52.94
1791596564 21582, 1, 52.89
1791596565 21582, 2, 53.01
1791596566 21582, 2, 53.00
1791596567 21610, 1, 53.14
1791596568 21618, 0, 57.28
1791596569 21618, 2, 52.29
1791596570 21618, 1, 52.50
1791596572 21618, 2, 52.40
1791596573 21618, 1, 52.36
1791596574 21618, 5, 52.77
1791596575 21618, 1, 52.41
1791596576 21618, 4, 52.42
1791596577 21618, 0, 52.44
1791596578 21618, 0, 52.32
1791596579 21618, 3, 52.45
1791596580 21618, 6, 52.44
1791596581 21618, 0, 52.39
1791596582 21618, 4, 52.44
1791596584 21618, 0, 52.46
1791596585 21618, 0, 52.39
1791596586 21618, 0, 52.51
1791596587 21618, 3, 52.48
1791596588 21618, 4, 52.43
1791596589 21618, 1, 52.29
1791596590 21618, 0, 52.48
1791596591 21618, 0, 52.43
1791596592 21618, 0, 52.37
1791596593 21618, 3, 52.42
1791596594 21618, 4, 52.42
1791596595 21618, 1, 52.41
1791596597 21618, 3, 52.47
1791596598 21618, 0, 52.48
1791596599 21618, 0, 52.37
1791596600 21618, 0, 52.46
1791596601 21618, 4, 52.46
1791596602 21618, 5, 52.49
1791596603 21618, 2, 52.63
1791596604 21618, 0, 52.62
1791596605 21618, 0, 52.60
1791596606 21618, 0, 52.49
1791596607 21618, 4, 52.47
1791596608 21618, 0, 52.41
1791596610 21618, 4, 52.36
1791596611 21618, 5, 52.44
1791596612 21618, 0, 52.53
1791596613 21618, 0, 52.51
1791596614 21618, 1, 52.49
1791596615 21618, 5, 52.48
1791596616 21618, 0, 52.59
1791596617 21618, 0, 52.57
1791596618 21618, 0, 52.49
1791596619 21618, 3, 52.65
1791596620 21618, 4, 52.71
1791596621 21618, 1, 52.56
1791596623 21618, 3, 52.63
1791596624 21618, 0, 52.68
1791596625 21618, 3, 52.64
1791596626 21618, 5, 52.59
1791596627 21618, 0, 52.62
1791596628 21618, 4, 52.59
1791596629 21618, 0, 52.57
1791596630 21618, 2, 52.68
1791596631 21618, 0, 52.70
1791596632 21618, 0, 52.72
1791596633 21618, 0, 52.65
1791596634 21618, 2, 52.65
1791596636 21618, 4, 52.55
1791596637 21618, 1, 52.56
1791596638 21618, 4, 52.53
1791596639 21618, 0, 52.59
1791596640 21618, 0, 52.58
1791596641 21618, 1, 52.38
1791596642 21630, 0, 52.75
1791596643 21638, 19, 94.60
1791596644 21638, 18, 142.03
1791596645 21638, 21, 128.92
1791596646 21638, 19, 140.66
1791596648 21638, 33, 156.98
1791596649 21638, 20, 125.02
1791596650 21638, 36, 147.17
1791596651 21678, 18, 131.79
1791596652 21678, 35, 145.71
1791596653 21678, 19, 123.78
1791596654 21678, 18, 133.04
1791596655 19766, 21, 88.00
1791596656 20256, 28, 147.08
1791596657 21466, 47, 222.09
1791596658 22058, 33, 140.71
1791596659 22888, 59, 248.19
1791596661 22904, 31, 196.54
1791596662 22912, 20, 159.02
1791596663 22912, 42, 184.54
1791596664 22912, 32, 178.93
1791596665 22934, 21, 167.25
1791596666 22934, 25, 187.68
1791596667 22934, 26, 161.57
1791596668 22946, 16, 125.31
1791596669 22946, 27, 143.15
1791596670 22946, 27, 158.74
1791596671 22946, 20, 169.31
1791596672 22946, 19, 154.29
1791596674 22946, 34, 183.36
1791596675 22946, 27, 167.28
1791596676 22946, 13, 118.03
1791596677 22946, 19, 125.11
1791596678 22946, 20, 149.04
1791596679 23206, 46, 213.54
1791596680 23206, 0, 201.45
1791596681 23206, 0, 70.58
1791596682 23206, 0, 53.46
1791596683 23206, 0, 53.24
1791596684 23206, 0, 53.07
1791596685 23206, 0, 52.94
1791596687 23206, 0, 52.99
1791596688 23206, 0, 52.94
1791596689 23206, 0, 52.92
1791596690 23206, 0, 52.90
1791596691 23206, 0, 52.88
1791596692 23206, 0, 52.64
1791596693 23206, 0, 52.57
1791596694 23206, 0, 52.56
1791596695 23206, 0, 52.46
1791596696 23206, 0, 52.38
1791596697 23206, 0, 52.51
1791596698 23206, 0, 52.52
1791596700 23206, 0, 18.87
1791596701 23206, 0, 7.28
1791596702 23206, 0, 6.97
1791596703 23206, 0, 6.66
1791596704 23206, 0, 6.31
1791596705 23206, 0, 6.93
1791596706 23206, 0, 6.47
1791596707 23206, 0, 6.78
1791596708 23206, 0, 6.58
1791596709 23206, 0, 6.47
1791596711 23206, 0, 6.65
1791596712 23206, 0, 6.50
1791596713 23206, 0, 6.58
1791596714 23206, 0, 7.22
1791596715 23206, 0, 6.82
1791596716 23206, 0, 6.55
1791596717 23206, 0, 6.52
1791596718 23206, 0, 6.69
1791596719 23206, 0, 6.61
1791596720 23206, 0, 6.48
1791596721 23206, 0, 6.76
1791596723 23206, 0, 6.64
1791596724 23206, 0, 6.83
1791596725 23206, 0, 7.31
1791596726 23206, 0, 7.22
1791596727 23206, 0, 7.18
1791596728 23206, 0, 7.13
1791596729 23206, 0, 7.06
1791596730 23206, 0, 7.09
1791596731 23206, 0, 6.98
1791596732 23206, 0, 6.82
1791596733 23206, 0, 6.89
1791596735 23206, 0, 6.59
1791596736 23206, 0, 6.58
1791596737 23206, 0, 6.61
1791596738 23206, 0, 6.51
1791596739 23206, 0, 6.54
1791596740 23206, 0, 7.09
1791596741 23206, 0, 7.15
1791596742 23206, 0, 7.30
1791596743 23206, 0, 7.14
1791596744 23206, 0, 7.12
1791596745 23206, 0, 10.41
1791596747 23206, 0, 7.00
1791596748 23206, 0, 7.00
1791596749 23206, 0, 6.71
1791596750 23206, 0, 6.16
1791596751 23206, 0, 6.29
1791596752 23206, 0, 6.94
1791596753 23206, 0, 6.70
1791596754 23206, 0, 6.31
1791596755 23206, 0, 6.52
1791596756 23206, 0, 6.85
1791596757 23206, 0, 6.97
1791596759 23206, 0, 6.93
1791596760 23206, 0, 6.68
1791596761 23206, 0, 6.27
1791596762 23206, 0, 6.48
1791596763 23206, 0, 6.22
1791596764 23206, 0, 6.33
1791596765 23206, 0, 6.39
1791596766 23206, 0, 6.96
1791596767 23206, 0, 6.39
1791596768 23206, 0, 6.43
1791596769 23206, 0, 6.38
1791596771 23206, 0, 6.62
1791596772 23206, 0, 6.44
1791596773 23206, 0, 5.91
1791596774 23206, 0, 6.21
1791596775 23206, 0, 6.41
1791596776 23206, 0, 6.47
1791596777 23206, 0, 6.21
1791596778 23206, 0, 6.01
1791596779 23206, 0, 6.12
1791596780 23206, 0, 6.41
1791596781 23206, 0, 6.46
1791596783 23206, 0, 6.40
1791596784 23206, 0, 6.19
1791596785 23206, 0, 6.16
1791596786 23206, 0, 6.15
1791596787 23206, 0, 6.92
1791596788 23206, 0, 6.92
1791596789 23206, 0, 6.84
1791596790 23206, 0, 6.65
1791596791 23206, 0, 6.65
1791596792 23206, 0, 6.70
1791596794 23206, 0, 6.57
1791596795 23206, 0, 6.42
1791596796 23206, 0, 6.50
1791596797 23206, 0, 6.47
1791596798 23206, 0, 6.32
1791596799 23206, 0, 6.15
1791596800 23206, 0, 5.95
1791596801 23206, 0, 6.19
1791596802 23206, 0, 6.18
1791596803 23206, 0, 6.48
1791596804 23206, 0, 6.80
1791596806 23206, 0, 7.00
1791596807 23206, 0, 7.39
1791596808 23206, 0, 7.44
1791596809 23206, 0, 7.20
1791596810 23206, 0, 7.18
1791596811 23206, 0, 7.00
1791596812 23206, 0, 6.91
1791596813 23206, 0, 6.76
1791596814 23206, 0, 6.77
1791596815 23206, 0, 6.91
1791596816 23206, 0, 7.23
1791596818 23206, 0, 9.24
1791596819 23206, 0, 6.90
1791596820 23206, 0, 6.26
1791596821 23206, 0, 6.33
1791596822 23206, 0, 6.59
1791596823 23206, 0, 6.78
1791596824 23206, 0, 6.37
1791596825 23206, 0, 6.30
1791596826 23206, 0, 6.21
1791596827 23206, 0, 6.63
1791596828 23206, 0, 6.53
1791596830 23206, 0, 6.82
1791596831 23206, 0, 6.27
1791596832 23206, 0, 6.24
1791596833 23206, 0, 6.38
1791596834 23206, 0, 6.42
1791596835 23206, 0, 6.09
1791596836 23206, 0, 6.29
1791596837 23206, 0, 6.51
1791596838 23206, 0, 6.71
1791596839 23206, 0, 6.96
1791596841 23206, 0, 6.78
1791596842 23206, 0, 6.75
1791596843 23206, 0, 6.59
1791596844 23206, 0, 6.70
1791596845 23206, 0, 6.71
1791596846 23206, 0, 6.55
1791596847 23206, 0, 6.50
1791596848 23206, 0, 6.68
1791596849 23206, 0, 6.77
1791596850 23206, 0, 6.67
1791596851 23206, 0, 7.01
1791596853 23206, 0, 6.34
1791596854 23206, 0, 6.84
1791596855 23206, 0, 6.98
1791596856 23206, 0, 6.77
1791596857 23206, 0, 6.80
1791596858 23206, 0, 6.73
1791596859 23206, 0, 7.05
1791596860 23206, 0, 7.36
1791596861 23206, 0, 7.01
1791596862 23206, 0, 6.99
1791596863 23206, 0, 6.60
1791596865 23206, 21, 113.96
1791596866 23206, 51, 222.29
1791596867 23206, 52, 232.03
1791596868 23206, 19, 141.24
1791596869 23206, 29, 163.86
1791596870 23206, 22, 166.12
1791596871 23206, 23, 186.66
1791596872 23206, 41, 189.28
1791596873 23206, 24, 176.86
1791596874 23206, 42, 196.16
1791596875 23206, 24, 169.62
1791596877 23206, 19, 131.25
1791596878 23206, 49, 221.65
1791596879 23206, 32, 175.49
1791596880 23206, 26, 205.46
1791596881 23206, 59, 192.59
1791596882 23206, 18, 132.21
1791596883 23206, 29, 129.80
1791596884 23206, 33, 174.05
1791596885 23206, 43, 199.59
1791596886 23206, 31, 220.32
1791596887 23206, 38, 185.92
1791596888 23206, 29, 199.17
1791596890 23206, 57, 234.01
1791596891 23206, 28, 160.09
1791596892 23206, 54, 234.15
1791596893 23206, 23, 155.11
1791596894 23206, 21, 136.38
1791596895 23206, 35, 192.22
1791596896 23206, 19, 141.44
1791596897 23206, 39, 179.57
1791596898 23206, 38, 209.58
1791596899 23206, 21, 156.00
1791596900 23206, 27, 150.99
1791596902 23206, 34, 192.99
1791596903 23206, 38, 202.28
1791596904 23206, 45, 224.16
1791596905 23206, 39, 220.01
1791596906 23206, 53, 232.75
1791596907 23206, 33, 209.02
1791596908 23206, 35, 191.68
1791596909 23366, 73, 288.76
1791596910 23366, 33, 215.83
1791596911 23366, 35, 196.06
1791596912 23366, 44, 182.97
1791596913 23366, 37, 255.47
1791596915 23366, 39, 227.69
1791596916 23366, 50, 262.40
1791596917 23366, 34, 234.59
1791596918 23366, 37, 213.84
1791596919 23366, 14, 148.66
1791596920 23366, 29, 134.31
1791596921 23366, 28, 162.98
1791596922 23366, 53, 253.92
1791596923 23366, 45, 238.63
1791596924 23366, 30, 196.72
1791596925 23366, 45, 206.00
1791596927 23366, 45, 271.73
1791596928 23366, 17, 177.64
1791596929 23366, 31, 168.79
1791596930 23366, 25, 173.38
1791596931 23366, 30, 177.03
1791596932 23366, 39, 207.67
1791596933 23366, 41, 174.45
1791596934 23366, 23, 203.06
1791596935 23366, 24, 141.01
1791596936 23366, 30, 151.67
1791596937 23366, 52, 200.76
1791596939 23366, 42, 240.91
1791596940 23366, 25, 160.57
1791596941 23366, 26, 163.92
1791596942 23366, 29, 165.64
1791596943 23366, 22, 153.27
1791596944 23366, 34, 198.08
1791596945 23366, 70, 287.68
1791596946 23366, 28, 165.88
1791596947 23366, 39, 199.43
1791596948 23366, 41, 215.43
1791596949 23366, 34, 195.70
1791596950 23366, 21, 137.72
1791596952 23366, 26, 155.44
1791596953 23366, 49, 217.05
1791596954 23366, 35, 212.03
1791596955 23366, 32, 203.30
1791596956 23366, 24, 172.96
1791596957 23366, 34, 188.09
1791596958 23366, 35, 248.90
1791596959 23366, 19, 192.36
1791596960 23366, 30, 154.11
1791596961 23366, 38, 190.27
1791596962 23366, 54, 229.39
1791596964 23366, 30, 179.56
1791596965 23366, 51, 231.24
1791596966 23366, 46, 238.06
1791596967 23606, 71, 301.35
1791596968 23606, 18, 132.82
1791596969 23606, 32, 186.03
1791596970 23606, 34, 187.17
1791596971 23606, 38, 205.51
1791596972 23606, 34, 202.84
1791596973 23606, 22, 158.34
1791596974 23606, 38, 207.46
1791596975 23606, 55, 254.03
1791596977 23606, 39, 211.52
1791596978 23606, 43, 217.85
1791596979 23606, 36, 231.56
1791596980 23606, 70, 259.67
1791596981 23606, 33, 192.23
1791596982 23606, 36, 193.58
1791596983 23606, 26, 161.11
1791596984 23606, 29, 165.71
1791596985 23606, 29, 204.63
1791596986 23606, 17, 185.12
1791596987 23606, 66, 149.93
1791596989 23606, 24, 213.48
1791596990 23608, 19, 141.96
1791596991 23608, 40, 205.31
1791596992 23608, 21, 178.34
1791596993 23608, 23, 150.03
1791596994 23608, 22, 143.09
1791596995 23608, 23, 140.64
1791596996 23608, 68, 211.99
1791596997 23608, 44, 260.54
1791596998 23608, 21, 170.59
1791596999 23608, 16, 140.64
1791597001 23608, 55, 142.21
1791597002 23608, 28, 201.49
1791597003 23608, 18, 133.48
1791597004 23608, 29, 159.33
1791597005 23608, 19, 134.27
1791597006 23608, 48, 236.22
1791597007 23608, 27, 169.15
1791597008 23608, 56, 220.74
1791597009 23608, 50, 255.29
1791597010 23608, 31, 212.07
1791597011 23608, 27, 170.41
1791597012 23608, 46, 201.94
1791597014 23608, 19, 136.48
1791597015 23608, 27, 156.88
1791597016 23608, 21, 131.82
1791597017 23608, 20, 146.20
1791597018 23608, 30, 180.44
1791597019 23608, 35, 206.02
1791597020 23608, 32, 227.45
1791597021 23608, 39, 177.33
1791597022 23608, 40, 223.82
1791597023 23608, 39, 219.54
1791597024 23608, 47, 229.42
1791597026 23608, 55, 256.46
1791597027 23608, 28, 191.42
1791597028 23608, 52, 234.40
1791597029 23608, 36, 198.18
1791597030 23608, 21, 148.05
1791597031 23608, 55, 249.03
1791597032 23608, 21, 194.09
1791597033 23608, 35, 170.04
1791597034 23608, 35, 199.87
1791597035 23608, 31, 181.48
1791597036 23608, 47, 246.20
1791597038 23608, 30, 195.46
1791597039 23608, 50, 211.66
1791597040 23608, 21, 171.52
1791597041 23608, 51, 203.07
1791597042 23608, 25, 192.00
1791597043 23608, 35, 250.99
1791597044 23608, 32, 285.70
1791597045 23608, 24, 180.78
1791597046 23608, 25, 157.04
1791597047 23608, 61, 182.43
1791597048 23608, 24, 261.72
1791597049 23608, 47, 178.03
1791597051 23608, 27, 183.85
1791597052 23608, 68, 267.71
1791597053 23608, 43, 235.10
1791597054 23608, 49, 220.06
1791597055 23608, 31, 175.74
1791597056 23608, 53, 243.75
1791597057 23608, 25, 160.74
1791597058 23608, 34, 166.93
1791597059 23608, 33, 183.22
1791597060 23608, 49, 207.73
1791597061 23608, 34, 216.30
1791597063 23608, 19, 161.16
1791597064 23608, 28, 162.26
1791597065 23608, 25, 152.85
1791597066 23608, 53, 240.13
1791597067 23608, 52, 254.56
1791597068 23608, 64, 287.69
1791597069 23608, 20, 154.99
1791597070 23608, 58, 204.24
1791597071 23608, 31, 223.40
1791597072 23608, 30, 179.46
1791597073 23608, 36, 187.92
1791597075 23608, 19, 146.09
1791597076 23608, 40, 197.30
1791597077 23608, 26, 150.83
1791597078 23608, 19, 124.42
1791597079 23608, 16, 144.76
1791597080 23608, 14, 112.41
1791597081 23608, 8, 53.67
1791597082 23608, 0, 53.36
1791597083 23608, 0, 53.24
1791597084 23608, 8, 53.22
1791597085 23608, 0, 53.05
1791597087 23608, 8, 53.11
1791597088 23608, 0, 53.08
1791597089 23608, 8, 53.10
1791597090 23608, 0, 53.20
1791597091 23608, 8, 53.17
1791597092 23608, 0, 53.27
1791597093 23608, 4, 53.25
1791597094 23608, 4, 53.28
1791597095 23608, 0, 53.20
1791597096 23608, 4, 53.19
1791597097 23608, 0, 53.24
1791597098 23608, 4, 53.33
1791597100 23608, 0, 53.35
1791597101 23608, 5, 53.74
1791597102 23608, 0, 53.05
1791597103 23608, 0, 52.97
1791597104 23608, 0, 52.91
1791597105 23608, 0, 52.99
1791597106 23608, 0, 52.77
1791597107 23608, 0, 52.60
1791597108 23608, 0, 52.52
1791597109 23608, 0, 52.38
1791597110 23608, 0, 52.52
1791597111 23608, 0, 52.54
1791597113 23608, 0, 52.57
1791597114 23608, 0, 52.60
1791597115 23608, 0, 52.52
1791597116 23608, 0, 52.81
1791597117 23608, 0, 52.53
1791597118 23608, 0, 41.35
