1791591058 2, 0, 47.37
1791591059 2, 0, 30.07
1791591061 4, 0, 28.86
1791591062 4, 0, 23.45
1791591063 4, 0, 8.06
1791591064 4, 0, 7.31
1791591065 4, 0, 6.44
1791591066 4, 0, 6.38
1791591067 508, 0, 6.40
1791591068 508, 0, 56.07
1791591069 4520, 19, 58.24
1791591070 4800, 9, 59.53
1791591071 5840, 19, 60.22
1791591073 6900, 1, 59.39
1791591074 7940, 1, 60.27
1791591075 9000, 3, 60.37
1791591076 10140, 1, 59.69
1791591077 11200, 3, 60.51
1791591078 12240, 1, 58.53
1791591079 13300, 5, 59.91
1791591080 14340, 10, 59.94
1791591081 15740, 7, 59.74
1791591082 16780, 11, 60.58
1791591083 17720, 16, 59.95
1791591084 18880, 15, 60.03
1791591086 19940, 12, 60.63
1791591087 20280, 0, 57.30
1791591088 21582, 20, 54.13
1791591089 21582, 0, 52.35
1791591090 21582, 0, 52.42
1791591091 21582, 2, 52.94
1791591092 21582, 1, 53.08
1791591093 21582, 2, 53.12
1791591094 21582, 2, 53.20
1791591095 21582, 2, 53.12
1791591096 21582, 2, 53.19
1791591097 21582, 2, 53.12
1791591099 21612, 2, 53.21
1791591100 21612, 4, 55.15
1791591101 21612, 3, 58.90
1791591102 21612, 3, 57.21
1791591103 21612, 3, 52.45
1791591104 21612, 5, 52.63
1791591105 21612, 5, 52.48
1791591106 21612, 0, 52.49
1791591107 21612, 4, 52.59
1791591108 21612, 0, 52.55
1791591109 21612, 4, 52.68
1791591110 21612, 7, 52.62
1791591111 21612, 0, 52.57
1791591113 21612, 4, 52.66
1791591114 21612, 8, 52.76
1791591115 21612, 0, 52.67
1791591116 21612, 4, 52.70
1791591117 21612, 7, 52.72
1791591118 21612, 0, 52.64
1791591119 21612, 4, 52.64
1791591120 21612, 7, 53.52
1791591121 21612, 0, 52.75
1791591122 21612, 4, 52.67
1791591123 21612, 8, 52.59
1791591124 21612, 0, 52.60
1791591126 21612, 4, 52.63
1791591127 21612, 8, 52.60
1791591128 21612, 0, 52.57
1791591129 21612, 4, 52.53
1791591130 21612, 8, 52.59
1791591131 21612, 0, 52.46
1791591132 21612, 2, 52.58
1791591133 21612, 10, 52.62
1791591134 21612, 0, 52.57
1791591135 21624, 0, 52.71
1791591136 21986, 43, 133.63
1791591137 21986, 23, 149.58
1791591139 22290, 28, 107.45
1791591140 23554, 41, 174.76
1791591141 23604, 29, 170.97
1791591142 24720, 66, 282.99
1791591143 25582, 86, 338.85
1791591144 25608, 46, 197.86
1791591145 25608, 52, 235.10
1791591146 25608, 30, 201.17
1791591147 25626, 47, 198.74
1791591148 25626, 48, 251.86
1791591149 25626, 40, 208.26
1791591151 25638, 23, 152.08
1791591152 25638, 38, 201.97
1791591153 25638, 42, 220.71
1791591154 25638, 25, 162.76
1791591155 25638, 54, 230.44
1791591156 25638, 40, 230.22
1791591157 25638, 19, 165.69
1791591158 25638, 18, 147.12
1791591159 25638, 62, 248.46
1791591160 25638, 72, 300.11
1791591161 25638, 0, 174.37
1791591163 25638, 0, 70.82
1791591164 25638, 0, 56.74
1791591165 25638, 0, 53.11
1791591166 25638, 0, 52.99
1791591167 25638, 0, 52.91
1791591168 25638, 0, 52.87
1791591169 25638, 0, 52.83
1791591170 25638, 0, 52.81
1791591171 25638, 0, 52.77
1791591172 25638, 0, 52.81
1791591173 25638, 0, 53.08
1791591174 25638, 0, 53.10
1791591176 25638, 0, 53.18
1791591177 25638, 0, 53.01
1791591178 25638, 0, 52.95
1791591179 25638, 0, 51.67
1791591180 25638, 0, 18.33
1791591181 25638, 0, 6.56
1791591182 25638, 0, 6.28
1791591183 25638, 0, 7.18
1791591184 25638, 0, 7.01
1791591185 25638, 0, 6.79
1791591186 25638, 0, 6.67
1791591188 25638, 0, 6.43
1791591189 25638, 0, 6.33
1791591190 25638, 0, 6.38
1791591191 25638, 0, 6.46
1791591192 25638, 0, 6.49
1791591193 25638, 0, 11.77
1791591194 25638, 0, 6.55
1791591195 25638, 0, 6.26
1791591196 25638, 0, 6.22
1791591197 25638, 0, 6.42
1791591198 25638, 0, 5.88
1791591200 25638, 0, 5.89
1791591201 25638, 0, 5.79
1791591202 25638, 0, 5.51
1791591203 25638, 0, 5.50
1791591204 25638, 0, 5.42
1791591205 25638, 0, 5.79
1791591206 25638, 0, 5.87
1791591207 25638, 0, 5.91
1791591208 25638, 0, 5.89
1791591209 25638, 0, 5.69
1791591210 25638, 0, 5.64
1791591212 25638, 0, 5.58
1791591213 25638, 0, 5.82
1791591214 25638, 0, 5.98
1791591215 25638, 0, 5.64
1791591216 25638, 0, 5.82
1791591217 25638, 0, 5.89
1791591218 25638, 0, 5.52
1791591219 25638, 0, 5.67
1791591220 25638, 0, 6.00
1791591221 25638, 0, 6.23
1791591223 25638, 0, 6.08
1791591224 25638, 0, 6.18
1791591225 25638, 0, 6.16
1791591226 25638, 0, 6.22
1791591227 25638, 0, 6.17
1791591228 25638, 0, 6.13
1791591229 25638, 0, 5.79
1791591230 25638, 0, 5.91
1791591231 25638, 0, 5.91
1791591232 25638, 0, 6.05
1791591233 25638, 0, 6.57
1791591235 25638, 0, 6.28
1791591236 25638, 0, 6.79
1791591237 25638, 0, 6.15
1791591238 25638, 0, 6.45
1791591239 25638, 0, 6.40
1791591240 25638, 0, 6.06
1791591241 25638, 0, 6.16
1791591242 25638, 0, 6.68
1791591243 25638, 0, 6.40
1791591244 25638, 0, 6.21
1791591246 25638, 0, 6.24
1791591247 25638, 0, 6.26
1791591248 25638, 0, 6.45
1791591249 25638, 0, 5.99
1791591250 25638, 0, 6.07
1791591251 25638, 0, 6.10
1791591252 25638, 0, 6.06
1791591253 25638, 0, 6.03
1791591254 25638, 0, 6.00
1791591255 25638, 0, 6.22
1791591256 25638, 0, 6.41
1791591258 25638, 0, 6.07
1791591259 25638, 0, 5.86
1791591260 25638, 0, 5.93
1791591261 25638, 0, 5.72
1791591262 25638, 0, 5.79
1791591263 25638, 0, 6.00
1791591264 25638, 0, 6.36
1791591265 25638, 0, 6.53
1791591266 25638, 0, 11.05
1791591267 25638, 0, 5.96
1791591268 25638, 0, 6.64
1791591270 25638, 0, 6.49
1791591271 25638, 0, 6.39
1791591272 25638, 0, 6.17
1791591273 25638, 0, 6.15
1791591274 25638, 0, 6.17
1791591275 25638, 0, 5.86
1791591276 25638, 0, 6.22
1791591277 25638, 0, 6.23
1791591278 25638, 0, 6.04
1791591279 25638, 0, 5.81
1791591280 25638, 0, 5.92
1791591282 25638, 0, 6.01
1791591283 25638, 0, 6.08
1791591284 25638, 0, 5.85
1791591285 25638, 0, 6.38
1791591286 25638, 0, 6.16
1791591287 25638, 0, 6.46
1791591288 25638, 0, 6.41
1791591289 25638, 0, 6.52
1791591290 25638, 0, 6.16
1791591291 25638, 0, 6.51
1791591292 25638, 0, 6.40
1791591294 25638, 0, 6.15
1791591295 25638, 0, 6.11
1791591296 25638, 0, 6.05
1791591297 25638, 0, 5.87
1791591298 25638, 0, 6.51
1791591299 25638, 0, 6.45
1791591300 25638, 0, 6.15
1791591301 25638, 0, 5.77
1791591302 25638, 0, 5.69
1791591303 25638, 0, 5.73
1791591305 25638, 0, 5.79
1791591306 25638, 0, 6.12
1791591307 25638, 0, 6.03
1791591308 25638, 0, 6.42
1791591309 25638, 0, 6.37
1791591310 25638, 0, 6.31
1791591311 25638, 0, 6.21
1791591312 25638, 0, 6.22
1791591313 25638, 0, 6.47
1791591314 25638, 0, 6.42
1791591316 25638, 0, 6.50
1791591317 25638, 0, 6.62
1791591318 25638, 0, 6.54
1791591319 25638, 0, 6.39
1791591320 25638, 0, 6.65
1791591321 25638, 0, 6.47
1791591322 25638, 0, 6.15
1791591323 25638, 0, 6.19
1791591324 25638, 0, 6.29
1791591325 25638, 0, 6.23
1791591326 25638, 0, 6.16
1791591328 25638, 0, 6.18
1791591329 25638, 0, 5.97
1791591330 25638, 0, 6.40
1791591331 25638, 0, 6.24
1791591332 25638, 0, 6.20
1791591333 25638, 0, 6.28
1791591334 25638, 0, 6.25
1791591335 25638, 0, 5.57
1791591336 25638, 0, 6.04
1791591337 25638, 0, 6.25
1791591339 25638, 0, 6.32
1791591340 25638, 30, 160.25
1791591341 25638, 73, 208.98
1791591342 25638, 70, 275.07
1791591343 25638, 27, 178.83
1791591344 25638, 26, 190.41
1791591345 25638, 65, 281.94
1791591346 25638, 32, 206.35
1791591347 25638, 35, 235.49
1791591348 25638, 60, 266.00
1791591349 25638, 24, 165.81
1791591351 25638, 59, 171.98
1791591352 25638, 48, 295.36
1791591353 25638, 40, 207.57
1791591354 25638, 81, 319.02
1791591355 25640, 29, 160.70
1791591356 25640, 26, 178.67
1791591357 25640, 31, 219.76
1791591358 25640, 47, 241.16
1791591359 25640, 47, 290.04
1791591360 25640, 63, 267.06
1791591361 25640, 38, 234.15
1791591363 25640, 64, 319.93
1791591364 25640, 68, 214.60
1791591365 25640, 31, 238.47
1791591366 25640, 28, 170.12
1791591367 25640, 59, 248.22
1791591368 25640, 40, 188.12
1791591369 25640, 27, 206.28
1791591370 25640, 53, 288.62
1791591371 25640, 39, 184.59
1791591372 25640, 51, 229.41
1791591373 25640, 58, 267.57
1791591375 25640, 66, 296.65
1791591376 25640, 70, 290.29
1791591377 25640, 51, 325.80
1791591378 25640, 78, 311.14
1791591379 25820, 51, 268.78
1791591380 25820, 88, 362.82
1791591381 25820, 65, 258.17
1791591382 25820, 57, 259.46
1791591383 25820, 60, 331.10
1791591384 25820, 62, 298.66
1791591385 25820, 79, 333.36
1791591387 25820, 54, 338.35
1791591388 25820, 66, 282.98
1791591389 25820, 28, 218.94
1791591390 25820, 18, 136.87
1791591391 25820, 42, 344.24
1791591392 25820, 83, 328.58
1791591393 25820, 74, 307.78
1791591394 25820, 51, 255.17
1791591395 26180, 86, 379.40
1791591396 26180, 38, 313.52
1791591397 26180, 48, 164.90
1791591399 26180, 39, 241.69
1791591400 26180, 47, 215.70
1791591401 26180, 64, 273.72
1791591402 26180, 35, 237.78
1791591403 26180, 63, 252.04
1791591404 26182, 27, 172.58
1791591405 26182, 36, 192.78
1791591406 26182, 71, 323.92
1791591407 26182, 35, 237.73
1791591408 26182, 41, 204.28
1791591409 26182, 43, 220.52
1791591411 26182, 48, 183.24
1791591412 26182, 82, 273.79
1791591413 26182, 39, 339.14
1791591414 26182, 39, 203.53
1791591415 26182, 59, 269.01
1791591416 26182, 63, 275.44
1791591417 26182, 46, 212.59
1791591418 26182, 29, 177.71
1791591419 26182, 44, 261.38
1791591420 26182, 64, 265.51
1791591421 26182, 44, 279.80
1791591423 26182, 45, 226.41
1791591424 26182, 56, 251.91
1791591425 26182, 79, 329.61
1791591426 26182, 37, 222.65
1791591427 26182, 40, 212.18
1791591428 26182, 57, 280.50
1791591429 26182, 76, 310.74
1791591430 26182, 39, 214.82
1791591431 26182, 74, 323.42
1791591432 26182, 85, 360.98
1791591433 26182, 28, 151.71
1791591434 26182, 42, 235.72
1791591436 26182, 39, 238.51
1791591437 26182, 58, 234.48
1791591438 26182, 51, 288.19
1791591439 26182, 31, 187.37
1791591440 26182, 58, 277.43
1791591441 26182, 82, 330.41
1791591442 26182, 52, 286.02
1791591443 26182, 47, 287.36
1791591444 26182, 43, 351.65
1791591445 26182, 50, 247.13
1791591446 26182, 47, 265.59
1791591448 26182, 38, 216.40
1791591449 26182, 38, 203.54
1791591450 26182, 57, 265.00
1791591451 26182, 32, 197.35
1791591452 26182, 81, 279.61
1791591453 26182, 33, 263.21
1791591454 26182, 28, 178.51
1791591455 26182, 28, 263.27
1791591456 26182, 36, 183.53
1791591457 26182, 32, 177.79
1791591459 26182, 27, 165.75
1791591460 26182, 83, 208.29
1791591461 26182, 61, 354.05
1791591462 26182, 22, 190.44
1791591463 26182, 20, 156.75
1791591464 26182, 75, 272.77
1791591465 26182, 43, 240.05
1791591466 26182, 24, 154.29
1791591467 26182, 23, 168.30
1791591468 26182, 74, 270.52
1791591469 26182, 37, 232.15
1791591471 26182, 69, 233.45
1791591472 26182, 65, 338.58
1791591473 26182, 45, 310.20
1791591474 26182, 35, 203.08
1791591475 26182, 68, 292.29
1791591476 26182, 25, 162.37
1791591477 26182, 39, 190.22
1791591478 26182, 28, 157.14
1791591479 26182, 46, 217.77
1791591480 26182, 61, 260.89
1791591481 26182, 65, 289.12
1791591483 26182, 43, 270.42
1791591484 26182, 67, 271.09
1791591485 26182, 64, 305.45
1791591486 26182, 62, 314.71
1791591487 26182, 72, 352.66
1791591488 26182, 36, 260.78
1791591489 26182, 69, 295.68
1791591490 26182, 47, 258.69
1791591491 26182, 77, 260.13
1791591492 26182, 75, 326.50
1791591493 26182, 31, 222.80
1791591495 26182, 50, 248.46
1791591496 26182, 41, 205.64
1791591497 26182, 70, 243.15
1791591498 26182, 44, 244.98
1791591499 26182, 71, 296.04
1791591500 26182, 25, 177.34
1791591501 26182, 74, 291.94
1791591502 26182, 25, 222.69
1791591503 26182, 76, 322.18
1791591504 26182, 85, 350.98
1791591505 26182, 36, 244.45
1791591507 26182, 33, 190.04
1791591508 26182, 76, 223.52
1791591509 26182, 33, 320.39
1791591510 26182, 71, 305.84
1791591511 26182, 41, 222.04
1791591512 26182, 81, 342.54
1791591513 26182, 64, 292.80
1791591514 26182, 64, 265.51
1791591515 26182, 43, 261.06
1791591516 26182, 36, 169.27
1791591517 26182, 43, 204.26
1791591519 26182, 52, 240.72
1791591520 26182, 72, 280.17
1791591521 26182, 46, 282.10
1791591522 26182, 28, 171.32
1791591523 26182, 39, 201.55
1791591524 26182, 47, 255.70
1791591525 26182, 58, 333.00
1791591526 26182, 77, 345.83
1791591527 26182, 42, 236.13
1791591528 26182, 84, 225.13
1791591529 26182, 44, 312.77
1791591531 26182, 49, 233.47
1791591532 26182, 47, 243.25
1791591533 26182, 25, 174.76
1791591534 26182, 47, 237.83
1791591535 26182, 24, 172.28
1791591536 26182, 18, 149.86
1791591537 26182, 20, 120.17
1791591538 26182, 7, 92.49
1791591539 26182, 4, 55.90
1791591540 26182, 0, 53.58
1791591541 26182, 0, 53.47
1791591542 26182, 0, 53.06
1791591544 26182, 0, 53.00
1791591545 26182, 0, 52.76
1791591546 26182, 0, 52.96
1791591547 26182, 0, 52.91
1791591548 26182, 0, 52.85
1791591549 26182, 0, 52.96
1791591550 26182, 0, 53.11
1791591551 26182, 9, 52.81
1791591552 26182, 4, 52.78
1791591553 26182, 0, 52.88
1791591554 26182, 8, 53.00
1791591556 26182, 4, 52.98
1791591557 26182, 0, 52.91
1791591558 26182, 0, 52.95
1791591559 26182, 0, 52.85
1791591560 26182, 0, 52.85
1791591561 26182, 0, 52.82
1791591562 26182, 0, 52.92
1791591563 26182, 0, 52.82
1791591564 26182, 8, 52.87
1791591565 26182, 4, 53.12
1791591566 26182, 5, 52.88
1791591567 26182, 0, 52.80
1791591569 26182, 0, 52.72
1791591570 26182, 0, 52.79
1791591571 26182, 0, 52.87
1791591572 26182, 0, 52.88
1791591573 26182, 0, 52.82
1791591574 26182, 0, 52.93
1791591575 26182, 0, 52.84
1791591576 26182, 0, 52.87
1791591577 26182, 0, 52.78
1791591578 26182, 0, 52.81
1791591579 26182, 0, 52.71
1791591580 26182, 0, 52.79
1791591582 26182, 0, 52.83
1791591583 26182, 0, 52.86
1791591584 26182, 0, 36.37
1791591585 26182, 0, 9.32
