1791612152 2400, 14001, 39, 0x0000000000000000 | 2.78 3.76 4.52 | cpu  71743971 12952 19296232 1430343233 234971 0 677808 0 0 0
1791612153 1402, 7001, 39, 0x0000000000000000 | 2.78 3.76 4.52 | cpu  71744525 12952 19296325 1430353267 234971 0 677808 0 0 0
1791612154 255, 7001, 38, 0x0000000000000000 | 2.78 3.76 4.52 | cpu  71744672 12952 19296365 1430363758 234971 0 677808 0 0 0
1791612155 180, 7001, 38, 0x0000000000000000 | 2.78 3.76 4.52 | cpu  71744775 12952 19296408 1430374188 234971 0 677808 0 0 0
1791612156 180, 810, 38, 0x0000000000000000 | 2.72 3.73 4.51 | cpu  71744830 12952 19296465 1430384824 234972 0 677808 0 0 0
1791612157 180, 810, 38, 0x0000000000000000 | 2.72 3.73 4.51 | cpu  71744863 12952 19296576 1430395420 234973 0 677809 0 0 0
1791612159 180, 405, 38, 0x0000000000000000 | 2.72 3.73 4.51 | cpu  71744945 12952 19296725 1430405887 234973 0 677809 0 0 0
1791612160 180, 405, 38, 0x0000000000000000 | 2.72 3.73 4.51 | cpu  71745760 12952 19296912 1430415508 234973 0 677809 0 0 0
1791612161 2392, 13801, 39, 0x0000000000000000 | 2.74 3.72 4.50 | cpu  71746221 12952 19297118 1430425479 234974 0 677809 0 0 0
1791612162 2400, 13801, 40, 0x0000000000000000 | 2.74 3.72 4.50 | cpu  71746732 12952 19297262 1430435291 234974 0 677809 0 0 0
1791612163 2475, 13801, 40, 0x0000000000000000 | 2.74 3.72 4.50 | cpu  71747109 12952 19297386 1430445426 234975 0 677809 0 0 0
1791612164 2400, 13801, 40, 0x0000000000000000 | 2.74 3.72 4.50 | cpu  71747575 12952 19297517 1430455511 234975 0 677809 0 0 0
1791612165 2482, 13801, 41, 0x0000000000000000 | 2.74 3.72 4.50 | cpu  71748076 12952 19297638 1430465571 234975 0 677809 0 0 0
1791612166 2482, 13801, 40, 0x0000000000000000 | 2.68 3.69 4.48 | cpu  71748425 12952 19297841 1430475702 234975 0 677810 0 0 0
1791612167 2430, 13801, 40, 0x0000000000000000 | 2.68 3.69 4.48 | cpu  71749768 12952 19298080 1430484663 234975 0 677810 0 0 0
1791612169 2482, 13801, 40, 0x0000000000000000 | 2.68 3.69 4.48 | cpu  71750201 12952 19298226 1430494712 234975 0 677810 0 0 0
1791612170 2482, 13801, 40, 0x0000000000000000 | 2.68 3.69 4.48 | cpu  71750612 12953 19298351 1430504906 234976 0 677811 0 0 0
1791612171 2400, 13801, 40, 0x0000000000000000 | 2.79 3.70 4.48 | cpu  71750942 12953 19298494 1430515129 234976 0 677811 0 0 0
1791612172 2482, 13801, 40, 0x0000000000000000 | 2.79 3.70 4.48 | cpu  71751343 12953 19298558 1430525249 234976 0 677811 0 0 0
1791612173 2482, 13801, 40, 0x0000000000000000 | 2.79 3.70 4.48 | cpu  71751636 12953 19298605 1430535573 234976 0 677812 0 0 0
1791612174 2482, 13801, 40, 0x0000000000000000 | 2.79 3.70 4.48 | cpu  71751999 12953 19298674 1430545803 234977 0 677812 0 0 0
1791612175 2430, 13801, 40, 0x0000000000000000 | 2.79 3.70 4.48 | cpu  71752330 12953 19298759 1430556049 234977 0 677812 0 0 0
1791612176 2482, 13801, 40, 0x0000000000000000 | 2.73 3.67 4.47 | cpu  71753352 12953 19298860 1430565613 234977 0 677812 0 0 0
1791612177 2392, 13801, 39, 0x0000000000000000 | 2.73 3.67 4.47 | cpu  71753499 12953 19299041 1430575980 234977 0 677812 0 0 0
1791612179 2490, 13801, 40, 0x0000000000000000 | 2.73 3.67 4.47 | cpu  71753690 12953 19299218 1430586299 234977 0 677812 0 0 0
1791612180 2392, 13801, 39, 0x0000000000000000 | 2.73 3.67 4.47 | cpu  71753830 12953 19299393 1430596660 234977 0 677812 0 0 0
1791612181 2400, 13801, 39, 0x0000000000000000 | 2.67 3.64 4.45 | cpu  71753881 12953 19299603 1430607061 234977 0 677813 0 0 0
1791612182 2422, 13801, 39, 0x0000000000000000 | 2.67 3.64 4.45 | cpu  71754108 12953 19299851 1430617271 234977 0 677813 0 0 0
1791612183 2415, 13801, 39, 0x0000000000000000 | 2.67 3.64 4.45 | cpu  71754604 12953 19300032 1430627262 234977 0 677814 0 0 0
1791612184 2415, 13801, 39, 0x0000000000000000 | 2.67 3.64 4.45 | cpu  71755263 12953 19300141 1430637054 234978 0 677814 0 0 0
1791612185 2422, 13801, 39, 0x0000000000000000 | 2.67 3.64 4.45 | cpu  71755432 12953 19300247 1430647337 234979 0 677814 0 0 0
1791612186 2422, 13801, 39, 0x0000000000000000 | 2.53 3.60 4.44 | cpu  71755527 12953 19300333 1430657785 234979 0 677814 0 0 0
1791612187 2422, 13801, 39, 0x0000000000000000 | 2.53 3.60 4.44 | cpu  71755666 12953 19300422 1430668213 234979 0 677815 0 0 0
1791612189 2415, 13801, 39, 0x0000000000000000 | 2.53 3.60 4.44 | cpu  71755746 12953 19300493 1430678711 234980 0 677815 0 0 0
1791612190 2392, 13801, 40, 0x0000000000000000 | 2.53 3.60 4.44 | cpu  71755887 12953 19300547 1430689209 234980 0 677815 0 0 0
1791612191 2602, 13801, 40, 0x0000000000000000 | 2.49 3.57 4.42 | cpu  71756597 12954 19300622 1430699094 234980 0 677816 0 0 0
1791612192 2392, 13801, 39, 0x0000000000000000 | 2.49 3.57 4.42 | cpu  71756852 12954 19300719 1430709399 234980 0 677816 0 0 0
1791612193 2392, 13801, 40, 0x0000000000000000 | 2.49 3.57 4.42 | cpu  71757113 12954 19300814 1430719743 234980 0 677816 0 0 0
1791612194 2392, 13801, 39, 0x0000000000000000 | 2.49 3.57 4.42 | cpu  71757317 12954 19301053 1430730109 234981 0 677816 0 0 0
1791612195 2400, 13801, 39, 0x0000000000000000 | 2.49 3.57 4.42 | cpu  71757564 12954 19301306 1430740253 234981 0 677817 0 0 0
1791612196 2392, 13801, 39, 0x0000000000000000 | 2.53 3.56 4.41 | cpu  71757822 12954 19301510 1430750489 234981 0 677817 0 0 0
1791612197 2400, 13801, 39, 0x0000000000000000 | 2.53 3.56 4.41 | cpu  71758004 12954 19301685 1430760792 234982 0 677817 0 0 0
1791612199 2392, 13801, 39, 0x0000000000000000 | 2.53 3.56 4.41 | cpu  71758898 12954 19301770 1430770380 234982 0 677817 0 0 0
1791612200 2392, 13801, 39, 0x0000000000000000 | 2.53 3.56 4.41 | cpu  71759112 12954 19301842 1430780759 234982 0 677817 0 0 0
1791612201 2392, 13801, 39, 0x0000000000000000 | 2.49 3.54 4.40 | cpu  71759261 12954 19302017 1430791111 234982 0 677817 0 0 0
1791612202 2400, 13801, 39, 0x0000000000000000 | 2.49 3.54 4.40 | cpu  71759439 12954 19302076 1430801527 234982 0 677818 0 0 0
1791612203 2392, 13801, 39, 0x0000000000000000 | 2.49 3.54 4.40 | cpu  71759567 12954 19302114 1430811991 234983 0 677818 0 0 0
1791612204 2392, 13801, 39, 0x0000000000000000 | 2.49 3.54 4.40 | cpu  71759725 12954 19302164 1430822452 234983 0 677818 0 0 0
1791612205 2392, 13801, 39, 0x0000000000000000 | 2.49 3.54 4.40 | cpu  71760525 12954 19302230 1430832082 234983 0 677818 0 0 0
1791612206 2400, 13801, 39, 0x0000000000000000 | 2.53 3.53 4.39 | cpu  71760719 12954 19302413 1430842377 234983 0 677818 0 0 0
1791612207 2400, 13801, 39, 0x0000000000000000 | 2.53 3.53 4.39 | cpu  71760971 12954 19302529 1430852667 234983 0 677819 0 0 0
1791612209 2400, 13801, 39, 0x0000000000000000 | 2.53 3.53 4.39 | cpu  71761222 12954 19302617 1430862966 234983 0 677819 0 0 0
1791612210 2400, 13801, 39, 0x0000000000000000 | 2.53 3.53 4.39 | cpu  71761409 12954 19302705 1430873367 234983 0 677819 0 0 0
1791612211 2392, 13801, 39, 0x0000000000000000 | 2.57 3.52 4.39 | cpu  71761648 12954 19302793 1430883705 234985 0 677819 0 0 0
1791612212 2400, 13801, 39, 0x0000000000000000 | 2.57 3.52 4.39 | cpu  71762545 12954 19302903 1430893362 234985 0 677819 0 0 0
1791612213 2400, 13801, 39, 0x0000000000000000 | 2.57 3.52 4.39 | cpu  71762778 12954 19302939 1430903737 234985 0 677819 0 0 0
1791612214 2400, 13801, 39, 0x0000000000000000 | 2.57 3.52 4.39 | cpu  71762938 12954 19302978 1430914205 234985 0 677820 0 0 0
1791612215 2400, 13801, 39, 0x0000000000000000 | 2.57 3.52 4.39 | cpu  71763087 12955 19303020 1430924707 234985 0 677821 0 0 0
1791612216 2400, 13801, 39, 0x0000000000000000 | 2.44 3.47 4.37 | cpu  71763246 12955 19303050 1430935179 234985 0 677821 0 0 0
1791612217 2400, 13801, 39, 0x0000000000000000 | 2.44 3.47 4.37 | cpu  71763378 12955 19303121 1430945561 234987 0 677821 0 0 0
1791612219 2392, 13801, 39, 0x0000000000000000 | 2.44 3.47 4.37 | cpu  71763510 12955 19303220 1430956090 234988 0 677821 0 0 0
1791612220 2730, 13801, 43, 0x0000000000000000 | 2.44 3.47 4.37 | cpu  71763631 12955 19303261 1430966633 234988 0 677821 0 0 0
1791612221 2902, 13801, 41, 0x0000000000000000 | 2.33 3.43 4.35 | cpu  71763752 12955 19303281 1430977047 234988 0 677821 0 0 0
1791612222 2895, 13801, 45, 0x0000000000000000 | 2.33 3.43 4.35 | cpu  71763877 12955 19303355 1430987574 234988 0 677821 0 0 0
1791612223 2872, 13801, 50, 0x0000000000000000 | 2.33 3.43 4.35 | cpu  71764694 12955 19303411 1430997449 234989 0 677821 0 0 0
1791612224 2880, 13801, 46, 0x0000000000000000 | 2.33 3.43 4.35 | cpu  71764883 12955 19303567 1431007862 234989 0 677821 0 0 0
1791612225 2865, 13801, 55, 0x0000000000000000 | 2.33 3.43 4.35 | cpu  71765141 12955 19303686 1431018294 234989 0 677822 0 0 0
1791612226 2872, 13801, 46, 0x0000000000000000 | 2.38 3.43 4.34 | cpu  71765413 12955 19303884 1431028546 234990 0 677822 0 0 0
1791612228 2872, 13801, 47, 0x0000000000000000 | 2.38 3.43 4.34 | cpu  71765619 12955 19304084 1431038833 234990 0 677822 0 0 0
1791612229 2872, 13801, 52, 0x0000000000000000 | 2.38 3.43 4.34 | cpu  71765882 12955 19304207 1431049262 234990 0 677822 0 0 0
1791612230 2880, 13801, 49, 0x0000000000000000 | 2.38 3.43 4.34 | cpu  71766151 12955 19304420 1431059455 234991 0 677822 0 0 0
1791612231 2880, 13801, 46, 0x0000000000000000 | 2.51 3.44 4.34 | cpu  71767022 12955 19304698 1431069107 234991 0 677823 0 0 0
1791612232 2887, 13801, 45, 0x0000000000000000 | 2.51 3.44 4.34 | cpu  71767288 12956 19304913 1431079336 234991 0 677823 0 0 0
1791612233 2880, 13801, 47, 0x0000000000000000 | 2.51 3.44 4.34 | cpu  71767438 12956 19305041 1431089701 234991 0 677823 0 0 0
1791612234 2880, 13801, 47, 0x0000000000000000 | 2.51 3.44 4.34 | cpu  71767561 12956 19305083 1431100290 234992 0 677823 0 0 0
1791612235 2887, 13801, 45, 0x0000000000000000 | 2.51 3.44 4.34 | cpu  71767685 12956 19305128 1431110824 234993 0 677823 0 0 0
1791612236 2880, 13801, 49, 0x0000000000000000 | 2.39 3.40 4.32 | cpu  71767808 12956 19305173 1431121402 234993 0 677823 0 0 0
1791612238 2880, 13801, 48, 0x0000000000000000 | 2.39 3.40 4.32 | cpu  71768459 12956 19305247 1431131329 234993 0 677824 0 0 0
1791612239 2887, 13801, 44, 0x0000000000000000 | 2.39 3.40 4.32 | cpu  71768797 12956 19305338 1431141649 234993 0 677824 0 0 0
1791612240 2887, 13801, 49, 0x0000000000000000 | 2.39 3.40 4.32 | cpu  71769049 12956 19305428 1431152043 234994 0 677824 0 0 0
1791612241 2887, 13801, 53, 0x0000000000000000 | 2.36 3.37 4.31 | cpu  71769222 12956 19305561 1431162553 234994 0 677825 0 0 0
1791612242 2910, 13801, 43, 0x0000000000000000 | 2.36 3.37 4.31 | cpu  71769495 12956 19305735 1431172667 234994 0 677828 0 0 0
1791612243 2925, 13801, 41, 0x0000000000000000 | 2.36 3.37 4.31 | cpu  71769740 12956 19305925 1431182904 234994 0 677828 0 0 0
1791612244 2392, 13801, 40, 0x0000000000000000 | 2.36 3.37 4.31 | cpu  71769903 12956 19306046 1431193198 234994 0 677830 0 0 0
1791612245 2392, 13801, 40, 0x0000000000000000 | 2.36 3.37 4.31 | cpu  71770806 12956 19306136 1431202883 234995 0 677830 0 0 0
1791612246 2392, 13801, 40, 0x0000000000000000 | 2.33 3.35 4.30 | cpu  71771052 12957 19306198 1431213234 234995 0 677830 0 0 0
1791612248 2392, 13801, 40, 0x0000000000000000 | 2.33 3.35 4.30 | cpu  71771205 12957 19306290 1431223656 234995 0 677831 0 0 0
1791612249 2392, 13801, 40, 0x0000000000000000 | 2.33 3.35 4.30 | cpu  71771387 12957 19306448 1431233975 234997 0 677832 0 0 0
1791612250 2392, 13801, 40, 0x0000000000000000 | 2.33 3.35 4.30 | cpu  71771507 12957 19306482 1431244507 234997 0 677832 0 0 0
1791612251 2392, 13801, 39, 0x0000000000000000 | 2.22 3.31 4.28 | cpu  71771599 12957 19306527 1431255037 234997 0 677832 0 0 0
1791612252 2392, 13801, 39, 0x0000000000000000 | 2.22 3.31 4.28 | cpu  71771688 12957 19306572 1431265590 234997 0 677832 0 0 0
1791612253 2392, 13801, 39, 0x0000000000000000 | 2.22 3.31 4.28 | cpu  71771786 12957 19306614 1431276166 234997 0 677832 0 0 0
1791612254 2400, 13801, 39, 0x0000000000000000 | 2.22 3.31 4.28 | cpu  71771916 12957 19306727 1431286706 234998 0 677832 0 0 0
1791612255 2400, 13801, 39, 0x0000000000000000 | 2.22 3.31 4.28 | cpu  71772065 12957 19306826 1431297136 234998 0 677833 0 0 0
1791612257 2392, 13801, 39, 0x0000000000000000 | 2.12 3.27 4.26 | cpu  71772715 12957 19306877 1431307100 234998 0 677833 0 0 0
1791612258 2392, 13801, 39, 0x0000000000000000 | 2.12 3.27 4.26 | cpu  71773066 12957 19306992 1431317291 234998 0 677833 0 0 0
1791612259 2400, 13801, 39, 0x0000000000000000 | 2.12 3.27 4.26 | cpu  71773334 12957 19307100 1431327609 234998 0 677833 0 0 0
1791612260 2400, 810, 40, 0x0000000000000000 | 2.12 3.27 4.26 | cpu  71773512 12957 19307229 1431338463 234999 0 677834 0 0 0
1791612261 375, 810, 38, 0x0000000000000000 | 2.11 3.25 4.25 | cpu  71773778 12957 19307360 1431349404 234999 0 677835 0 0 0
1791612262 225, 810, 38, 0x0000000000000000 | 2.11 3.25 4.25 | cpu  71774043 12957 19307460 1431359992 234999 0 677835 0 0 0
1791612263 180, 405, 38, 0x0000000000000000 | 2.11 3.25 4.25 | cpu  71774226 12957 19307577 1431370480 234999 0 677836 0 0 0
1791612264 180, 405, 38, 0x0000000000000000 | 2.11 3.25 4.25 | cpu  71775129 12957 19307696 1431380251 234999 0 677837 0 0 0
1791612266 180, 405, 38, 0x0000000000000000 | 2.11 3.25 4.25 | cpu  71775371 12957 19307871 1431390559 235000 0 677837 0 0 0
1791612267 180, 405, 38, 0x0000000000000000 | 2.27 3.26 4.25 | cpu  71775530 12957 19308127 1431400929 235000 0 677837 0 0 0
1791612268 180, 405, 38, 0x0000000000000000 | 2.27 3.26 4.25 | cpu  71775714 12957 19308294 1431411276 235000 0 677837 0 0 0
1791612269 180, 405, 38, 0x0000000000000000 | 2.27 3.26 4.25 | cpu  71775837 12957 19308468 1431421770 235000 0 677838 0 0 0
1791612270 180, 405, 38, 0x0000000000000000 | 2.27 3.26 4.25 | cpu  71775961 12957 19308522 1431432464 235000 0 677838 0 0 0
1791612271 180, 405, 38, 0x0000000000000000 | 2.24 3.24 4.23 | cpu  71776087 12957 19308618 1431443040 235001 0 677838 0 0 0
1791612272 180, 405, 38, 0x0000000000000000 | 2.24 3.24 4.23 | cpu  71776207 12957 19308728 1431453594 235001 0 677838 0 0 0
1791612273 180, 405, 38, 0x0000000000000000 | 2.24 3.24 4.23 | cpu  71776324 12957 19308766 1431464290 235001 0 677838 0 0 0
1791612275 180, 405, 38, 0x0000000000000000 | 2.24 3.24 4.23 | cpu  71776440 12957 19308797 1431474868 235001 0 677838 0 0 0
1791612276 180, 405, 38, 0x0000000000000000 | 2.22 3.22 4.22 | cpu  71776558 12957 19308812 1431485507 235001 0 677838 0 0 0
1791612277 180, 405, 38, 0x0000000000000000 | 2.22 3.22 4.22 | cpu  71776694 12958 19308865 1431496153 235001 0 677839 0 0 0
1791612278 180, 405, 38, 0x0000000000000000 | 2.22 3.22 4.22 | cpu  71777538 12958 19308999 1431505930 235002 0 677839 0 0 0
1791612279 180, 405, 38, 0x0000000000000000 | 2.22 3.22 4.22 | cpu  71777714 12958 19309214 1431516373 235002 0 677839 0 0 0
1791612280 180, 405, 38, 0x0000000000000000 | 2.22 3.22 4.22 | cpu  71777971 12958 19309328 1431526737 235002 0 677839 0 0 0
1791612281 180, 405, 38, 0x0000000000000000 | 2.29 3.22 4.21 | cpu  71778228 12958 19309436 1431537160 235002 0 677839 0 0 0
1791612282 180, 405, 38, 0x0000000000000000 | 2.29 3.22 4.21 | cpu  71778385 12958 19309545 1431547685 235002 0 677840 0 0 0
1791612284 180, 405, 38, 0x0000000000000000 | 2.29 3.22 4.21 | cpu  71778640 12958 19309662 1431558190 235005 0 677840 0 0 0
1791612285 180, 405, 38, 0x0000000000000000 | 2.29 3.22 4.21 | cpu  71779243 12958 19309817 1431568131 235006 0 677840 0 0 0
1791612286 180, 405, 38, 0x0000000000000000 | 2.42 3.23 4.21 | cpu  71779772 12958 19309923 1431578528 235006 0 677840 0 0 0
1791612287 180, 405, 38, 0x0000000000000000 | 2.42 3.23 4.21 | cpu  71779993 12958 19310066 1431588855 235006 0 677840 0 0 0
1791612288 180, 405, 38, 0x0000000000000000 | 2.42 3.23 4.21 | cpu  71780166 12958 19310197 1431599196 235007 0 677840 0 0 0
1791612289 180, 405, 38, 0x0000000000000000 | 2.42 3.23 4.21 | cpu  71780289 12958 19310234 1431609814 235007 0 677841 0 0 0
1791612290 180, 405, 38, 0x0000000000000000 | 2.42 3.23 4.21 | cpu  71780427 12958 19310342 1431620328 235007 0 677841 0 0 0
1791612291 180, 405, 38, 0x0000000000000000 | 2.39 3.21 4.20 | cpu  71780546 12958 19310448 1431630885 235007 0 677841 0 0 0
1791612293 180, 405, 38, 0x0000000000000000 | 2.39 3.21 4.20 | cpu  71780663 12959 19310498 1431641555 235007 0 677841 0 0 0
1791612294 180, 405, 38, 0x0000000000000000 | 2.39 3.21 4.20 | cpu  71780782 12959 19310540 1431652129 235008 0 677841 0 0 0
1791612295 180, 405, 38, 0x0000000000000000 | 2.39 3.21 4.20 | cpu  71781414 12959 19310590 1431662140 235008 0 677841 0 0 0
1791612296 180, 405, 38, 0x0000000000000000 | 2.36 3.19 4.19 | cpu  71781752 12959 19310702 1431672486 235008 0 677841 0 0 0
1791612297 180, 405, 38, 0x0000000000000000 | 2.36 3.19 4.19 | cpu  71782003 12959 19310782 1431682968 235008 0 677842 0 0 0
1791612298 180, 405, 38, 0x0000000000000000 | 2.36 3.19 4.19 | cpu  71782169 12959 19310905 1431693492 235008 0 677842 0 0 0
1791612299 180, 405, 38, 0x0000000000000000 | 2.36 3.19 4.19 | cpu  71782412 12959 19311025 1431703927 235009 0 677842 0 0 0
1791612300 180, 405, 38, 0x0000000000000000 | 2.36 3.19 4.19 | cpu  71782789 12959 19311134 1431714273 235009 0 677842 0 0 0
1791612302 180, 405, 38, 0x0000000000000000 | 2.49 3.20 4.19 | cpu  71783075 12959 19311427 1431724447 235009 0 677842 0 0 0
1791612303 180, 405, 38, 0x0000000000000000 | 2.49 3.20 4.19 | cpu  71784088 12959 19311821 1431734046 235013 0 677843 0 0 0
1791612304 180, 405, 38, 0x0000000000000000 | 2.49 3.20 4.19 | cpu  71784322 12959 19312036 1431744493 235013 0 677843 0 0 0
1791612305 180, 405, 38, 0x0000000000000000 | 2.49 3.20 4.19 | cpu  71784456 12959 19312180 1431754929 235013 0 677843 0 0 0
1791612306 180, 405, 38, 0x0000000000000000 | 2.45 3.18 4.18 | cpu  71784631 12959 19312227 1431765461 235013 0 677843 0 0 0
1791612307 180, 405, 38, 0x0000000000000000 | 2.45 3.18 4.18 | cpu  71784754 12959 19312255 1431776061 235013 0 677843 0 0 0
1791612308 172, 405, 38, 0x0000000000000000 | 2.45 3.18 4.18 | cpu  71784874 12960 19312274 1431786709 235014 0 677843 0 0 0
1791612309 180, 405, 38, 0x0000000000000000 | 2.45 3.18 4.18 | cpu  71784993 12960 19312318 1431797337 235014 0 677844 0 0 0
1791612311 180, 405, 38, 0x0000000000000000 | 2.45 3.18 4.18 | cpu  71785115 12960 19312364 1431808034 235014 0 677844 0 0 0
1791612312 180, 405, 38, 0x0000000000000000 | 2.41 3.16 4.16 | cpu  71785244 12960 19312449 1431818639 235014 0 677844 0 0 0
1791612313 180, 405, 38, 0x0000000000000000 | 2.41 3.16 4.16 | cpu  71785367 12960 19312495 1431829281 235014 0 677844 0 0 0
1791612314 180, 405, 38, 0x0000000000000000 | 2.41 3.16 4.16 | cpu  71785485 12960 19312551 1431839786 235015 0 677844 0 0 0
1791612315 180, 405, 38, 0x0000000000000000 | 2.41 3.16 4.16 | cpu  71785619 12960 19312670 1431850403 235015 0 677844 0 0 0
1791612316 180, 405, 38, 0x0000000000000000 | 2.38 3.14 4.15 | cpu  71785737 12960 19312743 1431861006 235015 0 677845 0 0 0
1791612317 180, 405, 38, 0x0000000000000000 | 2.38 3.14 4.15 | cpu  71785857 12960 19312757 1431871642 235015 0 677845 0 0 0
1791612318 180, 405, 38, 0x0000000000000000 | 2.38 3.14 4.15 | cpu  71785975 12960 19312772 1431882300 235015 0 677845 0 0 0
1791612320 180, 405, 38, 0x0000000000000000 | 2.38 3.14 4.15 | cpu  71786543 12960 19312873 1431892367 235016 0 677845 0 0 0
1791612321 180, 405, 38, 0x0000000000000000 | 2.35 3.12 4.14 | cpu  71786955 12960 19312944 1431902682 235017 0 677845 0 0 0
1791612322 172, 405, 38, 0x0000000000000000 | 2.35 3.12 4.14 | cpu  71787206 12960 19313040 1431913075 235017 0 677845 0 0 0
1791612323 180, 405, 38, 0x0000000000000000 | 2.35 3.12 4.14 | cpu  71787365 12960 19313156 1431923383 235017 0 677846 0 0 0
1791612324 180, 405, 38, 0x0000000000000000 | 2.35 3.12 4.14 | cpu  71787611 12960 19313269 1431933827 235017 0 677846 0 0 0
1791612325 180, 405, 38, 0x0000000000000000 | 2.35 3.12 4.14 | cpu  71787856 12960 19313372 1431944270 235017 0 677846 0 0 0
1791612326 180, 405, 38, 0x0000000000000000 | 2.40 3.12 4.13 | cpu  71788040 12960 19313556 1431954539 235018 0 677847 0 0 0
1791612327 180, 405, 38, 0x0000000000000000 | 2.40 3.12 4.13 | cpu  71788977 12960 19313766 1431964393 235018 0 677847 0 0 0
1791612329 180, 405, 38, 0x0000000000000000 | 2.40 3.12 4.13 | cpu  71789209 12960 19313838 1431974849 235018 0 677847 0 0 0
1791612330 180, 405, 38, 0x0000000000000000 | 2.40 3.12 4.13 | cpu  71789356 12960 19313910 1431985421 235018 0 677847 0 0 0
1791612331 180, 405, 38, 0x0000000000000000 | 2.29 3.09 4.12 | cpu  71789523 12960 19313959 1431995999 235019 0 677847 0 0 0
1791612332 180, 405, 38, 0x0000000000000000 | 2.29 3.09 4.12 | cpu  71789646 12960 19314025 1432006608 235019 0 677848 0 0 0
1791612333 180, 405, 38, 0x0000000000000000 | 2.29 3.09 4.12 | cpu  71789902 12960 19314078 1432017070 235019 0 677848 0 0 0
1791612334 180, 405, 38, 0x0000000000000000 | 2.29 3.09 4.12 | cpu  71790617 12960 19314129 1432026975 235019 0 677848 0 0 0
1791612335 180, 405, 38, 0x0000000000000000 | 2.29 3.09 4.12 | cpu  71790873 12960 19314228 1432037391 235019 0 677848 0 0 0
1791612336 180, 405, 38, 0x0000000000000000 | 2.27 3.07 4.10 | cpu  71791041 12960 19314330 1432047892 235020 0 677849 0 0 0
1791612338 180, 405, 38, 0x0000000000000000 | 2.27 3.07 4.10 | cpu  71791310 12960 19314460 1432058266 235020 0 677849 0 0 0
1791612339 180, 405, 38, 0x0000000000000000 | 2.27 3.07 4.10 | cpu  71791580 12960 19314765 1432068419 235020 0 677849 0 0 0
1791612340 180, 405, 38, 0x0000000000000000 | 2.27 3.07 4.10 | cpu  71791768 12960 19315169 1432078669 235020 0 677849 0 0 0
1791612341 180, 405, 38, 0x0000000000000000 | 2.33 3.07 4.10 | cpu  71792667 12960 19315382 1432088353 235020 0 677849 0 0 0
1791612342 180, 405, 38, 0x0000000000000000 | 2.33 3.07 4.10 | cpu  71792914 12960 19315513 1432098775 235021 0 677850 0 0 0
1791612343 180, 405, 38, 0x0000000000000000 | 2.33 3.07 4.10 | cpu  71793070 12960 19315570 1432109334 235021 0 677850 0 0 0
1791612344 180, 405, 38, 0x0000000000000000 | 2.33 3.07 4.10 | cpu  71793271 12960 19315681 1432119800 235021 0 677850 0 0 0
1791612345 180, 405, 38, 0x0000000000000000 | 2.33 3.07 4.10 | cpu  71793416 12960 19315749 1432130349 235021 0 677851 0 0 0
1791612347 180, 405, 38, 0x0000000000000000 | 2.54 3.10 4.10 | cpu  71793557 12960 19315889 1432140821 235022 0 677851 0 0 0
1791612348 180, 405, 38, 0x0000000000000000 | 2.54 3.10 4.10 | cpu  71793719 12960 19316038 1432151271 235022 0 677851 0 0 0
1791612349 180, 405, 38, 0x0000000000000000 | 2.54 3.10 4.10 | cpu  71793845 12961 19316083 1432161887 235022 0 677851 0 0 0
1791612350 180, 405, 38, 0x0000000000000000 | 2.54 3.10 4.10 | cpu  71793965 12961 19316114 1432172509 235024 0 677851 0 0 0
1791612351 180, 405, 38, 0x0000000000000000 | 2.58 3.10 4.10 | cpu  71794112 12961 19316228 1432183001 235024 0 677851 0 0 0
1791612352 180, 405, 38, 0x0000000000000000 | 2.58 3.10 4.10 | cpu  71794234 12961 19316326 1432193515 235024 0 677852 0 0 0
1791612353 180, 405, 38, 0x0000000000000000 | 2.58 3.10 4.10 | cpu  71794360 12961 19316360 1432204170 235024 0 677852 0 0 0
1791612354 180, 405, 38, 0x0000000000000000 | 2.58 3.10 4.10 | cpu  71795010 12961 19316411 1432214201 235024 0 677852 0 0 0
1791612356 180, 405, 38, 0x0000000000000000 | 2.58 3.10 4.10 | cpu  71795347 12961 19316505 1432224599 235025 0 677852 0 0 0
1791612357 180, 405, 38, 0x0000000000000000 | 2.53 3.08 4.09 | cpu  71795591 12961 19316574 1432235070 235025 0 677852 0 0 0
1791612358 180, 405, 38, 0x0000000000000000 | 2.53 3.08 4.09 | cpu  71795770 12962 19316684 1432245439 235025 0 677853 0 0 0
1791612359 180, 405, 38, 0x0000000000000000 | 2.53 3.08 4.09 | cpu  71796025 12962 19316769 1432255844 235025 0 677853 0 0 0
1791612360 180, 405, 38, 0x0000000000000000 | 2.53 3.08 4.09 | cpu  71796284 12962 19316866 1432266276 235027 0 677853 0 0 0
1791612361 180, 405, 38, 0x0000000000000000 | 2.57 3.08 4.08 | cpu  71796464 12962 19316984 1432276746 235027 0 677853 0 0 0
1791612362 180, 405, 38, 0x0000000000000000 | 2.57 3.08 4.08 | cpu  71797426 12962 19317165 1432286415 235027 0 677853 0 0 0
1791612363 180, 405, 38, 0x0000000000000000 | 2.57 3.08 4.08 | cpu  71797709 12962 19317305 1432296927 235027 0 677853 0 0 0
1791612365 180, 405, 38, 0x0000000000000000 | 2.57 3.08 4.08 | cpu  71797988 12962 19317562 1432307015 235031 0 677862 0 0 0
1791612366 180, 405, 38, 0x0000000000000000 | 2.57 3.08 4.08 | cpu  71798241 12962 19317876 1432316968 235032 0 677869 0 0 0
1791612367 180, 405, 38, 0x0000000000000000 | 3.08 3.18 4.11 | cpu  71798406 12962 19318081 1432327297 235032 0 677879 0 0 0
1791612368 180, 405, 38, 0x0000000000000000 | 3.08 3.18 4.11 | cpu  71798532 12962 19318128 1432337928 235032 0 677879 0 0 0
1791612369 180, 405, 38, 0x0000000000000000 | 3.08 3.18 4.11 | cpu  71798661 12962 19318170 1432348556 235033 0 677879 0 0 0
1791612370 180, 405, 38, 0x0000000000000000 | 3.08 3.18 4.11 | cpu  71798777 12962 19318200 1432359196 235033 0 677879 0 0 0
1791612371 180, 405, 38, 0x0000000000000000 | 3.00 3.16 4.09 | cpu  71798898 12962 19318234 1432369833 235033 0 677879 0 0 0
1791612372 180, 405, 38, 0x0000000000000000 | 3.00 3.16 4.09 | cpu  71799021 12962 19318261 1432380475 235033 0 677879 0 0 0
1791612374 180, 405, 38, 0x0000000000000000 | 3.00 3.16 4.09 | cpu  71799145 12962 19318296 1432391128 235033 0 677879 0 0 0
1791612375 180, 405, 38, 0x0000000000000000 | 3.00 3.16 4.09 | cpu  71799279 12962 19318465 1432401624 235033 0 677879 0 0 0
1791612376 180, 405, 38, 0x0000000000000000 | 6.84 3.95 4.35 | cpu  71799873 12962 19318748 1432411405 235033 0 677880 0 0 0
1791612377 180, 405, 38, 0x0000000000000000 | 6.84 3.95 4.35 | cpu  71800281 12962 19318990 1432421576 235033 0 677880 0 0 0
1791612378 180, 405, 38, 0x0000000000000000 | 6.84 3.95 4.35 | cpu  71800551 12962 19319112 1432431921 235033 0 677880 0 0 0
1791612379 180, 405, 38, 0x0000000000000000 | 6.84 3.95 4.35 | cpu  71800719 12962 19319225 1432442459 235034 0 677880 0 0 0
1791612380 180, 405, 38, 0x0000000000000000 | 6.84 3.95 4.35 | cpu  71801015 12962 19319398 1432452779 235034 0 677880 0 0 0
1791612381 180, 405, 38, 0x0000000000000000 | 6.45 3.92 4.33 | cpu  71801266 12962 19319486 1432463195 235034 0 677880 0 0 0
1791612383 180, 405, 38, 0x0000000000000000 | 6.45 3.92 4.33 | cpu  71801435 12962 19319608 1432473706 235034 0 677881 0 0 0
1791612384 180, 405, 38, 0x0000000000000000 | 6.45 3.92 4.33 | cpu  71802347 12962 19319704 1432483548 235034 0 677881 0 0 0
1791612385 180, 405, 38, 0x0000000000000000 | 6.45 3.92 4.33 | cpu  71802586 12962 19319749 1432494052 235036 0 677881 0 0 0
1791612386 180, 405, 38, 0x0000000000000000 | 6.10 3.89 4.32 | cpu  71802745 12962 19319812 1432504635 235036 0 677881 0 0 0
1791612387 180, 405, 38, 0x0000000000000000 | 6.10 3.89 4.32 | cpu  71802949 12962 19319903 1432515091 235036 0 677881 0 0 0
1791612388 180, 405, 38, 0x0000000000000000 | 6.10 3.89 4.32 | cpu  71803103 12962 19320045 1432525605 235036 0 677881 0 0 0
1791612389 180, 405, 38, 0x0000000000000000 | 6.10 3.89 4.32 | cpu  71803230 12962 19320109 1432536169 235036 0 677882 0 0 0
1791612390 180, 405, 38, 0x0000000000000000 | 6.10 3.89 4.32 | cpu  71803359 12962 19320148 1432546701 235037 0 677882 0 0 0
1791612392 180, 405, 38, 0x0000000000000000 | 5.77 3.85 4.31 | cpu  71803493 12962 19320204 1432557297 235037 0 677882 0 0 0
1791612393 180, 405, 38, 0x0000000000000000 | 5.77 3.85 4.31 | cpu  71803632 12962 19320256 1432568051 235037 0 677882 0 0 0
1791612394 180, 405, 38, 0x0000000000000000 | 5.77 3.85 4.31 | cpu  71804297 12962 19320357 1432578025 235037 0 677883 0 0 0
1791612395 180, 405, 38, 0x0000000000000000 | 5.77 3.85 4.31 | cpu  71804630 12962 19320457 1432588412 235037 0 677883 0 0 0
1791612396 180, 405, 38, 0x0000000000000000 | 5.47 3.82 4.30 | cpu  71804885 12962 19320552 1432598855 235039 0 677883 0 0 0
1791612397 180, 405, 38, 0x0000000000000000 | 5.47 3.82 4.30 | cpu  71805059 12962 19320659 1432609403 235039 0 677884 0 0 0
1791612398 180, 405, 38, 0x0000000000000000 | 5.47 3.82 4.30 | cpu  71805301 12963 19320756 1432619849 235039 0 677884 0 0 0
1791612399 180, 405, 38, 0x0000000000000000 | 5.47 3.82 4.30 | cpu  71805578 12963 19320914 1432630108 235039 0 677884 0 0 0
1791612401 180, 405, 38, 0x0000000000000000 | 5.47 3.82 4.30 | cpu  71805768 12963 19321103 1432640573 235039 0 677884 0 0 0
1791612402 180, 405, 38, 0x0000000000000000 | 5.27 3.81 4.29 | cpu  71806795 12963 19321218 1432650216 235039 0 677884 0 0 0
1791612403 180, 405, 38, 0x0000000000000000 | 5.27 3.81 4.29 | cpu  71807046 12963 19321279 1432660753 235039 0 677885 0 0 0
1791612404 180, 405, 38, 0x0000000000000000 | 5.27 3.81 4.29 | cpu  71807204 12963 19321335 1432671331 235040 0 677885 0 0 0
1791612405 180, 405, 38, 0x0000000000000000 | 5.27 3.81 4.29 | cpu  71807426 12963 19321429 1432681796 235040 0 677885 0 0 0
1791612406 180, 405, 38, 0x0000000000000000 | 5.01 3.78 4.28 | cpu  71807568 12963 19321560 1432692578 235041 0 677886 0 0 0
1791612407 180, 405, 38, 0x0000000000000000 | 5.01 3.78 4.28 | cpu  71807734 12963 19321804 1432702931 235041 0 677886 0 0 0
1791612408 180, 405, 38, 0x0000000000000000 | 5.01 3.78 4.28 | cpu  71807902 12963 19321929 1432713513 235042 0 677886 0 0 0
1791612410 180, 405, 38, 0x0000000000000000 | 5.01 3.78 4.28 | cpu  71808026 12963 19322021 1432724145 235042 0 677886 0 0 0
1791612411 180, 405, 38, 0x0000000000000000 | 4.77 3.75 4.26 | cpu  71808147 12963 19322164 1432734684 235042 0 677886 0 0 0
1791612412 180, 405, 38, 0x0000000000000000 | 4.77 3.75 4.26 | cpu  71808321 12963 19322417 1432745092 235042 0 677887 0 0 0
1791612413 180, 405, 38, 0x0000000000000000 | 4.77 3.75 4.26 | cpu  71809123 12963 19322527 1432754928 235043 0 677887 0 0 0
1791612414 172, 405, 38, 0x0000000000000000 | 4.77 3.75 4.26 | cpu  71809297 12963 19322655 1432765423 235043 0 677887 0 0 0
1791612415 180, 405, 38, 0x0000000000000000 | 4.77 3.75 4.26 | cpu  71809559 12963 19322751 1432775832 235043 0 677888 0 0 0
1791612416 180, 405, 38, 0x0000000000000000 | 4.54 3.72 4.25 | cpu  71809832 12963 19322864 1432786199 235043 0 677888 0 0 0
1791612417 180, 405, 38, 0x0000000000000000 | 4.54 3.72 4.25 | cpu  71810000 12963 19322978 1432796646 235043 0 677888 0 0 0
1791612419 180, 405, 38, 0x0000000000000000 | 4.54 3.72 4.25 | cpu  71810255 12963 19323081 1432807052 235044 0 677888 0 0 0
1791612420 180, 405, 38, 0x0000000000000000 | 4.54 3.72 4.25 | cpu  71810666 12963 19323194 1432817290 235044 0 677888 0 0 0
1791612421 180, 405, 38, 0x0000000000000000 | 4.34 3.69 4.24 | cpu  71811367 12963 19323255 1432827347 235044 0 677889 0 0 0
1791612422 180, 405, 38, 0x0000000000000000 | 4.34 3.69 4.24 | cpu  71811560 12963 19323305 1432837881 235044 0 677889 0 0 0
1791612423 180, 405, 38, 0x0000000000000000 | 4.34 3.69 4.24 | cpu  71811763 12963 19323366 1432848675 235044 0 677889 0 0 0
1791612424 180, 405, 38, 0x0000000000000000 | 4.34 3.69 4.24 | cpu  71812031 12964 19323503 1432859036 235046 0 677889 0 0 0
1791612425 180, 405, 38, 0x0000000000000000 | 4.34 3.69 4.24 | cpu  71812537 12964 19323584 1432869255 235046 0 677889 0 0 0
1791612426 180, 405, 38, 0x0000000000000000 | 4.23 3.68 4.23 | cpu  71812778 12964 19323624 1432879749 235046 0 677890 0 0 0
1791612428 180, 405, 38, 0x0000000000000000 | 4.23 3.68 4.23 | cpu  71813456 12964 19323696 1432889780 235046 0 677890 0 0 0
1791612429 180, 405, 38, 0x0000000000000000 | 4.23 3.68 4.23 | cpu  71813987 12964 19323781 1432899966 235047 0 677890 0 0 0
1791612430 180, 405, 38, 0x0000000000000000 | 4.23 3.68 4.23 | cpu  71814357 12964 19323873 1432910289 235047 0 677890 0 0 0
1791612431 180, 405, 38, 0x0000000000000000 | 4.13 3.67 4.22 | cpu  71814659 12964 19324005 1432920637 235047 0 677890 0 0 0
1791612432 180, 405, 38, 0x0000000000000000 | 4.13 3.67 4.22 | cpu  71815118 12964 19324115 1432930868 235047 0 677891 0 0 0
1791612433 180, 405, 38, 0x0000000000000000 | 4.13 3.67 4.22 | cpu  71815547 12964 19324236 1432941050 235047 0 677891 0 0 0
1791612434 180, 405, 38, 0x0000000000000000 | 4.13 3.67 4.22 | cpu  71815820 12964 19324344 1432951533 235047 0 677891 0 0 0
1791612435 180, 405, 38, 0x0000000000000000 | 4.13 3.67 4.22 | cpu  71816335 12964 19324458 1432961660 235047 0 677892 0 0 0
1791612437 180, 405, 38, 0x0000000000000000 | 4.12 3.67 4.22 | cpu  71816690 12964 19324593 1432972058 235047 0 677892 0 0 0
1791612438 180, 405, 38, 0x0000000000000000 | 4.12 3.67 4.22 | cpu  71816952 12964 19324686 1432982443 235047 0 677892 0 0 0
1791612439 2872, 13801, 53, 0x0000000000000000 | 4.12 3.67 4.22 | cpu  71817207 12964 19324745 1432992878 235048 0 677893 0 0 0
1791612440 2880, 13801, 53, 0x0000000000000000 | 4.12 3.67 4.22 | cpu  71817452 12964 19324820 1433003299 235049 0 677893 0 0 0
1791612441 2887, 13801, 47, 0x0000000000000000 | 3.95 3.64 4.21 | cpu  71817712 12964 19324890 1433013715 235049 0 677893 0 0 0
1791612442 2880, 13801, 46, 0x0000000000000000 | 3.95 3.64 4.21 | cpu  71817857 12964 19324927 1433024284 235049 0 677893 0 0 0
1791612443 2880, 13801, 47, 0x0000000000000000 | 3.95 3.64 4.21 | cpu  71818783 12964 19324999 1433034088 235049 0 677893 0 0 0
1791612444 2880, 13801, 51, 0x0000000000000000 | 3.95 3.64 4.21 | cpu  71818947 12964 19325181 1433044528 235049 0 677893 0 0 0
1791612446 2887, 13801, 46, 0x0000000000000000 | 3.95 3.64 4.21 | cpu  71819198 12964 19325383 1433054836 235050 0 677893 0 0 0
1791612447 2880, 13801, 48, 0x0000000000000000 | 3.96 3.65 4.21 | cpu  71819456 12964 19325593 1433065060 235050 0 677893 0 0 0
1791612448 2880, 13801, 45, 0x0000000000000000 | 3.96 3.65 4.21 | cpu  71819636 12964 19325746 1433075300 235050 0 677893 0 0 0
1791612449 2880, 13801, 50, 0x0000000000000000 | 3.96 3.65 4.21 | cpu  71819919 12964 19325916 1433085661 235050 0 677893 0 0 0
1791612450 2872, 13801, 47, 0x0000000000000000 | 3.96 3.65 4.21 | cpu  71820255 12964 19326007 1433095894 235050 0 677894 0 0 0
1791612451 2872, 13801, 54, 0x0000000000000000 | 3.80 3.62 4.20 | cpu  71821037 12964 19326098 1433105774 235051 0 677894 0 0 0
1791612452 2880, 13801, 46, 0x0000000000000000 | 3.80 3.62 4.20 | cpu  71821263 12964 19326155 1433116274 235051 0 677894 0 0 0
1791612453 2880, 13801, 48, 0x0000000000000000 | 3.80 3.62 4.20 | cpu  71821394 12965 19326190 1433126850 235051 0 677894 0 0 0
1791612455 2872, 13801, 50, 0x0000000000000000 | 3.80 3.62 4.20 | cpu  71821576 12965 19326231 1433137384 235051 0 677894 0 0 0
1791612456 2865, 13801, 50, 0x0000000000000000 | 3.80 3.62 4.20 | cpu  71821706 12965 19326287 1433147916 235051 0 677894 0 0 0
1791612457 2880, 13801, 51, 0x0000000000000000 | 3.57 3.58 4.18 | cpu  71821835 12965 19326331 1433158494 235052 0 677894 0 0 0
1791612458 2880, 13801, 53, 0x0000000000000000 | 3.57 3.58 4.18 | cpu  71821985 12965 19326436 1433168966 235052 0 677894 0 0 0
1791612459 2872, 13801, 49, 0x0000000000000000 | 3.57 3.58 4.18 | cpu  71822122 12965 19326490 1433179510 235053 0 677895 0 0 0
1791612460 2872, 13801, 53, 0x0000000000000000 | 3.57 3.58 4.18 | cpu  71822774 12965 19326637 1433189394 235053 0 677895 0 0 0
1791612461 2880, 13801, 46, 0x0000000000000000 | 3.61 3.59 4.18 | cpu  71823121 12965 19326821 1433199764 235053 0 677895 0 0 0
1791612462 2880, 13801, 48, 0x0000000000000000 | 3.61 3.59 4.18 | cpu  71823387 12965 19326940 1433210090 235053 0 677895 0 0 0
1791612463 2887, 13801, 45, 0x0000000000000000 | 3.61 3.59 4.18 | cpu  71823552 12965 19327050 1433220553 235053 0 677895 0 0 0
1791612465 2880, 13801, 50, 0x0000000000000000 | 3.61 3.59 4.18 | cpu  71823821 12965 19327177 1433230933 235056 0 677896 0 0 0
1791612466 2880, 13801, 46, 0x0000000000000000 | 3.64 3.59 4.18 | cpu  71824081 12965 19327306 1433241333 235056 0 677896 0 0 0
1791612467 2872, 13801, 49, 0x0000000000000000 | 3.64 3.59 4.18 | cpu  71824286 12965 19327511 1433251711 235056 0 677896 0 0 0
1791612468 2880, 13801, 51, 0x0000000000000000 | 3.64 3.59 4.18 | cpu  71825430 12965 19327697 1433261109 235056 0 677897 0 0 0
1791612469 2880, 13801, 51, 0x0000000000000000 | 3.64 3.59 4.18 | cpu  71825662 12965 19327729 1433271593 235056 0 677897 0 0 0
1791612470 2872, 13801, 55, 0x0000000000000000 | 3.64 3.59 4.18 | cpu  71825827 12966 19327802 1433281939 235057 0 677897 0 0 0
1791612471 2872, 13801, 53, 0x0000000000000000 | 3.43 3.55 4.16 | cpu  71825973 12966 19327847 1433292505 235057 0 677897 0 0 0
1791612472 2880, 13801, 51, 0x0000000000000000 | 3.43 3.55 4.16 | cpu  71826178 12966 19328076 1433302905 235057 0 677897 0 0 0
1791612474 2872, 13801, 56, 0x0000000000000000 | 3.43 3.55 4.16 | cpu  71826311 12966 19328175 1433313310 235058 0 677898 0 0 0
1791612475 2880, 13801, 51, 0x0000000000000000 | 3.43 3.55 4.16 | cpu  71826437 12966 19328311 1433323757 235058 0 677898 0 0 0
1791612476 2880, 13801, 49, 0x0000000000000000 | 3.31 3.52 4.15 | cpu  71826563 12966 19328384 1433334340 235059 0 677898 0 0 0
1791612477 2865, 13801, 53, 0x0000000000000000 | 3.31 3.52 4.15 | cpu  71827218 12966 19328462 1433344309 235059 0 677898 0 0 0
1791612478 2872, 13801, 54, 0x0000000000000000 | 3.31 3.52 4.15 | cpu  71827519 12966 19328576 1433354640 235060 0 677898 0 0 0
1791612479 2835, 13801, 52, 0x0000000000000000 | 3.31 3.52 4.15 | cpu  71827796 12966 19328730 1433365007 235060 0 677898 0 0 0
1791612480 2880, 13801, 49, 0x0000000000000000 | 3.31 3.52 4.15 | cpu  71827979 12966 19328943 1433375416 235060 0 677898 0 0 0
1791612481 2880, 13801, 45, 0x0000000000000000 | 3.29 3.52 4.14 | cpu  71828270 12966 19329171 1433385694 235060 0 677898 0 0 0
1791612483 2887, 13801, 45, 0x0000000000000000 | 3.29 3.52 4.14 | cpu  71828530 12966 19329277 1433396080 235060 0 677899 0 0 0
1791612484 2880, 13801, 51, 0x0000000000000000 | 3.29 3.52 4.14 | cpu  71828820 12966 19329429 1433406473 235061 0 677899 0 0 0
1791612485 2865, 13801, 54, 0x0000000000000000 | 3.29 3.52 4.14 | cpu  71829720 12966 19329592 1433416106 235061 0 677900 0 0 0
1791612486 2880, 13801, 50, 0x0000000000000000 | 3.18 3.49 4.13 | cpu  71829971 12966 19329707 1433426467 235061 0 677900 0 0 0
1791612487 2850, 13801, 55, 0x0000000000000000 | 3.18 3.49 4.13 | cpu  71830129 12966 19329784 1433437017 235061 0 677900 0 0 0
1791612488 2872, 13801, 53, 0x0000000000000000 | 3.18 3.49 4.13 | cpu  71830307 12966 19329902 1433447443 235061 0 677900 0 0 0
1791612489 2887, 13801, 49, 0x0000000000000000 | 3.18 3.49 4.13 | cpu  71830448 12966 19330014 1433457969 235062 0 677900 0 0 0
1791612490 2880, 13801, 50, 0x0000000000000000 | 3.18 3.49 4.13 | cpu  71830573 12966 19330055 1433468548 235062 0 677900 0 0 0
1791612491 2872, 13801, 52, 0x0000000000000000 | 3.09 3.47 4.12 | cpu  71830715 12966 19330122 1433479083 235063 0 677900 0 0 0
1791612493 2880, 13801, 50, 0x0000000000000000 | 3.09 3.47 4.12 | cpu  71830837 12966 19330155 1433489674 235063 0 677900 0 0 0
1791612494 2880, 13801, 47, 0x0000000000000000 | 3.09 3.47 4.12 | cpu  71830960 12966 19330193 1433500305 235064 0 677900 0 0 0
1791612495 2880, 13801, 47, 0x0000000000000000 | 3.09 3.47 4.12 | cpu  71831605 12966 19330296 1433510216 235064 0 677900 0 0 0
1791612496 2865, 13801, 55, 0x0000000000000000 | 3.08 3.46 4.11 | cpu  71831955 12966 19330433 1433520545 235064 0 677900 0 0 0
1791612497 2872, 13801, 48, 0x0000000000000000 | 3.08 3.46 4.11 | cpu  71832232 12966 19330604 1433530831 235064 0 677901 0 0 0
1791612498 2872, 13801, 47, 0x0000000000000000 | 3.08 3.46 4.11 | cpu  71832410 12966 19330746 1433541275 235064 0 677901 0 0 0
1791612499 2880, 13801, 46, 0x0000000000000000 | 3.08 3.46 4.11 | cpu  71832676 12966 19330838 1433551641 235064 0 677901 0 0 0
1791612500 2880, 13801, 49, 0x0000000000000000 | 3.08 3.46 4.11 | cpu  71832927 12966 19330935 1433562093 235065 0 677901 0 0 0
1791612502 2850, 13801, 54, 0x0000000000000000 | 3.08 3.45 4.11 | cpu  71833115 12966 19331053 1433572606 235065 0 677901 0 0 0
1791612503 2880, 13801, 49, 0x0000000000000000 | 3.08 3.45 4.11 | cpu  71834195 12966 19331160 1433582153 235065 0 677901 0 0 0
1791612504 2880, 13801, 51, 0x0000000000000000 | 3.08 3.45 4.11 | cpu  71834445 12966 19331256 1433592512 235065 0 677902 0 0 0
1791612505 2872, 13801, 50, 0x0000000000000000 | 3.08 3.45 4.11 | cpu  71834601 12966 19331397 1433602950 235065 0 677902 0 0 0
1791612506 2880, 13801, 47, 0x0000000000000000 | 2.99 3.43 4.10 | cpu  71834816 12966 19331481 1433613452 235065 0 677902 0 0 0
1791612507 2872, 13801, 52, 0x0000000000000000 | 2.99 3.43 4.10 | cpu  71834938 12967 19331513 1433624043 235065 0 677902 0 0 0
1791612508 2880, 13801, 53, 0x0000000000000000 | 2.99 3.43 4.10 | cpu  71835075 12967 19331604 1433634492 235066 0 677902 0 0 0
1791612509 2880, 13801, 50, 0x0000000000000000 | 2.99 3.43 4.10 | cpu  71835214 12967 19331708 1433645091 235066 0 677902 0 0 0
1791612511 2872, 13801, 50, 0x0000000000000000 | 2.99 3.43 4.10 | cpu  71835338 12967 19331754 1433655679 235066 0 677902 0 0 0
1791612512 2872, 13801, 54, 0x0000000000000000 | 2.91 3.40 4.08 | cpu  71835465 12967 19331798 1433666325 235066 0 677902 0 0 0
1791612513 2880, 13801, 47, 0x0000000000000000 | 2.91 3.40 4.08 | cpu  71835588 12967 19331834 1433676898 235066 0 677902 0 0 0
1791612514 2880, 13801, 48, 0x0000000000000000 | 2.91 3.40 4.08 | cpu  71835709 12967 19331915 1433687498 235066 0 677902 0 0 0
1791612515 2880, 13801, 50, 0x0000000000000000 | 2.91 3.40 4.08 | cpu  71835854 12967 19332093 1433697930 235068 0 677903 0 0 0
1791612516 2880, 13801, 48, 0x0000000000000000 | 6.36 4.11 4.31 | cpu  71836591 12967 19332319 1433707650 235068 0 677903 0 0 0
1791612517 2865, 13801, 52, 0x0000000000000000 | 6.36 4.11 4.31 | cpu  71836832 12967 19332457 1433718002 235068 0 677903 0 0 0
1791612518 2872, 13801, 54, 0x0000000000000000 | 6.36 4.11 4.31 | cpu  71837094 12967 19332569 1433728383 235068 0 677903 0 0 0
1791612520 2887, 13801, 47, 0x0000000000000000 | 6.36 4.11 4.31 | cpu  71837342 12967 19332664 1433738791 235068 0 677904 0 0 0
1791612521 2880, 13801, 50, 0x0000000000000000 | 6.36 4.11 4.31 | cpu  71837538 12967 19332860 1433749228 235068 0 677904 0 0 0
1791612522 2872, 13801, 49, 0x0000000000000000 | 6.09 4.09 4.30 | cpu  71837811 12967 19333039 1433759589 235068 0 677904 0 0 0
1791612523 2872, 13801, 50, 0x0000000000000000 | 6.09 4.09 4.30 | cpu  71838061 12967 19333143 1433770099 235069 0 677904 0 0 0
1791612524 2880, 13801, 48, 0x0000000000000000 | 6.09 4.09 4.30 | cpu  71839091 12967 19333236 1433779698 235070 0 677904 0 0 0
1791612525 2880, 13801, 51, 0x0000000000000000 | 6.09 4.09 4.30 | cpu  71839345 12967 19333302 1433790156 235070 0 677905 0 0 0
1791612526 2865, 13801, 52, 0x0000000000000000 | 5.76 4.06 4.29 | cpu  71839490 12967 19333411 1433800626 235070 0 677905 0 0 0
1791612527 2872, 13801, 51, 0x0000000000000000 | 5.76 4.06 4.29 | cpu  71839709 12967 19333554 1433810938 235070 0 677905 0 0 0
1791612529 2880, 13801, 54, 0x0000000000000000 | 5.76 4.06 4.29 | cpu  71839899 12967 19333690 1433821429 235071 0 677906 0 0 0
1791612530 2880, 13801, 50, 0x0000000000000000 | 5.76 4.06 4.29 | cpu  71840021 12968 19333720 1433832038 235071 0 677906 0 0 0
1791612531 2880, 13801, 52, 0x0000000000000000 | 5.54 4.04 4.28 | cpu  71840140 12968 19333751 1433842499 235071 0 677906 0 0 0
1791612532 2880, 13801, 48, 0x0000000000000000 | 5.54 4.04 4.28 | cpu  71840261 12968 19333785 1433853101 235071 0 677906 0 0 0
1791612533 2872, 13801, 52, 0x0000000000000000 | 5.54 4.04 4.28 | cpu  71840409 12968 19333896 1433863643 235071 0 677907 0 0 0
1791612534 2880, 13801, 49, 0x0000000000000000 | 5.54 4.04 4.28 | cpu  71840546 12968 19333987 1433874144 235072 0 677907 0 0 0
1791612535 2887, 13801, 49, 0x0000000000000000 | 5.54 4.04 4.28 | cpu  71840685 12969 19334066 1433884764 235072 0 677907 0 0 0
1791612536 2880, 13801, 48, 0x0000000000000000 | 5.34 4.02 4.27 | cpu  71840820 12969 19334184 1433895257 235072 0 677907 0 0 0
1791612537 2880, 13801, 50, 0x0000000000000000 | 5.34 4.02 4.27 | cpu  71840949 12969 19334230 1433905933 235072 0 677907 0 0 0
1791612539 2880, 13801, 47, 0x0000000000000000 | 5.34 4.02 4.27 | cpu  71841076 12969 19334273 1433916471 235073 0 677907 0 0 0
1791612540 2880, 13801, 47, 0x0000000000000000 | 5.34 4.02 4.27 | cpu  71841199 12969 19334310 1433927047 235073 0 677907 0 0 0
1791612541 2880, 13801, 46, 0x0000000000000000 | 4.99 3.97 4.26 | cpu  71841330 12969 19334353 1433937661 235074 0 677907 0 0 0
1791612542 2887, 13801, 52, 0x0000000000000000 | 4.99 3.97 4.26 | cpu  71841457 12969 19334466 1433948125 235074 0 677907 0 0 0
1791612543 2872, 13801, 53, 0x0000000000000000 | 4.99 3.97 4.26 | cpu  71841596 12969 19334587 1433958643 235074 0 677908 0 0 0
1791612544 2880, 13801, 46, 0x0000000000000000 | 4.99 3.97 4.26 | cpu  71842413 12969 19334661 1433968356 235074 0 677908 0 0 0
1791612545 2880, 13801, 53, 0x0000000000000000 | 4.99 3.97 4.26 | cpu  71842614 12969 19334854 1433978790 235074 0 677908 0 0 0
1791612546 2880, 13801, 49, 0x0000000000000000 | 4.91 3.97 4.25 | cpu  71842874 12969 19335005 1433989126 235075 0 677908 0 0 0
1791612548 2880, 13801, 47, 0x0000000000000000 | 4.91 3.97 4.25 | cpu  71843127 12969 19335098 1433999520 235075 0 677908 0 0 0
1791612549 2880, 13801, 46, 0x0000000000000000 | 4.91 3.97 4.25 | cpu  71843299 12969 19335220 1434010023 235076 0 677908 0 0 0
1791612550 2880, 13801, 47, 0x0000000000000000 | 4.91 3.97 4.25 | cpu  71843558 12970 19335438 1434020355 235076 0 677908 0 0 0
1791612551 2880, 13801, 48, 0x0000000000000000 | 4.84 3.97 4.25 | cpu  71843898 12970 19335629 1434030519 235076 0 677908 0 0 0
1791612552 2872, 13801, 54, 0x0000000000000000 | 4.84 3.97 4.25 | cpu  71844145 12970 19335760 1434040879 235076 0 677909 0 0 0
1791612553 2865, 13801, 54, 0x0000000000000004 | 4.84 3.97 4.25 | cpu  71844273 12970 19335802 1434051475 235077 0 677909 0 0 0
1791612554 2872, 13801, 48, 0x0000000000000000 | 4.84 3.97 4.25 | cpu  71844407 12970 19335848 1434062037 235077 0 677909 0 0 0
1791612555 2887, 13801, 47, 0x0000000000000000 | 4.84 3.97 4.25 | cpu  71844533 12970 19335894 1434072648 235078 0 677909 0 0 0
1791612557 2880, 13801, 48, 0x0000000000000000 | 4.53 3.92 4.24 | cpu  71844667 12970 19335972 1434083187 235078 0 677910 0 0 0
1791612558 2880, 13801, 46, 0x0000000000000000 | 4.53 3.92 4.24 | cpu  71844808 12970 19336079 1434093662 235078 0 677910 0 0 0
1791612559 2880, 13801, 48, 0x0000000000000000 | 4.53 3.92 4.24 | cpu  71844933 12970 19336142 1434104210 235078 0 677910 0 0 0
1791612560 2880, 13801, 52, 0x0000000000000000 | 4.53 3.92 4.24 | cpu  71845055 12970 19336173 1434114798 235078 0 677910 0 0 0
1791612561 2865, 13801, 53, 0x0000000000000000 | 4.25 3.87 4.22 | cpu  71845175 12970 19336210 1434125390 235078 0 677910 0 0 0
1791612562 2872, 13801, 51, 0x0000000000000000 | 4.25 3.87 4.22 | cpu  71845302 12970 19336249 1434136033 235078 0 677910 0 0 0
1791612563 2872, 13801, 54, 0x0000000000000000 | 4.25 3.87 4.22 | cpu  71845431 12970 19336285 1434146639 235078 0 677911 0 0 0
1791612564 2857, 13801, 55, 0x0000000000000000 | 4.25 3.87 4.22 | cpu  71845551 12970 19336320 1434157315 235078 0 677911 0 0 0
1791612566 2842, 13801, 56, 0x0000000000000000 | 4.25 3.87 4.22 | cpu  71845671 12970 19336348 1434167913 235078 0 677911 0 0 0
1791612567 2872, 13801, 52, 0x0000000000000000 | 3.99 3.83 4.20 | cpu  71845794 12970 19336391 1434178535 235078 0 677911 0 0 0
1791612568 2880, 13801, 51, 0x0000000000000000 | 3.99 3.83 4.20 | cpu  71845913 12970 19336422 1434189159 235079 0 677911 0 0 0
1791612569 2865, 13801, 54, 0x0000000000000000 | 3.99 3.83 4.20 | cpu  71846598 12970 19336539 1434198981 235079 0 677911 0 0 0
1791612570 2865, 13801, 55, 0x0000000000000000 | 3.99 3.83 4.20 | cpu  71846937 12970 19336710 1434209182 235079 0 677912 0 0 0
1791612571 2872, 13801, 49, 0x0000000000000000 | 3.83 3.79 4.19 | cpu  71847198 12970 19336842 1434219536 235079 0 677912 0 0 0
1791612572 2872, 13801, 50, 0x0000000000000000 | 3.83 3.79 4.19 | cpu  71847369 12970 19336959 1434229978 235080 0 677912 0 0 0
1791612573 2872, 13801, 53, 0x0000000000000000 | 3.83 3.79 4.19 | cpu  71847628 12970 19337067 1434240367 235080 0 677912 0 0 0
1791612574 2880, 13801, 49, 0x0000000000000000 | 3.83 3.79 4.19 | cpu  71847884 12970 19337157 1434250789 235080 0 677913 0 0 0
1791612576 2887, 13801, 47, 0x0000000000000000 | 3.83 3.79 4.19 | cpu  71848054 12970 19337265 1434261247 235080 0 677913 0 0 0
1791612577 2872, 13801, 55, 0x0000000000000000 | 3.76 3.78 4.18 | cpu  71848978 12970 19337372 1434270986 235080 0 677913 0 0 0
1791612578 2857, 13801, 55, 0x0000000000000004 | 3.76 3.78 4.18 | cpu  71849218 12970 19337421 1434281482 235080 0 677913 0 0 0
1791612579 2865, 13801, 53, 0x0000000000000000 | 3.76 3.78 4.18 | cpu  71849379 12971 19337479 1434292140 235080 0 677913 0 0 0
1791612580 2850, 13801, 52, 0x0000000000000000 | 3.76 3.78 4.18 | cpu  71849542 12971 19337527 1434302610 235080 0 677913 0 0 0
1791612581 2872, 13801, 48, 0x0000000000000000 | 3.78 3.78 4.18 | cpu  71849709 12971 19337626 1434313143 235080 0 677913 0 0 0
1791612582 2872, 13801, 54, 0x0000000000000000 | 3.78 3.78 4.18 | cpu  71849850 12971 19337749 1434323669 235081 0 677914 0 0 0
1791612583 2880, 13801, 49, 0x0000000000000000 | 3.78 3.78 4.18 | cpu  71849974 12971 19337792 1434334253 235081 0 677914 0 0 0
1791612585 2880, 13801, 49, 0x0000000000000000 | 3.78 3.78 4.18 | cpu  71850116 12971 19337900 1434344706 235081 0 677914 0 0 0
1791612586 2887, 13801, 51, 0x0000000000000000 | 3.80 3.79 4.18 | cpu  71850253 12971 19338088 1434355280 235083 0 677914 0 0 0
1791612587 2880, 13801, 51, 0x0000000000000000 | 3.80 3.79 4.18 | cpu  71850411 12971 19338336 1434365601 235083 0 677914 0 0 0
1791612588 2880, 13801, 50, 0x0000000000000000 | 3.80 3.79 4.18 | cpu  71850565 12971 19338449 1434376106 235083 0 677914 0 0 0
1791612589 2880, 13801, 54, 0x0000000000000004 | 3.80 3.79 4.18 | cpu  71850685 12971 19338479 1434386725 235083 0 677915 0 0 0
1791612590 2887, 13801, 46, 0x0000000000000000 | 3.80 3.79 4.18 | cpu  71850805 12972 19338513 1434397322 235083 0 677915 0 0 0
1791612591 2880, 13801, 49, 0x0000000000000000 | 3.57 3.74 4.16 | cpu  71850925 12972 19338542 1434407908 235084 0 677915 0 0 0
1791612592 2872, 13801, 52, 0x0000000000000000 | 3.57 3.74 4.16 | cpu  71851510 12972 19338617 1434417947 235084 0 677915 0 0 0
1791612594 2880, 13801, 50, 0x0000000000000000 | 3.57 3.74 4.16 | cpu  71851953 12972 19338765 1434427982 235084 0 677915 0 0 0
1791612595 2880, 13801, 47, 0x0000000000000000 | 3.57 3.74 4.16 | cpu  71852216 12972 19338942 1434438214 235084 0 677915 0 0 0
1791612596 2880, 13801, 47, 0x0000000000000000 | 3.53 3.73 4.16 | cpu  71852381 12972 19339060 1434448704 235084 0 677915 0 0 0
1791612597 2865, 13801, 53, 0x0000000000000000 | 3.53 3.73 4.16 | cpu  71852647 12972 19339161 1434459068 235085 0 677915 0 0 0
1791612598 2872, 13801, 55, 0x0000000000000000 | 3.53 3.73 4.16 | cpu  71852921 12972 19339288 1434469304 235085 0 677916 0 0 0
1791612599 2880, 13801, 50, 0x0000000000000000 | 3.53 3.73 4.16 | cpu  71853084 12973 19339396 1434479770 235086 0 677916 0 0 0
1791612600 2880, 13801, 51, 0x0000000000000000 | 3.53 3.73 4.16 | cpu  71854109 12973 19339523 1434489456 235086 0 677916 0 0 0
1791612601 2880, 13801, 49, 0x0000000000000000 | 3.41 3.70 4.14 | cpu  71854353 12973 19339575 1434499904 235086 0 677916 0 0 0
1791612603 2880, 13801, 50, 0x0000000000000000 | 3.41 3.70 4.14 | cpu  71854567 12973 19339692 1434510344 235089 0 677916 0 0 0
1791612604 2887, 13801, 46, 0x0000000000000000 | 3.41 3.70 4.14 | cpu  71854749 12973 19339752 1434520843 235089 0 677918 0 0 0
1791612605 2880, 13801, 49, 0x0000000000000000 | 3.41 3.70 4.14 | cpu  71854944 12973 19339831 1434531261 235089 0 677918 0 0 0
1791612606 2887, 13801, 45, 0x0000000000000000 | 3.37 3.69 4.14 | cpu  71855106 12973 19339967 1434541710 235089 0 677918 0 0 0
1791612607 2887, 13801, 45, 0x0000000000000000 | 3.37 3.69 4.14 | cpu  71855235 12973 19340049 1434552233 235089 0 677918 0 0 0
1791612608 2925, 13801, 42, 0x0000000000000000 | 3.37 3.69 4.14 | cpu  71855317 12973 19340099 1434562742 235091 0 677918 0 0 0
1791612609 2392, 13801, 40, 0x0000000000000000 | 3.37 3.69 4.14 | cpu  71855461 12973 19340256 1434573102 235091 0 677919 0 0 0
1791612610 2400, 13801, 40, 0x0000000000000000 | 3.37 3.69 4.14 | cpu  71856204 12973 19340519 1434582664 235091 0 677919 0 0 0
1791612611 2400, 13801, 40, 0x0000000000000000 | 3.26 3.66 4.13 | cpu  71856331 12973 19340652 1434593014 235091 0 677919 0 0 0
1791612613 2400, 13801, 40, 0x0000000000000000 | 3.26 3.66 4.13 | cpu  71856579 12973 19340834 1434603212 235091 0 677920 0 0 0
1791612614 2400, 13801, 40, 0x0000000000000000 | 3.26 3.66 4.13 | cpu  71856788 12973 19340950 1434613483 235092 0 677920 0 0 0
1791612615 2400, 13801, 40, 0x0000000000000000 | 3.26 3.66 4.13 | cpu  71856905 12973 19341081 1434623897 235092 0 677920 0 0 0
1791612616 2400, 13801, 40, 0x0000000000000000 | 3.16 3.63 4.11 | cpu  71857121 12973 19341205 1434634220 235092 0 677920 0 0 0
1791612617 2400, 13801, 40, 0x0000000000000000 | 3.16 3.63 4.11 | cpu  71857334 12973 19341357 1434644763 235092 0 677920 0 0 0
1791612618 2400, 13801, 40, 0x0000000000000000 | 3.16 3.63 4.11 | cpu  71858166 12973 19341557 1434654797 235092 0 677920 0 0 0
1791612619 2400, 13801, 40, 0x0000000000000000 | 3.16 3.63 4.11 | cpu  71858313 12973 19341725 1434665191 235094 0 677920 0 0 0
1791612620 2400, 13801, 40, 0x0000000000000000 | 3.16 3.63 4.11 | cpu  71858427 12973 19341912 1434675529 235094 0 677920 0 0 0
1791612621 2400, 13801, 40, 0x0000000000000000 | 3.07 3.61 4.10 | cpu  71858549 12973 19342104 1434685848 235094 0 677921 0 0 0
1791612623 2400, 13801, 40, 0x0000000000000000 | 3.07 3.61 4.10 | cpu  71858630 12973 19342195 1434696348 235094 0 677921 0 0 0
1791612624 2400, 13801, 40, 0x0000000000000000 | 3.07 3.61 4.10 | cpu  71858711 12973 19342260 1434706871 235094 0 677921 0 0 0
1791612625 2400, 13801, 40, 0x0000000000000000 | 3.07 3.61 4.10 | cpu  71858789 12973 19342315 1434717443 235095 0 677921 0 0 0
1791612626 2400, 13801, 40, 0x0000000000000000 | 2.90 3.56 4.09 | cpu  71858864 12973 19342370 1434728011 235095 0 677921 0 0 0
1791612627 2400, 13801, 40, 0x0000000000000000 | 2.90 3.56 4.09 | cpu  71858935 12974 19342433 1434738582 235095 0 677921 0 0 0
1791612628 2400, 13801, 40, 0x0000000000000000 | 2.90 3.56 4.09 | cpu  71858968 12974 19342529 1434749093 235095 0 677921 0 0 0
1791612629 2392, 13801, 40, 0x0000000000000000 | 2.90 3.56 4.09 | cpu  71859035 12974 19342618 1434759717 235096 0 677921 0 0 0
1791612630 2400, 13801, 39, 0x0000000000000000 | 2.90 3.56 4.09 | cpu  71859107 12974 19342822 1434770123 235097 0 677921 0 0 0
1791612632 2400, 13801, 40, 0x0000000000000000 | 2.83 3.54 4.07 | cpu  71859244 12974 19342888 1434780562 235097 0 677921 0 0 0
1791612633 2400, 13801, 40, 0x0000000000000000 | 2.83 3.54 4.07 | cpu  71859393 12974 19343016 1434790974 235097 0 677921 0 0 0
1791612634 2400, 13801, 39, 0x0000000000000000 | 2.83 3.54 4.07 | cpu  71859590 12974 19343175 1434801306 235097 0 677922 0 0 0
1791612635 2400, 13801, 39, 0x0000000000000000 | 2.83 3.54 4.07 | cpu  71859715 12974 19343311 1434811728 235097 0 677922 0 0 0
1791612636 2400, 13801, 40, 0x0000000000000000 | 2.76 3.51 4.06 | cpu  71859843 12974 19343461 1434822146 235098 0 677922 0 0 0
1791612637 2400, 13801, 39, 0x0000000000000000 | 2.76 3.51 4.06 | cpu  71860589 12974 19343533 1434831972 235098 0 677922 0 0 0
1791612638 2400, 13801, 39, 0x0000000000000000 | 2.76 3.51 4.06 | cpu  71860749 12974 19343664 1434842361 235108 0 677922 0 0 0
1791612639 2400, 13801, 40, 0x0000000000000000 | 2.76 3.51 4.06 | cpu  71860992 12974 19343726 1434852741 235108 0 677922 0 0 0
1791612640 2392, 13801, 40, 0x0000000000000000 | 2.76 3.51 4.06 | cpu  71861242 12974 19343803 1434863084 235108 0 677922 0 0 0
1791612642 2400, 13801, 39, 0x0000000000000000 | 2.70 3.48 4.05 | cpu  71861410 12975 19343934 1434873473 235109 0 677922 0 0 0
1791612643 2400, 13801, 40, 0x0000000000000000 | 2.70 3.48 4.05 | cpu  71861687 12975 19344103 1434883679 235109 0 677923 0 0 0
1791612644 2400, 13801, 39, 0x0000000000000000 | 2.70 3.48 4.05 | cpu  71861924 12975 19344206 1434894047 235109 0 677923 0 0 0
1791612645 1770, 810, 39, 0x0000000000000000 | 2.70 3.48 4.05 | cpu  71862929 12975 19344342 1434904108 235110 0 677923 0 0 0
1791612646 382, 810, 39, 0x0000000000000000 | 2.73 3.48 4.05 | cpu  71863184 12975 19344425 1434915130 235111 0 677923 0 0 0
1791612647 232, 405, 38, 0x0000000000000000 | 2.73 3.48 4.05 | cpu  71863363 12975 19344584 1434925549 235111 0 677923 0 0 0
1791612648 180, 405, 38, 0x0000000000000000 | 2.73 3.48 4.05 | cpu  71863574 12975 19344687 1434935992 235112 0 677923 0 0 0
1791612649 180, 405, 38, 0x0000000000000000 | 2.73 3.48 4.05 | cpu  71863700 12975 19344724 1434946638 235113 0 677923 0 0 0
1791612651 180, 405, 38, 0x0000000000000000 | 2.73 3.48 4.05 | cpu  71863839 12975 19344787 1434957700 235113 0 677923 0 0 0
1791612652 180, 405, 38, 0x0000000000000000 | 2.59 3.43 4.03 | cpu  71863954 12975 19344811 1434968350 235113 0 677923 0 0 0
1791612653 180, 405, 38, 0x0000000000000000 | 2.59 3.43 4.03 | cpu  71864064 12975 19344833 1434979003 235114 0 677923 0 0 0
1791612654 172, 405, 38, 0x0000000000000000 | 2.59 3.43 4.03 | cpu  71864201 12975 19344932 1434989654 235114 0 677923 0 0 0
1791612655 180, 405, 38, 0x0000000000000000 | 2.59 3.43 4.03 | cpu  71864323 12975 19345123 1435000187 235115 0 677924 0 0 0
1791612656 180, 405, 38, 0x0000000000000000 | 2.54 3.41 4.02 | cpu  71864442 12975 19345260 1435010719 235115 0 677924 0 0 0
1791612657 180, 405, 38, 0x0000000000000000 | 2.54 3.41 4.02 | cpu  71864453 12975 19345508 1435021189 235115 0 677924 0 0 0
