1791609967 180, 405, 40, 0x0000000000000000 | 4.16 4.88 5.33 | cpu  71051216 9720 19026423 1410392402 233844 0 664250 0 0 0
1791609968 180, 405, 40, 0x0000000000000000 | 4.16 4.88 5.33 | cpu  71051908 9720 19026500 1410402449 233850 0 664251 0 0 0
1791609969 180, 405, 40, 0x0000000000000000 | 4.16 4.88 5.33 | cpu  71053248 9720 19026621 1410411575 233854 0 664251 0 0 0
1791609970 180, 405, 40, 0x0000000000000000 | 4.16 4.88 5.33 | cpu  71055341 9720 19026882 1410420075 233860 0 664252 0 0 0
1791609971 180, 405, 40, 0x0000000000000000 | 5.67 5.18 5.43 | cpu  71057615 9720 19027029 1410428666 233861 0 664252 0 0 0
1791609972 180, 405, 40, 0x0000000000000000 | 5.67 5.18 5.43 | cpu  71059583 9720 19027235 1410437422 233861 0 664253 0 0 0
1791609973 180, 405, 40, 0x0000000000000000 | 5.67 5.18 5.43 | cpu  71061574 9720 19027454 1410445952 233864 0 664253 0 0 0
1791609975 180, 405, 40, 0x0000000000000000 | 5.67 5.18 5.43 | cpu  71064433 9720 19027636 1410453674 233869 0 664254 0 0 0
1791609976 2422, 13801, 41, 0x0000000000000000 | 5.54 5.16 5.42 | cpu  71065078 9720 19027877 1410463470 233872 0 664254 0 0 0
1791609977 2527, 13801, 42, 0x0000000000000000 | 5.54 5.16 5.42 | cpu  71065567 9720 19027993 1410473423 233875 0 664255 0 0 0
1791609978 2482, 13801, 42, 0x0000000000000000 | 5.54 5.16 5.42 | cpu  71065854 9720 19028175 1410483571 233875 0 664257 0 0 0
1791609979 2482, 13801, 43, 0x0000000000000000 | 5.54 5.16 5.42 | cpu  71066154 9720 19028275 1410493773 233876 0 664258 0 0 0
1791609980 2482, 13801, 42, 0x0000000000000000 | 5.54 5.16 5.42 | cpu  71066516 9720 19028342 1410503945 233877 0 664258 0 0 0
1791609981 2482, 13801, 42, 0x0000000000000000 | 5.25 5.10 5.40 | cpu  71066816 9720 19028418 1410514190 233877 0 664258 0 0 0
1791609982 2467, 13801, 42, 0x0000000000000000 | 5.25 5.10 5.40 | cpu  71067173 9720 19028476 1410524385 233877 0 664258 0 0 0
1791609983 2482, 13801, 42, 0x0000000000000000 | 5.25 5.10 5.40 | cpu  71067486 9720 19028551 1410534614 233877 0 664258 0 0 0
1791609985 2482, 13801, 42, 0x0000000000000000 | 5.25 5.10 5.40 | cpu  71067846 9720 19028620 1410544808 233877 0 664259 0 0 0
1791609986 2482, 13801, 42, 0x0000000000000000 | 4.99 5.05 5.38 | cpu  71068656 9720 19028784 1410554412 233878 0 664259 0 0 0
1791609987 2482, 13801, 42, 0x0000000000000000 | 4.99 5.05 5.38 | cpu  71069255 9720 19029006 1410564273 233878 0 664259 0 0 0
1791609988 2482, 13801, 43, 0x0000000000000000 | 4.99 5.05 5.38 | cpu  71069707 9720 19029172 1410574254 233878 0 664259 0 0 0
1791609989 2482, 13801, 42, 0x0000000000000000 | 4.99 5.05 5.38 | cpu  71070103 9720 19029380 1410584310 233878 0 664259 0 0 0
1791609990 2482, 13801, 42, 0x0000000000000000 | 4.99 5.05 5.38 | cpu  71070554 9720 19029544 1410594299 233878 0 664260 0 0 0
1791609991 2490, 13801, 42, 0x0000000000000000 | 4.75 5.00 5.36 | cpu  71070974 9720 19029648 1410604431 233878 0 664260 0 0 0
1791609992 2400, 13801, 42, 0x0000000000000000 | 4.75 5.00 5.36 | cpu  71071281 9720 19029817 1410614606 233879 0 664260 0 0 0
1791609993 2490, 13801, 42, 0x0000000000000000 | 4.75 5.00 5.36 | cpu  71072131 9720 19029957 1410624167 233879 0 664260 0 0 0
1791609995 2400, 13801, 42, 0x0000000000000000 | 4.75 5.00 5.36 | cpu  71072252 9720 19030080 1410634573 233879 0 664260 0 0 0
1791609996 2400, 13801, 41, 0x0000000000000000 | 4.53 4.95 5.35 | cpu  71072278 9720 19030235 1410645021 233879 0 664260 0 0 0
1791609997 2400, 13801, 42, 0x0000000000000000 | 4.53 4.95 5.35 | cpu  71072378 9720 19030337 1410655463 233879 0 664260 0 0 0
1791609998 2422, 13801, 42, 0x0000000000000000 | 4.53 4.95 5.35 | cpu  71072464 9720 19030427 1410665915 233880 0 664260 0 0 0
1791609999 2422, 13801, 42, 0x0000000000000000 | 4.53 4.95 5.35 | cpu  71072573 9720 19030569 1410676385 233880 0 664260 0 0 0
1791610000 2415, 13801, 42, 0x0000000000000000 | 4.53 4.95 5.35 | cpu  71072661 9720 19030697 1410686798 233880 0 664260 0 0 0
1791610001 2422, 13801, 42, 0x0000000000000000 | 4.25 4.89 5.32 | cpu  71072726 9720 19030758 1410697329 233880 0 664260 0 0 0
1791610002 2415, 13801, 42, 0x0000000000000000 | 4.25 4.89 5.32 | cpu  71072817 9720 19030854 1410707742 233880 0 664261 0 0 0
1791610003 2422, 13801, 42, 0x0000000000000000 | 4.25 4.89 5.32 | cpu  71072930 9720 19030950 1410718108 233881 0 664261 0 0 0
1791610005 2400, 13801, 42, 0x0000000000000000 | 4.25 4.89 5.32 | cpu  71073049 9720 19031016 1410728462 233882 0 664261 0 0 0
1791610006 2400, 13801, 42, 0x0000000000000000 | 3.99 4.82 5.30 | cpu  71073202 9720 19031123 1410738752 233883 0 664262 0 0 0
1791610007 2422, 13801, 42, 0x0000000000000000 | 3.99 4.82 5.30 | cpu  71074548 9720 19031242 1410748174 233883 0 664262 0 0 0
1791610008 2400, 13801, 41, 0x0000000000000000 | 3.99 4.82 5.30 | cpu  71077134 9720 19031304 1410756630 233884 0 664262 0 0 0
1791610009 2400, 13801, 41, 0x0000000000000000 | 3.99 4.82 5.30 | cpu  71079734 9720 19031392 1410764786 233884 0 664262 0 0 0
1791610010 2400, 13801, 41, 0x0000000000000000 | 3.99 4.82 5.30 | cpu  71080795 9720 19031542 1410774195 233884 0 664262 0 0 0
1791610011 2400, 13801, 41, 0x0000000000000000 | 3.83 4.77 5.28 | cpu  71080893 9720 19031846 1410784589 233884 0 664263 0 0 0
1791610012 2400, 13801, 42, 0x0000000000000000 | 3.83 4.77 5.28 | cpu  71080971 9720 19032095 1410794861 233884 0 664263 0 0 0
1791610013 2400, 13801, 41, 0x0000000000000000 | 3.83 4.77 5.28 | cpu  71081723 9720 19032409 1410804457 233885 0 664263 0 0 0
1791610015 2400, 13801, 41, 0x0000000000000000 | 3.83 4.77 5.28 | cpu  71081819 9721 19032673 1410814766 233885 0 664263 0 0 0
1791610016 2400, 13801, 41, 0x0000000000000000 | 3.92 4.78 5.28 | cpu  71082015 9721 19032908 1410824970 233885 0 664264 0 0 0
1791610017 2400, 13801, 41, 0x0000000000000000 | 3.92 4.78 5.28 | cpu  71082194 9721 19033054 1410835310 233885 0 664264 0 0 0
1791610018 2400, 13801, 41, 0x0000000000000000 | 3.92 4.78 5.28 | cpu  71082285 9721 19033215 1410845721 233885 0 664264 0 0 0
1791610019 2400, 13801, 41, 0x0000000000000000 | 3.92 4.78 5.28 | cpu  71082483 9721 19033376 1410855997 233886 0 664264 0 0 0
1791610020 2400, 13801, 41, 0x0000000000000000 | 3.92 4.78 5.28 | cpu  71083289 9721 19033521 1410865638 233886 0 664264 0 0 0
1791610021 2400, 13801, 41, 0x0000000000000000 | 3.69 4.71 5.25 | cpu  71083598 9721 19033645 1410875861 233886 0 664264 0 0 0
1791610022 2400, 13801, 41, 0x0000000000000000 | 3.69 4.71 5.25 | cpu  71083746 9721 19033878 1410886115 233886 0 664265 0 0 0
1791610023 2400, 13801, 42, 0x0000000000000000 | 3.69 4.71 5.25 | cpu  71083826 9721 19034059 1410896523 233886 0 664265 0 0 0
1791610025 2400, 13801, 41, 0x0000000000000000 | 3.69 4.71 5.25 | cpu  71083886 9721 19034173 1410906950 233887 0 664265 0 0 0
1791610026 2400, 13801, 41, 0x0000000000000000 | 3.55 4.67 5.24 | cpu  71083939 9721 19034268 1410917444 233887 0 664265 0 0 0
1791610027 2400, 13801, 41, 0x0000000000000000 | 3.55 4.67 5.24 | cpu  71083983 9721 19034363 1410927964 233887 0 664265 0 0 0
1791610028 2400, 13801, 41, 0x0000000000000000 | 3.55 4.67 5.24 | cpu  71084058 9721 19034492 1410938385 233888 0 664265 0 0 0
1791610029 2400, 13801, 41, 0x0000000000000000 | 3.55 4.67 5.24 | cpu  71084173 9721 19034596 1410948801 233888 0 664265 0 0 0
1791610030 2400, 13801, 41, 0x0000000000000000 | 3.55 4.67 5.24 | cpu  71084221 9721 19034677 1410959347 233888 0 664265 0 0 0
1791610031 2400, 13801, 41, 0x0000000000000000 | 3.35 4.61 5.21 | cpu  71084273 9721 19034768 1410969848 233889 0 664265 0 0 0
1791610032 2400, 13801, 41, 0x0000000000000000 | 3.35 4.61 5.21 | cpu  71084317 9721 19034854 1410980379 233889 0 664265 0 0 0
1791610033 2400, 13801, 41, 0x0000000000000000 | 3.35 4.61 5.21 | cpu  71084375 9722 19034938 1410990889 233889 0 664265 0 0 0
1791610035 2400, 13801, 41, 0x0000000000000000 | 3.35 4.61 5.21 | cpu  71084431 9722 19035064 1411001301 233889 0 664265 0 0 0
1791610036 2400, 13801, 41, 0x0000000000000000 | 3.24 4.56 5.20 | cpu  71084517 9722 19035231 1411011721 233889 0 664265 0 0 0
1791610037 2400, 13801, 41, 0x0000000000000000 | 3.24 4.56 5.20 | cpu  71084572 9722 19035338 1411022221 233889 0 664265 0 0 0
1791610038 2400, 13801, 41, 0x0000000000000000 | 3.24 4.56 5.20 | cpu  71084635 9722 19035495 1411032648 233889 0 664265 0 0 0
1791610039 2400, 13801, 41, 0x0000000000000000 | 3.24 4.56 5.20 | cpu  71084693 9722 19035608 1411043131 233890 0 664266 0 0 0
1791610040 2400, 13801, 41, 0x0000000000000000 | 3.24 4.56 5.20 | cpu  71084740 9722 19035689 1411053639 233890 0 664266 0 0 0
1791610041 2400, 13801, 41, 0x0000000000000000 | 3.06 4.50 5.17 | cpu  71084785 9722 19035773 1411064176 233890 0 664266 0 0 0
1791610042 2400, 13801, 41, 0x0000000000000000 | 3.06 4.50 5.17 | cpu  71084831 9722 19035852 1411074700 233890 0 664266 0 0 0
1791610043 2400, 13801, 41, 0x0000000000000000 | 3.06 4.50 5.17 | cpu  71084902 9722 19035911 1411085235 233891 0 664266 0 0 0
1791610045 2400, 13801, 42, 0x0000000000000000 | 3.06 4.50 5.17 | cpu  71084970 9722 19036018 1411095716 233891 0 664266 0 0 0
1791610046 2400, 13801, 41, 0x0000000000000000 | 2.90 4.45 5.15 | cpu  71085072 9722 19036141 1411106116 233891 0 664266 0 0 0
1791610047 2400, 13801, 41, 0x0000000000000000 | 2.90 4.45 5.15 | cpu  71085787 9722 19036334 1411115770 233891 0 664266 0 0 0
1791610048 2400, 13801, 41, 0x0000000000000000 | 2.90 4.45 5.15 | cpu  71085893 9722 19036607 1411126085 233891 0 664266 0 0 0
1791610049 2400, 13801, 41, 0x0000000000000000 | 2.90 4.45 5.15 | cpu  71086070 9722 19036857 1411136306 233891 0 664266 0 0 0
1791610050 2400, 13801, 41, 0x0000000000000000 | 2.90 4.45 5.15 | cpu  71086242 9722 19037111 1411146555 233892 0 664266 0 0 0
1791610051 2400, 13801, 41, 0x0000000000000000 | 2.90 4.42 5.14 | cpu  71086343 9722 19037382 1411156834 233892 0 664267 0 0 0
1791610052 2400, 13801, 41, 0x0000000000000000 | 2.90 4.42 5.14 | cpu  71086512 9722 19037516 1411167163 233893 0 664267 0 0 0
1791610053 2400, 13801, 41, 0x0000000000000000 | 2.90 4.42 5.14 | cpu  71087318 9722 19037709 1411176730 233893 0 664268 0 0 0
1791610055 2400, 13801, 41, 0x0000000000000000 | 2.90 4.42 5.14 | cpu  71087487 9722 19037823 1411187072 233893 0 664268 0 0 0
1791610056 2400, 13801, 41, 0x0000000000000000 | 2.75 4.36 5.12 | cpu  71087606 9722 19037910 1411197521 233893 0 664268 0 0 0
1791610057 2400, 13801, 41, 0x0000000000000000 | 2.75 4.36 5.12 | cpu  71087667 9722 19038019 1411207972 233894 0 664268 0 0 0
1791610058 2400, 13801, 41, 0x0000000000000000 | 2.75 4.36 5.12 | cpu  71087738 9722 19038149 1411218469 233894 0 664268 0 0 0
1791610059 2400, 13801, 41, 0x0000000000000000 | 2.75 4.36 5.12 | cpu  71087883 9722 19038338 1411228802 233894 0 664270 0 0 0
1791610060 2400, 13801, 41, 0x0000000000000000 | 2.75 4.36 5.12 | cpu  71087936 9722 19038472 1411239250 233894 0 664272 0 0 0
1791610061 2400, 13801, 41, 0x0000000000000000 | 2.61 4.31 5.09 | cpu  71087987 9722 19038547 1411249770 233894 0 664272 0 0 0
1791610062 2400, 13801, 41, 0x0000000000000000 | 2.61 4.31 5.09 | cpu  71088067 9722 19038651 1411260156 233894 0 664273 0 0 0
1791610063 2400, 13801, 41, 0x0000000000000000 | 2.61 4.31 5.09 | cpu  71088136 9722 19038767 1411270625 233895 0 664273 0 0 0
1791610065 2400, 13801, 41, 0x0000000000000000 | 2.61 4.31 5.09 | cpu  71088193 9722 19038903 1411281151 233895 0 664275 0 0 0
1791610066 2400, 13801, 41, 0x0000000000000000 | 2.56 4.27 5.08 | cpu  71088282 9722 19039083 1411291303 233895 0 664275 0 0 0
1791610067 2400, 13801, 41, 0x0000000000000000 | 2.56 4.27 5.08 | cpu  71088362 9722 19039214 1411301736 233896 0 664275 0 0 0
1791610068 2400, 13801, 41, 0x0000000000000000 | 2.56 4.27 5.08 | cpu  71088416 9722 19039305 1411312235 233896 0 664275 0 0 0
1791610069 2400, 13801, 41, 0x0000000000000000 | 2.56 4.27 5.08 | cpu  71088468 9722 19039404 1411322734 233896 0 664275 0 0 0
1791610070 2400, 13801, 41, 0x0000000000000000 | 2.56 4.27 5.08 | cpu  71088521 9723 19039505 1411333255 233896 0 664275 0 0 0
1791610071 2400, 13801, 41, 0x0000000000000000 | 2.52 4.23 5.06 | cpu  71088605 9723 19039692 1411343795 233896 0 664275 0 0 0
1791610072 2400, 13801, 41, 0x0000000000000000 | 2.52 4.23 5.06 | cpu  71088663 9723 19039836 1411354336 233897 0 664276 0 0 0
1791610073 2400, 13801, 41, 0x0000000000000000 | 2.52 4.23 5.06 | cpu  71088708 9723 19039916 1411364856 233897 0 664276 0 0 0
1791610075 2400, 13801, 41, 0x0000000000000000 | 2.52 4.23 5.06 | cpu  71088770 9723 19040037 1411375347 233897 0 664276 0 0 0
1791610076 2400, 13801, 41, 0x0000000000000000 | 2.39 4.18 5.04 | cpu  71088822 9723 19040116 1411385870 233897 0 664276 0 0 0
1791610077 2400, 13801, 41, 0x0000000000000000 | 2.39 4.18 5.04 | cpu  71088873 9723 19040216 1411396375 233897 0 664276 0 0 0
1791610078 2400, 13801, 41, 0x0000000000000000 | 2.39 4.18 5.04 | cpu  71088963 9723 19040266 1411406862 233903 0 664276 0 0 0
1791610079 2407, 13801, 41, 0x0000000000000000 | 2.39 4.18 5.04 | cpu  71089066 9723 19040334 1411417315 233911 0 664277 0 0 0
1791610080 2407, 13801, 41, 0x0000000000000000 | 2.39 4.18 5.04 | cpu  71089473 9723 19040449 1411427362 233911 0 664277 0 0 0
1791610081 2407, 13801, 41, 0x0000000000000000 | 2.36 4.14 5.02 | cpu  71089996 9723 19040508 1411437440 233912 0 664277 0 0 0
1791610082 2400, 13801, 41, 0x0000000000000000 | 2.36 4.14 5.02 | cpu  71090237 9723 19040599 1411447740 233912 0 664277 0 0 0
1791610083 2400, 13801, 41, 0x0000000000000000 | 2.36 4.14 5.02 | cpu  71090416 9723 19040776 1411458034 233913 0 664277 0 0 0
1791610085 2542, 13801, 42, 0x0000000000000000 | 2.36 4.14 5.02 | cpu  71090662 9723 19040996 1411468128 233913 0 664278 0 0 0
1791610086 2400, 13801, 41, 0x0000000000000000 | 2.49 4.14 5.02 | cpu  71090905 9723 19041296 1411478208 233913 0 664278 0 0 0
1791610087 2400, 13801, 41, 0x0000000000000000 | 2.49 4.14 5.02 | cpu  71091060 9723 19041517 1411488476 233913 0 664278 0 0 0
1791610088 2400, 13801, 42, 0x0000000000000000 | 2.49 4.14 5.02 | cpu  71091422 9723 19041577 1411498669 233914 0 664278 0 0 0
1791610089 2400, 13801, 41, 0x0000000000000000 | 2.49 4.14 5.02 | cpu  71091597 9723 19041599 1411509010 233915 0 664278 0 0 0
1791610090 2400, 13801, 41, 0x0000000000000000 | 2.49 4.14 5.02 | cpu  71091720 9723 19041633 1411519511 233915 0 664278 0 0 0
1791610091 2580, 13801, 43, 0x0000000000000000 | 2.37 4.09 4.99 | cpu  71091846 9723 19041682 1411530014 233915 0 664278 0 0 0
1791610092 2407, 13801, 42, 0x0000000000000000 | 2.37 4.09 4.99 | cpu  71091957 9723 19041701 1411540540 233916 0 664278 0 0 0
1791610093 2887, 13801, 45, 0x0000000000000000 | 2.37 4.09 4.99 | cpu  71092094 9723 19041753 1411551041 233916 0 664278 0 0 0
1791610094 2880, 13801, 46, 0x0000000000000000 | 2.37 4.09 4.99 | cpu  71092214 9723 19041785 1411561615 233916 0 664278 0 0 0
1791610096 2872, 13801, 46, 0x0000000000000000 | 6.11 4.83 5.23 | cpu  71092935 9723 19041914 1411571446 233917 0 664278 0 0 0
1791610097 2887, 13801, 46, 0x0000000000000000 | 6.11 4.83 5.23 | cpu  71093254 9723 19042034 1411581613 233917 0 664279 0 0 0
1791610098 2880, 13801, 47, 0x0000000000000000 | 6.11 4.83 5.23 | cpu  71093505 9723 19042122 1411591966 233917 0 664279 0 0 0
1791610099 2880, 13801, 47, 0x0000000000000000 | 6.11 4.83 5.23 | cpu  71093678 9723 19042204 1411602386 233917 0 664279 0 0 0
1791610100 2887, 13801, 46, 0x0000000000000000 | 6.11 4.83 5.23 | cpu  71093911 9723 19042296 1411612740 233917 0 664279 0 0 0
1791610101 2872, 13801, 47, 0x0000000000000000 | 5.78 4.79 5.21 | cpu  71094163 9723 19042407 1411623064 233920 0 664279 0 0 0
1791610102 2400, 13801, 43, 0x0000000000000000 | 5.78 4.79 5.21 | cpu  71094340 9724 19042508 1411633452 233920 0 664279 0 0 0
1791610103 2400, 13801, 42, 0x0000000000000000 | 5.78 4.79 5.21 | cpu  71095260 9724 19042618 1411643076 233920 0 664280 0 0 0
1791610104 2437, 13801, 42, 0x0000000000000000 | 5.78 4.79 5.21 | cpu  71095447 9724 19042677 1411653481 233921 0 664280 0 0 0
1791610106 2400, 13801, 42, 0x0000000000000000 | 5.40 4.72 5.19 | cpu  71095575 9724 19042737 1411663911 233922 0 664280 0 0 0
1791610107 2400, 13801, 42, 0x0000000000000000 | 5.40 4.72 5.19 | cpu  71095750 9724 19042818 1411674364 233922 0 664280 0 0 0
1791610108 2857, 13801, 49, 0x0000000000000000 | 5.40 4.72 5.19 | cpu  71095894 9724 19042935 1411684839 233922 0 664280 0 0 0
1791610109 2887, 13801, 47, 0x0000000000000000 | 5.40 4.72 5.19 | cpu  71096015 9724 19042998 1411695339 233922 0 664280 0 0 0
1791610110 2910, 13801, 43, 0x0000000000000000 | 5.40 4.72 5.19 | cpu  71096129 9724 19043032 1411705838 233922 0 664280 0 0 0
1791610111 2400, 13801, 42, 0x0000000000000000 | 5.04 4.66 5.17 | cpu  71096241 9724 19043061 1411716351 233922 0 664280 0 0 0
1791610112 2400, 13801, 42, 0x0000000000000000 | 5.04 4.66 5.17 | cpu  71096362 9724 19043101 1411726864 233922 0 664280 0 0 0
1791610113 2400, 13801, 42, 0x0000000000000000 | 5.04 4.66 5.17 | cpu  71096483 9724 19043153 1411737357 233923 0 664280 0 0 0
1791610115 2895, 13801, 46, 0x0000000000000000 | 5.04 4.66 5.17 | cpu  71096593 9724 19043184 1411747847 233923 0 664280 0 0 0
1791610116 2925, 13801, 43, 0x0000000000000000 | 4.72 4.60 5.15 | cpu  71096717 9724 19043236 1411758330 233923 0 664280 0 0 0
1791610117 2400, 13801, 42, 0x0000000000000000 | 4.72 4.60 5.15 | cpu  71096836 9724 19043279 1411768874 233923 0 664280 0 0 0
1791610118 2880, 13801, 47, 0x0000000000000000 | 4.72 4.60 5.15 | cpu  71096953 9724 19043309 1411779460 233924 0 664280 0 0 0
1791610119 2880, 13801, 50, 0x0000000000000000 | 4.72 4.60 5.15 | cpu  71097087 9724 19043401 1411789896 233924 0 664280 0 0 0
1791610120 2895, 13801, 46, 0x0000000000000000 | 4.72 4.60 5.15 | cpu  71097218 9724 19043618 1411800365 233925 0 664280 0 0 0
1791610121 2880, 13801, 50, 0x0000000000000000 | 4.66 4.59 5.14 | cpu  71097336 9724 19043785 1411810774 233925 0 664280 0 0 0
1791610122 2887, 13801, 48, 0x0000000000000000 | 4.66 4.59 5.14 | cpu  71097475 9724 19043942 1411821160 233926 0 664280 0 0 0
1791610123 2880, 13801, 48, 0x0000000000000000 | 4.66 4.59 5.14 | cpu  71097596 9724 19043979 1411831725 233926 0 664280 0 0 0
1791610125 2887, 13801, 46, 0x0000000000000000 | 4.66 4.59 5.14 | cpu  71097743 9724 19044098 1411842124 233927 0 664280 0 0 0
1791610126 2880, 13801, 47, 0x0000000000000000 | 4.61 4.58 5.13 | cpu  71097924 9725 19044253 1411852324 233927 0 664281 0 0 0
1791610127 2872, 13801, 48, 0x0000000000000000 | 4.61 4.58 5.13 | cpu  71098763 9725 19044322 1411862092 233927 0 664281 0 0 0
1791610128 2887, 13801, 46, 0x0000000000000000 | 4.61 4.58 5.13 | cpu  71098927 9725 19044436 1411872496 233928 0 664281 0 0 0
1791610129 2880, 13801, 48, 0x0000000000000000 | 4.61 4.58 5.13 | cpu  71099187 9725 19044550 1411882819 233928 0 664282 0 0 0
1791610130 2880, 13801, 49, 0x0000000000000000 | 4.61 4.58 5.13 | cpu  71099445 9725 19044648 1411893168 233928 0 664282 0 0 0
1791610131 2895, 13801, 46, 0x0000000000000000 | 4.48 4.55 5.12 | cpu  71099631 9725 19044826 1411903518 233928 0 664282 0 0 0
1791610132 2887, 13801, 46, 0x0000000000000000 | 4.48 4.55 5.12 | cpu  71099887 9725 19044975 1411913830 233928 0 664282 0 0 0
1791610133 2880, 13801, 49, 0x0000000000000000 | 4.48 4.55 5.12 | cpu  71100204 9725 19045084 1411924015 233928 0 664282 0 0 0
1791610135 2887, 13801, 51, 0x0000000000000000 | 4.48 4.55 5.12 | cpu  71100983 9725 19045168 1411933786 233928 0 664282 0 0 0
1791610136 2910, 13801, 44, 0x0000000000000000 | 4.28 4.51 5.10 | cpu  71101174 9725 19045232 1411944133 233928 0 664282 0 0 0
1791610137 2730, 13801, 43, 0x0000000000000000 | 4.28 4.51 5.10 | cpu  71101306 9725 19045271 1411954633 233929 0 664282 0 0 0
1791610138 2400, 13801, 42, 0x0000000000000000 | 4.28 4.51 5.10 | cpu  71101425 9725 19045294 1411965139 233929 0 664282 0 0 0
1791610139 2400, 13801, 42, 0x0000000000000000 | 4.28 4.51 5.10 | cpu  71101532 9725 19045330 1411975637 233929 0 664283 0 0 0
1791610140 2400, 13801, 42, 0x0000000000000000 | 4.28 4.51 5.10 | cpu  71101647 9726 19045347 1411986175 233929 0 664283 0 0 0
1791610141 2400, 13801, 42, 0x0000000000000000 | 4.02 4.45 5.08 | cpu  71101766 9726 19045361 1411996679 233929 0 664283 0 0 0
1791610142 2400, 13801, 42, 0x0000000000000000 | 4.02 4.45 5.08 | cpu  71101881 9726 19045375 1412007203 233930 0 664283 0 0 0
1791610143 2400, 13801, 42, 0x0000000000000000 | 4.02 4.45 5.08 | cpu  71102023 9726 19045485 1412017601 233931 0 664283 0 0 0
1791610145 2400, 13801, 42, 0x0000000000000000 | 4.02 4.45 5.08 | cpu  71102117 9726 19045593 1412028031 233931 0 664283 0 0 0
1791610146 2400, 13801, 42, 0x0000000000000000 | 3.78 4.39 5.06 | cpu  71102212 9726 19045652 1412038517 233931 0 664284 0 0 0
1791610147 2400, 13801, 42, 0x0000000000000000 | 3.78 4.39 5.06 | cpu  71102322 9726 19045714 1412048985 233931 0 664284 0 0 0
1791610148 2400, 13801, 42, 0x0000000000000000 | 3.78 4.39 5.06 | cpu  71102486 9726 19045785 1412059388 233933 0 664284 0 0 0
1791610149 2400, 13801, 42, 0x0000000000000000 | 3.78 4.39 5.06 | cpu  71102646 9726 19045836 1412069838 233934 0 664284 0 0 0
1791610150 2400, 13801, 42, 0x0000000000000000 | 3.78 4.39 5.06 | cpu  71102767 9726 19045880 1412080340 233934 0 664285 0 0 0
1791610151 2400, 13801, 42, 0x0000000000000000 | 3.55 4.34 5.04 | cpu  71102882 9726 19045910 1412090846 233934 0 664285 0 0 0
1791610152 2400, 13801, 42, 0x0000000000000000 | 3.55 4.34 5.04 | cpu  71102997 9726 19045936 1412101344 233934 0 664285 0 0 0
1791610153 375, 810, 41, 0x0000000000000000 | 3.55 4.34 5.04 | cpu  71103116 9726 19046081 1412112126 233935 0 664285 0 0 0
1791610155 375, 810, 41, 0x0000000000000000 | 3.55 4.34 5.04 | cpu  71103238 9726 19046183 1412123189 233935 0 664285 0 0 0
1791610156 232, 405, 40, 0x0000000000000000 | 3.51 4.31 5.03 | cpu  71103415 9726 19046427 1412133539 233935 0 664286 0 0 0
1791610157 180, 405, 40, 0x0000000000000000 | 3.51 4.31 5.03 | cpu  71104341 9726 19046632 1412143148 233936 0 664286 0 0 0
1791610158 180, 405, 40, 0x0000000000000000 | 3.51 4.31 5.03 | cpu  71104502 9726 19046868 1412153457 233936 0 664286 0 0 0
1791610159 180, 405, 40, 0x0000000000000000 | 3.51 4.31 5.03 | cpu  71104751 9726 19047052 1412163776 233936 0 664286 0 0 0
1791610160 180, 405, 40, 0x0000000000000000 | 3.47 4.29 5.02 | cpu  71104989 9726 19047153 1412174191 233936 0 664286 0 0 0
1791610161 180, 405, 40, 0x0000000000000000 | 3.47 4.29 5.02 | cpu  71105154 9726 19047265 1412184677 233937 0 664287 0 0 0
1791610162 180, 405, 40, 0x0000000000000000 | 3.47 4.29 5.02 | cpu  71105400 9726 19047372 1412195090 233937 0 664287 0 0 0
1791610164 180, 405, 40, 0x0000000000000000 | 3.47 4.29 5.02 | cpu  71105648 9726 19047487 1412205531 233937 0 664287 0 0 0
1791610165 180, 405, 40, 0x0000000000000000 | 3.47 4.29 5.02 | cpu  71106475 9726 19047568 1412215349 233937 0 664287 0 0 0
1791610166 180, 405, 40, 0x0000000000000000 | 3.35 4.25 5.00 | cpu  71106689 9726 19047645 1412225832 233937 0 664287 0 0 0
1791610167 180, 405, 40, 0x0000000000000000 | 3.35 4.25 5.00 | cpu  71106827 9726 19047722 1412236376 233937 0 664287 0 0 0
1791610168 180, 405, 40, 0x0000000000000000 | 3.35 4.25 5.00 | cpu  71107025 9726 19047848 1412246807 233937 0 664288 0 0 0
1791610169 180, 405, 40, 0x0000000000000000 | 3.35 4.25 5.00 | cpu  71107150 9726 19047900 1412257387 233938 0 664288 0 0 0
1791610170 180, 405, 40, 0x0000000000000000 | 3.24 4.22 4.98 | cpu  71107275 9726 19047951 1412267966 233938 0 664288 0 0 0
1791610171 180, 405, 40, 0x0000000000000000 | 3.24 4.22 4.98 | cpu  71107388 9726 19047987 1412278473 233938 0 664288 0 0 0
1791610173 180, 405, 40, 0x0000000000000000 | 3.24 4.22 4.98 | cpu  71107498 9726 19048019 1412289060 233938 0 664288 0 0 0
1791610174 180, 405, 40, 0x0000000000000000 | 3.24 4.22 4.98 | cpu  71107611 9726 19048038 1412299666 233938 0 664288 0 0 0
1791610175 180, 405, 40, 0x0000000000000000 | 3.24 4.22 4.98 | cpu  71107728 9726 19048056 1412310276 233938 0 664288 0 0 0
1791610176 180, 405, 40, 0x0000000000000000 | 3.06 4.16 4.96 | cpu  71107839 9726 19048086 1412320889 233938 0 664288 0 0 0
1791610177 180, 405, 40, 0x0000000000000000 | 3.06 4.16 4.96 | cpu  71107986 9726 19048145 1412331333 233939 0 664289 0 0 0
1791610178 180, 405, 40, 0x0000000000000000 | 3.06 4.16 4.96 | cpu  71108102 9726 19048187 1412341916 233939 0 664289 0 0 0
1791610179 180, 405, 40, 0x0000000000000000 | 3.06 4.16 4.96 | cpu  71108243 9726 19048287 1412352293 233940 0 664289 0 0 0
1791610180 180, 405, 40, 0x0000000000000000 | 2.98 4.13 4.94 | cpu  71108373 9726 19048374 1412362731 233940 0 664289 0 0 0
1791610181 180, 405, 40, 0x0000000000000000 | 2.98 4.13 4.94 | cpu  71108505 9726 19048407 1412373332 233940 0 664289 0 0 0
1791610183 180, 405, 40, 0x0000000000000000 | 2.98 4.13 4.94 | cpu  71108692 9726 19048583 1412383676 233941 0 664290 0 0 0
1791610184 180, 405, 40, 0x0000000000000000 | 2.98 4.13 4.94 | cpu  71108805 9726 19048636 1412394216 233941 0 664290 0 0 0
1791610185 180, 405, 40, 0x0000000000000000 | 2.98 4.13 4.94 | cpu  71108931 9726 19048755 1412404596 233941 0 664290 0 0 0
1791610186 180, 405, 40, 0x0000000000000000 | 2.98 4.11 4.93 | cpu  71109086 9727 19048882 1412415058 233941 0 664290 0 0 0
1791610187 180, 405, 40, 0x0000000000000000 | 2.98 4.11 4.93 | cpu  71109220 9727 19048945 1412425618 233942 0 664290 0 0 0
1791610188 180, 405, 40, 0x0000000000000000 | 2.98 4.11 4.93 | cpu  71109463 9727 19049216 1412435838 233943 0 664290 0 0 0
1791610189 180, 405, 40, 0x0000000000000000 | 2.98 4.11 4.93 | cpu  71110189 9727 19049270 1412445824 233943 0 664290 0 0 0
1791610190 180, 405, 40, 0x0000000000000000 | 3.06 4.11 4.93 | cpu  71110378 9727 19049383 1412456292 233943 0 664290 0 0 0
1791610192 180, 405, 40, 0x0000000000000000 | 3.06 4.11 4.93 | cpu  71110642 9727 19049610 1412466506 233943 0 664291 0 0 0
1791610193 180, 405, 40, 0x0000000000000000 | 3.06 4.11 4.93 | cpu  71110889 9728 19049885 1412476785 233944 0 664291 0 0 0
1791610194 180, 405, 40, 0x0000000000000000 | 3.06 4.11 4.93 | cpu  71111068 9728 19050120 1412487108 233944 0 664291 0 0 0
1791610195 180, 405, 40, 0x0000000000000000 | 3.06 4.11 4.93 | cpu  71111301 9728 19050340 1412497416 233944 0 664291 0 0 0
1791610196 180, 405, 40, 0x0000000000000000 | 3.14 4.10 4.92 | cpu  71112188 9728 19050567 1412506945 233944 0 664291 0 0 0
1791610197 180, 405, 40, 0x0000000000000000 | 3.14 4.10 4.92 | cpu  71112427 9728 19050624 1412517461 233944 0 664291 0 0 0
1791610198 180, 405, 40, 0x0000000000000000 | 3.14 4.10 4.92 | cpu  71112599 9728 19050722 1412527918 233948 0 664292 0 0 0
1791610199 180, 405, 40, 0x0000000000000000 | 3.14 4.10 4.92 | cpu  71112782 9728 19050805 1412538364 233948 0 664292 0 0 0
1791610201 180, 405, 40, 0x0000000000000000 | 2.96 4.05 4.90 | cpu  71112914 9728 19050832 1412549027 233949 0 664292 0 0 0
1791610202 180, 405, 40, 0x0000000000000000 | 2.96 4.05 4.90 | cpu  71113053 9728 19050903 1412559528 233949 0 664292 0 0 0
1791610203 180, 405, 40, 0x0000000000000000 | 2.96 4.05 4.90 | cpu  71113202 9728 19050966 1412570126 233949 0 664292 0 0 0
1791610204 180, 405, 40, 0x0000000000000000 | 2.96 4.05 4.90 | cpu  71113347 9728 19051079 1412580641 233949 0 664292 0 0 0
1791610205 180, 405, 40, 0x0000000000000000 | 2.96 4.05 4.90 | cpu  71113471 9728 19051166 1412591163 233949 0 664292 0 0 0
1791610206 180, 405, 40, 0x0000000000000000 | 2.89 4.02 4.89 | cpu  71113582 9728 19051204 1412601765 233949 0 664292 0 0 0
1791610207 180, 405, 40, 0x0000000000000000 | 2.89 4.02 4.89 | cpu  71113696 9728 19051252 1412612353 233949 0 664292 0 0 0
1791610208 180, 405, 40, 0x0000000000000000 | 2.89 4.02 4.89 | cpu  71113851 9728 19051323 1412622865 233951 0 664292 0 0 0
1791610209 180, 405, 40, 0x0000000000000000 | 2.89 4.02 4.89 | cpu  71114987 9728 19051374 1412632421 233951 0 664292 0 0 0
1791610211 180, 405, 40, 0x0000000000000000 | 2.82 3.98 4.87 | cpu  71115256 9728 19051483 1412642785 233951 0 664292 0 0 0
1791610212 180, 405, 40, 0x0000000000000000 | 2.82 3.98 4.87 | cpu  71115518 9728 19051588 1412653133 233951 0 664293 0 0 0
1791610213 180, 405, 40, 0x0000000000000000 | 2.82 3.98 4.87 | cpu  71115721 9728 19051734 1412663442 233952 0 664293 0 0 0
1791610214 180, 405, 40, 0x0000000000000000 | 2.82 3.98 4.87 | cpu  71115959 9728 19051826 1412673811 233952 0 664293 0 0 0
1791610215 180, 405, 40, 0x0000000000000000 | 2.82 3.98 4.87 | cpu  71116221 9728 19051962 1412684125 233952 0 664293 0 0 0
1791610216 180, 405, 40, 0x0000000000000000 | 2.83 3.97 4.86 | cpu  71116428 9728 19052124 1412694520 233952 0 664294 0 0 0
1791610217 180, 405, 40, 0x0000000000000000 | 2.83 3.97 4.86 | cpu  71116796 9728 19052212 1412704805 233953 0 664294 0 0 0
1791610218 180, 405, 40, 0x0000000000000000 | 2.83 3.97 4.86 | cpu  71116963 9728 19052281 1412715312 233953 0 664294 0 0 0
1791610220 180, 405, 40, 0x0000000000000000 | 2.83 3.97 4.86 | cpu  71117088 9728 19052318 1412725866 233953 0 664294 0 0 0
1791610221 180, 405, 40, 0x0000000000000000 | 2.76 3.94 4.84 | cpu  71117207 9728 19052433 1412736374 233953 0 664294 0 0 0
1791610222 180, 405, 40, 0x0000000000000000 | 2.76 3.94 4.84 | cpu  71117321 9728 19052559 1412746876 233953 0 664294 0 0 0
1791610223 172, 405, 40, 0x0000000000000000 | 2.76 3.94 4.84 | cpu  71117433 9728 19052595 1412757469 233953 0 664294 0 0 0
1791610224 180, 405, 40, 0x0000000000000000 | 2.76 3.94 4.84 | cpu  71117544 9728 19052636 1412768068 233953 0 664294 0 0 0
1791610225 180, 405, 40, 0x0000000000000000 | 2.76 3.94 4.84 | cpu  71117653 9728 19052676 1412778675 233953 0 664295 0 0 0
1791610226 180, 405, 40, 0x0000000000000000 | 2.62 3.89 4.82 | cpu  71117762 9728 19052707 1412789263 233953 0 664295 0 0 0
1791610227 180, 405, 40, 0x0000000000000000 | 2.62 3.89 4.82 | cpu  71117909 9729 19052785 1412799672 233954 0 664295 0 0 0
1791610229 180, 405, 40, 0x0000000000000000 | 2.62 3.89 4.82 | cpu  71118041 9729 19052934 1412810215 233954 0 664295 0 0 0
1791610230 180, 405, 40, 0x0000000000000000 | 2.62 3.89 4.82 | cpu  71118804 9729 19053121 1412819989 233954 0 664295 0 0 0
1791610231 180, 405, 40, 0x0000000000000000 | 2.65 3.87 4.81 | cpu  71119063 9729 19053319 1412830312 233954 0 664295 0 0 0
1791610232 180, 405, 40, 0x0000000000000000 | 2.65 3.87 4.81 | cpu  71119314 9729 19053506 1412840638 233954 0 664295 0 0 0
1791610233 180, 405, 40, 0x0000000000000000 | 2.65 3.87 4.81 | cpu  71119486 9729 19053662 1412851069 233955 0 664295 0 0 0
1791610234 180, 405, 40, 0x0000000000000000 | 2.65 3.87 4.81 | cpu  71119741 9729 19053771 1412861432 233955 0 664296 0 0 0
1791610235 180, 405, 40, 0x0000000000000000 | 2.65 3.87 4.81 | cpu  71120004 9729 19053900 1412871769 233955 0 664296 0 0 0
1791610236 180, 405, 40, 0x0000000000000000 | 2.68 3.86 4.80 | cpu  71120175 9729 19054023 1412882233 233955 0 664297 0 0 0
1791610237 172, 405, 40, 0x0000000000000000 | 2.68 3.86 4.80 | cpu  71120529 9729 19054078 1412892555 233956 0 664297 0 0 0
1791610239 180, 405, 40, 0x0000000000000000 | 2.68 3.86 4.80 | cpu  71120705 9729 19054133 1412903063 233956 0 664297 0 0 0
1791610240 180, 405, 40, 0x0000000000000000 | 2.68 3.86 4.80 | cpu  71120855 9729 19054253 1412913486 233956 0 664298 0 0 0
1791610241 180, 405, 40, 0x0000000000000000 | 2.55 3.81 4.78 | cpu  71120985 9729 19054382 1412924059 233956 0 664298 0 0 0
1791610242 180, 405, 40, 0x0000000000000000 | 2.55 3.81 4.78 | cpu  71121101 9729 19054428 1412934655 233956 0 664298 0 0 0
1791610243 180, 405, 40, 0x0000000000000000 | 2.55 3.81 4.78 | cpu  71121227 9729 19054481 1412945199 233957 0 664298 0 0 0
1791610244 180, 405, 40, 0x0000000000000000 | 2.55 3.81 4.78 | cpu  71121355 9729 19054575 1412955676 233957 0 664298 0 0 0
1791610245 180, 405, 40, 0x0000000000000000 | 2.58 3.80 4.77 | cpu  71121508 9729 19054696 1412965999 233957 0 664298 0 0 0
1791610246 180, 405, 40, 0x0000000000000000 | 2.58 3.80 4.77 | cpu  71121950 9730 19054808 1412976077 233958 0 664299 0 0 0
1791610248 180, 405, 40, 0x0000000000000000 | 2.58 3.80 4.77 | cpu  71122504 9730 19054882 1412986205 233958 0 664299 0 0 0
1791610249 180, 405, 40, 0x0000000000000000 | 2.58 3.80 4.77 | cpu  71122750 9730 19054979 1412996604 233958 0 664299 0 0 0
1791610250 180, 405, 40, 0x0000000000000000 | 2.58 3.80 4.77 | cpu  71122910 9730 19055077 1413007056 233958 0 664299 0 0 0
1791610251 180, 405, 40, 0x0000000000000000 | 5.90 4.46 4.98 | cpu  71123171 9730 19055180 1413017459 233959 0 664299 0 0 0
1791610252 180, 405, 40, 0x0000000000000000 | 5.90 4.46 4.98 | cpu  71123443 9730 19055347 1413027604 233959 0 664300 0 0 0
1791610253 180, 405, 40, 0x0000000000000000 | 5.90 4.46 4.98 | cpu  71123612 9730 19055491 1413038032 233960 0 664300 0 0 0
1791610254 180, 405, 40, 0x0000000000000000 | 5.90 4.46 4.98 | cpu  71123968 9730 19055528 1413048398 233960 0 664300 0 0 0
1791610255 180, 405, 40, 0x0000000000000000 | 5.51 4.41 4.96 | cpu  71124164 9730 19055564 1413058904 233960 0 664300 0 0 0
1791610256 180, 405, 40, 0x0000000000000000 | 5.51 4.41 4.96 | cpu  71124299 9730 19055602 1413069505 233960 0 664300 0 0 0
1791610258 180, 405, 40, 0x0000000000000000 | 5.51 4.41 4.96 | cpu  71124421 9730 19055636 1413080175 233961 0 664300 0 0 0
1791610259 180, 405, 40, 0x0000000000000000 | 5.51 4.41 4.96 | cpu  71124527 9730 19055663 1413090764 233962 0 664300 0 0 0
1791610260 180, 405, 40, 0x0000000000000000 | 5.51 4.41 4.96 | cpu  71124646 9730 19055691 1413101394 233962 0 664300 0 0 0
1791610261 180, 405, 40, 0x0000000000000000 | 5.15 4.35 4.94 | cpu  71124765 9730 19055723 1413111988 233962 0 664300 0 0 0
1791610262 180, 405, 40, 0x0000000000000000 | 5.15 4.35 4.94 | cpu  71124893 9730 19055765 1413122568 233962 0 664300 0 0 0
1791610263 180, 405, 40, 0x0000000000000000 | 5.15 4.35 4.94 | cpu  71125015 9730 19055807 1413133152 233962 0 664301 0 0 0
1791610264 180, 405, 40, 0x0000000000000000 | 5.15 4.35 4.94 | cpu  71125158 9730 19055909 1413143837 233963 0 664301 0 0 0
1791610265 180, 405, 40, 0x0000000000000000 | 4.89 4.31 4.93 | cpu  71125280 9730 19056038 1413154253 233963 0 664301 0 0 0
1791610267 180, 405, 40, 0x0000000000000000 | 4.89 4.31 4.93 | cpu  71125398 9730 19056184 1413164770 233963 0 664301 0 0 0
1791610268 180, 405, 40, 0x0000000000000000 | 4.89 4.31 4.93 | cpu  71125509 9730 19056327 1413175234 233963 0 664301 0 0 0
1791610269 180, 405, 40, 0x0000000000000000 | 4.89 4.31 4.93 | cpu  71125739 9730 19056484 1413185582 233964 0 664301 0 0 0
1791610270 180, 405, 40, 0x0000000000000000 | 4.89 4.31 4.93 | cpu  71126515 9730 19056560 1413195480 233964 0 664301 0 0 0
1791610271 180, 405, 40, 0x0000000000000000 | 4.74 4.29 4.91 | cpu  71126693 9730 19056660 1413205982 233964 0 664301 0 0 0
1791610272 180, 405, 40, 0x0000000000000000 | 4.74 4.29 4.91 | cpu  71126938 9730 19056772 1413216377 233964 0 664302 0 0 0
1791610273 180, 405, 40, 0x0000000000000000 | 4.74 4.29 4.91 | cpu  71127192 9730 19056871 1413226790 233964 0 664302 0 0 0
1791610274 180, 405, 40, 0x0000000000000000 | 4.74 4.29 4.91 | cpu  71127372 9730 19056979 1413237164 233966 0 664302 0 0 0
1791610276 180, 405, 40, 0x0000000000000000 | 4.76 4.30 4.91 | cpu  71127634 9730 19057137 1413247459 233966 0 664302 0 0 0
1791610277 180, 405, 40, 0x0000000000000000 | 4.76 4.30 4.91 | cpu  71128553 9730 19057319 1413256938 233966 0 664302 0 0 0
1791610278 180, 405, 40, 0x0000000000000000 | 4.76 4.30 4.91 | cpu  71128801 9730 19057422 1413267318 233966 0 664303 0 0 0
1791610279 180, 405, 40, 0x0000000000000000 | 4.76 4.30 4.91 | cpu  71128973 9730 19057469 1413277871 233967 0 664303 0 0 0
1791610280 180, 405, 40, 0x0000000000000000 | 4.76 4.30 4.91 | cpu  71129146 9730 19057527 1413288396 233967 0 664303 0 0 0
1791610281 180, 405, 40, 0x0000000000000000 | 4.46 4.24 4.89 | cpu  71129289 9730 19057568 1413298970 233970 0 664303 0 0 0
1791610282 180, 405, 40, 0x0000000000000000 | 4.46 4.24 4.89 | cpu  71129406 9730 19057597 1413309580 233970 0 664303 0 0 0
1791610283 180, 405, 40, 0x0000000000000000 | 4.46 4.24 4.89 | cpu  71129532 9731 19057652 1413320201 233970 0 664303 0 0 0
1791610284 180, 405, 40, 0x0000000000000000 | 4.46 4.24 4.89 | cpu  71129654 9731 19057685 1413330801 233970 0 664303 0 0 0
1791610286 180, 405, 40, 0x0000000000000000 | 4.18 4.19 4.87 | cpu  71129777 9731 19057718 1413341401 233970 0 664303 0 0 0
1791610287 180, 405, 40, 0x0000000000000000 | 4.18 4.19 4.87 | cpu  71129905 9731 19057759 1413351959 233971 0 664304 0 0 0
1791610288 180, 405, 40, 0x0000000000000000 | 4.18 4.19 4.87 | cpu  71130075 9731 19057925 1413362391 233975 0 664305 0 0 0
1791610289 180, 405, 40, 0x0000000000000000 | 4.18 4.19 4.87 | cpu  71130218 9731 19058137 1413372838 233976 0 664305 0 0 0
1791610290 180, 405, 40, 0x0000000000000000 | 4.18 4.19 4.87 | cpu  71130360 9731 19058269 1413383410 233977 0 664305 0 0 0
1791610291 180, 405, 40, 0x0000000000000000 | 3.93 4.14 4.85 | cpu  71130522 9731 19058332 1413393772 233979 0 664311 0 0 0
1791610292 180, 405, 40, 0x0000000000000000 | 3.93 4.14 4.85 | cpu  71130833 9731 19058494 1413403956 233979 0 664316 0 0 0
1791610293 180, 405, 40, 0x0000000000000000 | 3.93 4.14 4.85 | cpu  71131215 9731 19058692 1413413978 233979 0 664323 0 0 0
1791610295 180, 405, 40, 0x0000000000000000 | 3.93 4.14 4.85 | cpu  71132044 9731 19058871 1413423584 233979 0 664332 0 0 0
1791610296 180, 405, 40, 0x0000000000000000 | 3.93 4.13 4.85 | cpu  71132416 9731 19059030 1413433699 233979 0 664344 0 0 0
1791610297 180, 405, 40, 0x0000000000000000 | 3.93 4.13 4.85 | cpu  71132719 9731 19059181 1413443821 233981 0 664354 0 0 0
1791610298 180, 405, 40, 0x0000000000000000 | 3.93 4.13 4.85 | cpu  71132938 9731 19059319 1413454232 233981 0 664361 0 0 0
1791610299 180, 405, 40, 0x0000000000000000 | 3.93 4.13 4.85 | cpu  71133234 9731 19059477 1413464348 233981 0 664377 0 0 0
1791610300 180, 405, 40, 0x0000000000000000 | 3.93 4.13 4.85 | cpu  71133561 9731 19059685 1413474422 233981 0 664392 0 0 0
1791610301 180, 405, 40, 0x0000000000000000 | 3.94 4.13 4.84 | cpu  71133798 9731 19059968 1413484527 233981 0 664413 0 0 0
1791610302 180, 405, 40, 0x0000000000000000 | 3.94 4.13 4.84 | cpu  71134869 9731 19060208 1413493808 233981 0 664432 0 0 0
1791610303 180, 405, 40, 0x0000000000000000 | 3.94 4.13 4.84 | cpu  71135179 9732 19060442 1413503790 233981 0 664452 0 0 0
1791610305 180, 405, 40, 0x0000000000000000 | 3.94 4.13 4.84 | cpu  71135386 9732 19060617 1413514059 233982 0 664463 0 0 0
1791610306 180, 405, 40, 0x0000000000000000 | 3.78 4.10 4.83 | cpu  71135624 9732 19060760 1413524212 233982 0 664476 0 0 0
1791610307 180, 405, 40, 0x0000000000000000 | 3.78 4.10 4.83 | cpu  71135831 9732 19060937 1413534295 233983 0 664491 0 0 0
1791610308 180, 405, 40, 0x0000000000000000 | 3.78 4.10 4.83 | cpu  71136005 9732 19061029 1413544741 233983 0 664501 0 0 0
1791610309 180, 405, 40, 0x0000000000000000 | 3.78 4.10 4.83 | cpu  71136190 9732 19061123 1413555136 233983 0 664511 0 0 0
1791610310 180, 405, 40, 0x0000000000000000 | 3.78 4.10 4.83 | cpu  71136364 9732 19061199 1413565549 233983 0 664521 0 0 0
1791610311 180, 405, 40, 0x0000000000000000 | 3.56 4.04 4.81 | cpu  71136547 9732 19061319 1413576030 233984 0 664527 0 0 0
1791610312 180, 405, 40, 0x0000000000000000 | 3.56 4.04 4.81 | cpu  71136738 9732 19061478 1413586423 233984 0 664533 0 0 0
1791610314 180, 405, 40, 0x0000000000000000 | 3.56 4.04 4.81 | cpu  71136931 9732 19061620 1413596710 233984 0 664540 0 0 0
1791610315 180, 405, 40, 0x0000000000000000 | 3.56 4.04 4.81 | cpu  71137101 9732 19061692 1413607026 233984 0 664552 0 0 0
1791610316 180, 405, 40, 0x0000000000000000 | 3.36 3.99 4.78 | cpu  71137282 9732 19061774 1413617399 233984 0 664565 0 0 0
1791610317 180, 405, 40, 0x0000000000000000 | 3.36 3.99 4.78 | cpu  71137461 9732 19061853 1413627701 233985 0 664570 0 0 0
1791610318 180, 405, 40, 0x0000000000000000 | 3.36 3.99 4.78 | cpu  71137638 9732 19061947 1413638095 233985 0 664580 0 0 0
1791610319 180, 405, 40, 0x0000000000000000 | 3.36 3.99 4.78 | cpu  71137805 9732 19062024 1413648430 233985 0 664583 0 0 0
1791610320 180, 405, 40, 0x0000000000000000 | 3.36 3.99 4.78 | cpu  71137968 9732 19062101 1413658751 233985 0 664593 0 0 0
1791610321 180, 405, 40, 0x0000000000000000 | 3.17 3.94 4.76 | cpu  71138186 9732 19062223 1413669101 233986 0 664605 0 0 0
1791610322 180, 405, 40, 0x0000000000000000 | 3.17 3.94 4.76 | cpu  71138999 9732 19062339 1413678889 233987 0 664622 0 0 0
1791610324 180, 405, 40, 0x0000000000000000 | 3.17 3.94 4.76 | cpu  71139232 9732 19062609 1413689015 233987 0 664626 0 0 0
1791610325 180, 405, 40, 0x0000000000000000 | 3.17 3.94 4.76 | cpu  71139538 9732 19062871 1413699164 233987 0 664643 0 0 0
1791610326 180, 405, 40, 0x0000000000000000 | 3.31 3.96 4.77 | cpu  71139855 9732 19063038 1413709249 233987 0 664655 0 0 0
1791610327 180, 405, 40, 0x0000000000000000 | 3.31 3.96 4.77 | cpu  71140066 9732 19063182 1413719580 233987 0 664663 0 0 0
1791610328 180, 405, 40, 0x0000000000000000 | 3.31 3.96 4.77 | cpu  71140367 9732 19063338 1413729780 233989 0 664674 0 0 0
1791610329 172, 405, 40, 0x0000000000000000 | 3.31 3.96 4.77 | cpu  71141193 9732 19063487 1413739365 233989 0 664684 0 0 0
1791610330 180, 405, 40, 0x0000000000000000 | 3.21 3.93 4.75 | cpu  71141563 9732 19063739 1413749333 233989 0 664701 0 0 0
1791610331 180, 405, 40, 0x0000000000000000 | 3.21 3.93 4.75 | cpu  71141772 9732 19063817 1413759703 233989 0 664719 0 0 0
1791610333 180, 405, 40, 0x0000000000000000 | 3.21 3.93 4.75 | cpu  71141988 9733 19063930 1413769993 233989 0 664733 0 0 0
1791610334 180, 405, 40, 0x0000000000000000 | 3.21 3.93 4.75 | cpu  71142214 9733 19064037 1413780313 233990 0 664744 0 0 0
1791610335 180, 405, 40, 0x0000000000000000 | 3.21 3.93 4.75 | cpu  71142418 9733 19064167 1413790634 233990 0 664760 0 0 0
1791610336 180, 405, 40, 0x0000000000000000 | 3.27 3.93 4.75 | cpu  71142621 9733 19064349 1413800996 233990 0 664771 0 0 0
1791610337 180, 405, 40, 0x0000000000000000 | 3.27 3.93 4.75 | cpu  71142806 9733 19064536 1413811242 233990 0 664780 0 0 0
1791610338 180, 405, 40, 0x0000000000000000 | 3.27 3.93 4.75 | cpu  71142977 9733 19064732 1413821498 233990 0 664786 0 0 0
1791610339 2400, 13801, 41, 0x0000000000000000 | 3.27 3.93 4.75 | cpu  71143167 9733 19064953 1413831718 233990 0 664794 0 0 0
1791610340 2880, 13801, 49, 0x0000000000000000 | 3.33 3.93 4.74 | cpu  71143342 9733 19065159 1413841936 233990 0 664812 0 0 0
1791610341 2880, 13801, 48, 0x0000000000000000 | 3.33 3.93 4.74 | cpu  71143520 9733 19065302 1413852248 233992 0 664826 0 0 0
1791610343 2880, 13801, 48, 0x0000000000000000 | 3.33 3.93 4.74 | cpu  71143690 9733 19065418 1413862473 233992 0 664834 0 0 0
1791610344 2887, 13801, 46, 0x0000000000000000 | 3.33 3.93 4.74 | cpu  71143849 9733 19065490 1413872834 233992 0 664847 0 0 0
1791610345 2880, 13801, 52, 0x0000000000000000 | 3.33 3.93 4.74 | cpu  71144009 9733 19065562 1413883175 233992 0 664861 0 0 0
1791610346 2887, 13801, 46, 0x0000000000000000 | 3.22 3.90 4.73 | cpu  71144182 9733 19065653 1413893509 233992 0 664871 0 0 0
1791610347 2887, 13801, 48, 0x0000000000000000 | 3.22 3.90 4.73 | cpu  71144387 9733 19065902 1413903683 233995 0 664886 0 0 0
1791610348 2880, 13801, 48, 0x0000000000000000 | 3.22 3.90 4.73 | cpu  71144659 9733 19066192 1413914140 233996 0 664899 0 0 0
1791610349 2887, 13801, 46, 0x0000000000000000 | 3.22 3.90 4.73 | cpu  71144856 9733 19066428 1413924729 233997 0 664910 0 0 0
1791610350 2880, 13801, 51, 0x0000000000000000 | 3.29 3.90 4.72 | cpu  71145136 9733 19066559 1413934873 233997 0 664930 0 0 0
1791610352 2880, 13801, 48, 0x0000000000000000 | 3.29 3.90 4.72 | cpu  71145387 9734 19066884 1413944842 233997 0 664948 0 0 0
1791610353 2880, 13801, 53, 0x0000000000000000 | 3.29 3.90 4.72 | cpu  71146257 9734 19067115 1413954381 233997 0 664962 0 0 0
1791610354 2887, 13801, 47, 0x0000000000000000 | 3.29 3.90 4.72 | cpu  71146546 9734 19067367 1413964392 233997 0 664975 0 0 0
1791610355 2872, 13801, 48, 0x0000000000000000 | 3.29 3.90 4.72 | cpu  71146886 9734 19067561 1413974440 233998 0 664991 0 0 0
1791610356 2872, 13801, 50, 0x0000000000000000 | 3.42 3.92 4.72 | cpu  71147205 9734 19067821 1413984320 233999 0 665009 0 0 0
1791610357 2880, 13801, 51, 0x0000000000000000 | 3.42 3.92 4.72 | cpu  71147435 9734 19068114 1413994507 233999 0 665022 0 0 0
1791610358 2880, 13801, 49, 0x0000000000000000 | 3.42 3.92 4.72 | cpu  71147752 9734 19068381 1414004329 233999 0 665029 0 0 0
1791610359 2880, 13801, 49, 0x0000000000000000 | 3.42 3.92 4.72 | cpu  71148132 9734 19068586 1414014297 234002 0 665040 0 0 0
1791610360 2880, 13801, 51, 0x0000000000000000 | 3.39 3.90 4.72 | cpu  71148953 9734 19068776 1414023915 234002 0 665049 0 0 0
1791610362 2880, 13801, 51, 0x0000000000000000 | 3.39 3.90 4.72 | cpu  71149205 9734 19068891 1414034145 234002 0 665068 0 0 0
1791610363 2880, 13801, 48, 0x0000000000000000 | 3.39 3.90 4.72 | cpu  71149422 9734 19069041 1414044359 234003 0 665083 0 0 0
1791610364 2887, 13801, 47, 0x0000000000000000 | 3.39 3.90 4.72 | cpu  71149616 9734 19069127 1414054616 234003 0 665102 0 0 0
1791610365 2872, 13801, 48, 0x0000000000000000 | 3.39 3.90 4.72 | cpu  71149847 9734 19069305 1414064821 234004 0 665123 0 0 0
1791610366 2887, 13801, 48, 0x0000000000000000 | 3.84 3.99 4.74 | cpu  71150051 9735 19069480 1414074918 234004 0 665144 0 0 0
1791610367 2872, 13801, 50, 0x0000000000000000 | 3.84 3.99 4.74 | cpu  71150220 9735 19069567 1414085271 234004 0 665158 0 0 0
1791610368 2887, 13801, 47, 0x0000000000000000 | 3.84 3.99 4.74 | cpu  71150400 9735 19069680 1414095532 234005 0 665175 0 0 0
1791610369 2880, 13801, 48, 0x0000000000000000 | 3.84 3.99 4.74 | cpu  71150588 9735 19069796 1414105629 234005 0 665186 0 0 0
1791610370 2880, 13801, 50, 0x0000000000000000 | 3.85 3.99 4.73 | cpu  71151287 9735 19069897 1414115436 234005 0 665204 0 0 0
1791610371 2880, 13801, 48, 0x0000000000000000 | 3.85 3.99 4.73 | cpu  71151675 9735 19070103 1414125173 234005 0 665228 0 0 0
1791610373 2880, 13801, 49, 0x0000000000000000 | 3.85 3.99 4.73 | cpu  71151981 9735 19070334 1414135293 234006 0 665250 0 0 0
1791610374 2880, 13801, 51, 0x0000000000000000 | 3.85 3.99 4.73 | cpu  71152192 9735 19070580 1414145434 234006 0 665263 0 0 0
1791610375 2880, 13801, 50, 0x0000000000000000 | 3.85 3.99 4.73 | cpu  71152510 9735 19070858 1414155489 234006 0 665278 0 0 0
1791610376 2880, 13801, 49, 0x0000000000000000 | 3.86 3.99 4.73 | cpu  71152805 9735 19071099 1414165575 234008 0 665290 0 0 0
1791610377 2887, 13801, 54, 0x0000000000000000 | 3.86 3.99 4.73 | cpu  71153032 9735 19071368 1414175762 234009 0 665309 0 0 0
1791610378 2880, 13801, 50, 0x0000000000000000 | 3.86 3.99 4.73 | cpu  71153502 9735 19071457 1414185807 234009 0 665320 0 0 0
1791610379 2880, 13801, 49, 0x0000000000000000 | 3.86 3.99 4.73 | cpu  71153730 9736 19071547 1414195979 234009 0 665327 0 0 0
1791610380 2880, 13801, 52, 0x0000000000000000 | 3.79 3.97 4.72 | cpu  71153907 9736 19071641 1414206276 234010 0 665337 0 0 0
1791610381 2880, 13801, 52, 0x0000000000000000 | 3.79 3.97 4.72 | cpu  71154077 9736 19071722 1414216646 234010 0 665350 0 0 0
1791610383 2857, 13801, 54, 0x0000000000000000 | 3.79 3.97 4.72 | cpu  71154257 9736 19071818 1414227018 234010 0 665370 0 0 0
1791610384 2880, 13801, 51, 0x0000000000000000 | 3.79 3.97 4.72 | cpu  71154445 9736 19071970 1414237350 234010 0 665384 0 0 0
1791610385 2880, 13801, 49, 0x0000000000000000 | 3.79 3.97 4.72 | cpu  71154619 9736 19072100 1414247586 234010 0 665405 0 0 0
1791610386 2895, 13801, 46, 0x0000000000000000 | 3.73 3.96 4.71 | cpu  71154788 9736 19072176 1414257924 234011 0 665422 0 0 0
1791610387 2880, 13801, 49, 0x0000000000000000 | 3.73 3.96 4.71 | cpu  71154961 9736 19072315 1414268183 234018 0 665437 0 0 0
1791610388 2880, 13801, 52, 0x0000000000000000 | 3.73 3.96 4.71 | cpu  71155129 9736 19072497 1414278496 234018 0 665454 0 0 0
1791610389 2880, 13801, 50, 0x0000000000000000 | 3.73 3.96 4.71 | cpu  71155313 9736 19072581 1414288814 234019 0 665465 0 0 0
1791610390 2872, 13801, 50, 0x0000000000000000 | 3.59 3.92 4.70 | cpu  71155485 9736 19072677 1414299183 234019 0 665484 0 0 0
1791610391 2865, 13801, 53, 0x0000000000000000 | 3.59 3.92 4.70 | cpu  71155654 9736 19072762 1414309527 234019 0 665500 0 0 0
1791610393 2887, 13801, 47, 0x0000000000000000 | 3.59 3.92 4.70 | cpu  71155820 9736 19072839 1414319839 234019 0 665516 0 0 0
1791610394 2880, 13801, 49, 0x0000000000000000 | 3.59 3.92 4.70 | cpu  71155998 9736 19072941 1414330115 234020 0 665531 0 0 0
1791610395 2887, 13801, 48, 0x0000000000000000 | 3.59 3.92 4.70 | cpu  71156176 9736 19073045 1414340571 234020 0 665548 0 0 0
1791610396 2880, 13801, 51, 0x0000000000000000 | 3.70 3.94 4.70 | cpu  71156374 9736 19073205 1414351153 234020 0 665572 0 0 0
1791610397 2880, 13801, 50, 0x0000000000000000 | 3.70 3.94 4.70 | cpu  71156549 9736 19073314 1414361460 234020 0 665593 0 0 0
1791610398 2887, 13801, 47, 0x0000000000000000 | 3.70 3.94 4.70 | cpu  71156723 9736 19073395 1414371819 234020 0 665617 0 0 0
1791610399 2887, 13801, 47, 0x0000000000000000 | 3.70 3.94 4.70 | cpu  71156893 9736 19073474 1414382171 234021 0 665634 0 0 0
1791610400 2872, 13801, 51, 0x0000000000000000 | 3.57 3.91 4.68 | cpu  71157055 9736 19073550 1414392541 234021 0 665645 0 0 0
1791610402 2880, 13801, 51, 0x0000000000000000 | 3.57 3.91 4.68 | cpu  71157279 9736 19073655 1414402762 234021 0 665660 0 0 0
1791610403 2887, 13801, 47, 0x0000000000000000 | 3.57 3.91 4.68 | cpu  71157594 9736 19073816 1414412804 234021 0 665676 0 0 0
1791610404 2880, 13801, 49, 0x0000000000000000 | 3.57 3.91 4.68 | cpu  71157939 9736 19073991 1414422853 234021 0 665696 0 0 0
1791610405 2887, 13801, 47, 0x0000000000000000 | 3.57 3.91 4.68 | cpu  71158230 9736 19074144 1414432970 234022 0 665702 0 0 0
1791610406 2880, 13801, 53, 0x0000000000000000 | 3.60 3.91 4.68 | cpu  71158544 9736 19074306 1414443044 234022 0 665715 0 0 0
1791610407 2880, 13801, 50, 0x0000000000000000 | 3.60 3.91 4.68 | cpu  71158826 9736 19074492 1414453152 234022 0 665728 0 0 0
1791610408 2880, 13801, 49, 0x0000000000000000 | 3.60 3.91 4.68 | cpu  71159113 9736 19074718 1414463287 234022 0 665735 0 0 0
1791610409 2880, 13801, 49, 0x0000000000000000 | 3.60 3.91 4.68 | cpu  71159394 9737 19074894 1414473346 234022 0 665744 0 0 0
1791610410 2887, 13801, 48, 0x0000000000000000 | 3.88 3.96 4.69 | cpu  71159707 9737 19075168 1414483319 234023 0 665753 0 0 0
1791610412 2887, 13801, 46, 0x0000000000000000 | 3.88 3.96 4.69 | cpu  71160092 9737 19075461 1414493216 234023 0 665759 0 0 0
1791610413 2880, 13801, 47, 0x0000000000000000 | 3.88 3.96 4.69 | cpu  71160481 9737 19075769 1414503079 234023 0 665764 0 0 0
1791610414 2880, 13801, 51, 0x0000000000000000 | 3.88 3.96 4.69 | cpu  71160850 9737 19075994 1414513011 234023 0 665768 0 0 0
1791610415 2872, 13801, 50, 0x0000000000000000 | 3.88 3.96 4.69 | cpu  71161214 9737 19076199 1414523041 234024 0 665771 0 0 0
1791610416 2880, 13801, 49, 0x0000000000000000 | 3.89 3.96 4.69 | cpu  71161571 9737 19076379 1414532918 234024 0 665776 0 0 0
1791610417 2872, 13801, 50, 0x0000000000000000 | 3.89 3.96 4.69 | cpu  71162081 9737 19076607 1414542742 234024 0 665799 0 0 0
1791610418 2880, 13801, 54, 0x0000000000000000 | 3.89 3.96 4.69 | cpu  71163073 9737 19076817 1414552067 234024 0 665816 0 0 0
1791610419 2880, 13801, 50, 0x0000000000000000 | 3.89 3.96 4.69 | cpu  71163531 9737 19077238 1414561754 234032 0 665830 0 0 0
1791610420 2880, 13801, 49, 0x0000000000000000 | 4.06 4.00 4.70 | cpu  71164042 9737 19077547 1414571394 234032 0 665831 0 0 0
1791610422 2880, 13801, 49, 0x0000000000000000 | 4.06 4.00 4.70 | cpu  71164546 9737 19077823 1414581181 234032 0 665832 0 0 0
1791610423 2880, 13801, 49, 0x0000000000000000 | 4.06 4.00 4.70 | cpu  71165019 9737 19078166 1414590938 234033 0 665832 0 0 0
1791610424 2872, 13801, 51, 0x0000000000000000 | 4.06 4.00 4.70 | cpu  71165527 9737 19078455 1414600585 234033 0 665836 0 0 0
1791610425 2880, 13801, 51, 0x0000000000000000 | 4.06 4.00 4.70 | cpu  71166721 9737 19078870 1414609454 234033 0 665843 0 0 0
1791610426 2887, 13801, 48, 0x0000000000000000 | 4.29 4.05 4.71 | cpu  71167263 9737 19079164 1414619156 234033 0 665861 0 0 0
1791610427 2872, 13801, 49, 0x0000000000000000 | 4.29 4.05 4.71 | cpu  71167704 9737 19079339 1414629082 234033 0 665865 0 0 0
1791610428 2880, 13801, 50, 0x0000000000000000 | 4.29 4.05 4.71 | cpu  71168106 9737 19079533 1414639008 234034 0 665870 0 0 0
1791610429 2880, 13801, 50, 0x0000000000000000 | 4.29 4.05 4.71 | cpu  71168522 9737 19079698 1414648925 234034 0 665882 0 0 0
1791610430 2880, 13801, 49, 0x0000000000000000 | 4.43 4.08 4.72 | cpu  71168902 9737 19079886 1414659018 234034 0 665901 0 0 0
1791610432 2880, 13801, 49, 0x0000000000000000 | 4.43 4.08 4.72 | cpu  71169300 9737 19080162 1414668945 234035 0 665912 0 0 0
1791610433 2880, 13801, 53, 0x0000000000000000 | 4.43 4.08 4.72 | cpu  71169661 9738 19080368 1414678947 234035 0 665918 0 0 0
1791610434 2872, 13801, 50, 0x0000000000000000 | 4.43 4.08 4.72 | cpu  71170035 9738 19080540 1414688980 234035 0 665920 0 0 0
1791610435 2880, 13801, 51, 0x0000000000000000 | 4.43 4.08 4.72 | cpu  71170400 9738 19080729 1414698987 234035 0 665931 0 0 0
1791610436 2872, 13801, 55, 0x0000000000000000 | 4.63 4.13 4.73 | cpu  71170764 9738 19080971 1414708972 234035 0 665933 0 0 0
1791610437 2880, 13801, 49, 0x0000000000000000 | 4.63 4.13 4.73 | cpu  71171031 9738 19081103 1414719144 234036 0 665933 0 0 0
1791610438 2880, 13801, 49, 0x0000000000000000 | 4.63 4.13 4.73 | cpu  71171297 9738 19081322 1414729318 234036 0 665933 0 0 0
1791610439 2880, 13801, 48, 0x0000000000000000 | 4.63 4.13 4.73 | cpu  71171553 9738 19081452 1414739527 234036 0 665933 0 0 0
1791610440 2880, 13801, 50, 0x0000000000000000 | 4.58 4.13 4.72 | cpu  71171820 9738 19081587 1414749731 234036 0 665933 0 0 0
1791610442 2872, 13801, 49, 0x0000000000000000 | 4.58 4.13 4.72 | cpu  71172052 9738 19081815 1414759924 234036 0 665933 0 0 0
1791610443 2887, 13801, 46, 0x0000000000000000 | 4.58 4.13 4.72 | cpu  71172480 9738 19082052 1414769811 234037 0 665934 0 0 0
1791610444 2872, 13801, 55, 0x0000000000000000 | 4.58 4.13 4.72 | cpu  71173265 9738 19082290 1414779357 234037 0 665934 0 0 0
1791610445 2887, 13801, 47, 0x0000000000000000 | 4.58 4.13 4.72 | cpu  71173637 9738 19082546 1414789377 234038 0 665934 0 0 0
1791610446 2880, 13801, 50, 0x0000000000000000 | 4.78 4.18 4.74 | cpu  71174144 9738 19082860 1414799130 234038 0 665934 0 0 0
1791610447 2895, 13801, 46, 0x0000000000000000 | 4.78 4.18 4.74 | cpu  71174599 9738 19083181 1414808938 234038 0 665935 0 0 0
1791610448 2887, 13801, 46, 0x0000000000000000 | 4.78 4.18 4.74 | cpu  71175099 9738 19083508 1414818600 234038 0 665935 0 0 0
1791610449 2880, 13801, 46, 0x0000000000000000 | 4.78 4.18 4.74 | cpu  71175493 9738 19083823 1414828462 234038 0 665935 0 0 0
1791610450 2887, 13801, 51, 0x0000000000000000 | 4.87 4.21 4.74 | cpu  71176625 9738 19084066 1414837689 234038 0 665935 0 0 0
1791610452 2872, 13801, 52, 0x0000000000000000 | 4.87 4.21 4.74 | cpu  71177108 9738 19084232 1414847628 234038 0 665935 0 0 0
1791610453 2887, 13801, 47, 0x0000000000000000 | 4.87 4.21 4.74 | cpu  71177489 9738 19084397 1414857630 234038 0 665935 0 0 0
1791610454 2895, 13801, 46, 0x0000000000000000 | 4.87 4.21 4.74 | cpu  71177818 9738 19084712 1414867561 234040 0 665936 0 0 0
1791610455 2887, 13801, 52, 0x0000000000000000 | 4.87 4.21 4.74 | cpu  71178162 9738 19084972 1414877551 234040 0 665937 0 0 0
1791610456 2887, 13801, 46, 0x0000000000000000 | 4.89 4.22 4.75 | cpu  71178525 9738 19085193 1414887538 234040 0 665937 0 0 0
1791610457 2880, 13801, 48, 0x0000000000000000 | 4.89 4.22 4.75 | cpu  71178848 9738 19085332 1414897643 234040 0 665937 0 0 0
1791610458 2895, 13801, 48, 0x0000000000000000 | 4.89 4.22 4.75 | cpu  71179114 9738 19085450 1414907872 234040 0 665937 0 0 0
1791610459 2880, 13801, 49, 0x0000000000000000 | 4.89 4.22 4.75 | cpu  71179368 9738 19085611 1414918077 234044 0 665937 0 0 0
1791610460 2880, 13801, 51, 0x0000000000000000 | 4.89 4.23 4.75 | cpu  71179612 9738 19085724 1414928269 234044 0 665937 0 0 0
1791610462 2872, 13801, 51, 0x0000000000000000 | 4.89 4.23 4.75 | cpu  71179832 9738 19085836 1414938537 234044 0 665937 0 0 0
1791610463 2872, 13801, 49, 0x0000000000000000 | 4.89 4.23 4.75 | cpu  71180047 9738 19085942 1414948861 234044 0 665938 0 0 0
1791610464 2880, 13801, 48, 0x0000000000000000 | 4.89 4.23 4.75 | cpu  71180262 9738 19086054 1414959204 234044 0 665938 0 0 0
1791610465 2880, 13801, 52, 0x0000000000000000 | 4.89 4.23 4.75 | cpu  71180503 9738 19086211 1414969390 234045 0 665938 0 0 0
1791610466 2880, 13801, 48, 0x0000000000000000 | 4.82 4.23 4.74 | cpu  71181168 9738 19086370 1414979124 234045 0 665938 0 0 0
1791610467 2887, 13801, 46, 0x0000000000000000 | 4.82 4.23 4.74 | cpu  71181707 9738 19086628 1414988991 234045 0 665938 0 0 0
1791610468 2880, 13801, 49, 0x0000000000000000 | 4.82 4.23 4.74 | cpu  71182057 9738 19086898 1414998884 234045 0 665938 0 0 0
1791610469 2872, 13801, 48, 0x0000000000000000 | 4.82 4.23 4.74 | cpu  71182406 9739 19087132 1415008941 234046 0 665939 0 0 0
1791610470 2880, 13801, 51, 0x0000000000000000 | 5.16 4.31 4.77 | cpu  71182840 9739 19087387 1415018821 234046 0 665940 0 0 0
1791610472 2880, 13801, 48, 0x0000000000000000 | 5.16 4.31 4.77 | cpu  71183226 9739 19087643 1415028701 234046 0 665940 0 0 0
1791610473 2880, 13801, 51, 0x0000000000000000 | 5.16 4.31 4.77 | cpu  71183553 9739 19087850 1415038750 234046 0 665940 0 0 0
1791610474 2880, 13801, 50, 0x0000000000000000 | 5.16 4.31 4.77 | cpu  71184653 9739 19088064 1415048019 234046 0 665940 0 0 0
1791610475 2872, 13801, 52, 0x0000000000000000 | 5.16 4.31 4.77 | cpu  71185107 9739 19088219 1415058060 234047 0 665940 0 0 0
1791610476 2872, 13801, 50, 0x0000000000000000 | 5.06 4.30 4.76 | cpu  71185489 9739 19088384 1415068045 234047 0 665941 0 0 0
1791610477 2872, 13801, 52, 0x0000000000000000 | 5.06 4.30 4.76 | cpu  71185884 9739 19088662 1415078005 234047 0 665941 0 0 0
1791610478 2880, 13801, 50, 0x0000000000000000 | 5.06 4.30 4.76 | cpu  71186244 9739 19088882 1415088020 234047 0 665941 0 0 0
1791610479 2887, 13801, 47, 0x0000000000000000 | 5.06 4.30 4.76 | cpu  71186584 9739 19089119 1415098095 234048 0 665942 0 0 0
1791610480 2880, 13801, 52, 0x0000000000000000 | 4.90 4.28 4.75 | cpu  71186918 9739 19089270 1415108247 234048 0 665942 0 0 0
1791610482 2887, 13801, 47, 0x0000000000000000 | 4.90 4.28 4.75 | cpu  71187261 9739 19089413 1415118359 234048 0 665942 0 0 0
1791610483 2880, 13801, 48, 0x0000000000000000 | 4.90 4.28 4.75 | cpu  71187641 9739 19089685 1415128252 234049 0 665942 0 0 0
1791610484 2880, 13801, 47, 0x0000000000000000 | 4.90 4.28 4.75 | cpu  71187994 9739 19089961 1415138304 234049 0 665943 0 0 0
1791610485 2880, 13801, 50, 0x0000000000000000 | 4.90 4.28 4.75 | cpu  71188371 9739 19090311 1415148124 234050 0 665943 0 0 0
1791610486 2880, 13801, 49, 0x0000000000000000 | 4.99 4.31 4.76 | cpu  71188738 9739 19090531 1415158113 234050 0 665944 0 0 0
1791610487 2880, 13801, 49, 0x0000000000000000 | 4.99 4.31 4.76 | cpu  71189095 9739 19090680 1415168197 234050 0 665944 0 0 0
1791610488 2880, 13801, 50, 0x0000000000000000 | 4.99 4.31 4.76 | cpu  71189603 9739 19091055 1415177807 234051 0 665944 0 0 0
1791610489 2887, 13801, 47, 0x0000000000000000 | 4.99 4.31 4.76 | cpu  71190549 9739 19091217 1415187270 234051 0 665945 0 0 0
1791610490 2872, 13801, 51, 0x0000000000000000 | 4.99 4.32 4.76 | cpu  71190989 9739 19091519 1415197166 234051 0 665945 0 0 0
1791610492 2872, 13801, 55, 0x0000000000000000 | 4.99 4.32 4.76 | cpu  71191467 9739 19091817 1415206968 234051 0 665945 0 0 0
1791610493 2880, 13801, 50, 0x0000000000000000 | 4.99 4.32 4.76 | cpu  71191984 9739 19092139 1415216792 234051 0 665945 0 0 0
1791610494 2880, 13801, 48, 0x0000000000000000 | 4.99 4.32 4.76 | cpu  71192375 9740 19092447 1415226683 234052 0 665945 0 0 0
1791610495 2880, 13801, 54, 0x0000000000000000 | 4.99 4.32 4.76 | cpu  71192851 9740 19092694 1415236550 234053 0 665946 0 0 0
1791610496 2880, 13801, 52, 0x0000000000000000 | 4.99 4.33 4.76 | cpu  71193936 9740 19092939 1415245778 234053 0 665946 0 0 0
1791610497 2880, 13801, 49, 0x0000000000000000 | 4.99 4.33 4.76 | cpu  71194394 9740 19093094 1415255726 234053 0 665946 0 0 0
1791610498 2880, 13801, 54, 0x0000000000000000 | 4.99 4.33 4.76 | cpu  71194785 9740 19093237 1415265598 234053 0 665947 0 0 0
1791610499 2880, 13801, 51, 0x0000000000000000 | 4.99 4.33 4.76 | cpu  71195146 9740 19093444 1415275653 234055 0 665947 0 0 0
1791610500 2880, 13801, 50, 0x0000000000000000 | 5.15 4.38 4.77 | cpu  71195462 9740 19093597 1415285809 234056 0 665947 0 0 0
1791610502 2887, 13801, 48, 0x0000000000000000 | 5.15 4.38 4.77 | cpu  71195720 9740 19093745 1415296036 234056 0 665947 0 0 0
1791610503 2880, 13801, 48, 0x0000000000000000 | 5.15 4.38 4.77 | cpu  71196030 9740 19093996 1415306150 234056 0 665948 0 0 0
1791610504 2880, 13801, 49, 0x0000000000000000 | 5.15 4.38 4.77 | cpu  71196309 9740 19094140 1415316279 234056 0 665948 0 0 0
1791610505 2880, 13801, 50, 0x0000000000000000 | 5.15 4.38 4.77 | cpu  71196608 9740 19094320 1415326434 234056 0 665948 0 0 0
1791610506 2880, 13801, 50, 0x0000000000000000 | 5.06 4.37 4.77 | cpu  71196933 9740 19094457 1415336561 234056 0 665948 0 0 0
1791610507 2887, 13801, 47, 0x0000000000000000 | 5.06 4.37 4.77 | cpu  71197259 9740 19094597 1415346616 234056 0 665948 0 0 0
1791610508 2880, 13801, 47, 0x0000000000000000 | 5.06 4.37 4.77 | cpu  71197655 9740 19094782 1415356641 234057 0 665949 0 0 0
1791610509 2887, 13801, 53, 0x0000000000000000 | 5.06 4.37 4.77 | cpu  71198666 9740 19094962 1415366049 234057 0 665949 0 0 0
1791610510 2872, 13801, 54, 0x0000000000000000 | 5.05 4.38 4.77 | cpu  71199067 9740 19095217 1415375991 234057 0 665951 0 0 0
1791610512 2880, 13801, 50, 0x0000000000000000 | 5.05 4.38 4.77 | cpu  71199556 9740 19095450 1415385923 234057 0 665951 0 0 0
1791610513 2887, 13801, 51, 0x0000000000000000 | 5.05 4.38 4.77 | cpu  71200037 9740 19095669 1415395846 234057 0 665952 0 0 0
1791610514 2880, 13801, 49, 0x0000000000000000 | 5.05 4.38 4.77 | cpu  71200399 9740 19095896 1415405797 234057 0 665952 0 0 0
1791610515 2880, 13801, 48, 0x0000000000000000 | 5.05 4.38 4.77 | cpu  71200867 9740 19096181 1415415569 234057 0 665952 0 0 0
1791610516 2887, 13801, 47, 0x0000000000000000 | 5.05 4.39 4.77 | cpu  71202112 9740 19096474 1415424467 234058 0 665953 0 0 0
1791610517 2880, 13801, 50, 0x0000000000000000 | 5.05 4.39 4.77 | cpu  71202507 9740 19096657 1415434458 234059 0 665954 0 0 0
1791610518 2887, 13801, 46, 0x0000000000000000 | 5.05 4.39 4.77 | cpu  71202879 9740 19097034 1415444167 234060 0 665954 0 0 0
1791610519 2895, 13801, 46, 0x0000000000000000 | 5.05 4.39 4.77 | cpu  71203189 9740 19097293 1415454182 234060 0 665954 0 0 0
1791610520 2880, 13801, 48, 0x0000000000000000 | 5.05 4.40 4.77 | cpu  71203461 9740 19097540 1415464271 234060 0 665955 0 0 0
1791610521 2400, 13801, 42, 0x0000000000000000 | 5.05 4.40 4.77 | cpu  71203740 9740 19097821 1415474300 234060 0 665955 0 0 0
1791610523 2400, 13801, 42, 0x0000000000000000 | 5.05 4.40 4.77 | cpu  71203984 9740 19098010 1415484456 234060 0 665955 0 0 0
1791610524 2400, 13801, 42, 0x0000000000000000 | 5.05 4.40 4.77 | cpu  71204252 9740 19098174 1415494414 234060 0 665955 0 0 0
1791610525 2400, 13801, 42, 0x0000000000000000 | 5.05 4.40 4.77 | cpu  71204541 9740 19098351 1415504493 234060 0 665956 0 0 0
1791610526 2400, 13801, 42, 0x0000000000000000 | 4.96 4.40 4.77 | cpu  71204813 9740 19098557 1415514525 234060 0 665956 0 0 0
1791610527 2400, 13801, 41, 0x0000000000000000 | 4.96 4.40 4.77 | cpu  71205073 9740 19098767 1415524578 234060 0 665956 0 0 0
1791610528 2400, 13801, 41, 0x0000000000000000 | 4.96 4.40 4.77 | cpu  71205308 9740 19098934 1415534662 234060 0 665956 0 0 0
1791610529 2400, 13801, 41, 0x0000000000000000 | 4.96 4.40 4.77 | cpu  71205509 9740 19099072 1415544867 234061 0 665956 0 0 0
1791610530 2400, 13801, 41, 0x0000000000000000 | 4.96 4.40 4.77 | cpu  71205733 9740 19099216 1415555013 234061 0 665956 0 0 0
1791610531 2400, 13801, 41, 0x0000000000000000 | 4.80 4.37 4.76 | cpu  71205895 9740 19099358 1415565303 234061 0 665956 0 0 0
1791610533 2400, 13801, 41, 0x0000000000000000 | 4.80 4.37 4.76 | cpu  71206078 9740 19099500 1415575536 234061 0 665956 0 0 0
1791610534 2400, 13801, 41, 0x0000000000000000 | 4.80 4.37 4.76 | cpu  71206276 9740 19099794 1415585631 234062 0 665956 0 0 0
1791610535 2400, 13801, 41, 0x0000000000000000 | 4.80 4.37 4.76 | cpu  71206512 9740 19099984 1415595806 234063 0 665956 0 0 0
1791610536 2400, 13801, 41, 0x0000000000000000 | 4.82 4.38 4.76 | cpu  71206813 9741 19100143 1415605801 234063 0 665956 0 0 0
1791610537 2400, 13801, 41, 0x0000000000000000 | 4.82 4.38 4.76 | cpu  71207130 9741 19100319 1415615760 234064 0 665957 0 0 0
1791610538 2400, 13801, 41, 0x0000000000000000 | 4.82 4.38 4.76 | cpu  71207434 9741 19100553 1415625808 234064 0 665957 0 0 0
1791610539 2400, 13801, 41, 0x0000000000000000 | 4.82 4.38 4.76 | cpu  71207676 9741 19100794 1415635739 234070 0 665957 0 0 0
1791610540 2400, 13801, 41, 0x0000000000000000 | 4.82 4.38 4.76 | cpu  71207930 9741 19100955 1415645808 234070 0 665957 0 0 0
1791610541 2400, 13801, 41, 0x0000000000000000 | 4.83 4.39 4.76 | cpu  71208205 9741 19101168 1415655881 234070 0 665957 0 0 0
1791610542 2400, 13801, 41, 0x0000000000000000 | 4.83 4.39 4.76 | cpu  71208480 9741 19101365 1415665855 234071 0 665957 0 0 0
1791610544 2400, 13801, 41, 0x0000000000000000 | 4.83 4.39 4.76 | cpu  71208776 9741 19101487 1415675908 234071 0 665957 0 0 0
1791610545 2400, 13801, 41, 0x0000000000000000 | 4.83 4.39 4.76 | cpu  71209067 9741 19101696 1415685921 234072 0 665957 0 0 0
1791610546 2400, 13801, 41, 0x0000000000000000 | 5.01 4.44 4.77 | cpu  71209464 9741 19101920 1415695788 234072 0 665957 0 0 0
1791610547 2400, 13801, 41, 0x0000000000000000 | 5.01 4.44 4.77 | cpu  71209812 9741 19102044 1415705858 234072 0 665957 0 0 0
1791610548 2400, 13801, 41, 0x0000000000000000 | 5.01 4.44 4.77 | cpu  71210631 9741 19102233 1415715391 234073 0 665957 0 0 0
1791610549 2400, 13801, 41, 0x0000000000000000 | 5.01 4.44 4.77 | cpu  71211327 9741 19102422 1415724921 234073 0 665957 0 0 0
1791610550 2400, 13801, 41, 0x0000000000000000 | 5.01 4.44 4.77 | cpu  71211825 9741 19102725 1415734600 234078 0 665960 0 0 0
1791610551 2400, 13801, 41, 0x0000000000000000 | 5.09 4.46 4.78 | cpu  71212213 9741 19102986 1415744452 234078 0 665960 0 0 0
1791610552 2400, 13801, 41, 0x0000000000000000 | 5.09 4.46 4.78 | cpu  71212678 9741 19103168 1415754357 234078 0 665960 0 0 0
1791610553 2400, 13801, 41, 0x0000000000000000 | 5.09 4.46 4.78 | cpu  71213136 9741 19103352 1415764248 234079 0 665960 0 0 0
1791610555 2400, 13801, 41, 0x0000000000000000 | 5.09 4.46 4.78 | cpu  71213526 9741 19103674 1415774090 234079 0 665961 0 0 0
1791610556 2400, 13801, 41, 0x0000000000000000 | 9.09 5.30 5.05 | cpu  71214780 9741 19104005 1415783057 234080 0 665961 0 0 0
1791610557 2400, 13801, 41, 0x0000000000000000 | 9.09 5.30 5.05 | cpu  71215246 9741 19104317 1415792834 234081 0 665961 0 0 0
1791610558 472, 810, 40, 0x0000000000000000 | 9.09 5.30 5.05 | cpu  71215635 9741 19104521 1415803608 234081 0 665961 0 0 0
1791610559 405, 810, 40, 0x0000000000000000 | 9.09 5.30 5.05 | cpu  71216062 9741 19104700 1415814158 234081 0 665962 0 0 0
1791610560 240, 810, 40, 0x0000000000000000 | 9.09 5.30 5.05 | cpu  71216410 9741 19104935 1415824110 234083 0 665962 0 0 0
1791610561 180, 405, 40, 0x0000000000000000 | 9.00 5.35 5.07 | cpu  71216788 9741 19105202 1415834019 234083 0 665962 0 0 0
1791610562 180, 405, 40, 0x0000000000000000 | 9.00 5.35 5.07 | cpu  71217151 9741 19105493 1415844000 234083 0 665962 0 0 0
1791610564 180, 405, 40, 0x0000000000000000 | 9.00 5.35 5.07 | cpu  71217490 9741 19105637 1415854151 234083 0 665963 0 0 0
1791610565 180, 405, 40, 0x0000000000000000 | 9.00 5.35 5.07 | cpu  71217846 9741 19105763 1415864239 234083 0 665963 0 0 0
1791610566 180, 405, 40, 0x0000000000000000 | 8.60 5.33 5.06 | cpu  71218180 9741 19105908 1415874418 234083 0 665963 0 0 0
1791610567 180, 405, 40, 0x0000000000000000 | 8.60 5.33 5.06 | cpu  71218574 9741 19106095 1415884482 234084 0 665965 0 0 0
1791610568 187, 405, 40, 0x0000000000000000 | 8.60 5.33 5.06 | cpu  71219003 9741 19106573 1415894173 234085 0 665965 0 0 0
