1791609967 2, 0, 14.15
1791609968 2, 0, 13.84
1791609969 4, 0, 14.41
1791609970 4, 0, 15.79
1791609971 4, 0, 13.56
1791609972 4, 0, 14.84
1791609973 4, 0, 14.62
1791609975 4, 0, 13.26
1791609976 508, 0, 22.19
1791609977 3764, 0, 66.14
1791609978 4830, 23, 80.43
1791609979 5870, 17, 78.48
1791609980 7690, 9, 80.71
1791609981 8750, 5, 80.90
1791609982 9790, 29, 80.51
1791609983 10870, 14, 78.64
1791609985 12170, 3, 80.32
1791609986 13330, 5, 78.32
1791609987 14370, 17, 78.18
1791609988 15770, 15, 79.16
1791609989 16810, 3, 78.15
1791609990 18210, 15, 78.47
1791609991 19270, 31, 78.08
1791609992 20310, 34, 78.15
1791609993 21192, 24, 68.11
1791609995 21612, 0, 69.32
1791609996 21612, 0, 65.77
1791609997 21612, 0, 65.60
1791609998 21612, 2, 67.22
1791609999 21612, 2, 67.64
1791610000 21612, 2, 68.08
1791610001 21612, 2, 67.44
1791610002 21612, 3, 67.29
1791610003 21612, 2, 67.11
1791610004 21648, 0, 73.27
1791610006 21648, 2, 66.07
1791610007 21648, 4, 66.08
1791610008 21648, 2, 65.57
1791610009 21648, 2, 65.47
1791610010 21648, 0, 65.57
1791610011 21648, 4, 65.76
1791610012 21648, 0, 66.00
1791610013 21648, 0, 65.99
1791610015 21648, 5, 66.04
1791610016 21648, 0, 65.78
1791610017 21648, 0, 65.75
1791610018 21648, 7, 65.55
1791610019 21648, 0, 65.47
1791610020 21648, 3, 65.57
1791610021 21648, 0, 65.43
1791610022 21648, 2, 65.76
1791610023 21648, 7, 65.75
1791610025 21648, 0, 65.82
1791610026 21648, 3, 65.21
1791610027 21648, 0, 65.20
1791610028 21648, 3, 65.26
1791610029 21648, 7, 65.39
1791610030 21648, 0, 65.56
1791610031 21648, 4, 65.36
1791610032 21648, 0, 65.17
1791610033 21648, 3, 65.16
1791610035 21648, 7, 65.35
1791610036 21648, 0, 65.92
1791610037 21648, 2, 66.15
1791610038 21648, 7, 65.61
1791610039 21648, 1, 65.39
1791610040 21648, 6, 65.28
1791610041 21648, 0, 65.28
1791610042 21648, 2, 65.40
1791610043 21648, 6, 65.48
1791610045 21648, 5, 65.62
1791610046 21648, 0, 65.16
1791610047 21648, 2, 65.25
1791610048 21648, 6, 65.71
1791610049 21648, 0, 65.57
1791610050 21648, 1, 65.53
1791610051 21648, 0, 65.56
1791610052 21648, 1, 65.49
1791610053 21648, 0, 65.44
1791610054 21648, 0, 65.37
1791610056 21648, 0, 65.48
1791610057 21648, 0, 65.46
1791610058 21648, 3, 65.39
1791610059 21648, 0, 65.90
1791610060 21648, 0, 65.69
1791610061 21648, 0, 65.31
1791610062 21648, 0, 65.43
1791610063 21648, 3, 65.31
1791610064 21648, 0, 65.68
1791610066 21648, 0, 65.57
1791610067 21648, 0, 65.36
1791610068 21648, 1, 65.25
1791610069 21648, 1, 65.22
1791610070 21648, 0, 65.11
1791610071 21648, 0, 65.40
1791610072 21648, 0, 65.62
1791610073 21648, 0, 65.22
1791610074 21648, 0, 65.22
1791610076 21648, 0, 65.11
1791610077 21648, 1, 65.09
1791610078 21658, 6, 65.24
1791610079 21664, 0, 65.77
1791610080 21664, 0, 66.52
1791610081 21664, 0, 66.25
1791610082 21664, 0, 66.43
1791610083 21664, 0, 66.36
1791610084 21664, 0, 71.49
1791610086 21664, 0, 65.76
1791610087 21664, 0, 69.90
1791610088 21666, 20, 75.51
1791610089 21666, 0, 65.55
1791610090 21666, 0, 66.00
1791610091 21666, 7, 79.62
1791610092 21666, 0, 65.32
1791610093 21666, 21, 178.11
1791610094 21666, 31, 189.44
1791610096 21666, 21, 198.50
1791610097 21666, 24, 224.51
1791610098 21666, 26, 190.00
1791610099 21706, 28, 185.26
1791610100 21706, 22, 205.42
1791610101 21706, 27, 208.90
1791610102 19778, 0, 144.76
1791610103 19778, 0, 66.92
1791610104 19780, 0, 68.33
1791610106 19782, 0, 65.96
1791610107 19788, 0, 68.28
1791610108 20286, 32, 170.53
1791610109 21496, 26, 287.95
1791610110 21506, 0, 164.99
1791610111 21506, 0, 79.97
1791610112 21506, 0, 84.20
1791610113 21506, 0, 65.73
1791610114 22092, 0, 229.74
1791610116 22092, 2, 100.24
1791610117 22916, 0, 90.70
1791610118 22926, 39, 321.63
1791610119 22940, 45, 243.14
1791610120 22940, 18, 210.17
1791610121 22950, 34, 255.21
1791610122 22962, 28, 198.81
1791610123 22962, 30, 247.38
1791610125 22976, 20, 208.21
1791610126 22976, 33, 195.04
1791610127 22976, 32, 229.58
1791610128 22976, 19, 206.14
1791610129 22976, 38, 241.48
1791610130 22976, 31, 252.23
1791610131 22976, 15, 201.42
1791610132 22976, 23, 178.47
1791610133 22976, 42, 279.92
1791610135 23236, 59, 327.92
1791610136 23236, 0, 268.23
1791610137 23236, 0, 95.87
1791610138 23236, 0, 64.68
1791610139 23236, 0, 64.86
1791610140 23236, 0, 64.76
1791610141 23236, 0, 64.82
1791610142 23236, 0, 64.89
1791610143 23236, 0, 64.86
1791610144 23236, 0, 65.42
1791610146 23236, 0, 65.17
1791610147 23236, 0, 65.11
1791610148 23236, 0, 65.34
1791610149 23236, 0, 65.23
1791610150 23236, 0, 65.34
1791610151 23236, 0, 65.09
1791610152 23236, 0, 65.09
1791610153 23236, 0, 36.85
1791610155 23236, 0, 36.22
1791610156 23236, 0, 21.42
1791610157 23236, 0, 13.65
1791610158 23236, 0, 13.00
1791610159 23236, 0, 12.37
1791610160 23236, 0, 12.55
1791610161 23236, 0, 12.80
1791610162 23236, 0, 12.60
1791610164 23236, 0, 12.77
1791610165 23236, 0, 12.94
1791610166 23236, 0, 12.56
1791610167 23236, 0, 12.90
1791610168 23236, 0, 12.94
1791610169 23236, 0, 13.20
1791610170 23236, 0, 14.39
1791610171 23236, 0, 12.70
1791610173 23236, 0, 12.57
1791610174 23236, 0, 12.88
1791610175 23236, 0, 12.74
1791610176 23236, 0, 12.75
1791610177 23236, 0, 14.60
1791610178 23236, 0, 13.65
1791610179 23236, 0, 12.94
1791610180 23236, 0, 13.11
1791610181 23236, 0, 13.48
1791610183 23236, 0, 12.57
1791610184 23236, 0, 12.56
1791610185 23236, 0, 12.75
1791610186 23236, 0, 13.06
1791610187 23236, 0, 12.81
1791610188 23236, 0, 13.71
1791610189 23236, 0, 13.61
1791610190 23236, 0, 12.61
1791610192 23236, 0, 12.50
1791610193 23236, 0, 13.20
1791610194 23236, 0, 14.17
1791610195 23236, 0, 13.31
1791610196 23236, 0, 13.22
1791610197 23236, 0, 12.84
1791610198 23236, 0, 13.29
1791610199 23236, 0, 13.14
1791610200 23236, 0, 12.83
1791610202 23236, 0, 12.70
1791610203 23236, 0, 12.96
1791610204 23236, 0, 12.92
1791610205 23236, 0, 14.11
1791610206 23236, 0, 13.41
1791610207 23236, 0, 13.33
1791610208 23236, 0, 13.09
1791610209 23236, 0, 12.92
1791610211 23236, 0, 12.83
1791610212 23236, 0, 12.89
1791610213 23236, 0, 12.80
1791610214 23236, 0, 12.92
1791610215 23236, 0, 12.91
1791610216 23236, 0, 12.95
1791610217 23236, 0, 13.13
1791610218 23236, 0, 13.10
1791610220 23236, 0, 12.77
1791610221 23236, 0, 12.85
1791610222 23236, 0, 13.36
1791610223 23236, 0, 12.89
1791610224 23236, 0, 13.03
1791610225 23236, 0, 13.02
1791610226 23236, 0, 13.14
1791610227 23236, 0, 13.03
1791610228 23236, 0, 12.82
1791610230 23236, 0, 13.51
1791610231 23236, 0, 13.26
1791610232 23236, 0, 12.64
1791610233 23236, 0, 12.68
1791610234 23236, 0, 12.73
1791610235 23236, 0, 12.97
1791610236 23236, 0, 12.92
1791610237 23236, 0, 12.89
1791610239 23236, 0, 12.44
1791610240 23236, 0, 12.63
1791610241 23236, 0, 13.42
1791610242 23236, 0, 13.56
1791610243 23236, 0, 13.32
1791610244 23236, 0, 13.01
1791610245 23236, 0, 13.80
1791610246 23236, 0, 13.43
1791610247 23236, 0, 12.81
1791610249 23236, 0, 13.08
1791610250 23236, 0, 13.11
1791610251 23236, 0, 12.85
1791610252 23236, 0, 12.65
1791610253 23236, 0, 12.81
1791610254 23236, 0, 12.90
1791610255 23236, 0, 12.60
1791610256 23236, 0, 12.21
1791610258 23236, 0, 12.13
1791610259 23236, 0, 12.27
1791610260 23236, 0, 12.31
1791610261 23236, 0, 12.42
1791610262 23236, 0, 12.52
1791610263 23236, 0, 12.72
1791610264 23236, 0, 12.67
1791610265 23236, 0, 12.97
1791610267 23236, 0, 12.78
1791610268 23236, 0, 12.64
1791610269 23236, 0, 12.59
1791610270 23236, 0, 12.81
1791610271 23236, 0, 12.89
1791610272 23236, 0, 12.97
1791610273 23236, 0, 12.86
1791610274 23236, 0, 12.73
1791610275 23236, 0, 12.43
1791610277 23236, 0, 12.74
1791610278 23236, 0, 13.46
1791610279 23236, 0, 13.45
1791610280 23236, 0, 12.86
1791610281 23236, 0, 12.84
1791610282 23236, 0, 12.68
1791610283 23236, 0, 12.54
1791610284 23236, 0, 12.65
1791610286 23236, 0, 12.60
1791610287 23236, 0, 12.48
1791610288 23236, 0, 12.55
1791610289 23236, 0, 13.16
1791610290 23236, 0, 13.16
1791610291 23236, 0, 13.59
1791610292 23236, 0, 12.86
1791610293 23236, 0, 12.71
1791610295 23236, 0, 12.56
1791610296 23236, 0, 12.64
1791610297 23236, 0, 12.71
1791610298 23236, 0, 13.03
1791610299 23236, 0, 12.68
1791610300 23236, 0, 12.73
1791610301 23236, 0, 13.13
1791610302 23236, 0, 13.73
1791610303 23236, 0, 13.23
1791610305 23236, 0, 12.57
1791610306 23236, 0, 12.70
1791610307 23236, 0, 12.80
1791610308 23236, 0, 12.80
1791610309 23236, 0, 12.45
1791610310 23236, 0, 12.55
1791610311 23236, 0, 12.57
1791610312 23236, 0, 12.72
1791610313 23236, 0, 13.06
1791610315 23236, 0, 13.15
1791610316 23236, 0, 12.68
1791610317 23236, 0, 12.67
1791610318 23236, 0, 12.74
1791610319 23236, 0, 12.65
1791610320 23236, 0, 12.63
1791610321 23236, 0, 12.68
1791610322 23236, 0, 12.64
1791610324 23236, 0, 12.45
1791610325 23236, 0, 12.52
1791610326 23236, 0, 13.38
1791610327 23236, 0, 13.37
1791610328 23236, 0, 12.91
1791610329 23236, 0, 12.79
1791610330 23236, 0, 12.63
1791610331 23236, 0, 12.57
1791610332 23236, 0, 12.12
1791610334 23236, 0, 12.38
1791610335 23236, 0, 13.07
1791610336 23236, 0, 12.52
1791610337 23236, 0, 12.95
1791610338 23236, 0, 12.55
1791610339 23236, 0, 40.94
1791610340 23236, 46, 218.66
1791610341 23236, 54, 326.02
1791610343 23236, 34, 201.80
1791610344 23236, 23, 222.50
1791610345 23236, 52, 291.85
1791610346 23236, 25, 227.19
1791610347 23236, 27, 254.82
1791610348 23236, 35, 287.40
1791610349 23236, 20, 203.60
1791610350 23236, 55, 273.73
1791610351 23236, 31, 249.82
1791610353 23236, 71, 331.26
1791610354 23236, 23, 221.98
1791610355 23236, 37, 209.40
1791610356 23236, 39, 257.79
1791610357 23236, 52, 304.41
1791610358 23236, 36, 292.38
1791610359 23236, 45, 295.89
1791610360 23236, 59, 269.58
1791610361 23236, 57, 268.19
1791610363 23236, 27, 308.79
1791610364 23236, 24, 201.20
1791610365 23236, 32, 269.02
1791610366 23236, 23, 198.33
1791610367 23236, 42, 301.97
1791610368 23236, 24, 253.54
1791610369 23236, 31, 225.02
1791610370 23236, 41, 276.47
1791610371 23236, 51, 306.80
1791610373 23236, 44, 227.83
1791610374 23236, 54, 328.95
1791610375 23236, 41, 252.68
1791610376 23236, 47, 307.07
1791610377 23396, 70, 345.36
1791610378 23396, 48, 334.53
1791610379 23396, 35, 278.58
1791610380 23396, 69, 309.22
1791610381 23396, 50, 317.50
1791610383 23396, 70, 363.71
1791610384 23396, 43, 333.13
1791610385 23396, 45, 303.06
1791610386 23396, 35, 204.08
1791610387 23396, 33, 216.54
1791610388 23396, 60, 339.52
1791610389 23396, 37, 323.99
1791610390 23396, 46, 278.35
1791610391 23396, 52, 417.85
1791610393 23396, 21, 267.57
1791610394 23396, 41, 252.93
1791610395 23396, 37, 238.99
1791610396 23396, 47, 298.94
1791610397 23396, 47, 234.36
1791610398 23396, 25, 283.49
1791610399 23396, 25, 199.22
1791610400 23396, 31, 228.82
1791610402 23396, 48, 336.86
1791610403 23396, 28, 239.30
1791610404 23396, 34, 234.01
1791610405 23396, 24, 227.61
1791610406 23396, 83, 310.23
1791610407 23396, 33, 363.79
1791610408 23396, 30, 236.79
1791610409 23396, 34, 288.19
1791610410 23396, 27, 278.44
1791610412 23396, 20, 201.18
1791610413 23396, 25, 214.35
1791610414 23396, 50, 294.62
1791610415 23396, 47, 287.49
1791610416 23396, 31, 257.78
1791610417 23396, 44, 257.28
1791610418 23396, 63, 322.03
1791610419 23396, 44, 320.08
1791610420 23396, 33, 219.90
1791610421 23396, 43, 293.15
1791610423 23396, 29, 310.61
1791610424 23396, 52, 258.93
1791610425 23396, 53, 342.72
1791610426 23716, 22, 367.57
1791610427 23716, 39, 222.08
1791610428 23716, 40, 271.58
1791610429 23716, 43, 252.15
1791610430 23716, 43, 309.80
1791610431 23716, 40, 215.72
1791610433 23716, 72, 316.87
1791610434 23716, 42, 336.84
1791610435 23716, 50, 313.64
1791610436 23716, 78, 355.62
1791610437 23716, 36, 298.40
1791610438 23716, 36, 284.23
1791610439 23716, 32, 250.30
1791610440 23716, 30, 229.89
1791610441 23716, 39, 288.72
1791610443 23716, 21, 215.45
1791610444 23716, 70, 382.44
1791610445 23718, 25, 235.23
1791610446 23718, 38, 306.17
1791610447 23718, 22, 189.13
1791610448 23718, 21, 206.36
1791610449 23718, 23, 193.48
1791610450 23718, 26, 191.52
1791610451 23718, 54, 398.45
1791610453 23718, 23, 257.27
1791610454 23718, 18, 195.04
1791610455 23718, 62, 258.88
1791610456 23718, 20, 218.45
1791610457 23718, 32, 217.54
1791610458 23718, 35, 192.50
1791610459 23718, 31, 311.64
1791610460 23718, 36, 241.48
1791610461 23718, 50, 361.81
1791610463 23718, 36, 311.60
1791610464 23718, 29, 241.70
1791610465 23718, 52, 299.54
1791610466 23718, 31, 217.38
1791610467 23718, 22, 202.53
1791610468 23718, 36, 203.30
1791610469 23718, 39, 250.61
1791610470 23718, 50, 302.92
1791610471 23718, 33, 291.52
1791610473 23718, 49, 295.56
1791610474 23718, 37, 312.02
1791610475 23718, 65, 327.48
1791610476 23718, 64, 369.17
1791610477 23718, 66, 276.19
1791610478 23718, 37, 316.26
1791610479 23718, 25, 216.83
1791610480 23718, 44, 341.20
1791610481 23718, 24, 247.11
1791610483 23718, 29, 254.02
1791610484 23718, 24, 236.08
1791610485 23718, 54, 238.77
1791610486 23718, 35, 276.01
1791610487 23718, 23, 317.54
1791610488 23718, 64, 232.11
1791610489 23718, 22, 285.46
1791610490 23718, 65, 331.08
1791610491 23718, 76, 380.43
1791610493 23718, 36, 304.20
1791610494 23718, 30, 231.10
1791610495 23718, 75, 298.05
1791610496 23718, 64, 261.58
1791610497 23718, 33, 295.68
1791610498 23718, 75, 350.38
1791610499 23718, 47, 335.01
1791610500 23718, 36, 295.20
1791610501 23718, 21, 330.68
1791610503 23718, 30, 206.62
1791610504 23718, 37, 247.35
1791610505 23718, 43, 271.84
1791610506 23718, 38, 295.15
1791610507 23718, 33, 207.17
1791610508 23718, 29, 236.80
1791610509 23718, 63, 309.01
1791610510 23718, 60, 369.07
1791610511 23718, 37, 327.96
1791610513 23718, 68, 217.79
1791610514 23718, 39, 357.84
1791610515 23718, 36, 258.22
1791610516 23718, 21, 234.47
1791610517 23718, 46, 261.64
1791610518 23718, 22, 228.40
1791610519 23718, 22, 172.50
1791610520 23718, 36, 190.93
1791610521 23718, 0, 121.84
1791610523 23718, 8, 70.66
1791610524 23718, 5, 64.20
1791610525 23718, 0, 64.34
1791610526 23718, 3, 64.42
1791610527 23718, 5, 64.67
1791610528 23718, 0, 64.15
1791610529 23718, 8, 64.21
1791610530 23718, 5, 64.25
1791610531 23718, 0, 64.51
1791610532 23718, 0, 64.43
1791610534 23718, 5, 64.52
1791610535 23718, 0, 64.72
1791610536 23718, 9, 64.64
1791610537 23718, 4, 64.57
1791610538 23718, 4, 64.91
1791610539 23718, 0, 65.17
1791610540 23718, 5, 65.01
1791610541 23718, 0, 65.41
1791610542 23718, 0, 64.08
1791610543 23718, 0, 63.94
1791610545 23718, 0, 64.30
1791610546 23718, 0, 63.89
1791610547 23718, 0, 63.94
1791610548 23718, 0, 63.91
1791610549 23718, 0, 64.33
1791610550 23718, 0, 64.60
1791610551 23718, 0, 64.56
1791610552 23718, 0, 64.22
1791610553 23718, 0, 64.21
1791610555 23718, 0, 64.30
1791610556 23718, 0, 64.37
1791610557 23718, 0, 64.20
1791610558 23718, 0, 64.07
1791610559 23718, 0, 34.50
1791610560 23718, 0, 21.44
1791610561 23718, 0, 13.60
1791610562 23718, 0, 12.93
1791610564 23718, 0, 12.58
1791610565 23718, 0, 11.48
1791610566 23718, 0, 11.52
1791610567 23718, 0, 11.62
1791610568 23718, 0, 12.63
1791610569 23713, 4, 14.58
