1791612152 2, 0, 55.08
1791612153 2, 0, 30.87
1791612154 4, 0, 29.98
1791612155 4, 0, 29.47
1791612156 4, 0, 28.53
1791612157 4, 0, 16.00
1791612159 4, 0, 15.46
1791612160 4, 0, 12.48
1791612161 508, 0, 44.00
1791612162 3770, 7, 69.42
1791612163 5590, 15, 78.63
1791612164 6650, 6, 76.72
1791612165 7690, 24, 76.82
1791612166 8750, 4, 76.93
1791612167 10170, 18, 77.68
1791612169 11230, 34, 75.64
1791612170 12630, 35, 76.72
1791612171 13670, 12, 77.23
1791612172 14970, 27, 76.83
1791612173 16110, 34, 75.81
1791612174 17170, 34, 76.70
1791612175 18570, 35, 76.94
1791612176 19610, 32, 75.81
1791612177 20310, 0, 72.51
1791612179 21612, 21, 68.61
1791612180 21612, 0, 64.58
1791612181 21612, 0, 64.55
1791612182 21612, 3, 65.78
1791612183 21612, 3, 66.67
1791612184 21612, 2, 66.00
1791612185 21612, 2, 65.90
1791612186 21612, 3, 66.00
1791612187 21612, 3, 65.97
1791612189 21640, 4, 65.94
1791612190 21642, 0, 72.98
1791612191 21642, 4, 77.50
1791612192 21642, 4, 72.57
1791612193 21642, 6, 64.88
1791612194 21642, 5, 65.06
1791612195 21642, 5, 65.27
1791612196 21642, 11, 64.74
1791612197 21642, 4, 64.70
1791612199 21642, 8, 64.86
1791612200 21642, 0, 64.85
1791612201 21642, 7, 64.73
1791612202 21642, 8, 64.69
1791612203 21642, 0, 64.62
1791612204 21642, 4, 64.66
1791612205 21642, 8, 64.97
1791612206 21642, 0, 65.15
1791612207 21642, 8, 65.50
1791612209 21642, 8, 65.20
1791612210 21642, 4, 65.21
1791612211 21642, 8, 65.47
1791612212 21642, 8, 65.28
1791612213 21642, 4, 65.11
1791612214 21642, 4, 64.75
1791612215 21642, 8, 64.82
1791612216 21642, 4, 64.98
1791612217 21642, 5, 65.09
1791612219 21652, 6, 65.17
1791612220 22014, 31, 102.18
1791612221 22014, 0, 187.96
1791612222 22440, 31, 166.40
1791612223 23602, 74, 298.15
1791612224 23840, 33, 315.98
1791612225 25610, 87, 414.84
1791612226 25636, 35, 280.09
1791612227 25638, 32, 331.85
1791612229 25644, 71, 310.45
1791612230 25656, 55, 293.61
1791612231 25656, 40, 263.00
1791612232 25668, 27, 231.09
1791612233 25668, 47, 210.98
1791612234 25668, 46, 280.12
1791612235 25668, 28, 240.91
1791612236 25668, 52, 314.43
1791612238 25668, 47, 305.51
1791612239 25668, 22, 197.46
1791612240 25668, 64, 278.07
1791612241 25688, 82, 386.96
1791612242 25688, 0, 302.92
1791612243 25688, 0, 97.94
1791612244 25688, 0, 76.63
1791612245 25688, 0, 64.02
1791612246 25688, 0, 64.04
1791612248 25688, 0, 63.82
1791612249 25688, 0, 64.11
1791612250 25688, 0, 64.02
1791612251 25688, 0, 64.11
1791612252 25688, 0, 64.15
1791612253 25688, 0, 64.00
1791612254 25688, 0, 64.25
1791612255 25688, 0, 64.66
1791612256 25688, 0, 64.46
1791612258 25688, 0, 64.39
1791612259 25688, 0, 64.43
1791612260 25688, 0, 63.88
1791612261 25688, 0, 32.46
1791612262 25688, 0, 22.09
1791612263 25688, 0, 18.90
1791612264 25688, 0, 15.04
1791612266 25688, 0, 12.68
1791612267 25688, 0, 12.18
1791612268 25688, 0, 12.43
1791612269 25688, 0, 12.22
1791612270 25688, 0, 11.82
1791612271 25688, 0, 11.67
1791612272 25688, 0, 11.47
1791612273 25688, 0, 11.97
1791612275 25688, 0, 12.18
1791612276 25688, 0, 11.95
1791612277 25688, 0, 11.20
1791612278 25688, 0, 12.23
1791612279 25688, 0, 14.20
1791612280 25688, 0, 12.85
1791612281 25688, 0, 12.32
1791612282 25688, 0, 11.93
1791612284 25688, 0, 11.95
1791612285 25688, 0, 12.34
1791612286 25688, 0, 12.16
1791612287 25688, 0, 12.33
1791612288 25688, 0, 11.89
1791612289 25688, 0, 11.82
1791612290 25688, 0, 12.14
1791612291 25688, 0, 12.64
1791612293 25688, 0, 13.04
1791612294 25688, 0, 12.95
1791612295 25688, 0, 11.90
1791612296 25688, 0, 11.97
1791612297 25688, 0, 11.83
1791612298 25688, 0, 12.14
1791612299 25688, 0, 12.78
1791612300 25688, 0, 12.86
1791612302 25688, 0, 12.99
1791612303 25688, 0, 12.78
1791612304 25688, 0, 13.89
1791612305 25688, 0, 12.20
1791612306 25688, 0, 12.03
1791612307 25688, 0, 12.04
1791612308 25688, 0, 12.35
1791612309 25688, 0, 12.33
1791612311 25688, 0, 12.64
1791612312 25688, 0, 12.46
1791612313 25688, 0, 12.39
1791612314 25688, 0, 12.49
1791612315 25688, 0, 13.07
1791612316 25688, 0, 13.31
1791612317 25688, 0, 12.55
1791612318 25688, 0, 12.36
1791612320 25688, 0, 12.06
1791612321 25688, 0, 11.88
1791612322 25688, 0, 12.17
1791612323 25688, 0, 12.35
1791612324 25688, 0, 12.55
1791612325 25688, 0, 12.59
1791612326 25688, 0, 13.29
1791612327 25688, 0, 13.26
1791612329 25688, 0, 13.46
1791612330 25688, 0, 13.01
1791612331 25688, 0, 12.44
1791612332 25688, 0, 12.78
1791612333 25688, 0, 12.44
1791612334 25688, 0, 12.34
1791612335 25688, 0, 12.36
1791612336 25688, 0, 12.44
1791612338 25688, 0, 12.49
1791612339 25688, 0, 12.57
1791612340 25688, 0, 12.68
1791612341 25688, 0, 13.40
1791612342 25688, 0, 13.09
1791612343 25688, 0, 12.72
1791612344 25688, 0, 12.93
1791612345 25688, 0, 12.66
1791612346 25688, 0, 12.50
1791612348 25688, 0, 13.10
1791612349 25688, 0, 12.62
1791612350 25688, 0, 12.72
1791612351 25688, 0, 12.77
1791612352 25688, 0, 12.85
1791612353 25688, 0, 12.88
1791612354 25688, 0, 11.82
1791612355 25688, 0, 11.92
1791612357 25688, 0, 12.03
1791612358 25688, 0, 11.66
1791612359 25688, 0, 11.88
1791612360 25688, 0, 11.91
1791612361 25688, 0, 11.95
1791612362 25688, 0, 12.07
1791612363 25688, 0, 12.33
1791612364 25688, 0, 12.76
1791612366 25688, 0, 13.02
1791612367 25688, 0, 12.72
1791612368 25688, 0, 12.28
1791612369 25688, 0, 12.44
1791612370 25688, 0, 12.41
1791612371 25688, 0, 12.09
1791612372 25688, 0, 12.19
1791612373 25688, 0, 12.27
1791612375 25688, 0, 12.33
1791612376 25688, 0, 12.65
1791612377 25688, 0, 13.72
1791612378 25688, 0, 12.77
1791612379 25688, 0, 12.63
1791612380 25688, 0, 12.52
1791612381 25688, 0, 12.64
1791612382 25688, 0, 12.26
1791612384 25688, 0, 12.44
1791612385 25688, 0, 12.52
1791612386 25688, 0, 12.44
1791612387 25688, 0, 12.75
1791612388 25688, 0, 13.00
1791612389 25688, 0, 13.49
1791612390 25688, 0, 12.26
1791612391 25688, 0, 12.61
1791612393 25688, 0, 12.57
1791612394 25688, 0, 12.59
1791612395 25688, 0, 12.78
1791612396 25688, 0, 12.66
1791612397 25688, 0, 12.74
1791612398 25688, 0, 12.61
1791612399 25688, 0, 12.65
1791612400 25688, 0, 12.86
1791612402 25688, 0, 13.30
1791612403 25688, 0, 12.40
1791612404 25688, 0, 12.42
1791612405 25688, 0, 12.73
1791612406 25688, 0, 12.62
1791612407 25688, 0, 13.01
1791612408 25688, 0, 12.67
1791612409 25688, 0, 12.65
1791612411 25688, 0, 12.77
1791612412 25688, 0, 12.52
1791612413 25688, 0, 13.85
1791612414 25688, 0, 13.34
1791612415 25688, 0, 12.55
1791612416 25688, 0, 12.51
1791612417 25688, 0, 12.59
1791612418 25688, 0, 12.69
1791612420 25688, 0, 12.85
1791612421 25688, 0, 12.19
1791612422 25688, 0, 12.41
1791612423 25688, 0, 12.71
1791612424 25688, 0, 12.69
1791612425 25688, 0, 13.34
1791612426 25688, 0, 13.06
1791612428 25688, 0, 12.64
1791612429 25688, 0, 12.79
1791612430 25688, 0, 12.64
1791612431 25688, 0, 12.50
1791612432 25688, 0, 12.57
1791612433 25688, 0, 12.75
1791612434 25688, 0, 12.52
1791612435 25688, 0, 12.62
1791612437 25688, 0, 13.12
1791612438 25688, 0, 13.12
1791612439 25688, 34, 93.89
1791612440 25688, 81, 449.90
1791612441 25688, 46, 261.40
1791612442 25688, 32, 272.78
1791612443 25688, 65, 346.51
1791612444 25688, 67, 327.51
1791612446 25688, 34, 274.72
1791612447 25688, 68, 343.72
1791612448 25688, 27, 250.59
1791612449 25688, 50, 403.57
1791612450 25688, 44, 311.16
1791612451 25688, 94, 394.74
1791612452 25688, 27, 289.94
1791612453 25688, 46, 304.97
1791612454 25688, 58, 329.58
1791612456 25688, 79, 414.67
1791612457 25688, 64, 331.06
1791612458 25688, 83, 313.36
1791612459 25688, 43, 391.49
1791612460 25688, 72, 399.30
1791612461 25688, 30, 271.77
1791612462 25688, 62, 341.37
1791612463 25688, 30, 255.03
1791612465 25688, 65, 347.09
1791612466 25688, 33, 336.81
1791612467 25688, 42, 263.47
1791612468 25688, 66, 364.14
1791612469 25688, 64, 407.50
1791612470 25688, 89, 416.98
1791612471 25688, 65, 430.82
1791612472 25688, 56, 395.10
1791612474 26148, 94, 466.77
1791612475 26148, 54, 385.85
1791612476 26148, 54, 347.86
1791612477 26148, 74, 459.30
1791612478 26148, 82, 438.54
1791612479 26148, 81, 484.26
1791612480 26148, 45, 315.91
1791612481 26148, 20, 248.44
1791612482 26148, 23, 209.69
1791612484 26148, 82, 320.70
1791612485 26148, 87, 457.77
1791612486 26148, 65, 357.23
1791612487 26248, 94, 461.32
1791612488 26248, 79, 465.49
1791612489 26248, 56, 261.41
1791612490 26248, 53, 301.37
1791612491 26248, 74, 394.04
1791612493 26248, 50, 314.95
1791612494 26248, 35, 357.98
1791612495 26250, 33, 257.60
1791612496 26250, 91, 431.78
1791612497 26250, 35, 392.72
1791612498 26250, 45, 273.12
1791612499 26250, 50, 304.14
1791612500 26250, 61, 318.86
1791612502 26250, 95, 481.80
1791612503 26250, 41, 308.27
1791612504 26250, 70, 353.78
1791612505 26250, 55, 366.27
1791612506 26250, 36, 251.63
1791612507 26250, 83, 342.11
1791612508 26250, 60, 392.01
1791612509 26250, 50, 355.87
1791612511 26250, 54, 312.77
1791612512 26250, 89, 419.53
1791612513 26250, 66, 428.43
1791612514 26250, 41, 288.53
1791612515 26250, 57, 327.01
1791612516 26250, 45, 386.78
1791612517 26250, 77, 321.25
1791612518 26250, 92, 448.89
1791612519 26250, 27, 407.68
1791612521 26250, 56, 290.95
1791612522 26250, 46, 338.31
1791612523 26250, 53, 391.01
1791612524 26250, 36, 308.93
1791612525 26250, 65, 326.27
1791612526 26250, 55, 452.58
1791612527 26250, 56, 410.49
1791612528 26250, 95, 406.41
1791612530 26250, 54, 433.14
1791612531 26250, 66, 369.05
1791612532 26250, 41, 292.54
1791612533 26250, 65, 304.00
1791612534 26250, 56, 366.94
1791612535 26250, 61, 305.95
1791612536 26250, 40, 370.86
1791612537 26250, 74, 265.55
1791612539 26250, 35, 371.92
1791612540 26250, 41, 259.78
1791612541 26250, 31, 235.30
1791612542 26250, 90, 303.09
1791612543 26250, 75, 471.19
1791612544 26250, 26, 306.14
1791612545 26250, 23, 216.13
1791612546 26250, 50, 390.07
1791612548 26250, 42, 238.18
1791612549 26250, 29, 255.75
1791612550 26250, 69, 352.33
1791612551 26250, 47, 268.49
1791612552 26250, 92, 381.03
1791612553 26250, 79, 478.42
1791612554 26250, 45, 337.48
1791612555 26250, 29, 372.18
1791612556 26250, 44, 253.47
1791612558 26250, 27, 233.83
1791612559 26250, 47, 244.33
1791612560 26250, 74, 375.18
1791612561 26250, 79, 422.15
1791612562 26250, 67, 347.62
1791612563 26250, 77, 425.34
1791612564 26250, 86, 437.38
1791612565 26250, 93, 493.45
1791612567 26250, 81, 351.58
1791612568 26250, 55, 429.95
1791612569 26250, 91, 341.64
1791612570 26250, 86, 459.02
1791612571 26250, 54, 303.54
1791612572 26250, 60, 361.51
1791612573 26250, 49, 325.35
1791612574 26250, 49, 369.44
1791612576 26250, 28, 390.61
1791612577 26250, 91, 348.80
1791612578 26250, 78, 297.90
1791612579 26250, 79, 445.77
1791612580 26250, 50, 465.61
1791612581 26250, 43, 320.33
1791612582 26250, 43, 276.41
1791612583 26250, 42, 383.16
1791612585 26250, 28, 401.24
1791612586 26250, 81, 266.56
1791612587 26250, 55, 446.16
1791612588 26250, 43, 380.50
1791612589 26250, 90, 353.55
1791612590 26250, 30, 316.93
1791612591 26250, 51, 281.74
1791612592 26250, 77, 356.73
1791612594 26250, 56, 418.30
1791612595 26250, 31, 264.46
1791612596 26250, 42, 289.44
1791612597 26250, 82, 447.72
1791612598 26250, 94, 492.28
1791612599 26250, 55, 416.67
1791612600 26250, 85, 267.53
1791612601 26250, 48, 361.30
1791612602 26250, 62, 329.91
1791612604 26250, 29, 265.72
1791612605 26250, 34, 331.50
1791612606 26250, 27, 252.68
1791612607 26250, 24, 231.27
1791612608 26250, 0, 153.13
1791612609 26250, 8, 84.51
1791612610 26250, 4, 64.26
1791612611 26250, 4, 64.28
1791612612 26250, 0, 64.35
1791612614 26250, 8, 64.38
1791612615 26250, 0, 64.35
1791612616 26250, 0, 64.41
1791612617 26250, 0, 64.26
1791612618 26250, 4, 64.37
1791612619 26250, 0, 64.90
1791612620 26250, 7, 64.14
1791612621 26250, 0, 64.49
1791612623 26250, 3, 64.52
1791612624 26250, 0, 64.63
1791612625 26250, 0, 64.54
1791612626 26250, 6, 64.38
1791612627 26250, 7, 65.08
1791612628 26250, 7, 64.73
1791612629 26250, 0, 64.40
1791612630 26250, 0, 64.48
1791612631 26250, 0, 64.87
1791612633 26250, 0, 64.25
1791612634 26250, 0, 64.14
1791612635 26250, 0, 64.26
1791612636 26250, 0, 64.10
1791612637 26250, 0, 64.37
1791612638 26250, 0, 64.45
1791612639 26250, 0, 64.56
1791612640 26250, 0, 64.55
1791612641 26250, 0, 64.54
1791612643 26250, 0, 64.41
1791612644 26250, 0, 64.93
1791612645 26250, 0, 62.23
1791612646 26250, 0, 35.00
1791612647 26250, 0, 23.84
1791612648 26250, 0, 18.24
1791612649 26250, 0, 11.66
1791612651 26250, 0, 11.65
1791612652 26250, 0, 12.66
1791612653 26250, 0, 11.31
1791612654 26250, 0, 11.81
1791612655 26250, 0, 12.07
1791612656 26250, 0, 12.09
1791612657 26250, 0, 13.36
