1791136179 2400, 14001, 53, 0x0000000000000000 | 1.10 1.20 0.88 | cpu  62472652 5691 15205244 1929356442 1499761 0 234718 0 0 0
1791136181 1087, 7001, 52, 0x0000000000000000 | 1.10 1.20 0.88 | cpu  62472911 5691 15205273 1929358822 1499761 0 234718 0 0 0
1791136182 682, 7001, 52, 0x0000000000000000 | 1.10 1.20 0.88 | cpu  62473218 5691 15205307 1929361185 1499761 0 234718 0 0 0
1791136183 435, 7001, 51, 0x0000000000000000 | 1.09 1.20 0.88 | cpu  62473252 5691 15205342 1929363790 1499762 0 234718 0 0 0
1791136184 262, 810, 51, 0x0000000000000000 | 1.09 1.20 0.88 | cpu  62473314 5691 15205359 1929366394 1499762 0 234718 0 0 0
1791136185 2400, 13801, 52, 0x0000000000000000 | 1.09 1.20 0.88 | cpu  62473411 5691 15205401 1929368908 1499763 0 234718 0 0 0
1791136186 2445, 13801, 52, 0x0000000000000000 | 1.09 1.20 0.88 | cpu  62473554 5691 15205440 1929371340 1499763 0 234718 0 0 0
1791136187 2400, 13801, 53, 0x0000000000000000 | 1.09 1.20 0.89 | cpu  62473704 5691 15205476 1929373869 1499763 0 234718 0 0 0
1791136188 2445, 13801, 52, 0x0000000000000000 | 1.09 1.20 0.89 | cpu  62473851 5691 15205510 1929376391 1499763 0 234718 0 0 0
1791136189 2400, 13801, 52, 0x0000000000000000 | 1.09 1.20 0.89 | cpu  62474003 5691 15205544 1929378909 1499764 0 234718 0 0 0
1791136191 2445, 13801, 52, 0x0000000000000000 | 1.09 1.20 0.89 | cpu  62474148 5691 15205595 1929381347 1499764 0 234718 0 0 0
1791136192 2445, 13801, 52, 0x0000000000000000 | 1.09 1.20 0.89 | cpu  62474285 5691 15205634 1929383846 1499764 0 234718 0 0 0
1791136193 2445, 13801, 52, 0x0000000000000000 | 1.08 1.19 0.89 | cpu  62474432 5691 15205661 1929386431 1499765 0 234718 0 0 0
1791136194 2400, 13801, 53, 0x0000000000000000 | 1.08 1.19 0.89 | cpu  62474588 5691 15205688 1929388982 1499766 0 234718 0 0 0
1791136195 2445, 13801, 52, 0x0000000000000000 | 1.08 1.19 0.89 | cpu  62474714 5691 15205725 1929391499 1499766 0 234718 0 0 0
1791136196 2407, 13801, 52, 0x0000000000000000 | 1.08 1.19 0.89 | cpu  62474854 5691 15205762 1929393924 1499766 0 234718 0 0 0
1791136197 2445, 13801, 51, 0x0000000000000000 | 1.07 1.19 0.89 | cpu  62474979 5691 15205802 1929396517 1499766 0 234718 0 0 0
1791136198 2400, 13801, 51, 0x0000000000000000 | 1.07 1.19 0.89 | cpu  62474982 5691 15205922 1929399063 1499767 0 234718 0 0 0
1791136200 2415, 13801, 51, 0x0000000000000000 | 1.07 1.19 0.89 | cpu  62475029 5691 15205997 1929401610 1499767 0 234718 0 0 0
1791136201 2415, 13801, 51, 0x0000000000000000 | 1.07 1.19 0.89 | cpu  62475114 5691 15206056 1929404223 1499767 0 234718 0 0 0
1791136202 2422, 13801, 51, 0x0000000000000000 | 1.15 1.20 0.89 | cpu  62475207 5691 15206112 1929406728 1499768 0 234718 0 0 0
1791136203 2422, 13801, 51, 0x0000000000000000 | 1.15 1.20 0.89 | cpu  62475284 5691 15206156 1929409276 1499770 0 234718 0 0 0
1791136204 2415, 13801, 50, 0x0000000000000000 | 1.15 1.20 0.89 | cpu  62475373 5691 15206195 1929411813 1499770 0 234718 0 0 0
1791136205 2400, 13801, 50, 0x0000000000000000 | 1.15 1.20 0.89 | cpu  62475448 5691 15206242 1929414362 1499770 0 234718 0 0 0
1791136206 2400, 13801, 50, 0x0000000000000000 | 1.15 1.20 0.89 | cpu  62475496 5691 15206316 1929416907 1499770 0 234718 0 0 0
1791136207 2400, 13801, 50, 0x0000000000000000 | 1.13 1.20 0.89 | cpu  62475550 5691 15206382 1929419456 1499770 0 234718 0 0 0
1791136209 2400, 13801, 50, 0x0000000000000000 | 1.13 1.20 0.89 | cpu  62475596 5691 15206458 1929422004 1499770 0 234718 0 0 0
1791136210 2400, 13801, 50, 0x0000000000000000 | 1.13 1.20 0.89 | cpu  62475645 5691 15206531 1929424548 1499770 0 234718 0 0 0
1791136211 2400, 13801, 50, 0x0000000000000000 | 1.13 1.20 0.89 | cpu  62475697 5691 15206600 1929427097 1499771 0 234718 0 0 0
1791136212 2400, 13801, 50, 0x0000000000000000 | 1.20 1.21 0.90 | cpu  62475748 5691 15206669 1929429636 1499771 0 234718 0 0 0
1791136213 2400, 13801, 50, 0x0000000000000000 | 1.20 1.21 0.90 | cpu  62475793 5691 15206743 1929432172 1499772 0 234718 0 0 0
1791136214 2400, 13801, 49, 0x0000000000000000 | 1.20 1.21 0.90 | cpu  62475843 5691 15206812 1929434713 1499772 0 234718 0 0 0
1791136215 2400, 13801, 49, 0x0000000000000000 | 1.20 1.21 0.90 | cpu  62475900 5691 15206879 1929437297 1499772 0 234718 0 0 0
1791136216 2400, 13801, 49, 0x0000000000000000 | 1.20 1.21 0.90 | cpu  62475944 5691 15206951 1929439766 1499772 0 234718 0 0 0
1791136217 2400, 13801, 49, 0x0000000000000000 | 1.19 1.21 0.90 | cpu  62475996 5691 15207019 1929442288 1499772 0 234718 0 0 0
1791136218 2400, 13801, 49, 0x0000000000000000 | 1.19 1.21 0.90 | cpu  62476039 5691 15207095 1929444777 1499772 0 234718 0 0 0
1791136220 2400, 13801, 49, 0x0000000000000000 | 1.19 1.21 0.90 | cpu  62476086 5691 15207167 1929447309 1499773 0 234718 0 0 0
1791136221 2400, 13801, 49, 0x0000000000000000 | 1.19 1.21 0.90 | cpu  62476141 5691 15207232 1929449809 1499773 0 234718 0 0 0
1791136222 2400, 13801, 49, 0x0000000000000000 | 1.19 1.21 0.90 | cpu  62476188 5691 15207304 1929452271 1499773 0 234718 0 0 0
1791136223 2400, 13801, 49, 0x0000000000000000 | 1.17 1.21 0.90 | cpu  62476243 5691 15207374 1929454808 1499773 0 234718 0 0 0
1791136224 2400, 13801, 49, 0x0000000000000000 | 1.17 1.21 0.90 | cpu  62476297 5691 15207440 1929457288 1499773 0 234718 0 0 0
1791136225 2400, 13801, 49, 0x0000000000000000 | 1.17 1.21 0.90 | cpu  62476357 5691 15207504 1929459808 1499775 0 234718 0 0 0
1791136226 2400, 13801, 49, 0x0000000000000000 | 1.17 1.21 0.90 | cpu  62476408 5691 15207600 1929462308 1499775 0 234718 0 0 0
1791136227 2400, 13801, 49, 0x0000000000000000 | 1.16 1.20 0.90 | cpu  62476461 5691 15207665 1929464784 1499775 0 234718 0 0 0
1791136228 2400, 13801, 48, 0x0000000000000000 | 1.16 1.20 0.90 | cpu  62476510 5691 15207740 1929467375 1499775 0 234718 0 0 0
1791136229 2400, 13801, 48, 0x0000000000000000 | 1.16 1.20 0.90 | cpu  62476558 5691 15207806 1929469852 1499775 0 234718 0 0 0
1791136231 2400, 13801, 48, 0x0000000000000000 | 1.16 1.20 0.90 | cpu  62476603 5691 15207885 1929472443 1499776 0 234718 0 0 0
1791136232 2400, 13801, 48, 0x0000000000000000 | 1.16 1.20 0.90 | cpu  62476648 5691 15207958 1929474914 1499776 0 234718 0 0 0
1791136233 2400, 13801, 48, 0x0000000000000000 | 1.15 1.20 0.90 | cpu  62476699 5691 15208031 1929477442 1499777 0 234718 0 0 0
1791136234 2400, 13801, 48, 0x0000000000000000 | 1.15 1.20 0.90 | cpu  62476751 5691 15208097 1929479923 1499777 0 234718 0 0 0
1791136235 2400, 13801, 48, 0x0000000000000000 | 1.15 1.20 0.90 | cpu  62476796 5691 15208172 1929482464 1499777 0 234718 0 0 0
1791136236 2400, 13801, 48, 0x0000000000000000 | 1.15 1.20 0.90 | cpu  62476846 5691 15208238 1929484949 1499777 0 234718 0 0 0
1791136237 2400, 13801, 48, 0x0000000000000000 | 1.13 1.20 0.91 | cpu  62476896 5691 15208310 1929487474 1499778 0 234718 0 0 0
1791136238 2400, 13801, 48, 0x0000000000000000 | 1.13 1.20 0.91 | cpu  62476946 5691 15208390 1929489941 1499778 0 234718 0 0 0
1791136239 2400, 13801, 48, 0x0000000000000000 | 1.13 1.20 0.91 | cpu  62476995 5691 15208462 1929492415 1499778 0 234718 0 0 0
1791136240 2400, 13801, 48, 0x0000000000000000 | 1.13 1.20 0.91 | cpu  62477042 5691 15208538 1929494951 1499778 0 234718 0 0 0
1791136241 2400, 13801, 48, 0x0000000000000000 | 1.13 1.20 0.91 | cpu  62477091 5691 15208606 1929497436 1499778 0 234718 0 0 0
1791136243 2400, 13801, 48, 0x0000000000000000 | 1.12 1.19 0.91 | cpu  62477135 5691 15208688 1929500033 1499779 0 234718 0 0 0
1791136244 2400, 13801, 48, 0x0000000000000000 | 1.12 1.19 0.91 | cpu  62477190 5691 15208751 1929502518 1499779 0 234718 0 0 0
1791136245 2415, 13801, 47, 0x0000000000000000 | 1.12 1.19 0.91 | cpu  62477268 5691 15208791 1929505054 1499781 0 234718 0 0 0
1791136246 2857, 13801, 59, 0x0000000000000000 | 1.12 1.19 0.91 | cpu  62477378 5691 15208800 1929507584 1499781 0 234718 0 0 0
1791136247 2872, 13801, 57, 0x0000000000000000 | 1.11 1.19 0.91 | cpu  62477489 5691 15208821 1929510042 1499781 0 234718 0 0 0
1791136248 2857, 13801, 60, 0x0000000000000000 | 1.11 1.19 0.91 | cpu  62477602 5691 15208844 1929512514 1499782 0 234718 0 0 0
1791136249 2865, 13801, 61, 0x0000000000000004 | 1.11 1.19 0.91 | cpu  62477713 5691 15208862 1929514977 1499783 0 234718 0 0 0
1791136250 2857, 13801, 59, 0x0000000000000000 | 1.11 1.19 0.91 | cpu  62477827 5691 15208884 1929517472 1499783 0 234718 0 0 0
1791136251 2865, 13801, 62, 0x0000000000000004 | 1.11 1.19 0.91 | cpu  62477946 5691 15208905 1929519924 1499783 0 234718 0 0 0
1791136252 2865, 13801, 62, 0x0000000000000000 | 1.18 1.20 0.91 | cpu  62478060 5691 15208927 1929522447 1499783 0 234718 0 0 0
1791136254 2850, 13801, 63, 0x0000000000000004 | 1.18 1.20 0.91 | cpu  62478171 5691 15208948 1929524899 1499784 0 234718 0 0 0
1791136255 2850, 13801, 62, 0x0000000000000000 | 1.18 1.20 0.91 | cpu  62478288 5691 15208971 1929527405 1499784 0 234718 0 0 0
1791136256 2857, 13801, 61, 0x0000000000000000 | 1.18 1.20 0.91 | cpu  62478400 5691 15208990 1929529877 1499784 0 234718 0 0 0
1791136257 2850, 13801, 62, 0x0000000000000000 | 1.18 1.20 0.91 | cpu  62478513 5691 15209011 1929532374 1499784 0 234718 0 0 0
1791136258 2857, 13801, 62, 0x0000000000000000 | 1.25 1.22 0.92 | cpu  62478633 5691 15209032 1929534887 1499786 0 234718 0 0 0
1791136259 2842, 13801, 63, 0x0000000000000004 | 1.25 1.22 0.92 | cpu  62478745 5691 15209053 1929537340 1499786 0 234718 0 0 0
1791136260 2850, 13801, 63, 0x0000000000000000 | 1.25 1.22 0.92 | cpu  62478859 5691 15209074 1929539865 1499786 0 234718 0 0 0
1791136261 2850, 13801, 64, 0x0000000000000004 | 1.25 1.22 0.92 | cpu  62478973 5691 15209096 1929542323 1499786 0 234718 0 0 0
1791136262 2850, 13801, 63, 0x0000000000000004 | 1.23 1.21 0.92 | cpu  62479090 5691 15209118 1929544802 1499786 0 234718 0 0 0
1791136263 2850, 13801, 62, 0x0000000000000004 | 1.23 1.21 0.92 | cpu  62479202 5691 15209140 1929547259 1499787 0 234718 0 0 0
1791136264 2857, 13801, 64, 0x0000000000000004 | 1.23 1.21 0.92 | cpu  62479314 5691 15209158 1929549671 1499787 0 234718 0 0 0
1791136266 2850, 13801, 63, 0x0000000000000000 | 1.23 1.21 0.92 | cpu  62479427 5691 15209180 1929552198 1499787 0 234718 0 0 0
1791136267 2850, 13801, 65, 0x0000000000000004 | 1.23 1.21 0.92 | cpu  62479545 5691 15209202 1929554644 1499787 0 234718 0 0 0
1791136268 2850, 13801, 64, 0x0000000000000000 | 1.29 1.23 0.93 | cpu  62479658 5691 15209223 1929557146 1499787 0 234718 0 0 0
1791136269 2850, 13801, 65, 0x0000000000000004 | 1.29 1.23 0.93 | cpu  62479771 5691 15209244 1929559597 1499788 0 234718 0 0 0
1791136270 2842, 13801, 65, 0x0000000000000004 | 1.29 1.23 0.93 | cpu  62479887 5691 15209269 1929562170 1499788 0 234718 0 0 0
1791136271 2842, 13801, 64, 0x0000000000000000 | 1.29 1.23 0.93 | cpu  62480000 5691 15209292 1929564634 1499788 0 234718 0 0 0
1791136272 2842, 13801, 65, 0x0000000000000004 | 1.27 1.22 0.93 | cpu  62480112 5691 15209313 1929567098 1499788 0 234718 0 0 0
1791136273 2850, 13801, 66, 0x0000000000000004 | 1.27 1.22 0.93 | cpu  62480228 5691 15209335 1929569578 1499788 0 234718 0 0 0
1791136274 2850, 13801, 66, 0x0000000000000000 | 1.27 1.22 0.93 | cpu  62480340 5691 15209355 1929572000 1499789 0 234718 0 0 0
1791136275 2850, 13801, 67, 0x0000000000000004 | 1.27 1.22 0.93 | cpu  62480451 5691 15209380 1929574479 1499789 0 234718 0 0 0
1791136276 2842, 13801, 65, 0x0000000000000000 | 1.27 1.22 0.93 | cpu  62480566 5691 15209404 1929576983 1499789 0 234718 0 0 0
1791136278 2850, 13801, 65, 0x0000000000000000 | 1.25 1.22 0.93 | cpu  62480684 5691 15209429 1929579535 1499789 0 234718 0 0 0
1791136279 2850, 13801, 67, 0x0000000000000004 | 1.25 1.22 0.93 | cpu  62480798 5691 15209454 1929582054 1499789 0 234718 0 0 0
1791136280 2850, 13801, 67, 0x0000000000000004 | 1.25 1.22 0.93 | cpu  62480916 5691 15209480 1929584656 1499789 0 234718 0 0 0
1791136281 2835, 13801, 63, 0x0000000000000000 | 1.25 1.22 0.93 | cpu  62481032 5691 15209504 1929587105 1499791 0 234718 0 0 0
1791136282 2850, 13801, 66, 0x0000000000000004 | 1.23 1.21 0.93 | cpu  62481147 5691 15209533 1929589629 1499791 0 234718 0 0 0
1791136283 2842, 13801, 66, 0x0000000000000004 | 1.23 1.21 0.93 | cpu  62481260 5691 15209553 1929592083 1499791 0 234718 0 0 0
1791136284 2865, 13801, 66, 0x0000000000000004 | 1.23 1.21 0.93 | cpu  62481373 5691 15209580 1929594586 1499791 0 234718 0 0 0
1791136285 2842, 13801, 66, 0x0000000000000004 | 1.23 1.21 0.93 | cpu  62481488 5691 15209602 1929597057 1499791 0 234718 0 0 0
1791136286 2850, 13801, 66, 0x0000000000000004 | 1.23 1.21 0.93 | cpu  62481604 5691 15209625 1929599571 1499792 0 234718 0 0 0
1791136287 2850, 13801, 67, 0x0000000000000004 | 1.21 1.21 0.93 | cpu  62481716 5691 15209650 1929602083 1499792 0 234718 0 0 0
1791136289 2835, 13801, 66, 0x0000000000000000 | 1.21 1.21 0.93 | cpu  62481828 5691 15209668 1929604544 1499792 0 234718 0 0 0
1791136290 2850, 13801, 67, 0x0000000000000004 | 1.21 1.21 0.93 | cpu  62481949 5691 15209696 1929607069 1499792 0 234718 0 0 0
1791136291 2842, 13801, 67, 0x0000000000000000 | 1.21 1.21 0.93 | cpu  62482061 5691 15209719 1929609522 1499793 0 234718 0 0 0
1791136292 2850, 13801, 67, 0x0000000000000000 | 1.21 1.21 0.93 | cpu  62482173 5691 15209733 1929611955 1499793 0 234718 0 0 0
1791136293 2850, 13801, 68, 0x0000000000000004 | 1.19 1.21 0.93 | cpu  62482289 5691 15209774 1929614397 1499794 0 234718 0 0 0
1791136294 2850, 13801, 67, 0x0000000000000004 | 1.19 1.21 0.93 | cpu  62482403 5691 15209793 1929616931 1499795 0 234718 0 0 0
1791136295 2850, 13801, 66, 0x0000000000000000 | 1.19 1.21 0.93 | cpu  62482513 5691 15209808 1929619358 1499795 0 234718 0 0 0
1791136296 2842, 13801, 67, 0x0000000000000000 | 1.19 1.21 0.93 | cpu  62482627 5691 15209826 1929621851 1499795 0 234718 0 0 0
1791136297 2850, 13801, 69, 0x0000000000000004 | 1.26 1.22 0.93 | cpu  62482758 5691 15209854 1929624289 1499795 0 234718 0 0 0
1791136298 2842, 13801, 67, 0x0000000000000000 | 1.26 1.22 0.93 | cpu  62482867 5691 15209875 1929626754 1499795 0 234718 0 0 0
1791136299 2850, 13801, 67, 0x0000000000000000 | 1.26 1.22 0.93 | cpu  62482977 5691 15209890 1929629215 1499796 0 234718 0 0 0
1791136300 2842, 13801, 67, 0x0000000000000000 | 1.26 1.22 0.93 | cpu  62483090 5691 15209912 1929631661 1499796 0 234718 0 0 0
1791136302 2842, 13801, 66, 0x0000000000000000 | 1.26 1.22 0.93 | cpu  62483200 5691 15209928 1929634129 1499796 0 234718 0 0 0
1791136303 2842, 13801, 68, 0x0000000000000004 | 1.32 1.23 0.94 | cpu  62483312 5691 15209943 1929636582 1499796 0 234718 0 0 0
1791136304 2850, 13801, 68, 0x0000000000000004 | 1.32 1.23 0.94 | cpu  62483422 5691 15209959 1929639049 1499796 0 234718 0 0 0
1791136305 2850, 13801, 68, 0x0000000000000000 | 1.32 1.23 0.94 | cpu  62483533 5691 15209974 1929641514 1499797 0 234718 0 0 0
1791136306 2842, 13801, 67, 0x0000000000000000 | 1.32 1.23 0.94 | cpu  62483643 5691 15209992 1929643976 1499798 0 234718 0 0 0
1791136307 2850, 13801, 68, 0x0000000000000004 | 1.29 1.23 0.94 | cpu  62483755 5691 15210008 1929646427 1499799 0 234718 0 0 0
1791136308 2850, 13801, 68, 0x0000000000000004 | 1.29 1.23 0.94 | cpu  62483866 5691 15210030 1929648893 1499799 0 234718 0 0 0
1791136309 2850, 13801, 68, 0x0000000000000000 | 1.29 1.23 0.94 | cpu  62483976 5691 15210042 1929651354 1499799 0 234718 0 0 0
1791136310 2850, 13801, 69, 0x0000000000000004 | 1.29 1.23 0.94 | cpu  62484090 5691 15210061 1929653812 1499799 0 234718 0 0 0
1791136311 2842, 13801, 68, 0x0000000000000000 | 1.29 1.23 0.94 | cpu  62484198 5691 15210075 1929656233 1499799 0 234718 0 0 0
1791136312 2842, 13801, 70, 0x0000000000000004 | 1.27 1.22 0.94 | cpu  62484307 5691 15210092 1929658645 1499800 0 234718 0 0 0
1791136313 2842, 13801, 68, 0x0000000000000000 | 1.27 1.22 0.94 | cpu  62484418 5691 15210108 1929661113 1499801 0 234718 0 0 0
1791136314 2842, 13801, 69, 0x0000000000000004 | 1.27 1.22 0.94 | cpu  62484531 5691 15210128 1929663567 1499801 0 234718 0 0 0
1791136316 2850, 13801, 69, 0x0000000000000004 | 1.27 1.22 0.94 | cpu  62484640 5691 15210146 1929666027 1499801 0 234718 0 0 0
1791136317 2842, 13801, 67, 0x0000000000000000 | 1.27 1.22 0.94 | cpu  62484752 5691 15210168 1929668490 1499801 0 234718 0 0 0
1791136318 2835, 13801, 68, 0x0000000000000004 | 1.25 1.22 0.94 | cpu  62484863 5691 15210184 1929670977 1499801 0 234718 0 0 0
1791136319 2850, 13801, 70, 0x0000000000000004 | 1.25 1.22 0.94 | cpu  62484974 5691 15210200 1929673443 1499801 0 234718 0 0 0
1791136320 2850, 13801, 69, 0x0000000000000000 | 1.25 1.22 0.94 | cpu  62485084 5691 15210216 1929675908 1499801 0 234718 0 0 0
1791136321 2842, 13801, 69, 0x0000000000000004 | 1.25 1.22 0.94 | cpu  62485198 5691 15210238 1929678413 1499801 0 234718 0 0 0
1791136322 2842, 13801, 69, 0x0000000000000000 | 1.23 1.22 0.94 | cpu  62485309 5691 15210255 1929680871 1499803 0 234718 0 0 0
1791136323 2842, 13801, 69, 0x0000000000000004 | 1.23 1.22 0.94 | cpu  62485420 5691 15210269 1929683338 1499803 0 234718 0 0 0
1791136324 2842, 13801, 69, 0x0000000000000000 | 1.23 1.22 0.94 | cpu  62485533 5691 15210291 1929685797 1499804 0 234718 0 0 0
1791136325 2842, 13801, 70, 0x0000000000000004 | 1.23 1.22 0.94 | cpu  62485649 5691 15210311 1929688375 1499804 0 234718 0 0 0
1791136326 2850, 13801, 70, 0x0000000000000004 | 1.23 1.22 0.94 | cpu  62485760 5691 15210324 1929690842 1499804 0 234718 0 0 0
1791136327 2850, 13801, 70, 0x0000000000000004 | 1.21 1.21 0.94 | cpu  62485872 5691 15210342 1929693270 1499805 0 234718 0 0 0
1791136329 2842, 13801, 70, 0x0000000000000004 | 1.21 1.21 0.94 | cpu  62485983 5691 15210358 1929695722 1499805 0 234718 0 0 0
1791136330 2850, 13801, 69, 0x0000000000000000 | 1.21 1.21 0.94 | cpu  62486097 5691 15210374 1929698246 1499805 0 234718 0 0 0
1791136331 2850, 13801, 71, 0x0000000000000004 | 1.21 1.21 0.94 | cpu  62486208 5691 15210391 1929700711 1499805 0 234718 0 0 0
1791136332 2842, 13801, 70, 0x0000000000000004 | 1.21 1.21 0.94 | cpu  62486319 5691 15210407 1929703134 1499805 0 234718 0 0 0
1791136333 2850, 13801, 69, 0x0000000000000000 | 1.19 1.21 0.94 | cpu  62486432 5691 15210424 1929705645 1499805 0 234718 0 0 0
1791136334 2850, 13801, 71, 0x0000000000000004 | 1.19 1.21 0.94 | cpu  62486543 5691 15210443 1929708109 1499805 0 234718 0 0 0
1791136335 2842, 13801, 70, 0x0000000000000004 | 1.19 1.21 0.94 | cpu  62486660 5691 15210460 1929710565 1499805 0 234718 0 0 0
1791136336 2842, 13801, 71, 0x0000000000000004 | 1.19 1.21 0.94 | cpu  62486771 5691 15210478 1929713074 1499806 0 234718 0 0 0
1791136337 2850, 13801, 71, 0x0000000000000004 | 1.17 1.20 0.94 | cpu  62486881 5691 15210501 1929715530 1499806 0 234718 0 0 0
1791136338 2850, 13801, 70, 0x0000000000000000 | 1.17 1.20 0.94 | cpu  62486990 5691 15210515 1929717962 1499807 0 234718 0 0 0
1791136339 2842, 13801, 71, 0x0000000000000004 | 1.17 1.20 0.94 | cpu  62487102 5691 15210534 1929720431 1499807 0 234718 0 0 0
1791136340 2842, 13801, 70, 0x0000000000000004 | 1.17 1.20 0.94 | cpu  62487208 5691 15210550 1929722855 1499807 0 234718 0 0 0
1791136342 2842, 13801, 70, 0x0000000000000000 | 1.17 1.20 0.94 | cpu  62487323 5691 15210569 1929725372 1499808 0 234718 0 0 0
1791136343 2842, 13801, 70, 0x0000000000000000 | 1.16 1.20 0.94 | cpu  62487434 5691 15210585 1929727839 1499808 0 234718 0 0 0
1791136344 2850, 13801, 71, 0x0000000000000004 | 1.16 1.20 0.94 | cpu  62487546 5691 15210609 1929730358 1499808 0 234718 0 0 0
1791136345 2850, 13801, 70, 0x0000000000000004 | 1.16 1.20 0.94 | cpu  62487659 5691 15210628 1929732832 1499808 0 234718 0 0 0
1791136346 2850, 13801, 71, 0x0000000000000004 | 1.16 1.20 0.94 | cpu  62487768 5691 15210647 1929735261 1499808 0 234718 0 0 0
1791136347 2842, 13801, 71, 0x0000000000000004 | 1.15 1.20 0.94 | cpu  62487882 5691 15210667 1929737729 1499809 0 234718 0 0 0
1791136348 2842, 13801, 71, 0x0000000000000000 | 1.15 1.20 0.94 | cpu  62487995 5691 15210680 1929740203 1499809 0 234718 0 0 0
1791136349 2842, 13801, 71, 0x0000000000000004 | 1.15 1.20 0.94 | cpu  62488107 5691 15210697 1929742667 1499809 0 234718 0 0 0
1791136350 2842, 13801, 70, 0x0000000000000000 | 1.15 1.20 0.94 | cpu  62488217 5691 15210716 1929745127 1499809 0 234718 0 0 0
1791136351 2842, 13801, 70, 0x0000000000000004 | 1.15 1.20 0.94 | cpu  62488334 5691 15210736 1929747683 1499809 0 234718 0 0 0
1791136352 2842, 13801, 71, 0x0000000000000004 | 1.14 1.19 0.95 | cpu  62488443 5691 15210751 1929750147 1499809 0 234718 0 0 0
1791136354 2842, 13801, 70, 0x0000000000000000 | 1.14 1.19 0.95 | cpu  62488556 5691 15210767 1929752617 1499809 0 234718 0 0 0
1791136355 2835, 13801, 70, 0x0000000000000000 | 1.14 1.19 0.95 | cpu  62488646 5691 15210793 1929755082 1499811 0 234718 0 0 0
1791136356 2887, 13801, 60, 0x0000000000000000 | 1.14 1.19 0.95 | cpu  62488704 5691 15210850 1929757556 1499811 0 234718 0 0 0
1791136357 2400, 13801, 58, 0x0000000000000000 | 1.14 1.19 0.95 | cpu  62488758 5691 15210935 1929760009 1499811 0 234718 0 0 0
1791136358 2400, 13801, 58, 0x0000000000000000 | 1.12 1.19 0.95 | cpu  62488811 5691 15210999 1929762481 1499811 0 234718 0 0 0
1791136359 2400, 13801, 57, 0x0000000000000000 | 1.12 1.19 0.95 | cpu  62488867 5691 15211063 1929764949 1499811 0 234718 0 0 0
1791136360 2400, 13801, 57, 0x0000000000000000 | 1.12 1.19 0.95 | cpu  62488918 5691 15211126 1929767428 1499811 0 234718 0 0 0
1791136361 2400, 13801, 56, 0x0000000000000000 | 1.12 1.19 0.95 | cpu  62488970 5691 15211187 1929769907 1499811 0 234718 0 0 0
1791136362 2400, 13801, 56, 0x0000000000000000 | 1.11 1.19 0.95 | cpu  62489028 5691 15211246 1929772431 1499811 0 234718 0 0 0
1791136363 2400, 13801, 56, 0x0000000000000000 | 1.11 1.19 0.95 | cpu  62489078 5691 15211309 1929774907 1499812 0 234718 0 0 0
1791136364 2400, 13801, 56, 0x0000000000000000 | 1.11 1.19 0.95 | cpu  62489134 5691 15211367 1929777386 1499812 0 234718 0 0 0
1791136365 2400, 13801, 55, 0x0000000000000000 | 1.11 1.19 0.95 | cpu  62489190 5691 15211424 1929779851 1499812 0 234718 0 0 0
1791136367 2400, 13801, 55, 0x0000000000000000 | 1.11 1.19 0.95 | cpu  62489242 5691 15211486 1929782331 1499812 0 234718 0 0 0
1791136368 2400, 13801, 55, 0x0000000000000000 | 1.10 1.18 0.95 | cpu  62489299 5691 15211543 1929784809 1499812 0 234718 0 0 0
1791136369 2400, 13801, 55, 0x0000000000000000 | 1.10 1.18 0.95 | cpu  62489356 5691 15211600 1929787290 1499812 0 234718 0 0 0
1791136370 2400, 13801, 54, 0x0000000000000000 | 1.10 1.18 0.95 | cpu  62489407 5691 15211663 1929789753 1499812 0 234718 0 0 0
1791136371 2400, 13801, 54, 0x0000000000000000 | 1.10 1.18 0.95 | cpu  62489463 5691 15211722 1929792230 1499813 0 234718 0 0 0
1791136372 2400, 13801, 54, 0x0000000000000000 | 1.10 1.18 0.95 | cpu  62489514 5691 15211790 1929794700 1499814 0 234718 0 0 0
1791136373 2400, 13801, 54, 0x0000000000000000 | 1.10 1.18 0.95 | cpu  62489561 5691 15211856 1929797181 1499814 0 234718 0 0 0
1791136374 2400, 13801, 54, 0x0000000000000000 | 1.10 1.18 0.95 | cpu  62489631 5691 15211902 1929799660 1499814 0 234718 0 0 0
1791136375 2400, 13801, 54, 0x0000000000000000 | 1.10 1.18 0.95 | cpu  62489696 5691 15211968 1929802183 1499814 0 234718 0 0 0
