1791228370 2460, 14001, 48, 0x0000000000000000 | 1.17 1.38 1.56 | cpu  230535463 31397247 69574899 8113438354 11013082 0 1218981 0 0 0
1791228371 2460, 14001, 47, 0x0000000000000000 | 1.17 1.38 1.56 | cpu  230535776 31397247 69575067 8113441253 11013082 0 1218981 0 0 0
1791228372 390, 810, 46, 0x0000000000000000 | 1.32 1.41 1.56 | cpu  230535952 31397247 69575236 8113444305 11013082 0 1218981 0 0 0
1791228373 390, 810, 46, 0x0000000000000000 | 1.32 1.41 1.56 | cpu  230536056 31397247 69575330 8113447506 11013087 0 1218981 0 0 0
1791228374 225, 810, 46, 0x0000000000000000 | 1.32 1.41 1.56 | cpu  230536086 31397247 69575439 8113450763 11013088 0 1218981 0 0 0
1791228375 180, 405, 46, 0x0000000000000000 | 1.32 1.41 1.56 | cpu  230536222 31397247 69575499 8113453959 11013094 0 1218981 0 0 0
1791228376 180, 405, 46, 0x0000000000000000 | 1.32 1.41 1.56 | cpu  230536515 31397247 69575534 8113457014 11013094 0 1218981 0 0 0
1791228377 2460, 13801, 47, 0x0000000000000000 | 1.37 1.42 1.57 | cpu  230536767 31397247 69575573 8113460107 11013094 0 1218981 0 0 0
1791228378 2512, 13801, 47, 0x0000000000000000 | 1.37 1.42 1.57 | cpu  230536978 31397247 69575601 8113463261 11013094 0 1218981 0 0 0
1791228379 2625, 13801, 47, 0x0000000000000000 | 1.37 1.42 1.57 | cpu  230537129 31397247 69575627 8113466476 11013094 0 1218981 0 0 0
1791228380 2872, 13801, 48, 0x0000000000000000 | 1.37 1.42 1.57 | cpu  230537288 31397247 69575669 8113469669 11013094 0 1218982 0 0 0
1791228381 2872, 13801, 48, 0x0000000000000000 | 1.43 1.43 1.57 | cpu  230537431 31397247 69575729 8113472865 11013094 0 1218982 0 0 0
1791228382 2872, 13801, 48, 0x0000000000000000 | 1.43 1.43 1.57 | cpu  230537585 31397247 69575781 8113476052 11013094 0 1218982 0 0 0
1791228383 2872, 13801, 48, 0x0000000000000000 | 1.43 1.43 1.57 | cpu  230537734 31397247 69575809 8113479262 11013094 0 1218982 0 0 0
1791228384 2542, 13801, 47, 0x0000000000000000 | 1.43 1.43 1.57 | cpu  230537870 31397247 69575833 8113482500 11013094 0 1218982 0 0 0
1791228385 2820, 13801, 48, 0x0000000000000000 | 1.43 1.43 1.57 | cpu  230538021 31397247 69575854 8113485723 11013094 0 1218982 0 0 0
1791228387 2872, 13801, 48, 0x0000000000000000 | 2.51 1.65 1.64 | cpu  230538159 31397247 69575873 8113488962 11013094 0 1218982 0 0 0
1791228388 2872, 13801, 48, 0x0000000000000000 | 2.51 1.65 1.64 | cpu  230538305 31397247 69575895 8113492194 11013094 0 1218982 0 0 0
1791228389 2670, 13801, 48, 0x0000000000000000 | 2.51 1.65 1.64 | cpu  230538450 31397247 69575918 8113495410 11013094 0 1218982 0 0 0
1791228390 2872, 13801, 48, 0x0000000000000000 | 2.51 1.65 1.64 | cpu  230538586 31397247 69575945 8113498637 11013095 0 1218982 0 0 0
1791228391 2872, 13801, 48, 0x0000000000000000 | 2.51 1.65 1.64 | cpu  230538730 31397247 69575973 8113501855 11013095 0 1218982 0 0 0
1791228392 2872, 13801, 47, 0x0000000000000000 | 2.39 1.64 1.64 | cpu  230538766 31397247 69576052 8113505134 11013095 0 1218982 0 0 0
1791228393 2872, 13801, 47, 0x0000000000000000 | 2.39 1.64 1.64 | cpu  230538781 31397247 69576150 8113508405 11013095 0 1218982 0 0 0
1791228394 2812, 13801, 47, 0x0000000000000000 | 2.39 1.64 1.64 | cpu  230538781 31397247 69576261 8113511674 11013095 0 1218983 0 0 0
1791228395 2482, 13801, 47, 0x0000000000000000 | 2.39 1.64 1.64 | cpu  230538837 31397248 69576324 8113514943 11013095 0 1218984 0 0 0
1791228396 2482, 13801, 46, 0x0000000000000000 | 2.28 1.63 1.63 | cpu  230538907 31397248 69576373 8113518209 11013095 0 1218984 0 0 0
1791228397 2482, 13801, 46, 0x0000000000000000 | 2.28 1.63 1.63 | cpu  230538976 31397248 69576452 8113521455 11013095 0 1218985 0 0 0
1791228398 2482, 13801, 46, 0x0000000000000000 | 2.28 1.63 1.63 | cpu  230539046 31397248 69576544 8113524682 11013095 0 1218985 0 0 0
1791228399 2482, 13801, 46, 0x0000000000000000 | 2.28 1.63 1.63 | cpu  230539113 31397248 69576589 8113527960 11013095 0 1218985 0 0 0
1791228400 2565, 13801, 46, 0x0000000000000000 | 2.28 1.63 1.63 | cpu  230539193 31397248 69576622 8113531235 11013095 0 1218985 0 0 0
1791228401 2625, 13801, 46, 0x0000000000000000 | 2.18 1.62 1.63 | cpu  230539301 31397248 69576628 8113534513 11013095 0 1218985 0 0 0
1791228402 2460, 13801, 46, 0x0000000000000000 | 2.18 1.62 1.63 | cpu  230539408 31397248 69576634 8113537785 11013095 0 1218985 0 0 0
1791228403 2475, 13801, 46, 0x0000000000000000 | 2.18 1.62 1.63 | cpu  230539514 31397248 69576641 8113541060 11013095 0 1218986 0 0 0
1791228405 2460, 13801, 46, 0x0000000000000000 | 2.18 1.62 1.63 | cpu  230539621 31397248 69576646 8113544339 11013095 0 1218986 0 0 0
1791228406 2460, 13801, 46, 0x0000000000000000 | 2.18 1.62 1.63 | cpu  230539676 31397248 69576717 8113547601 11013095 0 1218986 0 0 0
1791228407 2460, 13801, 46, 0x0000000000000000 | 2.08 1.61 1.63 | cpu  230539719 31397248 69576786 8113550882 11013095 0 1218987 0 0 0
1791228408 2460, 13801, 46, 0x0000000000000000 | 2.08 1.61 1.63 | cpu  230539762 31397248 69576858 8113554161 11013095 0 1218987 0 0 0
1791228409 2460, 13801, 46, 0x0000000000000000 | 2.08 1.61 1.63 | cpu  230539804 31397248 69576927 8113557438 11013095 0 1218987 0 0 0
1791228410 2460, 13801, 46, 0x0000000000000000 | 2.08 1.61 1.63 | cpu  230539847 31397248 69576996 8113560716 11013095 0 1218987 0 0 0
1791228411 2460, 13801, 46, 0x0000000000000000 | 2.08 1.61 1.63 | cpu  230539896 31397248 69577061 8113563986 11013095 0 1218987 0 0 0
1791228412 2460, 13801, 45, 0x0000000000000000 | 2.00 1.60 1.62 | cpu  230539945 31397248 69577131 8113567251 11013095 0 1218987 0 0 0
1791228413 2460, 13801, 45, 0x0000000000000000 | 2.00 1.60 1.62 | cpu  230539995 31397248 69577230 8113570482 11013095 0 1218988 0 0 0
1791228414 2460, 13801, 45, 0x0000000000000000 | 2.00 1.60 1.62 | cpu  230540042 31397248 69577345 8113573710 11013095 0 1218988 0 0 0
1791228415 2460, 13801, 45, 0x0000000000000000 | 2.00 1.60 1.62 | cpu  230540087 31397248 69577412 8113576990 11013095 0 1218988 0 0 0
1791228416 2460, 13801, 45, 0x0000000000000000 | 1.92 1.59 1.62 | cpu  230540134 31397248 69577477 8113580259 11013096 0 1218988 0 0 0
1791228417 2460, 13801, 45, 0x0000000000000000 | 1.92 1.59 1.62 | cpu  230540182 31397248 69577551 8113583530 11013096 0 1218988 0 0 0
1791228418 2460, 13801, 45, 0x0000000000000000 | 1.92 1.59 1.62 | cpu  230540233 31397248 69577625 8113586792 11013096 0 1218988 0 0 0
1791228419 2460, 13801, 45, 0x0000000000000000 | 1.92 1.59 1.62 | cpu  230540275 31397248 69577698 8113590066 11013096 0 1218988 0 0 0
1791228420 2460, 13801, 45, 0x0000000000000000 | 1.92 1.59 1.62 | cpu  230540319 31397248 69577767 8113593340 11013096 0 1218988 0 0 0
1791228422 2460, 13801, 45, 0x0000000000000000 | 1.84 1.58 1.62 | cpu  230540366 31397248 69577834 8113596611 11013096 0 1218988 0 0 0
1791228423 2460, 13801, 45, 0x0000000000000000 | 1.84 1.58 1.62 | cpu  230540410 31397248 69577904 8113599892 11013096 0 1218988 0 0 0
1791228424 2460, 13801, 45, 0x0000000000000000 | 1.84 1.58 1.62 | cpu  230540453 31397248 69577973 8113603169 11013096 0 1218988 0 0 0
1791228425 2460, 13801, 45, 0x0000000000000000 | 1.84 1.58 1.62 | cpu  230540497 31397248 69578041 8113606444 11013096 0 1218988 0 0 0
1791228426 2460, 13801, 45, 0x0000000000000000 | 1.84 1.58 1.62 | cpu  230540541 31397248 69578111 8113609722 11013096 0 1218989 0 0 0
1791228427 2460, 13801, 45, 0x0000000000000000 | 1.77 1.57 1.61 | cpu  230540584 31397248 69578179 8113613000 11013096 0 1218989 0 0 0
1791228428 2460, 13801, 45, 0x0000000000000000 | 1.77 1.57 1.61 | cpu  230540634 31397248 69578256 8113616262 11013098 0 1218990 0 0 0
1791228429 2460, 13801, 45, 0x0000000000000000 | 1.77 1.57 1.61 | cpu  230540693 31397248 69578347 8113619499 11013098 0 1218991 0 0 0
1791228430 2460, 13801, 45, 0x0000000000000000 | 1.77 1.57 1.61 | cpu  230540761 31397248 69578518 8113622639 11013098 0 1218991 0 0 0
1791228431 2460, 13801, 45, 0x0000000000000000 | 1.79 1.58 1.61 | cpu  230540820 31397248 69578629 8113625860 11013098 0 1218991 0 0 0
1791228432 2460, 13801, 45, 0x0000000000000000 | 1.79 1.58 1.61 | cpu  230540865 31397248 69578700 8113629134 11013098 0 1218991 0 0 0
1791228433 2460, 13801, 44, 0x0000000000000000 | 1.79 1.58 1.61 | cpu  230540912 31397248 69578767 8113632406 11013098 0 1218992 0 0 0
1791228434 2460, 13801, 44, 0x0000000000000000 | 1.79 1.58 1.61 | cpu  230540953 31397248 69578839 8113635684 11013098 0 1218992 0 0 0
1791228435 2460, 13801, 44, 0x0000000000000000 | 1.79 1.58 1.61 | cpu  230540996 31397248 69578908 8113638960 11013098 0 1218992 0 0 0
1791228436 2460, 13801, 44, 0x0000000000000000 | 1.73 1.57 1.61 | cpu  230541043 31397248 69578991 8113642216 11013098 0 1218992 0 0 0
1791228437 2460, 13801, 44, 0x0000000000000000 | 1.73 1.57 1.61 | cpu  230541088 31397248 69579058 8113645493 11013098 0 1218992 0 0 0
1791228438 2460, 13801, 44, 0x0000000000000000 | 1.73 1.57 1.61 | cpu  230541140 31397248 69579126 8113648762 11013099 0 1218992 0 0 0
1791228440 2460, 13801, 44, 0x0000000000000000 | 1.73 1.57 1.61 | cpu  230541183 31397248 69579194 8113652039 11013099 0 1218992 0 0 0
1791228441 2460, 13801, 44, 0x0000000000000000 | 1.73 1.57 1.61 | cpu  230541227 31397248 69579270 8113655313 11013099 0 1218992 0 0 0
1791228442 2460, 13801, 44, 0x0000000000000000 | 1.67 1.56 1.61 | cpu  230541271 31397248 69579339 8113658584 11013099 0 1218994 0 0 0
1791228443 2460, 13801, 44, 0x0000000000000000 | 1.67 1.56 1.61 | cpu  230541314 31397248 69579408 8113661860 11013099 0 1218994 0 0 0
1791228444 2460, 13801, 44, 0x0000000000000000 | 1.67 1.56 1.61 | cpu  230541357 31397248 69579482 8113665141 11013099 0 1218995 0 0 0
1791228445 2460, 13801, 44, 0x0000000000000000 | 1.67 1.56 1.61 | cpu  230541399 31397248 69579553 8113668422 11013099 0 1218996 0 0 0
1791228446 2460, 13801, 44, 0x0000000000000000 | 1.67 1.56 1.61 | cpu  230541442 31397248 69579622 8113671697 11013099 0 1218997 0 0 0
1791228447 2460, 13801, 44, 0x0000000000000000 | 1.62 1.55 1.60 | cpu  230541490 31397248 69579687 8113674970 11013099 0 1218997 0 0 0
1791228448 2460, 13801, 44, 0x0000000000000000 | 1.62 1.55 1.60 | cpu  230541536 31397248 69579755 8113678249 11013099 0 1218997 0 0 0
1791228449 2460, 13801, 44, 0x0000000000000000 | 1.62 1.55 1.60 | cpu  230541579 31397248 69579824 8113681527 11013099 0 1218998 0 0 0
1791228450 2460, 13801, 44, 0x0000000000000000 | 1.62 1.55 1.60 | cpu  230541624 31397248 69579897 8113684795 11013099 0 1218998 0 0 0
1791228451 2460, 13801, 44, 0x0000000000000000 | 1.57 1.54 1.60 | cpu  230541669 31397248 69579965 8113688069 11013099 0 1218998 0 0 0
1791228452 2460, 13801, 44, 0x0000000000000000 | 1.57 1.54 1.60 | cpu  230541714 31397248 69580041 8113691342 11013099 0 1218999 0 0 0
1791228453 2460, 13801, 44, 0x0000000000000000 | 1.57 1.54 1.60 | cpu  230541755 31397248 69580113 8113694615 11013099 0 1218999 0 0 0
1791228454 2460, 13801, 44, 0x0000000000000000 | 1.57 1.54 1.60 | cpu  230541796 31397248 69580185 8113697891 11013099 0 1218999 0 0 0
1791228455 2460, 13801, 44, 0x0000000000000000 | 1.57 1.54 1.60 | cpu  230541850 31397248 69580249 8113701163 11013099 0 1219000 0 0 0
1791228456 2460, 13801, 44, 0x0000000000000000 | 1.52 1.53 1.60 | cpu  230541903 31397248 69580309 8113704433 11013099 0 1219000 0 0 0
1791228458 2460, 13801, 44, 0x0000000000000000 | 1.52 1.53 1.60 | cpu  230541955 31397248 69580368 8113707704 11013099 0 1219000 0 0 0
1791228459 2557, 13801, 45, 0x0000000000000000 | 1.52 1.53 1.60 | cpu  230542051 31397248 69580388 8113710985 11013099 0 1219000 0 0 0
1791228460 2857, 13801, 48, 0x0000000000000000 | 1.52 1.53 1.60 | cpu  230542160 31397248 69580396 8113714252 11013099 0 1219000 0 0 0
1791228461 2865, 13801, 48, 0x0000000000000000 | 1.52 1.53 1.60 | cpu  230542257 31397248 69580433 8113717501 11013099 0 1219000 0 0 0
1791228462 2850, 13801, 52, 0x0000000000000000 | 1.56 1.54 1.60 | cpu  230542393 31397248 69580522 8113720653 11013099 0 1219001 0 0 0
1791228463 2865, 13801, 49, 0x0000000000000000 | 1.56 1.54 1.60 | cpu  230542524 31397248 69580552 8113723874 11013099 0 1219002 0 0 0
1791228464 2842, 13801, 55, 0x0000000000000000 | 1.56 1.54 1.60 | cpu  230542631 31397248 69580567 8113727146 11013099 0 1219002 0 0 0
1791228465 2842, 13801, 52, 0x0000000000000000 | 1.56 1.54 1.60 | cpu  230542739 31397248 69580582 8113730422 11013099 0 1219002 0 0 0
1791228466 2865, 13801, 50, 0x0000000000000000 | 1.56 1.54 1.60 | cpu  230542847 31397248 69580596 8113733699 11013100 0 1219002 0 0 0
1791228467 2850, 13801, 53, 0x0000000000000000 | 1.60 1.54 1.60 | cpu  230542956 31397248 69580608 8113736979 11013100 0 1219002 0 0 0
1791228468 2865, 13801, 52, 0x0000000000000000 | 1.60 1.54 1.60 | cpu  230543065 31397248 69580623 8113740260 11013100 0 1219003 0 0 0
1791228469 2865, 13801, 53, 0x0000000000000000 | 1.60 1.54 1.60 | cpu  230543173 31397248 69580635 8113743547 11013100 0 1219003 0 0 0
1791228470 2842, 13801, 54, 0x0000000000000000 | 1.60 1.54 1.60 | cpu  230543282 31397248 69580649 8113746828 11013100 0 1219003 0 0 0
1791228471 2865, 13801, 52, 0x0000000000000000 | 1.63 1.55 1.60 | cpu  230543391 31397248 69580663 8113750100 11013100 0 1219003 0 0 0
1791228472 2850, 13801, 54, 0x0000000000000000 | 1.63 1.55 1.60 | cpu  230543500 31397248 69580678 8113753378 11013100 0 1219003 0 0 0
1791228473 2850, 13801, 53, 0x0000000000000000 | 1.63 1.55 1.60 | cpu  230543609 31397248 69580691 8113756653 11013100 0 1219003 0 0 0
1791228475 2850, 13801, 56, 0x0000000000000000 | 1.63 1.55 1.60 | cpu  230543721 31397248 69580706 8113759919 11013100 0 1219004 0 0 0
1791228476 2842, 13801, 56, 0x0000000000000000 | 1.63 1.55 1.60 | cpu  230543830 31397248 69580723 8113763194 11013100 0 1219004 0 0 0
1791228477 2865, 13801, 53, 0x0000000000000000 | 1.58 1.54 1.60 | cpu  230543939 31397248 69580737 8113766466 11013100 0 1219004 0 0 0
1791228478 2850, 13801, 58, 0x0000000000000000 | 1.58 1.54 1.60 | cpu  230544048 31397248 69580749 8113769743 11013100 0 1219004 0 0 0
1791228479 2850, 13801, 54, 0x0000000000000000 | 1.58 1.54 1.60 | cpu  230544156 31397248 69580763 8113773016 11013100 0 1219004 0 0 0
1791228480 2842, 13801, 59, 0x0000000000000000 | 1.58 1.54 1.60 | cpu  230544264 31397248 69580777 8113776290 11013100 0 1219005 0 0 0
1791228481 2842, 13801, 59, 0x0000000000000000 | 1.58 1.54 1.60 | cpu  230544377 31397248 69580796 8113779564 11013100 0 1219005 0 0 0
1791228482 2857, 13801, 51, 0x0000000000000000 | 1.53 1.53 1.60 | cpu  230544485 31397248 69580808 8113782843 11013100 0 1219005 0 0 0
1791228483 2850, 13801, 53, 0x0000000000000000 | 1.53 1.53 1.60 | cpu  230544594 31397248 69580822 8113786119 11013100 0 1219005 0 0 0
1791228484 2842, 13801, 59, 0x0000000000000000 | 1.53 1.53 1.60 | cpu  230544703 31397248 69580835 8113789396 11013100 0 1219006 0 0 0
1791228485 2850, 13801, 56, 0x0000000000000000 | 1.53 1.53 1.60 | cpu  230544812 31397248 69580849 8113792678 11013100 0 1219006 0 0 0
1791228486 2850, 13801, 56, 0x0000000000000000 | 1.49 1.52 1.59 | cpu  230544930 31397248 69580867 8113795945 11013100 0 1219007 0 0 0
1791228487 2850, 13801, 55, 0x0000000000000000 | 1.49 1.52 1.59 | cpu  230545038 31397248 69580879 8113799222 11013100 0 1219008 0 0 0
1791228488 2850, 13801, 54, 0x0000000000000000 | 1.49 1.52 1.59 | cpu  230545148 31397248 69580894 8113802495 11013100 0 1219008 0 0 0
1791228489 2842, 13801, 58, 0x0000000000000000 | 1.49 1.52 1.59 | cpu  230545257 31397248 69580908 8113805774 11013100 0 1219010 0 0 0
1791228490 2850, 13801, 56, 0x0000000000000000 | 1.49 1.52 1.59 | cpu  230545366 31397248 69580920 8113809047 11013100 0 1219010 0 0 0
1791228492 2850, 13801, 59, 0x0000000000000000 | 1.45 1.52 1.59 | cpu  230545474 31397248 69580937 8113812321 11013100 0 1219010 0 0 0
1791228493 2850, 13801, 55, 0x0000000000000000 | 1.45 1.52 1.59 | cpu  230545582 31397248 69580951 8113815590 11013100 0 1219010 0 0 0
1791228494 2850, 13801, 55, 0x0000000000000000 | 1.45 1.52 1.59 | cpu  230545695 31397248 69580969 8113818864 11013100 0 1219010 0 0 0
1791228495 2850, 13801, 57, 0x0000000000000000 | 1.45 1.52 1.59 | cpu  230545808 31397248 69581009 8113822107 11013100 0 1219010 0 0 0
1791228496 2842, 13801, 59, 0x0000000000000000 | 1.45 1.52 1.59 | cpu  230545922 31397248 69581112 8113825302 11013100 0 1219011 0 0 0
1791228497 2842, 13801, 58, 0x0000000000000000 | 1.41 1.51 1.59 | cpu  230546030 31397248 69581126 8113828584 11013100 0 1219011 0 0 0
1791228498 2850, 13801, 59, 0x0000000000000000 | 1.41 1.51 1.59 | cpu  230546143 31397248 69581143 8113831855 11013100 0 1219011 0 0 0
1791228499 2850, 13801, 57, 0x0000000000000000 | 1.41 1.51 1.59 | cpu  230546250 31397248 69581156 8113835131 11013100 0 1219011 0 0 0
1791228500 2842, 13801, 58, 0x0000000000000000 | 1.41 1.51 1.59 | cpu  230546359 31397248 69581170 8113838407 11013100 0 1219011 0 0 0
1791228501 2842, 13801, 62, 0x0000000000000000 | 1.46 1.52 1.59 | cpu  230546469 31397248 69581185 8113841688 11013100 0 1219012 0 0 0
1791228502 2850, 13801, 57, 0x0000000000000000 | 1.46 1.52 1.59 | cpu  230546578 31397248 69581199 8113844968 11013100 0 1219012 0 0 0
1791228503 2842, 13801, 60, 0x0000000000000000 | 1.46 1.52 1.59 | cpu  230546687 31397248 69581214 8113848239 11013100 0 1219012 0 0 0
1791228504 2850, 13801, 56, 0x0000000000000000 | 1.46 1.52 1.59 | cpu  230546796 31397249 69581228 8113851510 11013100 0 1219012 0 0 0
1791228505 2842, 13801, 59, 0x0000000000000000 | 1.46 1.52 1.59 | cpu  230546912 31397249 69581249 8113854774 11013100 0 1219013 0 0 0
1791228506 2842, 13801, 60, 0x0000000000000000 | 1.42 1.51 1.59 | cpu  230547021 31397249 69581260 8113858054 11013100 0 1219013 0 0 0
1791228507 2850, 13801, 57, 0x0000000000000000 | 1.42 1.51 1.59 | cpu  230547134 31397249 69581281 8113861316 11013100 0 1219013 0 0 0
1791228509 2842, 13801, 58, 0x0000000000000000 | 1.42 1.51 1.59 | cpu  230547247 31397249 69581299 8113864588 11013100 0 1219013 0 0 0
1791228510 2842, 13801, 60, 0x0000000000000000 | 1.42 1.51 1.59 | cpu  230547366 31397249 69581387 8113867784 11013101 0 1219017 0 0 0
1791228511 2842, 13801, 61, 0x0000000000000000 | 1.42 1.51 1.59 | cpu  230547478 31397249 69581413 8113871055 11013101 0 1219017 0 0 0
1791228512 2827, 13801, 64, 0x0000000000000000 | 1.39 1.50 1.58 | cpu  230547587 31397249 69581428 8113874341 11013101 0 1219017 0 0 0
1791228513 2850, 13801, 61, 0x0000000000000000 | 1.39 1.50 1.58 | cpu  230547695 31397249 69581444 8113877621 11013101 0 1219018 0 0 0
1791228514 2835, 13801, 58, 0x0000000000000000 | 1.39 1.50 1.58 | cpu  230547807 31397249 69581470 8113880883 11013101 0 1219018 0 0 0
1791228515 2842, 13801, 63, 0x0000000000000000 | 1.39 1.50 1.58 | cpu  230547915 31397249 69581485 8113884165 11013101 0 1219019 0 0 0
1791228516 2835, 13801, 62, 0x0000000000000000 | 1.39 1.50 1.58 | cpu  230548023 31397249 69581498 8113887440 11013101 0 1219019 0 0 0
1791228517 2842, 13801, 62, 0x0000000000000000 | 1.44 1.51 1.59 | cpu  230548131 31397249 69581514 8113890714 11013101 0 1219019 0 0 0
1791228518 2842, 13801, 62, 0x0000000000000000 | 1.44 1.51 1.59 | cpu  230548247 31397249 69581530 8113893991 11013101 0 1219020 0 0 0
1791228519 2842, 13801, 62, 0x0000000000000000 | 1.44 1.51 1.59 | cpu  230548355 31397249 69581544 8113897272 11013101 0 1219020 0 0 0
1791228520 2827, 13801, 66, 0x0000000000000000 | 1.44 1.51 1.59 | cpu  230548468 31397249 69581564 8113900545 11013101 0 1219020 0 0 0
1791228521 2827, 13801, 63, 0x0000000000000000 | 1.40 1.50 1.58 | cpu  230548577 31397249 69581579 8113903827 11013101 0 1219020 0 0 0
1791228522 2827, 13801, 63, 0x0000000000000000 | 1.40 1.50 1.58 | cpu  230548686 31397249 69581594 8113907097 11013101 0 1219020 0 0 0
1791228523 2842, 13801, 59, 0x0000000000000000 | 1.40 1.50 1.58 | cpu  230548799 31397249 69581612 8113910382 11013101 0 1219020 0 0 0
1791228525 2842, 13801, 61, 0x0000000000000000 | 1.40 1.50 1.58 | cpu  230548908 31397249 69581625 8113913665 11013101 0 1219020 0 0 0
1791228526 2827, 13801, 63, 0x0000000000000000 | 1.40 1.50 1.58 | cpu  230549020 31397249 69581653 8113916936 11013101 0 1219020 0 0 0
1791228527 2842, 13801, 61, 0x0000000000000000 | 1.37 1.49 1.58 | cpu  230549128 31397249 69581667 8113920216 11013101 0 1219020 0 0 0
1791228528 2835, 13801, 65, 0x0000000000000000 | 1.37 1.49 1.58 | cpu  230549237 31397249 69581682 8113923505 11013101 0 1219020 0 0 0
1791228529 2827, 13801, 63, 0x0000000000000000 | 1.37 1.49 1.58 | cpu  230549345 31397249 69581695 8113926782 11013101 0 1219020 0 0 0
1791228530 2850, 13801, 59, 0x0000000000000000 | 1.37 1.49 1.58 | cpu  230549454 31397249 69581709 8113930067 11013101 0 1219020 0 0 0
1791228531 2842, 13801, 60, 0x0000000000000000 | 1.37 1.49 1.58 | cpu  230549566 31397249 69581725 8113933333 11013101 0 1219020 0 0 0
1791228532 2850, 13801, 60, 0x0000000000000000 | 1.34 1.48 1.58 | cpu  230549681 31397249 69581745 8113936605 11013101 0 1219020 0 0 0
1791228533 2842, 13801, 63, 0x0000000000000000 | 1.34 1.48 1.58 | cpu  230549790 31397249 69581759 8113939878 11013101 0 1219020 0 0 0
1791228534 2850, 13801, 60, 0x0000000000000000 | 1.34 1.48 1.58 | cpu  230549899 31397249 69581773 8113943157 11013101 0 1219020 0 0 0
1791228535 2835, 13801, 60, 0x0000000000000000 | 1.34 1.48 1.58 | cpu  230550006 31397249 69581788 8113946433 11013101 0 1219020 0 0 0
1791228536 2850, 13801, 59, 0x0000000000000000 | 1.31 1.47 1.57 | cpu  230550115 31397249 69581802 8113949714 11013101 0 1219020 0 0 0
1791228537 2835, 13801, 64, 0x0000000000000000 | 1.31 1.47 1.57 | cpu  230550224 31397249 69581816 8113952990 11013101 0 1219020 0 0 0
1791228538 2835, 13801, 63, 0x0000000000000000 | 1.31 1.47 1.57 | cpu  230550333 31397249 69581832 8113956265 11013101 0 1219021 0 0 0
1791228539 2850, 13801, 60, 0x0000000000000000 | 1.31 1.47 1.57 | cpu  230550443 31397249 69581848 8113959534 11013101 0 1219021 0 0 0
1791228540 2850, 13801, 59, 0x0000000000000000 | 1.31 1.47 1.57 | cpu  230550551 31397249 69581863 8113962816 11013101 0 1219021 0 0 0
1791228542 2850, 13801, 58, 0x0000000000000000 | 1.37 1.48 1.57 | cpu  230550671 31397249 69581949 8113966006 11013101 0 1219023 0 0 0
1791228543 2842, 13801, 62, 0x0000000000000000 | 1.37 1.48 1.57 | cpu  230550781 31397249 69581962 8113969290 11013101 0 1219024 0 0 0
1791228544 2827, 13801, 65, 0x0000000000000000 | 1.37 1.48 1.57 | cpu  230550891 31397249 69581980 8113972558 11013101 0 1219026 0 0 0
1791228545 2850, 13801, 60, 0x0000000000000000 | 1.37 1.48 1.57 | cpu  230551000 31397249 69581995 8113975841 11013101 0 1219026 0 0 0
1791228546 2835, 13801, 62, 0x0000000000000000 | 1.37 1.48 1.57 | cpu  230551109 31397249 69582009 8113979120 11013101 0 1219026 0 0 0
1791228547 2842, 13801, 61, 0x0000000000000000 | 1.34 1.47 1.57 | cpu  230551217 31397249 69582022 8113982401 11013101 0 1219026 0 0 0
1791228548 2850, 13801, 58, 0x0000000000000000 | 1.34 1.47 1.57 | cpu  230551326 31397249 69582037 8113985676 11013101 0 1219026 0 0 0
1791228549 2850, 13801, 60, 0x0000000000000000 | 1.34 1.47 1.57 | cpu  230551435 31397249 69582051 8113988959 11013101 0 1219026 0 0 0
1791228550 2835, 13801, 61, 0x0000000000000000 | 1.34 1.47 1.57 | cpu  230551545 31397249 69582066 8113992228 11013101 0 1219027 0 0 0
1791228551 2842, 13801, 64, 0x0000000000000000 | 1.31 1.46 1.57 | cpu  230551654 31397249 69582081 8113995506 11013102 0 1219027 0 0 0
1791228552 2842, 13801, 61, 0x0000000000000000 | 1.31 1.46 1.57 | cpu  230551763 31397249 69582095 8113998787 11013102 0 1219027 0 0 0
1791228553 2842, 13801, 62, 0x0000000000000000 | 1.31 1.46 1.57 | cpu  230551871 31397249 69582111 8114002073 11013102 0 1219027 0 0 0
1791228554 2827, 13801, 62, 0x0000000000000000 | 1.31 1.46 1.57 | cpu  230551982 31397249 69582126 8114005336 11013102 0 1219028 0 0 0
1791228555 2842, 13801, 59, 0x0000000000000000 | 1.31 1.46 1.57 | cpu  230552097 31397249 69582146 8114008596 11013102 0 1219028 0 0 0
1791228556 2842, 13801, 61, 0x0000000000000000 | 1.37 1.47 1.57 | cpu  230552207 31397249 69582161 8114011870 11013102 0 1219028 0 0 0
1791228557 2827, 13801, 63, 0x0000000000000000 | 1.37 1.47 1.57 | cpu  230552323 31397249 69582190 8114015126 11013102 0 1219029 0 0 0
1791228559 2835, 13801, 60, 0x0000000000000000 | 1.37 1.47 1.57 | cpu  230552437 31397249 69582283 8114018320 11013102 0 1219029 0 0 0
1791228560 2827, 13801, 63, 0x0000000000000000 | 1.37 1.47 1.57 | cpu  230552547 31397249 69582333 8114021563 11013102 0 1219029 0 0 0
1791228561 2827, 13801, 64, 0x0000000000000000 | 1.37 1.47 1.57 | cpu  230552657 31397249 69582348 8114024851 11013102 0 1219029 0 0 0
1791228562 2850, 13801, 59, 0x0000000000000000 | 1.34 1.47 1.57 | cpu  230552766 31397249 69582363 8114028124 11013102 0 1219029 0 0 0
1791228563 2842, 13801, 62, 0x0000000000000000 | 1.34 1.47 1.57 | cpu  230552875 31397249 69582377 8114031399 11013102 0 1219029 0 0 0
1791228564 2842, 13801, 62, 0x0000000000000000 | 1.34 1.47 1.57 | cpu  230552984 31397249 69582390 8114034677 11013102 0 1219029 0 0 0
1791228565 2850, 13801, 62, 0x0000000000000000 | 1.34 1.47 1.57 | cpu  230553093 31397249 69582404 8114037961 11013102 0 1219029 0 0 0
1791228566 2842, 13801, 62, 0x0000000000000000 | 1.34 1.47 1.57 | cpu  230553212 31397249 69582422 8114041239 11013102 0 1219030 0 0 0
1791228567 2850, 13801, 59, 0x0000000000000000 | 1.31 1.46 1.56 | cpu  230553321 31397249 69582434 8114044526 11013102 0 1219030 0 0 0
1791228568 2835, 13801, 64, 0x0000000000000000 | 1.31 1.46 1.56 | cpu  230553430 31397249 69582450 8114047804 11013102 0 1219030 0 0 0
1791228569 2827, 13801, 63, 0x0000000000000000 | 1.31 1.46 1.56 | cpu  230553538 31397249 69582464 8114051083 11013102 0 1219031 0 0 0
1791228570 2850, 13801, 57, 0x0000000000000000 | 1.31 1.46 1.56 | cpu  230553648 31397249 69582482 8114054354 11013102 0 1219031 0 0 0
1791228571 2827, 13801, 66, 0x0000000000000000 | 1.28 1.45 1.56 | cpu  230553760 31397249 69582501 8114057633 11013102 0 1219031 0 0 0
1791228572 2827, 13801, 62, 0x0000000000000000 | 1.28 1.45 1.56 | cpu  230553868 31397249 69582515 8114060911 11013102 0 1219033 0 0 0
1791228573 2827, 13801, 63, 0x0000000000000000 | 1.28 1.45 1.56 | cpu  230553987 31397250 69582600 8114064104 11013102 0 1219034 0 0 0
1791228574 2842, 13801, 61, 0x0000000000000000 | 1.28 1.45 1.56 | cpu  230554095 31397250 69582614 8114067376 11013102 0 1219034 0 0 0
1791228576 2842, 13801, 60, 0x0000000000000000 | 1.28 1.45 1.56 | cpu  230554204 31397250 69582627 8114070662 11013102 0 1219034 0 0 0
1791228577 2827, 13801, 63, 0x0000000000000000 | 1.34 1.46 1.56 | cpu  230554313 31397250 69582641 8114073943 11013102 0 1219034 0 0 0
1791228578 2850, 13801, 59, 0x0000000000000000 | 1.34 1.46 1.56 | cpu  230554423 31397250 69582659 8114077215 11013102 0 1219034 0 0 0
1791228579 2827, 13801, 65, 0x0000000000000000 | 1.34 1.46 1.56 | cpu  230554532 31397250 69582673 8114080492 11013102 0 1219035 0 0 0
1791228580 2850, 13801, 60, 0x0000000000000000 | 1.34 1.46 1.56 | cpu  230554642 31397250 69582689 8114083762 11013102 0 1219036 0 0 0
1791228581 2842, 13801, 62, 0x0000000000000000 | 1.34 1.46 1.56 | cpu  230554752 31397250 69582703 8114087041 11013102 0 1219036 0 0 0
1791228582 2850, 13801, 60, 0x0000000000000000 | 1.31 1.45 1.56 | cpu  230554860 31397250 69582717 8114090314 11013102 0 1219037 0 0 0
1791228583 2850, 13801, 59, 0x0000000000000000 | 1.31 1.45 1.56 | cpu  230554969 31397250 69582732 8114093589 11013102 0 1219038 0 0 0
1791228584 2850, 13801, 58, 0x0000000000000000 | 1.31 1.45 1.56 | cpu  230555078 31397250 69582745 8114096867 11013102 0 1219038 0 0 0
1791228585 2842, 13801, 60, 0x0000000000000000 | 1.31 1.45 1.56 | cpu  230555186 31397250 69582759 8114100158 11013102 0 1219038 0 0 0
1791228586 2850, 13801, 57, 0x0000000000000000 | 1.29 1.44 1.56 | cpu  230555295 31397250 69582774 8114103429 11013102 0 1219038 0 0 0
1791228587 2850, 13801, 59, 0x0000000000000000 | 1.29 1.44 1.56 | cpu  230555403 31397250 69582788 8114106699 11013102 0 1219038 0 0 0
1791228588 2850, 13801, 60, 0x0000000000000000 | 1.29 1.44 1.56 | cpu  230555515 31397250 69582807 8114109972 11013103 0 1219039 0 0 0
1791228589 2842, 13801, 60, 0x0000000000000000 | 1.29 1.44 1.56 | cpu  230555624 31397250 69582821 8114113250 11013103 0 1219039 0 0 0
1791228590 2850, 13801, 59, 0x0000000000000000 | 1.29 1.44 1.56 | cpu  230555732 31397250 69582833 8114116526 11013103 0 1219040 0 0 0
1791228592 2842, 13801, 58, 0x0000000000000000 | 1.27 1.44 1.55 | cpu  230555847 31397250 69582861 8114119776 11013103 0 1219040 0 0 0
1791228593 2842, 13801, 63, 0x0000000000000000 | 1.27 1.44 1.55 | cpu  230555957 31397250 69582875 8114123057 11013103 0 1219041 0 0 0
1791228594 2850, 13801, 60, 0x0000000000000000 | 1.27 1.44 1.55 | cpu  230556070 31397250 69582897 8114126325 11013103 0 1219041 0 0 0
1791228595 2827, 13801, 65, 0x0000000000000000 | 1.27 1.44 1.55 | cpu  230556178 31397250 69582910 8114129618 11013103 0 1219041 0 0 0
1791228596 2827, 13801, 62, 0x0000000000000000 | 1.27 1.44 1.55 | cpu  230556287 31397250 69582924 8114132890 11013103 0 1219041 0 0 0
1791228597 2850, 13801, 60, 0x0000000000000000 | 1.24 1.43 1.55 | cpu  230556396 31397250 69582938 8114136175 11013103 0 1219041 0 0 0
1791228598 2842, 13801, 64, 0x0000000000000000 | 1.24 1.43 1.55 | cpu  230556505 31397250 69582951 8114139462 11013103 0 1219041 0 0 0
1791228599 2850, 13801, 59, 0x0000000000000000 | 1.24 1.43 1.55 | cpu  230556614 31397250 69582967 8114142735 11013103 0 1219042 0 0 0
1791228600 2850, 13801, 58, 0x0000000000000000 | 1.24 1.43 1.55 | cpu  230556726 31397250 69582985 8114146004 11013103 0 1219042 0 0 0
1791228601 2850, 13801, 58, 0x0000000000000000 | 1.70 1.52 1.58 | cpu  230556847 31397250 69583017 8114149244 11013103 0 1219046 0 0 0
1791228602 2850, 13801, 60, 0x0000000000000000 | 1.70 1.52 1.58 | cpu  230556972 31397250 69583051 8114152475 11013103 0 1219047 0 0 0
1791228603 2827, 13801, 63, 0x0000000000000000 | 1.70 1.52 1.58 | cpu  230557086 31397250 69583072 8114155745 11013103 0 1219047 0 0 0
1791228604 2827, 13801, 64, 0x0000000000000000 | 1.70 1.52 1.58 | cpu  230557194 31397250 69583085 8114159025 11013103 0 1219047 0 0 0
1791228605 2842, 13801, 61, 0x0000000000000000 | 1.70 1.52 1.58 | cpu  230557301 31397250 69583099 8114162306 11013103 0 1219047 0 0 0
1791228606 2827, 13801, 64, 0x0000000000000000 | 1.65 1.51 1.57 | cpu  230557414 31397250 69583115 8114165582 11013103 0 1219048 0 0 0
1791228607 2827, 13801, 63, 0x0000000000000000 | 1.65 1.51 1.57 | cpu  230557522 31397250 69583130 8114168866 11013103 0 1219048 0 0 0
1791228609 2827, 13801, 65, 0x0000000000000000 | 1.65 1.51 1.57 | cpu  230557632 31397250 69583146 8114172145 11013103 0 1219048 0 0 0
1791228610 2842, 13801, 61, 0x0000000000000000 | 1.65 1.51 1.57 | cpu  230557740 31397250 69583161 8114175431 11013103 0 1219048 0 0 0
1791228611 2827, 13801, 66, 0x0000000000000000 | 1.65 1.51 1.57 | cpu  230557849 31397250 69583175 8114178707 11013104 0 1219048 0 0 0
1791228612 2850, 13801, 59, 0x0000000000000000 | 1.60 1.50 1.57 | cpu  230557961 31397250 69583193 8114181974 11013104 0 1219050 0 0 0
1791228613 2827, 13801, 65, 0x0000000000000000 | 1.60 1.50 1.57 | cpu  230558070 31397250 69583206 8114185258 11013104 0 1219050 0 0 0
1791228614 2827, 13801, 61, 0x0000000000000000 | 1.60 1.50 1.57 | cpu  230558178 31397250 69583221 8114188533 11013104 0 1219050 0 0 0
1791228615 2842, 13801, 62, 0x0000000000000000 | 1.60 1.50 1.57 | cpu  230558286 31397250 69583234 8114191814 11013104 0 1219050 0 0 0
1791228616 2835, 13801, 62, 0x0000000000000000 | 1.60 1.50 1.57 | cpu  230558395 31397250 69583249 8114195100 11013104 0 1219050 0 0 0
1791228617 2842, 13801, 62, 0x0000000000000000 | 1.55 1.50 1.57 | cpu  230558504 31397250 69583264 8114198398 11013104 0 1219050 0 0 0
1791228618 2842, 13801, 60, 0x0000000000000000 | 1.55 1.50 1.57 | cpu  230558612 31397250 69583278 8114201676 11013104 0 1219051 0 0 0
1791228619 2850, 13801, 57, 0x0000000000000000 | 1.55 1.50 1.57 | cpu  230558723 31397250 69583296 8114204939 11013104 0 1219051 0 0 0
1791228620 2842, 13801, 64, 0x0000000000000000 | 1.55 1.50 1.57 | cpu  230558834 31397250 69583313 8114208227 11013104 0 1219051 0 0 0
1791228621 2850, 13801, 59, 0x0000000000000000 | 1.58 1.50 1.57 | cpu  230558953 31397250 69583360 8114211458 11013104 0 1219052 0 0 0
1791228622 2827, 13801, 62, 0x0000000000000000 | 1.58 1.50 1.57 | cpu  230559071 31397250 69583464 8114214634 11013104 0 1219057 0 0 0
1791228623 2827, 13801, 65, 0x0000000000000000 | 1.58 1.50 1.57 | cpu  230559181 31397250 69583478 8114217922 11013104 0 1219057 0 0 0
1791228624 2827, 13801, 62, 0x0000000000000000 | 1.58 1.50 1.57 | cpu  230559290 31397250 69583493 8114221199 11013104 0 1219057 0 0 0
1791228626 2850, 13801, 60, 0x0000000000000000 | 1.58 1.50 1.57 | cpu  230559398 31397250 69583507 8114224479 11013104 0 1219057 0 0 0
1791228627 2850, 13801, 63, 0x0000000000000000 | 1.54 1.50 1.57 | cpu  230559507 31397250 69583522 8114227760 11013104 0 1219058 0 0 0
1791228628 2850, 13801, 60, 0x0000000000000000 | 1.54 1.50 1.57 | cpu  230559616 31397250 69583536 8114231035 11013104 0 1219058 0 0 0
1791228629 2827, 13801, 62, 0x0000000000000000 | 1.54 1.50 1.57 | cpu  230559725 31397250 69583550 8114234318 11013104 0 1219058 0 0 0
1791228630 2835, 13801, 64, 0x0000000000000000 | 1.54 1.50 1.57 | cpu  230559835 31397250 69583568 8114237603 11013104 0 1219058 0 0 0
1791228631 2827, 13801, 65, 0x0000000000000000 | 1.54 1.50 1.57 | cpu  230559947 31397250 69583586 8114240873 11013104 0 1219061 0 0 0
1791228632 2827, 13801, 64, 0x0000000000000000 | 1.49 1.49 1.56 | cpu  230560055 31397250 69583601 8114244148 11013104 0 1219061 0 0 0
1791228633 2842, 13801, 64, 0x0000000000000000 | 1.49 1.49 1.56 | cpu  230560164 31397250 69583617 8114247439 11013104 0 1219062 0 0 0
1791228634 2850, 13801, 59, 0x0000000000000000 | 1.49 1.49 1.56 | cpu  230560276 31397250 69583632 8114250710 11013104 0 1219063 0 0 0
1791228635 2842, 13801, 61, 0x0000000000000000 | 1.49 1.49 1.56 | cpu  230560406 31397250 69583654 8114253955 11013104 0 1219067 0 0 0
1791228636 2842, 13801, 62, 0x0000000000000000 | 1.45 1.48 1.56 | cpu  230560547 31397250 69583687 8114257177 11013104 0 1219067 0 0 0
1791228637 2827, 13801, 65, 0x0000000000000000 | 1.45 1.48 1.56 | cpu  230560664 31397250 69583732 8114260417 11013104 0 1219070 0 0 0
1791228638 2835, 13801, 60, 0x0000000000000000 | 1.45 1.48 1.56 | cpu  230560778 31397250 69583787 8114263651 11013104 0 1219070 0 0 0
1791228639 2842, 13801, 61, 0x0000000000000000 | 1.45 1.48 1.56 | cpu  230560886 31397250 69583802 8114266927 11013104 0 1219070 0 0 0
1791228640 2850, 13801, 60, 0x0000000000000000 | 1.45 1.48 1.56 | cpu  230560995 31397250 69583816 8114270209 11013104 0 1219071 0 0 0
1791228642 2827, 13801, 63, 0x0000000000000000 | 1.42 1.47 1.56 | cpu  230561105 31397250 69583832 8114273515 11013104 0 1219071 0 0 0
1791228643 2835, 13801, 58, 0x0000000000000000 | 1.42 1.47 1.56 | cpu  230561214 31397250 69583847 8114276803 11013104 0 1219072 0 0 0
1791228644 2827, 13801, 62, 0x0000000000000000 | 1.42 1.47 1.56 | cpu  230561322 31397250 69583862 8114280072 11013104 0 1219073 0 0 0
1791228645 2842, 13801, 64, 0x0000000000000000 | 1.42 1.47 1.56 | cpu  230561430 31397250 69583876 8114283361 11013104 0 1219073 0 0 0
1791228646 2842, 13801, 62, 0x0000000000000000 | 1.42 1.47 1.56 | cpu  230561542 31397250 69583893 8114286626 11013104 0 1219075 0 0 0
1791228647 2842, 13801, 62, 0x0000000000000000 | 1.46 1.48 1.56 | cpu  230561651 31397250 69583906 8114289898 11013104 0 1219075 0 0 0
1791228648 2850, 13801, 59, 0x0000000000000000 | 1.46 1.48 1.56 | cpu  230561760 31397250 69583922 8114293173 11013104 0 1219075 0 0 0
1791228649 2835, 13801, 63, 0x0000000000000000 | 1.46 1.48 1.56 | cpu  230561868 31397250 69583936 8114296453 11013104 0 1219075 0 0 0
1791228650 2850, 13801, 60, 0x0000000000000000 | 1.46 1.48 1.56 | cpu  230561976 31397250 69583948 8114299728 11013104 0 1219076 0 0 0
1791228651 2850, 13801, 59, 0x0000000000000000 | 1.51 1.49 1.56 | cpu  230562085 31397250 69583962 8114303006 11013104 0 1219076 0 0 0
1791228652 2850, 13801, 58, 0x0000000000000000 | 1.51 1.49 1.56 | cpu  230562191 31397250 69583981 8114306275 11013104 0 1219076 0 0 0
1791228653 2857, 13801, 55, 0x0000000000000000 | 1.51 1.49 1.56 | cpu  230562234 31397250 69584077 8114309525 11013105 0 1219076 0 0 0
1791228654 2460, 13801, 54, 0x0000000000000000 | 1.51 1.49 1.56 | cpu  230562284 31397250 69584199 8114312741 11013105 0 1219077 0 0 0
1791228655 2460, 13801, 53, 0x0000000000000000 | 1.51 1.49 1.56 | cpu  230562333 31397250 69584267 8114316008 11013105 0 1219077 0 0 0
1791228656 2460, 13801, 53, 0x0000000000000000 | 1.47 1.48 1.56 | cpu  230562380 31397251 69584340 8114319276 11013105 0 1219077 0 0 0
1791228657 2460, 13801, 52, 0x0000000000000000 | 1.47 1.48 1.56 | cpu  230562424 31397251 69584409 8114322557 11013105 0 1219077 0 0 0
1791228659 2460, 13801, 52, 0x0000000000000000 | 1.47 1.48 1.56 | cpu  230562467 31397251 69584480 8114325838 11013105 0 1219077 0 0 0
1791228660 2460, 13801, 52, 0x0000000000000000 | 1.47 1.48 1.56 | cpu  230562510 31397251 69584552 8114329121 11013105 0 1219077 0 0 0
1791228661 2460, 13801, 51, 0x0000000000000000 | 1.47 1.48 1.56 | cpu  230562552 31397251 69584625 8114332401 11013105 0 1219077 0 0 0
1791228662 2460, 13801, 51, 0x0000000000000000 | 1.43 1.47 1.55 | cpu  230562594 31397251 69584699 8114335681 11013105 0 1219077 0 0 0
1791228663 2460, 13801, 51, 0x0000000000000000 | 1.43 1.47 1.55 | cpu  230562641 31397251 69584765 8114338955 11013105 0 1219077 0 0 0
1791228664 2460, 13801, 51, 0x0000000000000000 | 1.43 1.47 1.55 | cpu  230562686 31397251 69584832 8114342230 11013105 0 1219077 0 0 0
1791228665 2460, 13801, 50, 0x0000000000000000 | 1.43 1.47 1.55 | cpu  230562731 31397251 69584900 8114345507 11013105 0 1219077 0 0 0
1791228666 2460, 13801, 50, 0x0000000000000000 | 1.43 1.47 1.55 | cpu  230562772 31397251 69584971 8114348791 11013105 0 1219077 0 0 0
1791228667 2460, 13801, 50, 0x0000000000000000 | 1.39 1.46 1.55 | cpu  230562814 31397251 69585041 8114352073 11013105 0 1219077 0 0 0
1791228668 2460, 13801, 50, 0x0000000000000000 | 1.39 1.46 1.55 | cpu  230562863 31397251 69585119 8114355336 11013105 0 1219077 0 0 0
1791228669 2460, 13801, 50, 0x0000000000000000 | 1.39 1.46 1.55 | cpu  230562910 31397251 69585201 8114358597 11013105 0 1219077 0 0 0
1791228670 2460, 13801, 49, 0x0000000000000000 | 1.39 1.46 1.55 | cpu  230562954 31397251 69585269 8114361869 11013105 0 1219077 0 0 0
1791228671 2460, 13801, 49, 0x0000000000000000 | 1.36 1.46 1.55 | cpu  230563008 31397251 69585339 8114365138 11013106 0 1219077 0 0 0
1791228672 2460, 13801, 49, 0x0000000000000000 | 1.36 1.46 1.55 | cpu  230563049 31397251 69585411 8114368425 11013106 0 1219077 0 0 0
1791228673 2460, 13801, 49, 0x0000000000000000 | 1.36 1.46 1.55 | cpu  230563094 31397251 69585480 8114371708 11013106 0 1219077 0 0 0
1791228674 2460, 13801, 48, 0x0000000000000000 | 1.36 1.46 1.55 | cpu  230563138 31397251 69585552 8114374987 11013106 0 1219077 0 0 0
1791228675 2460, 13801, 48, 0x0000000000000000 | 1.36 1.46 1.55 | cpu  230563181 31397251 69585622 8114378266 11013106 0 1219077 0 0 0
1791228677 2460, 13801, 48, 0x0000000000000000 | 1.33 1.45 1.54 | cpu  230563226 31397251 69585691 8114381543 11013106 0 1219077 0 0 0
1791228678 2460, 13801, 48, 0x0000000000000000 | 1.33 1.45 1.54 | cpu  230563276 31397251 69585753 8114384821 11013106 0 1219077 0 0 0
1791228679 2460, 13801, 48, 0x0000000000000000 | 1.33 1.45 1.54 | cpu  230563327 31397251 69585816 8114388108 11013106 0 1219077 0 0 0
1791228680 2490, 13801, 48, 0x0000000000000000 | 1.33 1.45 1.54 | cpu  230563381 31397251 69585884 8114391376 11013106 0 1219079 0 0 0
1791228681 2460, 13801, 48, 0x0000000000000000 | 1.33 1.45 1.54 | cpu  230563419 31397251 69585971 8114394635 11013106 0 1219080 0 0 0
1791228682 2460, 13801, 48, 0x0000000000000000 | 1.31 1.44 1.54 | cpu  230563461 31397251 69586043 8114397921 11013106 0 1219080 0 0 0
1791228683 2460, 13801, 47, 0x0000000000000000 | 1.31 1.44 1.54 | cpu  230563472 31397251 69586149 8114401199 11013106 0 1219080 0 0 0
1791228684 2460, 13801, 47, 0x0000000000000000 | 1.31 1.44 1.54 | cpu  230563571 31397251 69586181 8114404459 11013106 0 1219082 0 0 0
