1791227490 180, 405, 46, 0x0000000000000000 | 1.70 1.92 1.91 | cpu  230455910 31397237 69542914 8110741764 11008006 0 1218660 0 0 0
1791227491 180, 405, 46, 0x0000000000000000 | 1.64 1.90 1.90 | cpu  230456100 31397237 69542961 8110745348 11008006 0 1218660 0 0 0
1791227492 180, 405, 46, 0x0000000000000000 | 1.64 1.90 1.90 | cpu  230456189 31397237 69542990 8110748710 11008006 0 1218661 0 0 0
1791227493 180, 405, 46, 0x0000000000000000 | 1.64 1.90 1.90 | cpu  230456226 31397237 69543021 8110752107 11008006 0 1218661 0 0 0
1791227494 180, 405, 46, 0x0000000000000000 | 1.64 1.90 1.90 | cpu  230456228 31397237 69543045 8110755552 11008006 0 1218661 0 0 0
1791227495 180, 405, 46, 0x0000000000000000 | 1.64 1.90 1.90 | cpu  230456311 31397237 69543072 8110758913 11008006 0 1218664 0 0 0
1791227496 180, 14001, 46, 0x0000000000000000 | 1.59 1.89 1.90 | cpu  230456495 31397237 69543103 8110762085 11008006 0 1218664 0 0 0
1791227497 2460, 13801, 47, 0x0000000000000000 | 1.59 1.89 1.90 | cpu  230456655 31397237 69543137 8110765288 11008006 0 1218666 0 0 0
1791227499 2580, 13801, 48, 0x0000000000000000 | 1.59 1.89 1.90 | cpu  230456796 31397237 69543159 8110768517 11008006 0 1218666 0 0 0
1791227500 2512, 13801, 48, 0x0000000000000000 | 1.59 1.89 1.90 | cpu  230456931 31397237 69543187 8110771751 11008006 0 1218666 0 0 0
1791227501 2692, 13801, 48, 0x0000000000000000 | 1.59 1.89 1.90 | cpu  230457075 31397237 69543214 8110774983 11008006 0 1218666 0 0 0
1791227502 2872, 13801, 49, 0x0000000000000000 | 1.54 1.87 1.89 | cpu  230457223 31397237 69543241 8110778192 11008006 0 1218666 0 0 0
1791227503 2872, 13801, 50, 0x0000000000000000 | 1.54 1.87 1.89 | cpu  230457364 31397237 69543281 8110781400 11008006 0 1218666 0 0 0
1791227504 2677, 13801, 49, 0x0000000000000000 | 1.54 1.87 1.89 | cpu  230457519 31397237 69543358 8110784557 11008006 0 1218666 0 0 0
1791227505 2520, 13801, 48, 0x0000000000000000 | 1.54 1.87 1.89 | cpu  230457665 31397237 69543386 8110787771 11008006 0 1218666 0 0 0
1791227506 2820, 13801, 49, 0x0000000000000000 | 1.50 1.86 1.89 | cpu  230457806 31397237 69543413 8110790994 11008006 0 1218667 0 0 0
1791227507 2872, 13801, 49, 0x0000000000000000 | 1.50 1.86 1.89 | cpu  230457956 31397237 69543461 8110794180 11008009 0 1218667 0 0 0
1791227508 2872, 13801, 50, 0x0000000000000000 | 1.50 1.86 1.89 | cpu  230458096 31397237 69543538 8110797314 11008050 0 1218668 0 0 0
1791227509 2580, 13801, 50, 0x0000000000000000 | 1.50 1.86 1.89 | cpu  230458244 31397237 69543561 8110800537 11008050 0 1218668 0 0 0
1791227510 2520, 13801, 49, 0x0000000000000000 | 1.50 1.86 1.89 | cpu  230458391 31397237 69543588 8110803759 11008050 0 1218668 0 0 0
1791227511 2782, 13801, 50, 0x0000000000000000 | 1.46 1.84 1.88 | cpu  230458516 31397238 69543621 8110806986 11008050 0 1218668 0 0 0
1791227512 2872, 13801, 50, 0x0000000000000000 | 1.46 1.84 1.88 | cpu  230458559 31397238 69543691 8110810266 11008050 0 1218669 0 0 0
1791227513 2872, 13801, 50, 0x0000000000000000 | 1.46 1.84 1.88 | cpu  230458566 31397238 69543798 8110813518 11008068 0 1218670 0 0 0
1791227514 2872, 13801, 49, 0x0000000000000000 | 1.46 1.84 1.88 | cpu  230458568 31397238 69543912 8110816786 11008068 0 1218670 0 0 0
1791227516 2482, 13801, 49, 0x0000000000000000 | 1.46 1.84 1.88 | cpu  230458624 31397238 69543970 8110820066 11008068 0 1218670 0 0 0
1791227517 2482, 13801, 49, 0x0000000000000000 | 1.42 1.83 1.88 | cpu  230458690 31397238 69544017 8110823342 11008068 0 1218672 0 0 0
1791227518 2482, 13801, 49, 0x0000000000000000 | 1.42 1.83 1.88 | cpu  230458756 31397238 69544069 8110826609 11008068 0 1218672 0 0 0
1791227519 2482, 13801, 49, 0x0000000000000000 | 1.42 1.83 1.88 | cpu  230458821 31397238 69544118 8110829893 11008068 0 1218672 0 0 0
1791227520 2482, 13801, 49, 0x0000000000000000 | 1.42 1.83 1.88 | cpu  230458887 31397238 69544166 8110833167 11008068 0 1218672 0 0 0
1791227521 2595, 13801, 49, 0x0000000000000000 | 1.42 1.83 1.88 | cpu  230458965 31397238 69544201 8110836444 11008068 0 1218672 0 0 0
1791227522 2460, 13801, 49, 0x0000000000000000 | 1.47 1.83 1.88 | cpu  230459072 31397238 69544207 8110839717 11008068 0 1218673 0 0 0
1791227523 2460, 13801, 49, 0x0000000000000000 | 1.47 1.83 1.88 | cpu  230460022 31397238 69544216 8110842146 11008068 0 1218673 0 0 0
1791227524 2460, 13801, 49, 0x0000000000000000 | 1.47 1.83 1.88 | cpu  230460787 31397238 69544241 8110844735 11008068 0 1218673 0 0 0
1791227525 2460, 13801, 50, 0x0000000000000000 | 1.47 1.83 1.88 | cpu  230460834 31397238 69544309 8110848010 11008068 0 1218673 0 0 0
1791227526 2460, 13801, 50, 0x0000000000000000 | 1.43 1.82 1.87 | cpu  230460881 31397238 69544374 8110851285 11008068 0 1218673 0 0 0
1791227527 2460, 13801, 50, 0x0000000000000000 | 1.43 1.82 1.87 | cpu  230460924 31397238 69544444 8110854559 11008068 0 1218673 0 0 0
1791227528 2460, 13801, 50, 0x0000000000000000 | 1.43 1.82 1.87 | cpu  230460967 31397238 69544514 8110857837 11008068 0 1218674 0 0 0
1791227529 2460, 13801, 50, 0x0000000000000000 | 1.43 1.82 1.87 | cpu  230461015 31397238 69544585 8110861116 11008068 0 1218674 0 0 0
1791227530 2460, 13801, 50, 0x0000000000000000 | 1.43 1.82 1.87 | cpu  230461064 31397238 69544656 8110864383 11008068 0 1218675 0 0 0
1791227531 2460, 13801, 50, 0x0000000000000000 | 1.40 1.80 1.87 | cpu  230461108 31397238 69544724 8110867660 11008068 0 1218676 0 0 0
1791227532 2460, 13801, 50, 0x0000000000000000 | 1.40 1.80 1.87 | cpu  230461154 31397238 69544791 8110870937 11008068 0 1218676 0 0 0
1791227534 2460, 13801, 50, 0x0000000000000000 | 1.40 1.80 1.87 | cpu  230461200 31397238 69544864 8110874204 11008068 0 1218676 0 0 0
1791227535 2460, 13801, 50, 0x0000000000000000 | 1.40 1.80 1.87 | cpu  230461243 31397238 69544944 8110877464 11008068 0 1218677 0 0 0
1791227536 2460, 13801, 50, 0x0000000000000000 | 1.40 1.80 1.87 | cpu  230461295 31397238 69545075 8110880667 11008068 0 1218677 0 0 0
1791227537 2460, 13801, 50, 0x0000000000000000 | 1.36 1.79 1.86 | cpu  230461345 31397238 69545143 8110883937 11008068 0 1218677 0 0 0
1791227538 2460, 13801, 50, 0x0000000000000000 | 1.36 1.79 1.86 | cpu  230461395 31397238 69545225 8110887188 11008068 0 1218678 0 0 0
1791227539 2460, 13801, 50, 0x0000000000000000 | 1.36 1.79 1.86 | cpu  230461449 31397238 69545389 8110890355 11008068 0 1218678 0 0 0
1791227540 2460, 13801, 50, 0x0000000000000000 | 1.36 1.79 1.86 | cpu  230461497 31397238 69545460 8110893622 11008068 0 1218678 0 0 0
1791227541 2460, 13801, 50, 0x0000000000000000 | 1.34 1.78 1.86 | cpu  230461553 31397238 69545532 8110896883 11008068 0 1218679 0 0 0
1791227542 2460, 13801, 50, 0x0000000000000000 | 1.34 1.78 1.86 | cpu  230461600 31397238 69545603 8110900146 11008068 0 1218679 0 0 0
1791227543 2460, 13801, 51, 0x0000000000000000 | 1.34 1.78 1.86 | cpu  230461644 31397238 69545673 8110903427 11008068 0 1218679 0 0 0
1791227544 2460, 13801, 51, 0x0000000000000000 | 1.34 1.78 1.86 | cpu  230461690 31397238 69545739 8110906706 11008068 0 1218679 0 0 0
1791227545 2460, 13801, 51, 0x0000000000000000 | 1.34 1.78 1.86 | cpu  230461733 31397238 69545811 8110909981 11008068 0 1218679 0 0 0
1791227546 2460, 13801, 51, 0x0000000000000000 | 1.31 1.76 1.85 | cpu  230461775 31397238 69545881 8110913258 11008068 0 1218679 0 0 0
1791227547 2460, 13801, 51, 0x0000000000000000 | 1.31 1.76 1.85 | cpu  230461820 31397238 69545950 8110916537 11008068 0 1218679 0 0 0
1791227548 2460, 13801, 51, 0x0000000000000000 | 1.31 1.76 1.85 | cpu  230461866 31397238 69546015 8110919812 11008068 0 1218679 0 0 0
1791227549 2460, 13801, 51, 0x0000000000000000 | 1.31 1.76 1.85 | cpu  230461927 31397238 69546084 8110923073 11008069 0 1218679 0 0 0
1791227550 2460, 13801, 51, 0x0000000000000000 | 1.31 1.76 1.85 | cpu  230461984 31397238 69546150 8110926333 11008069 0 1218679 0 0 0
1791227552 2467, 13801, 51, 0x0000000000000000 | 1.36 1.77 1.85 | cpu  230462042 31397238 69546289 8110929515 11008069 0 1218679 0 0 0
1791227553 2460, 13801, 51, 0x0000000000000000 | 1.36 1.77 1.85 | cpu  230462088 31397238 69546366 8110932778 11008069 0 1218679 0 0 0
1791227554 2460, 13801, 51, 0x0000000000000000 | 1.36 1.77 1.85 | cpu  230462135 31397238 69546433 8110936056 11008069 0 1218679 0 0 0
1791227555 2460, 13801, 51, 0x0000000000000000 | 1.36 1.77 1.85 | cpu  230462179 31397238 69546501 8110939334 11008069 0 1218679 0 0 0
1791227556 2460, 13801, 51, 0x0000000000000000 | 1.36 1.77 1.85 | cpu  230462225 31397238 69546576 8110942602 11008069 0 1218681 0 0 0
1791227557 2460, 13801, 51, 0x0000000000000000 | 1.33 1.75 1.85 | cpu  230462268 31397238 69546648 8110945877 11008069 0 1218682 0 0 0
1791227558 2460, 13801, 51, 0x0000000000000000 | 1.33 1.75 1.85 | cpu  230462311 31397238 69546718 8110949154 11008069 0 1218682 0 0 0
1791227559 2460, 13801, 51, 0x0000000000000000 | 1.33 1.75 1.85 | cpu  230462355 31397238 69546786 8110952429 11008069 0 1218682 0 0 0
1791227560 2460, 13801, 51, 0x0000000000000000 | 1.33 1.75 1.85 | cpu  230462400 31397238 69546855 8110955706 11008069 0 1218682 0 0 0
1791227561 2460, 13801, 51, 0x0000000000000000 | 1.31 1.74 1.84 | cpu  230462446 31397238 69546922 8110958985 11008069 0 1218682 0 0 0
1791227562 2460, 13801, 52, 0x0000000000000000 | 1.31 1.74 1.84 | cpu  230462492 31397238 69546989 8110962262 11008069 0 1218682 0 0 0
1791227563 2460, 13801, 52, 0x0000000000000000 | 1.31 1.74 1.84 | cpu  230462541 31397238 69547059 8110965529 11008069 0 1218682 0 0 0
1791227564 2460, 13801, 52, 0x0000000000000000 | 1.31 1.74 1.84 | cpu  230462584 31397238 69547130 8110968804 11008069 0 1218682 0 0 0
1791227565 2460, 13801, 52, 0x0000000000000000 | 1.31 1.74 1.84 | cpu  230462638 31397238 69547199 8110972066 11008069 0 1218682 0 0 0
1791227566 2460, 13801, 52, 0x0000000000000000 | 1.28 1.73 1.84 | cpu  230462684 31397238 69547266 8110975339 11008069 0 1218683 0 0 0
1791227567 2460, 13801, 52, 0x0000000000000000 | 1.28 1.73 1.84 | cpu  230462740 31397238 69547401 8110978540 11008069 0 1218684 0 0 0
1791227568 2460, 13801, 52, 0x0000000000000000 | 1.28 1.73 1.84 | cpu  230462787 31397238 69547481 8110981798 11008069 0 1218685 0 0 0
1791227570 2460, 13801, 52, 0x0000000000000000 | 1.28 1.73 1.84 | cpu  230462832 31397238 69547553 8110985071 11008069 0 1218685 0 0 0
1791227571 2460, 13801, 52, 0x0000000000000000 | 1.28 1.73 1.84 | cpu  230462874 31397238 69547622 8110988346 11008069 0 1218686 0 0 0
1791227572 2460, 13801, 52, 0x0000000000000000 | 1.26 1.72 1.83 | cpu  230462915 31397238 69547693 8110991623 11008069 0 1218686 0 0 0
1791227573 2460, 13801, 52, 0x0000000000000000 | 1.26 1.72 1.83 | cpu  230462963 31397238 69547759 8110994897 11008069 0 1218687 0 0 0
1791227574 2460, 13801, 52, 0x0000000000000000 | 1.26 1.72 1.83 | cpu  230463008 31397238 69547826 8110998173 11008069 0 1218688 0 0 0
1791227575 2460, 13801, 52, 0x0000000000000000 | 1.26 1.72 1.83 | cpu  230463057 31397238 69547898 8111001442 11008069 0 1218689 0 0 0
1791227576 2460, 13801, 52, 0x0000000000000000 | 1.24 1.70 1.83 | cpu  230463110 31397238 69547957 8111004721 11008069 0 1218689 0 0 0
1791227577 2460, 13801, 52, 0x0000000000000000 | 1.24 1.70 1.83 | cpu  230463165 31397238 69548014 8111007997 11008069 0 1218691 0 0 0
1791227578 2460, 13801, 52, 0x0000000000000000 | 1.24 1.70 1.83 | cpu  230463239 31397238 69548053 8111011272 11008069 0 1218692 0 0 0
1791227579 2497, 13801, 52, 0x0000000000000000 | 1.24 1.70 1.83 | cpu  230463339 31397238 69548066 8111014550 11008069 0 1218692 0 0 0
1791227580 2467, 13801, 53, 0x0000000000000000 | 1.24 1.70 1.83 | cpu  230463445 31397238 69548080 8111017816 11008070 0 1218695 0 0 0
1791227581 2467, 13801, 53, 0x0000000000000000 | 1.38 1.73 1.84 | cpu  230463563 31397238 69548106 8111021053 11008070 0 1218695 0 0 0
1791227582 2467, 13801, 53, 0x0000000000000000 | 1.38 1.73 1.84 | cpu  230463666 31397238 69548115 8111024330 11008070 0 1218696 0 0 0
1791227583 2467, 13801, 53, 0x0000000000000000 | 1.38 1.73 1.84 | cpu  230463769 31397239 69548125 8111027613 11008070 0 1218696 0 0 0
1791227584 2460, 13801, 53, 0x0000000000000000 | 1.38 1.73 1.84 | cpu  230463872 31397239 69548138 8111030892 11008070 0 1218697 0 0 0
1791227585 2460, 13801, 53, 0x0000000000000000 | 1.38 1.73 1.84 | cpu  230463982 31397239 69548163 8111034144 11008070 0 1218698 0 0 0
1791227587 2475, 13801, 53, 0x0000000000000000 | 1.35 1.71 1.83 | cpu  230464086 31397239 69548176 8111037410 11008071 0 1218699 0 0 0
1791227588 2460, 13801, 54, 0x0000000000000000 | 1.35 1.71 1.83 | cpu  230464191 31397239 69548186 8111040685 11008071 0 1218699 0 0 0
1791227589 2572, 13801, 57, 0x0000000000000000 | 1.35 1.71 1.83 | cpu  230464295 31397239 69548195 8111043976 11008071 0 1218699 0 0 0
1791227590 2850, 13801, 56, 0x0000000000000000 | 1.35 1.71 1.83 | cpu  230464402 31397239 69548207 8111047254 11008071 0 1218699 0 0 0
1791227591 2857, 13801, 54, 0x0000000000000000 | 1.35 1.71 1.83 | cpu  230464500 31397239 69548228 8111050522 11008071 0 1218699 0 0 0
1791227592 2460, 13801, 54, 0x0000000000000000 | 1.32 1.70 1.83 | cpu  230464596 31397239 69548253 8111053786 11008071 0 1218699 0 0 0
1791227593 2460, 13801, 54, 0x0000000000000000 | 1.32 1.70 1.83 | cpu  230464700 31397239 69548271 8111057049 11008071 0 1218699 0 0 0
1791227594 2842, 13801, 59, 0x0000000000000000 | 1.32 1.70 1.83 | cpu  230464807 31397239 69548284 8111060321 11008071 0 1218699 0 0 0
1791227595 2835, 13801, 59, 0x0000000000000000 | 1.32 1.70 1.83 | cpu  230464937 31397239 69548313 8111063548 11008071 0 1218699 0 0 0
1791227596 2850, 13801, 56, 0x0000000000000000 | 1.29 1.69 1.82 | cpu  230465066 31397239 69548344 8111066771 11008071 0 1218699 0 0 0
1791227597 2565, 13801, 55, 0x0000000000000000 | 1.29 1.69 1.82 | cpu  230465174 31397239 69548369 8111070032 11008071 0 1218700 0 0 0
1791227598 2467, 13801, 54, 0x0000000000000000 | 1.29 1.69 1.82 | cpu  230465281 31397239 69548388 8111073294 11008071 0 1218700 0 0 0
1791227599 2460, 13801, 54, 0x0000000000000000 | 1.29 1.69 1.82 | cpu  230465387 31397239 69548417 8111076544 11008071 0 1218701 0 0 0
1791227600 2460, 13801, 54, 0x0000000000000000 | 1.29 1.69 1.82 | cpu  230465513 31397239 69548471 8111079744 11008073 0 1218701 0 0 0
1791227601 2827, 13801, 65, 0x0000000000000000 | 1.27 1.68 1.82 | cpu  230465624 31397239 69548486 8111083020 11008073 0 1218702 0 0 0
1791227602 2850, 13801, 59, 0x0000000000000000 | 1.27 1.68 1.82 | cpu  230465735 31397239 69548502 8111086288 11008073 0 1218703 0 0 0
1791227603 2857, 13801, 62, 0x0000000000000000 | 1.27 1.68 1.82 | cpu  230465848 31397239 69548565 8111089508 11008073 0 1218703 0 0 0
1791227605 2850, 13801, 61, 0x0000000000000000 | 1.27 1.68 1.82 | cpu  230465963 31397239 69548654 8111092699 11008073 0 1218703 0 0 0
1791227606 2850, 13801, 60, 0x0000000000000000 | 1.27 1.68 1.82 | cpu  230466076 31397239 69548670 8111095971 11008073 0 1218703 0 0 0
1791227607 2842, 13801, 60, 0x0000000000000000 | 1.25 1.67 1.81 | cpu  230466184 31397239 69548685 8111099243 11008073 0 1218703 0 0 0
1791227608 2835, 13801, 62, 0x0000000000000000 | 1.25 1.67 1.81 | cpu  230466293 31397239 69548697 8111102519 11008073 0 1218703 0 0 0
1791227609 2850, 13801, 61, 0x0000000000000000 | 1.25 1.67 1.81 | cpu  230466405 31397239 69548719 8111105773 11008074 0 1218703 0 0 0
1791227610 2827, 13801, 62, 0x0000000000000000 | 1.25 1.67 1.81 | cpu  230466515 31397239 69548734 8111109051 11008074 0 1218703 0 0 0
1791227611 2850, 13801, 60, 0x0000000000000000 | 1.23 1.65 1.81 | cpu  230466623 31397239 69548745 8111112322 11008074 0 1218703 0 0 0
1791227612 2827, 13801, 65, 0x0000000000000000 | 1.23 1.65 1.81 | cpu  230466731 31397239 69548760 8111115603 11008074 0 1218703 0 0 0
1791227613 2827, 13801, 60, 0x0000000000000000 | 1.23 1.65 1.81 | cpu  230466840 31397239 69548776 8111118864 11008075 0 1218704 0 0 0
1791227614 2820, 13801, 65, 0x0000000000000000 | 1.23 1.65 1.81 | cpu  230466948 31397239 69548789 8111122138 11008075 0 1218704 0 0 0
1791227615 2850, 13801, 61, 0x0000000000000000 | 1.23 1.65 1.81 | cpu  230467057 31397239 69548808 8111125403 11008075 0 1218704 0 0 0
1791227616 2850, 13801, 60, 0x0000000000000000 | 1.21 1.64 1.80 | cpu  230467165 31397239 69548821 8111128689 11008075 0 1218704 0 0 0
1791227617 2835, 13801, 60, 0x0000000000000000 | 1.21 1.64 1.80 | cpu  230467274 31397239 69548835 8111131959 11008075 0 1218704 0 0 0
1791227618 2827, 13801, 60, 0x0000000000000000 | 1.21 1.64 1.80 | cpu  230467382 31397239 69548849 8111135237 11008075 0 1218704 0 0 0
1791227619 2827, 13801, 64, 0x0000000000000000 | 1.21 1.64 1.80 | cpu  230467491 31397239 69548861 8111138517 11008075 0 1218704 0 0 0
1791227620 2850, 13801, 58, 0x0000000000000000 | 1.21 1.64 1.80 | cpu  230467604 31397239 69548878 8111141790 11008075 0 1218704 0 0 0
1791227622 2827, 13801, 59, 0x0000000000000000 | 1.19 1.63 1.80 | cpu  230467713 31397239 69548895 8111145059 11008075 0 1218705 0 0 0
1791227623 2850, 13801, 61, 0x0000000000000000 | 1.19 1.63 1.80 | cpu  230467822 31397239 69548908 8111148336 11008075 0 1218705 0 0 0
1791227624 2850, 13801, 58, 0x0000000000000000 | 1.19 1.63 1.80 | cpu  230467931 31397239 69548920 8111151610 11008075 0 1218705 0 0 0
1791227625 2842, 13801, 61, 0x0000000000000000 | 1.19 1.63 1.80 | cpu  230468039 31397239 69548936 8111154882 11008075 0 1218706 0 0 0
1791227626 2842, 13801, 61, 0x0000000000000000 | 1.19 1.63 1.80 | cpu  230468147 31397239 69548950 8111158161 11008075 0 1218706 0 0 0
1791227627 2827, 13801, 62, 0x0000000000000000 | 1.18 1.62 1.79 | cpu  230468257 31397239 69548964 8111161452 11008075 0 1218706 0 0 0
1791227628 2827, 13801, 62, 0x0000000000000000 | 1.18 1.62 1.79 | cpu  230468366 31397239 69548976 8111164730 11008075 0 1218706 0 0 0
1791227629 2842, 13801, 64, 0x0000000000000000 | 1.18 1.62 1.79 | cpu  230468480 31397239 69548997 8111167990 11008075 0 1218709 0 0 0
1791227630 2850, 13801, 61, 0x0000000000000000 | 1.18 1.62 1.79 | cpu  230468591 31397239 69549012 8111171255 11008075 0 1218711 0 0 0
1791227631 2842, 13801, 60, 0x0000000000000000 | 1.24 1.63 1.80 | cpu  230468709 31397239 69549087 8111174451 11008075 0 1218711 0 0 0
1791227632 2842, 13801, 60, 0x0000000000000000 | 1.24 1.63 1.80 | cpu  230468821 31397239 69549112 8111177705 11008075 0 1218713 0 0 0
1791227633 2850, 13801, 59, 0x0000000000000000 | 1.24 1.63 1.80 | cpu  230468931 31397239 69549127 8111180995 11008075 0 1218714 0 0 0
1791227634 2842, 13801, 62, 0x0000000000000000 | 1.24 1.63 1.80 | cpu  230469039 31397239 69549139 8111184274 11008075 0 1218715 0 0 0
1791227635 2850, 13801, 59, 0x0000000000000000 | 1.24 1.63 1.80 | cpu  230469147 31397239 69549154 8111187552 11008075 0 1218716 0 0 0
1791227636 2842, 13801, 61, 0x0000000000000000 | 1.30 1.63 1.80 | cpu  230469255 31397239 69549169 8111190826 11008075 0 1218717 0 0 0
1791227637 2835, 13801, 63, 0x0000000000000000 | 1.30 1.63 1.80 | cpu  230469363 31397239 69549184 8111194095 11008075 0 1218717 0 0 0
1791227639 2850, 13801, 61, 0x0000000000000000 | 1.30 1.63 1.80 | cpu  230469467 31397239 69549201 8111197381 11008075 0 1218718 0 0 0
1791227640 2827, 13801, 61, 0x0000000000000000 | 1.30 1.63 1.80 | cpu  230469576 31397239 69549216 8111200662 11008075 0 1218718 0 0 0
1791227641 2827, 13801, 61, 0x0000000000000000 | 1.30 1.63 1.80 | cpu  230469684 31397239 69549230 8111203941 11008075 0 1218718 0 0 0
1791227642 2827, 13801, 65, 0x0000000000000000 | 1.28 1.62 1.79 | cpu  230469793 31397239 69549246 8111207218 11008075 0 1218719 0 0 0
1791227643 2835, 13801, 63, 0x0000000000000000 | 1.28 1.62 1.79 | cpu  230469901 31397239 69549260 8111210496 11008075 0 1218719 0 0 0
1791227644 2842, 13801, 63, 0x0000000000000000 | 1.28 1.62 1.79 | cpu  230470013 31397239 69549276 8111213772 11008075 0 1218719 0 0 0
1791227645 2827, 13801, 64, 0x0000000000000000 | 1.28 1.62 1.79 | cpu  230470130 31397239 69549295 8111217034 11008075 0 1218719 0 0 0
1791227646 2820, 13801, 65, 0x0000000000000000 | 1.26 1.61 1.79 | cpu  230470239 31397239 69549310 8111220315 11008075 0 1218719 0 0 0
1791227647 2827, 13801, 63, 0x0000000000000000 | 1.26 1.61 1.79 | cpu  230470355 31397239 69549382 8111223518 11008075 0 1218721 0 0 0
1791227648 2842, 13801, 60, 0x0000000000000000 | 1.26 1.61 1.79 | cpu  230470465 31397239 69549405 8111226780 11008076 0 1218721 0 0 0
1791227649 2842, 13801, 61, 0x0000000000000000 | 1.26 1.61 1.79 | cpu  230470573 31397239 69549419 8111230060 11008076 0 1218721 0 0 0
1791227650 2820, 13801, 64, 0x0000000000000000 | 1.26 1.61 1.79 | cpu  230470683 31397239 69549435 8111233337 11008076 0 1218721 0 0 0
1791227651 2850, 13801, 61, 0x0000000000000000 | 1.24 1.60 1.78 | cpu  230470791 31397239 69549449 8111236624 11008076 0 1218721 0 0 0
1791227652 2820, 13801, 65, 0x0000000000000000 | 1.24 1.60 1.78 | cpu  230470900 31397239 69549461 8111239908 11008076 0 1218721 0 0 0
1791227653 2835, 13801, 59, 0x0000000000000000 | 1.24 1.60 1.78 | cpu  230471009 31397239 69549476 8111243193 11008076 0 1218721 0 0 0
1791227654 2842, 13801, 60, 0x0000000000000000 | 1.24 1.60 1.78 | cpu  230471121 31397239 69549492 8111246461 11008076 0 1218722 0 0 0
1791227656 2850, 13801, 61, 0x0000000000000000 | 1.24 1.60 1.78 | cpu  230471233 31397239 69549510 8111249729 11008076 0 1218723 0 0 0
1791227657 2827, 13801, 60, 0x0000000000000000 | 1.22 1.59 1.78 | cpu  230471341 31397239 69549525 8111253019 11008076 0 1218723 0 0 0
1791227658 2850, 13801, 59, 0x0000000000000000 | 1.22 1.59 1.78 | cpu  230471449 31397239 69549538 8111256299 11008076 0 1218723 0 0 0
1791227659 2850, 13801, 60, 0x0000000000000000 | 1.22 1.59 1.78 | cpu  230471558 31397239 69549551 8111259579 11008076 0 1218723 0 0 0
1791227660 2820, 13801, 63, 0x0000000000000000 | 1.22 1.59 1.78 | cpu  230471669 31397239 69549567 8111262854 11008076 0 1218723 0 0 0
1791227661 2850, 13801, 58, 0x0000000000000000 | 1.28 1.60 1.78 | cpu  230471779 31397239 69549582 8111266124 11008076 0 1218723 0 0 0
1791227662 2850, 13801, 60, 0x0000000000000000 | 1.28 1.60 1.78 | cpu  230471888 31397239 69549596 8111269405 11008076 0 1218723 0 0 0
1791227663 2850, 13801, 59, 0x0000000000000000 | 1.28 1.60 1.78 | cpu  230472000 31397239 69549625 8111272656 11008076 0 1218723 0 0 0
1791227664 2842, 13801, 64, 0x0000000000000000 | 1.28 1.60 1.78 | cpu  230472109 31397239 69549639 8111275940 11008076 0 1218723 0 0 0
1791227665 2850, 13801, 59, 0x0000000000000000 | 1.28 1.60 1.78 | cpu  230472221 31397239 69549655 8111279210 11008076 0 1218723 0 0 0
1791227666 2835, 13801, 62, 0x0000000000000000 | 1.26 1.59 1.78 | cpu  230472335 31397239 69549675 8111282472 11008076 0 1218724 0 0 0
1791227667 2850, 13801, 57, 0x0000000000000000 | 1.26 1.59 1.78 | cpu  230472452 31397239 69549784 8111285642 11008076 0 1218725 0 0 0
1791227668 2850, 13801, 60, 0x0000000000000000 | 1.26 1.59 1.78 | cpu  230472561 31397239 69549813 8111288902 11008076 0 1218725 0 0 0
1791227669 2827, 13801, 60, 0x0000000000000000 | 1.26 1.59 1.78 | cpu  230472669 31397239 69549831 8111292170 11008076 0 1218725 0 0 0
1791227670 2835, 13801, 63, 0x0000000000000000 | 1.26 1.59 1.78 | cpu  230472778 31397239 69549847 8111295446 11008076 0 1218725 0 0 0
1791227671 2850, 13801, 60, 0x0000000000000000 | 1.24 1.58 1.77 | cpu  230472887 31397239 69549860 8111298720 11008076 0 1218725 0 0 0
1791227673 2842, 13801, 62, 0x0000000000000000 | 1.24 1.58 1.77 | cpu  230473000 31397239 69549875 8111301987 11008076 0 1218725 0 0 0
1791227674 2850, 13801, 61, 0x0000000000000000 | 1.24 1.58 1.77 | cpu  230473108 31397239 69549890 8111305263 11008076 0 1218726 0 0 0
1791227675 2842, 13801, 61, 0x0000000000000000 | 1.24 1.58 1.77 | cpu  230473216 31397239 69549903 8111308539 11008076 0 1218726 0 0 0
1791227676 2842, 13801, 63, 0x0000000000000000 | 1.24 1.58 1.77 | cpu  230473325 31397239 69549918 8111311815 11008077 0 1218726 0 0 0
1791227677 2850, 13801, 62, 0x0000000000000000 | 1.22 1.57 1.77 | cpu  230473436 31397239 69549937 8111315083 11008077 0 1218727 0 0 0
1791227678 2827, 13801, 64, 0x0000000000000000 | 1.22 1.57 1.77 | cpu  230473549 31397239 69549953 8111318350 11008077 0 1218728 0 0 0
1791227679 2835, 13801, 58, 0x0000000000000000 | 1.22 1.57 1.77 | cpu  230473666 31397239 69550027 8111321560 11008077 0 1218729 0 0 0
1791227680 2842, 13801, 61, 0x0000000000000000 | 1.22 1.57 1.77 | cpu  230473784 31397239 69550055 8111324816 11008077 0 1218729 0 0 0
1791227681 2850, 13801, 60, 0x0000000000000000 | 1.20 1.56 1.76 | cpu  230473892 31397239 69550068 8111328094 11008077 0 1218729 0 0 0
1791227682 2842, 13801, 61, 0x0000000000000000 | 1.20 1.56 1.76 | cpu  230474001 31397239 69550083 8111331370 11008077 0 1218730 0 0 0
1791227683 2842, 13801, 61, 0x0000000000000000 | 1.20 1.56 1.76 | cpu  230474110 31397239 69550097 8111334658 11008077 0 1218730 0 0 0
1791227684 2820, 13801, 61, 0x0000000000000000 | 1.20 1.56 1.76 | cpu  230474217 31397239 69550111 8111337939 11008077 0 1218730 0 0 0
1791227685 2835, 13801, 63, 0x0000000000000000 | 1.20 1.56 1.76 | cpu  230474326 31397239 69550125 8111341216 11008077 0 1218730 0 0 0
1791227686 2835, 13801, 63, 0x0000000000000000 | 1.18 1.55 1.76 | cpu  230474434 31397239 69550139 8111344486 11008077 0 1218731 0 0 0
1791227687 2835, 13801, 61, 0x0000000000000000 | 1.18 1.55 1.76 | cpu  230474542 31397239 69550152 8111347759 11008077 0 1218731 0 0 0
1791227688 2842, 13801, 61, 0x0000000000000000 | 1.18 1.55 1.76 | cpu  230474655 31397239 69550171 8111351022 11008077 0 1218731 0 0 0
1791227690 2850, 13801, 60, 0x0000000000000000 | 1.18 1.55 1.76 | cpu  230474764 31397239 69550187 8111354293 11008077 0 1218731 0 0 0
1791227691 2842, 13801, 61, 0x0000000000000000 | 1.18 1.55 1.76 | cpu  230474874 31397239 69550202 8111357569 11008077 0 1218731 0 0 0
1791227692 2850, 13801, 63, 0x0000000000000000 | 1.17 1.54 1.75 | cpu  230474982 31397239 69550215 8111360842 11008077 0 1218731 0 0 0
1791227693 2827, 13801, 59, 0x0000000000000000 | 1.17 1.54 1.75 | cpu  230475092 31397239 69550231 8111364108 11008077 0 1218731 0 0 0
1791227694 2850, 13801, 61, 0x0000000000000000 | 1.17 1.54 1.75 | cpu  230475204 31397239 69550247 8111367384 11008077 0 1218731 0 0 0
1791227695 2850, 13801, 59, 0x0000000000000000 | 1.17 1.54 1.75 | cpu  230475324 31397239 69550314 8111370592 11008077 0 1218732 0 0 0
1791227696 2850, 13801, 58, 0x0000000000000000 | 1.16 1.53 1.75 | cpu  230475434 31397240 69550345 8111373850 11008077 0 1218733 0 0 0
1791227697 2850, 13801, 57, 0x0000000000000000 | 1.16 1.53 1.75 | cpu  230475542 31397240 69550359 8111377124 11008077 0 1218733 0 0 0
1791227698 2835, 13801, 63, 0x0000000000000000 | 1.16 1.53 1.75 | cpu  230475651 31397240 69550373 8111380414 11008077 0 1218733 0 0 0
1791227699 2842, 13801, 58, 0x0000000000000000 | 1.16 1.53 1.75 | cpu  230475759 31397240 69550385 8111383692 11008077 0 1218733 0 0 0
1791227700 2850, 13801, 63, 0x0000000000000000 | 1.16 1.53 1.75 | cpu  230475871 31397240 69550403 8111386966 11008077 0 1218734 0 0 0
1791227701 2850, 13801, 57, 0x0000000000000000 | 1.14 1.52 1.75 | cpu  230475997 31397240 69550440 8111390189 11008077 0 1218736 0 0 0
1791227702 2850, 13801, 59, 0x0000000000000000 | 1.14 1.52 1.75 | cpu  230476124 31397240 69550468 8111393424 11008077 0 1218738 0 0 0
1791227703 2842, 13801, 63, 0x0000000000000000 | 1.14 1.52 1.75 | cpu  230476232 31397240 69550483 8111396708 11008077 0 1218739 0 0 0
1791227704 2850, 13801, 60, 0x0000000000000000 | 1.14 1.52 1.75 | cpu  230476340 31397240 69550496 8111399980 11008077 0 1218739 0 0 0
1791227705 2835, 13801, 64, 0x0000000000000000 | 1.14 1.52 1.75 | cpu  230476453 31397240 69550512 8111403245 11008077 0 1218739 0 0 0
1791227707 2842, 13801, 59, 0x0000000000000000 | 1.13 1.51 1.74 | cpu  230476561 31397240 69550524 8111406523 11008077 0 1218739 0 0 0
1791227708 2835, 13801, 63, 0x0000000000000000 | 1.13 1.51 1.74 | cpu  230476671 31397240 69550538 8111409802 11008077 0 1218739 0 0 0
1791227709 2850, 13801, 59, 0x0000000000000000 | 1.13 1.51 1.74 | cpu  230476779 31397240 69550552 8111413079 11008077 0 1218739 0 0 0
1791227710 2850, 13801, 57, 0x0000000000000000 | 1.13 1.51 1.74 | cpu  230476891 31397240 69550569 8111416347 11008077 0 1218739 0 0 0
1791227711 2850, 13801, 59, 0x0000000000000000 | 1.13 1.51 1.74 | cpu  230477004 31397240 69550594 8111419613 11008077 0 1218740 0 0 0
1791227712 2842, 13801, 62, 0x0000000000000000 | 1.12 1.50 1.74 | cpu  230477115 31397240 69550612 8111422874 11008077 0 1218741 0 0 0
1791227713 2842, 13801, 62, 0x0000000000000000 | 1.12 1.50 1.74 | cpu  230477223 31397240 69550624 8111426149 11008077 0 1218742 0 0 0
1791227714 2842, 13801, 62, 0x0000000000000000 | 1.12 1.50 1.74 | cpu  230477332 31397240 69550638 8111429425 11008077 0 1218743 0 0 0
1791227715 2842, 13801, 61, 0x0000000000000000 | 1.12 1.50 1.74 | cpu  230477441 31397240 69550652 8111432704 11008077 0 1218743 0 0 0
1791227716 2820, 13801, 64, 0x0000000000000000 | 1.11 1.50 1.73 | cpu  230477549 31397240 69550670 8111435982 11008077 0 1218743 0 0 0
1791227717 2850, 13801, 63, 0x0000000000000000 | 1.11 1.50 1.73 | cpu  230477660 31397240 69550689 8111439254 11008077 0 1218743 0 0 0
1791227718 2842, 13801, 59, 0x0000000000000000 | 1.11 1.50 1.73 | cpu  230477768 31397240 69550702 8111442528 11008077 0 1218743 0 0 0
1791227719 2842, 13801, 64, 0x0000000000000000 | 1.11 1.50 1.73 | cpu  230477877 31397240 69550716 8111445811 11008077 0 1218743 0 0 0
1791227720 2827, 13801, 60, 0x0000000000000000 | 1.11 1.50 1.73 | cpu  230477985 31397240 69550730 8111449084 11008077 0 1218743 0 0 0
1791227721 2842, 13801, 61, 0x0000000000000000 | 1.10 1.49 1.73 | cpu  230478094 31397240 69550746 8111452365 11008077 0 1218743 0 0 0
1791227723 2850, 13801, 60, 0x0000000000000000 | 1.10 1.49 1.73 | cpu  230478205 31397240 69550763 8111455629 11008077 0 1218743 0 0 0
1791227724 2827, 13801, 60, 0x0000000000000000 | 1.10 1.49 1.73 | cpu  230478314 31397240 69550777 8111458906 11008077 0 1218743 0 0 0
1791227725 2857, 13801, 58, 0x0000000000000000 | 1.10 1.49 1.73 | cpu  230478423 31397240 69550791 8111462188 11008077 0 1218743 0 0 0
1791227726 2827, 13801, 60, 0x0000000000000000 | 1.10 1.49 1.73 | cpu  230478531 31397240 69550806 8111465463 11008078 0 1218744 0 0 0
1791227727 2827, 13801, 64, 0x0000000000000000 | 1.09 1.48 1.72 | cpu  230478639 31397240 69550821 8111468737 11008078 0 1218745 0 0 0
1791227728 2827, 13801, 64, 0x0000000000000000 | 1.09 1.48 1.72 | cpu  230478750 31397240 69550836 8111472021 11008078 0 1218748 0 0 0
1791227729 2842, 13801, 61, 0x0000000000000000 | 1.09 1.48 1.72 | cpu  230478863 31397240 69550857 8111475284 11008078 0 1218748 0 0 0
1791227730 2850, 13801, 59, 0x0000000000000000 | 1.09 1.48 1.72 | cpu  230478984 31397240 69550918 8111478492 11008078 0 1218750 0 0 0
1791227731 2827, 13801, 60, 0x0000000000000000 | 1.08 1.47 1.72 | cpu  230479096 31397240 69551004 8111481694 11008078 0 1218750 0 0 0
1791227732 2842, 13801, 63, 0x0000000000000000 | 1.08 1.47 1.72 | cpu  230479204 31397240 69551017 8111484973 11008078 0 1218750 0 0 0
1791227733 2827, 13801, 64, 0x0000000000000000 | 1.08 1.47 1.72 | cpu  230479313 31397240 69551032 8111488253 11008078 0 1218750 0 0 0
1791227734 2835, 13801, 63, 0x0000000000000000 | 1.08 1.47 1.72 | cpu  230479424 31397240 69551050 8111491525 11008078 0 1218750 0 0 0
1791227735 2850, 13801, 63, 0x0000000000000000 | 1.08 1.47 1.72 | cpu  230479534 31397240 69551063 8111494806 11008078 0 1218751 0 0 0
1791227736 2850, 13801, 59, 0x0000000000000000 | 1.08 1.46 1.72 | cpu  230479642 31397240 69551077 8111498082 11008078 0 1218751 0 0 0
1791227737 2842, 13801, 61, 0x0000000000000000 | 1.08 1.46 1.72 | cpu  230479751 31397240 69551092 8111501355 11008078 0 1218751 0 0 0
1791227738 2842, 13801, 60, 0x0000000000000000 | 1.08 1.46 1.72 | cpu  230479859 31397240 69551106 8111504640 11008078 0 1218751 0 0 0
1791227740 2842, 13801, 62, 0x0000000000000000 | 1.08 1.46 1.72 | cpu  230479969 31397240 69551120 8111507916 11008078 0 1218751 0 0 0
1791227741 2850, 13801, 59, 0x0000000000000000 | 1.08 1.46 1.72 | cpu  230480084 31397240 69551152 8111511175 11008078 0 1218751 0 0 0
1791227742 2827, 13801, 64, 0x0000000000000000 | 1.07 1.45 1.71 | cpu  230480196 31397240 69551171 8111514446 11008078 0 1218751 0 0 0
1791227743 2827, 13801, 65, 0x0000000000000000 | 1.07 1.45 1.71 | cpu  230480307 31397240 69551197 8111517722 11008078 0 1218752 0 0 0
1791227744 2842, 13801, 59, 0x0000000000000000 | 1.07 1.45 1.71 | cpu  230480416 31397240 69551212 8111520999 11008078 0 1218753 0 0 0
1791227745 2842, 13801, 64, 0x0000000000000000 | 1.07 1.45 1.71 | cpu  230480525 31397240 69551226 8111524277 11008078 0 1218753 0 0 0
1791227746 2842, 13801, 61, 0x0000000000000000 | 1.15 1.46 1.71 | cpu  230480636 31397240 69551245 8111527547 11008078 0 1218754 0 0 0
1791227747 2842, 13801, 61, 0x0000000000000000 | 1.15 1.46 1.71 | cpu  230480744 31397240 69551258 8111530821 11008078 0 1218755 0 0 0
1791227748 2850, 13801, 61, 0x0000000000000000 | 1.15 1.46 1.71 | cpu  230480853 31397240 69551272 8111534099 11008078 0 1218755 0 0 0
1791227749 2850, 13801, 58, 0x0000000000000000 | 1.15 1.46 1.71 | cpu  230480962 31397240 69551284 8111537371 11008078 0 1218755 0 0 0
1791227750 2850, 13801, 57, 0x0000000000000000 | 1.15 1.46 1.71 | cpu  230481070 31397240 69551299 8111540648 11008078 0 1218755 0 0 0
1791227751 2857, 13801, 54, 0x0000000000000000 | 1.13 1.46 1.71 | cpu  230481115 31397240 69551365 8111543928 11008078 0 1218755 0 0 0
1791227752 2460, 13801, 53, 0x0000000000000000 | 1.13 1.46 1.71 | cpu  230481161 31397240 69551432 8111547211 11008078 0 1218755 0 0 0
1791227753 2460, 13801, 52, 0x0000000000000000 | 1.13 1.46 1.71 | cpu  230481205 31397240 69551503 8111550490 11008078 0 1218756 0 0 0
1791227754 2460, 13801, 52, 0x0000000000000000 | 1.13 1.46 1.71 | cpu  230481248 31397240 69551572 8111553770 11008078 0 1218756 0 0 0
1791227755 2460, 13801, 51, 0x0000000000000000 | 1.13 1.46 1.71 | cpu  230481296 31397240 69551646 8111557046 11008078 0 1218756 0 0 0
1791227757 2460, 13801, 51, 0x0000000000000000 | 1.12 1.45 1.71 | cpu  230481342 31397240 69551718 8111560321 11008078 0 1218756 0 0 0
1791227758 2460, 13801, 51, 0x0000000000000000 | 1.12 1.45 1.71 | cpu  230481386 31397240 69551788 8111563598 11008078 0 1218756 0 0 0
1791227759 2460, 13801, 50, 0x0000000000000000 | 1.12 1.45 1.71 | cpu  230481428 31397240 69551859 8111566878 11008078 0 1218757 0 0 0
1791227760 2460, 13801, 50, 0x0000000000000000 | 1.12 1.45 1.71 | cpu  230481471 31397240 69551928 8111570161 11008078 0 1218757 0 0 0
1791227761 2460, 13801, 50, 0x0000000000000000 | 1.12 1.45 1.71 | cpu  230481518 31397240 69552001 8111573435 11008078 0 1218761 0 0 0
1791227762 2460, 13801, 50, 0x0000000000000000 | 1.11 1.44 1.70 | cpu  230481565 31397240 69552069 8111576712 11008078 0 1218761 0 0 0
1791227763 2460, 13801, 50, 0x0000000000000000 | 1.11 1.44 1.70 | cpu  230481607 31397240 69552140 8111579987 11008078 0 1218762 0 0 0
1791227764 2460, 13801, 49, 0x0000000000000000 | 1.11 1.44 1.70 | cpu  230481649 31397240 69552210 8111583268 11008078 0 1218763 0 0 0
1791227765 2460, 13801, 49, 0x0000000000000000 | 1.11 1.44 1.70 | cpu  230481692 31397240 69552281 8111586545 11008078 0 1218763 0 0 0
1791227766 2460, 13801, 49, 0x0000000000000000 | 1.10 1.43 1.70 | cpu  230481734 31397240 69552352 8111589825 11008078 0 1218763 0 0 0
1791227767 2460, 13801, 49, 0x0000000000000000 | 1.10 1.43 1.70 | cpu  230481775 31397240 69552423 8111593106 11008078 0 1218763 0 0 0
1791227768 2460, 13801, 49, 0x0000000000000000 | 1.10 1.43 1.70 | cpu  230481832 31397240 69552499 8111596357 11008079 0 1218764 0 0 0
1791227769 2460, 13801, 49, 0x0000000000000000 | 1.10 1.43 1.70 | cpu  230481911 31397240 69552592 8111599563 11008079 0 1218768 0 0 0
1791227770 2460, 13801, 48, 0x0000000000000000 | 1.10 1.43 1.70 | cpu  230481958 31397240 69552660 8111602840 11008079 0 1218768 0 0 0
1791227771 2460, 13801, 48, 0x0000000000000000 | 1.10 1.43 1.69 | cpu  230482001 31397240 69552729 8111606114 11008079 0 1218769 0 0 0
1791227772 2460, 13801, 48, 0x0000000000000000 | 1.10 1.43 1.69 | cpu  230482046 31397240 69552796 8111609393 11008079 0 1218769 0 0 0
1791227773 2460, 13801, 48, 0x0000000000000000 | 1.10 1.43 1.69 | cpu  230482096 31397240 69552874 8111612654 11008079 0 1218770 0 0 0
1791227775 2460, 13801, 48, 0x0000000000000000 | 1.10 1.43 1.69 | cpu  230482145 31397240 69552979 8111615893 11008079 0 1218772 0 0 0
1791227776 2460, 13801, 48, 0x0000000000000000 | 1.10 1.43 1.69 | cpu  230482203 31397240 69553090 8111619120 11008079 0 1218775 0 0 0
1791227777 2460, 13801, 48, 0x0000000000000000 | 1.09 1.42 1.69 | cpu  230482256 31397240 69553150 8111622406 11008079 0 1218776 0 0 0
1791227778 2460, 13801, 48, 0x0000000000000000 | 1.09 1.42 1.69 | cpu  230482310 31397240 69553208 8111625693 11008079 0 1218776 0 0 0
1791227779 2460, 13801, 47, 0x0000000000000000 | 1.09 1.42 1.69 | cpu  230482376 31397240 69553254 8111628966 11008079 0 1218776 0 0 0
1791227780 2460, 13801, 47, 0x0000000000000000 | 1.09 1.42 1.69 | cpu  230482443 31397240 69553310 8111632223 11008091 0 1218776 0 0 0
