1791228686 1, 0, 65.26
1791228687 1, 0, 46.18
1791228688 4, 0, 35.97
1791228689 4, 0, 34.28
1791228690 4, 0, 22.99
1791228692 4, 0, 21.90
1791228693 508, 0, 20.71
1791228694 3756, 0, 41.78
1791228695 5576, 44, 87.36
1791228696 6636, 40, 97.44
1791228697 7676, 23, 96.97
1791228698 8736, 46, 95.11
1791228699 10156, 10, 95.42
1791228700 11556, 45, 95.75
1791228701 12616, 33, 97.14
1791228702 14016, 31, 95.56
1791228703 15056, 45, 85.12
1791228704 16456, 41, 95.18
1791228705 17856, 22, 95.94
1791228706 18896, 45, 95.42
1791228707 20296, 12, 87.52
1791228708 20918, 1, 82.26
1791228710 21598, 0, 82.64
1791228711 21598, 0, 81.89
1791228712 21598, 6, 69.14
1791228713 21598, 6, 67.52
1791228714 21598, 6, 67.58
1791228715 21598, 5, 67.50
1791228716 21598, 6, 67.12
1791228717 21626, 5, 68.86
1791228718 21626, 7, 72.53
1791228719 21626, 6, 74.54
1791228720 21628, 7, 67.42
1791228721 21628, 11, 66.89
1791228722 21628, 0, 66.31
1791228723 21628, 0, 65.82
1791228724 21628, 0, 65.73
1791228725 21628, 0, 65.90
1791228727 21628, 0, 65.59
1791228728 21628, 0, 65.39
1791228729 21628, 0, 65.23
1791228730 21628, 0, 65.31
1791228731 21628, 0, 65.22
1791228732 21628, 0, 65.35
1791228733 21628, 1, 65.28
1791228734 21628, 2, 65.40
1791228735 21628, 3, 65.32
1791228736 21628, 4, 64.96
1791228737 21628, 6, 64.89
1791228738 21628, 7, 64.70
1791228739 21628, 9, 65.01
1791228740 21628, 11, 65.29
1791228741 21628, 12, 65.47
1791228742 21628, 14, 65.58
1791228743 21628, 13, 66.11
1791228745 21628, 11, 65.73
1791228746 21628, 9, 65.68
1791228747 21628, 5, 66.02
1791228748 21628, 5, 65.50
1791228749 21628, 13, 65.58
1791228750 21628, 14, 65.65
1791228751 21628, 12, 65.67
1791228752 21628, 11, 65.49
1791228753 21628, 10, 65.71
1791228754 21628, 8, 65.59
1791228755 21628, 6, 65.73
1791228756 21628, 5, 65.75
1791228757 21628, 2, 65.74
1791228758 21628, 1, 65.78
1791228759 21628, 0, 65.29
1791228760 21628, 0, 65.65
1791228761 21628, 0, 65.89
1791228763 21628, 2, 65.66
1791228764 21628, 3, 65.40
1791228765 21628, 5, 65.47
1791228766 21628, 7, 65.54
1791228767 21628, 7, 65.46
1791228768 21628, 7, 65.08
1791228769 21628, 6, 64.98
1791228770 21628, 4, 65.09
1791228771 21628, 3, 65.39
1791228772 21628, 0, 65.51
1791228773 21628, 5, 65.48
1791228774 21628, 5, 65.93
1791228775 21642, 0, 66.38
1791228776 21708, 31, 216.96
1791228777 21646, 17, 151.07
1791228778 23826, 37, 186.80
1791228779 24738, 70, 310.56
1791228781 25728, 47, 218.43
1791228782 26614, 83, 388.57
1791228783 26640, 44, 327.24
1791228784 26640, 56, 223.21
1791228785 26640, 31, 239.67
1791228786 26648, 27, 275.30
1791228787 26648, 74, 284.36
1791228788 26662, 57, 339.88
1791228789 26664, 45, 242.71
1791228790 26664, 59, 310.88
1791228791 26664, 36, 273.76
1791228792 26664, 66, 358.46
1791228793 26664, 30, 249.58
1791228794 26664, 68, 280.74
1791228795 26944, 95, 420.47
1791228796 26944, 33, 303.32
1791228798 26944, 70, 379.84
1791228799 26944, 26, 329.51
1791228800 26944, 43, 211.15
1791228801 26944, 83, 294.42
1791228802 26944, 35, 303.62
1791228803 26944, 51, 338.15
1791228804 26944, 58, 274.63
1791228805 26944, 35, 289.00
1791228806 26944, 40, 223.44
1791228807 26944, 28, 342.90
1791228808 26944, 41, 277.92
1791228809 26944, 30, 370.44
1791228810 26944, 30, 209.51
1791228811 26944, 49, 266.05
1791228812 26944, 46, 285.17
1791228814 26944, 78, 357.60
1791228815 26944, 50, 335.63
1791228816 26944, 70, 303.86
1791228817 26944, 88, 374.28
1791228818 26944, 69, 294.46
1791228819 26944, 36, 348.42
1791228820 26944, 32, 221.31
1791228821 26944, 37, 314.91
1791228822 26944, 31, 237.36
1791228823 26944, 67, 321.57
1791228824 26944, 65, 305.41
1791228825 26944, 42, 254.81
1791228826 26944, 50, 315.38
1791228827 26944, 75, 362.54
1791228828 26944, 65, 369.58
1791228829 26944, 47, 409.63
1791228831 26944, 76, 357.64
1791228832 26944, 52, 318.84
1791228833 27224, 95, 405.66
1791228834 27224, 60, 355.01
1791228835 27224, 54, 318.25
1791228836 27224, 57, 426.81
1791228837 27224, 85, 402.07
1791228838 27224, 94, 473.13
1791228839 27224, 55, 371.17
1791228840 27224, 30, 302.58
1791228841 27224, 30, 236.07
1791228842 27224, 85, 359.23
1791228843 27224, 82, 431.52
1791228844 27224, 48, 325.07
1791228845 27244, 97, 403.96
1791228846 27244, 81, 443.58
1791228848 27244, 31, 272.79
1791228849 27244, 29, 290.47
1791228850 27244, 48, 268.01
1791228851 27244, 37, 335.75
1791228852 27244, 71, 328.57
1791228853 27244, 35, 268.68
1791228854 27244, 37, 236.75
1791228855 27244, 92, 356.76
1791228856 27244, 70, 395.38
1791228857 27244, 37, 222.87
1791228858 27244, 40, 273.48
1791228859 27244, 49, 248.89
1791228860 27244, 95, 399.29
1791228861 27244, 45, 369.48
1791228862 27244, 39, 270.34
1791228864 27244, 56, 351.14
1791228865 27244, 35, 298.12
1791228866 27244, 30, 257.48
1791228867 27244, 79, 338.61
1791228868 27244, 58, 349.37
1791228869 27244, 42, 362.09
1791228870 27244, 48, 293.52
1791228871 27244, 62, 331.19
1791228872 27244, 53, 398.06
1791228873 27244, 26, 289.69
1791228874 27244, 52, 262.97
1791228875 27244, 83, 402.35
1791228876 27244, 40, 313.64
1791228877 27244, 63, 409.07
1791228878 27264, 96, 431.07
1791228879 27264, 29, 326.39
1791228881 27264, 55, 295.56
1791228882 27264, 54, 272.59
1791228883 27264, 60, 313.27
1791228884 27264, 30, 294.40
1791228885 27264, 60, 290.89
1791228886 27264, 94, 425.54
1791228887 27264, 60, 349.22
1791228888 27264, 62, 372.95
1791228889 27264, 95, 351.88
1791228890 27264, 50, 381.76
1791228891 27264, 44, 343.13
1791228892 27264, 37, 269.15
1791228893 27264, 65, 287.68
1791228894 27264, 55, 341.63
1791228895 27264, 63, 251.51
1791228897 27264, 11, 420.39
1791228898 27264, 30, 216.81
1791228899 27264, 84, 304.00
1791228900 27264, 41, 238.39
1791228901 27264, 33, 241.48
1791228902 27264, 31, 222.71
1791228903 27264, 95, 313.20
1791228904 27264, 75, 431.04
1791228905 27264, 51, 282.70
1791228906 27264, 0, 235.78
1791228907 27264, 47, 370.60
1791228908 27264, 44, 228.91
1791228909 27264, 29, 231.53
1791228910 27264, 39, 375.87
1791228911 27264, 50, 280.40
1791228912 27264, 93, 390.58
1791228914 27264, 44, 426.94
1791228915 27264, 38, 263.09
1791228916 27264, 78, 318.09
1791228917 27264, 44, 238.68
1791228918 27264, 33, 237.81
1791228919 27264, 40, 223.38
1791228920 27264, 56, 302.45
1791228921 27264, 70, 370.84
1791228922 27264, 67, 339.76
1791228923 27264, 59, 301.23
1791228924 27264, 73, 393.45
1791228925 27264, 89, 405.48
1791228926 27264, 93, 463.05
1791228927 27264, 75, 325.98
1791228928 27264, 54, 396.95
1791228930 27264, 35, 262.42
1791228931 27264, 88, 343.64
1791228932 27264, 28, 388.91
1791228933 27264, 47, 318.11
1791228934 27264, 48, 313.75
1791228935 27264, 82, 372.99
1791228936 27264, 57, 334.43
1791228937 27264, 28, 352.95
1791228938 27264, 88, 275.81
1791228939 27264, 30, 310.19
1791228940 27264, 62, 432.69
1791228941 27264, 85, 453.73
1791228942 27264, 37, 296.05
1791228943 27264, 41, 258.70
1791228944 27264, 94, 392.64
1791228945 27264, 40, 276.07
1791228947 27264, 39, 384.54
1791228948 27264, 94, 349.11
1791228949 27264, 70, 411.09
1791228950 27264, 44, 329.68
1791228951 27264, 69, 395.80
1791228952 27264, 44, 221.44
1791228953 27264, 50, 249.30
1791228954 27264, 55, 315.16
1791228955 27264, 61, 400.27
1791228956 27264, 25, 290.61
1791228957 27264, 46, 238.91
1791228958 27264, 89, 305.32
1791228959 27264, 93, 455.19
1791228960 27284, 89, 467.66
1791228961 27284, 31, 282.22
1791228962 27284, 94, 289.20
1791228964 27284, 51, 388.37
1791228965 27284, 50, 304.86
1791228966 27284, 24, 294.48
1791228967 27284, 40, 332.36
1791228968 27284, 30, 234.13
1791228969 27284, 39, 237.69
1791228970 27284, 7, 158.99
1791228971 27284, 3, 92.31
1791228972 27284, 0, 76.55
1791228973 27284, 0, 76.38
1791228974 27284, 0, 74.85
1791228975 27284, 9, 74.39
1791228976 27284, 13, 73.37
1791228977 27284, 7, 72.73
1791228978 27284, 0, 73.17
1791228979 27284, 1, 72.24
1791228981 27284, 7, 71.75
1791228982 27284, 5, 70.97
1791228983 27284, 0, 70.30
1791228984 27284, 3, 69.92
1791228985 27284, 13, 69.88
1791228986 27284, 4, 70.60
1791228987 27284, 0, 70.00
1791228988 27284, 7, 69.30
1791228989 27284, 3, 68.67
1791228990 27284, 0, 68.45
1791228991 27284, 1, 68.15
1791228992 27284, 0, 67.99
1791228993 27284, 2, 68.09
1791228994 27284, 13, 67.97
1791228996 27284, 0, 67.71
1791228997 27284, 4, 67.61
1791228998 27284, 5, 67.97
1791228999 27284, 18, 68.73
1791229000 27284, 0, 67.80
1791229001 27284, 0, 66.76
1791229002 27284, 0, 67.23
