1791069823 2460, 14001, 48, 0x0000000000000000 | 1.07 0.92 0.56 | cpu  1681158 309 214737 226454184 125092 0 3809 0 0 0
1791069824 2460, 14001, 48, 0x0000000000000000 | 1.07 0.92 0.56 | cpu  1681299 309 214759 226457342 125092 0 3809 0 0 0
1791069825 855, 7001, 47, 0x0000000000000000 | 1.07 0.92 0.56 | cpu  1681300 309 214770 226460657 125092 0 3809 0 0 0
1791069826 540, 7001, 47, 0x0000000000000000 | 1.07 0.92 0.56 | cpu  1681372 309 214785 226463902 125096 0 3809 0 0 0
1791069827 330, 810, 46, 0x0000000000000000 | 2.35 1.18 0.65 | cpu  1681555 309 214801 226467001 125096 0 3809 0 0 0
1791069828 2460, 13801, 47, 0x0000000000000000 | 2.35 1.18 0.65 | cpu  1681650 309 214811 226470195 125096 0 3809 0 0 0
1791069829 2460, 13801, 47, 0x0000000000000000 | 2.35 1.18 0.65 | cpu  1681745 309 214825 226473379 125102 0 3810 0 0 0
1791069830 2460, 13801, 47, 0x0000000000000000 | 2.35 1.18 0.65 | cpu  1681840 309 214835 226476572 125102 0 3810 0 0 0
1791069831 2482, 13801, 48, 0x0000000000000000 | 2.35 1.18 0.65 | cpu  1681929 309 214852 226479778 125102 0 3810 0 0 0
1791069832 2880, 13801, 48, 0x0000000000000000 | 2.24 1.18 0.65 | cpu  1682014 309 214874 226482990 125102 0 3810 0 0 0
1791069833 2880, 13801, 48, 0x0000000000000000 | 2.24 1.18 0.65 | cpu  1682100 309 214896 226486205 125102 0 3811 0 0 0
1791069834 2880, 13801, 48, 0x0000000000000000 | 2.24 1.18 0.65 | cpu  1682183 309 214919 226489408 125102 0 3811 0 0 0
1791069835 2880, 13801, 48, 0x0000000000000000 | 2.24 1.18 0.65 | cpu  1682266 309 214942 226492610 125102 0 3811 0 0 0
1791069836 2880, 13801, 50, 0x0000000000000000 | 2.24 1.18 0.65 | cpu  1682569 309 214974 226495589 125102 0 3811 0 0 0
1791069837 2880, 13801, 49, 0x0000000000000000 | 2.14 1.18 0.66 | cpu  1683062 309 214989 226498403 125102 0 3812 0 0 0
1791069838 2535, 13801, 47, 0x0000000000000000 | 2.14 1.18 0.66 | cpu  1683449 309 215000 226501319 125102 0 3812 0 0 0
1791069839 2460, 13801, 46, 0x0000000000000000 | 2.14 1.18 0.66 | cpu  1683555 309 215003 226504514 125106 0 3812 0 0 0
1791069840 2655, 13801, 47, 0x0000000000000000 | 2.14 1.18 0.66 | cpu  1683663 309 215027 226507690 125106 0 3813 0 0 0
1791069841 2475, 13801, 46, 0x0000000000000000 | 2.14 1.18 0.66 | cpu  1683768 309 215032 226510884 125106 0 3813 0 0 0
1791069842 2460, 13801, 46, 0x0000000000000000 | 2.05 1.17 0.66 | cpu  1683858 309 215054 226514071 125106 0 3814 0 0 0
1791069843 2460, 13801, 46, 0x0000000000000000 | 2.05 1.17 0.66 | cpu  1683921 309 215096 226517272 125106 0 3814 0 0 0
1791069844 2460, 13801, 45, 0x0000000000000000 | 2.05 1.17 0.66 | cpu  1683986 309 215142 226520459 125106 0 3815 0 0 0
1791069845 2460, 13801, 45, 0x0000000000000000 | 2.05 1.17 0.66 | cpu  1684049 309 215185 226523658 125107 0 3815 0 0 0
1791069846 2460, 13801, 45, 0x0000000000000000 | 1.96 1.17 0.66 | cpu  1684111 309 215228 226526852 125107 0 3815 0 0 0
1791069847 2460, 13801, 45, 0x0000000000000000 | 1.96 1.17 0.66 | cpu  1684176 309 215270 226530049 125107 0 3815 0 0 0
1791069848 2460, 13801, 45, 0x0000000000000000 | 1.96 1.17 0.66 | cpu  1684238 309 215314 226533250 125107 0 3816 0 0 0
1791069849 2460, 13801, 45, 0x0000000000000000 | 1.96 1.17 0.66 | cpu  1684301 309 215357 226536445 125107 0 3816 0 0 0
1791069850 2460, 13801, 45, 0x0000000000000000 | 1.96 1.17 0.66 | cpu  1684363 309 215400 226539641 125107 0 3816 0 0 0
1791069851 2460, 13801, 45, 0x0000000000000000 | 1.89 1.17 0.66 | cpu  1684423 309 215446 226542839 125107 0 3816 0 0 0
1791069853 2460, 13801, 45, 0x0000000000000000 | 1.89 1.17 0.66 | cpu  1684484 309 215491 226546035 125107 0 3816 0 0 0
1791069854 2460, 13801, 45, 0x0000000000000000 | 1.89 1.17 0.66 | cpu  1684551 309 215536 226549222 125115 0 3816 0 0 0
1791069855 2460, 13801, 44, 0x0000000000000000 | 1.89 1.17 0.66 | cpu  1684614 309 215579 226552415 125115 0 3816 0 0 0
1791069856 2460, 13801, 44, 0x0000000000000000 | 1.89 1.17 0.66 | cpu  1684678 309 215623 226555609 125115 0 3816 0 0 0
1791069857 2460, 13801, 44, 0x0000000000000000 | 1.82 1.17 0.66 | cpu  1684737 309 215669 226558800 125116 0 3816 0 0 0
1791069858 2460, 13801, 44, 0x0000000000000000 | 1.82 1.17 0.66 | cpu  1684801 309 215712 226562000 125116 0 3816 0 0 0
1791069859 2460, 13801, 44, 0x0000000000000000 | 1.82 1.17 0.66 | cpu  1684862 309 215756 226565200 125116 0 3816 0 0 0
1791069860 2460, 13801, 44, 0x0000000000000000 | 1.82 1.17 0.66 | cpu  1684927 309 215798 226568396 125117 0 3816 0 0 0
1791069861 2460, 13801, 44, 0x0000000000000000 | 1.82 1.17 0.66 | cpu  1684988 309 215843 226571598 125117 0 3817 0 0 0
1791069862 2460, 13801, 44, 0x0000000000000000 | 1.75 1.16 0.67 | cpu  1685052 309 215884 226574797 125117 0 3817 0 0 0
1791069863 2460, 13801, 44, 0x0000000000000000 | 1.75 1.16 0.67 | cpu  1685116 309 215926 226577995 125117 0 3817 0 0 0
1791069864 2460, 13801, 44, 0x0000000000000000 | 1.75 1.16 0.67 | cpu  1685177 309 215971 226581193 125117 0 3817 0 0 0
1791069865 2692, 13801, 52, 0x0000000000000004 | 1.75 1.16 0.67 | cpu  1685263 309 215994 226584423 125117 0 3817 0 0 0
1791069866 2850, 13801, 54, 0x0000000000000000 | 1.75 1.16 0.67 | cpu  1685367 309 215997 226587650 125117 0 3817 0 0 0
1791069867 2850, 13801, 56, 0x0000000000000000 | 1.69 1.16 0.67 | cpu  1685472 309 216001 226590878 125117 0 3817 0 0 0
1791069868 2850, 13801, 56, 0x0000000000000000 | 1.69 1.16 0.67 | cpu  1685579 309 216005 226594104 125117 0 3817 0 0 0
1791069869 2850, 13801, 56, 0x0000000000000000 | 1.69 1.16 0.67 | cpu  1685683 309 216008 226597301 125117 0 3818 0 0 0
1791069870 2850, 13801, 56, 0x0000000000000000 | 1.69 1.16 0.67 | cpu  1685785 309 216020 226600522 125117 0 3818 0 0 0
1791069871 2850, 13801, 57, 0x0000000000000000 | 1.69 1.16 0.67 | cpu  1685889 309 216031 226603747 125117 0 3818 0 0 0
1791069872 2850, 13801, 58, 0x0000000000000000 | 1.63 1.16 0.67 | cpu  1685995 309 216041 226606978 125117 0 3819 0 0 0
1791069873 2850, 13801, 58, 0x0000000000000004 | 1.63 1.16 0.67 | cpu  1686100 309 216050 226610200 125117 0 3819 0 0 0
1791069874 2850, 13801, 58, 0x0000000000000000 | 1.63 1.16 0.67 | cpu  1686205 309 216061 226613419 125117 0 3819 0 0 0
1791069875 2850, 13801, 58, 0x0000000000000000 | 1.63 1.16 0.67 | cpu  1686311 309 216070 226616640 125117 0 3820 0 0 0
1791069876 2850, 13801, 59, 0x0000000000000000 | 1.58 1.15 0.67 | cpu  1686416 309 216079 226619858 125117 0 3820 0 0 0
1791069877 2850, 13801, 60, 0x0000000000000000 | 1.58 1.15 0.67 | cpu  1686521 309 216089 226623071 125117 0 3821 0 0 0
1791069878 2850, 13801, 59, 0x0000000000000004 | 1.58 1.15 0.67 | cpu  1686626 309 216099 226626289 125117 0 3821 0 0 0
1791069880 2850, 13801, 60, 0x0000000000000000 | 1.58 1.15 0.67 | cpu  1686733 309 216112 226629528 125117 0 3821 0 0 0
1791069881 2850, 13801, 60, 0x0000000000000000 | 1.58 1.15 0.67 | cpu  1686838 309 216121 226632743 125122 0 3821 0 0 0
1791069882 2842, 13801, 60, 0x0000000000000004 | 1.62 1.17 0.68 | cpu  1686943 309 216130 226635956 125122 0 3821 0 0 0
1791069883 2842, 13801, 61, 0x0000000000000000 | 1.62 1.17 0.68 | cpu  1687048 309 216139 226639174 125122 0 3822 0 0 0
1791069884 2850, 13801, 60, 0x0000000000000000 | 1.62 1.17 0.68 | cpu  1687153 309 216150 226642398 125122 0 3822 0 0 0
1791069885 2842, 13801, 61, 0x0000000000000004 | 1.62 1.17 0.68 | cpu  1687260 309 216159 226645617 125122 0 3822 0 0 0
1791069886 2842, 13801, 60, 0x0000000000000000 | 1.62 1.17 0.68 | cpu  1687365 309 216169 226648834 125122 0 3822 0 0 0
1791069887 2842, 13801, 60, 0x0000000000000000 | 1.57 1.16 0.68 | cpu  1687470 309 216179 226652054 125123 0 3823 0 0 0
1791069888 2842, 13801, 61, 0x0000000000000004 | 1.57 1.16 0.68 | cpu  1687577 309 216190 226655276 125123 0 3823 0 0 0
1791069889 2842, 13801, 61, 0x0000000000000004 | 1.57 1.16 0.68 | cpu  1687682 309 216198 226658489 125124 0 3823 0 0 0
1791069890 2842, 13801, 61, 0x0000000000000004 | 1.57 1.16 0.68 | cpu  1687791 309 216225 226661685 125124 0 3824 0 0 0
1791069891 2842, 13801, 61, 0x0000000000000000 | 1.57 1.16 0.68 | cpu  1687896 309 216235 226664907 125124 0 3824 0 0 0
1791069892 2842, 13801, 61, 0x0000000000000004 | 1.52 1.16 0.68 | cpu  1688002 309 216244 226668132 125124 0 3824 0 0 0
1791069893 2842, 13801, 62, 0x0000000000000004 | 1.52 1.16 0.68 | cpu  1688107 309 216254 226671359 125129 0 3824 0 0 0
1791069894 2842, 13801, 62, 0x0000000000000004 | 1.52 1.16 0.68 | cpu  1688213 309 216264 226674578 125129 0 3824 0 0 0
1791069895 2842, 13801, 62, 0x0000000000000004 | 1.52 1.16 0.68 | cpu  1688318 309 216274 226677794 125129 0 3824 0 0 0
1791069896 2835, 13801, 63, 0x0000000000000004 | 1.52 1.16 0.68 | cpu  1688424 309 216283 226681014 125129 0 3825 0 0 0
1791069897 2835, 13801, 63, 0x0000000000000004 | 1.48 1.16 0.69 | cpu  1688529 309 216292 226684233 125129 0 3826 0 0 0
1791069898 2835, 13801, 63, 0x0000000000000004 | 1.48 1.16 0.69 | cpu  1688634 309 216301 226687452 125129 0 3826 0 0 0
1791069899 2827, 13801, 62, 0x0000000000000000 | 1.48 1.16 0.69 | cpu  1688740 309 216311 226690665 125132 0 3826 0 0 0
1791069900 2827, 13801, 63, 0x0000000000000004 | 1.48 1.16 0.69 | cpu  1688846 309 216321 226693889 125132 0 3827 0 0 0
1791069901 2835, 13801, 63, 0x0000000000000004 | 1.44 1.16 0.69 | cpu  1688959 309 216337 226697098 125132 0 3827 0 0 0
1791069902 2835, 13801, 63, 0x0000000000000004 | 1.44 1.16 0.69 | cpu  1689079 309 216373 226700273 125132 0 3830 0 0 0
1791069903 2827, 13801, 64, 0x0000000000000004 | 1.44 1.16 0.69 | cpu  1689183 309 216383 226703482 125132 0 3830 0 0 0
1791069905 2835, 13801, 63, 0x0000000000000004 | 1.44 1.16 0.69 | cpu  1689291 309 216395 226706702 125132 0 3830 0 0 0
1791069906 2835, 13801, 63, 0x0000000000000000 | 1.44 1.16 0.69 | cpu  1689399 309 216420 226709903 125132 0 3831 0 0 0
1791069907 2827, 13801, 64, 0x0000000000000004 | 1.41 1.15 0.69 | cpu  1689503 309 216430 226713112 125133 0 3831 0 0 0
1791069908 2835, 13801, 64, 0x0000000000000004 | 1.41 1.15 0.69 | cpu  1689608 309 216440 226716334 125133 0 3831 0 0 0
1791069909 2835, 13801, 64, 0x0000000000000004 | 1.41 1.15 0.69 | cpu  1689714 309 216450 226719567 125133 0 3831 0 0 0
1791069910 2827, 13801, 64, 0x0000000000000000 | 1.41 1.15 0.69 | cpu  1689820 309 216460 226722788 125133 0 3832 0 0 0
1791069911 2827, 13801, 64, 0x0000000000000004 | 1.41 1.15 0.69 | cpu  1689925 309 216470 226726006 125133 0 3832 0 0 0
1791069912 2835, 13801, 64, 0x0000000000000004 | 1.37 1.15 0.69 | cpu  1690031 309 216480 226729233 125133 0 3832 0 0 0
1791069913 2835, 13801, 64, 0x0000000000000004 | 1.37 1.15 0.69 | cpu  1690138 309 216489 226732454 125133 0 3832 0 0 0
1791069914 2835, 13801, 65, 0x0000000000000004 | 1.37 1.15 0.69 | cpu  1690244 309 216499 226735678 125133 0 3833 0 0 0
1791069915 2865, 13801, 61, 0x0000000000000000 | 1.37 1.15 0.69 | cpu  1690348 309 216507 226738891 125141 0 3833 0 0 0
1791069916 2835, 13801, 64, 0x0000000000000000 | 1.37 1.15 0.69 | cpu  1690453 309 216516 226742097 125141 0 3833 0 0 0
1791069917 2827, 13801, 65, 0x0000000000000004 | 1.34 1.15 0.69 | cpu  1690558 309 216527 226745310 125141 0 3834 0 0 0
1791069918 2827, 13801, 64, 0x0000000000000004 | 1.34 1.15 0.69 | cpu  1690664 309 216537 226748547 125141 0 3834 0 0 0
1791069919 2835, 13801, 64, 0x0000000000000004 | 1.34 1.15 0.69 | cpu  1690770 309 216548 226751770 125142 0 3835 0 0 0
1791069920 2835, 13801, 65, 0x0000000000000004 | 1.34 1.15 0.69 | cpu  1690875 309 216558 226754981 125142 0 3836 0 0 0
1791069921 2827, 13801, 64, 0x0000000000000004 | 1.34 1.15 0.69 | cpu  1690980 309 216569 226758197 125142 0 3836 0 0 0
1791069922 2835, 13801, 64, 0x0000000000000004 | 1.31 1.14 0.70 | cpu  1691085 309 216578 226761417 125142 0 3836 0 0 0
1791069923 2835, 13801, 65, 0x0000000000000004 | 1.31 1.14 0.70 | cpu  1691191 309 216587 226764637 125142 0 3836 0 0 0
1791069924 2827, 13801, 65, 0x0000000000000004 | 1.31 1.14 0.70 | cpu  1691297 309 216597 226767845 125146 0 3837 0 0 0
1791069925 2827, 13801, 65, 0x0000000000000004 | 1.31 1.14 0.70 | cpu  1691403 309 216607 226771069 125146 0 3837 0 0 0
1791069926 2835, 13801, 65, 0x0000000000000004 | 1.29 1.14 0.70 | cpu  1691508 309 216616 226774293 125147 0 3837 0 0 0
1791069927 2835, 13801, 65, 0x0000000000000004 | 1.29 1.14 0.70 | cpu  1691613 309 216625 226777512 125147 0 3838 0 0 0
1791069928 2827, 13801, 66, 0x0000000000000004 | 1.29 1.14 0.70 | cpu  1691719 309 216635 226780724 125147 0 3839 0 0 0
1791069930 2835, 13801, 65, 0x0000000000000004 | 1.29 1.14 0.70 | cpu  1691825 309 216645 226783952 125147 0 3839 0 0 0
1791069931 2835, 13801, 65, 0x0000000000000004 | 1.29 1.14 0.70 | cpu  1691930 309 216654 226787181 125147 0 3840 0 0 0
1791069932 2827, 13801, 65, 0x0000000000000000 | 1.27 1.14 0.70 | cpu  1692038 309 216671 226790389 125147 0 3840 0 0 0
1791069933 2827, 13801, 65, 0x0000000000000004 | 1.27 1.14 0.70 | cpu  1692143 309 216681 226793604 125147 0 3840 0 0 0
1791069934 2835, 13801, 65, 0x0000000000000004 | 1.27 1.14 0.70 | cpu  1692249 309 216691 226796841 125147 0 3841 0 0 0
1791069935 2835, 13801, 65, 0x0000000000000004 | 1.27 1.14 0.70 | cpu  1692354 309 216700 226800075 125147 0 3841 0 0 0
1791069936 2827, 13801, 66, 0x0000000000000004 | 1.27 1.14 0.70 | cpu  1692461 309 216709 226803287 125147 0 3841 0 0 0
1791069937 2835, 13801, 66, 0x0000000000000004 | 1.24 1.14 0.70 | cpu  1692566 309 216719 226806506 125147 0 3841 0 0 0
1791069938 2835, 13801, 66, 0x0000000000000004 | 1.24 1.14 0.70 | cpu  1692671 309 216726 226809693 125147 0 3841 0 0 0
1791069939 2827, 13801, 65, 0x0000000000000004 | 1.24 1.14 0.70 | cpu  1692778 309 216735 226812914 125147 0 3841 0 0 0
1791069940 2827, 13801, 65, 0x0000000000000004 | 1.24 1.14 0.70 | cpu  1692883 309 216745 226816129 125156 0 3842 0 0 0
1791069941 2835, 13801, 66, 0x0000000000000004 | 1.24 1.14 0.70 | cpu  1692990 309 216755 226819349 125156 0 3842 0 0 0
1791069942 2835, 13801, 66, 0x0000000000000004 | 1.22 1.13 0.70 | cpu  1693094 309 216763 226822571 125156 0 3842 0 0 0
1791069943 2827, 13801, 66, 0x0000000000000004 | 1.22 1.13 0.70 | cpu  1693200 309 216773 226825784 125156 0 3843 0 0 0
1791069944 2835, 13801, 66, 0x0000000000000004 | 1.22 1.13 0.70 | cpu  1693306 309 216783 226829002 125156 0 3843 0 0 0
1791069945 2835, 13801, 66, 0x0000000000000004 | 1.22 1.13 0.70 | cpu  1693410 309 216793 226832207 125156 0 3843 0 0 0
1791069946 2827, 13801, 67, 0x0000000000000004 | 1.22 1.13 0.70 | cpu  1693515 309 216802 226835418 125161 0 3844 0 0 0
1791069947 2835, 13801, 66, 0x0000000000000004 | 1.21 1.13 0.70 | cpu  1693622 309 216813 226838641 125161 0 3844 0 0 0
1791069948 2835, 13801, 66, 0x0000000000000004 | 1.21 1.13 0.70 | cpu  1693727 309 216823 226841867 125161 0 3844 0 0 0
1791069949 2827, 13801, 66, 0x0000000000000004 | 1.21 1.13 0.70 | cpu  1693833 309 216834 226845107 125165 0 3844 0 0 0
1791069950 2827, 13801, 66, 0x0000000000000004 | 1.21 1.13 0.70 | cpu  1693939 309 216843 226848323 125165 0 3845 0 0 0
1791069951 2827, 13801, 66, 0x0000000000000004 | 1.19 1.13 0.71 | cpu  1694044 309 216853 226851547 125166 0 3845 0 0 0
1791069952 2835, 13801, 66, 0x0000000000000004 | 1.19 1.13 0.71 | cpu  1694149 309 216863 226854768 125166 0 3845 0 0 0
1791069954 2835, 13801, 66, 0x0000000000000000 | 1.19 1.13 0.71 | cpu  1694255 309 216874 226858014 125166 0 3845 0 0 0
1791069955 2827, 13801, 66, 0x0000000000000004 | 1.19 1.13 0.71 | cpu  1694360 309 216883 226861230 125166 0 3845 0 0 0
1791069956 2835, 13801, 66, 0x0000000000000004 | 1.19 1.13 0.71 | cpu  1694466 309 216893 226864457 125166 0 3846 0 0 0
1791069957 2835, 13801, 66, 0x0000000000000004 | 1.17 1.13 0.71 | cpu  1694571 309 216903 226867684 125170 0 3846 0 0 0
1791069958 2827, 13801, 66, 0x0000000000000004 | 1.17 1.13 0.71 | cpu  1694677 309 216913 226870907 125170 0 3846 0 0 0
1791069959 2827, 13801, 66, 0x0000000000000004 | 1.17 1.13 0.71 | cpu  1694783 309 216924 226874126 125170 0 3846 0 0 0
1791069960 2835, 13801, 66, 0x0000000000000004 | 1.17 1.13 0.71 | cpu  1694888 309 216934 226877348 125170 0 3847 0 0 0
1791069961 2827, 13801, 66, 0x0000000000000004 | 1.17 1.13 0.71 | cpu  1694994 309 216945 226880568 125170 0 3847 0 0 0
1791069962 2827, 13801, 66, 0x0000000000000004 | 1.16 1.12 0.71 | cpu  1695099 309 216953 226883783 125170 0 3847 0 0 0
1791069963 2835, 13801, 66, 0x0000000000000004 | 1.16 1.12 0.71 | cpu  1695205 309 216964 226887012 125170 0 3847 0 0 0
1791069964 2835, 13801, 66, 0x0000000000000004 | 1.16 1.12 0.71 | cpu  1695315 309 216995 226890227 125170 0 3849 0 0 0
1791069965 2827, 13801, 66, 0x0000000000000004 | 1.16 1.12 0.71 | cpu  1695419 309 217003 226893449 125171 0 3849 0 0 0
1791069966 2827, 13801, 66, 0x0000000000000004 | 1.16 1.12 0.71 | cpu  1695525 309 217012 226896666 125171 0 3849 0 0 0
1791069967 2835, 13801, 66, 0x0000000000000004 | 1.15 1.12 0.71 | cpu  1695630 309 217022 226899888 125171 0 3850 0 0 0
1791069968 2827, 13801, 66, 0x0000000000000004 | 1.15 1.12 0.71 | cpu  1695735 309 217033 226903105 125175 0 3850 0 0 0
1791069969 2827, 13801, 67, 0x0000000000000004 | 1.15 1.12 0.71 | cpu  1695842 309 217042 226906330 125175 0 3851 0 0 0
1791069970 2835, 13801, 67, 0x0000000000000004 | 1.15 1.12 0.71 | cpu  1695948 309 217053 226909546 125175 0 3851 0 0 0
1791069971 2827, 13801, 66, 0x0000000000000004 | 1.13 1.12 0.71 | cpu  1696053 309 217062 226912762 125175 0 3851 0 0 0
1791069972 2827, 13801, 67, 0x0000000000000004 | 1.13 1.12 0.71 | cpu  1696160 309 217072 226915994 125175 0 3852 0 0 0
1791069973 2835, 13801, 67, 0x0000000000000004 | 1.13 1.12 0.71 | cpu  1696264 309 217082 226919220 125176 0 3852 0 0 0
1791069974 2835, 13801, 67, 0x0000000000000004 | 1.13 1.12 0.71 | cpu  1696370 309 217091 226922430 125180 0 3852 0 0 0
1791069975 2827, 13801, 67, 0x0000000000000004 | 1.13 1.12 0.71 | cpu  1696475 309 217100 226925652 125180 0 3852 0 0 0
1791069976 2827, 13801, 66, 0x0000000000000004 | 1.12 1.12 0.72 | cpu  1696583 309 217111 226928883 125180 0 3853 0 0 0
1791069978 2835, 13801, 66, 0x0000000000000004 | 1.12 1.12 0.72 | cpu  1696688 309 217119 226932104 125180 0 3853 0 0 0
1791069979 2827, 13801, 67, 0x0000000000000004 | 1.12 1.12 0.72 | cpu  1696793 309 217129 226935317 125180 0 3853 0 0 0
1791069980 2827, 13801, 66, 0x0000000000000004 | 1.12 1.12 0.72 | cpu  1696898 309 217139 226938536 125189 0 3854 0 0 0
1791069981 2835, 13801, 67, 0x0000000000000004 | 1.12 1.12 0.72 | cpu  1697003 309 217150 226941755 125189 0 3854 0 0 0
1791069982 2827, 13801, 67, 0x0000000000000004 | 1.11 1.12 0.72 | cpu  1697109 309 217160 226944976 125189 0 3855 0 0 0
1791069983 2827, 13801, 67, 0x0000000000000004 | 1.11 1.12 0.72 | cpu  1697214 309 217169 226948187 125189 0 3855 0 0 0
1791069984 2835, 13801, 67, 0x0000000000000004 | 1.11 1.12 0.72 | cpu  1697319 309 217180 226951401 125193 0 3855 0 0 0
1791069985 2827, 13801, 67, 0x0000000000000004 | 1.11 1.12 0.72 | cpu  1697425 309 217190 226954635 125193 0 3855 0 0 0
1791069986 2872, 13801, 65, 0x0000000000000004 | 1.11 1.12 0.72 | cpu  1697530 309 217197 226957862 125193 0 3855 0 0 0
1791069987 2835, 13801, 66, 0x0000000000000004 | 1.10 1.11 0.72 | cpu  1697636 309 217207 226961076 125198 0 3855 0 0 0
1791069988 2827, 13801, 66, 0x0000000000000004 | 1.10 1.11 0.72 | cpu  1697741 309 217218 226964298 125198 0 3855 0 0 0
1791069989 2827, 13801, 66, 0x0000000000000004 | 1.10 1.11 0.72 | cpu  1697846 309 217229 226967523 125198 0 3856 0 0 0
1791069990 2827, 13801, 66, 0x0000000000000004 | 1.10 1.11 0.72 | cpu  1697951 309 217238 226970749 125198 0 3856 0 0 0
1791069991 2827, 13801, 66, 0x0000000000000004 | 1.10 1.11 0.72 | cpu  1698056 309 217248 226973971 125198 0 3856 0 0 0
1791069992 2880, 13801, 59, 0x0000000000000000 | 1.02 1.09 0.72 | cpu  1698119 309 217283 226977177 125198 0 3857 0 0 0
1791069993 2880, 13801, 57, 0x0000000000000000 | 1.02 1.09 0.72 | cpu  1698178 309 217332 226980382 125198 0 3857 0 0 0
1791069994 2460, 13801, 56, 0x0000000000000000 | 1.02 1.09 0.72 | cpu  1698241 309 217376 226983578 125198 0 3857 0 0 0
1791069995 2460, 13801, 55, 0x0000000000000000 | 1.02 1.09 0.72 | cpu  1698305 309 217419 226986779 125198 0 3858 0 0 0
1791069996 2460, 13801, 54, 0x0000000000000000 | 1.09 1.11 0.72 | cpu  1698364 309 217466 226989981 125198 0 3858 0 0 0
1791069997 2460, 13801, 54, 0x0000000000000000 | 1.09 1.11 0.72 | cpu  1698428 309 217508 226993182 125198 0 3858 0 0 0
1791069998 2460, 13801, 53, 0x0000000000000000 | 1.09 1.11 0.72 | cpu  1698488 309 217555 226996390 125198 0 3858 0 0 0
1791069999 2460, 13801, 53, 0x0000000000000000 | 1.09 1.11 0.72 | cpu  1698550 309 217598 226999584 125198 0 3859 0 0 0
1791070000 2460, 13801, 52, 0x0000000000000000 | 1.09 1.11 0.72 | cpu  1698613 309 217642 227002773 125207 0 3859 0 0 0
1791070001 2460, 13801, 52, 0x0000000000000000 | 1.09 1.11 0.73 | cpu  1698673 309 217689 227005972 125207 0 3859 0 0 0
1791070002 2460, 13801, 52, 0x0000000000000000 | 1.09 1.11 0.73 | cpu  1698739 309 217729 227009171 125207 0 3859 0 0 0
1791070003 2460, 13801, 51, 0x0000000000000000 | 1.09 1.11 0.73 | cpu  1698773 309 217799 227012367 125207 0 3859 0 0 0
1791070005 2460, 13801, 51, 0x0000000000000000 | 1.09 1.11 0.73 | cpu  1698837 309 217802 227015614 125207 0 3861 0 0 0
