1791069719 2460, 14001, 50, 0x0000000000000000 | 1.16 0.86 0.50 | cpu  1671808 309 212361 226135133 125001 0 3773 0 0 0
1791069720 1155, 7001, 49, 0x0000000000000000 | 1.16 0.86 0.50 | cpu  1671979 309 212386 226138239 125008 0 3774 0 0 0
1791069721 915, 7001, 49, 0x0000000000000000 | 1.16 0.86 0.50 | cpu  1672205 309 212410 226141288 125018 0 3775 0 0 0
1791069722 457, 810, 48, 0x0000000000000000 | 1.15 0.86 0.50 | cpu  1672230 309 212434 226144564 125019 0 3775 0 0 0
1791069723 270, 810, 48, 0x0000000000000000 | 1.15 0.86 0.50 | cpu  1672318 309 212458 226147739 125028 0 3775 0 0 0
1791069724 2512, 13801, 49, 0x0000000000000000 | 1.15 0.86 0.50 | cpu  1672465 309 212471 226150882 125029 0 3775 0 0 0
1791069725 2512, 13801, 50, 0x0000000000000000 | 1.15 0.86 0.50 | cpu  1672597 309 212480 226154051 125029 0 3775 0 0 0
1791069726 2490, 13801, 49, 0x0000000000000000 | 1.13 0.86 0.51 | cpu  1672730 309 212489 226157222 125034 0 3776 0 0 0
1791069727 2490, 13801, 49, 0x0000000000000000 | 1.13 0.86 0.51 | cpu  1672864 309 212501 226160384 125034 0 3777 0 0 0
1791069728 2512, 13801, 48, 0x0000000000000000 | 1.13 0.86 0.51 | cpu  1672998 309 212510 226163551 125034 0 3777 0 0 0
1791069729 2490, 13801, 48, 0x0000000000000000 | 1.13 0.86 0.51 | cpu  1673134 309 212539 226166688 125034 0 3777 0 0 0
1791069730 2512, 13801, 49, 0x0000000000000000 | 1.13 0.86 0.51 | cpu  1673268 309 212548 226169846 125034 0 3778 0 0 0
1791069732 2497, 13801, 48, 0x0000000000000000 | 1.12 0.86 0.51 | cpu  1673396 309 212557 226173021 125034 0 3778 0 0 0
1791069733 2460, 13801, 48, 0x0000000000000000 | 1.12 0.86 0.51 | cpu  1673479 309 212597 226176195 125034 0 3778 0 0 0
1791069734 2505, 13801, 48, 0x0000000000000000 | 1.12 0.86 0.51 | cpu  1673554 309 212628 226179391 125034 0 3778 0 0 0
1791069735 2505, 13801, 47, 0x0000000000000000 | 1.12 0.86 0.51 | cpu  1673630 309 212657 226182588 125034 0 3778 0 0 0
1791069736 2520, 13801, 47, 0x0000000000000000 | 1.12 0.86 0.51 | cpu  1673723 309 212670 226185780 125039 0 3778 0 0 0
1791069737 2475, 13801, 47, 0x0000000000000000 | 1.11 0.87 0.51 | cpu  1673827 309 212673 226188979 125039 0 3778 0 0 0
1791069738 2460, 13801, 47, 0x0000000000000000 | 1.11 0.87 0.51 | cpu  1673930 309 212676 226192173 125044 0 3778 0 0 0
1791069739 2460, 13801, 47, 0x0000000000000000 | 1.11 0.87 0.51 | cpu  1674001 309 212711 226195369 125044 0 3778 0 0 0
1791069740 2460, 13801, 47, 0x0000000000000000 | 1.11 0.87 0.51 | cpu  1674061 309 212757 226198566 125044 0 3778 0 0 0
1791069741 2460, 13801, 46, 0x0000000000000000 | 1.11 0.87 0.51 | cpu  1674125 309 212799 226201762 125044 0 3778 0 0 0
1791069742 2460, 13801, 46, 0x0000000000000000 | 1.10 0.87 0.52 | cpu  1674188 309 212843 226204959 125044 0 3778 0 0 0
1791069743 2460, 13801, 46, 0x0000000000000000 | 1.10 0.87 0.52 | cpu  1674254 309 212883 226208153 125044 0 3779 0 0 0
1791069744 2460, 13801, 46, 0x0000000000000000 | 1.10 0.87 0.52 | cpu  1674318 309 212927 226211349 125044 0 3779 0 0 0
1791069745 2460, 13801, 46, 0x0000000000000000 | 1.10 0.87 0.52 | cpu  1674384 309 212967 226214543 125044 0 3779 0 0 0
1791069746 2460, 13801, 46, 0x0000000000000000 | 1.10 0.87 0.52 | cpu  1674446 309 213011 226217740 125044 0 3779 0 0 0
1791069747 2460, 13801, 46, 0x0000000000000000 | 1.10 0.87 0.52 | cpu  1674509 309 213053 226220933 125044 0 3779 0 0 0
1791069748 2460, 13801, 46, 0x0000000000000000 | 1.10 0.87 0.52 | cpu  1674574 309 213094 226224131 125044 0 3779 0 0 0
1791069749 2460, 13801, 45, 0x0000000000000000 | 1.10 0.87 0.52 | cpu  1674639 309 213135 226227327 125044 0 3779 0 0 0
1791069750 2460, 13801, 45, 0x0000000000000000 | 1.10 0.87 0.52 | cpu  1674713 309 213167 226230522 125049 0 3780 0 0 0
1791069751 2460, 13801, 45, 0x0000000000000000 | 1.10 0.87 0.52 | cpu  1674773 309 213213 226233718 125049 0 3780 0 0 0
1791069752 2460, 13801, 45, 0x0000000000000000 | 1.09 0.87 0.52 | cpu  1674836 309 213256 226236914 125049 0 3780 0 0 0
1791069753 2460, 13801, 45, 0x0000000000000000 | 1.09 0.87 0.52 | cpu  1674900 309 213302 226240107 125049 0 3780 0 0 0
1791069754 2460, 13801, 45, 0x0000000000000000 | 1.09 0.87 0.52 | cpu  1674963 309 213346 226243304 125049 0 3780 0 0 0
1791069755 2460, 13801, 45, 0x0000000000000000 | 1.09 0.87 0.52 | cpu  1675024 309 213390 226246505 125049 0 3780 0 0 0
1791069756 2460, 13801, 45, 0x0000000000000000 | 1.08 0.88 0.52 | cpu  1675087 309 213433 226249705 125049 0 3780 0 0 0
1791069757 2460, 13801, 45, 0x0000000000000000 | 1.08 0.88 0.52 | cpu  1675149 309 213478 226252903 125049 0 3780 0 0 0
1791069758 2460, 13801, 45, 0x0000000000000000 | 1.08 0.88 0.52 | cpu  1675211 309 213521 226256097 125054 0 3780 0 0 0
1791069759 2460, 13801, 45, 0x0000000000000000 | 1.08 0.88 0.52 | cpu  1675275 309 213566 226259292 125054 0 3780 0 0 0
1791069760 2460, 13801, 44, 0x0000000000000000 | 1.08 0.88 0.52 | cpu  1675338 309 213610 226262485 125055 0 3780 0 0 0
1791069761 2460, 13801, 44, 0x0000000000000000 | 1.07 0.88 0.53 | cpu  1675406 309 213669 226265657 125055 0 3780 0 0 0
1791069762 2460, 13801, 44, 0x0000000000000000 | 1.07 0.88 0.53 | cpu  1675483 309 213698 226268856 125056 0 3780 0 0 0
1791069764 2872, 13801, 52, 0x0000000000000000 | 1.07 0.88 0.53 | cpu  1675586 309 213703 226272069 125056 0 3780 0 0 0
1791069765 2872, 13801, 53, 0x0000000000000000 | 1.07 0.88 0.53 | cpu  1675687 309 213714 226275268 125056 0 3781 0 0 0
1791069766 2857, 13801, 53, 0x0000000000000000 | 1.07 0.88 0.53 | cpu  1675791 309 213723 226278475 125056 0 3781 0 0 0
1791069767 2857, 13801, 56, 0x0000000000000000 | 1.07 0.88 0.53 | cpu  1675896 309 213731 226281678 125056 0 3783 0 0 0
1791069768 2850, 13801, 53, 0x0000000000000000 | 1.07 0.88 0.53 | cpu  1676001 309 213738 226284862 125061 0 3783 0 0 0
1791069769 2857, 13801, 54, 0x0000000000000000 | 1.07 0.88 0.53 | cpu  1676106 309 213747 226288063 125061 0 3784 0 0 0
1791069770 2857, 13801, 55, 0x0000000000000000 | 1.07 0.88 0.53 | cpu  1676210 309 213755 226291263 125061 0 3784 0 0 0
1791069771 2857, 13801, 57, 0x0000000000000000 | 1.07 0.88 0.53 | cpu  1676315 309 213763 226294465 125061 0 3784 0 0 0
1791069772 2857, 13801, 58, 0x0000000000000000 | 1.06 0.88 0.53 | cpu  1676419 309 213770 226297668 125061 0 3785 0 0 0
1791069773 2850, 13801, 59, 0x0000000000000000 | 1.06 0.88 0.53 | cpu  1676523 309 213778 226300875 125061 0 3785 0 0 0
1791069774 2857, 13801, 56, 0x0000000000000000 | 1.06 0.88 0.53 | cpu  1676628 309 213786 226304074 125065 0 3785 0 0 0
1791069775 2857, 13801, 59, 0x0000000000000000 | 1.06 0.88 0.53 | cpu  1676732 309 213794 226307274 125065 0 3786 0 0 0
1791069776 2857, 13801, 59, 0x0000000000000000 | 1.06 0.88 0.53 | cpu  1676842 309 213808 226310460 125065 0 3788 0 0 0
1791069777 2865, 13801, 59, 0x0000000000000000 | 1.06 0.88 0.54 | cpu  1676952 309 213852 226313627 125065 0 3789 0 0 0
1791069778 2857, 13801, 57, 0x0000000000000000 | 1.06 0.88 0.54 | cpu  1677059 309 213862 226316822 125065 0 3789 0 0 0
1791069779 2857, 13801, 58, 0x0000000000000000 | 1.06 0.88 0.54 | cpu  1677164 309 213869 226320022 125065 0 3790 0 0 0
1791069780 2857, 13801, 59, 0x0000000000000000 | 1.06 0.88 0.54 | cpu  1677268 309 213877 226323220 125070 0 3791 0 0 0
1791069781 2857, 13801, 59, 0x0000000000000000 | 1.06 0.88 0.54 | cpu  1677374 309 213886 226326419 125070 0 3791 0 0 0
1791069782 2857, 13801, 56, 0x0000000000000000 | 1.05 0.89 0.54 | cpu  1677480 309 213895 226329613 125070 0 3792 0 0 0
1791069783 2857, 13801, 61, 0x0000000000000000 | 1.05 0.89 0.54 | cpu  1677584 309 213902 226332811 125070 0 3792 0 0 0
1791069784 2857, 13801, 59, 0x0000000000000000 | 1.05 0.89 0.54 | cpu  1677689 309 213910 226336022 125070 0 3792 0 0 0
1791069785 2857, 13801, 60, 0x0000000000000000 | 1.05 0.89 0.54 | cpu  1677794 309 213918 226339222 125070 0 3792 0 0 0
1791069786 2857, 13801, 60, 0x0000000000000000 | 1.05 0.89 0.54 | cpu  1677898 309 213924 226342428 125070 0 3793 0 0 0
1791069787 2857, 13801, 60, 0x0000000000000000 | 1.05 0.89 0.54 | cpu  1678004 309 213934 226345625 125070 0 3793 0 0 0
1791069788 2850, 13801, 61, 0x0000000000000000 | 1.05 0.89 0.54 | cpu  1678109 309 213941 226348834 125070 0 3793 0 0 0
1791069789 2850, 13801, 61, 0x0000000000000000 | 1.05 0.89 0.54 | cpu  1678214 309 213949 226352044 125070 0 3794 0 0 0
1791069790 2850, 13801, 61, 0x0000000000000000 | 1.05 0.89 0.54 | cpu  1678318 309 213955 226355244 125075 0 3795 0 0 0
1791069791 2865, 13801, 59, 0x0000000000000000 | 1.12 0.91 0.55 | cpu  1678423 309 213963 226358444 125076 0 3795 0 0 0
1791069793 2857, 13801, 61, 0x0000000000000000 | 1.12 0.91 0.55 | cpu  1678527 309 213970 226361646 125076 0 3797 0 0 0
1791069794 2857, 13801, 62, 0x0000000000000000 | 1.12 0.91 0.55 | cpu  1678633 309 213977 226364849 125076 0 3797 0 0 0
1791069795 2857, 13801, 60, 0x0000000000000000 | 1.12 0.91 0.55 | cpu  1678737 309 213985 226368049 125076 0 3798 0 0 0
1791069796 2850, 13801, 61, 0x0000000000000000 | 1.12 0.91 0.55 | cpu  1678841 309 213992 226371254 125076 0 3798 0 0 0
1791069797 2850, 13801, 62, 0x0000000000000000 | 1.11 0.91 0.55 | cpu  1678946 309 214000 226374452 125080 0 3799 0 0 0
1791069798 2857, 13801, 62, 0x0000000000000000 | 1.11 0.91 0.55 | cpu  1679051 309 214009 226377654 125081 0 3799 0 0 0
1791069799 2857, 13801, 63, 0x0000000000000000 | 1.11 0.91 0.55 | cpu  1679156 309 214017 226380854 125081 0 3799 0 0 0
1791069800 2850, 13801, 62, 0x0000000000000000 | 1.11 0.91 0.55 | cpu  1679261 309 214025 226384056 125081 0 3800 0 0 0
1791069801 2850, 13801, 63, 0x0000000000000000 | 1.11 0.91 0.55 | cpu  1679365 309 214032 226387250 125081 0 3801 0 0 0
1791069802 2850, 13801, 63, 0x0000000000000000 | 1.10 0.91 0.55 | cpu  1679470 309 214040 226390454 125081 0 3801 0 0 0
1791069803 2850, 13801, 63, 0x0000000000000000 | 1.10 0.91 0.55 | cpu  1679575 309 214047 226393654 125086 0 3802 0 0 0
1791069804 2842, 13801, 64, 0x0000000000000000 | 1.10 0.91 0.55 | cpu  1679679 309 214055 226396869 125086 0 3802 0 0 0
1791069805 2842, 13801, 64, 0x0000000000000000 | 1.10 0.91 0.55 | cpu  1679784 309 214062 226400078 125086 0 3803 0 0 0
1791069806 2842, 13801, 63, 0x0000000000000000 | 1.10 0.91 0.55 | cpu  1679889 309 214069 226403286 125086 0 3803 0 0 0
1791069807 2857, 13801, 63, 0x0000000000000000 | 1.10 0.91 0.56 | cpu  1679994 309 214077 226406485 125086 0 3804 0 0 0
1791069808 2880, 13801, 55, 0x0000000000000000 | 1.10 0.91 0.56 | cpu  1680058 309 214119 226409682 125086 0 3804 0 0 0
1791069809 2872, 13801, 54, 0x0000000000000000 | 1.10 0.91 0.56 | cpu  1680118 309 214165 226412879 125086 0 3805 0 0 0
1791069810 2460, 13801, 52, 0x0000000000000000 | 1.10 0.91 0.56 | cpu  1680182 309 214209 226416078 125086 0 3805 0 0 0
1791069811 2460, 13801, 52, 0x0000000000000000 | 1.10 0.91 0.56 | cpu  1680244 309 214253 226419277 125086 0 3805 0 0 0
1791069812 2460, 13801, 51, 0x0000000000000000 | 1.09 0.91 0.56 | cpu  1680309 309 214294 226422478 125086 0 3805 0 0 0
1791069813 2460, 13801, 51, 0x0000000000000000 | 1.09 0.91 0.56 | cpu  1680370 309 214339 226425680 125087 0 3805 0 0 0
1791069814 2460, 13801, 50, 0x0000000000000000 | 1.09 0.91 0.56 | cpu  1680434 309 214382 226428874 125087 0 3805 0 0 0
1791069815 2460, 13801, 50, 0x0000000000000000 | 1.09 0.91 0.56 | cpu  1680495 309 214427 226432077 125087 0 3806 0 0 0
1791069816 2460, 13801, 50, 0x0000000000000000 | 1.08 0.92 0.56 | cpu  1680557 309 214471 226435275 125087 0 3806 0 0 0
1791069817 2460, 13801, 49, 0x0000000000000000 | 1.08 0.92 0.56 | cpu  1680618 309 214515 226438471 125087 0 3806 0 0 0
1791069818 2460, 13801, 49, 0x0000000000000000 | 1.08 0.92 0.56 | cpu  1680682 309 214557 226441674 125087 0 3806 0 0 0
1791069819 2460, 13801, 49, 0x0000000000000000 | 1.08 0.92 0.56 | cpu  1680775 309 214579 226444869 125087 0 3806 0 0 0
1791069820 2460, 13801, 49, 0x0000000000000000 | 1.08 0.92 0.56 | cpu  1680820 309 214642 226448067 125087 0 3806 0 0 0
1791069822 2460, 13801, 48, 0x0000000000000000 | 1.07 0.92 0.56 | cpu  1680903 309 214692 226451242 125087 0 3807 0 0 0
