1791163526 810, 7001, 44, 0x0000000000000000 | 17.21 21.22 20.66 | cpu  4455606734 10497936 673723305 45958987140 10845237 0 8369147 0 0 0
1791163527 397, 7001, 44, 0x0000000000000000 | 17.21 21.22 20.66 | cpu  4455607419 10497936 673723865 45959013809 10845274 0 8369147 0 0 0
1791163529 180, 810, 44, 0x0000000000000000 | 16.32 20.97 20.58 | cpu  4455607468 10497937 673724645 45959079324 10845305 0 8369148 0 0 0
1791163531 180, 810, 43, 0x0000000000000000 | 16.32 20.97 20.58 | cpu  4455607501 10497937 673725161 45959108325 10845350 0 8369148 0 0 0
1791163532 180, 405, 43, 0x0000000000000000 | 16.32 20.97 20.58 | cpu  4455607542 10497938 673725620 45959136411 10845380 0 8369148 0 0 0
1791163533 180, 405, 43, 0x0000000000000000 | 16.32 20.97 20.58 | cpu  4455607648 10497938 673726116 45959164772 10845427 0 8369149 0 0 0
1791163534 180, 405, 43, 0x0000000000000000 | 15.81 20.79 20.52 | cpu  4455607741 10497938 673726546 45959193666 10845473 0 8369149 0 0 0
1791163535 180, 405, 43, 0x0000000000000000 | 15.81 20.79 20.52 | cpu  4455608379 10497938 673726922 45959221479 10845530 0 8369149 0 0 0
1791163536 180, 405, 43, 0x0000000000000000 | 15.81 20.79 20.52 | cpu  4455608500 10497938 673727366 45959249552 10845822 0 8369149 0 0 0
1791163537 180, 405, 43, 0x0000000000000000 | 15.81 20.79 20.52 | cpu  4455608633 10497939 673727734 45959277752 10845918 0 8369150 0 0 0
1791163538 180, 405, 42, 0x0000000000000000 | 15.10 20.56 20.45 | cpu  4455608738 10497939 673728187 45959306116 10845970 0 8369150 0 0 0
1791163540 180, 405, 42, 0x0000000000000000 | 15.10 20.56 20.45 | cpu  4455608847 10497940 673728610 45959333412 10846010 0 8369151 0 0 0
1791163541 2407, 13801, 43, 0x0000000000000000 | 15.10 20.56 20.45 | cpu  4455608964 10497940 673729058 45959360781 10846053 0 8369151 0 0 0
1791163542 2400, 13801, 43, 0x0000000000000000 | 15.10 20.56 20.45 | cpu  4455609131 10497940 673729464 45959388800 10846097 0 8369151 0 0 0
1791163543 2400, 13801, 43, 0x0000000000000000 | 15.10 20.56 20.45 | cpu  4455609278 10497940 673729850 45959415900 10846202 0 8369151 0 0 0
1791163544 2400, 13801, 43, 0x0000000000000000 | 14.61 20.37 20.39 | cpu  4455609669 10497941 673730017 45959443454 10846238 0 8369151 0 0 0
1791163545 2400, 13801, 43, 0x0000000000000000 | 14.61 20.37 20.39 | cpu  4455609805 10497941 673730179 45959470908 10846274 0 8369152 0 0 0
1791163546 2422, 13801, 43, 0x0000000000000000 | 14.61 20.37 20.39 | cpu  4455609920 10497941 673730298 45959498426 10846285 0 8369152 0 0 0
1791163547 2400, 13801, 43, 0x0000000000000000 | 14.61 20.37 20.39 | cpu  4455610127 10497941 673730338 45959525997 10846306 0 8369152 0 0 0
1791163548 2400, 13801, 43, 0x0000000000000000 | 13.68 20.08 20.29 | cpu  4455610214 10497941 673730685 45959553392 10846316 0 8369153 0 0 0
1791163549 2422, 13801, 43, 0x0000000000000000 | 13.68 20.08 20.29 | cpu  4455610266 10497941 673731025 45959581054 10846327 0 8369153 0 0 0
1791163551 2880, 13801, 43, 0x0000000000000000 | 13.68 20.08 20.29 | cpu  4455611486 10497941 673731464 45959607093 10846342 0 8369153 0 0 0
1791163552 2880, 13801, 43, 0x0000000000000000 | 13.68 20.08 20.29 | cpu  4455611542 10497941 673732076 45959634046 10846402 0 8369153 0 0 0
1791163553 2430, 13801, 43, 0x0000000000000000 | 13.68 20.08 20.29 | cpu  4455611596 10497941 673732694 45959661094 10846509 0 8369153 0 0 0
1791163554 2400, 13801, 43, 0x0000000000000000 | 13.47 19.93 20.24 | cpu  4455611649 10497941 673733375 45959687982 10846568 0 8369153 0 0 0
1791163555 2422, 13801, 43, 0x0000000000000000 | 13.47 19.93 20.24 | cpu  4455611708 10497941 673734028 45959714976 10846624 0 8369154 0 0 0
1791163556 2407, 13801, 43, 0x0000000000000000 | 13.47 19.93 20.24 | cpu  4455611766 10497941 673734615 45959741936 10846682 0 8369154 0 0 0
1791163557 2400, 13801, 43, 0x0000000000000000 | 13.47 19.93 20.24 | cpu  4455611815 10497942 673735129 45959768974 10846735 0 8369154 0 0 0
1791163558 2430, 13801, 42, 0x0000000000000000 | 13.11 19.75 20.18 | cpu  4455611878 10497942 673735615 45959795988 10846787 0 8369154 0 0 0
1791163559 2400, 13801, 42, 0x0000000000000000 | 13.11 19.75 20.18 | cpu  4455611940 10497942 673736117 45959823091 10846841 0 8369154 0 0 0
1791163560 2430, 13801, 42, 0x0000000000000000 | 13.11 19.75 20.18 | cpu  4455612002 10497942 673736625 45959850126 10846897 0 8369154 0 0 0
1791163561 2400, 13801, 42, 0x0000000000000000 | 13.11 19.75 20.18 | cpu  4455612065 10497942 673737124 45959877145 10846968 0 8369154 0 0 0
1791163562 2422, 13801, 42, 0x0000000000000000 | 13.11 19.75 20.18 | cpu  4455612161 10497942 673737679 45959904177 10847059 0 8369154 0 0 0
1791163564 2407, 13801, 42, 0x0000000000000000 | 12.46 19.50 20.10 | cpu  4455612487 10497942 673738115 45959931007 10847119 0 8369154 0 0 0
1791163565 2400, 13801, 43, 0x0000000000000000 | 12.46 19.50 20.10 | cpu  4455612564 10497942 673738538 45959958162 10847135 0 8369155 0 0 0
1791163566 2422, 13801, 42, 0x0000000000000000 | 12.46 19.50 20.10 | cpu  4455616133 10497943 673738915 45959981933 10847158 0 8369155 0 0 0
1791163567 2400, 13801, 42, 0x0000000000000000 | 12.46 19.50 20.10 | cpu  4455616289 10497943 673739474 45960008465 10847224 0 8369155 0 0 0
1791163568 2422, 13801, 42, 0x0000000000000000 | 12.46 19.50 20.10 | cpu  4455618905 10497943 673739803 45960032867 10847259 0 8369155 0 0 0
1791163569 2835, 13801, 42, 0x0000000000000000 | 12.91 19.47 20.09 | cpu  4455619023 10497943 673740115 45960060239 10847273 0 8369156 0 0 0
1791163570 2880, 13801, 43, 0x0000000000000000 | 12.91 19.47 20.09 | cpu  4455619286 10497943 673740230 45960087528 10847314 0 8369157 0 0 0
1791163571 2407, 13801, 42, 0x0000000000000000 | 12.91 19.47 20.09 | cpu  4455619391 10497943 673740342 45960114912 10847323 0 8369157 0 0 0
1791163572 2880, 13801, 43, 0x0000000000000000 | 12.91 19.47 20.09 | cpu  4455619467 10497943 673740565 45960142450 10847331 0 8369157 0 0 0
1791163573 2880, 13801, 42, 0x0000000000000000 | 12.11 19.20 20.00 | cpu  4455619698 10497944 673740819 45960169687 10847340 0 8369157 0 0 0
1791163574 2880, 13801, 43, 0x0000000000000000 | 12.11 19.20 20.00 | cpu  4455619853 10497944 673740976 45960197563 10847350 0 8369157 0 0 0
1791163575 2880, 13801, 43, 0x0000000000000000 | 12.11 19.20 20.00 | cpu  4455619931 10497944 673741163 45960225061 10847361 0 8369157 0 0 0
1791163577 2880, 13801, 42, 0x0000000000000000 | 12.11 19.20 20.00 | cpu  4455620001 10497944 673741317 45960252610 10847371 0 8369157 0 0 0
1791163578 2880, 13801, 42, 0x0000000000000000 | 12.11 19.20 20.00 | cpu  4455620261 10497944 673741426 45960279865 10847382 0 8369158 0 0 0
1791163579 2880, 13801, 42, 0x0000000000000000 | 13.62 19.40 20.06 | cpu  4455620403 10497944 673741596 45960307286 10847536 0 8369159 0 0 0
1791163580 2445, 13801, 42, 0x0000000000000000 | 13.62 19.40 20.06 | cpu  4455620447 10497944 673741819 45960334727 10847614 0 8369159 0 0 0
1791163581 2400, 13801, 42, 0x0000000000000000 | 13.62 19.40 20.06 | cpu  4455620510 10497944 673742025 45960362413 10847628 0 8369160 0 0 0
1791163582 2400, 13801, 41, 0x0000000000000000 | 13.62 19.40 20.06 | cpu  4455620705 10497944 673742063 45960390019 10847629 0 8369160 0 0 0
1791163583 2400, 13801, 42, 0x0000000000000000 | 12.77 19.12 19.96 | cpu  4455621024 10497945 673742283 45960417630 10847632 0 8369160 0 0 0
1791163584 2400, 13801, 42, 0x0000000000000000 | 12.77 19.12 19.96 | cpu  4455623274 10497945 673742424 45960450286 10847633 0 8369160 0 0 0
1791163586 2467, 13801, 41, 0x0000000000000000 | 12.77 19.12 19.96 | cpu  4455627034 10497946 673742503 45960476296 10847635 0 8369161 0 0 0
1791163587 2400, 13801, 41, 0x0000000000000000 | 12.77 19.12 19.96 | cpu  4455630130 10497946 673742595 45960501068 10847641 0 8369161 0 0 0
1791163588 2400, 13801, 41, 0x0000000000000000 | 12.77 19.12 19.96 | cpu  4455633293 10497946 673742807 45960526327 10847641 0 8369161 0 0 0
1791163589 2400, 13801, 41, 0x0000000000000000 | 11.91 18.84 19.87 | cpu  4455638114 10497946 673742923 45960549398 10847643 0 8369164 0 0 0
1791163590 2400, 13801, 41, 0x0000000000000000 | 11.91 18.84 19.87 | cpu  4455644201 10497946 673743399 45960570126 10848314 0 8369165 0 0 0
1791163591 2400, 13801, 41, 0x0000000000000000 | 11.91 18.84 19.87 | cpu  4455650714 10497946 673743620 45960593394 10848316 0 8369166 0 0 0
1791163592 2400, 13801, 41, 0x0000000000000000 | 11.91 18.84 19.87 | cpu  4455656866 10497946 673743748 45960615370 10848318 0 8369167 0 0 0
1791163593 2400, 13801, 41, 0x0000000000000000 | 21.29 20.67 20.45 | cpu  4455661572 10497946 673743830 45960638919 10848320 0 8369168 0 0 0
1791163594 2400, 13801, 41, 0x0000000000000000 | 21.29 20.67 20.45 | cpu  4455665092 10497946 673743900 45960663126 10848320 0 8369168 0 0 0
1791163596 2400, 13801, 41, 0x0000000000000000 | 21.29 20.67 20.45 | cpu  4455668447 10497947 673743925 45960687787 10848321 0 8369168 0 0 0
1791163597 2400, 13801, 41, 0x0000000000000000 | 21.29 20.67 20.45 | cpu  4455671301 10497947 673743985 45960712991 10848322 0 8369169 0 0 0
1791163598 2595, 13801, 41, 0x0000000000000000 | 21.29 20.67 20.45 | cpu  4455674867 10497947 673744033 45960737294 10848323 0 8369170 0 0 0
1791163599 2535, 13801, 41, 0x0000000000000000 | 19.66 20.34 20.35 | cpu  4455678303 10497948 673744178 45960761618 10848324 0 8369170 0 0 0
1791163600 2400, 13801, 41, 0x0000000000000000 | 19.66 20.34 20.35 | cpu  4455681661 10497948 673744351 45960786143 10848325 0 8369171 0 0 0
1791163601 2400, 13801, 41, 0x0000000000000000 | 19.66 20.34 20.35 | cpu  4455685102 10497948 673744532 45960810523 10848345 0 8369171 0 0 0
1791163602 2400, 13801, 41, 0x0000000000000000 | 19.66 20.34 20.35 | cpu  4455685246 10497948 673744724 45960838017 10848401 0 8369172 0 0 0
1791163603 2400, 13801, 41, 0x0000000000000000 | 18.25 20.04 20.25 | cpu  4455685316 10497948 673744969 45960865302 10848623 0 8369172 0 0 0
1791163604 2400, 13801, 41, 0x0000000000000000 | 18.25 20.04 20.25 | cpu  4455685380 10497948 673745194 45960892282 10848793 0 8369172 0 0 0
1791163605 2400, 13801, 41, 0x0000000000000000 | 18.25 20.04 20.25 | cpu  4455685451 10497948 673745466 45960919469 10848982 0 8369172 0 0 0
1791163606 2400, 13801, 41, 0x0000000000000000 | 18.25 20.04 20.25 | cpu  4455685537 10497948 673745728 45960946781 10848982 0 8369172 0 0 0
1791163608 2400, 13801, 41, 0x0000000000000000 | 18.25 20.04 20.25 | cpu  4455685585 10497948 673745917 45960974137 10848984 0 8369172 0 0 0
1791163609 2400, 13801, 40, 0x0000000000000000 | 16.95 19.74 20.15 | cpu  4455685630 10497949 673746104 45961001662 10848984 0 8369172 0 0 0
1791163610 2400, 13801, 41, 0x0000000000000000 | 16.95 19.74 20.15 | cpu  4455685677 10497949 673746288 45961029077 10848984 0 8369173 0 0 0
1791163611 2400, 13801, 40, 0x0000000000000000 | 16.95 19.74 20.15 | cpu  4455685779 10497949 673746464 45961056417 10848985 0 8369173 0 0 0
1791163612 2400, 13801, 40, 0x0000000000000000 | 16.95 19.74 20.15 | cpu  4455685827 10497949 673746647 45961083951 10848986 0 8369173 0 0 0
1791163613 2400, 13801, 40, 0x0000000000000000 | 16.07 19.51 20.08 | cpu  4455685961 10497949 673746882 45961111483 10848987 0 8369173 0 0 0
1791163614 2400, 13801, 40, 0x0000000000000000 | 16.07 19.51 20.08 | cpu  4455686011 10497949 673747179 45961139128 10848988 0 8369173 0 0 0
1791163615 2400, 13801, 40, 0x0000000000000000 | 16.07 19.51 20.08 | cpu  4455686115 10497950 673747430 45961166621 10848988 0 8369173 0 0 0
1791163616 2400, 13801, 40, 0x0000000000000000 | 16.07 19.51 20.08 | cpu  4455686251 10497950 673747858 45961194100 10848989 0 8369173 0 0 0
1791163617 2400, 13801, 40, 0x0000000000000000 | 16.07 19.51 20.08 | cpu  4455686416 10497950 673748209 45961221426 10848989 0 8369174 0 0 0
1791163618 2400, 13801, 40, 0x0000000000000000 | 15.10 19.25 19.99 | cpu  4455686491 10497950 673748545 45961249786 10848995 0 8369174 0 0 0
1791163620 2400, 13801, 40, 0x0000000000000000 | 15.10 19.25 19.99 | cpu  4455686676 10497950 673748875 45961277500 10848997 0 8369174 0 0 0
1791163621 2400, 13801, 40, 0x0000000000000000 | 15.10 19.25 19.99 | cpu  4455687224 10497950 673748979 45961304757 10849020 0 8369174 0 0 0
1791163622 2400, 13801, 40, 0x0000000000000000 | 15.10 19.25 19.99 | cpu  4455687280 10497950 673749064 45961332320 10849023 0 8369174 0 0 0
1791163623 2400, 13801, 40, 0x0000000000000000 | 15.10 19.25 19.99 | cpu  4455687352 10497951 673749139 45961359828 10849023 0 8369174 0 0 0
1791163624 2400, 13801, 40, 0x0000000000000000 | 14.05 18.97 19.89 | cpu  4455687510 10497951 673749216 45961387252 10849024 0 8369174 0 0 0
1791163625 2400, 13801, 40, 0x0000000000000000 | 14.05 18.97 19.89 | cpu  4455687574 10497951 673749333 45961414564 10849025 0 8369175 0 0 0
1791163626 2400, 13801, 40, 0x0000000000000000 | 14.05 18.97 19.89 | cpu  4455687624 10497951 673749415 45961442177 10849027 0 8369175 0 0 0
1791163627 2400, 13801, 40, 0x0000000000000000 | 14.05 18.97 19.89 | cpu  4455687675 10497951 673749503 45961469702 10849029 0 8369175 0 0 0
1791163628 2400, 13801, 40, 0x0000000000000000 | 13.01 18.67 19.79 | cpu  4455687724 10497951 673749577 45961497309 10849029 0 8369175 0 0 0
1791163629 2400, 13801, 40, 0x0000000000000000 | 13.01 18.67 19.79 | cpu  4455687773 10497951 673749653 45961524957 10849029 0 8369175 0 0 0
1791163630 2400, 13801, 40, 0x0000000000000000 | 13.01 18.67 19.79 | cpu  4455687832 10497952 673749731 45961552475 10849030 0 8369175 0 0 0
1791163631 2400, 13801, 40, 0x0000000000000000 | 13.01 18.67 19.79 | cpu  4455688406 10497952 673749830 45961579566 10849033 0 8369175 0 0 0
1791163633 2400, 13801, 40, 0x0000000000000000 | 13.01 18.67 19.79 | cpu  4455688822 10497952 673750003 45961606658 10849049 0 8369176 0 0 0
1791163634 2400, 13801, 40, 0x0000000000000000 | 12.13 18.39 19.70 | cpu  4455690102 10497952 673750121 45961633022 10849053 0 8369176 0 0 0
1791163635 2400, 13801, 40, 0x0000000000000000 | 12.13 18.39 19.70 | cpu  4455690199 10497952 673750344 45961660285 10849054 0 8369176 0 0 0
1791163636 2400, 13801, 40, 0x0000000000000000 | 12.13 18.39 19.70 | cpu  4455690285 10497952 673750633 45961687486 10849056 0 8369176 0 0 0
1791163637 2400, 13801, 40, 0x0000000000000000 | 12.13 18.39 19.70 | cpu  4455690366 10497953 673750885 45961714746 10849057 0 8369176 0 0 0
1791163638 2400, 13801, 40, 0x0000000000000000 | 12.13 18.39 19.70 | cpu  4455690455 10497953 673751071 45961742021 10849060 0 8369176 0 0 0
1791163639 2400, 13801, 40, 0x0000000000000000 | 11.39 18.13 19.61 | cpu  4455690577 10497954 673751184 45961769231 10849083 0 8369176 0 0 0
1791163640 2400, 13801, 40, 0x0000000000000000 | 11.39 18.13 19.61 | cpu  4455690752 10497954 673751266 45961796770 10849120 0 8369176 0 0 0
1791163641 2400, 13801, 40, 0x0000000000000000 | 11.39 18.13 19.61 | cpu  4455691089 10497954 673751415 45961824278 10849149 0 8369176 0 0 0
1791163642 2400, 13801, 40, 0x0000000000000000 | 11.39 18.13 19.61 | cpu  4455691173 10497954 673751568 45961851779 10849162 0 8369176 0 0 0
1791163643 2400, 13801, 40, 0x0000000000000000 | 10.64 17.87 19.51 | cpu  4455691253 10497955 673751718 45961879152 10849162 0 8369176 0 0 0
1791163644 2400, 13801, 39, 0x0000000000000000 | 10.64 17.87 19.51 | cpu  4455691334 10497955 673751868 45961906524 10849163 0 8369176 0 0 0
1791163646 2400, 13801, 39, 0x0000000000000000 | 10.64 17.87 19.51 | cpu  4455691422 10497955 673752024 45961933896 10849163 0 8369179 0 0 0
1791163647 2400, 13801, 39, 0x0000000000000000 | 10.64 17.87 19.51 | cpu  4455691569 10497955 673752111 45961961254 10849163 0 8369179 0 0 0
1791163648 2400, 13801, 39, 0x0000000000000000 | 10.64 17.87 19.51 | cpu  4455691889 10497956 673752264 45961988347 10849165 0 8369179 0 0 0
1791163649 2400, 13801, 39, 0x0000000000000000 | 9.95 17.60 19.42 | cpu  4455691970 10497956 673752426 45962015824 10849167 0 8369179 0 0 0
1791163650 2400, 13801, 39, 0x0000000000000000 | 9.95 17.60 19.42 | cpu  4455692052 10497957 673752626 45962043094 10849167 0 8369179 0 0 0
1791163651 2400, 13801, 39, 0x0000000000000000 | 9.95 17.60 19.42 | cpu  4455692136 10497957 673752778 45962070439 10849168 0 8369179 0 0 0
1791163652 2400, 13801, 39, 0x0000000000000000 | 9.95 17.60 19.42 | cpu  4455692215 10497957 673752926 45962097748 10849168 0 8369179 0 0 0
1791163653 2400, 13801, 39, 0x0000000000000000 | 9.31 17.34 19.32 | cpu  4455692350 10497957 673753019 45962125021 10849169 0 8369179 0 0 0
1791163654 2400, 13801, 39, 0x0000000000000000 | 9.31 17.34 19.32 | cpu  4455692676 10497957 673753146 45962152265 10849170 0 8369179 0 0 0
1791163655 2400, 13801, 39, 0x0000000000000000 | 9.31 17.34 19.32 | cpu  4455692758 10497957 673753305 45962179701 10849171 0 8369179 0 0 0
1791163656 2400, 13801, 39, 0x0000000000000000 | 9.31 17.34 19.32 | cpu  4455692875 10497957 673753471 45962207092 10849221 0 8369180 0 0 0
1791163657 2400, 13801, 39, 0x0000000000000000 | 9.31 17.34 19.32 | cpu  4455693025 10497957 673753606 45962234451 10849250 0 8369180 0 0 0
1791163658 2422, 13801, 39, 0x0000000000000000 | 8.81 17.10 19.24 | cpu  4455693826 10497958 673753759 45962261142 10849259 0 8369180 0 0 0
1791163660 2400, 13801, 39, 0x0000000000000000 | 8.81 17.10 19.24 | cpu  4455694069 10497958 673753865 45962288524 10849262 0 8369181 0 0 0
1791163661 2415, 13801, 39, 0x0000000000000000 | 8.81 17.10 19.24 | cpu  4455694695 10497958 673753940 45962315568 10849266 0 8369181 0 0 0
1791163662 2400, 13801, 40, 0x0000000000000000 | 8.81 17.10 19.24 | cpu  4455695053 10497959 673754010 45962343122 10849267 0 8369182 0 0 0
1791163663 2400, 13801, 39, 0x0000000000000000 | 8.81 17.10 19.24 | cpu  4455695645 10497959 673754093 45962370300 10849267 0 8369182 0 0 0
1791163664 2460, 13801, 39, 0x0000000000000000 | 8.26 16.85 19.14 | cpu  4455696038 10497960 673754169 45962397714 10849268 0 8369182 0 0 0
1791163665 2400, 13801, 40, 0x0000000000000000 | 8.26 16.85 19.14 | cpu  4455696448 10497960 673754235 45962425031 10849268 0 8369182 0 0 0
1791163666 2445, 13801, 39, 0x0000000000000000 | 8.26 16.85 19.14 | cpu  4455696957 10497960 673754311 45962452699 10849270 0 8369182 0 0 0
1791163667 2865, 13801, 40, 0x0000000000000000 | 8.26 16.85 19.14 | cpu  4455697371 10497960 673754408 45962480226 10849271 0 8369182 0 0 0
1791163668 2880, 13801, 40, 0x0000000000000000 | 8.08 16.67 19.07 | cpu  4455698046 10497960 673754578 45962507332 10849272 0 8369182 0 0 0
1791163669 2880, 13801, 42, 0x0000000000000000 | 8.08 16.67 19.07 | cpu  4455698433 10497961 673754774 45962534706 10849272 0 8369183 0 0 0
1791163670 2865, 13801, 42, 0x0000000000000000 | 8.08 16.67 19.07 | cpu  4455698986 10497961 673755005 45962561931 10849273 0 8369183 0 0 0
1791163672 2865, 13801, 41, 0x0000000000000000 | 8.08 16.67 19.07 | cpu  4455701011 10497961 673755268 45962587730 10849274 0 8369184 0 0 0
1791163673 2865, 13801, 42, 0x0000000000000000 | 8.08 16.67 19.07 | cpu  4455704537 10497961 673755499 45962611990 10849315 0 8369184 0 0 0
1791163674 2880, 13801, 40, 0x0000000000000000 | 7.59 16.43 18.98 | cpu  4455708064 10497961 673755640 45962636460 10849316 0 8369184 0 0 0
1791163675 2880, 13801, 40, 0x0000000000000000 | 7.59 16.43 18.98 | cpu  4455711511 10497961 673755801 45962660762 10849316 0 8369184 0 0 0
1791163676 2460, 13801, 39, 0x0000000000000000 | 7.59 16.43 18.98 | cpu  4455714992 10497963 673755972 45962685089 10849317 0 8369184 0 0 0
1791163677 2400, 13801, 39, 0x0000000000000000 | 7.59 16.43 18.98 | cpu  4455718443 10497963 673756139 45962709470 10849318 0 8369184 0 0 0
1791163678 2400, 13801, 39, 0x0000000000000000 | 7.14 16.19 18.89 | cpu  4455722006 10497963 673756287 45962733756 10849319 0 8369184 0 0 0
1791163679 2452, 13801, 40, 0x0000000000000000 | 7.14 16.19 18.89 | cpu  4455724942 10497963 673756458 45962758682 10849320 0 8369185 0 0 0
1791163680 2872, 13801, 40, 0x0000000000000000 | 7.14 16.19 18.89 | cpu  4455725169 10497963 673756594 45962786069 10849320 0 8369185 0 0 0
1791163681 2880, 13801, 40, 0x0000000000000000 | 7.14 16.19 18.89 | cpu  4455725409 10497963 673756750 45962813255 10849322 0 8369185 0 0 0
1791163682 2415, 13801, 41, 0x0000000000000000 | 7.14 16.19 18.89 | cpu  4455725727 10497963 673757046 45962840496 10849322 0 8369185 0 0 0
1791163684 2400, 13801, 39, 0x0000000000000000 | 6.81 15.97 18.80 | cpu  4455725979 10497963 673757193 45962867666 10849326 0 8369185 0 0 0
1791163685 2400, 13801, 39, 0x0000000000000000 | 6.81 15.97 18.80 | cpu  4455726177 10497963 673757237 45962895113 10849326 0 8369185 0 0 0
1791163686 2400, 13801, 39, 0x0000000000000000 | 6.81 15.97 18.80 | cpu  4455726416 10497965 673757319 45962922497 10849327 0 8369185 0 0 0
1791163687 2400, 13801, 39, 0x0000000000000000 | 6.81 15.97 18.80 | cpu  4455726546 10497965 673757393 45962950118 10849328 0 8369185 0 0 0
1791163688 2400, 13801, 39, 0x0000000000000000 | 6.81 15.97 18.80 | cpu  4455726681 10497965 673757515 45962977563 10849330 0 8369185 0 0 0
1791163689 2407, 13801, 39, 0x0000000000000000 | 6.43 15.74 18.71 | cpu  4455726798 10497966 673757564 45963005070 10849330 0 8369186 0 0 0
1791163690 2640, 13801, 41, 0x0000000000000000 | 6.43 15.74 18.71 | cpu  4455727155 10497966 673757623 45963032534 10849332 0 8369186 0 0 0
1791163691 2872, 13801, 42, 0x0000000000000000 | 6.43 15.74 18.71 | cpu  4455727674 10497966 673757709 45963059857 10849332 0 8369186 0 0 0
1791163692 2865, 13801, 41, 0x0000000000000000 | 6.43 15.74 18.71 | cpu  4455728997 10497966 673757785 45963086567 10849333 0 8369186 0 0 0
1791163693 2872, 13801, 42, 0x0000000000000000 | 6.15 15.53 18.63 | cpu  4455729195 10497966 673757986 45963113981 10849335 0 8369187 0 0 0
1791163694 2857, 13801, 42, 0x0000000000000000 | 6.15 15.53 18.63 | cpu  4455729366 10497966 673758190 45963141403 10849336 0 8369188 0 0 0
1791163696 2865, 13801, 42, 0x0000000000000000 | 6.15 15.53 18.63 | cpu  4455729514 10497966 673758309 45963169730 10849336 0 8369188 0 0 0
1791163697 2865, 13801, 42, 0x0000000000000000 | 6.15 15.53 18.63 | cpu  4455729664 10497966 673758491 45963198021 10849337 0 8369188 0 0 0
1791163698 2857, 13801, 43, 0x0000000000000000 | 6.15 15.53 18.63 | cpu  4455729869 10497966 673758532 45963225517 10849339 0 8369189 0 0 0
1791163699 2865, 13801, 42, 0x0000000000000000 | 5.82 15.30 18.54 | cpu  4455730317 10497966 673758592 45963252829 10849379 0 8369189 0 0 0
1791163700 2857, 13801, 43, 0x0000000000000000 | 5.82 15.30 18.54 | cpu  4455730476 10497967 673758706 45963280332 10849406 0 8369189 0 0 0
1791163701 2865, 13801, 43, 0x0000000000000000 | 5.82 15.30 18.54 | cpu  4455730623 10497967 673758818 45963308349 10849408 0 8369189 0 0 0
1791163702 2865, 13801, 43, 0x0000000000000000 | 5.82 15.30 18.54 | cpu  4455730784 10497967 673758952 45963336074 10849410 0 8369189 0 0 0
1791163703 2865, 13801, 42, 0x0000000000000000 | 5.59 15.10 18.46 | cpu  4455730941 10497967 673759140 45963363484 10849411 0 8369190 0 0 0
1791163704 2872, 13801, 42, 0x0000000000000000 | 5.59 15.10 18.46 | cpu  4455731159 10497967 673759329 45963390994 10849411 0 8369190 0 0 0
1791163705 2865, 13801, 43, 0x0000000000000000 | 5.59 15.10 18.46 | cpu  4455731615 10497967 673759451 45963418267 10849419 0 8369190 0 0 0
1791163706 2865, 13801, 43, 0x0000000000000000 | 5.59 15.10 18.46 | cpu  4455731759 10497967 673759668 45963445818 10849419 0 8369190 0 0 0
1791163708 2865, 13801, 43, 0x0000000000000000 | 5.59 15.10 18.46 | cpu  4455731904 10497968 673759881 45963473530 10849419 0 8369190 0 0 0
1791163709 2872, 13801, 43, 0x0000000000000000 | 5.39 14.90 18.37 | cpu  4455732050 10497968 673760031 45963501142 10849421 0 8369190 0 0 0
1791163710 2857, 13801, 43, 0x0000000000000000 | 5.39 14.90 18.37 | cpu  4455732199 10497968 673760136 45963528920 10849421 0 8369190 0 0 0
1791163711 2865, 13801, 43, 0x0000000000000000 | 5.39 14.90 18.37 | cpu  4455732414 10497968 673760180 45963556691 10849421 0 8369191 0 0 0
1791163712 2865, 13801, 43, 0x0000000000000000 | 5.39 14.90 18.37 | cpu  4455732808 10497968 673760297 45963584312 10849422 0 8369192 0 0 0
1791163713 2865, 13801, 43, 0x0000000000000000 | 5.11 14.68 18.28 | cpu  4455732967 10497968 673760424 45963612010 10849422 0 8369192 0 0 0
1791163714 2865, 13801, 43, 0x0000000000000000 | 5.11 14.68 18.28 | cpu  4455733111 10497968 673760532 45963639766 10849422 0 8369192 0 0 0
1791163715 2865, 13801, 43, 0x0000000000000000 | 5.11 14.68 18.28 | cpu  4455733266 10497969 673760659 45963667704 10849424 0 8369192 0 0 0
1791163716 2865, 13801, 43, 0x0000000000000000 | 5.11 14.68 18.28 | cpu  4455733422 10497969 673760827 45963695313 10849425 0 8369192 0 0 0
1791163717 2865, 13801, 43, 0x0000000000000000 | 5.11 14.68 18.28 | cpu  4455733817 10497969 673760894 45963723251 10849426 0 8369193 0 0 0
1791163719 2865, 13801, 43, 0x0000000000000000 | 4.86 14.47 18.20 | cpu  4455734322 10497969 673761007 45963750549 10849428 0 8369193 0 0 0
1791163720 2857, 13801, 44, 0x0000000000000000 | 4.86 14.47 18.20 | cpu  4455734738 10497969 673761231 45963777902 10849428 0 8369193 0 0 0
1791163721 2865, 13801, 44, 0x0000000000000000 | 4.86 14.47 18.20 | cpu  4455735230 10497969 673761325 45963805433 10849430 0 8369193 0 0 0
1791163722 2857, 13801, 44, 0x0000000000000000 | 4.86 14.47 18.20 | cpu  4455735605 10497969 673761393 45963832925 10849441 0 8369193 0 0 0
1791163723 2850, 13801, 44, 0x0000000000000000 | 4.86 14.47 18.20 | cpu  4455735989 10497970 673761477 45963860446 10849482 0 8369193 0 0 0
1791163724 2872, 13801, 44, 0x0000000000000000 | 4.72 14.28 18.11 | cpu  4455736370 10497970 673761551 45963887770 10849495 0 8369194 0 0 0
1791163725 2865, 13801, 43, 0x0000000000000000 | 4.72 14.28 18.11 | cpu  4455736800 10497970 673761623 45963915285 10849534 0 8369194 0 0 0
1791163726 2842, 13801, 44, 0x0000000000000000 | 4.72 14.28 18.11 | cpu  4455737177 10497970 673761691 45963942645 10849536 0 8369194 0 0 0
1791163727 2850, 13801, 44, 0x0000000000000000 | 4.72 14.28 18.11 | cpu  4455737696 10497970 673761783 45963969962 10849538 0 8369194 0 0 0
1791163728 2842, 13801, 44, 0x0000000000000000 | 4.58 14.09 18.03 | cpu  4455738053 10497970 673761850 45963997639 10849538 0 8369194 0 0 0
1791163729 2850, 13801, 44, 0x0000000000000000 | 4.58 14.09 18.03 | cpu  4455738409 10497971 673761915 45964025286 10849538 0 8369194 0 0 0
1791163731 2850, 13801, 44, 0x0000000000000000 | 4.58 14.09 18.03 | cpu  4455738767 10497971 673761993 45964053079 10849539 0 8369195 0 0 0
1791163732 2850, 13801, 44, 0x0000000000000000 | 4.58 14.09 18.03 | cpu  4455741308 10497971 673762061 45964078590 10849539 0 8369195 0 0 0
1791163733 2857, 13801, 44, 0x0000000000000000 | 4.58 14.09 18.03 | cpu  4455744697 10497971 673762212 45964103113 10849540 0 8369195 0 0 0
1791163734 2850, 13801, 44, 0x0000000000000000 | 4.37 13.89 17.95 | cpu  4455748186 10497971 673762308 45964127813 10849541 0 8369195 0 0 0
1791163735 2850, 13801, 44, 0x0000000000000000 | 4.37 13.89 17.95 | cpu  4455751754 10497971 673762398 45964152249 10849542 0 8369195 0 0 0
1791163736 2850, 13801, 44, 0x0000000000000000 | 4.37 13.89 17.95 | cpu  4455755158 10497972 673762482 45964176970 10849542 0 8369195 0 0 0
1791163737 2850, 13801, 45, 0x0000000000000000 | 4.37 13.89 17.95 | cpu  4455759153 10497972 673762745 45964204502 10849545 0 8369195 0 0 0
1791163738 2850, 13801, 44, 0x0000000000000000 | 4.26 13.71 17.87 | cpu  4455762646 10497972 673763479 45964228141 10849621 0 8369196 0 0 0
1791163740 2857, 13801, 44, 0x0000000000000000 | 4.26 13.71 17.87 | cpu  4455765133 10497972 673764113 45964253047 10849684 0 8369196 0 0 0
1791163741 2857, 13801, 44, 0x0000000000000000 | 4.26 13.71 17.87 | cpu  4455765471 10497972 673764598 45964280073 10849736 0 8369196 0 0 0
1791163742 2842, 13801, 45, 0x0000000000000000 | 4.26 13.71 17.87 | cpu  4455765800 10497972 673764735 45964307451 10849736 0 8369200 0 0 0
1791163743 2850, 13801, 45, 0x0000000000000000 | 4.26 13.71 17.87 | cpu  4455766223 10497973 673764989 45964334560 10849737 0 8369201 0 0 0
1791163744 2842, 13801, 45, 0x0000000000000000 | 4.24 13.55 17.79 | cpu  4455766879 10497973 673765353 45964361443 10849753 0 8369201 0 0 0
1791163745 2850, 13801, 45, 0x0000000000000000 | 4.24 13.55 17.79 | cpu  4455767113 10497973 673765743 45964390998 10849766 0 8369202 0 0 0
1791163746 2857, 13801, 44, 0x0000000000000000 | 4.24 13.55 17.79 | cpu  4455767556 10497973 673766651 45964417791 10849793 0 8369203 0 0 0
1791163747 2850, 13801, 45, 0x0000000000000000 | 4.24 13.55 17.79 | cpu  4455767898 10497974 673767347 45964444495 10849829 0 8369203 0 0 0
1791163748 2857, 13801, 45, 0x0000000000000000 | 4.70 13.49 17.75 | cpu  4455768993 10497974 673768000 45964470767 10849867 0 8369204 0 0 0
1791163749 2857, 13801, 44, 0x0000000000000000 | 4.70 13.49 17.75 | cpu  4455769174 10497974 673768765 45964497685 10849907 0 8369204 0 0 0
1791163751 2857, 13801, 44, 0x0000000000000000 | 4.70 13.49 17.75 | cpu  4455769837 10497974 673769567 45964524196 10849916 0 8369204 0 0 0
1791163752 2850, 13801, 45, 0x0000000000000000 | 4.70 13.49 17.75 | cpu  4455770914 10497974 673769900 45964550742 10849918 0 8369205 0 0 0
1791163753 2850, 13801, 45, 0x0000000000000000 | 4.70 13.49 17.75 | cpu  4455771087 10497974 673770462 45964578344 10849944 0 8369206 0 0 0
1791163754 2850, 13801, 45, 0x0000000000000000 | 4.64 13.33 17.67 | cpu  4455771325 10497974 673770905 45964605725 10849967 0 8369207 0 0 0
1791163755 2857, 13801, 45, 0x0000000000000000 | 4.64 13.33 17.67 | cpu  4455771745 10497975 673771369 45964632800 10849988 0 8369207 0 0 0
1791163756 2842, 13801, 45, 0x0000000000000000 | 4.64 13.33 17.67 | cpu  4455771928 10497975 673771883 45964660178 10850015 0 8369207 0 0 0
1791163757 2850, 13801, 45, 0x0000000000000000 | 4.64 13.33 17.67 | cpu  4455772098 10497975 673772399 45964687543 10850043 0 8369207 0 0 0
1791163758 2857, 13801, 45, 0x0000000000000000 | 4.51 13.16 17.60 | cpu  4455772271 10497975 673772898 45964714930 10850070 0 8369207 0 0 0
1791163759 2857, 13801, 45, 0x0000000000000000 | 4.51 13.16 17.60 | cpu  4455772447 10497975 673773416 45964742562 10850114 0 8369207 0 0 0
1791163760 2850, 13801, 46, 0x0000000000000000 | 4.51 13.16 17.60 | cpu  4455772697 10497975 673773852 45964769965 10850180 0 8369207 0 0 0
1791163762 2850, 13801, 45, 0x0000000000000000 | 4.51 13.16 17.60 | cpu  4455773121 10497975 673774298 45964797535 10850228 0 8369207 0 0 0
1791163763 2857, 13801, 45, 0x0000000000000000 | 4.51 13.16 17.60 | cpu  4455773306 10497975 673774760 45964824884 10850249 0 8369207 0 0 0
1791163764 2850, 13801, 45, 0x0000000000000000 | 4.39 12.99 17.52 | cpu  4455773480 10497975 673775239 45964852283 10850264 0 8369207 0 0 0
1791163765 2857, 13801, 45, 0x0000000000000000 | 4.39 12.99 17.52 | cpu  4455773662 10497975 673775757 45964879883 10850282 0 8369207 0 0 0
1791163766 2850, 13801, 45, 0x0000000000000000 | 4.39 12.99 17.52 | cpu  4455773845 10497976 673776287 45964907156 10850304 0 8369208 0 0 0
1791163767 2850, 13801, 45, 0x0000000000000000 | 4.39 12.99 17.52 | cpu  4455774084 10497977 673776760 45964934802 10850326 0 8369208 0 0 0
1791163768 2850, 13801, 46, 0x0000000000000000 | 4.36 12.84 17.44 | cpu  4455774487 10497977 673777222 45964962072 10850343 0 8369208 0 0 0
1791163769 2857, 13801, 45, 0x0000000000000000 | 4.36 12.84 17.44 | cpu  4455774656 10497977 673777728 45964989493 10850369 0 8369208 0 0 0
1791163770 2850, 13801, 45, 0x0000000000000000 | 4.36 12.84 17.44 | cpu  4455774828 10497977 673778219 45965016864 10850382 0 8369208 0 0 0
1791163771 2857, 13801, 45, 0x0000000000000000 | 4.36 12.84 17.44 | cpu  4455775991 10497977 673778775 45965043143 10850403 0 8369208 0 0 0
1791163773 2857, 13801, 45, 0x0000000000000000 | 4.36 12.84 17.44 | cpu  4455777705 10497977 673779012 45965069187 10850412 0 8369208 0 0 0
1791163774 2850, 13801, 46, 0x0000000000000000 | 4.49 12.73 17.38 | cpu  4455778000 10497977 673779250 45965097022 10850412 0 8369209 0 0 0
1791163775 2850, 13801, 45, 0x0000000000000000 | 4.49 12.73 17.38 | cpu  4455779070 10497978 673779453 45965123762 10850413 0 8369209 0 0 0
1791163776 2857, 13801, 45, 0x0000000000000000 | 4.49 12.73 17.38 | cpu  4455779983 10497978 673779625 45965150810 10850421 0 8369209 0 0 0
1791163777 2850, 13801, 45, 0x0000000000000000 | 4.49 12.73 17.38 | cpu  4455780490 10497978 673779905 45965177838 10850445 0 8369209 0 0 0
1791163778 2857, 13801, 45, 0x0000000000000000 | 4.85 12.67 17.34 | cpu  4455781466 10497978 673780167 45965204974 10850445 0 8369209 0 0 0
1791163779 2857, 13801, 46, 0x0000000000000000 | 4.85 12.67 17.34 | cpu  4455782200 10497978 673780542 45965232126 10850445 0 8369210 0 0 0
1791163780 2850, 13801, 46, 0x0000000000000000 | 4.85 12.67 17.34 | cpu  4455782619 10497978 673780807 45965259276 10850447 0 8369210 0 0 0
1791163781 2857, 13801, 46, 0x0000000000000000 | 4.85 12.67 17.34 | cpu  4455784802 10497978 673781508 45965284545 10850460 0 8369210 0 0 0
1791163782 2857, 13801, 45, 0x0000000000000000 | 4.85 12.67 17.34 | cpu  4455785196 10497979 673782400 45965311210 10850482 0 8369210 0 0 0
1791163784 2842, 13801, 46, 0x0000000000000000 | 5.67 12.70 17.32 | cpu  4455785780 10497979 673783328 45965337699 10850504 0 8369211 0 0 0
1791163785 2857, 13801, 45, 0x0000000000000000 | 5.67 12.70 17.32 | cpu  4455786191 10497979 673784099 45965364449 10850520 0 8369211 0 0 0
1791163786 2842, 13801, 46, 0x0000000000000000 | 5.67 12.70 17.32 | cpu  4455789259 10497979 673784706 45965388676 10850540 0 8369211 0 0 0
1791163787 2850, 13801, 46, 0x0000000000000000 | 5.67 12.70 17.32 | cpu  4455792875 10497979 673785236 45965412844 10850560 0 8369211 0 0 0
1791163788 2850, 13801, 46, 0x0000000000000000 | 5.67 12.70 17.32 | cpu  4455796417 10497979 673785793 45965436931 10850580 0 8369212 0 0 0
1791163789 2857, 13801, 46, 0x0000000000000000 | 6.09 12.68 17.29 | cpu  4455799971 10497979 673786435 45965460818 10850608 0 8369213 0 0 0
1791163790 2842, 13801, 46, 0x0000000000000000 | 6.09 12.68 17.29 | cpu  4455803498 10497979 673787095 45965484768 10850631 0 8369213 0 0 0
1791163791 2850, 13801, 45, 0x0000000000000000 | 6.09 12.68 17.29 | cpu  4455807017 10497979 673787741 45965508766 10850656 0 8369213 0 0 0
1791163792 2850, 13801, 46, 0x0000000000000000 | 6.09 12.68 17.29 | cpu  4455810525 10497980 673788300 45965532930 10850697 0 8369213 0 0 0
1791163793 2857, 13801, 46, 0x0000000000000000 | 6.25 12.60 17.24 | cpu  4455812703 10497980 673788825 45965558234 10850742 0 8369213 0 0 0
1791163795 2850, 13801, 46, 0x0000000000000000 | 6.25 12.60 17.24 | cpu  4455812955 10497980 673789339 45965585475 10850771 0 8369213 0 0 0
1791163796 2850, 13801, 46, 0x0000000000000000 | 6.25 12.60 17.24 | cpu  4455813409 10497980 673789575 45965612929 10850776 0 8369214 0 0 0
1791163797 2850, 13801, 46, 0x0000000000000000 | 6.25 12.60 17.24 | cpu  4455813674 10497980 673789778 45965640640 10850776 0 8369214 0 0 0
1791163798 2857, 13801, 46, 0x0000000000000000 | 6.25 12.60 17.24 | cpu  4455814083 10497980 673789869 45965668349 10850777 0 8369215 0 0 0
1791163799 2842, 13801, 46, 0x0000000000000000 | 6.07 12.46 17.17 | cpu  4455814416 10497980 673789942 45965695885 10850778 0 8369215 0 0 0
1791163800 2850, 13801, 47, 0x0000000000000000 | 6.07 12.46 17.17 | cpu  4455814618 10497980 673790169 45965723739 10850778 0 8369216 0 0 0
1791163803 2865, 13801, 44, 0x0000000000000000 | 6.62 12.46 17.15 | cpu  4455816289 10497980 673791927 45965802432 10850805 0 8369216 0 0 0
1791163804 2857, 13801, 46, 0x0000000000000000 | 6.62 12.46 17.15 | cpu  4455817415 10497980 673792338 45965828749 10850808 0 8369216 0 0 0
1791163805 2850, 13801, 46, 0x0000000000000000 | 6.62 12.46 17.15 | cpu  4455818695 10497980 673792827 45965854835 10850813 0 8369216 0 0 0
1791163807 2850, 13801, 46, 0x0000000000000000 | 6.62 12.46 17.15 | cpu  4455819114 10497981 673793291 45965881946 10850813 0 8369217 0 0 0
1791163808 2850, 13801, 46, 0x0000000000000000 | 6.62 12.46 17.15 | cpu  4455819448 10497981 673793533 45965909311 10850813 0 8369217 0 0 0
1791163809 2857, 13801, 46, 0x0000000000000000 | 6.49 12.34 17.08 | cpu  4455820216 10497982 673794101 45965936184 10850813 0 8369217 0 0 0
1791163810 2857, 13801, 46, 0x0000000000000000 | 6.49 12.34 17.08 | cpu  4455820501 10497982 673794406 45965963384 10850821 0 8369217 0 0 0
1791163811 2850, 13801, 47, 0x0000000000000000 | 6.49 12.34 17.08 | cpu  4455821099 10497982 673794551 45965990665 10850821 0 8369218 0 0 0
1791163812 2850, 13801, 46, 0x0000000000000000 | 6.49 12.34 17.08 | cpu  4455822012 10497982 673794768 45966017487 10850821 0 8369218 0 0 0
1791163813 2850, 13801, 46, 0x0000000000000000 | 6.37 12.22 17.02 | cpu  4455822742 10497982 673795147 45966044364 10850823 0 8369218 0 0 0
1791163814 2850, 13801, 46, 0x0000000000000000 | 6.37 12.22 17.02 | cpu  4455823002 10497983 673795563 45966071852 10850824 0 8369218 0 0 0
1791163815 2850, 13801, 46, 0x0000000000000000 | 6.37 12.22 17.02 | cpu  4455823326 10497983 673795951 45966098942 10850825 0 8369218 0 0 0
1791163816 2857, 13801, 46, 0x0000000000000000 | 6.37 12.22 17.02 | cpu  4455823787 10497983 673796287 45966126310 10850828 0 8369218 0 0 0
1791163817 2850, 13801, 46, 0x0000000000000000 | 6.37 12.22 17.02 | cpu  4455824071 10497983 673796533 45966153641 10850828 0 8369218 0 0 0
1791163819 2857, 13801, 46, 0x0000000000000000 | 6.34 12.12 16.96 | cpu  4455824875 10497983 673796679 45966180441 10850849 0 8369218 0 0 0
1791163820 2850, 13801, 46, 0x0000000000000000 | 6.34 12.12 16.96 | cpu  4455825148 10497983 673796915 45966208181 10850873 0 8369219 0 0 0
1791163821 2850, 13801, 47, 0x0000000000000000 | 6.34 12.12 16.96 | cpu  4455826221 10497983 673797406 45966234712 10850881 0 8369219 0 0 0
1791163822 2857, 13801, 46, 0x0000000000000000 | 6.34 12.12 16.96 | cpu  4455830580 10497984 673797631 45966258528 10850881 0 8369219 0 0 0
1791163823 2857, 13801, 46, 0x0000000000000000 | 6.34 12.12 16.96 | cpu  4455835282 10497984 673797997 45966281537 10850881 0 8369219 0 0 0
1791163824 2850, 13801, 47, 0x0000000000000000 | 8.64 12.50 17.05 | cpu  4455840429 10497984 673798424 45966304148 10850883 0 8369219 0 0 0
1791163825 2857, 13801, 47, 0x0000000000000000 | 8.64 12.50 17.05 | cpu  4455844131 10497984 673798847 45966328329 10850883 0 8369220 0 0 0
1791163826 2850, 13801, 46, 0x0000000000000000 | 8.64 12.50 17.05 | cpu  4455847794 10497985 673799375 45966352453 10850886 0 8369220 0 0 0
1791163827 2857, 13801, 47, 0x0000000000000000 | 8.64 12.50 17.05 | cpu  4455851365 10497986 673799830 45966376537 10850887 0 8369220 0 0 0
1791163828 2850, 13801, 47, 0x0000000000000000 | 18.68 14.51 17.68 | cpu  4455854950 10497986 673800287 45966400606 10850887 0 8369220 0 0 0
1791163830 2850, 13801, 46, 0x0000000000000000 | 18.68 14.51 17.68 | cpu  4455858412 10497986 673800613 45966424812 10850889 0 8369220 0 0 0
1791163831 2850, 13801, 47, 0x0000000000000000 | 18.68 14.51 17.68 | cpu  4455861902 10497986 673800877 45966449283 10850891 0 8369220 0 0 0
1791163832 2857, 13801, 47, 0x0000000000000000 | 18.68 14.51 17.68 | cpu  4455865422 10497986 673801068 45966473561 10850891 0 8369221 0 0 0
1791163833 2842, 13801, 47, 0x0000000000000000 | 18.68 14.51 17.68 | cpu  4455869350 10497987 673801482 45966497604 10850891 0 8369222 0 0 0
1791163834 2850, 13801, 47, 0x0000000000000000 | 17.58 14.35 17.61 | cpu  4455869722 10497987 673801741 45966524940 10850891 0 8369222 0 0 0
1791163835 2850, 13801, 47, 0x0000000000000000 | 17.58 14.35 17.61 | cpu  4455870096 10497987 673802032 45966552286 10850891 0 8369222 0 0 0
1791163836 2857, 13801, 47, 0x0000000000000000 | 17.58 14.35 17.61 | cpu  4455871224 10497988 673802509 45966579256 10850892 0 8369223 0 0 0
1791163837 2850, 13801, 47, 0x0000000000000000 | 17.58 14.35 17.61 | cpu  4455872870 10497988 673802864 45966605253 10850892 0 8369223 0 0 0
1791163838 2850, 13801, 47, 0x0000000000000000 | 16.73 14.23 17.56 | cpu  4455874223 10497988 673803230 45966631695 10850892 0 8369223 0 0 0
1791163839 2850, 13801, 47, 0x0000000000000000 | 16.73 14.23 17.56 | cpu  4455876953 10497988 673803749 45966656160 10850893 0 8369223 0 0 0
1791163841 2850, 13801, 47, 0x0000000000000000 | 16.73 14.23 17.56 | cpu  4455877835 10497988 673804270 45966682792 10850893 0 8369223 0 0 0
1791163842 2850, 13801, 47, 0x0000000000000000 | 16.73 14.23 17.56 | cpu  4455878311 10497988 673804924 45966709593 10850899 0 8369224 0 0 0
1791163843 2850, 13801, 47, 0x0000000000000000 | 16.73 14.23 17.56 | cpu  4455878856 10497988 673805428 45966736600 10850925 0 8369225 0 0 0
1791163844 2850, 13801, 47, 0x0000000000000000 | 16.03 14.13 17.50 | cpu  4455879342 10497989 673805914 45966763499 10850946 0 8369225 0 0 0
1791163845 2850, 13801, 47, 0x0000000000000000 | 16.03 14.13 17.50 | cpu  4455880339 10497989 673806319 45966789843 10850965 0 8369225 0 0 0
1791163846 2857, 13801, 46, 0x0000000000000000 | 16.03 14.13 17.50 | cpu  4455883957 10497989 673806673 45966814200 10850974 0 8369226 0 0 0
1791163847 2850, 13801, 47, 0x0000000000000000 | 16.03 14.13 17.50 | cpu  4455887486 10497989 673807181 45966838141 10850976 0 8369226 0 0 0
1791163848 2850, 13801, 47, 0x0000000000000000 | 15.23 13.99 17.44 | cpu  4455891037 10497989 673807720 45966862117 10850976 0 8369226 0 0 0
1791163849 2850, 13801, 47, 0x0000000000000000 | 15.23 13.99 17.44 | cpu  4455894526 10497989 673808156 45966886065 10850981 0 8369227 0 0 0
1791163850 2850, 13801, 47, 0x0000000000000000 | 15.23 13.99 17.44 | cpu  4455898088 10497989 673808707 45966910557 10850981 0 8369227 0 0 0
1791163852 2850, 13801, 47, 0x0000000000000000 | 15.23 13.99 17.44 | cpu  4455901863 10497989 673809398 45966935674 10850981 0 8369228 0 0 0
1791163853 2850, 13801, 47, 0x0000000000000000 | 15.23 13.99 17.44 | cpu  4455905438 10497989 673809854 45966959801 10850982 0 8369228 0 0 0
1791163854 2842, 13801, 47, 0x0000000000000000 | 16.97 14.38 17.55 | cpu  4455907212 10497989 673810297 45966985437 10850982 0 8369228 0 0 0
1791163855 2850, 13801, 47, 0x0000000000000000 | 16.97 14.38 17.55 | cpu  4455907566 10497989 673810718 45967012457 10850983 0 8369228 0 0 0
1791163856 2850, 13801, 47, 0x0000000000000000 | 16.97 14.38 17.55 | cpu  4455908631 10497990 673811280 45967038644 10850984 0 8369228 0 0 0
1791163857 2857, 13801, 47, 0x0000000000000000 | 16.97 14.38 17.55 | cpu  4455909991 10497991 673811768 45967064421 10850985 0 8369228 0 0 0
1791163858 2850, 13801, 47, 0x0000000000000000 | 16.25 14.27 17.50 | cpu  4455911142 10497991 673812223 45967090796 10850985 0 8369228 0 0 0
1791163859 2857, 13801, 47, 0x0000000000000000 | 16.25 14.27 17.50 | cpu  4455912919 10497991 673812772 45967116246 10850986 0 8369229 0 0 0
1791163860 2850, 13801, 47, 0x0000000000000000 | 16.25 14.27 17.50 | cpu  4455916498 10497991 673813429 45967139864 10850986 0 8369230 0 0 0
1791163861 2850, 13801, 47, 0x0000000000000000 | 16.25 14.27 17.50 | cpu  4455916883 10497991 673813902 45967166990 10850988 0 8369231 0 0 0
1791163862 2857, 13801, 47, 0x0000000000000000 | 16.25 14.27 17.50 | cpu  4455918688 10497991 673814509 45967192480 10850989 0 8369232 0 0 0
1791163864 2850, 13801, 47, 0x0000000000000000 | 15.43 14.13 17.43 | cpu  4455919040 10497991 673814986 45967219718 10850990 0 8369232 0 0 0
1791163865 2850, 13801, 47, 0x0000000000000000 | 15.43 14.13 17.43 | cpu  4455919288 10497991 673815549 45967246781 10850991 0 8369232 0 0 0
1791163866 2857, 13801, 47, 0x0000000000000000 | 15.43 14.13 17.43 | cpu  4455919509 10497991 673816012 45967273859 10850992 0 8369232 0 0 0
1791163867 2857, 13801, 47, 0x0000000000000000 | 15.43 14.13 17.43 | cpu  4455919885 10497992 673816527 45967300837 10850993 0 8369232 0 0 0
1791163868 2850, 13801, 47, 0x0000000000000000 | 15.43 14.13 17.43 | cpu  4455920174 10497993 673816877 45967327963 10850994 0 8369232 0 0 0
1791163869 2850, 13801, 48, 0x0000000000000000 | 14.60 13.98 17.37 | cpu  4455920681 10497993 673817144 45967355155 10850994 0 8369232 0 0 0
1791163870 2850, 13801, 48, 0x0000000000000000 | 14.60 13.98 17.37 | cpu  4455921000 10497993 673817400 45967382447 10850995 0 8369233 0 0 0
1791163871 2850, 13801, 48, 0x0000000000000000 | 14.60 13.98 17.37 | cpu  4455921273 10497993 673817689 45967409736 10850995 0 8369233 0 0 0
1791163872 2850, 13801, 48, 0x0000000000000000 | 14.60 13.98 17.37 | cpu  4455921481 10497993 673817953 45967437198 10850997 0 8369233 0 0 0
1791163873 2850, 13801, 48, 0x0000000000000000 | 13.75 13.81 17.30 | cpu  4455921660 10497993 673818237 45967464488 10850997 0 8369233 0 0 0
1791163874 2850, 13801, 47, 0x0000000000000000 | 13.75 13.81 17.30 | cpu  4455921892 10497993 673818462 45967491985 10850997 0 8369233 0 0 0
1791163876 2842, 13801, 48, 0x0000000000000000 | 13.75 13.81 17.30 | cpu  4455922330 10497993 673818578 45967519378 10850997 0 8369233 0 0 0
1791163877 2850, 13801, 49, 0x0000000000000000 | 13.75 13.81 17.30 | cpu  4455922524 10497994 673818749 45967546877 10850998 0 8369233 0 0 0
1791163878 2842, 13801, 48, 0x0000000000000000 | 13.75 13.81 17.30 | cpu  4455922708 10497994 673818950 45967574397 10851012 0 8369233 0 0 0
1791163879 2850, 13801, 48, 0x0000000000000000 | 12.97 13.65 17.22 | cpu  4455922885 10497994 673819166 45967602001 10851029 0 8369233 0 0 0
1791163880 2850, 13801, 47, 0x0000000000000000 | 12.97 13.65 17.22 | cpu  4455923075 10497995 673819362 45967629575 10851047 0 8369233 0 0 0
1791163881 2857, 13801, 47, 0x0000000000000000 | 12.97 13.65 17.22 | cpu  4455923258 10497995 673819551 45967657128 10851058 0 8369233 0 0 0
1791163882 2850, 13801, 48, 0x0000000000000000 | 12.97 13.65 17.22 | cpu  4455923507 10497995 673819669 45967684580 10851065 0 8369233 0 0 0
1791163883 2850, 13801, 48, 0x0000000000000000 | 12.25 13.49 17.15 | cpu  4455923865 10497995 673819843 45967711884 10851065 0 8369233 0 0 0
1791163884 2857, 13801, 48, 0x0000000000000000 | 12.25 13.49 17.15 | cpu  4455924045 10497995 673820019 45967739407 10851067 0 8369233 0 0 0
1791163885 2850, 13801, 47, 0x0000000000000000 | 12.25 13.49 17.15 | cpu  4455925131 10497995 673820401 45967765823 10851067 0 8369233 0 0 0
1791163886 2857, 13801, 47, 0x0000000000000000 | 12.25 13.49 17.15 | cpu  4455926427 10497995 673820671 45967792006 10851072 0 8369234 0 0 0
1791163888 2850, 13801, 48, 0x0000000000000000 | 12.25 13.49 17.15 | cpu  4455927991 10497995 673820968 45967818108 10851072 0 8369234 0 0 0
1791163889 2850, 13801, 48, 0x0000000000000000 | 13.11 13.65 17.18 | cpu  4455929227 10497995 673821468 45967844345 10851087 0 8369234 0 0 0
1791163890 2850, 13801, 48, 0x0000000000000000 | 13.11 13.65 17.18 | cpu  4455932552 10497995 673822311 45967868085 10851101 0 8369235 0 0 0
1791163891 2857, 13801, 47, 0x0000000000000000 | 13.11 13.65 17.18 | cpu  4455934339 10497995 673823319 45967893246 10851136 0 8369235 0 0 0
1791163892 2857, 13801, 47, 0x0000000000000000 | 13.11 13.65 17.18 | cpu  4455935547 10497995 673824416 45967918791 10851172 0 8369235 0 0 0
1791163893 2850, 13801, 47, 0x0000000000000000 | 12.70 13.55 17.13 | cpu  4455936087 10497995 673825452 45967945387 10851204 0 8369235 0 0 0
1791163894 2850, 13801, 47, 0x0000000000000000 | 12.70 13.55 17.13 | cpu  4455937092 10497995 673826372 45967971453 10851217 0 8369235 0 0 0
1791163895 2857, 13801, 47, 0x0000000000000000 | 12.70 13.55 17.13 | cpu  4455938339 10497995 673826898 45967998264 10851218 0 8369235 0 0 0
1791163896 2857, 13801, 47, 0x0000000000000000 | 12.70 13.55 17.13 | cpu  4455938964 10497996 673827674 45968025030 10851267 0 8369235 0 0 0
1791163897 2850, 13801, 47, 0x0000000000000000 | 12.70 13.55 17.13 | cpu  4455939388 10497996 673828553 45968051772 10851291 0 8369235 0 0 0
1791163899 2857, 13801, 47, 0x0000000000000000 | 12.81 13.56 17.12 | cpu  4455939945 10497997 673829404 45968078406 10851301 0 8369236 0 0 0
1791163900 2857, 13801, 47, 0x0000000000000000 | 12.81 13.56 17.12 | cpu  4455940397 10497997 673830114 45968105347 10851314 0 8369236 0 0 0
1791163901 2857, 13801, 47, 0x0000000000000000 | 12.81 13.56 17.12 | cpu  4455943213 10497997 673830664 45968130171 10851326 0 8369236 0 0 0
1791163902 2842, 13801, 50, 0x0000000000000000 | 12.81 13.56 17.12 | cpu  4455946898 10497997 673831175 45968154276 10851337 0 8369236 0 0 0
1791163903 2850, 13801, 47, 0x0000000000000000 | 12.81 13.56 17.12 | cpu  4455950519 10497997 673831723 45968178031 10851353 0 8369236 0 0 0
1791163904 2850, 13801, 48, 0x0000000000000000 | 12.98 13.59 17.11 | cpu  4455954076 10497998 673832284 45968202435 10851367 0 8369236 0 0 0
1791163905 2850, 13801, 48, 0x0000000000000000 | 12.98 13.59 17.11 | cpu  4455957649 10497998 673832902 45968226393 10851383 0 8369236 0 0 0
1791163906 2850, 13801, 48, 0x0000000000000000 | 12.98 13.59 17.11 | cpu  4455961182 10497998 673833585 45968250174 10851400 0 8369236 0 0 0
1791163907 2857, 13801, 47, 0x0000000000000000 | 12.98 13.59 17.11 | cpu  4455964744 10497998 673834215 45968273828 10851416 0 8369236 0 0 0
1791163908 2850, 13801, 48, 0x0000000000000000 | 12.34 13.44 17.04 | cpu  4455966106 10497998 673834811 45968300225 10851434 0 8369236 0 0 0
1791163910 2857, 13801, 47, 0x0000000000000000 | 12.34 13.44 17.04 | cpu  4455966380 10497998 673835389 45968327303 10851453 0 8369244 0 0 0
1791163911 2850, 13801, 48, 0x0000000000000000 | 12.34 13.44 17.04 | cpu  4455966657 10497998 673835914 45968354692 10851468 0 8369247 0 0 0
1791163912 2857, 13801, 48, 0x0000000000000000 | 12.34 13.44 17.04 | cpu  4455966932 10497998 673836466 45968382110 10851488 0 8369247 0 0 0
1791163913 2857, 13801, 47, 0x0000000000000000 | 12.34 13.44 17.04 | cpu  4455967232 10497998 673836966 45968409326 10851523 0 8369247 0 0 0
1791163914 2857, 13801, 47, 0x0000000000000000 | 11.67 13.29 16.97 | cpu  4455967419 10497998 673837481 45968436878 10851539 0 8369247 0 0 0
1791163915 2850, 13801, 48, 0x0000000000000000 | 11.67 13.29 16.97 | cpu  4455967853 10497998 673837948 45968464032 10851555 0 8369247 0 0 0
1791163916 2842, 13801, 49, 0x0000000000000000 | 11.67 13.29 16.97 | cpu  4455968032 10497999 673838155 45968491732 10851566 0 8369247 0 0 0
1791163917 2850, 13801, 49, 0x0000000000000000 | 11.67 13.29 16.97 | cpu  4455968203 10497999 673838348 45968519643 10851566 0 8369247 0 0 0
1791163918 2850, 13801, 48, 0x0000000000000000 | 11.06 13.13 16.90 | cpu  4455968381 10497999 673838535 45968547514 10851566 0 8369248 0 0 0
1791163919 2857, 13801, 48, 0x0000000000000000 | 11.06 13.13 16.90 | cpu  4455968655 10497999 673838660 45968575519 10851567 0 8369248 0 0 0
1791163921 2850, 13801, 48, 0x0000000000000000 | 11.06 13.13 16.90 | cpu  4455968890 10497999 673838816 45968602918 10851572 0 8369248 0 0 0
1791163922 2857, 13801, 48, 0x0000000000000000 | 11.06 13.13 16.90 | cpu  4455969111 10497999 673838995 45968631031 10851573 0 8369249 0 0 0
1791163923 2850, 13801, 48, 0x0000000000000000 | 11.06 13.13 16.90 | cpu  4455969257 10497999 673839270 45968659006 10851573 0 8369249 0 0 0
1791163924 2850, 13801, 48, 0x0000000000000000 | 10.49 12.98 16.83 | cpu  4455970083 10497999 673839608 45968685770 10851573 0 8369249 0 0 0
1791163925 2842, 13801, 48, 0x0000000000000000 | 10.49 12.98 16.83 | cpu  4455970828 10497999 673840284 45968712559 10851590 0 8369249 0 0 0
1791163926 2850, 13801, 48, 0x0000000000000000 | 10.49 12.98 16.83 | cpu  4455970990 10498000 673841051 45968739544 10851609 0 8369250 0 0 0
1791163927 2857, 13801, 48, 0x0000000000000000 | 10.49 12.98 16.83 | cpu  4455971150 10498000 673841733 45968766600 10851626 0 8369250 0 0 0
1791163928 2857, 13801, 48, 0x0000000000000000 | 10.45 12.93 16.79 | cpu  4455971319 10498000 673842371 45968794148 10851643 0 8369250 0 0 0
1791163929 2857, 13801, 48, 0x0000000000000000 | 10.45 12.93 16.79 | cpu  4455971499 10498001 673842986 45968821351 10851666 0 8369251 0 0 0
1791163930 2857, 13801, 48, 0x0000000000000000 | 10.45 12.93 16.79 | cpu  4455971823 10498001 673843613 45968848402 10851682 0 8369251 0 0 0
1791163932 2857, 13801, 48, 0x0000000000000000 | 10.45 12.93 16.79 | cpu  4455972057 10498001 673844322 45968875562 10851699 0 8369251 0 0 0
1791163933 2850, 13801, 48, 0x0000000000000000 | 10.45 12.93 16.79 | cpu  4455974153 10498001 673844919 45968900840 10851714 0 8369252 0 0 0
1791163934 2850, 13801, 48, 0x0000000000000000 | 9.94 12.78 16.72 | cpu  4455974489 10498001 673845572 45968927807 10851728 0 8369252 0 0 0
1791163935 2850, 13801, 48, 0x0000000000000000 | 9.94 12.78 16.72 | cpu  4455974862 10498001 673846224 45968954754 10851745 0 8369252 0 0 0
1791163936 2850, 13801, 48, 0x0000000000000000 | 9.94 12.78 16.72 | cpu  4455975238 10498002 673846885 45968981849 10851763 0 8369252 0 0 0
1791163937 2850, 13801, 49, 0x0000000000000000 | 9.94 12.78 16.72 | cpu  4455975743 10498002 673847503 45969008661 10851780 0 8369252 0 0 0
1791163938 2850, 13801, 48, 0x0000000000000000 | 9.94 12.74 16.69 | cpu  4455976161 10498002 673848149 45969035566 10851802 0 8369252 0 0 0
1791163939 2850, 13801, 48, 0x0000000000000000 | 9.94 12.74 16.69 | cpu  4455976596 10498002 673848454 45969062889 10851844 0 8369253 0 0 0
1791163940 2857, 13801, 48, 0x0000000000000000 | 9.94 12.74 16.69 | cpu  4455977548 10498002 673848664 45969089536 10851848 0 8369253 0 0 0
1791163941 2857, 13801, 48, 0x0000000000000000 | 9.94 12.74 16.69 | cpu  4455977964 10498002 673848803 45969117133 10851848 0 8369253 0 0 0
1791163943 2857, 13801, 48, 0x0000000000000000 | 9.94 12.74 16.69 | cpu  4455978449 10498003 673848934 45969144354 10851850 0 8369254 0 0 0
1791163944 2842, 13801, 48, 0x0000000000000000 | 9.47 12.59 16.62 | cpu  4455979024 10498003 673849225 45969171848 10851850 0 8369254 0 0 0
1791163945 2850, 13801, 49, 0x0000000000000000 | 9.47 12.59 16.62 | cpu  4455980200 10498003 673849600 45969198431 10851851 0 8369255 0 0 0
1791163946 2850, 13801, 49, 0x0000000000000000 | 9.47 12.59 16.62 | cpu  4455980639 10498004 673849897 45969225601 10851851 0 8369255 0 0 0
1791163947 2850, 13801, 49, 0x0000000000000000 | 9.47 12.59 16.62 | cpu  4455980932 10498004 673850159 45969253101 10851851 0 8369255 0 0 0
1791163948 2850, 13801, 49, 0x0000000000000000 | 9.47 12.59 16.62 | cpu  4455981128 10498004 673850424 45969280399 10851852 0 8369255 0 0 0
1791163949 2850, 13801, 48, 0x0000000000000000 | 9.11 12.46 16.56 | cpu  4455981329 10498004 673850694 45969307921 10851853 0 8369255 0 0 0
1791163950 2857, 13801, 48, 0x0000000000000000 | 9.11 12.46 16.56 | cpu  4455981810 10498004 673850831 45969335194 10851853 0 8369255 0 0 0
1791163951 2857, 13801, 48, 0x0000000000000000 | 9.11 12.46 16.56 | cpu  4455982366 10498004 673850953 45969362616 10851853 0 8369255 0 0 0
1791163952 2857, 13801, 48, 0x0000000000000000 | 9.11 12.46 16.56 | cpu  4455982575 10498004 673851233 45969390461 10851853 0 8369256 0 0 0
1791163953 2850, 13801, 49, 0x0000000000000000 | 8.70 12.32 16.49 | cpu  4455982999 10498004 673851518 45969417732 10851853 0 8369256 0 0 0
1791163955 2850, 13801, 48, 0x0000000000000000 | 8.70 12.32 16.49 | cpu  4455983285 10498004 673851711 45969445633 10851853 0 8369256 0 0 0
1791163956 2850, 13801, 49, 0x0000000000000000 | 8.70 12.32 16.49 | cpu  4455983585 10498005 673851883 45969473111 10851853 0 8369256 0 0 0
1791163957 2850, 13801, 49, 0x0000000000000000 | 8.70 12.32 16.49 | cpu  4455983881 10498006 673852062 45969500502 10851854 0 8369256 0 0 0
1791163958 2857, 13801, 48, 0x0000000000000000 | 8.70 12.32 16.49 | cpu  4455984488 10498006 673852134 45969527795 10851855 0 8369257 0 0 0
1791163959 2850, 13801, 49, 0x0000000000000000 | 8.32 12.18 16.42 | cpu  4455984844 10498006 673852297 45969555429 10851855 0 8369257 0 0 0
1791163960 2850, 13801, 49, 0x0000000000000000 | 8.32 12.18 16.42 | cpu  4455985216 10498006 673852643 45969582851 10851857 0 8369257 0 0 0
1791163961 2842, 13801, 49, 0x0000000000000000 | 8.32 12.18 16.42 | cpu  4455985438 10498006 673853010 45969610284 10851858 0 8369257 0 0 0
1791163962 2850, 13801, 49, 0x0000000000000000 | 8.32 12.18 16.42 | cpu  4455986236 10498007 673853445 45969637507 10851871 0 8369257 0 0 0
1791163963 2842, 13801, 49, 0x0000000000000000 | 8.22 12.10 16.37 | cpu  4455986848 10498007 673853816 45969664696 10851889 0 8369257 0 0 0
1791163964 2850, 13801, 49, 0x0000000000000000 | 8.22 12.10 16.37 | cpu  4455988374 10498007 673854124 45969690770 10851907 0 8369258 0 0 0
1791163966 2857, 13801, 48, 0x0000000000000000 | 8.22 12.10 16.37 | cpu  4455992708 10498007 673854686 45969713835 10851917 0 8369258 0 0 0
1791163967 2857, 13801, 48, 0x0000000000000000 | 8.22 12.10 16.37 | cpu  4455997203 10498007 673855175 45969736813 10851917 0 8369258 0 0 0
1791163968 2842, 13801, 48, 0x0000000000000000 | 8.22 12.10 16.37 | cpu  4456001641 10498007 673855404 45969760129 10851917 0 8369259 0 0 0
1791163969 2857, 13801, 48, 0x0000000000000000 | 10.04 12.41 16.45 | cpu  4456005988 10498007 673855639 45969783384 10851918 0 8369259 0 0 0
1791163970 2850, 13801, 49, 0x0000000000000000 | 10.04 12.41 16.45 | cpu  4456010303 10498007 673855868 45969806804 10851918 0 8369259 0 0 0
1791163971 2850, 13801, 49, 0x0000000000000000 | 10.04 12.41 16.45 | cpu  4456014709 10498007 673856038 45969830266 10851918 0 8369260 0 0 0
1791163972 2857, 13801, 48, 0x0000000000000000 | 10.04 12.41 16.45 | cpu  4456019334 10498008 673856276 45969853481 10851919 0 8369260 0 0 0
1791163973 2857, 13801, 48, 0x0000000000000000 | 21.65 14.78 17.19 | cpu  4456025614 10498008 673856584 45969875086 10851920 0 8369260 0 0 0
1791163974 2850, 13801, 48, 0x0000000000000000 | 21.65 14.78 17.19 | cpu  4456032308 10498008 673857027 45969895949 10851921 0 8369260 0 0 0
1791163975 2857, 13801, 49, 0x0000000000000000 | 21.65 14.78 17.19 | cpu  4456036040 10498009 673857327 45969920193 10851922 0 8369260 0 0 0
1791163977 2850, 13801, 48, 0x0000000000000000 | 21.65 14.78 17.19 | cpu  4456038300 10498009 673857995 45969945416 10851931 0 8369260 0 0 0
1791163978 2842, 13801, 49, 0x0000000000000000 | 21.65 14.78 17.19 | cpu  4456038748 10498009 673858415 45969972614 10851933 0 8369260 0 0 0
1791163979 2850, 13801, 49, 0x0000000000000000 | 20.48 14.65 17.14 | cpu  4456039182 10498009 673858899 45969999572 10851933 0 8369260 0 0 0
1791163980 2857, 13801, 48, 0x0000000000000000 | 20.48 14.65 17.14 | cpu  4456039587 10498009 673859395 45970026514 10851934 0 8369260 0 0 0
1791163981 2857, 13801, 48, 0x0000000000000000 | 20.48 14.65 17.14 | cpu  4456040058 10498009 673859846 45970053627 10851935 0 8369261 0 0 0
1791163982 2850, 13801, 49, 0x0000000000000000 | 20.48 14.65 17.14 | cpu  4456040695 10498010 673860285 45970080466 10851936 0 8369261 0 0 0
1791163983 2850, 13801, 49, 0x0000000000000000 | 19.40 14.52 17.08 | cpu  4456041098 10498010 673860711 45970107651 10851937 0 8369261 0 0 0
1791163984 2850, 13801, 49, 0x0000000000000000 | 19.40 14.52 17.08 | cpu  4456041523 10498010 673861026 45970134916 10851937 0 8369261 0 0 0
1791163985 2850, 13801, 49, 0x0000000000000000 | 19.40 14.52 17.08 | cpu  4456043250 10498010 673861311 45970160955 10851937 0 8369262 0 0 0
1791163986 2857, 13801, 49, 0x0000000000000000 | 19.40 14.52 17.08 | cpu  4456046776 10498010 673861568 45970185602 10851938 0 8369262 0 0 0
1791163987 2850, 13801, 49, 0x0000000000000000 | 19.40 14.52 17.08 | cpu  4456050356 10498011 673861851 45970209984 10851938 0 8369262 0 0 0
1791163989 2850, 13801, 49, 0x0000000000000000 | 18.16 14.35 17.01 | cpu  4456053938 10498011 673862110 45970234692 10851938 0 8369262 0 0 0
1791163990 2850, 13801, 49, 0x0000000000000000 | 18.16 14.35 17.01 | cpu  4456057667 10498011 673862366 45970259016 10851939 0 8369262 0 0 0
1791163991 2850, 13801, 49, 0x0000000000000000 | 18.16 14.35 17.01 | cpu  4456061192 10498011 673862698 45970283328 10851939 0 8369263 0 0 0
1791163992 2857, 13801, 49, 0x0000000000000000 | 18.16 14.35 17.01 | cpu  4456064688 10498011 673863024 45970307786 10851939 0 8369263 0 0 0
1791163993 2842, 13801, 49, 0x0000000000000000 | 18.16 14.35 17.01 | cpu  4456067602 10498011 673863269 45970332763 10851939 0 8369263 0 0 0
1791163994 2857, 13801, 48, 0x0000000000000000 | 17.11 14.19 16.95 | cpu  4456067948 10498011 673863653 45970359914 10851941 0 8369264 0 0 0
1791163995 2857, 13801, 48, 0x0000000000000000 | 17.11 14.19 16.95 | cpu  4456068285 10498011 673864082 45970387029 10851941 0 8369264 0 0 0
1791163996 2857, 13801, 49, 0x0000000000000000 | 17.11 14.19 16.95 | cpu  4456068620 10498012 673864484 45970414495 10851942 0 8369264 0 0 0
1791163997 2842, 13801, 49, 0x0000000000000000 | 17.11 14.19 16.95 | cpu  4456068942 10498012 673864881 45970441633 10851949 0 8369264 0 0 0
1791163998 2850, 13801, 48, 0x0000000000000000 | 16.78 14.17 16.93 | cpu  4456069500 10498012 673865233 45970468739 10851953 0 8369264 0 0 0
1791164000 2850, 13801, 49, 0x0000000000000000 | 16.78 14.17 16.93 | cpu  4456070070 10498012 673865336 45970495972 10851964 0 8369264 0 0 0
1791164001 2857, 13801, 49, 0x0000000000000000 | 16.78 14.17 16.93 | cpu  4456070239 10498013 673865458 45970523516 10851977 0 8369264 0 0 0
1791164002 2857, 13801, 49, 0x0000000000000000 | 16.78 14.17 16.93 | cpu  4456070386 10498013 673865573 45970551318 10851988 0 8369264 0 0 0
1791164003 2857, 13801, 48, 0x0000000000000000 | 16.78 14.17 16.93 | cpu  4456070528 10498013 673865689 45970578932 10851988 0 8369264 0 0 0
1791164004 2850, 13801, 49, 0x0000000000000000 | 15.60 13.97 16.85 | cpu  4456070668 10498013 673865800 45970606593 10851989 0 8369264 0 0 0
1791164005 2850, 13801, 49, 0x0000000000000000 | 15.60 13.97 16.85 | cpu  4456070808 10498013 673865910 45970634199 10851989 0 8369264 0 0 0
1791164006 2850, 13801, 49, 0x0000000000000000 | 15.60 13.97 16.85 | cpu  4456071516 10498014 673866149 45970661780 10851991 0 8369265 0 0 0
1791164007 2850, 13801, 49, 0x0000000000000000 | 15.60 13.97 16.85 | cpu  4456071721 10498014 673866406 45970689147 10851991 0 8369265 0 0 0
1791164008 2850, 13801, 49, 0x0000000000000000 | 14.75 13.82 16.78 | cpu  4456072908 10498014 673866763 45970715516 10851994 0 8369265 0 0 0
1791164009 2850, 13801, 49, 0x0000000000000000 | 14.75 13.82 16.78 | cpu  4456073094 10498015 673867047 45970743022 10851994 0 8369265 0 0 0
1791164010 2857, 13801, 48, 0x0000000000000000 | 14.75 13.82 16.78 | cpu  4456073292 10498015 673867343 45970770384 10851995 0 8369265 0 0 0
1791164012 2842, 13801, 50, 0x0000000000000000 | 14.75 13.82 16.78 | cpu  4456073469 10498015 673867634 45970797847 10851995 0 8369265 0 0 0
1791164013 2850, 13801, 49, 0x0000000000000000 | 14.75 13.82 16.78 | cpu  4456073654 10498015 673867935 45970825201 10851998 0 8369265 0 0 0
1791164014 2857, 13801, 48, 0x0000000000000000 | 13.97 13.67 16.72 | cpu  4456073912 10498015 673868227 45970852551 10851998 0 8369266 0 0 0
1791164015 2857, 13801, 49, 0x0000000000000000 | 13.97 13.67 16.72 | cpu  4456074356 10498015 673868476 45970879996 10851998 0 8369266 0 0 0
1791164016 2857, 13801, 48, 0x0000000000000000 | 13.97 13.67 16.72 | cpu  4456074558 10498015 673868837 45970907444 10852000 0 8369266 0 0 0
1791164017 2850, 13801, 49, 0x0000000000000000 | 13.97 13.67 16.72 | cpu  4456074755 10498015 673869236 45970934962 10852016 0 8369266 0 0 0
1791164018 2850, 13801, 49, 0x0000000000000000 | 13.17 13.51 16.65 | cpu  4456075016 10498015 673869554 45970962413 10852017 0 8369266 0 0 0
1791164019 2850, 13801, 49, 0x0000000000000000 | 13.17 13.51 16.65 | cpu  4456075193 10498016 673869762 45970989918 10852017 0 8369267 0 0 0
1791164020 2857, 13801, 49, 0x0000000000000000 | 13.17 13.51 16.65 | cpu  4456075391 10498016 673869926 45971017614 10852017 0 8369267 0 0 0
1791164021 2850, 13801, 49, 0x0000000000000000 | 13.17 13.51 16.65 | cpu  4456075868 10498016 673870091 45971044972 10852018 0 8369267 0 0 0
1791164023 2857, 13801, 49, 0x0000000000000000 | 13.17 13.51 16.65 | cpu  4456076092 10498016 673870324 45971072839 10852019 0 8369267 0 0 0
1791164024 2850, 13801, 49, 0x0000000000000000 | 12.43 13.36 16.58 | cpu  4456076306 10498016 673870674 45971100200 10852020 0 8369267 0 0 0
1791164025 2850, 13801, 49, 0x0000000000000000 | 12.43 13.36 16.58 | cpu  4456076488 10498016 673870959 45971127588 10852020 0 8369267 0 0 0
1791164026 2857, 13801, 49, 0x0000000000000000 | 12.43 13.36 16.58 | cpu  4456076674 10498016 673871246 45971155034 10852020 0 8369268 0 0 0
1791164027 2857, 13801, 49, 0x0000000000000000 | 12.43 13.36 16.58 | cpu  4456076882 10498016 673871502 45971182408 10852021 0 8369268 0 0 0
1791164028 2857, 13801, 49, 0x0000000000000000 | 12.43 13.36 16.58 | cpu  4456077409 10498016 673871668 45971209624 10852021 0 8369268 0 0 0
1791164029 2842, 13801, 49, 0x0000000000000000 | 11.76 13.20 16.52 | cpu  4456077594 10498016 673871959 45971236947 10852022 0 8369268 0 0 0
1791164030 2850, 13801, 50, 0x0000000000000000 | 11.76 13.20 16.52 | cpu  4456077780 10498016 673872242 45971264468 10852022 0 8369268 0 0 0
1791164031 2842, 13801, 49, 0x0000000000000000 | 11.76 13.20 16.52 | cpu  4456077958 10498016 673872529 45971291865 10852022 0 8369268 0 0 0
1791164032 2850, 13801, 49, 0x0000000000000000 | 11.76 13.20 16.52 | cpu  4456078207 10498016 673872758 45971319215 10852036 0 8369268 0 0 0
1791164033 2850, 13801, 49, 0x0000000000000000 | 11.22 13.06 16.45 | cpu  4456078459 10498016 673873016 45971346645 10852043 0 8369268 0 0 0
1791164035 2850, 13801, 49, 0x0000000000000000 | 11.22 13.06 16.45 | cpu  4456078750 10498016 673873186 45971374143 10852044 0 8369268 0 0 0
1791164036 2850, 13801, 49, 0x0000000000000000 | 11.22 13.06 16.45 | cpu  4456079600 10498017 673873341 45971401297 10852045 0 8369268 0 0 0
1791164037 2857, 13801, 49, 0x0000000000000000 | 11.22 13.06 16.45 | cpu  4456080491 10498017 673873554 45971428189 10852046 0 8369268 0 0 0
1791164038 2850, 13801, 49, 0x0000000000000000 | 11.22 13.06 16.45 | cpu  4456081184 10498018 673873775 45971455239 10852047 0 8369268 0 0 0
1791164039 2850, 13801, 49, 0x0000000000000000 | 21.13 15.09 17.09 | cpu  4456082285 10498018 673874044 45971481797 10852047 0 8369269 0 0 0
1791164040 2850, 13801, 48, 0x0000000000000000 | 21.13 15.09 17.09 | cpu  4456084138 10498018 673875128 45971506737 10852051 0 8369269 0 0 0
1791164041 2857, 13801, 49, 0x0000000000000000 | 21.13 15.09 17.09 | cpu  4456085602 10498018 673875560 45971532803 10852053 0 8369270 0 0 0
1791164042 2857, 13801, 48, 0x0000000000000000 | 21.13 15.09 17.09 | cpu  4456087048 10498018 673875816 45971558978 10852054 0 8369270 0 0 0
1791164043 2857, 13801, 48, 0x0000000000000000 | 19.84 14.92 17.03 | cpu  4456088424 10498018 673876055 45971585357 10852054 0 8369270 0 0 0
1791164044 2850, 13801, 49, 0x0000000000000000 | 19.84 14.92 17.03 | cpu  4456091664 10498018 673876301 45971610048 10852054 0 8369270 0 0 0
1791164045 2857, 13801, 49, 0x0000000000000000 | 19.84 14.92 17.03 | cpu  4456095943 10498018 673876562 45971633676 10852054 0 8369270 0 0 0
1791164047 2857, 13801, 48, 0x0000000000000000 | 19.84 14.92 17.03 | cpu  4456100895 10498020 673876871 45971656332 10852055 0 8369270 0 0 0
1791164048 2857, 13801, 48, 0x0000000000000000 | 19.84 14.92 17.03 | cpu  4456107376 10498020 673877290 45971677276 10852055 0 8369270 0 0 0
1791164049 2842, 13801, 49, 0x0000000000000000 | 29.62 17.03 17.70 | cpu  4456112520 10498020 673877614 45971699970 10852055 0 8369270 0 0 0
1791164050 2850, 13801, 49, 0x0000000000000000 | 29.62 17.03 17.70 | cpu  4456116745 10498020 673878062 45971723043 10852062 0 8369271 0 0 0
1791164051 2850, 13801, 49, 0x0000000000000000 | 29.62 17.03 17.70 | cpu  4456121382 10498020 673878472 45971746245 10852064 0 8369271 0 0 0
1791164052 2857, 13801, 48, 0x0000000000000000 | 29.62 17.03 17.70 | cpu  4456125619 10498020 673878998 45971769747 10852065 0 8369271 0 0 0
1791164053 2850, 13801, 49, 0x0000000000000000 | 30.21 17.36 17.80 | cpu  4456129679 10498021 673879618 45971793114 10852065 0 8369271 0 0 0
1791164054 2857, 13801, 48, 0x0000000000000000 | 30.21 17.36 17.80 | cpu  4456130035 10498021 673880043 45971820073 10852066 0 8369272 0 0 0
1791164055 2842, 13801, 49, 0x0000000000000000 | 30.21 17.36 17.80 | cpu  4456130348 10498021 673880400 45971847129 10852066 0 8369272 0 0 0
1791164056 2850, 13801, 50, 0x0000000000000000 | 30.21 17.36 17.80 | cpu  4456130686 10498021 673880646 45971874263 10852067 0 8369272 0 0 0
1791164057 2850, 13801, 49, 0x0000000000000000 | 30.21 17.36 17.80 | cpu  4456130934 10498021 673880864 45971901662 10852067 0 8369272 0 0 0
1791164059 2850, 13801, 50, 0x0000000000000000 | 28.03 17.12 17.72 | cpu  4456131196 10498021 673880979 45971929152 10852081 0 8369272 0 0 0
1791164060 2850, 13801, 49, 0x0000000000000000 | 28.03 17.12 17.72 | cpu  4456131369 10498021 673881086 45971956783 10852098 0 8369272 0 0 0
1791164061 2850, 13801, 49, 0x0000000000000000 | 28.03 17.12 17.72 | cpu  4456131913 10498021 673881192 45971983981 10852102 0 8369272 0 0 0
1791164062 2850, 13801, 49, 0x0000000000000000 | 28.03 17.12 17.72 | cpu  4456132286 10498021 673881333 45972011313 10852103 0 8369272 0 0 0
1791164063 2857, 13801, 49, 0x0000000000000000 | 28.03 17.12 17.72 | cpu  4456134635 10498021 673881734 45972036354 10852103 0 8369273 0 0 0
1791164064 2850, 13801, 49, 0x0000000000000000 | 26.27 16.94 17.66 | cpu  4456135759 10498021 673881943 45972062663 10852103 0 8369273 0 0 0
1791164065 2850, 13801, 49, 0x0000000000000000 | 26.27 16.94 17.66 | cpu  4456137916 10498021 673882330 45972087759 10852104 0 8369273 0 0 0
1791164066 2850, 13801, 48, 0x0000000000000000 | 26.27 16.94 17.66 | cpu  4456139671 10498022 673882696 45972113320 10852104 0 8369273 0 0 0
1791164067 2857, 13801, 49, 0x0000000000000000 | 26.27 16.94 17.66 | cpu  4456140008 10498022 673883043 45972140587 10852105 0 8369273 0 0 0
1791164068 2850, 13801, 49, 0x0000000000000000 | 24.48 16.72 17.58 | cpu  4456140281 10498022 673883281 45972167822 10852106 0 8369273 0 0 0
1791164069 2857, 13801, 49, 0x0000000000000000 | 24.48 16.72 17.58 | cpu  4456140713 10498022 673883405 45972195128 10852106 0 8369273 0 0 0
1791164071 2850, 13801, 49, 0x0000000000000000 | 24.48 16.72 17.58 | cpu  4456140889 10498023 673883620 45972222673 10852106 0 8369274 0 0 0
1791164072 2850, 13801, 49, 0x0000000000000000 | 24.48 16.72 17.58 | cpu  4456141605 10498023 673884048 45972249732 10852108 0 8369274 0 0 0
1791164073 2857, 13801, 48, 0x0000000000000000 | 24.48 16.72 17.58 | cpu  4456141814 10498023 673884944 45972276871 10852136 0 8369274 0 0 0
1791164074 2857, 13801, 49, 0x0000000000000000 | 23.48 16.64 17.55 | cpu  4456142034 10498023 673885898 45972303671 10852190 0 8369274 0 0 0
1791164075 2857, 13801, 49, 0x0000000000000000 | 23.48 16.64 17.55 | cpu  4456142262 10498023 673886823 45972330466 10852239 0 8369274 0 0 0
1791164076 2850, 13801, 49, 0x0000000000000000 | 23.48 16.64 17.55 | cpu  4456142954 10498023 673887113 45972358071 10852245 0 8369274 0 0 0
1791164077 2857, 13801, 49, 0x0000000000000000 | 23.48 16.64 17.55 | cpu  4456144126 10498024 673887616 45972384277 10852255 0 8369274 0 0 0
1791164078 2850, 13801, 49, 0x0000000000000000 | 23.53 16.77 17.59 | cpu  4456146232 10498024 673888256 45972409758 10852267 0 8369275 0 0 0
1791164079 2857, 13801, 49, 0x0000000000000000 | 23.53 16.77 17.59 | cpu  4456148239 10498024 673889219 45972434829 10852288 0 8369275 0 0 0
1791164080 2850, 13801, 49, 0x0000000000000000 | 23.53 16.77 17.59 | cpu  4456149846 10498024 673890056 45972460629 10852309 0 8369276 0 0 0
1791164082 2850, 13801, 49, 0x0000000000000000 | 23.53 16.77 17.59 | cpu  4456150778 10498024 673890942 45972486762 10852337 0 8369278 0 0 0
1791164083 2850, 13801, 49, 0x0000000000000000 | 23.53 16.77 17.59 | cpu  4456151196 10498024 673891555 45972514145 10852380 0 8369280 0 0 0
1791164084 2850, 13801, 49, 0x0000000000000000 | 22.68 16.70 17.56 | cpu  4456151664 10498024 673892218 45972541055 10852416 0 8369281 0 0 0
1791164085 2857, 13801, 49, 0x0000000000000000 | 22.68 16.70 17.56 | cpu  4456151958 10498024 673892892 45972568116 10852458 0 8369284 0 0 0
1791164086 2842, 13801, 49, 0x0000000000000000 | 22.68 16.70 17.56 | cpu  4456152283 10498024 673893479 45972595338 10852483 0 8369285 0 0 0
1791164087 2850, 13801, 49, 0x0000000000000000 | 22.68 16.70 17.56 | cpu  4456152590 10498024 673894160 45972622403 10852512 0 8369285 0 0 0
1791164088 2850, 13801, 49, 0x0000000000000000 | 21.27 16.51 17.50 | cpu  4456152857 10498024 673894873 45972649436 10852526 0 8369285 0 0 0
1791164089 2850, 13801, 50, 0x0000000000000000 | 21.27 16.51 17.50 | cpu  4456153148 10498024 673895528 45972676538 10852541 0 8369285 0 0 0
1791164090 2850, 13801, 49, 0x0000000000000000 | 21.27 16.51 17.50 | cpu  4456154172 10498024 673896175 45972703062 10852556 0 8369285 0 0 0
1791164091 2850, 13801, 49, 0x0000000000000000 | 21.27 16.51 17.50 | cpu  4456154727 10498024 673896692 45972729981 10852573 0 8369285 0 0 0
1791164093 2850, 13801, 49, 0x0000000000000000 | 21.27 16.51 17.50 | cpu  4456155569 10498025 673897212 45972756691 10852589 0 8369285 0 0 0
1791164094 2850, 13801, 49, 0x0000000000000000 | 20.04 16.33 17.43 | cpu  4456157129 10498025 673897948 45972782891 10852601 0 8369285 0 0 0
1791164095 2850, 13801, 49, 0x0000000000000000 | 20.04 16.33 17.43 | cpu  4456158471 10498025 673898600 45972809077 10852618 0 8369286 0 0 0
1791164096 2850, 13801, 49, 0x0000000000000000 | 20.04 16.33 17.43 | cpu  4456161063 10498025 673899374 45972833885 10852633 0 8369286 0 0 0
1791164097 2857, 13801, 49, 0x0000000000000000 | 20.04 16.33 17.43 | cpu  4456163067 10498025 673900101 45972859055 10852648 0 8369286 0 0 0
1791164098 2857, 13801, 49, 0x0000000000000000 | 19.00 16.18 17.38 | cpu  4456163917 10498025 673900843 45972885910 10852670 0 8369286 0 0 0
1791164099 2850, 13801, 49, 0x0000000000000000 | 19.00 16.18 17.38 | cpu  4456166117 10498026 673901412 45972911336 10852681 0 8369286 0 0 0
1791164100 2850, 13801, 49, 0x0000000000000000 | 19.00 16.18 17.38 | cpu  4456169637 10498026 673901740 45972935672 10852681 0 8369287 0 0 0
1791164101 2850, 13801, 49, 0x0000000000000000 | 19.00 16.18 17.38 | cpu  4456173377 10498026 673902036 45972960350 10852687 0 8369287 0 0 0
1791164103 2857, 13801, 49, 0x0000000000000000 | 19.00 16.18 17.38 | cpu  4456177142 10498026 673902369 45972984470 10852689 0 8369287 0 0 0
1791164104 2857, 13801, 49, 0x0000000000000000 | 17.80 15.98 17.31 | cpu  4456180841 10498026 673902629 45973009187 10852692 0 8369287 0 0 0
1791164105 2857, 13801, 48, 0x0000000000000000 | 17.80 15.98 17.31 | cpu  4456184441 10498026 673902772 45973033477 10852692 0 8369287 0 0 0
1791164106 2842, 13801, 50, 0x0000000000000000 | 17.80 15.98 17.31 | cpu  4456188006 10498026 673903028 45973058104 10852693 0 8369287 0 0 0
1791164107 2850, 13801, 49, 0x0000000000000000 | 17.80 15.98 17.31 | cpu  4456191596 10498026 673903169 45973082623 10852693 0 8369287 0 0 0
1791164108 2850, 13801, 49, 0x0000000000000000 | 16.85 15.81 17.25 | cpu  4456193314 10498026 673903448 45973108797 10852694 0 8369287 0 0 0
1791164109 2850, 13801, 50, 0x0000000000000000 | 16.85 15.81 17.25 | cpu  4456193799 10498026 673903668 45973136340 10852710 0 8369287 0 0 0
1791164110 2857, 13801, 49, 0x0000000000000000 | 16.85 15.81 17.25 | cpu  4456194866 10498026 673904190 45973162574 10852720 0 8369288 0 0 0
1791164111 2857, 13801, 48, 0x0000000000000000 | 16.85 15.81 17.25 | cpu  4456195139 10498027 673904851 45973189448 10852740 0 8369288 0 0 0
1791164112 2850, 13801, 49, 0x0000000000000000 | 16.85 15.81 17.25 | cpu  4456195439 10498027 673905470 45973216330 10852761 0 8369288 0 0 0
1791164114 2857, 13801, 49, 0x0000000000000000 | 15.74 15.60 17.17 | cpu  4456195661 10498027 673906096 45973243345 10852789 0 8369288 0 0 0
1791164115 2857, 13801, 49, 0x0000000000000000 | 15.74 15.60 17.17 | cpu  4456196245 10498027 673906750 45973270020 10852816 0 8369288 0 0 0
1791164116 2857, 13801, 49, 0x0000000000000000 | 15.74 15.60 17.17 | cpu  4456198222 10498027 673907449 45973295217 10852846 0 8369288 0 0 0
1791164117 2857, 13801, 49, 0x0000000000000000 | 15.74 15.60 17.17 | cpu  4456200263 10498028 673908131 45973320446 10852872 0 8369289 0 0 0
1791164118 2850, 13801, 49, 0x0000000000000000 | 15.74 15.60 17.17 | cpu  4456201241 10498028 673908908 45973346593 10852910 0 8369289 0 0 0
1791164119 2857, 13801, 49, 0x0000000000000000 | 15.44 15.54 17.14 | cpu  4456203464 10498028 673909772 45973371673 10852934 0 8369289 0 0 0
1791164120 2850, 13801, 49, 0x0000000000000000 | 15.44 15.54 17.14 | cpu  4456204271 10498028 673910521 45973397983 10852982 0 8369289 0 0 0
1791164121 2850, 13801, 49, 0x0000000000000000 | 15.44 15.54 17.14 | cpu  4456204557 10498028 673911306 45973424881 10853013 0 8369289 0 0 0
1791164122 2850, 13801, 49, 0x0000000000000000 | 15.44 15.54 17.14 | cpu  4456204799 10498028 673911979 45973451990 10853039 0 8369289 0 0 0
1791164123 2857, 13801, 49, 0x0000000000000000 | 14.61 15.36 17.08 | cpu  4456205067 10498028 673912608 45973479193 10853058 0 8369289 0 0 0
1791164124 2850, 13801, 49, 0x0000000000000000 | 14.61 15.36 17.08 | cpu  4456205563 10498028 673913344 45973505783 10853080 0 8369289 0 0 0
1791164126 2850, 13801, 49, 0x0000000000000000 | 14.61 15.36 17.08 | cpu  4456205752 10498029 673914156 45973532888 10853108 0 8369289 0 0 0
1791164127 2850, 13801, 49, 0x0000000000000000 | 14.61 15.36 17.08 | cpu  4456205938 10498029 673914882 45973559866 10853147 0 8369289 0 0 0
1791164128 2857, 13801, 49, 0x0000000000000000 | 14.61 15.36 17.08 | cpu  4456206281 10498029 673915182 45973587152 10853149 0 8369289 0 0 0
1791164129 2842, 13801, 50, 0x0000000000000000 | 13.76 15.17 17.00 | cpu  4456206488 10498029 673915449 45973614801 10853149 0 8369290 0 0 0
1791164130 2850, 13801, 50, 0x0000000000000000 | 13.76 15.17 17.00 | cpu  4456206762 10498029 673915645 45973642230 10853151 0 8369290 0 0 0
1791164131 2850, 13801, 49, 0x0000000000000000 | 13.76 15.17 17.00 | cpu  4456207291 10498029 673915901 45973669644 10853152 0 8369290 0 0 0
1791164132 2857, 13801, 49, 0x0000000000000000 | 13.76 15.17 17.00 | cpu  4456207566 10498029 673916096 45973697034 10853153 0 8369290 0 0 0
1791164133 2850, 13801, 49, 0x0000000000000000 | 12.98 14.99 16.93 | cpu  4456207832 10498029 673916296 45973724398 10853154 0 8369290 0 0 0
1791164134 2850, 13801, 49, 0x0000000000000000 | 12.98 14.99 16.93 | cpu  4456208064 10498029 673916543 45973751840 10853154 0 8369290 0 0 0
1791164135 2850, 13801, 50, 0x0000000000000000 | 12.98 14.99 16.93 | cpu  4456208269 10498030 673916803 45973779251 10853155 0 8369290 0 0 0
1791164136 2850, 13801, 50, 0x0000000000000000 | 12.98 14.99 16.93 | cpu  4456208567 10498030 673917042 45973806914 10853170 0 8369290 0 0 0
1791164138 2850, 13801, 50, 0x0000000000000000 | 12.98 14.99 16.93 | cpu  4456209277 10498030 673917255 45973833875 10853181 0 8369290 0 0 0
1791164139 2850, 13801, 49, 0x0000000000000000 | 12.26 14.81 16.86 | cpu  4456209864 10498030 673917517 45973861077 10853181 0 8369290 0 0 0
1791164140 2850, 13801, 49, 0x0000000000000000 | 12.26 14.81 16.86 | cpu  4456210316 10498030 673917746 45973888221 10853181 0 8369290 0 0 0
1791164141 2857, 13801, 49, 0x0000000000000000 | 12.26 14.81 16.86 | cpu  4456212005 10498031 673918222 45973914133 10853182 0 8369290 0 0 0
1791164142 2857, 13801, 49, 0x0000000000000000 | 12.26 14.81 16.86 | cpu  4456213155 10498031 673918539 45973940486 10853183 0 8369290 0 0 0
1791164143 2857, 13801, 49, 0x0000000000000000 | 14.32 15.19 16.98 | cpu  4456214449 10498031 673918793 45973966940 10853183 0 8369290 0 0 0
1791164144 2857, 13801, 49, 0x0000000000000000 | 14.32 15.19 16.98 | cpu  4456217558 10498031 673919141 45973991401 10853183 0 8369290 0 0 0
1791164145 2857, 13801, 49, 0x0000000000000000 | 14.32 15.19 16.98 | cpu  4456221114 10498031 673919590 45974015398 10853183 0 8369291 0 0 0
1791164146 2835, 13801, 50, 0x0000000000000000 | 14.32 15.19 16.98 | cpu  4456222496 10498031 673919903 45974041769 10853184 0 8369291 0 0 0
1791164147 2850, 13801, 50, 0x0000000000000000 | 14.32 15.19 16.98 | cpu  4456223094 10498031 673920285 45974068724 10853184 0 8369291 0 0 0
1791164149 2850, 13801, 49, 0x0000000000000000 | 13.65 15.04 16.92 | cpu  4456223749 10498031 673920640 45974095631 10853185 0 8369291 0 0 0
1791164150 2857, 13801, 49, 0x0000000000000000 | 13.65 15.04 16.92 | cpu  4456224347 10498031 673920871 45974122689 10853187 0 8369291 0 0 0
1791164151 2850, 13801, 50, 0x0000000000000000 | 13.65 15.04 16.92 | cpu  4456225007 10498031 673921081 45974150051 10853187 0 8369291 0 0 0
1791164152 2850, 13801, 50, 0x0000000000000000 | 13.65 15.04 16.92 | cpu  4456225671 10498031 673921212 45974177224 10853187 0 8369291 0 0 0
1791164153 2857, 13801, 49, 0x0000000000000000 | 13.65 15.04 16.92 | cpu  4456227663 10498032 673921545 45974203205 10853197 0 8369292 0 0 0
1791164154 2857, 13801, 49, 0x0000000000000000 | 13.04 14.89 16.86 | cpu  4456232169 10498032 673921832 45974226545 10853198 0 8369292 0 0 0
1791164155 2842, 13801, 50, 0x0000000000000000 | 13.04 14.89 16.86 | cpu  4456237811 10498032 673922306 45974248537 10853199 0 8369292 0 0 0
1791164156 2850, 13801, 49, 0x0000000000000000 | 13.04 14.89 16.86 | cpu  4456241441 10498032 673922684 45974272625 10853199 0 8369292 0 0 0
1791164157 2850, 13801, 50, 0x0000000000000000 | 13.04 14.89 16.86 | cpu  4456245186 10498032 673922952 45974296876 10853201 0 8369293 0 0 0
1791164158 2850, 13801, 49, 0x0000000000000000 | 12.31 14.71 16.79 | cpu  4456248924 10498032 673923141 45974321397 10853201 0 8369293 0 0 0
1791164160 2850, 13801, 49, 0x0000000000000000 | 12.31 14.71 16.79 | cpu  4456252595 10498032 673923497 45974345552 10853204 0 8369293 0 0 0
1791164161 2850, 13801, 49, 0x0000000000000000 | 12.31 14.71 16.79 | cpu  4456257427 10498032 673923925 45974369028 10853204 0 8369294 0 0 0
1791164162 2850, 13801, 49, 0x0000000000000000 | 12.31 14.71 16.79 | cpu  4456263396 10498032 673924265 45974391123 10853204 0 8369294 0 0 0
1791164163 2857, 13801, 49, 0x0000000000000000 | 12.31 14.71 16.79 | cpu  4456269348 10498032 673924551 45974413387 10853206 0 8369294 0 0 0
1791164164 2857, 13801, 49, 0x0000000000000000 | 21.90 16.65 17.41 | cpu  4456273428 10498033 673924713 45974436968 10853206 0 8369294 0 0 0
1791164165 2842, 13801, 49, 0x0000000000000000 | 21.90 16.65 17.41 | cpu  4456278280 10498033 673924902 45974459786 10853207 0 8369295 0 0 0
1791164166 2857, 13801, 49, 0x0000000000000000 | 21.90 16.65 17.41 | cpu  4456284039 10498033 673925280 45974481440 10853207 0 8369295 0 0 0
1791164167 2850, 13801, 49, 0x0000000000000000 | 21.90 16.65 17.41 | cpu  4456288462 10498033 673925578 45974504746 10853208 0 8369295 0 0 0
1791164168 2857, 13801, 49, 0x0000000000000000 | 30.88 18.60 18.04 | cpu  4456292436 10498034 673925861 45974528452 10853209 0 8369297 0 0 0
1791164169 2850, 13801, 49, 0x0000000000000000 | 30.88 18.60 18.04 | cpu  4456296584 10498034 673926084 45974551990 10853209 0 8369298 0 0 0
1791164171 2857, 13801, 49, 0x0000000000000000 | 30.88 18.60 18.04 | cpu  4456300218 10498034 673926227 45974576488 10853214 0 8369298 0 0 0
1791164172 2850, 13801, 49, 0x0000000000000000 | 30.88 18.60 18.04 | cpu  4456303717 10498034 673926336 45974600764 10853214 0 8369298 0 0 0
1791164173 2857, 13801, 49, 0x0000000000000000 | 30.88 18.60 18.04 | cpu  4456307121 10498034 673926454 45974625137 10853215 0 8369299 0 0 0
1791164174 2850, 13801, 49, 0x0000000000000000 | 28.64 18.34 17.96 | cpu  4456310419 10498034 673926549 45974649668 10853216 0 8369299 0 0 0
1791164175 2857, 13801, 49, 0x0000000000000000 | 28.64 18.34 17.96 | cpu  4456312954 10498034 673926624 45974675017 10853216 0 8369299 0 0 0
1791164176 2850, 13801, 49, 0x0000000000000000 | 28.64 18.34 17.96 | cpu  4456313570 10498034 673926877 45974702031 10853216 0 8369300 0 0 0
1791164177 2850, 13801, 49, 0x0000000000000000 | 28.64 18.34 17.96 | cpu  4456314654 10498035 673927211 45974732680 10853216 0 8369300 0 0 0
1791164178 2857, 13801, 49, 0x0000000000000000 | 29.71 18.74 18.08 | cpu  4456317164 10498035 673928314 45974756880 10853249 0 8369300 0 0 0
1791164179 2857, 13801, 49, 0x0000000000000000 | 29.71 18.74 18.08 | cpu  4456317425 10498035 673929067 45974783716 10853324 0 8369300 0 0 0
1791164181 2857, 13801, 49, 0x0000000000000000 | 29.71 18.74 18.08 | cpu  4456317564 10498035 673929913 45974810542 10853356 0 8369300 0 0 0
1791164182 2850, 13801, 49, 0x0000000000000000 | 29.71 18.74 18.08 | cpu  4456317747 10498035 673930733 45974837474 10853387 0 8369301 0 0 0
1791164183 2857, 13801, 48, 0x0000000000000000 | 29.71 18.74 18.08 | cpu  4456318855 10498035 673931088 45974864052 10853403 0 8369301 0 0 0
1791164184 2850, 13801, 49, 0x0000000000000000 | 27.57 18.47 18.00 | cpu  4456318988 10498035 673931645 45974891387 10853431 0 8369301 0 0 0
1791164185 2857, 13801, 49, 0x0000000000000000 | 27.57 18.47 18.00 | cpu  4456319522 10498035 673932097 45974918468 10853451 0 8369301 0 0 0
1791164186 2850, 13801, 49, 0x0000000000000000 | 27.57 18.47 18.00 | cpu  4456320510 10498035 673932563 45974944877 10853473 0 8369301 0 0 0
1791164187 2857, 13801, 49, 0x0000000000000000 | 27.57 18.47 18.00 | cpu  4456321344 10498035 673933025 45974971688 10853498 0 8369301 0 0 0
1791164188 2842, 13801, 49, 0x0000000000000000 | 26.33 18.37 17.97 | cpu  4456321899 10498035 673933565 45974998544 10853526 0 8369302 0 0 0
1791164189 2850, 13801, 49, 0x0000000000000000 | 26.33 18.37 17.97 | cpu  4456322066 10498036 673934107 45975025807 10853550 0 8369302 0 0 0
1791164190 2850, 13801, 49, 0x0000000000000000 | 26.33 18.37 17.97 | cpu  4456322230 10498036 673934648 45975052960 10853571 0 8369302 0 0 0
1791164191 2850, 13801, 49, 0x0000000000000000 | 26.33 18.37 17.97 | cpu  4456322398 10498036 673935173 45975080201 10853596 0 8369302 0 0 0
1791164193 2850, 13801, 49, 0x0000000000000000 | 26.33 18.37 17.97 | cpu  4456322603 10498036 673935708 45975107497 10853623 0 8369302 0 0 0
1791164194 2850, 13801, 49, 0x0000000000000000 | 25.02 18.23 17.93 | cpu  4456322857 10498036 673936151 45975134749 10853654 0 8369302 0 0 0
1791164195 2850, 13801, 50, 0x0000000000000000 | 25.02 18.23 17.93 | cpu  4456323250 10498036 673936714 45975162053 10853671 0 8369302 0 0 0
1791164196 2857, 13801, 49, 0x0000000000000000 | 25.02 18.23 17.93 | cpu  4456323419 10498037 673937347 45975189192 10853694 0 8369302 0 0 0
1791164197 2857, 13801, 49, 0x0000000000000000 | 25.02 18.23 17.93 | cpu  4456323593 10498037 673937938 45975216504 10853711 0 8369303 0 0 0
1791164198 2857, 13801, 49, 0x0000000000000000 | 25.74 18.49 18.01 | cpu  4456325350 10498037 673938485 45975242666 10853735 0 8369304 0 0 0
1791164199 2842, 13801, 49, 0x0000000000000000 | 25.74 18.49 18.01 | cpu  4456326284 10498037 673939079 45975269539 10853752 0 8369304 0 0 0
1791164200 2850, 13801, 49, 0x0000000000000000 | 25.74 18.49 18.01 | cpu  4456326743 10498037 673939801 45975296584 10853772 0 8369304 0 0 0
1791164201 2850, 13801, 49, 0x0000000000000000 | 25.74 18.49 18.01 | cpu  4456327609 10498037 673940359 45975323163 10853818 0 8369305 0 0 0
1791164202 2857, 13801, 49, 0x0000000000000000 | 25.74 18.49 18.01 | cpu  4456328046 10498037 673940977 45975350276 10853862 0 8369305 0 0 0
1791164204 2857, 13801, 49, 0x0000000000000000 | 24.08 18.27 17.94 | cpu  4456328507 10498038 673941556 45975377269 10853896 0 8369305 0 0 0
1791164205 2850, 13801, 49, 0x0000000000000000 | 24.08 18.27 17.94 | cpu  4456328965 10498038 673941934 45975404496 10853918 0 8369306 0 0 0
1791164206 2850, 13801, 49, 0x0000000000000000 | 24.08 18.27 17.94 | cpu  4456329444 10498038 673942234 45975432086 10853923 0 8369306 0 0 0
1791164207 2857, 13801, 49, 0x0000000000000000 | 24.08 18.27 17.94 | cpu  4456330165 10498038 673942461 45975459070 10853923 0 8369306 0 0 0
1791164208 2850, 13801, 49, 0x0000000000000000 | 24.08 18.27 17.94 | cpu  4456330965 10498038 673942655 45975486181 10853923 0 8369306 0 0 0
1791164209 2857, 13801, 49, 0x0000000000000000 | 22.47 18.03 17.87 | cpu  4456331213 10498038 673942888 45975513619 10853925 0 8369307 0 0 0
1791164210 2850, 13801, 49, 0x0000000000000000 | 22.47 18.03 17.87 | cpu  4456331479 10498038 673943090 45975541110 10853925 0 8369307 0 0 0
1791164211 2850, 13801, 49, 0x0000000000000000 | 22.47 18.03 17.87 | cpu  4456331691 10498039 673943279 45975568898 10853925 0 8369308 0 0 0
1791164212 2857, 13801, 49, 0x0000000000000000 | 22.47 18.03 17.87 | cpu  4456333153 10498039 673943587 45975595206 10853943 0 8369308 0 0 0
1791164213 2857, 13801, 49, 0x0000000000000000 | 21.55 17.91 17.83 | cpu  4456333472 10498039 673944256 45975622372 10853977 0 8369309 0 0 0
1791164215 2857, 13801, 49, 0x0000000000000000 | 21.55 17.91 17.83 | cpu  4456334031 10498039 673944859 45975648939 10854013 0 8369309 0 0 0
1791164216 2857, 13801, 49, 0x0000000000000000 | 21.55 17.91 17.83 | cpu  4456334409 10498039 673945412 45975675887 10854042 0 8369309 0 0 0
1791164217 2850, 13801, 49, 0x0000000000000000 | 21.55 17.91 17.83 | cpu  4456334809 10498039 673945927 45975702944 10854066 0 8369309 0 0 0
1791164218 2850, 13801, 49, 0x0000000000000000 | 21.55 17.91 17.83 | cpu  4456335144 10498039 673946420 45975729971 10854093 0 8369309 0 0 0
1791164219 2850, 13801, 49, 0x0000000000000000 | 20.06 17.66 17.75 | cpu  4456335662 10498039 673946914 45975757091 10854117 0 8369309 0 0 0
1791164220 2850, 13801, 49, 0x0000000000000000 | 20.06 17.66 17.75 | cpu  4456336029 10498039 673947402 45975784174 10854141 0 8369309 0 0 0
1791164221 2865, 13801, 47, 0x0000000000000000 | 20.06 17.66 17.75 | cpu  4456336319 10498039 673947949 45975811115 10854163 0 8369309 0 0 0
1791164222 2400, 13801, 47, 0x0000000000000000 | 20.06 17.66 17.75 | cpu  4456336641 10498040 673948497 45975838013 10854184 0 8369309 0 0 0
1791164223 2400, 13801, 46, 0x0000000000000000 | 18.70 17.42 17.67 | cpu  4456336944 10498040 673949047 45975865117 10854208 0 8369309 0 0 0
1791164224 2400, 13801, 46, 0x0000000000000000 | 18.70 17.42 17.67 | cpu  4456337250 10498040 673949608 45975892026 10854238 0 8369309 0 0 0
1791164225 2400, 13801, 46, 0x0000000000000000 | 18.70 17.42 17.67 | cpu  4456337546 10498040 673950214 45975919045 10854270 0 8369309 0 0 0
1791164227 2400, 13801, 46, 0x0000000000000000 | 18.70 17.42 17.67 | cpu  4456338027 10498040 673950797 45975945844 10854307 0 8369310 0 0 0
1791164228 2400, 13801, 46, 0x0000000000000000 | 18.70 17.42 17.67 | cpu  4456339092 10498040 673951353 45975972107 10854337 0 8369311 0 0 0
1791164229 2400, 13801, 46, 0x0000000000000000 | 17.92 17.28 17.63 | cpu  4456342560 10498040 673951872 45975996019 10854366 0 8369311 0 0 0
1791164230 2400, 13801, 46, 0x0000000000000000 | 17.92 17.28 17.63 | cpu  4456345992 10498040 673952439 45976019912 10854402 0 8369311 0 0 0
1791164231 2400, 13801, 46, 0x0000000000000000 | 17.92 17.28 17.63 | cpu  4456349599 10498041 673952942 45976043847 10854420 0 8369311 0 0 0
1791164232 2400, 13801, 45, 0x0000000000000000 | 17.92 17.28 17.63 | cpu  4456353087 10498041 673953342 45976068002 10854421 0 8369311 0 0 0
1791164233 2400, 13801, 45, 0x0000000000000000 | 16.89 17.08 17.56 | cpu  4456356559 10498041 673953882 45976092093 10854422 0 8369312 0 0 0
1791164234 2400, 13801, 45, 0x0000000000000000 | 16.89 17.08 17.56 | cpu  4456360048 10498041 673954164 45976116528 10854423 0 8369312 0 0 0
1791164235 2400, 13801, 45, 0x0000000000000000 | 16.89 17.08 17.56 | cpu  4456363719 10498041 673954382 45976140888 10854423 0 8369312 0 0 0
1791164236 2400, 13801, 45, 0x0000000000000000 | 16.89 17.08 17.56 | cpu  4456364664 10498042 673954564 45976167614 10854423 0 8369312 0 0 0
1791164238 2400, 13801, 45, 0x0000000000000000 | 16.89 17.08 17.56 | cpu  4456364913 10498042 673954827 45976195165 10854427 0 8369312 0 0 0
1791164239 2400, 13801, 45, 0x0000000000000000 | 15.85 16.86 17.48 | cpu  4456365145 10498042 673955166 45976222409 10854429 0 8369312 0 0 0
1791164240 2400, 13801, 45, 0x0000000000000000 | 15.85 16.86 17.48 | cpu  4456365358 10498042 673955417 45976249926 10854442 0 8369312 0 0 0
1791164241 2400, 13801, 45, 0x0000000000000000 | 15.85 16.86 17.48 | cpu  4456365588 10498042 673955671 45976277525 10854461 0 8369312 0 0 0
1791164242 2400, 13801, 45, 0x0000000000000000 | 15.85 16.86 17.48 | cpu  4456365993 10498042 673955857 45976305019 10854466 0 8369313 0 0 0
1791164243 2400, 13801, 45, 0x0000000000000000 | 15.85 16.86 17.48 | cpu  4456366540 10498043 673956025 45976332409 10854467 0 8369313 0 0 0
1791164244 2400, 13801, 45, 0x0000000000000000 | 14.82 16.63 17.41 | cpu  4456366874 10498043 673956274 45976359831 10854467 0 8369315 0 0 0
1791164245 2400, 13801, 44, 0x0000000000000000 | 14.82 16.63 17.41 | cpu  4456368272 10498043 673956541 45976386278 10854467 0 8369315 0 0 0
1791164246 2400, 13801, 44, 0x0000000000000000 | 14.82 16.63 17.41 | cpu  4456368411 10498043 673956788 45976413790 10854468 0 8369315 0 0 0
1791164247 2400, 13801, 44, 0x0000000000000000 | 14.82 16.63 17.41 | cpu  4456368665 10498044 673957157 45976441125 10854469 0 8369315 0 0 0
1791164248 2400, 13801, 44, 0x0000000000000000 | 13.88 16.40 17.33 | cpu  4456368860 10498044 673957339 45976468835 10854470 0 8369315 0 0 0
1791164250 2400, 13801, 44, 0x0000000000000000 | 13.88 16.40 17.33 | cpu  4456369025 10498044 673957552 45976496538 10854470 0 8369315 0 0 0
1791164251 2400, 13801, 44, 0x0000000000000000 | 13.88 16.40 17.33 | cpu  4456369152 10498044 673957797 45976524029 10854471 0 8369316 0 0 0
1791164252 2400, 13801, 44, 0x0000000000000000 | 13.88 16.40 17.33 | cpu  4456369492 10498044 673958041 45976551329 10854471 0 8369316 0 0 0
1791164253 2400, 13801, 44, 0x0000000000000000 | 13.88 16.40 17.33 | cpu  4456369558 10498044 673958334 45976578667 10854471 0 8369316 0 0 0
1791164254 2400, 13801, 44, 0x0000000000000000 | 13.09 16.20 17.26 | cpu  4456369810 10498044 673958618 45976605964 10854472 0 8369316 0 0 0
1791164255 2400, 13801, 44, 0x0000000000000000 | 13.09 16.20 17.26 | cpu  4456369955 10498045 673958885 45976633404 10854472 0 8369318 0 0 0
1791164256 2400, 13801, 44, 0x0000000000000000 | 13.09 16.20 17.26 | cpu  4456370099 10498045 673959122 45976660804 10854476 0 8369319 0 0 0
1791164257 2400, 13801, 44, 0x0000000000000000 | 13.09 16.20 17.26 | cpu  4456370218 10498045 673959388 45976688270 10854487 0 8369321 0 0 0
1791164258 2400, 13801, 44, 0x0000000000000000 | 12.28 15.98 17.18 | cpu  4456370548 10498045 673959632 45976715483 10854487 0 8369321 0 0 0
1791164259 2400, 13801, 44, 0x0000000000000000 | 12.28 15.98 17.18 | cpu  4456370616 10498046 673960022 45976742980 10854490 0 8369322 0 0 0
1791164260 2400, 13801, 44, 0x0000000000000000 | 12.28 15.98 17.18 | cpu  4456370733 10498046 673960279 45976770452 10854491 0 8369322 0 0 0
1791164262 2400, 13801, 43, 0x0000000000000000 | 12.28 15.98 17.18 | cpu  4456370898 10498046 673960521 45976797952 10854492 0 8369322 0 0 0
1791164263 2400, 13801, 43, 0x0000000000000000 | 12.28 15.98 17.18 | cpu  4456371179 10498046 673960863 45976825493 10854495 0 8369323 0 0 0
1791164264 2400, 13801, 43, 0x0000000000000000 | 11.61 15.78 17.11 | cpu  4456371297 10498047 673961104 45976853027 10854495 0 8369323 0 0 0
1791164265 2400, 13801, 43, 0x0000000000000000 | 11.61 15.78 17.11 | cpu  4456371632 10498047 673961324 45976880263 10854495 0 8369323 0 0 0
1791164266 2400, 13801, 43, 0x0000000000000000 | 11.61 15.78 17.11 | cpu  4456373044 10498047 673961612 45976906695 10854499 0 8369323 0 0 0
1791164267 2400, 13801, 43, 0x0000000000000000 | 11.61 15.78 17.11 | cpu  4456376495 10498047 673962176 45976930958 10854500 0 8369323 0 0 0
1791164268 330, 810, 42, 0x0000000000000000 | 11.08 15.60 17.04 | cpu  4456379919 10498047 673962708 45976955200 10854500 0 8369323 0 0 0
1791164269 195, 405, 42, 0x0000000000000000 | 11.08 15.60 17.04 | cpu  4456383297 10498047 673963152 45976979509 10854501 0 8369323 0 0 0
1791164270 180, 405, 42, 0x0000000000000000 | 11.08 15.60 17.04 | cpu  4456386865 10498047 673963460 45977003992 10854503 0 8369324 0 0 0
1791164271 180, 405, 42, 0x0000000000000000 | 11.08 15.60 17.04 | cpu  4456390746 10498047 673963682 45977028132 10854503 0 8369324 0 0 0
1791164273 180, 405, 42, 0x0000000000000000 | 11.08 15.60 17.04 | cpu  4456394491 10498048 673963870 45977052559 10854507 0 8369324 0 0 0
1791164274 180, 405, 41, 0x0000000000000000 | 20.61 17.50 17.65 | cpu  4456398213 10498048 673964033 45977077269 10854511 0 8369324 0 0 0
1791164275 180, 405, 41, 0x0000000000000000 | 20.61 17.50 17.65 | cpu  4456402024 10498048 673964251 45977101635 10854512 0 8369324 0 0 0
1791164276 180, 405, 41, 0x0000000000000000 | 20.61 17.50 17.65 | cpu  4456405780 10498048 673964416 45977126081 10854519 0 8369325 0 0 0
1791164277 180, 405, 41, 0x0000000000000000 | 20.61 17.50 17.65 | cpu  4456409443 10498048 673964615 45977150527 10854520 0 8369325 0 0 0
1791164278 180, 405, 41, 0x0000000000000000 | 22.24 17.89 17.78 | cpu  4456413279 10498048 673964904 45977174949 10854522 0 8369325 0 0 0
1791164279 180, 405, 41, 0x0000000000000000 | 22.24 17.89 17.78 | cpu  4456413676 10498048 673965275 45977202863 10854522 0 8369325 0 0 0
1791164280 180, 405, 41, 0x0000000000000000 | 22.24 17.89 17.78 | cpu  4456414036 10498048 673965756 45977230328 10854532 0 8369325 0 0 0
1791164281 180, 405, 41, 0x0000000000000000 | 22.24 17.89 17.78 | cpu  4456414273 10498048 673966205 45977257886 10854535 0 8369325 0 0 0
1791164283 180, 405, 41, 0x0000000000000000 | 22.24 17.89 17.78 | cpu  4456417587 10498048 673967187 45977281820 10854536 0 8369326 0 0 0
1791164284 172, 405, 41, 0x0000000000000000 | 20.62 17.62 17.69 | cpu  4456421029 10498048 673967375 45977306686 10854537 0 8369326 0 0 0
1791164285 180, 405, 41, 0x0000000000000000 | 20.62 17.62 17.69 | cpu  4456424406 10498049 673967539 45977331377 10854537 0 8369326 0 0 0
1791164286 180, 405, 41, 0x0000000000000000 | 20.62 17.62 17.69 | cpu  4456427882 10498049 673967706 45977356545 10854538 0 8369326 0 0 0
1791164287 180, 405, 41, 0x0000000000000000 | 20.62 17.62 17.69 | cpu  4456431458 10498049 673967969 45977381488 10854544 0 8369326 0 0 0
1791164288 180, 405, 40, 0x0000000000000000 | 19.29 17.40 17.62 | cpu  4456434808 10498049 673968383 45977405974 10854545 0 8369326 0 0 0
1791164289 180, 405, 40, 0x0000000000000000 | 19.29 17.40 17.62 | cpu  4456438322 10498050 673968681 45977430705 10854560 0 8369327 0 0 0
1791164290 180, 405, 40, 0x0000000000000000 | 19.29 17.40 17.62 | cpu  4456440281 10498050 673969029 45977456482 10854565 0 8369329 0 0 0
1791164291 180, 405, 40, 0x0000000000000000 | 19.29 17.40 17.62 | cpu  4456440394 10498050 673969282 45977484198 10854565 0 8369329 0 0 0
1791164293 180, 405, 40, 0x0000000000000000 | 19.29 17.40 17.62 | cpu  4456440513 10498050 673969603 45977511740 10854567 0 8369329 0 0 0
1791164294 180, 405, 40, 0x0000000000000000 | 18.06 17.17 17.54 | cpu  4456440626 10498050 673969910 45977539307 10854568 0 8369329 0 0 0
1791164295 180, 405, 40, 0x0000000000000000 | 18.06 17.17 17.54 | cpu  4456440758 10498050 673970192 45977567852 10854573 0 8369329 0 0 0
1791164296 180, 405, 40, 0x0000000000000000 | 18.06 17.17 17.54 | cpu  4456440813 10498050 673970449 45977595722 10854573 0 8369329 0 0 0
1791164297 172, 405, 40, 0x0000000000000000 | 18.06 17.17 17.54 | cpu  4456441347 10498050 673970762 45977623017 10854575 0 8369333 0 0 0
1791164298 180, 405, 40, 0x0000000000000000 | 18.06 17.17 17.54 | cpu  4456441555 10498050 673971125 45977650571 10854576 0 8369334 0 0 0
1791164299 180, 405, 40, 0x0000000000000000 | 17.02 16.97 17.48 | cpu  4456442690 10498050 673971489 45977677215 10854589 0 8369334 0 0 0
1791164300 180, 405, 40, 0x0000000000000000 | 17.02 16.97 17.48 | cpu  4456442730 10498050 673971887 45977705281 10854607 0 8369344 0 0 0
1791164301 180, 405, 40, 0x0000000000000000 | 17.02 16.97 17.48 | cpu  4456442761 10498050 673972267 45977733019 10854615 0 8369351 0 0 0
1791164302 180, 405, 40, 0x0000000000000000 | 17.02 16.97 17.48 | cpu  4456442797 10498051 673972744 45977760941 10854618 0 8369356 0 0 0
1791164304 180, 405, 40, 0x0000000000000000 | 15.98 16.76 17.40 | cpu  4456442913 10498051 673973141 45977788563 10854619 0 8369357 0 0 0
1791164305 180, 405, 39, 0x0000000000000000 | 15.98 16.76 17.40 | cpu  4456443132 10498051 673973504 45977816794 10854620 0 8369357 0 0 0
1791164306 180, 405, 39, 0x0000000000000000 | 15.98 16.76 17.40 | cpu  4456443462 10498052 673973845 45977844248 10854643 0 8369358 0 0 0
