1791164761 2, 0, 57.32
1791164762 2, 0, 53.39
1791164763 4, 0, 39.00
1791164764 4, 0, 38.43
1791164765 4, 0, 38.38
1791164766 4, 0, 27.86
1791164768 4, 0, 21.86
1791164769 508, 0, 17.16
1791164770 688, 8, 63.48
1791164771 3770, 6, 73.46
1791164772 4550, 2, 90.39
1791164773 4550, 6, 89.24
1791164774 4830, 8, 89.25
1791164775 5590, 4, 91.21
1791164776 5870, 9, 71.20
1791164777 6650, 7, 70.40
1791164778 6930, 8, 74.17
1791164780 7690, 32, 71.01
1791164781 7690, 5, 66.77
1791164782 8750, 0, 70.76
1791164783 8750, 12, 67.28
1791164784 9030, 13, 77.63
1791164785 9790, 13, 88.58
1791164786 10170, 5, 88.25
1791164787 10530, 51, 74.87
1791164788 10870, 5, 88.50
1791164789 11230, 5, 87.93
1791164790 11570, 4, 72.34
1791164791 11950, 4, 67.04
1791164793 12630, 4, 67.23
1791164794 12970, 5, 66.45
1791164795 13330, 5, 66.11
1791164796 13670, 4, 66.14
1791164797 14030, 4, 66.41
1791164798 14370, 3, 66.52
1791164799 14730, 0, 67.02
1791164800 15070, 27, 63.48
1791164801 15430, 4, 66.49
1791164802 15770, 4, 66.32
1791164803 16110, 3, 67.02
1791164804 16470, 4, 66.60
1791164806 16810, 4, 66.93
1791164807 17510, 4, 66.63
1791164808 17870, 23, 69.72
1791164809 18210, 7, 69.28
1791164810 18570, 0, 66.56
1791164811 18910, 4, 66.28
1791164812 19270, 4, 65.90
1791164813 19610, 6, 66.50
1791164814 19970, 4, 66.38
1791164815 20310, 0, 66.13
1791164816 20312, 0, 62.39
1791164818 20912, 0, 61.93
1791164819 21612, 0, 64.16
1791164820 21612, 0, 61.44
1791164821 21612, 0, 61.68
1791164822 21612, 7, 63.05
1791164823 21612, 4, 63.38
1791164824 21612, 3, 63.40
1791164825 21612, 8, 63.18
1791164826 21612, 2, 63.70
1791164827 21612, 6, 63.94
1791164829 21640, 6, 64.25
1791164830 21640, 6, 68.11
1791164831 21640, 5, 72.10
1791164832 21640, 5, 66.89
1791164833 21642, 4, 63.39
1791164834 21642, 14, 63.14
1791164835 21642, 11, 62.85
1791164836 21642, 0, 62.10
1791164837 21642, 21, 61.54
1791164838 21642, 7, 61.77
1791164839 21642, 17, 61.67
1791164840 21642, 10, 61.74
1791164842 21642, 2, 62.11
1791164843 21642, 15, 61.95
1791164844 21642, 9, 61.44
1791164845 21642, 3, 60.72
1791164846 21642, 21, 61.23
1791164847 21642, 0, 61.24
1791164848 21642, 0, 60.79
1791164849 21642, 22, 60.80
1791164850 21642, 0, 60.41
1791164851 21642, 0, 60.99
1791164852 21642, 0, 60.73
1791164853 21642, 4, 60.77
1791164855 21642, 3, 61.11
1791164856 21642, 9, 61.43
1791164857 21642, 8, 62.05
1791164858 21642, 0, 62.01
1791164859 21642, 5, 60.53
1791164860 21642, 14, 60.24
1791164861 21642, 0, 60.37
1791164862 21642, 0, 60.80
1791164863 21642, 22, 60.60
1791164864 21642, 12, 60.23
1791164865 21642, 5, 59.84
1791164867 21642, 2, 59.94
1791164868 21642, 9, 60.24
1791164869 21642, 1, 60.46
1791164870 21642, 6, 59.48
1791164871 21642, 0, 59.27
1791164872 21642, 12, 59.65
1791164873 21642, 20, 59.70
1791164874 21642, 3, 59.83
1791164875 21642, 6, 60.77
1791164876 21642, 3, 60.92
1791164877 21642, 7, 60.29
1791164879 21642, 5, 60.58
1791164880 21642, 0, 60.44
1791164881 21642, 1, 62.09
1791164882 21642, 6, 61.80
1791164883 21642, 0, 60.78
1791164884 21642, 9, 60.58
1791164885 21642, 0, 60.68
1791164886 21642, 6, 60.30
1791164887 21642, 0, 59.47
1791164888 21642, 0, 59.65
1791164889 21642, 11, 59.92
1791164890 21642, 15, 60.01
1791164892 21642, 0, 60.01
1791164893 21642, 5, 60.08
1791164894 21642, 1, 60.26
1791164895 21642, 4, 60.49
1791164896 21642, 8, 60.57
1791164897 21642, 11, 60.84
1791164898 21642, 0, 60.74
1791164899 21642, 17, 60.89
1791164900 21642, 16, 60.74
1791164901 21642, 3, 60.24
1791164902 21642, 7, 60.44
1791164904 21642, 1, 59.76
1791164905 21642, 5, 59.71
1791164906 21642, 0, 59.83
1791164907 21642, 20, 59.83
1791164908 21642, 0, 60.17
1791164909 21642, 4, 60.31
1791164910 21642, 6, 60.52
1791164911 21642, 1, 60.10
1791164912 21642, 2, 59.93
1791164913 21642, 7, 59.83
1791164914 21642, 4, 59.82
1791164915 21642, 11, 60.20
1791164917 21652, 5, 60.41
1791164918 21660, 0, 60.99
1791164919 21720, 31, 180.71
1791164920 20898, 16, 133.83
1791164921 23438, 22, 123.83
1791164922 23800, 30, 157.34
1791164923 24680, 52, 195.78
1791164924 24710, 26, 169.27
1791164925 25480, 55, 209.99
1791164926 26626, 55, 254.70
1791164928 26626, 29, 262.87
1791164929 26652, 24, 184.77
1791164930 26652, 51, 181.52
1791164931 26652, 30, 205.34
1791164932 26652, 51, 210.52
1791164933 26662, 32, 201.32
1791164934 26662, 66, 251.04
1791164935 26662, 37, 185.36
1791164936 26676, 33, 185.37
1791164938 26676, 49, 213.80
1791164939 26676, 38, 198.74
1791164940 26676, 36, 196.30
1791164941 26676, 50, 232.44
1791164942 26676, 44, 214.20
1791164943 26676, 23, 206.47
1791164944 26676, 34, 178.85
1791164945 26676, 48, 216.94
1791164946 26876, 64, 292.27
1791164947 26876, 22, 243.33
1791164948 26876, 31, 170.95
1791164950 26876, 70, 244.75
1791164951 26876, 59, 280.80
1791164952 26876, 36, 174.69
1791164953 26876, 28, 202.24
1791164954 26876, 54, 209.97
1791164955 26876, 29, 264.84
1791164956 26876, 56, 209.70
1791164957 26876, 30, 267.07
1791164958 26876, 64, 222.18
1791164959 26876, 37, 225.34
1791164960 26876, 29, 176.35
1791164962 26876, 70, 270.56
1791164963 26876, 51, 245.05
1791164964 26876, 68, 230.85
1791164965 26876, 29, 308.71
1791164966 26876, 0, 168.29
1791164967 26876, 39, 177.07
1791164968 26876, 37, 227.15
1791164969 26876, 40, 226.83
1791164970 26876, 66, 279.95
1791164971 26876, 40, 230.78
1791164972 26876, 54, 241.71
1791164974 26876, 39, 230.68
1791164975 26876, 0, 195.92
1791164976 26876, 39, 229.79
1791164977 26876, 73, 254.70
1791164978 26876, 36, 256.92
1791164979 26876, 34, 183.47
1791164980 26876, 36, 177.75
1791164981 26876, 32, 218.05
1791164982 26876, 28, 175.44
1791164983 26876, 50, 228.18
1791164984 26876, 45, 209.89
1791164986 26876, 25, 223.00
1791164987 26876, 25, 167.02
1791164988 26876, 53, 227.68
1791164989 26876, 58, 253.34
1791164990 26876, 70, 275.20
1791164991 26876, 53, 276.81
1791164992 26876, 59, 259.92
1791164993 26876, 45, 247.71
1791164994 26876, 51, 221.45
1791164995 26876, 31, 264.43
1791164997 26876, 37, 214.98
1791164998 27176, 64, 298.57
1791164999 27176, 51, 252.04
1791165000 27176, 42, 225.29
1791165001 27176, 26, 197.53
1791165002 27176, 48, 207.44
1791165003 27176, 66, 283.15
1791165004 27176, 41, 271.49
1791165005 27176, 58, 257.89
1791165006 27176, 62, 244.92
1791165008 27176, 44, 291.01
1791165009 27176, 42, 261.32
1791165010 27176, 23, 204.41
1791165011 27176, 29, 171.36
1791165012 27176, 38, 180.37
1791165013 27176, 69, 242.50
1791165014 27176, 50, 300.67
1791165015 27176, 52, 268.39
1791165016 27176, 43, 256.06
1791165017 27216, 71, 253.96
1791165019 27216, 56, 324.33
1791165020 27216, 39, 279.90
1791165021 27216, 50, 203.89
1791165022 27216, 42, 222.36
1791165023 27216, 51, 223.65
1791165024 27216, 66, 269.62
1791165025 27216, 41, 243.18
1791165026 27216, 28, 279.27
1791165027 27216, 35, 166.78
1791165028 27218, 31, 194.05
1791165030 27218, 40, 210.97
1791165031 27218, 78, 294.15
1791165032 27218, 67, 277.75
1791165033 27218, 37, 200.88
1791165034 27218, 32, 207.83
1791165035 27218, 27, 209.46
1791165036 27218, 10, 176.11
1791165037 27218, 47, 199.48
1791165038 27218, 74, 349.36
1791165039 27218, 34, 201.92
1791165040 27218, 41, 204.16
1791165042 27218, 64, 281.84
1791165043 27218, 72, 293.95
1791165044 27218, 36, 217.56
1791165045 27218, 45, 209.62
1791165046 27218, 67, 224.94
1791165047 27218, 55, 283.48
1791165048 27218, 57, 257.77
1791165049 27218, 42, 226.89
1791165050 27218, 39, 210.75
1791165051 27218, 46, 229.88
1791165053 27218, 70, 272.34
1791165054 27218, 47, 277.90
1791165055 27218, 33, 193.91
1791165056 27218, 37, 190.24
1791165057 27218, 70, 256.21
1791165058 27218, 75, 316.15
1791165059 27218, 43, 270.20
1791165060 27218, 61, 323.29
1791165061 27378, 64, 315.50
1791165062 27378, 29, 347.90
1791165064 27378, 23, 161.52
1791165065 27378, 30, 208.76
1791165066 27378, 44, 168.76
1791165067 27378, 50, 236.51
1791165068 27378, 52, 237.88
1791165069 27378, 34, 217.57
1791165070 27378, 27, 221.55
1791165071 27378, 55, 226.61
1791165072 27378, 65, 284.42
1791165073 27378, 40, 277.58
1791165075 27378, 54, 266.89
1791165076 27378, 0, 278.55
1791165077 27378, 87, 338.24
1791165078 27378, 52, 299.32
1791165079 27378, 64, 287.58
1791165080 27378, 56, 259.45
1791165081 27378, 39, 224.46
1791165082 27378, 48, 235.37
1791165083 27378, 60, 271.57
1791165084 27378, 36, 178.85
1791165086 27378, 89, 344.36
1791165087 27378, 40, 254.51
1791165088 27378, 67, 217.06
1791165089 27378, 38, 248.46
1791165090 27378, 30, 209.57
1791165091 27378, 31, 198.70
1791165092 27378, 23, 177.58
1791165093 27378, 83, 249.47
1791165094 27378, 72, 330.70
1791165095 27378, 50, 233.24
1791165097 27378, 27, 168.44
1791165098 27378, 64, 279.62
1791165099 27378, 21, 209.90
1791165100 27378, 37, 175.59
1791165101 27378, 33, 216.20
1791165102 27378, 78, 263.85
1791165103 27378, 45, 254.02
1791165104 27378, 51, 249.02
1791165105 27378, 64, 345.96
1791165106 27378, 49, 310.51
1791165107 27378, 35, 240.44
1791165109 27378, 48, 211.87
1791165110 27378, 23, 280.05
1791165111 27378, 39, 202.40
1791165112 27378, 30, 165.24
1791165113 27378, 30, 176.39
1791165114 27378, 39, 204.52
1791165115 27378, 45, 208.52
1791165116 27378, 71, 290.40
1791165117 27378, 61, 287.89
1791165118 27378, 46, 234.20
1791165120 27378, 70, 283.06
1791165121 27378, 64, 240.18
1791165122 27378, 63, 316.99
1791165123 27378, 65, 338.32
1791165124 27378, 37, 327.58
1791165125 27378, 65, 250.62
1791165126 27378, 36, 316.79
1791165127 27378, 43, 216.08
1791165128 27378, 83, 278.25
1791165129 27378, 78, 343.22
1791165131 27378, 42, 229.83
1791165132 27378, 49, 272.38
1791165133 27378, 44, 272.49
1791165134 27378, 50, 326.84
1791165135 27378, 55, 256.64
1791165136 27378, 27, 297.18
1791165137 27378, 56, 169.33
1791165138 27378, 32, 262.35
1791165139 27378, 79, 284.22
1791165140 27378, 71, 330.70
1791165142 27378, 82, 345.79
1791165143 27378, 55, 313.64
1791165144 27378, 31, 216.38
1791165145 27378, 6, 225.33
1791165146 27378, 70, 298.81
1791165147 27378, 38, 233.60
1791165148 27378, 62, 277.22
1791165149 27378, 86, 291.19
1791165150 27378, 72, 356.41
1791165151 27378, 75, 325.95
1791165153 27378, 47, 279.32
1791165154 27378, 83, 321.96
1791165155 27378, 24, 159.44
1791165156 27378, 38, 216.15
1791165157 27378, 45, 260.78
1791165158 27378, 77, 293.71
1791165159 27378, 55, 318.48
1791165160 27378, 37, 202.55
1791165161 27378, 35, 212.12
1791165162 27378, 87, 264.29
1791165164 27378, 72, 335.01
1791165165 27378, 82, 352.72
1791165166 27378, 48, 295.81
1791165167 27378, 70, 215.60
1791165168 27378, 42, 340.26
1791165169 27378, 40, 251.60
1791165170 27378, 40, 217.71
1791165171 27378, 33, 204.43
1791165172 27378, 58, 289.45
1791165173 27378, 26, 215.70
1791165175 27378, 26, 176.28
1791165176 27378, 28, 202.32
1791165177 27378, 3, 107.06
1791165178 27378, 0, 73.35
1791165179 27378, 35, 71.47
1791165180 27378, 7, 71.59
1791165181 27378, 23, 71.56
1791165182 27378, 0, 71.21
1791165183 27378, 37, 71.27
1791165184 27378, 28, 70.58
1791165185 27378, 0, 70.25
1791165187 27378, 33, 70.08
1791165188 27378, 8, 70.48
1791165189 27378, 40, 70.07
1791165190 27378, 2, 69.74
1791165191 27378, 0, 69.82
1791165192 27378, 0, 69.51
1791165193 27378, 7, 69.35
1791165194 27378, 2, 68.74
1791165195 27378, 0, 69.14
1791165197 27378, 32, 69.14
1791165198 27378, 0, 68.76
1791165199 27378, 0, 68.57
1791165200 27378, 0, 68.34
1791165201 27378, 30, 68.56
1791165202 27378, 14, 68.26
1791165203 27378, 28, 68.35
1791165204 27378, 6, 67.90
1791165205 27378, 41, 67.77
1791165206 27378, 9, 67.28
1791165208 27378, 19, 66.66
1791165209 27378, 14, 67.72
1791165210 27378, 10, 67.30
1791165211 27378, 15, 67.60
1791165212 27378, 10, 67.18
1791165213 27378, 0, 66.46
1791165214 27378, 0, 66.34
1791165215 27378, 0, 66.41
1791165216 27378, 0, 65.97
1791165217 27378, 0, 66.26
1791165218 27378, 0, 66.27
1791165220 27378, 0, 66.05
1791165221 27378, 0, 66.08
1791165222 27378, 0, 66.30
1791165223 27378, 0, 66.21
1791165224 27378, 0, 65.76
1791165225 27378, 0, 66.09
1791165226 27378, 0, 66.33
1791165227 27378, 0, 66.36
1791165228 27378, 0, 66.32
1791165229 27378, 0, 48.00
1791165231 27378, 0, 31.55
1791165232 27378, 0, 18.69
1791165233 27378, 0, 15.34
1791165234 27378, 0, 15.05
1791165235 27378, 0, 14.96
1791165236 27378, 0, 14.34
1791165237 27378, 0, 14.28
1791165238 27378, 0, 14.14
1791165239 27378, 0, 14.02
1791165241 27378, 0, 14.93
1791165242 27378, 0, 16.01
