1791051610 0, 0, 79.46
1791051611 0, 0, 44.87
1791051612 3, 0, 40.43
1791051613 3, 0, 34.47
1791051614 3, 0, 28.49
1791051616 3, 0, 27.84
1791051617 3, 0, 28.47
1791051618 627, 0, 39.37
1791051619 4519, 27, 79.99
1791051620 5559, 38, 85.31
1791051621 5559, 14, 83.85
1791051622 6619, 16, 79.66
1791051623 6899, 15, 84.60
1791051625 7659, 16, 80.21
1791051626 8719, 53, 83.47
1791051627 8999, 46, 104.09
1791051628 10139, 36, 111.73
1791051629 10839, 38, 106.96
1791051630 11539, 19, 110.96
1791051631 12599, 22, 103.53
1791051632 13299, 46, 109.78
1791051633 14339, 26, 111.25
1791051634 15399, 27, 109.22
1791051636 16079, 76, 108.96
1791051637 16779, 47, 108.10
1791051638 17839, 77, 108.01
1791051639 18539, 0, 111.13
1791051640 19579, 45, 108.11
1791051641 20279, 46, 108.05
1791051642 21161, 28, 106.74
1791051643 21581, 0, 83.80
1791051645 21581, 0, 73.21
1791051646 21581, 0, 73.26
1791051647 21581, 0, 74.43
1791051648 21581, 6, 75.56
1791051649 21581, 6, 74.47
1791051650 21581, 9, 75.54
1791051651 21581, 9, 75.85
1791051652 21609, 9, 74.90
1791051653 21609, 0, 82.32
1791051655 21609, 21, 86.24
1791051656 21609, 0, 76.10
1791051657 21611, 12, 73.38
1791051658 21611, 9, 74.95
1791051659 21611, 0, 73.87
1791051660 21611, 12, 72.85
1791051661 21611, 0, 74.11
1791051662 21611, 0, 74.32
1791051663 21611, 16, 73.58
1791051665 21611, 1, 73.12
1791051666 21611, 7, 74.20
1791051667 21611, 2, 73.86
1791051668 21611, 0, 72.85
1791051669 21611, 6, 73.50
1791051670 21611, 7, 73.42
1791051671 21611, 0, 73.17
1791051672 21611, 0, 72.41
1791051673 21611, 20, 73.21
1791051675 21611, 0, 72.71
1791051676 21611, 11, 72.92
1791051677 21611, 0, 74.72
1791051678 21611, 15, 74.09
1791051679 21611, 0, 72.99
1791051680 21611, 9, 73.58
1791051681 21611, 0, 73.84
1791051682 21611, 3, 73.32
1791051683 21611, 15, 72.08
1791051685 21611, 0, 73.30
1791051686 21611, 12, 73.71
1791051687 21611, 7, 72.21
1791051688 21611, 9, 73.55
1791051689 21611, 63, 73.57
1791051690 21611, 2, 72.73
1791051691 21611, 9, 72.18
1791051692 21611, 3, 73.37
1791051694 21611, 0, 72.96
1791051695 21611, 13, 72.22
1791051696 21611, 2, 73.34
1791051697 21611, 7, 72.88
1791051698 21611, 0, 72.53
1791051699 21611, 6, 72.79
1791051700 21611, 18, 73.61
1791051701 21611, 0, 73.85
1791051702 21611, 11, 72.45
1791051704 21611, 0, 73.80
1791051705 21611, 0, 73.51
1791051706 21611, 9, 72.72
1791051707 21611, 13, 72.55
1791051708 21611, 8, 73.32
1791051709 21611, 0, 72.42
1791051710 21611, 5, 71.89
1791051711 21611, 19, 72.78
1791051712 21611, 2, 72.96
1791051714 21611, 10, 71.89
1791051715 21611, 7, 72.91
1791051716 21611, 9, 72.71
1791051717 21611, 7, 72.25
1791051718 21623, 5, 72.25
1791051719 21629, 24, 116.51
1791051720 21691, 30, 216.91
1791051721 21691, 28, 204.80
1791051722 21691, 28, 200.55
1791051724 22761, 23, 149.13
1791051725 23769, 25, 204.80
1791051726 24649, 44, 280.55
1791051727 24709, 52, 249.40
1791051728 25577, 60, 317.02
1791051729 26617, 69, 343.60
1791051730 26633, 37, 273.99
1791051731 26643, 28, 204.95
1791051732 26643, 47, 264.54
1791051734 26643, 27, 214.72
1791051735 26653, 48, 264.54
1791051736 26653, 29, 230.49
1791051737 26653, 56, 317.26
1791051738 26667, 31, 245.72
1791051739 26667, 46, 261.14
1791051740 26667, 54, 257.36
1791051742 26667, 33, 239.26
1791051743 26667, 56, 326.96
1791051744 26667, 52, 295.35
1791051745 26667, 27, 205.85
1791051746 26667, 65, 297.70
1791051747 26867, 76, 361.48
1791051748 26867, 26, 326.68
1791051749 26867, 0, 221.83
1791051750 26867, 53, 327.19
1791051752 26867, 52, 269.77
1791051753 26867, 36, 243.98
1791051754 26867, 26, 235.51
1791051755 26867, 48, 316.22
1791051756 26867, 47, 249.93
1791051757 26867, 29, 318.12
1791051758 26867, 45, 251.34
1791051759 26867, 27, 298.49
1791051760 26867, 33, 217.97
1791051762 26867, 50, 300.78
1791051763 26867, 37, 298.80
1791051764 26867, 30, 257.54
1791051765 26867, 65, 331.10
1791051766 26867, 23, 220.51
1791051767 26867, 35, 223.31
1791051768 26867, 34, 253.20
1791051769 26867, 37, 257.36
1791051770 26867, 50, 318.05
1791051772 26867, 52, 307.94
1791051773 26867, 37, 306.00
1791051774 26867, 49, 260.66
1791051775 26867, 68, 346.26
1791051776 26867, 35, 262.26
1791051777 26867, 69, 361.08
1791051778 26867, 32, 219.34
1791051779 26867, 32, 257.77
1791051781 26867, 53, 281.96
1791051782 26867, 38, 231.05
1791051783 26867, 43, 269.25
1791051784 26867, 44, 305.84
1791051785 26867, 32, 226.12
1791051786 26867, 39, 259.36
1791051787 26867, 53, 260.76
1791051788 26867, 52, 301.70
1791051789 26867, 64, 335.75
1791051791 26867, 52, 337.79
1791051792 26867, 66, 336.13
1791051793 26867, 51, 318.46
1791051794 26867, 67, 331.19
1791051795 27247, 80, 383.84
1791051796 27247, 55, 321.17
1791051797 27247, 42, 294.78
1791051798 27247, 35, 295.17
1791051800 27247, 76, 372.01
1791051801 27247, 60, 374.86
1791051802 27247, 57, 340.90
1791051803 27247, 59, 366.95
1791051804 27247, 44, 313.84
1791051805 27247, 46, 326.18
1791051806 27247, 43, 244.82
1791051807 27247, 68, 353.01
1791051808 27247, 61, 348.34
1791051810 27247, 52, 298.01
1791051811 27247, 54, 332.25
1791051812 27247, 79, 416.23
1791051813 27247, 28, 292.93
1791051814 27247, 48, 262.89
1791051815 27247, 42, 247.98
1791051816 27247, 48, 271.94
1791051817 27247, 60, 317.55
1791051818 27247, 38, 262.59
1791051820 27247, 65, 337.18
1791051821 27249, 34, 227.44
1791051822 27249, 34, 236.88
1791051823 27249, 64, 342.02
1791051824 27249, 62, 296.78
1791051825 27249, 36, 304.04
1791051826 27249, 42, 258.88
1791051827 27249, 45, 263.91
1791051829 27249, 33, 245.60
1791051830 27249, 52, 324.83
1791051831 27249, 72, 403.77
1791051832 27249, 36, 262.13
1791051833 27249, 58, 269.23
1791051834 27249, 60, 339.67
1791051835 27249, 49, 323.92
1791051836 27249, 31, 224.47
1791051838 27249, 39, 275.23
1791051839 27249, 60, 344.10
1791051840 27249, 48, 304.79
1791051841 27249, 64, 337.13
1791051842 27249, 44, 276.85
1791051843 27249, 49, 263.96
1791051844 27249, 75, 349.33
1791051845 27249, 55, 341.39
1791051846 27249, 33, 236.87
1791051848 27249, 45, 305.01
1791051849 27249, 62, 350.71
1791051850 27249, 62, 335.91
1791051851 27249, 62, 335.33
1791051852 27249, 63, 317.38
1791051853 27329, 79, 385.11
1791051854 27329, 25, 344.39
1791051855 27329, 52, 286.30
1791051857 27329, 52, 294.09
1791051858 27329, 43, 272.74
1791051859 27329, 69, 354.92
1791051860 27329, 48, 293.12
1791051861 27329, 55, 249.22
1791051862 27329, 69, 343.88
1791051863 27329, 49, 358.51
1791051864 27329, 57, 342.92
1791051865 27329, 55, 325.40
1791051867 27329, 78, 392.77
1791051868 27329, 40, 318.71
1791051869 27329, 46, 320.04
1791051870 27329, 47, 298.42
1791051871 27329, 36, 257.03
1791051872 27329, 57, 288.28
1791051873 27329, 51, 321.68
1791051874 27329, 30, 267.08
1791051875 27329, 77, 403.98
1791051877 27329, 33, 262.54
1791051878 27329, 37, 242.96
1791051879 27329, 79, 357.51
1791051880 27329, 33, 209.30
1791051881 27329, 34, 241.39
1791051882 27329, 34, 232.70
1791051883 27329, 39, 246.62
1791051884 27329, 75, 375.16
1791051885 27329, 64, 380.52
1791051886 27329, 42, 237.35
1791051888 27329, 30, 223.19
1791051889 27329, 35, 225.53
1791051890 27329, 57, 292.15
1791051891 27329, 56, 322.55
1791051892 27329, 35, 197.83
1791051893 27329, 25, 262.93
1791051894 27329, 55, 251.33
1791051895 27329, 36, 339.34
1791051897 27329, 45, 287.77
1791051898 27329, 76, 379.42
1791051899 27329, 72, 372.82
1791051900 27329, 0, 275.14
1791051901 27329, 51, 283.27
1791051902 27329, 26, 334.27
1791051903 27329, 43, 245.19
1791051904 27329, 33, 248.83
1791051905 27329, 24, 232.50
1791051907 27329, 46, 289.80
1791051908 27329, 49, 288.47
1791051909 27329, 67, 357.51
1791051910 27329, 67, 330.98
1791051911 27329, 58, 364.42
1791051912 27329, 40, 357.26
1791051913 27329, 57, 358.56
1791051914 27329, 64, 387.89
1791051915 27329, 60, 384.53
1791051917 27329, 57, 284.45
1791051918 27329, 69, 355.52
1791051919 27329, 47, 276.55
1791051920 27329, 59, 313.98
1791051921 27329, 30, 373.26
1791051922 27329, 44, 257.96
1791051923 27329, 54, 322.48
1791051924 27329, 46, 307.50
1791051925 27329, 61, 322.77
1791051927 27329, 39, 314.86
1791051928 27329, 71, 357.08
1791051929 27329, 31, 244.32
1791051930 27329, 68, 375.43
1791051931 27329, 74, 334.62
1791051932 27329, 70, 381.20
1791051933 27329, 70, 337.05
1791051934 27329, 40, 378.75
1791051935 27329, 36, 269.47
1791051937 27329, 40, 269.81
1791051938 27329, 69, 399.48
1791051939 27329, 41, 277.17
1791051940 27329, 62, 365.96
1791051941 27329, 82, 336.82
1791051942 27329, 62, 389.48
1791051943 27329, 50, 323.34
1791051944 27329, 35, 328.82
1791051945 27329, 68, 375.33
1791051947 27329, 25, 244.84
1791051948 27329, 37, 268.05
1791051949 27329, 48, 297.15
1791051950 27329, 49, 322.29
1791051951 27329, 52, 320.21
1791051952 27329, 31, 266.27
1791051953 27329, 45, 268.86
1791051954 27329, 51, 263.25
1791051955 27329, 57, 372.43
1791051957 27329, 65, 393.45
1791051958 27329, 81, 399.24
1791051959 27329, 49, 271.80
1791051960 27329, 49, 307.91
1791051961 27329, 52, 278.60
1791051962 27329, 51, 292.08
1791051963 27329, 51, 313.20
1791051964 27329, 52, 224.69
1791051965 27329, 35, 302.87
1791051967 27329, 26, 229.99
1791051968 27329, 59, 305.46
1791051969 27329, 41, 278.07
1791051970 27329, 58, 311.10
1791051971 27329, 41, 323.78
1791051972 27329, 39, 264.54
1791051973 27329, 39, 263.22
1791051974 27329, 66, 333.89
1791051975 27329, 68, 386.02
1791051977 27329, 74, 377.53
1791051978 27329, 39, 230.02
1791051979 27329, 28, 240.01
1791051980 27329, 43, 289.83
1791051981 27329, 37, 305.17
1791051982 27329, 57, 297.81
1791051983 27329, 40, 384.01
1791051984 27329, 36, 289.00
1791051986 27329, 28, 227.37
1791051987 27329, 20, 276.26
1791051988 27329, 64, 371.41
1791051989 27329, 53, 286.45
1791051990 27329, 32, 279.98
1791051991 27329, 75, 347.48
1791051992 27329, 38, 282.81
1791051994 27329, 45, 345.00
1791051995 27329, 60, 303.22
1791051996 28029, 66, 398.39
1791051997 28029, 89, 458.63
1791051998 28029, 41, 328.01
1791051999 28029, 32, 257.72
1791052000 28029, 59, 295.04
1791052001 28029, 53, 328.26
1791052003 28029, 71, 372.73
1791052004 28029, 67, 314.89
1791052005 28029, 37, 286.98
1791052006 28029, 66, 376.75
1791052007 28029, 48, 374.43
1791052008 28029, 31, 243.33
1791052009 28029, 34, 252.68
1791052010 28029, 26, 253.35
1791052011 28029, 85, 302.35
1791052013 28029, 24, 339.11
1791052014 28029, 35, 342.57
1791052015 28029, 57, 357.63
1791052016 28029, 38, 223.43
1791052017 28029, 42, 266.61
1791052018 28029, 53, 292.28
1791052019 28029, 42, 291.47
1791052020 28029, 45, 309.12
1791052022 28029, 78, 329.90
1791052023 28029, 66, 329.68
1791052024 28029, 39, 283.82
1791052025 28029, 43, 295.54
1791052026 28029, 55, 353.82
1791052027 28029, 46, 366.27
1791052028 28029, 39, 316.17
1791052029 28029, 57, 307.54
1791052031 28029, 48, 264.31
1791052032 28029, 35, 262.17
1791052033 28029, 77, 391.64
1791052034 28029, 48, 314.66
1791052035 28029, 41, 337.55
1791052036 28029, 64, 338.01
1791052037 28029, 47, 302.29
1791052038 28029, 81, 398.48
1791052039 28029, 55, 289.43
1791052041 28029, 60, 345.20
1791052042 28029, 72, 382.92
1791052043 28029, 68, 341.09
1791052044 28029, 44, 257.97
1791052045 28029, 41, 219.34
1791052046 28029, 36, 238.80
1791052047 28029, 31, 210.69
1791052048 28029, 43, 277.25
1791052050 28029, 57, 310.14
1791052051 28029, 45, 237.61
1791052052 28029, 31, 216.17
1791052053 28029, 37, 299.64
1791052054 28029, 31, 236.54
1791052055 28029, 42, 247.91
1791052056 28029, 55, 305.92
1791052057 28029, 48, 318.58
1791052059 28029, 74, 398.84
1791052060 28029, 43, 259.48
1791052061 28029, 65, 376.37
1791052062 28029, 73, 376.83
1791052063 28029, 66, 382.57
1791052064 28029, 50, 333.15
1791052065 28029, 39, 272.57
1791052066 28029, 41, 266.06
1791052067 28029, 40, 328.34
1791052068 28029, 47, 325.03
1791052070 28029, 54, 383.06
1791052071 28029, 46, 330.42
1791052072 28029, 45, 304.02
1791052073 28029, 57, 362.77
1791052074 28029, 42, 401.88
1791052075 28029, 64, 330.39
1791052076 28029, 62, 338.01
1791052077 28029, 29, 376.86
1791052078 28029, 41, 275.29
1791052080 28029, 68, 374.53
1791052081 28029, 42, 341.70
1791052082 28029, 33, 261.43
1791052083 28029, 50, 296.32
1791052084 28029, 38, 231.65
1791052085 28029, 72, 350.62
1791052086 28029, 71, 379.06
1791052087 28029, 58, 339.64
1791052088 28029, 41, 225.07
1791052090 28029, 40, 316.43
1791052091 28029, 25, 244.15
1791052092 28029, 46, 283.46
1791052093 28029, 63, 354.27
1791052094 28029, 56, 379.49
1791052095 28029, 37, 320.88
1791052096 28029, 56, 296.70
1791052097 28029, 55, 328.79
1791052098 28029, 36, 306.23
1791052100 28029, 56, 399.17
1791052101 28029, 84, 386.57
1791052102 28029, 46, 302.36
1791052103 28029, 33, 275.07
1791052104 28029, 39, 275.36
1791052105 28029, 39, 289.09
1791052106 28029, 40, 271.10
1791052107 28029, 60, 293.95
1791052109 28029, 41, 276.99
1791052110 28029, 78, 373.58
1791052111 28029, 53, 288.58
1791052112 28029, 54, 322.01
1791052113 28029, 42, 339.39
1791052114 28029, 75, 394.73
1791052115 28029, 42, 304.24
1791052116 28029, 51, 354.11
1791052117 28029, 57, 308.58
1791052118 28029, 35, 271.26
1791052120 28029, 30, 255.94
1791052121 28029, 55, 338.23
1791052122 28029, 61, 379.31
1791052123 28029, 35, 280.20
1791052124 28029, 40, 319.14
1791052125 28029, 59, 308.66
1791052126 28029, 30, 235.37
1791052127 28029, 45, 288.51
1791052129 28029, 43, 306.76
1791052130 28029, 36, 297.47
1791052131 28029, 34, 285.85
1791052132 28029, 25, 336.20
1791052133 28029, 27, 214.57
1791052134 28029, 57, 287.25
1791052135 28029, 37, 259.06
1791052136 28029, 59, 303.54
1791052138 28029, 36, 243.84
1791052139 28029, 40, 249.71
1791052140 28029, 44, 283.41
1791052141 28029, 54, 356.19
1791052142 28029, 55, 346.74
1791052143 28029, 40, 364.28
1791052144 28029, 40, 317.61
1791052145 28029, 30, 280.81
1791052147 28029, 68, 342.00
1791052148 28029, 29, 284.62
1791052149 28029, 28, 231.54
1791052150 28029, 79, 367.79
1791052151 28029, 39, 251.68
1791052152 28029, 48, 245.37
1791052153 28029, 45, 289.52
1791052154 28029, 64, 372.18
1791052156 28029, 45, 316.66
1791052157 28029, 32, 239.34
1791052158 28029, 31, 255.06
1791052159 28029, 44, 271.41
1791052160 28029, 73, 289.00
1791052161 28029, 56, 349.96
1791052162 28029, 87, 377.14
1791052163 28029, 46, 326.28
1791052165 28029, 32, 254.75
1791052166 28029, 55, 350.52
1791052167 28029, 65, 328.66
1791052168 28029, 43, 311.94
1791052169 28029, 35, 317.96
1791052170 28029, 36, 297.70
1791052171 28029, 35, 267.82
1791052172 28029, 27, 270.94
1791052173 28029, 39, 240.27
1791052175 28029, 43, 307.98
1791052176 28029, 54, 320.45
1791052177 28029, 75, 376.14
1791052178 28029, 46, 279.81
1791052179 28029, 56, 294.97
1791052180 28029, 52, 315.08
1791052181 28029, 58, 317.95
1791052182 28029, 59, 371.45
1791052183 28029, 30, 231.19
1791052185 28029, 73, 364.36
1791052186 28029, 23, 275.29
1791052187 28029, 29, 279.80
1791052188 28029, 45, 295.11
1791052189 28029, 26, 292.66
1791052190 28029, 56, 261.64
1791052191 28029, 57, 337.57
1791052192 28029, 68, 367.73
1791052193 28029, 36, 256.44
1791052195 28029, 50, 277.05
1791052196 28029, 58, 283.59
1791052197 28029, 28, 229.05
1791052198 28029, 35, 224.04
1791052199 28029, 28, 235.09
1791052200 28029, 49, 257.15
1791052201 28029, 67, 336.61
1791052202 28029, 52, 318.98
1791052204 28029, 69, 374.90
1791052205 28029, 70, 390.90
1791052206 28029, 72, 393.76
1791052207 28029, 57, 297.64
1791052208 28029, 47, 284.29
1791052209 28029, 53, 323.29
1791052210 28029, 40, 333.43
1791052211 28029, 26, 271.62
1791052212 28029, 41, 260.88
1791052214 28029, 73, 377.39
1791052215 28029, 42, 261.16
1791052216 28029, 71, 364.32
1791052217 28029, 30, 263.99
1791052218 28029, 55, 287.30
1791052219 28029, 70, 357.55
1791052220 28029, 67, 379.36
1791052221 28029, 35, 315.69
1791052223 28029, 66, 363.00
1791052224 28029, 63, 323.15
1791052225 28029, 66, 368.64
1791052226 28029, 72, 336.21
1791052227 28029, 31, 265.72
1791052228 28029, 37, 265.33
1791052229 28029, 73, 302.60
1791052230 28029, 32, 392.88
1791052231 28029, 39, 272.46
1791052233 28029, 23, 336.98
1791052234 28029, 68, 412.33
1791052235 28029, 53, 377.55
1791052236 28029, 30, 301.95
1791052237 28029, 63, 346.56
1791052238 28029, 37, 282.71
1791052239 28029, 65, 311.37
1791052240 28029, 33, 339.96
1791052241 28029, 62, 255.02
1791052243 28029, 33, 238.63
1791052244 28029, 59, 318.86
1791052245 28029, 36, 272.08
1791052246 28029, 71, 336.09
1791052247 28029, 58, 383.24
1791052248 28029, 67, 378.02
1791052249 28029, 28, 392.77
1791052250 28029, 38, 208.62
1791052251 28029, 70, 369.95
1791052253 28029, 44, 310.32
1791052254 28029, 76, 372.02
1791052255 28029, 68, 356.52
1791052256 28029, 43, 323.78
1791052257 28029, 38, 292.68
1791052258 28029, 32, 295.04
1791052259 28029, 36, 229.05
1791052260 28029, 35, 268.15
1791052261 28029, 44, 279.81
1791052263 28029, 57, 336.51
1791052264 28029, 50, 280.81
1791052265 28029, 32, 252.05
1791052266 28029, 61, 331.63
1791052267 28029, 76, 339.77
1791052268 28029, 57, 370.27
1791052269 28029, 67, 372.64
1791052270 28029, 42, 273.94
1791052271 28029, 33, 288.72
1791052273 28029, 66, 347.57
1791052274 28029, 78, 355.11
1791052275 28029, 33, 259.14
1791052276 28029, 10, 260.84
1791052277 28029, 35, 364.91
1791052278 28029, 69, 295.67
1791052279 28029, 61, 384.00
1791052280 28029, 64, 346.33
1791052281 28029, 75, 394.66
1791052283 28029, 44, 311.65
1791052284 28029, 68, 335.98
1791052285 28029, 39, 273.05
1791052286 28029, 74, 394.02
1791052287 28029, 31, 237.14
1791052288 28029, 46, 266.01
1791052289 28029, 51, 299.88
1791052290 28029, 76, 375.39
1791052291 28029, 90, 356.25
1791052293 28029, 27, 236.92
1791052294 28029, 51, 320.56
1791052295 28029, 44, 334.94
1791052296 28029, 79, 405.31
1791052297 28029, 61, 369.43
1791052298 28029, 32, 269.54
1791052299 28029, 34, 228.53
1791052300 28029, 62, 232.50
1791052301 28029, 80, 330.85
1791052303 28029, 57, 325.73
1791052304 28029, 37, 309.94
1791052305 28029, 62, 374.04
1791052306 28029, 67, 407.94
1791052307 28029, 88, 311.25
1791052308 28029, 61, 403.01
1791052309 28029, 57, 312.49
1791052310 28029, 67, 373.05
1791052312 28029, 31, 230.94
1791052313 28029, 47, 284.32
1791052314 28029, 28, 239.94
1791052315 28029, 33, 247.04
1791052316 28029, 29, 310.60
1791052317 28029, 70, 266.75
1791052318 28029, 84, 404.47
1791052319 28029, 46, 352.14
1791052320 28029, 30, 245.09
1791052322 28029, 50, 272.34
1791052323 28029, 45, 288.47
1791052324 28029, 29, 265.06
1791052325 28029, 74, 364.82
1791052326 28029, 38, 286.87
1791052327 28029, 56, 297.52
1791052328 28029, 58, 340.77
1791052329 28029, 59, 281.35
1791052330 28029, 50, 366.35
1791052332 28029, 29, 231.19
1791052333 28029, 42, 252.22
1791052334 28029, 75, 389.47
1791052335 28029, 86, 414.68
1791052336 28029, 80, 360.96
1791052337 28029, 66, 397.11
1791052338 28029, 37, 237.10
1791052339 28029, 30, 261.75
1791052340 28029, 74, 366.08
1791052342 28029, 33, 243.36
1791052343 28029, 75, 379.94
1791052344 28029, 39, 282.12
1791052345 28029, 65, 335.71
1791052346 28029, 58, 244.21
1791052347 28029, 44, 370.26
1791052348 28029, 45, 301.00
1791052349 28029, 32, 251.09
1791052350 28029, 30, 225.71
1791052352 28029, 28, 233.55
1791052353 28029, 77, 275.42
1791052354 28029, 67, 337.70
1791052355 28029, 25, 224.93
1791052356 28029, 42, 282.54
1791052357 28029, 52, 304.29
1791052358 28029, 72, 358.27
1791052359 28029, 49, 332.27
1791052360 28029, 72, 318.01
1791052362 28029, 41, 293.96
1791052363 28029, 79, 361.42
1791052364 28029, 38, 348.10
1791052365 28029, 31, 318.32
1791052366 28029, 57, 265.05
1791052367 28029, 40, 315.01
1791052368 28029, 31, 238.64
1791052369 28029, 61, 270.13
1791052370 28029, 55, 316.77
1791052372 28029, 34, 251.37
1791052373 28029, 41, 297.76
1791052374 28029, 48, 333.46
1791052375 28029, 60, 376.26
1791052376 28029, 83, 381.30
1791052377 28029, 63, 329.60
1791052378 28029, 78, 370.39
1791052379 28029, 49, 344.65
1791052381 28029, 74, 414.67
1791052382 28029, 71, 379.91
1791052383 28029, 56, 327.26
1791052384 28029, 49, 322.29
1791052385 28029, 69, 400.84
1791052386 28029, 65, 322.52
1791052387 28029, 65, 389.46
1791052388 28029, 61, 367.02
1791052389 28029, 63, 341.77
1791052391 28029, 43, 302.77
1791052392 28029, 82, 390.16
1791052393 28029, 66, 362.54
1791052394 28029, 57, 332.23
1791052395 28029, 78, 411.04
1791052396 28029, 71, 352.62
1791052397 28029, 30, 274.82
1791052398 28029, 53, 320.54
1791052399 28029, 43, 287.89
1791052401 28029, 55, 362.58
1791052402 28029, 34, 299.67
1791052403 28029, 68, 358.04
1791052404 28029, 33, 237.30
1791052405 28029, 42, 262.07
1791052406 28029, 75, 340.76
1791052407 28029, 60, 373.75
1791052408 28029, 38, 302.65
1791052409 28029, 41, 281.19
1791052411 28029, 34, 269.96
1791052412 28029, 45, 294.05
1791052413 28029, 67, 318.08
1791052414 28029, 48, 322.70
1791052415 28029, 53, 285.69
1791052416 28029, 55, 366.88
1791052417 28029, 43, 356.36
1791052418 28029, 32, 275.03
1791052420 28029, 43, 291.70
1791052421 28029, 69, 363.37
1791052422 28029, 55, 302.83
1791052423 28029, 75, 359.95
1791052424 28029, 42, 283.61
1791052425 28029, 54, 322.62
1791052426 28029, 47, 404.74
1791052427 28029, 27, 318.74
1791052428 28029, 47, 252.20
1791052430 28029, 52, 318.24
1791052431 28029, 63, 396.30
1791052432 28029, 40, 277.15
1791052433 28029, 72, 389.38
1791052434 28029, 76, 396.72
1791052435 28029, 25, 330.52
1791052436 28029, 52, 258.37
1791052437 28029, 54, 284.67
1791052439 28029, 48, 290.26
1791052440 28029, 70, 358.34
1791052441 28029, 52, 289.88
1791052442 28029, 36, 274.62
1791052443 28029, 85, 392.19
1791052444 28029, 54, 346.89
1791052445 28029, 48, 380.64
1791052446 28029, 49, 352.34
1791052448 28029, 84, 383.24
1791052449 28029, 48, 335.97
1791052450 28029, 40, 328.89
1791052451 28029, 36, 282.05
1791052452 28029, 65, 317.22
1791052453 28029, 59, 332.61
1791052454 28029, 35, 249.39
1791052455 28029, 85, 358.26
1791052456 28029, 39, 326.27
1791052457 28029, 33, 305.72
1791052459 28029, 32, 319.89
1791052460 28029, 35, 257.55
1791052461 28029, 33, 247.56
1791052462 28029, 33, 235.87
1791052463 28029, 77, 326.75
1791052464 28029, 70, 410.13
1791052465 28029, 77, 389.63
1791052466 28029, 49, 348.48
1791052467 28029, 29, 234.76
1791052469 28029, 33, 250.73
1791052470 28029, 59, 332.06
1791052471 28029, 38, 324.51
1791052472 28029, 41, 263.63
1791052473 28029, 79, 427.06
1791052474 28029, 54, 375.38
1791052475 28029, 41, 295.32
1791052476 28029, 74, 369.53
1791052477 28029, 31, 246.45
1791052479 28029, 29, 226.07
1791052480 28029, 28, 228.73
1791052481 28029, 36, 270.10
1791052482 28029, 53, 312.61
1791052483 28029, 64, 379.80
1791052484 28029, 45, 329.24
1791052485 28029, 72, 358.24
1791052486 28029, 64, 387.97
1791052487 28029, 60, 372.12
1791052489 28029, 74, 414.35
1791052490 28029, 83, 363.89
1791052491 28029, 38, 324.45
1791052492 28029, 76, 354.50
1791052493 28029, 28, 272.84
1791052494 28029, 57, 403.21
1791052495 28029, 34, 357.41
1791052496 28029, 56, 252.26
1791052497 28029, 56, 346.89
1791052498 28029, 44, 310.95
1791052500 28029, 81, 373.44
1791052501 28029, 46, 328.42
1791052502 28029, 51, 308.23
1791052503 28029, 38, 233.51
1791052504 28029, 43, 236.26
1791052505 28029, 0, 174.22
1791052506 28029, 0, 98.54
1791052507 28029, 0, 78.97
1791052508 28029, 8, 78.85
1791052510 28029, 6, 77.86
1791052511 28029, 0, 77.40
1791052512 28029, 2, 78.04
1791052513 28029, 0, 78.35
1791052514 28029, 6, 76.78
1791052515 28029, 0, 77.99
1791052516 28029, 0, 77.92
1791052517 28029, 20, 76.65
1791052519 28029, 0, 76.60
1791052520 28029, 6, 76.85
1791052521 28029, 0, 76.28
1791052522 28029, 0, 75.28
1791052523 28029, 15, 76.29
1791052524 28029, 9, 76.12
1791052525 28029, 0, 74.98
1791052526 28029, 5, 75.29
1791052527 28029, 12, 75.44
1791052528 28029, 3, 74.64
1791052530 28029, 7, 75.10
1791052531 28029, 0, 76.04
1791052532 28029, 12, 76.12
1791052533 28029, 8, 74.69
1791052534 28029, 9, 75.48
1791052535 28029, 8, 75.41
1791052536 28029, 20, 75.72
1791052537 28029, 10, 75.49
1791052538 28029, 0, 74.96
1791052540 28029, 0, 74.61
1791052541 28029, 0, 73.69
1791052542 28029, 0, 74.55
1791052543 28027, 0, 75.30
