1791270492 2430, 14001, 51, 0x0000000000000000 | 1.38 1.38 1.36 | cpu  1092730491 290476030 191001358 15737292216 8970605 0 8252850 0 0 0
1791270493 2430, 7001, 51, 0x0000000000000000 | 1.38 1.38 1.36 | cpu  1092730642 290476030 191001390 15737293789 8970605 0 8252850 0 0 0
1791270494 510, 7001, 50, 0x0000000000000000 | 1.38 1.38 1.36 | cpu  1092730743 290476030 191001421 15737295423 8970605 0 8252850 0 0 0
1791270495 405, 810, 50, 0x0000000000000000 | 1.38 1.38 1.36 | cpu  1092730814 290476030 191001448 15737297105 8970605 0 8252850 0 0 0
1791270497 180, 405, 49, 0x0000000000000000 | 1.27 1.36 1.35 | cpu  1092730823 290476030 191001478 15737298838 8970610 0 8252850 0 0 0
1791270498 180, 405, 49, 0x0000000000000000 | 1.27 1.36 1.35 | cpu  1092730879 290476030 191001498 15737300522 8970610 0 8252850 0 0 0
1791270499 180, 405, 49, 0x0000000000000000 | 1.27 1.36 1.35 | cpu  1092731030 290476030 191001518 15737302107 8970610 0 8252850 0 0 0
1791270500 2460, 13801, 49, 0x0000000000000000 | 1.27 1.36 1.35 | cpu  1092731149 290476030 191001548 15737303689 8970610 0 8252850 0 0 0
1791270501 2505, 13801, 50, 0x0000000000000000 | 1.27 1.36 1.35 | cpu  1092731312 290476030 191001571 15737305257 8970610 0 8252850 0 0 0
1791270502 2490, 13801, 50, 0x0000000000000000 | 1.24 1.35 1.35 | cpu  1092731473 290476030 191001590 15737306835 8970611 0 8252850 0 0 0
1791270503 2490, 13801, 50, 0x0000000000000000 | 1.24 1.35 1.35 | cpu  1092731632 290476030 191001610 15737308397 8970611 0 8252850 0 0 0
1791270504 2490, 13801, 50, 0x0000000000000000 | 1.24 1.35 1.35 | cpu  1092731797 290476030 191001636 15737309944 8970612 0 8252850 0 0 0
1791270505 2437, 13801, 50, 0x0000000000000000 | 1.24 1.35 1.35 | cpu  1092731969 290476030 191001683 15737311479 8970612 0 8252851 0 0 0
1791270506 2430, 13801, 50, 0x0000000000000000 | 1.22 1.35 1.35 | cpu  1092732130 290476030 191001704 15737313049 8970612 0 8252851 0 0 0
1791270508 2497, 13801, 50, 0x0000000000000000 | 1.22 1.35 1.35 | cpu  1092732289 290476030 191001722 15737314634 8970612 0 8252851 0 0 0
1791270509 2430, 13801, 50, 0x0000000000000000 | 1.22 1.35 1.35 | cpu  1092732452 290476030 191001739 15737316218 8970613 0 8252851 0 0 0
1791270510 2452, 13801, 50, 0x0000000000000000 | 1.22 1.35 1.35 | cpu  1092732614 290476030 191001756 15737317795 8970614 0 8252851 0 0 0
1791270511 2490, 13801, 50, 0x0000000000000000 | 1.22 1.35 1.35 | cpu  1092732774 290476030 191001773 15737319359 8970614 0 8252851 0 0 0
1791270512 2490, 13801, 50, 0x0000000000000000 | 1.21 1.34 1.35 | cpu  1092732952 290476030 191001794 15737320913 8970614 0 8252851 0 0 0
1791270513 2490, 13801, 50, 0x0000000000000000 | 1.21 1.34 1.35 | cpu  1092733124 290476030 191001813 15737322452 8970615 0 8252851 0 0 0
1791270514 2497, 13801, 49, 0x0000000000000000 | 1.21 1.34 1.35 | cpu  1092733295 290476030 191001872 15737323967 8970615 0 8252851 0 0 0
1791270515 2497, 13801, 49, 0x0000000000000000 | 1.21 1.34 1.35 | cpu  1092733469 290476030 191001933 15737325459 8970615 0 8252851 0 0 0
1791270516 2430, 13801, 49, 0x0000000000000000 | 1.19 1.34 1.35 | cpu  1092733641 290476030 191001960 15737327010 8970615 0 8252851 0 0 0
1791270517 2497, 13801, 49, 0x0000000000000000 | 1.19 1.34 1.35 | cpu  1092733753 290476030 191002009 15737328609 8970615 0 8252852 0 0 0
1791270518 2535, 13801, 49, 0x0000000000000000 | 1.19 1.34 1.35 | cpu  1092733813 290476030 191002070 15737330246 8970616 0 8252852 0 0 0
1791270520 2430, 13801, 49, 0x0000000000000000 | 1.19 1.34 1.35 | cpu  1092733837 290476030 191002167 15737331886 8970617 0 8252852 0 0 0
1791270521 2460, 13801, 49, 0x0000000000000000 | 1.19 1.34 1.35 | cpu  1092733924 290476030 191002202 15737333526 8970618 0 8252852 0 0 0
1791270522 2452, 13801, 49, 0x0000000000000000 | 1.17 1.33 1.35 | cpu  1092734007 290476030 191002238 15737335158 8970618 0 8252852 0 0 0
1791270523 2452, 13801, 49, 0x0000000000000000 | 1.17 1.33 1.35 | cpu  1092734088 290476030 191002278 15737336795 8970618 0 8252852 0 0 0
1791270524 2452, 13801, 49, 0x0000000000000000 | 1.17 1.33 1.35 | cpu  1092734171 290476030 191002316 15737338442 8970618 0 8252852 0 0 0
1791270525 2452, 13801, 49, 0x0000000000000000 | 1.17 1.33 1.35 | cpu  1092734252 290476030 191002356 15737340075 8970618 0 8252852 0 0 0
1791270526 2430, 13801, 49, 0x0000000000000000 | 1.16 1.33 1.34 | cpu  1092734358 290476030 191002370 15737341714 8970618 0 8252852 0 0 0
1791270527 2430, 13801, 48, 0x0000000000000000 | 1.16 1.33 1.34 | cpu  1092734477 290476030 191002384 15737343334 8970620 0 8252852 0 0 0
1791270528 2430, 13801, 48, 0x0000000000000000 | 1.16 1.33 1.34 | cpu  1092734590 290476030 191002392 15737344979 8970620 0 8252852 0 0 0
1791270529 2430, 13801, 48, 0x0000000000000000 | 1.16 1.33 1.34 | cpu  1092735077 290476030 191002401 15737346187 8970621 0 8252852 0 0 0
1791270531 2430, 13801, 48, 0x0000000000000000 | 1.16 1.33 1.34 | cpu  1092735592 290476030 191002405 15737347356 8970621 0 8252852 0 0 0
1791270532 2430, 13801, 48, 0x0000000000000000 | 1.23 1.34 1.35 | cpu  1092736116 290476030 191002412 15737348515 8970621 0 8252852 0 0 0
1791270533 2430, 13801, 48, 0x0000000000000000 | 1.23 1.34 1.35 | cpu  1092736645 290476030 191002437 15737349657 8970624 0 8252852 0 0 0
1791270534 2430, 13801, 48, 0x0000000000000000 | 1.23 1.34 1.35 | cpu  1092737150 290476030 191002480 15737350839 8970624 0 8252852 0 0 0
1791270535 2430, 13801, 48, 0x0000000000000000 | 1.23 1.34 1.35 | cpu  1092737231 290476030 191002519 15737352473 8970624 0 8252852 0 0 0
1791270536 2430, 13801, 48, 0x0000000000000000 | 1.23 1.34 1.35 | cpu  1092737319 290476030 191002549 15737354093 8970625 0 8252852 0 0 0
1791270537 2430, 13801, 48, 0x0000000000000000 | 1.21 1.33 1.35 | cpu  1092737408 290476030 191002583 15737355729 8970626 0 8252852 0 0 0
1791270538 2430, 13801, 48, 0x0000000000000000 | 1.21 1.33 1.35 | cpu  1092737499 290476030 191002722 15737357252 8970626 0 8252855 0 0 0
1791270539 2430, 13801, 48, 0x0000000000000000 | 1.21 1.33 1.35 | cpu  1092737587 290476030 191002826 15737358814 8970626 0 8252855 0 0 0
1791270540 2430, 13801, 48, 0x0000000000000000 | 1.21 1.33 1.35 | cpu  1092737674 290476030 191002859 15737360452 8970626 0 8252855 0 0 0
1791270541 2430, 13801, 48, 0x0000000000000000 | 1.19 1.32 1.34 | cpu  1092737757 290476030 191002900 15737362086 8970626 0 8252855 0 0 0
1791270542 2430, 13801, 47, 0x0000000000000000 | 1.19 1.32 1.34 | cpu  1092737845 290476030 191002935 15737363722 8970626 0 8252855 0 0 0
1791270544 2430, 13801, 47, 0x0000000000000000 | 1.19 1.32 1.34 | cpu  1092737935 290476030 191002964 15737365353 8970627 0 8252855 0 0 0
1791270545 2430, 13801, 47, 0x0000000000000000 | 1.19 1.32 1.34 | cpu  1092738019 290476030 191003000 15737366991 8970627 0 8252855 0 0 0
1791270546 2430, 13801, 47, 0x0000000000000000 | 1.19 1.32 1.34 | cpu  1092738109 290476030 191003031 15737368623 8970628 0 8252855 0 0 0
1791270547 2430, 13801, 47, 0x0000000000000000 | 1.18 1.32 1.34 | cpu  1092738189 290476030 191003073 15737370254 8970631 0 8252855 0 0 0
1791270548 2430, 13801, 47, 0x0000000000000000 | 1.18 1.32 1.34 | cpu  1092738284 290476030 191003110 15737371873 8970631 0 8252855 0 0 0
1791270549 2430, 13801, 47, 0x0000000000000000 | 1.18 1.32 1.34 | cpu  1092738373 290476030 191003141 15737373512 8970631 0 8252855 0 0 0
1791270550 2430, 13801, 47, 0x0000000000000000 | 1.18 1.32 1.34 | cpu  1092738461 290476030 191003183 15737375140 8970632 0 8252855 0 0 0
1791270551 2430, 13801, 47, 0x0000000000000000 | 1.16 1.31 1.34 | cpu  1092738553 290476030 191003221 15737376750 8970634 0 8252855 0 0 0
1791270552 2430, 13801, 47, 0x0000000000000000 | 1.16 1.31 1.34 | cpu  1092738632 290476030 191003261 15737378384 8970635 0 8252855 0 0 0
1791270553 2430, 13801, 47, 0x0000000000000000 | 1.16 1.31 1.34 | cpu  1092738722 290476030 191003292 15737380024 8970635 0 8252855 0 0 0
1791270555 2430, 13801, 47, 0x0000000000000000 | 1.16 1.31 1.34 | cpu  1092738809 290476030 191003325 15737381662 8970635 0 8252855 0 0 0
1791270556 2430, 13801, 47, 0x0000000000000000 | 1.16 1.31 1.34 | cpu  1092738895 290476030 191003360 15737383303 8970635 0 8252855 0 0 0
1791270557 2430, 13801, 47, 0x0000000000000000 | 1.15 1.31 1.34 | cpu  1092738980 290476030 191003397 15737384943 8970637 0 8252855 0 0 0
1791270558 2430, 13801, 47, 0x0000000000000000 | 1.15 1.31 1.34 | cpu  1092739063 290476030 191003436 15737386581 8970637 0 8252855 0 0 0
1791270559 2430, 13801, 47, 0x0000000000000000 | 1.15 1.31 1.34 | cpu  1092739155 290476030 191003465 15737388214 8970637 0 8252855 0 0 0
1791270560 2430, 13801, 47, 0x0000000000000000 | 1.15 1.31 1.34 | cpu  1092739240 290476030 191003499 15737389851 8970637 0 8252855 0 0 0
1791270561 2430, 13801, 46, 0x0000000000000000 | 1.14 1.30 1.34 | cpu  1092739329 290476030 191003532 15737391483 8970637 0 8252855 0 0 0
1791270562 2430, 13801, 46, 0x0000000000000000 | 1.14 1.30 1.34 | cpu  1092739413 290476030 191003578 15737393112 8970639 0 8252855 0 0 0
1791270563 2430, 13801, 46, 0x0000000000000000 | 1.14 1.30 1.34 | cpu  1092739498 290476030 191003615 15737394749 8970639 0 8252855 0 0 0
1791270564 2430, 13801, 46, 0x0000000000000000 | 1.14 1.30 1.34 | cpu  1092739596 290476030 191003656 15737396369 8970640 0 8252855 0 0 0
1791270566 2430, 13801, 46, 0x0000000000000000 | 1.14 1.30 1.34 | cpu  1092739678 290476030 191003694 15737398009 8970640 0 8252855 0 0 0
1791270567 2430, 13801, 46, 0x0000000000000000 | 1.12 1.30 1.33 | cpu  1092739769 290476030 191003725 15737399648 8970640 0 8252855 0 0 0
1791270568 2430, 13801, 46, 0x0000000000000000 | 1.12 1.30 1.33 | cpu  1092739849 290476030 191003766 15737401284 8970640 0 8252855 0 0 0
1791270569 2430, 13801, 46, 0x0000000000000000 | 1.12 1.30 1.33 | cpu  1092739937 290476030 191003798 15737402915 8970646 0 8252855 0 0 0
1791270570 2430, 13801, 46, 0x0000000000000000 | 1.12 1.30 1.33 | cpu  1092740026 290476030 191003829 15737404554 8970646 0 8252855 0 0 0
1791270571 2430, 13801, 46, 0x0000000000000000 | 1.12 1.30 1.33 | cpu  1092740109 290476030 191003897 15737406165 8970646 0 8252855 0 0 0
1791270572 2430, 13801, 46, 0x0000000000000000 | 1.28 1.33 1.34 | cpu  1092740202 290476030 191004003 15737407718 8970647 0 8252856 0 0 0
1791270573 2430, 13801, 46, 0x0000000000000000 | 1.28 1.33 1.34 | cpu  1092740296 290476030 191004040 15737409351 8970647 0 8252856 0 0 0
1791270574 2430, 13801, 46, 0x0000000000000000 | 1.28 1.33 1.34 | cpu  1092740378 290476030 191004078 15737410988 8970647 0 8252856 0 0 0
1791270575 2430, 13801, 46, 0x0000000000000000 | 1.28 1.33 1.34 | cpu  1092740465 290476030 191004111 15737412626 8970649 0 8252856 0 0 0
1791270577 2430, 13801, 46, 0x0000000000000000 | 1.33 1.34 1.35 | cpu  1092740561 290476030 191004146 15737414250 8970649 0 8252856 0 0 0
1791270578 2430, 13801, 46, 0x0000000000000000 | 1.33 1.34 1.35 | cpu  1092740654 290476030 191004189 15737415872 8970649 0 8252856 0 0 0
1791270579 2430, 13801, 46, 0x0000000000000000 | 1.33 1.34 1.35 | cpu  1092740762 290476030 191004244 15737417469 8970649 0 8252857 0 0 0
1791270580 2430, 13801, 46, 0x0000000000000000 | 1.33 1.34 1.35 | cpu  1092740873 290476030 191004330 15737419030 8970650 0 8252857 0 0 0
1791270581 2430, 13801, 46, 0x0000000000000000 | 1.33 1.34 1.35 | cpu  1092740987 290476030 191004406 15737420602 8970650 0 8252858 0 0 0
1791270582 2430, 13801, 46, 0x0000000000000000 | 1.39 1.35 1.35 | cpu  1092741086 290476030 191004444 15737422217 8970654 0 8252858 0 0 0
1791270583 2437, 13801, 45, 0x0000000000000000 | 1.39 1.35 1.35 | cpu  1092741175 290476030 191004477 15737423856 8970654 0 8252858 0 0 0
1791270584 2430, 13801, 45, 0x0000000000000000 | 1.39 1.35 1.35 | cpu  1092741264 290476030 191004516 15737425465 8970654 0 8252858 0 0 0
1791270585 2430, 13801, 45, 0x0000000000000000 | 1.39 1.35 1.35 | cpu  1092741349 290476030 191004551 15737427100 8970654 0 8252858 0 0 0
1791270586 2430, 13801, 45, 0x0000000000000000 | 1.36 1.34 1.35 | cpu  1092741434 290476030 191004591 15737428729 8970655 0 8252858 0 0 0
1791270588 2430, 13801, 45, 0x0000000000000000 | 1.36 1.34 1.35 | cpu  1092741519 290476030 191004628 15737430363 8970655 0 8252858 0 0 0
1791270589 2430, 13801, 45, 0x0000000000000000 | 1.36 1.34 1.35 | cpu  1092741612 290476030 191004656 15737432003 8970655 0 8252858 0 0 0
1791270590 2430, 13801, 45, 0x0000000000000000 | 1.36 1.34 1.35 | cpu  1092741696 290476030 191004691 15737433643 8970655 0 8252858 0 0 0
1791270591 2430, 13801, 45, 0x0000000000000000 | 1.36 1.34 1.35 | cpu  1092741782 290476030 191004726 15737435279 8970656 0 8252858 0 0 0
1791270592 2430, 13801, 45, 0x0000000000000000 | 1.33 1.34 1.35 | cpu  1092741871 290476030 191004770 15737436907 8970656 0 8252858 0 0 0
1791270593 2430, 13801, 45, 0x0000000000000000 | 1.33 1.34 1.35 | cpu  1092741954 290476030 191004807 15737438544 8970656 0 8252858 0 0 0
1791270594 2430, 13801, 45, 0x0000000000000000 | 1.33 1.34 1.35 | cpu  1092742043 290476030 191004838 15737440179 8970656 0 8252858 0 0 0
1791270595 2430, 13801, 45, 0x0000000000000000 | 1.33 1.34 1.35 | cpu  1092742128 290476030 191004880 15737441812 8970659 0 8252858 0 0 0
1791270596 2430, 13801, 45, 0x0000000000000000 | 1.30 1.33 1.34 | cpu  1092742231 290476030 191004924 15737443407 8970660 0 8252859 0 0 0
1791270597 2430, 13801, 45, 0x0000000000000000 | 1.30 1.33 1.34 | cpu  1092742338 290476030 191005019 15737444952 8970660 0 8252859 0 0 0
1791270599 2430, 13801, 45, 0x0000000000000000 | 1.30 1.33 1.34 | cpu  1092742422 290476030 191005056 15737446591 8970660 0 8252859 0 0 0
1791270600 2430, 13801, 45, 0x0000000000000000 | 1.30 1.33 1.34 | cpu  1092742512 290476030 191005086 15737448230 8970660 0 8252859 0 0 0
1791270601 2430, 13801, 45, 0x0000000000000000 | 1.30 1.33 1.34 | cpu  1092742595 290476030 191005123 15737449870 8970661 0 8252859 0 0 0
1791270602 2430, 13801, 45, 0x0000000000000000 | 1.36 1.34 1.35 | cpu  1092742726 290476030 191005194 15737451423 8970661 0 8252859 0 0 0
1791270603 2430, 13801, 45, 0x0000000000000000 | 1.36 1.34 1.35 | cpu  1092742832 290476030 191005250 15737453021 8970661 0 8252859 0 0 0
1791270604 2430, 13801, 45, 0x0000000000000000 | 1.36 1.34 1.35 | cpu  1092742919 290476030 191005284 15737454655 8970661 0 8252859 0 0 0
1791270605 2430, 13801, 45, 0x0000000000000000 | 1.36 1.34 1.35 | cpu  1092743006 290476030 191005409 15737456181 8970662 0 8252862 0 0 0
1791270606 2430, 13801, 45, 0x0000000000000000 | 1.33 1.34 1.35 | cpu  1092743092 290476030 191005443 15737457821 8970662 0 8252862 0 0 0
1791270607 2430, 13801, 45, 0x0000000000000000 | 1.33 1.34 1.35 | cpu  1092743190 290476030 191005479 15737459446 8970663 0 8252862 0 0 0
1791270608 2430, 13801, 45, 0x0000000000000000 | 1.33 1.34 1.35 | cpu  1092743273 290476030 191005516 15737461087 8970663 0 8252862 0 0 0
1791270610 2430, 13801, 45, 0x0000000000000000 | 1.33 1.34 1.35 | cpu  1092743399 290476030 191005567 15737462669 8970664 0 8252863 0 0 0
1791270611 2430, 13801, 45, 0x0000000000000000 | 1.33 1.34 1.35 | cpu  1092743478 290476030 191005606 15737464294 8970665 0 8252863 0 0 0
1791270612 2430, 13801, 45, 0x0000000000000000 | 1.30 1.33 1.34 | cpu  1092743567 290476030 191005641 15737465928 8970665 0 8252863 0 0 0
1791270613 2430, 13801, 45, 0x0000000000000000 | 1.30 1.33 1.34 | cpu  1092743657 290476030 191005671 15737467562 8970667 0 8252863 0 0 0
1791270614 2430, 13801, 44, 0x0000000000000000 | 1.30 1.33 1.34 | cpu  1092743740 290476030 191005709 15737469201 8970667 0 8252863 0 0 0
1791270615 2430, 13801, 45, 0x0000000000000000 | 1.30 1.33 1.34 | cpu  1092743826 290476030 191005743 15737470842 8970667 0 8252863 0 0 0
1791270616 2430, 13801, 44, 0x0000000000000000 | 1.36 1.34 1.35 | cpu  1092743903 290476030 191005786 15737472481 8970667 0 8252863 0 0 0
1791270617 2430, 13801, 44, 0x0000000000000000 | 1.36 1.34 1.35 | cpu  1092743993 290476030 191005820 15737474116 8970667 0 8252864 0 0 0
1791270618 2430, 13801, 44, 0x0000000000000000 | 1.36 1.34 1.35 | cpu  1092744086 290476030 191005856 15737475737 8970667 0 8252864 0 0 0
1791270619 2430, 13801, 44, 0x0000000000000000 | 1.36 1.34 1.35 | cpu  1092744167 290476030 191005895 15737477379 8970668 0 8252864 0 0 0
1791270621 2430, 13801, 44, 0x0000000000000000 | 1.36 1.34 1.35 | cpu  1092744253 290476030 191005930 15737479017 8970669 0 8252864 0 0 0
1791270622 2430, 13801, 44, 0x0000000000000000 | 1.33 1.34 1.35 | cpu  1092744331 290476030 191005973 15737480650 8970670 0 8252864 0 0 0
1791270623 2430, 13801, 44, 0x0000000000000000 | 1.33 1.34 1.35 | cpu  1092744422 290476030 191006003 15737482286 8970670 0 8252864 0 0 0
1791270624 2430, 13801, 44, 0x0000000000000000 | 1.33 1.34 1.35 | cpu  1092744510 290476030 191006034 15737483919 8970670 0 8252864 0 0 0
1791270625 2430, 13801, 44, 0x0000000000000000 | 1.33 1.34 1.35 | cpu  1092744593 290476030 191006069 15737485541 8970670 0 8252864 0 0 0
1791270626 2430, 13801, 44, 0x0000000000000000 | 1.33 1.34 1.35 | cpu  1092744684 290476030 191006110 15737487168 8970670 0 8252864 0 0 0
1791270627 2430, 13801, 44, 0x0000000000000000 | 1.30 1.33 1.34 | cpu  1092744773 290476030 191006143 15737488803 8970670 0 8252864 0 0 0
1791270628 2430, 13801, 44, 0x0000000000000000 | 1.30 1.33 1.34 | cpu  1092744866 290476030 191006172 15737490441 8970671 0 8252864 0 0 0
1791270629 2430, 13801, 44, 0x0000000000000000 | 1.30 1.33 1.34 | cpu  1092744959 290476030 191006199 15737492083 8970671 0 8252864 0 0 0
1791270630 2430, 13801, 44, 0x0000000000000000 | 1.30 1.33 1.34 | cpu  1092745057 290476030 191006232 15737493705 8970672 0 8252865 0 0 0
1791270631 2430, 13801, 44, 0x0000000000000000 | 1.28 1.32 1.34 | cpu  1092745146 290476030 191006264 15737495343 8970673 0 8252865 0 0 0
1791270633 2430, 13801, 44, 0x0000000000000000 | 1.28 1.32 1.34 | cpu  1092745249 290476030 191006284 15737496974 8970673 0 8252865 0 0 0
1791270634 2865, 13801, 58, 0x0000000000000004 | 1.28 1.32 1.34 | cpu  1092745361 290476030 191006295 15737498627 8970673 0 8252865 0 0 0
1791270635 2865, 13801, 61, 0x0000000000000004 | 1.28 1.32 1.34 | cpu  1092745475 290476030 191006304 15737500268 8970673 0 8252865 0 0 0
1791270636 2865, 13801, 62, 0x0000000000000004 | 1.28 1.32 1.34 | cpu  1092745593 290476030 191006317 15737501900 8970675 0 8252866 0 0 0
1791270637 2850, 13801, 63, 0x0000000000000004 | 1.26 1.32 1.34 | cpu  1092745707 290476030 191006327 15737503549 8970675 0 8252866 0 0 0
1791270638 2902, 13801, 53, 0x0000000000000000 | 1.26 1.32 1.34 | cpu  1092745818 290476030 191006419 15737505110 8970676 0 8252870 0 0 0
1791270639 2865, 13801, 62, 0x0000000000000004 | 1.26 1.32 1.34 | cpu  1092745924 290476030 191006465 15737506731 8970676 0 8252872 0 0 0
1791270640 2812, 13801, 65, 0x0000000000000004 | 1.26 1.32 1.34 | cpu  1092746048 290476030 191006492 15737508350 8970676 0 8252872 0 0 0
1791270641 2835, 13801, 64, 0x0000000000000004 | 1.32 1.33 1.34 | cpu  1092746185 290476030 191006540 15737509919 8970678 0 8252873 0 0 0
1791270643 2812, 13801, 67, 0x0000000000000004 | 1.32 1.33 1.34 | cpu  1092746324 290476030 191006636 15737511460 8970678 0 8252874 0 0 0
1791270644 2842, 13801, 60, 0x0000000000000000 | 1.32 1.33 1.34 | cpu  1092746441 290476030 191006660 15737513103 8970678 0 8252874 0 0 0
1791270645 2812, 13801, 67, 0x0000000000000004 | 1.32 1.33 1.34 | cpu  1092746560 290476030 191006685 15737514712 8970678 0 8252874 0 0 0
1791270646 2827, 13801, 67, 0x0000000000000004 | 1.32 1.33 1.34 | cpu  1092746679 290476030 191006708 15737516352 8970680 0 8252874 0 0 0
1791270647 2812, 13801, 69, 0x0000000000000004 | 1.29 1.32 1.34 | cpu  1092746804 290476030 191006729 15737517987 8970680 0 8252874 0 0 0
1791270648 2835, 13801, 64, 0x0000000000000000 | 1.29 1.32 1.34 | cpu  1092746920 290476030 191006753 15737519619 8970681 0 8252874 0 0 0
1791270649 2790, 13801, 67, 0x0000000000000004 | 1.29 1.32 1.34 | cpu  1092747037 290476030 191006773 15737521253 8970681 0 8252874 0 0 0
1791270650 2812, 13801, 70, 0x0000000000000004 | 1.29 1.32 1.34 | cpu  1092747158 290476030 191006798 15737522880 8970681 0 8252874 0 0 0
1791270651 2812, 13801, 69, 0x0000000000000004 | 1.27 1.32 1.34 | cpu  1092747282 290476030 191006824 15737524486 8970685 0 8252875 0 0 0
1791270653 2902, 13801, 60, 0x0000000000000000 | 1.27 1.32 1.34 | cpu  1092747402 290476030 191006846 15737526090 8970685 0 8252875 0 0 0
1791270654 2805, 13801, 70, 0x0000000000000004 | 1.27 1.32 1.34 | cpu  1092747517 290476030 191006870 15737527711 8970685 0 8252875 0 0 0
1791270655 2812, 13801, 71, 0x0000000000000004 | 1.27 1.32 1.34 | cpu  1092747635 290476030 191006889 15737529336 8970685 0 8252875 0 0 0
1791270656 2782, 13801, 70, 0x0000000000000004 | 1.27 1.32 1.34 | cpu  1092747750 290476030 191006912 15737530945 8970686 0 8252876 0 0 0
1791270657 2835, 13801, 71, 0x0000000000000004 | 1.25 1.31 1.34 | cpu  1092747870 290476030 191006936 15737532588 8970689 0 8252876 0 0 0
1791270658 2760, 13801, 72, 0x0000000000000004 | 1.25 1.31 1.34 | cpu  1092747987 290476030 191006957 15737534211 8970690 0 8252876 0 0 0
1791270659 2842, 13801, 67, 0x0000000000000000 | 1.25 1.31 1.34 | cpu  1092748108 290476030 191006986 15737535821 8970690 0 8252876 0 0 0
1791270660 2775, 13801, 72, 0x0000000000000004 | 1.25 1.31 1.34 | cpu  1092748234 290476030 191007017 15737537434 8970690 0 8252876 0 0 0
1791270661 2805, 13801, 73, 0x0000000000000004 | 1.23 1.31 1.34 | cpu  1092748371 290476030 191007088 15737538987 8970692 0 8252876 0 0 0
1791270662 2797, 13801, 72, 0x0000000000000004 | 1.23 1.31 1.34 | cpu  1092748488 290476030 191007109 15737540599 8970692 0 8252876 0 0 0
1791270664 2842, 13801, 72, 0x0000000000000004 | 1.23 1.31 1.34 | cpu  1092748606 290476030 191007136 15737542243 8970692 0 8252876 0 0 0
1791270665 2767, 13801, 72, 0x0000000000000004 | 1.23 1.31 1.34 | cpu  1092748727 290476030 191007161 15737543859 8970693 0 8252876 0 0 0
1791270666 2797, 13801, 74, 0x0000000000000004 | 1.23 1.31 1.34 | cpu  1092748846 290476030 191007183 15737545495 8970693 0 8252876 0 0 0
1791270667 2790, 13801, 72, 0x0000000000000004 | 1.21 1.30 1.33 | cpu  1092748964 290476030 191007205 15737547124 8970695 0 8252876 0 0 0
1791270668 2842, 13801, 74, 0x0000000000000004 | 1.21 1.30 1.33 | cpu  1092749083 290476030 191007230 15737548769 8970695 0 8252876 0 0 0
1791270669 2752, 13801, 73, 0x0000000000000004 | 1.21 1.30 1.33 | cpu  1092749200 290476030 191007251 15737550389 8970695 0 8252876 0 0 0
1791270670 2812, 13801, 74, 0x0000000000000004 | 1.21 1.30 1.33 | cpu  1092749317 290476030 191007271 15737552022 8970695 0 8252876 0 0 0
1791270671 2760, 13801, 74, 0x0000000000000004 | 1.27 1.31 1.34 | cpu  1092749431 290476030 191007363 15737553562 8970696 0 8252877 0 0 0
1791270672 2835, 13801, 74, 0x0000000000000004 | 1.27 1.31 1.34 | cpu  1092749550 290476030 191007415 15737555158 8970696 0 8252878 0 0 0
1791270674 2812, 13801, 75, 0x0000000000000004 | 1.27 1.31 1.34 | cpu  1092749667 290476030 191007438 15737556785 8970696 0 8252878 0 0 0
1791270675 2790, 13801, 76, 0x0000000000000004 | 1.27 1.31 1.34 | cpu  1092749785 290476030 191007459 15737558409 8970697 0 8252878 0 0 0
1791270676 2790, 13801, 76, 0x0000000000000004 | 1.27 1.31 1.34 | cpu  1092749908 290476030 191007487 15737560022 8970697 0 8252879 0 0 0
1791270677 2835, 13801, 75, 0x0000000000000004 | 1.25 1.31 1.34 | cpu  1092750033 290476030 191007515 15737561643 8970697 0 8252879 0 0 0
1791270678 2760, 13801, 76, 0x0000000000000004 | 1.25 1.31 1.34 | cpu  1092750152 290476030 191007534 15737563268 8970697 0 8252879 0 0 0
1791270679 2827, 13801, 75, 0x0000000000000004 | 1.25 1.31 1.34 | cpu  1092750270 290476030 191007556 15737564897 8970697 0 8252879 0 0 0
1791270680 2782, 13801, 75, 0x0000000000000004 | 1.25 1.31 1.34 | cpu  1092750393 290476030 191007581 15737566531 8970698 0 8252879 0 0 0
1791270681 2820, 13801, 76, 0x0000000000000004 | 1.23 1.30 1.33 | cpu  1092750510 290476030 191007604 15737568143 8970698 0 8252879 0 0 0
1791270682 2737, 13801, 75, 0x0000000000000004 | 1.23 1.30 1.33 | cpu  1092750626 290476030 191007623 15737569762 8970698 0 8252879 0 0 0
1791270683 2827, 13801, 76, 0x0000000000000004 | 1.23 1.30 1.33 | cpu  1092750744 290476030 191007644 15737571396 8970698 0 8252879 0 0 0
1791270685 2782, 13801, 76, 0x0000000000000004 | 1.23 1.30 1.33 | cpu  1092750862 290476030 191007666 15737573031 8970700 0 8252879 0 0 0
1791270686 2887, 13801, 67, 0x0000000000000000 | 1.23 1.30 1.33 | cpu  1092750985 290476030 191007688 15737574655 8970700 0 8252879 0 0 0
1791270687 2767, 13801, 77, 0x0000000000000004 | 1.21 1.30 1.33 | cpu  1092751107 290476030 191007716 15737576273 8970701 0 8252879 0 0 0
1791270688 2827, 13801, 76, 0x0000000000000004 | 1.21 1.30 1.33 | cpu  1092751224 290476030 191007739 15737577913 8970701 0 8252880 0 0 0
1791270689 2775, 13801, 76, 0x0000000000000004 | 1.21 1.30 1.33 | cpu  1092751340 290476030 191007762 15737579539 8970701 0 8252880 0 0 0
1791270690 2805, 13801, 77, 0x0000000000000004 | 1.21 1.30 1.33 | cpu  1092751455 290476030 191007783 15737581155 8970701 0 8252880 0 0 0
1791270691 2790, 13801, 76, 0x0000000000000004 | 1.19 1.29 1.33 | cpu  1092751574 290476030 191007808 15737582785 8970702 0 8252880 0 0 0
1791270692 2827, 13801, 77, 0x0000000000000004 | 1.19 1.29 1.33 | cpu  1092751695 290476030 191007829 15737584420 8970702 0 8252880 0 0 0
1791270693 2775, 13801, 77, 0x0000000000000004 | 1.19 1.29 1.33 | cpu  1092751812 290476030 191007855 15737586053 8970702 0 8252880 0 0 0
1791270695 2797, 13801, 77, 0x0000000000000004 | 1.19 1.29 1.33 | cpu  1092751929 290476030 191007873 15737587669 8970705 0 8252880 0 0 0
1791270696 2790, 13801, 77, 0x0000000000000004 | 1.19 1.29 1.33 | cpu  1092752047 290476030 191007902 15737589284 8970705 0 8252880 0 0 0
1791270697 2827, 13801, 78, 0x0000000000000000 | 1.18 1.29 1.33 | cpu  1092752163 290476030 191007922 15737590912 8970705 0 8252880 0 0 0
1791270698 2745, 13801, 78, 0x0000000000000004 | 1.18 1.29 1.33 | cpu  1092752285 290476030 191007948 15737592504 8970705 0 8252881 0 0 0
1791270699 2827, 13801, 77, 0x0000000000000004 | 1.18 1.29 1.33 | cpu  1092752403 290476030 191007967 15737594138 8970706 0 8252881 0 0 0
1791270700 2775, 13801, 77, 0x0000000000000004 | 1.18 1.29 1.33 | cpu  1092752519 290476030 191007992 15737595754 8970706 0 8252881 0 0 0
1791270701 2820, 13801, 78, 0x0000000000000004 | 1.24 1.30 1.33 | cpu  1092752641 290476030 191008016 15737597368 8970709 0 8252881 0 0 0
1791270702 2797, 13801, 78, 0x0000000000000004 | 1.24 1.30 1.33 | cpu  1092752760 290476030 191008040 15737599010 8970709 0 8252881 0 0 0
1791270703 2880, 13801, 73, 0x0000000000000004 | 1.24 1.30 1.33 | cpu  1092752882 290476030 191008063 15737600620 8970710 0 8252881 0 0 0
1791270704 2797, 13801, 77, 0x0000000000000004 | 1.24 1.30 1.33 | cpu  1092753007 290476030 191008153 15737602183 8970710 0 8252883 0 0 0
1791270706 2737, 13801, 79, 0x0000000000000004 | 1.24 1.30 1.33 | cpu  1092753140 290476030 191008281 15737603683 8970710 0 8252884 0 0 0
1791270707 2790, 13801, 76, 0x0000000000000000 | 1.22 1.29 1.33 | cpu  1092753255 290476030 191008303 15737605309 8970712 0 8252884 0 0 0
1791270708 2827, 13801, 78, 0x0000000000000004 | 1.22 1.29 1.33 | cpu  1092753375 290476030 191008327 15737606933 8970713 0 8252884 0 0 0
1791270709 2805, 13801, 78, 0x0000000000000004 | 1.22 1.29 1.33 | cpu  1092753492 290476030 191008348 15737608568 8970713 0 8252885 0 0 0
1791270710 2730, 13801, 78, 0x0000000000000004 | 1.22 1.29 1.33 | cpu  1092753615 290476030 191008373 15737610178 8970713 0 8252885 0 0 0
1791270711 2745, 13801, 79, 0x0000000000000004 | 1.22 1.29 1.33 | cpu  1092753735 290476030 191008399 15737611812 8970713 0 8252885 0 0 0
1791270712 2820, 13801, 77, 0x0000000000000004 | 1.37 1.32 1.34 | cpu  1092753851 290476030 191008421 15737613421 8970715 0 8252885 0 0 0
1791270713 2782, 13801, 79, 0x0000000000000004 | 1.37 1.32 1.34 | cpu  1092753969 290476030 191008443 15737615061 8970715 0 8252885 0 0 0
1791270714 2752, 13801, 78, 0x0000000000000004 | 1.37 1.32 1.34 | cpu  1092754084 290476030 191008464 15737616676 8970715 0 8252885 0 0 0
1791270716 2790, 13801, 77, 0x0000000000000004 | 1.37 1.32 1.34 | cpu  1092754200 290476030 191008490 15737618307 8970716 0 8252885 0 0 0
1791270717 2820, 13801, 79, 0x0000000000000004 | 1.34 1.32 1.34 | cpu  1092754316 290476030 191008512 15737619924 8970718 0 8252885 0 0 0
1791270718 2760, 13801, 79, 0x0000000000000004 | 1.34 1.32 1.34 | cpu  1092754434 290476030 191008532 15737621555 8970718 0 8252885 0 0 0
1791270719 2722, 13801, 79, 0x0000000000000004 | 1.34 1.32 1.34 | cpu  1092754559 290476030 191008563 15737623164 8970718 0 8252885 0 0 0
1791270720 2782, 13801, 77, 0x0000000000000004 | 1.34 1.32 1.34 | cpu  1092754674 290476030 191008583 15737624790 8970718 0 8252885 0 0 0
1791270721 2760, 13801, 78, 0x0000000000000004 | 1.34 1.32 1.34 | cpu  1092754796 290476030 191008609 15737626409 8970718 0 8252885 0 0 0
1791270722 2812, 13801, 79, 0x0000000000000004 | 1.31 1.31 1.34 | cpu  1092754920 290476030 191008637 15737628029 8970719 0 8252885 0 0 0
1791270723 2745, 13801, 78, 0x0000000000000004 | 1.31 1.31 1.34 | cpu  1092755041 290476030 191008665 15737629627 8970721 0 8252886 0 0 0
1791270724 2775, 13801, 77, 0x0000000000000004 | 1.31 1.31 1.34 | cpu  1092755159 290476030 191008687 15737631246 8970721 0 8252886 0 0 0
1791270725 2715, 13801, 79, 0x0000000000000004 | 1.31 1.31 1.34 | cpu  1092755276 290476030 191008709 15737632882 8970721 0 8252886 0 0 0
1791270727 2760, 13801, 79, 0x0000000000000004 | 1.28 1.31 1.33 | cpu  1092755399 290476030 191008735 15737634510 8970721 0 8252886 0 0 0
1791270728 2835, 13801, 79, 0x0000000000000004 | 1.28 1.31 1.33 | cpu  1092755517 290476030 191008758 15737636134 8970721 0 8252886 0 0 0
1791270729 2805, 13801, 79, 0x0000000000000004 | 1.28 1.31 1.33 | cpu  1092755633 290476030 191008778 15737637751 8970723 0 8252886 0 0 0
1791270730 2737, 13801, 78, 0x0000000000000004 | 1.28 1.31 1.33 | cpu  1092755750 290476030 191008799 15737639361 8970723 0 8252886 0 0 0
1791270731 2782, 13801, 75, 0x0000000000000004 | 1.28 1.31 1.33 | cpu  1092755867 290476030 191008819 15737640995 8970723 0 8252886 0 0 0
1791270732 2730, 13801, 79, 0x0000000000000004 | 1.26 1.30 1.33 | cpu  1092755988 290476030 191008847 15737642597 8970724 0 8252886 0 0 0
1791270733 2782, 13801, 80, 0x0000000000000004 | 1.26 1.30 1.33 | cpu  1092756103 290476030 191008866 15737644223 8970724 0 8252886 0 0 0
1791270734 2760, 13801, 79, 0x0000000000000004 | 1.26 1.30 1.33 | cpu  1092756219 290476030 191008889 15737645847 8970724 0 8252886 0 0 0
1791270735 2820, 13801, 75, 0x0000000000000000 | 1.26 1.30 1.33 | cpu  1092756335 290476030 191008909 15737647474 8970724 0 8252886 0 0 0
1791270736 2730, 13801, 78, 0x0000000000000004 | 1.24 1.30 1.33 | cpu  1092756452 290476030 191008932 15737649097 8970724 0 8252886 0 0 0
1791270738 2835, 13801, 78, 0x0000000000000004 | 1.24 1.30 1.33 | cpu  1092756572 290476030 191008991 15737650688 8970724 0 8252888 0 0 0
1791270739 2722, 13801, 79, 0x0000000000000004 | 1.24 1.30 1.33 | cpu  1092756688 290476030 191009059 15737652262 8970729 0 8252892 0 0 0
1791270740 2745, 13801, 80, 0x0000000000000004 | 1.24 1.30 1.33 | cpu  1092756808 290476030 191009083 15737653889 8970729 0 8252892 0 0 0
1791270741 2737, 13801, 80, 0x0000000000000004 | 1.24 1.30 1.33 | cpu  1092756924 290476030 191009104 15737655517 8970729 0 8252892 0 0 0
1791270742 2790, 13801, 80, 0x0000000000000004 | 1.22 1.29 1.33 | cpu  1092757040 290476030 191009129 15737657143 8970729 0 8252892 0 0 0
1791270743 2767, 13801, 79, 0x0000000000000004 | 1.22 1.29 1.33 | cpu  1092757156 290476030 191009150 15737658771 8970731 0 8252892 0 0 0
1791270744 2790, 13801, 78, 0x0000000000000004 | 1.22 1.29 1.33 | cpu  1092757278 290476030 191009175 15737660382 8970732 0 8252892 0 0 0
1791270745 2715, 13801, 78, 0x0000000000000004 | 1.22 1.29 1.33 | cpu  1092757395 290476030 191009195 15737662012 8970732 0 8252892 0 0 0
1791270746 2767, 13801, 80, 0x0000000000000004 | 1.20 1.29 1.33 | cpu  1092757513 290476030 191009217 15737663641 8970732 0 8252892 0 0 0
1791270748 2707, 13801, 80, 0x0000000000000004 | 1.20 1.29 1.33 | cpu  1092757631 290476030 191009237 15737665271 8970732 0 8252892 0 0 0
1791270749 2767, 13801, 80, 0x0000000000000004 | 1.20 1.29 1.33 | cpu  1092757749 290476030 191009260 15737666892 8970734 0 8252892 0 0 0
1791270750 2782, 13801, 80, 0x0000000000000004 | 1.20 1.29 1.33 | cpu  1092757865 290476030 191009281 15737668515 8970734 0 8252892 0 0 0
1791270751 2805, 13801, 79, 0x0000000000000004 | 1.20 1.29 1.33 | cpu  1092757984 290476030 191009301 15737670149 8970734 0 8252892 0 0 0
1791270752 2722, 13801, 78, 0x0000000000000004 | 1.19 1.28 1.32 | cpu  1092758109 290476030 191009329 15737671768 8970734 0 8252892 0 0 0
1791270753 2790, 13801, 76, 0x0000000000000000 | 1.19 1.28 1.32 | cpu  1092758225 290476030 191009350 15737673383 8970734 0 8252892 0 0 0
1791270754 2835, 13801, 80, 0x0000000000000004 | 1.19 1.28 1.32 | cpu  1092758346 290476030 191009374 15737675010 8970735 0 8252892 0 0 0
1791270755 2790, 13801, 78, 0x0000000000000000 | 1.19 1.28 1.32 | cpu  1092758474 290476030 191009404 15737676618 8970735 0 8252892 0 0 0
1791270756 2715, 13801, 79, 0x0000000000000004 | 1.25 1.29 1.33 | cpu  1092758605 290476030 191009455 15737678203 8970735 0 8252892 0 0 0
1791270757 2782, 13801, 79, 0x0000000000000004 | 1.25 1.29 1.33 | cpu  1092758736 290476030 191009505 15737679790 8970735 0 8252892 0 0 0
1791270759 2767, 13801, 78, 0x0000000000000004 | 1.25 1.29 1.33 | cpu  1092758852 290476030 191009528 15737681427 8970736 0 8252892 0 0 0
1791270760 2782, 13801, 78, 0x0000000000000004 | 1.25 1.29 1.33 | cpu  1092758969 290476030 191009548 15737683043 8970736 0 8252892 0 0 0
1791270761 2707, 13801, 80, 0x0000000000000004 | 1.25 1.29 1.33 | cpu  1092759086 290476030 191009569 15737684668 8970738 0 8252892 0 0 0
1791270762 2730, 13801, 80, 0x0000000000000004 | 1.23 1.29 1.33 | cpu  1092759203 290476030 191009590 15737686294 8970738 0 8252892 0 0 0
1791270763 2707, 13801, 79, 0x0000000000000004 | 1.23 1.29 1.33 | cpu  1092759320 290476030 191009612 15737687914 8970738 0 8252892 0 0 0
1791270764 2797, 13801, 81, 0x0000000000000004 | 1.23 1.29 1.33 | cpu  1092759436 290476030 191009635 15737689550 8970738 0 8252892 0 0 0
1791270765 2782, 13801, 79, 0x0000000000000004 | 1.23 1.29 1.33 | cpu  1092759554 290476030 191009658 15737691175 8970738 0 8252892 0 0 0
1791270766 2797, 13801, 80, 0x0000000000000004 | 1.21 1.28 1.32 | cpu  1092759683 290476030 191009688 15737692778 8970738 0 8252892 0 0 0
1791270767 2722, 13801, 79, 0x0000000000000004 | 1.21 1.28 1.32 | cpu  1092759816 290476030 191009731 15737694363 8970738 0 8252893 0 0 0
1791270769 2767, 13801, 76, 0x0000000000000000 | 1.21 1.28 1.32 | cpu  1092759950 290476030 191009822 15737695897 8970739 0 8252893 0 0 0
1791270770 2812, 13801, 79, 0x0000000000000004 | 1.21 1.28 1.32 | cpu  1092760069 290476030 191009843 15737697528 8970739 0 8252893 0 0 0
1791270771 2752, 13801, 78, 0x0000000000000004 | 1.21 1.28 1.32 | cpu  1092760185 290476030 191009890 15737699139 8970740 0 8252894 0 0 0
1791270772 2835, 13801, 79, 0x0000000000000004 | 1.28 1.30 1.33 | cpu  1092760309 290476030 191009981 15737700670 8970740 0 8252899 0 0 0
1791270773 2782, 13801, 79, 0x0000000000000004 | 1.28 1.30 1.33 | cpu  1092760454 290476030 191010058 15737702204 8970740 0 8252901 0 0 0
1791270774 2715, 13801, 78, 0x0000000000000004 | 1.28 1.30 1.33 | cpu  1092760570 290476030 191010080 15737703833 8970740 0 8252901 0 0 0
1791270775 2767, 13801, 80, 0x0000000000000004 | 1.28 1.30 1.33 | cpu  1092760686 290476030 191010103 15737705450 8970740 0 8252901 0 0 0
1791270776 2775, 13801, 80, 0x0000000000000004 | 1.25 1.29 1.33 | cpu  1092760810 290476030 191010127 15737707059 8970744 0 8252901 0 0 0
1791270777 2782, 13801, 78, 0x0000000000000004 | 1.25 1.29 1.33 | cpu  1092760927 290476030 191010150 15737708687 8970744 0 8252901 0 0 0
1791270778 2715, 13801, 79, 0x0000000000000004 | 1.25 1.29 1.33 | cpu  1092761048 290476030 191010174 15737710300 8970744 0 8252902 0 0 0
1791270780 2737, 13801, 79, 0x0000000000000004 | 1.25 1.29 1.33 | cpu  1092761164 290476030 191010196 15737711919 8970744 0 8252902 0 0 0
1791270781 2835, 13801, 79, 0x0000000000000004 | 1.25 1.29 1.33 | cpu  1092761281 290476030 191010213 15737713538 8970745 0 8252902 0 0 0
1791270782 2805, 13801, 79, 0x0000000000000004 | 1.39 1.32 1.34 | cpu  1092761399 290476030 191010239 15737715160 8970747 0 8252902 0 0 0
1791270783 2737, 13801, 78, 0x0000000000000004 | 1.39 1.32 1.34 | cpu  1092761545 290476030 191010275 15737716717 8970747 0 8252905 0 0 0
1791270784 2775, 13801, 76, 0x0000000000000004 | 1.39 1.32 1.34 | cpu  1092761664 290476030 191010296 15737718352 8970748 0 8252905 0 0 0
1791270785 2715, 13801, 79, 0x0000000000000004 | 1.39 1.32 1.34 | cpu  1092761785 290476030 191010318 15737719959 8970748 0 8252905 0 0 0
1791270786 2752, 13801, 78, 0x0000000000000004 | 1.44 1.33 1.34 | cpu  1092761902 290476030 191010340 15737721588 8970748 0 8252905 0 0 0
1791270787 2820, 13801, 80, 0x0000000000000004 | 1.44 1.33 1.34 | cpu  1092762024 290476030 191010363 15737723208 8970751 0 8252905 0 0 0
1791270788 2782, 13801, 80, 0x0000000000000004 | 1.44 1.33 1.34 | cpu  1092762141 290476030 191010384 15737724839 8970751 0 8252905 0 0 0
1791270789 2790, 13801, 78, 0x0000000000000004 | 1.44 1.33 1.34 | cpu  1092762261 290476030 191010409 15737726440 8970752 0 8252905 0 0 0
1791270791 2790, 13801, 80, 0x0000000000000004 | 1.44 1.33 1.34 | cpu  1092762377 290476030 191010429 15737728066 8970752 0 8252905 0 0 0
1791270792 2812, 13801, 79, 0x0000000000000004 | 1.49 1.34 1.34 | cpu  1092762495 290476030 191010453 15737729689 8970752 0 8252905 0 0 0
1791270793 2797, 13801, 78, 0x0000000000000004 | 1.49 1.34 1.34 | cpu  1092762611 290476030 191010471 15737731317 8970754 0 8252905 0 0 0
1791270794 2767, 13801, 79, 0x0000000000000004 | 1.49 1.34 1.34 | cpu  1092762728 290476030 191010492 15737732941 8970754 0 8252905 0 0 0
1791270795 2782, 13801, 80, 0x0000000000000004 | 1.49 1.34 1.34 | cpu  1092762845 290476030 191010514 15737734564 8970754 0 8252905 0 0 0
1791270796 2722, 13801, 79, 0x0000000000000004 | 1.49 1.34 1.34 | cpu  1092762969 290476030 191010544 15737736161 8970754 0 8252905 0 0 0
1791270797 2730, 13801, 79, 0x0000000000000004 | 1.53 1.35 1.35 | cpu  1092763090 290476030 191010571 15737737787 8970754 0 8252905 0 0 0
1791270798 2835, 13801, 80, 0x0000000000000004 | 1.53 1.35 1.35 | cpu  1092763209 290476030 191010590 15737739421 8970754 0 8252905 0 0 0
1791270799 2767, 13801, 80, 0x0000000000000004 | 1.53 1.35 1.35 | cpu  1092763324 290476030 191010613 15737741025 8970755 0 8252905 0 0 0
1791270800 2797, 13801, 79, 0x0000000000000004 | 1.53 1.35 1.35 | cpu  1092763448 290476030 191010636 15737742647 8970755 0 8252905 0 0 0
1791270802 2805, 13801, 81, 0x0000000000000004 | 1.49 1.35 1.35 | cpu  1092763571 290476030 191010665 15737744259 8970755 0 8252905 0 0 0
1791270803 2820, 13801, 76, 0x0000000000000004 | 1.49 1.35 1.35 | cpu  1092763687 290476030 191010685 15737745893 8970755 0 8252905 0 0 0
1791270804 2730, 13801, 80, 0x0000000000000004 | 1.49 1.35 1.35 | cpu  1092763811 290476030 191010716 15737747503 8970756 0 8252906 0 0 0
1791270805 2827, 13801, 79, 0x0000000000000004 | 1.49 1.35 1.35 | cpu  1092763957 290476030 191010878 15737748961 8970756 0 8252913 0 0 0
1791270806 2775, 13801, 78, 0x0000000000000004 | 1.49 1.35 1.35 | cpu  1092764073 290476030 191010896 15737750572 8970758 0 8252913 0 0 0
1791270807 2812, 13801, 80, 0x0000000000000004 | 1.53 1.36 1.35 | cpu  1092764193 290476030 191010918 15737752209 8970758 0 8252913 0 0 0
1791270808 2715, 13801, 79, 0x0000000000000004 | 1.53 1.36 1.35 | cpu  1092764310 290476030 191010939 15737753841 8970758 0 8252913 0 0 0
1791270809 2820, 13801, 79, 0x0000000000000004 | 1.53 1.36 1.35 | cpu  1092764429 290476030 191010962 15737755474 8970758 0 8252913 0 0 0
1791270810 2730, 13801, 79, 0x0000000000000004 | 1.53 1.36 1.35 | cpu  1092764550 290476030 191010988 15737757097 8970760 0 8252913 0 0 0
1791270812 2812, 13801, 80, 0x0000000000000004 | 1.49 1.35 1.35 | cpu  1092764668 290476030 191011007 15737758722 8970760 0 8252913 0 0 0
1791270813 2715, 13801, 79, 0x0000000000000004 | 1.49 1.35 1.35 | cpu  1092764791 290476030 191011035 15737760318 8970764 0 8252914 0 0 0
1791270814 2812, 13801, 76, 0x0000000000000004 | 1.49 1.35 1.35 | cpu  1092764908 290476030 191011057 15737761955 8970764 0 8252914 0 0 0
1791270815 2730, 13801, 78, 0x0000000000000004 | 1.49 1.35 1.35 | cpu  1092765026 290476030 191011082 15737763582 8970764 0 8252914 0 0 0
1791270816 2827, 13801, 80, 0x0000000000000004 | 1.49 1.35 1.35 | cpu  1092765144 290476030 191011102 15737765215 8970765 0 8252914 0 0 0
1791270817 2767, 13801, 79, 0x0000000000000004 | 1.45 1.35 1.35 | cpu  1092765263 290476030 191011124 15737766839 8970766 0 8252914 0 0 0
1791270818 2775, 13801, 79, 0x0000000000000004 | 1.45 1.35 1.35 | cpu  1092765381 290476030 191011145 15737768464 8970767 0 8252914 0 0 0
1791270819 2715, 13801, 79, 0x0000000000000004 | 1.45 1.35 1.35 | cpu  1092765499 290476030 191011168 15737770090 8970767 0 8252914 0 0 0
1791270820 2812, 13801, 79, 0x0000000000000004 | 1.45 1.35 1.35 | cpu  1092765616 290476030 191011190 15737771715 8970767 0 8252914 0 0 0
1791270821 2722, 13801, 80, 0x0000000000000004 | 1.41 1.34 1.34 | cpu  1092765734 290476030 191011209 15737773346 8970767 0 8252914 0 0 0
1791270823 2812, 13801, 80, 0x0000000000000000 | 1.41 1.34 1.34 | cpu  1092765854 290476030 191011235 15737774990 8970767 0 8252914 0 0 0
1791270824 2715, 13801, 78, 0x0000000000000004 | 1.41 1.34 1.34 | cpu  1092765982 290476030 191011260 15737776611 8970768 0 8252914 0 0 0
1791270825 2790, 13801, 80, 0x0000000000000004 | 1.41 1.34 1.34 | cpu  1092766100 290476030 191011285 15737778247 8970768 0 8252915 0 0 0
1791270826 2715, 13801, 79, 0x0000000000000004 | 1.41 1.34 1.34 | cpu  1092766223 290476030 191011309 15737779866 8970769 0 8252915 0 0 0
1791270827 2812, 13801, 80, 0x0000000000000004 | 1.38 1.33 1.34 | cpu  1092766340 290476030 191011336 15737781499 8970769 0 8252915 0 0 0
1791270828 2715, 13801, 78, 0x0000000000000004 | 1.38 1.33 1.34 | cpu  1092766460 290476030 191011355 15737783132 8970769 0 8252915 0 0 0
1791270829 2752, 13801, 78, 0x0000000000000000 | 1.38 1.33 1.34 | cpu  1092766585 290476030 191011382 15737784755 8970769 0 8252915 0 0 0
1791270830 2722, 13801, 79, 0x0000000000000004 | 1.38 1.33 1.34 | cpu  1092766714 290476030 191011415 15737786361 8970770 0 8252915 0 0 0
1791270831 2827, 13801, 78, 0x0000000000000004 | 1.43 1.35 1.35 | cpu  1092766846 290476030 191011506 15737787899 8970770 0 8252916 0 0 0
1791270833 2812, 13801, 78, 0x0000000000000004 | 1.43 1.35 1.35 | cpu  1092766964 290476030 191011531 15737789528 8970770 0 8252917 0 0 0
1791270834 2767, 13801, 79, 0x0000000000000004 | 1.43 1.35 1.35 | cpu  1092767082 290476030 191011556 15737791170 8970770 0 8252917 0 0 0
1791270835 2715, 13801, 79, 0x0000000000000004 | 1.43 1.35 1.35 | cpu  1092767205 290476030 191011580 15737792784 8970771 0 8252917 0 0 0
1791270836 2782, 13801, 80, 0x0000000000000004 | 1.43 1.35 1.35 | cpu  1092767324 290476030 191011605 15737794413 8970771 0 8252917 0 0 0
1791270837 2715, 13801, 79, 0x0000000000000004 | 1.47 1.36 1.35 | cpu  1092767442 290476030 191011626 15737796039 8970772 0 8252917 0 0 0
1791270838 2812, 13801, 79, 0x0000000000000004 | 1.47 1.36 1.35 | cpu  1092767561 290476030 191011738 15737797583 8970772 0 8252922 0 0 0
1791270839 2715, 13801, 79, 0x0000000000000004 | 1.47 1.36 1.35 | cpu  1092767679 290476030 191011757 15737799212 8970772 0 8252922 0 0 0
1791270840 2737, 13801, 80, 0x0000000000000004 | 1.47 1.36 1.35 | cpu  1092767796 290476030 191011780 15737800838 8970772 0 8252922 0 0 0
1791270841 2722, 13801, 78, 0x0000000000000004 | 1.44 1.35 1.35 | cpu  1092767915 290476030 191011800 15737802464 8970772 0 8252922 0 0 0
1791270843 2797, 13801, 79, 0x0000000000000004 | 1.44 1.35 1.35 | cpu  1092768034 290476030 191011825 15737804081 8970773 0 8252923 0 0 0
1791270844 2767, 13801, 79, 0x0000000000000004 | 1.44 1.35 1.35 | cpu  1092768148 290476030 191011844 15737805689 8970773 0 8252923 0 0 0
1791270845 2790, 13801, 79, 0x0000000000000004 | 1.44 1.35 1.35 | cpu  1092768266 290476030 191011869 15737807304 8970774 0 8252923 0 0 0
1791270846 2715, 13801, 78, 0x0000000000000004 | 1.44 1.35 1.35 | cpu  1092768387 290476030 191011895 15737808922 8970775 0 8252923 0 0 0
1791270847 2745, 13801, 78, 0x0000000000000004 | 1.40 1.34 1.35 | cpu  1092768506 290476030 191011921 15737810553 8970775 0 8252923 0 0 0
1791270848 2715, 13801, 80, 0x0000000000000004 | 1.40 1.34 1.35 | cpu  1092768622 290476030 191011942 15737812186 8970776 0 8252923 0 0 0
1791270849 2797, 13801, 79, 0x0000000000000004 | 1.40 1.34 1.35 | cpu  1092768740 290476030 191011966 15737813814 8970776 0 8252923 0 0 0
1791270850 2722, 13801, 78, 0x0000000000000004 | 1.40 1.34 1.35 | cpu  1092768858 290476030 191011988 15737815438 8970778 0 8252923 0 0 0
1791270851 2760, 13801, 80, 0x0000000000000004 | 1.37 1.34 1.34 | cpu  1092768982 290476030 191012015 15737817054 8970778 0 8252923 0 0 0
1791270852 2715, 13801, 79, 0x0000000000000004 | 1.37 1.34 1.34 | cpu  1092769100 290476030 191012038 15737818685 8970778 0 8252923 0 0 0
1791270854 2782, 13801, 79, 0x0000000000000004 | 1.37 1.34 1.34 | cpu  1092769217 290476030 191012059 15737820314 8970780 0 8252923 0 0 0
1791270855 2775, 13801, 79, 0x0000000000000004 | 1.37 1.34 1.34 | cpu  1092769341 290476030 191012087 15737821932 8970781 0 8252923 0 0 0
1791270856 2797, 13801, 80, 0x0000000000000004 | 1.37 1.34 1.34 | cpu  1092769457 290476030 191012107 15737823563 8970781 0 8252923 0 0 0
1791270857 2715, 13801, 78, 0x0000000000000004 | 1.42 1.35 1.35 | cpu  1092769573 290476030 191012130 15737825173 8970781 0 8252923 0 0 0
1791270858 2745, 13801, 79, 0x0000000000000004 | 1.42 1.35 1.35 | cpu  1092769696 290476030 191012155 15737826789 8970781 0 8252923 0 0 0
1791270859 2715, 13801, 79, 0x0000000000000004 | 1.42 1.35 1.35 | cpu  1092769813 290476030 191012177 15737828403 8970781 0 8252923 0 0 0
1791270860 2782, 13801, 80, 0x0000000000000004 | 1.42 1.35 1.35 | cpu  1092769930 290476030 191012196 15737830031 8970784 0 8252923 0 0 0
1791270861 2775, 13801, 79, 0x0000000000000004 | 1.39 1.34 1.35 | cpu  1092770048 290476030 191012220 15737831664 8970784 0 8252923 0 0 0
1791270862 2790, 13801, 80, 0x0000000000000004 | 1.39 1.34 1.35 | cpu  1092770165 290476030 191012242 15737833298 8970784 0 8252923 0 0 0
1791270864 2715, 13801, 78, 0x0000000000000004 | 1.39 1.34 1.35 | cpu  1092770283 290476030 191012265 15737834925 8970784 0 8252923 0 0 0
1791270865 2737, 13801, 79, 0x0000000000000004 | 1.39 1.34 1.35 | cpu  1092770400 290476030 191012285 15737836559 8970784 0 8252923 0 0 0
1791270866 2820, 13801, 79, 0x0000000000000004 | 1.39 1.34 1.35 | cpu  1092770518 290476030 191012307 15737838186 8970788 0 8252923 0 0 0
1791270867 2715, 13801, 79, 0x0000000000000004 | 1.43 1.35 1.35 | cpu  1092770635 290476030 191012329 15737839815 8970788 0 8252923 0 0 0
1791270868 2835, 13801, 79, 0x0000000000000004 | 1.43 1.35 1.35 | cpu  1092770753 290476030 191012350 15737841438 8970788 0 8252923 0 0 0
1791270869 2797, 13801, 75, 0x0000000000000000 | 1.43 1.35 1.35 | cpu  1092770876 290476030 191012376 15737843056 8970788 0 8252923 0 0 0
1791270870 2820, 13801, 79, 0x0000000000000004 | 1.43 1.35 1.35 | cpu  1092770993 290476030 191012397 15737844677 8970788 0 8252923 0 0 0
1791270871 2782, 13801, 78, 0x0000000000000004 | 1.56 1.38 1.36 | cpu  1092771112 290476030 191012505 15737846206 8970790 0 8252923 0 0 0
1791270872 2820, 13801, 78, 0x0000000000000004 | 1.56 1.38 1.36 | cpu  1092771231 290476030 191012526 15737847828 8970790 0 8252923 0 0 0
1791270873 2805, 13801, 80, 0x0000000000000004 | 1.56 1.38 1.36 | cpu  1092771356 290476030 191012561 15737849437 8970791 0 8252923 0 0 0
1791270875 2767, 13801, 79, 0x0000000000000004 | 1.56 1.38 1.36 | cpu  1092771473 290476030 191012583 15737851067 8970791 0 8252924 0 0 0
1791270876 2722, 13801, 78, 0x0000000000000004 | 1.56 1.38 1.36 | cpu  1092771590 290476030 191012605 15737852696 8970791 0 8252924 0 0 0
1791270877 2827, 13801, 80, 0x0000000000000004 | 1.52 1.38 1.36 | cpu  1092771713 290476030 191012632 15737854312 8970791 0 8252924 0 0 0
1791270878 2745, 13801, 79, 0x0000000000000004 | 1.52 1.38 1.36 | cpu  1092771830 290476030 191012653 15737855937 8970791 0 8252924 0 0 0
1791270879 2820, 13801, 78, 0x0000000000000004 | 1.52 1.38 1.36 | cpu  1092771950 290476030 191012675 15737857563 8970793 0 8252924 0 0 0
1791270880 2775, 13801, 78, 0x0000000000000004 | 1.52 1.38 1.36 | cpu  1092772071 290476030 191012700 15737859176 8970793 0 8252925 0 0 0
1791270881 2812, 13801, 79, 0x0000000000000004 | 1.55 1.39 1.36 | cpu  1092772190 290476030 191012723 15737860807 8970794 0 8252925 0 0 0
1791270882 2730, 13801, 78, 0x0000000000000004 | 1.55 1.39 1.36 | cpu  1092772305 290476030 191012745 15737862432 8970794 0 8252925 0 0 0
1791270883 2812, 13801, 76, 0x0000000000000004 | 1.55 1.39 1.36 | cpu  1092772422 290476030 191012772 15737864063 8970795 0 8252925 0 0 0
1791270885 2737, 13801, 78, 0x0000000000000004 | 1.55 1.39 1.36 | cpu  1092772537 290476030 191012792 15737865677 8970795 0 8252925 0 0 0
1791270886 2827, 13801, 79, 0x0000000000000004 | 1.55 1.39 1.36 | cpu  1092772654 290476030 191012814 15737867303 8970795 0 8252925 0 0 0
1791270887 2715, 13801, 78, 0x0000000000000004 | 1.51 1.38 1.36 | cpu  1092772770 290476030 191012836 15737868937 8970796 0 8252925 0 0 0
1791270888 2827, 13801, 78, 0x0000000000000004 | 1.51 1.38 1.36 | cpu  1092772889 290476030 191012855 15737870569 8970796 0 8252925 0 0 0
1791270889 2782, 13801, 76, 0x0000000000000000 | 1.51 1.38 1.36 | cpu  1092773006 290476030 191012881 15737872204 8970796 0 8252925 0 0 0
1791270890 2820, 13801, 78, 0x0000000000000004 | 1.51 1.38 1.36 | cpu  1092773122 290476030 191012902 15737873832 8970796 0 8252925 0 0 0
1791270891 2722, 13801, 78, 0x0000000000000004 | 1.55 1.39 1.36 | cpu  1092773240 290476030 191012925 15737875462 8970796 0 8252925 0 0 0
1791270892 2820, 13801, 79, 0x0000000000000004 | 1.55 1.39 1.36 | cpu  1092773368 290476030 191012953 15737877059 8970797 0 8252925 0 0 0
1791270893 2722, 13801, 79, 0x0000000000000004 | 1.55 1.39 1.36 | cpu  1092773495 290476030 191012987 15737878659 8970797 0 8252925 0 0 0
1791270894 2827, 13801, 79, 0x0000000000000004 | 1.55 1.39 1.36 | cpu  1092773633 290476030 191013078 15737880205 8970799 0 8252925 0 0 0
1791270896 2752, 13801, 78, 0x0000000000000004 | 1.55 1.39 1.36 | cpu  1092773751 290476030 191013098 15737881837 8970799 0 8252925 0 0 0
1791270897 2752, 13801, 80, 0x0000000000000004 | 1.50 1.38 1.36 | cpu  1092773871 290476030 191013128 15737883468 8970799 0 8252925 0 0 0
1791270898 2722, 13801, 79, 0x0000000000000004 | 1.50 1.38 1.36 | cpu  1092773988 290476030 191013150 15737885103 8970800 0 8252925 0 0 0
1791270899 2805, 13801, 78, 0x0000000000000004 | 1.50 1.38 1.36 | cpu  1092774112 290476030 191013179 15737886734 8970800 0 8252925 0 0 0
1791270900 2715, 13801, 78, 0x0000000000000004 | 1.50 1.38 1.36 | cpu  1092774236 290476030 191013202 15737888357 8970800 0 8252926 0 0 0
1791270901 2790, 13801, 78, 0x0000000000000004 | 1.50 1.38 1.36 | cpu  1092774410 290476030 191013309 15737889839 8970801 0 8252926 0 0 0
1791270902 2722, 13801, 79, 0x0000000000000004 | 1.46 1.38 1.36 | cpu  1092774563 290476030 191013355 15737891406 8970802 0 8252926 0 0 0
1791270903 2775, 13801, 80, 0x0000000000000004 | 1.46 1.38 1.36 | cpu  1092774687 290476030 191013383 15737893027 8970802 0 8252926 0 0 0
1791270904 2730, 13801, 79, 0x0000000000000004 | 1.46 1.38 1.36 | cpu  1092774806 290476030 191013490 15737894566 8970802 0 8252927 0 0 0
1791270906 2835, 13801, 77, 0x0000000000000004 | 1.46 1.38 1.36 | cpu  1092774920 290476030 191013509 15737896177 8970802 0 8252927 0 0 0
1791270907 2722, 13801, 78, 0x0000000000000004 | 1.43 1.37 1.36 | cpu  1092775038 290476030 191013533 15737897809 8970803 0 8252927 0 0 0
1791270908 2745, 13801, 78, 0x0000000000000004 | 1.43 1.37 1.36 | cpu  1092775157 290476030 191013555 15737899448 8970804 0 8252927 0 0 0
1791270909 2715, 13801, 78, 0x0000000000000004 | 1.43 1.37 1.36 | cpu  1092775274 290476030 191013576 15737901068 8970804 0 8252927 0 0 0
1791270910 2790, 13801, 78, 0x0000000000000004 | 1.43 1.37 1.36 | cpu  1092775392 290476030 191013599 15737902701 8970804 0 8252927 0 0 0
1791270911 2715, 13801, 79, 0x0000000000000004 | 1.43 1.37 1.36 | cpu  1092775509 290476030 191013620 15737904339 8970804 0 8252927 0 0 0
1791270912 2797, 13801, 79, 0x0000000000000004 | 1.39 1.36 1.35 | cpu  1092775634 290476030 191013643 15737905956 8970807 0 8252927 0 0 0
1791270913 2722, 13801, 78, 0x0000000000000004 | 1.39 1.36 1.35 | cpu  1092775750 290476030 191013662 15737907585 8970807 0 8252927 0 0 0
1791270914 2752, 13801, 76, 0x0000000000000000 | 1.39 1.36 1.35 | cpu  1092775871 290476030 191013690 15737909183 8970809 0 8252927 0 0 0
1791270915 2715, 13801, 78, 0x0000000000000004 | 1.39 1.36 1.35 | cpu  1092776007 290476030 191013716 15737910786 8970809 0 8252928 0 0 0
1791270917 2752, 13801, 79, 0x0000000000000004 | 1.36 1.36 1.35 | cpu  1092776151 290476030 191013762 15737912345 8970811 0 8252928 0 0 0
1791270918 2812, 13801, 79, 0x0000000000000004 | 1.36 1.36 1.35 | cpu  1092776284 290476030 191013818 15737913911 8970811 0 8252928 0 0 0
1791270919 2790, 13801, 79, 0x0000000000000004 | 1.36 1.36 1.35 | cpu  1092776400 290476030 191013843 15737915535 8970811 0 8252928 0 0 0
1791270920 2775, 13801, 78, 0x0000000000000004 | 1.36 1.36 1.35 | cpu  1092776518 290476030 191013862 15737917165 8970811 0 8252928 0 0 0
1791270921 2797, 13801, 78, 0x0000000000000004 | 1.36 1.36 1.35 | cpu  1092776635 290476030 191013889 15737918806 8970812 0 8252928 0 0 0
1791270922 2730, 13801, 78, 0x0000000000000004 | 1.33 1.35 1.35 | cpu  1092776753 290476030 191013909 15737920443 8970812 0 8252928 0 0 0
1791270923 2812, 13801, 78, 0x0000000000000004 | 1.33 1.35 1.35 | cpu  1092776870 290476030 191013930 15737922073 8970813 0 8252928 0 0 0
1791270924 2745, 13801, 78, 0x0000000000000004 | 1.33 1.35 1.35 | cpu  1092776988 290476030 191013952 15737923698 8970813 0 8252928 0 0 0
1791270925 2715, 13801, 78, 0x0000000000000004 | 1.33 1.35 1.35 | cpu  1092777113 290476030 191013980 15737925310 8970813 0 8252928 0 0 0
1791270927 2722, 13801, 79, 0x0000000000000004 | 1.30 1.35 1.35 | cpu  1092777242 290476030 191014007 15737926922 8970815 0 8252929 0 0 0
1791270928 2760, 13801, 77, 0x0000000000000004 | 1.30 1.35 1.35 | cpu  1092777359 290476030 191014029 15737928556 8970815 0 8252929 0 0 0
1791270929 2835, 13801, 79, 0x0000000000000004 | 1.30 1.35 1.35 | cpu  1092777478 290476030 191014050 15737930184 8970815 0 8252929 0 0 0
1791270930 2805, 13801, 78, 0x0000000000000004 | 1.30 1.35 1.35 | cpu  1092777592 290476030 191014071 15737931801 8970815 0 8252929 0 0 0
1791270931 2752, 13801, 78, 0x0000000000000004 | 1.30 1.35 1.35 | cpu  1092777708 290476030 191014095 15737933421 8970817 0 8252929 0 0 0
1791270932 2782, 13801, 77, 0x0000000000000004 | 1.28 1.34 1.35 | cpu  1092777829 290476030 191014116 15737935050 8970817 0 8252929 0 0 0
1791270933 2820, 13801, 78, 0x0000000000000004 | 1.28 1.34 1.35 | cpu  1092777947 290476030 191014140 15737936673 8970818 0 8252929 0 0 0
1791270934 2730, 13801, 79, 0x0000000000000004 | 1.28 1.34 1.35 | cpu  1092778064 290476030 191014162 15737938314 8970818 0 8252930 0 0 0
1791270935 2820, 13801, 79, 0x0000000000000004 | 1.28 1.34 1.35 | cpu  1092778180 290476030 191014185 15737939927 8970818 0 8252930 0 0 0
1791270936 2775, 13801, 78, 0x0000000000000004 | 1.26 1.33 1.35 | cpu  1092778296 290476030 191014206 15737941560 8970818 0 8252930 0 0 0
1791270938 2812, 13801, 77, 0x0000000000000004 | 1.26 1.33 1.35 | cpu  1092778419 290476030 191014305 15737943095 8970820 0 8252934 0 0 0
1791270939 2730, 13801, 79, 0x0000000000000004 | 1.26 1.33 1.35 | cpu  1092778535 290476030 191014342 15737944711 8970820 0 8252936 0 0 0
1791270940 2812, 13801, 78, 0x0000000000000004 | 1.26 1.33 1.35 | cpu  1092778653 290476030 191014363 15737946327 8970820 0 8252936 0 0 0
1791270941 2745, 13801, 78, 0x0000000000000004 | 1.26 1.33 1.35 | cpu  1092778770 290476030 191014384 15737947964 8970821 0 8252936 0 0 0
1791270942 2820, 13801, 79, 0x0000000000000004 | 1.24 1.33 1.34 | cpu  1092778890 290476030 191014410 15737949557 8970822 0 8252936 0 0 0
1791270943 2722, 13801, 78, 0x0000000000000004 | 1.24 1.33 1.34 | cpu  1092779007 290476030 191014430 15737951185 8970823 0 8252936 0 0 0
1791270944 2827, 13801, 78, 0x0000000000000004 | 1.24 1.33 1.34 | cpu  1092779123 290476030 191014450 15737952794 8970823 0 8252936 0 0 0
1791270945 2730, 13801, 78, 0x0000000000000004 | 1.24 1.33 1.34 | cpu  1092779240 290476030 191014471 15737954425 8970823 0 8252936 0 0 0
1791270946 2827, 13801, 78, 0x0000000000000004 | 1.22 1.32 1.34 | cpu  1092779360 290476030 191014492 15737956058 8970823 0 8252936 0 0 0
1791270947 2752, 13801, 79, 0x0000000000000004 | 1.22 1.32 1.34 | cpu  1092779487 290476030 191014522 15737957664 8970823 0 8252936 0 0 0
1791270949 2827, 13801, 78, 0x0000000000000004 | 1.22 1.32 1.34 | cpu  1092779620 290476030 191014565 15737959252 8970825 0 8252937 0 0 0
1791270950 2722, 13801, 78, 0x0000000000000004 | 1.22 1.32 1.34 | cpu  1092779755 290476030 191014631 15737960811 8970825 0 8252938 0 0 0
1791270951 2790, 13801, 79, 0x0000000000000004 | 1.22 1.32 1.34 | cpu  1092779883 290476030 191014662 15737962435 8970825 0 8252939 0 0 0
1791270952 2722, 13801, 78, 0x0000000000000004 | 1.28 1.33 1.35 | cpu  1092780005 290476030 191014690 15737964047 8970825 0 8252939 0 0 0
1791270953 2820, 13801, 79, 0x0000000000000004 | 1.28 1.33 1.35 | cpu  1092780121 290476030 191014713 15737965690 8970826 0 8252940 0 0 0
1791270954 2722, 13801, 78, 0x0000000000000004 | 1.28 1.33 1.35 | cpu  1092780240 290476030 191014736 15737967324 8970826 0 8252940 0 0 0
1791270955 2775, 13801, 78, 0x0000000000000004 | 1.28 1.33 1.35 | cpu  1092780363 290476030 191014760 15737968942 8970826 0 8252940 0 0 0
1791270956 2760, 13801, 79, 0x0000000000000004 | 1.26 1.33 1.34 | cpu  1092780516 290476030 191014817 15737970489 8970827 0 8252941 0 0 0
1791270957 2812, 13801, 78, 0x0000000000000004 | 1.26 1.33 1.34 | cpu  1092780646 290476030 191014904 15737972022 8970827 0 8252941 0 0 0
1791270959 2715, 13801, 79, 0x0000000000000004 | 1.26 1.33 1.34 | cpu  1092780764 290476030 191014926 15737973644 8970827 0 8252941 0 0 0
1791270960 2775, 13801, 76, 0x0000000000000004 | 1.26 1.33 1.34 | cpu  1092780886 290476030 191014950 15737975259 8970827 0 8252941 0 0 0
1791270961 2722, 13801, 78, 0x0000000000000004 | 1.26 1.33 1.34 | cpu  1092781003 290476030 191014972 15737976868 8970827 0 8252942 0 0 0
1791270962 2812, 13801, 78, 0x0000000000000004 | 1.24 1.32 1.34 | cpu  1092781121 290476030 191014996 15737978509 8970829 0 8252942 0 0 0
1791270963 2730, 13801, 77, 0x0000000000000004 | 1.24 1.32 1.34 | cpu  1092781239 290476030 191015019 15737980113 8970830 0 8252942 0 0 0
1791270964 2827, 13801, 78, 0x0000000000000004 | 1.24 1.32 1.34 | cpu  1092781363 290476030 191015045 15737981749 8970831 0 8252942 0 0 0
1791270965 2715, 13801, 78, 0x0000000000000004 | 1.24 1.32 1.34 | cpu  1092781510 290476030 191015118 15737983281 8970832 0 8252943 0 0 0
1791270966 2752, 13801, 79, 0x0000000000000004 | 1.22 1.32 1.34 | cpu  1092781629 290476030 191015145 15737984888 8970832 0 8252943 0 0 0
1791270967 2722, 13801, 77, 0x0000000000000004 | 1.22 1.32 1.34 | cpu  1092781746 290476030 191015169 15737986512 8970834 0 8252943 0 0 0
1791270968 2797, 13801, 79, 0x0000000000000004 | 1.22 1.32 1.34 | cpu  1092781862 290476030 191015190 15737988147 8970834 0 8252943 0 0 0
1791270970 2722, 13801, 78, 0x0000000000000004 | 1.22 1.32 1.34 | cpu  1092781979 290476030 191015213 15737989767 8970834 0 8252943 0 0 0
1791270971 2782, 13801, 74, 0x0000000000000004 | 1.22 1.32 1.34 | cpu  1092782095 290476030 191015289 15737991337 8970834 0 8252944 0 0 0
1791270972 2722, 13801, 78, 0x0000000000000004 | 1.20 1.31 1.34 | cpu  1092782219 290476030 191015348 15737992917 8970835 0 8252949 0 0 0
1791270973 2775, 13801, 79, 0x0000000000000004 | 1.20 1.31 1.34 | cpu  1092782338 290476030 191015369 15737994549 8970835 0 8252949 0 0 0
1791270974 2715, 13801, 79, 0x0000000000000004 | 1.20 1.31 1.34 | cpu  1092782455 290476030 191015390 15737996174 8970835 0 8252949 0 0 0
1791270975 2805, 13801, 78, 0x0000000000000004 | 1.20 1.31 1.34 | cpu  1092782570 290476030 191015414 15737997797 8970836 0 8252949 0 0 0
1791270976 2722, 13801, 78, 0x0000000000000004 | 1.26 1.32 1.34 | cpu  1092782693 290476030 191015439 15737999411 8970836 0 8252949 0 0 0
1791270977 2767, 13801, 75, 0x0000000000000000 | 1.26 1.32 1.34 | cpu  1092782811 290476030 191015462 15738001048 8970836 0 8252949 0 0 0
1791270978 2715, 13801, 79, 0x0000000000000004 | 1.26 1.32 1.34 | cpu  1092782930 290476030 191015482 15738002679 8970836 0 8252949 0 0 0
1791270980 2857, 13801, 74, 0x0000000000000004 | 1.26 1.32 1.34 | cpu  1092783045 290476030 191015505 15738004293 8970837 0 8252949 0 0 0
1791270981 2745, 13801, 75, 0x0000000000000000 | 1.26 1.32 1.34 | cpu  1092783161 290476030 191015525 15738005923 8970837 0 8252950 0 0 0
1791270982 2775, 13801, 76, 0x0000000000000004 | 1.24 1.32 1.34 | cpu  1092783279 290476030 191015550 15738007549 8970838 0 8252950 0 0 0
1791270983 2722, 13801, 78, 0x0000000000000004 | 1.24 1.32 1.34 | cpu  1092783400 290476030 191015575 15738009169 8970838 0 8252950 0 0 0
1791270984 2775, 13801, 78, 0x0000000000000004 | 1.24 1.32 1.34 | cpu  1092783516 290476030 191015596 15738010789 8970838 0 8252950 0 0 0
1791270985 2722, 13801, 79, 0x0000000000000004 | 1.24 1.32 1.34 | cpu  1092783635 290476030 191015618 15738012421 8970839 0 8252950 0 0 0
1791270986 2805, 13801, 79, 0x0000000000000004 | 1.30 1.33 1.34 | cpu  1092783758 290476030 191015647 15738014032 8970839 0 8252950 0 0 0
1791270987 2760, 13801, 78, 0x0000000000000004 | 1.30 1.33 1.34 | cpu  1092783875 290476030 191015670 15738015664 8970839 0 8252950 0 0 0
1791270988 2782, 13801, 77, 0x0000000000000004 | 1.30 1.33 1.34 | cpu  1092783991 290476030 191015692 15738017301 8970839 0 8252950 0 0 0
1791270989 2715, 13801, 79, 0x0000000000000004 | 1.30 1.33 1.34 | cpu  1092784109 290476030 191015714 15738018924 8970839 0 8252950 0 0 0
1791270991 2827, 13801, 79, 0x0000000000000004 | 1.30 1.33 1.34 | cpu  1092784227 290476030 191015734 15738020556 8970840 0 8252951 0 0 0
1791270992 2820, 13801, 79, 0x0000000000000004 | 1.36 1.34 1.35 | cpu  1092784346 290476030 191015757 15738022182 8970840 0 8252952 0 0 0
1791270993 2820, 13801, 78, 0x0000000000000004 | 1.36 1.34 1.35 | cpu  1092784464 290476030 191015778 15738023807 8970841 0 8252952 0 0 0
1791270994 2812, 13801, 78, 0x0000000000000004 | 1.36 1.34 1.35 | cpu  1092784588 290476030 191015806 15738025435 8970841 0 8252954 0 0 0
1791270995 2895, 13801, 68, 0x0000000000000000 | 1.36 1.34 1.35 | cpu  1092784666 290476030 191015838 15738027084 8970841 0 8252954 0 0 0
1791270996 2895, 13801, 65, 0x0000000000000000 | 1.36 1.34 1.35 | cpu  1092784754 290476030 191015872 15738028714 8970842 0 8252954 0 0 0
1791270997 2430, 13801, 62, 0x0000000000000000 | 1.33 1.33 1.35 | cpu  1092784837 290476030 191015915 15738030344 8970842 0 8252954 0 0 0
1791270998 2430, 13801, 61, 0x0000000000000000 | 1.33 1.33 1.35 | cpu  1092784924 290476030 191015948 15738031984 8970843 0 8252954 0 0 0
1791270999 2430, 13801, 60, 0x0000000000000000 | 1.33 1.33 1.35 | cpu  1092785013 290476030 191015977 15738033610 8970843 0 8252954 0 0 0
1791271000 2430, 13801, 60, 0x0000000000000000 | 1.33 1.33 1.35 | cpu  1092785094 290476030 191016015 15738035244 8970846 0 8252954 0 0 0
1791271002 2430, 13801, 59, 0x0000000000000000 | 1.30 1.33 1.34 | cpu  1092785194 290476030 191016052 15738036862 8970846 0 8252954 0 0 0
1791271003 2430, 13801, 59, 0x0000000000000000 | 1.30 1.33 1.34 | cpu  1092785272 290476030 191016094 15738038497 8970847 0 8252954 0 0 0
1791271004 2430, 13801, 58, 0x0000000000000000 | 1.30 1.33 1.34 | cpu  1092785358 290476030 191016165 15738040093 8970847 0 8252955 0 0 0
1791271005 2430, 13801, 58, 0x0000000000000000 | 1.30 1.33 1.34 | cpu  1092785448 290476030 191016253 15738041676 8970847 0 8252964 0 0 0
1791271006 2430, 13801, 57, 0x0000000000000000 | 1.30 1.33 1.34 | cpu  1092785544 290476030 191016285 15738043304 8970847 0 8252964 0 0 0
1791271007 2430, 13801, 57, 0x0000000000000000 | 1.28 1.32 1.34 | cpu  1092785631 290476030 191016320 15738044943 8970847 0 8252964 0 0 0
1791271008 2430, 13801, 57, 0x0000000000000000 | 1.28 1.32 1.34 | cpu  1092785717 290476030 191016354 15738046578 8970848 0 8252964 0 0 0
1791271009 2430, 13801, 56, 0x0000000000000000 | 1.28 1.32 1.34 | cpu  1092785799 290476030 191016395 15738048226 8970848 0 8252964 0 0 0
1791271010 2430, 13801, 56, 0x0000000000000000 | 1.28 1.32 1.34 | cpu  1092785883 290476030 191016429 15738049859 8970850 0 8252964 0 0 0
1791271011 2430, 13801, 56, 0x0000000000000000 | 1.26 1.32 1.34 | cpu  1092785975 290476030 191016461 15738051496 8970850 0 8252964 0 0 0
1791271013 2430, 13801, 56, 0x0000000000000000 | 1.26 1.32 1.34 | cpu  1092786058 290476030 191016498 15738053139 8970850 0 8252964 0 0 0
1791271014 2430, 13801, 55, 0x0000000000000000 | 1.26 1.32 1.34 | cpu  1092786148 290476030 191016527 15738054774 8970850 0 8252964 0 0 0
1791271015 2430, 13801, 55, 0x0000000000000000 | 1.26 1.32 1.34 | cpu  1092786227 290476030 191016570 15738056417 8970850 0 8252964 0 0 0
1791271016 2430, 13801, 55, 0x0000000000000000 | 1.26 1.32 1.34 | cpu  1092786314 290476030 191016603 15738058060 8970850 0 8252964 0 0 0
1791271017 2430, 13801, 55, 0x0000000000000000 | 1.24 1.31 1.34 | cpu  1092786410 290476030 191016639 15738059679 8970855 0 8252964 0 0 0
1791271018 2430, 13801, 55, 0x0000000000000000 | 1.24 1.31 1.34 | cpu  1092786496 290476030 191016681 15738061302 8970855 0 8252964 0 0 0
1791271019 2430, 13801, 54, 0x0000000000000000 | 1.24 1.31 1.34 | cpu  1092786594 290476030 191016725 15738062917 8970855 0 8252964 0 0 0
1791271020 2430, 13801, 54, 0x0000000000000000 | 1.24 1.31 1.34 | cpu  1092786690 290476030 191016838 15738064463 8970855 0 8252965 0 0 0
1791271021 2430, 13801, 54, 0x0000000000000000 | 1.22 1.31 1.34 | cpu  1092786777 290476030 191016876 15738066086 8970857 0 8252965 0 0 0
1791271022 2430, 13801, 54, 0x0000000000000000 | 1.22 1.31 1.34 | cpu  1092786870 290476030 191016906 15738067723 8970858 0 8252965 0 0 0
1791271024 2430, 13801, 54, 0x0000000000000000 | 1.22 1.31 1.34 | cpu  1092786950 290476030 191016944 15738069352 8970858 0 8252965 0 0 0
1791271025 2430, 13801, 54, 0x0000000000000000 | 1.22 1.31 1.34 | cpu  1092787039 290476030 191016975 15738070990 8970858 0 8252965 0 0 0
1791271026 2430, 13801, 53, 0x0000000000000000 | 1.22 1.31 1.34 | cpu  1092787120 290476030 191017017 15738072630 8970858 0 8252965 0 0 0
1791271027 2430, 13801, 53, 0x0000000000000000 | 1.20 1.30 1.33 | cpu  1092787214 290476030 191017053 15738074264 8970859 0 8252966 0 0 0
1791271028 2430, 13801, 53, 0x0000000000000000 | 1.20 1.30 1.33 | cpu  1092787317 290476030 191017098 15738075855 8970859 0 8252966 0 0 0
1791271029 2430, 13801, 53, 0x0000000000000000 | 1.20 1.30 1.33 | cpu  1092787399 290476030 191017136 15738077495 8970859 0 8252966 0 0 0
1791271030 2430, 13801, 53, 0x0000000000000000 | 1.20 1.30 1.33 | cpu  1092787491 290476030 191017177 15738079130 8970859 0 8252966 0 0 0
1791271031 2430, 13801, 53, 0x0000000000000000 | 1.18 1.30 1.33 | cpu  1092787569 290476030 191017219 15738080765 8970861 0 8252966 0 0 0
1791271032 2430, 13801, 53, 0x0000000000000000 | 1.18 1.30 1.33 | cpu  1092787659 290476030 191017250 15738082406 8970861 0 8252966 0 0 0
1791271033 2430, 13801, 52, 0x0000000000000000 | 1.18 1.30 1.33 | cpu  1092787746 290476030 191017283 15738084043 8970861 0 8252966 0 0 0
1791271035 2430, 13801, 52, 0x0000000000000000 | 1.18 1.30 1.33 | cpu  1092787828 290476030 191017321 15738085684 8970861 0 8252966 0 0 0
1791271036 2430, 13801, 52, 0x0000000000000000 | 1.18 1.30 1.33 | cpu  1092787911 290476030 191017358 15738087327 8970862 0 8252966 0 0 0
1791271037 2430, 13801, 52, 0x0000000000000000 | 1.17 1.29 1.33 | cpu  1092787996 290476030 191017404 15738088957 8970863 0 8252966 0 0 0
1791271038 2430, 13801, 52, 0x0000000000000000 | 1.17 1.29 1.33 | cpu  1092788090 290476030 191017516 15738090500 8970863 0 8252976 0 0 0
1791271039 2430, 13801, 52, 0x0000000000000000 | 1.17 1.29 1.33 | cpu  1092788182 290476030 191017544 15738092139 8970863 0 8252976 0 0 0
1791271040 2430, 13801, 52, 0x0000000000000000 | 1.17 1.29 1.33 | cpu  1092788279 290476030 191017576 15738093763 8970863 0 8252976 0 0 0
1791271041 2430, 13801, 52, 0x0000000000000000 | 1.24 1.30 1.33 | cpu  1092788369 290476030 191017605 15738095402 8970863 0 8252976 0 0 0
1791271042 2430, 13801, 52, 0x0000000000000000 | 1.24 1.30 1.33 | cpu  1092788462 290476030 191017634 15738097041 8970863 0 8252976 0 0 0
1791271043 2430, 13801, 51, 0x0000000000000000 | 1.24 1.30 1.33 | cpu  1092788555 290476030 191017664 15738098677 8970864 0 8252976 0 0 0
1791271044 2430, 13801, 51, 0x0000000000000000 | 1.24 1.30 1.33 | cpu  1092788623 290476030 191017734 15738100300 8970867 0 8252976 0 0 0
1791271046 2430, 13801, 51, 0x0000000000000000 | 1.24 1.30 1.33 | cpu  1092788748 290476030 191017804 15738101863 8970867 0 8252976 0 0 0
