1791020272 952, 7001, 43, 0x0000000000000000 | 4.63 4.64 3.83 | cpu  51689805 656 11219734 2008354877 401137 0 148150 0 0 0
1791020273 600, 7001, 43, 0x0000000000000000 | 4.63 4.64 3.83 | cpu  51690554 656 11219774 2008379090 401137 0 148150 0 0 0
1791020275 375, 810, 42, 0x0000000000000000 | 4.42 4.60 3.82 | cpu  51690633 656 11219815 2008403982 401137 0 148151 0 0 0
1791020276 300, 405, 42, 0x0000000000000004 | 4.42 4.60 3.82 | cpu  51691471 656 11219865 2008431222 401137 0 148151 0 0 0
1791020277 300, 405, 42, 0x0000000000000004 | 4.42 4.60 3.82 | cpu  51691603 656 11219925 2008456393 401139 0 148152 0 0 0
1791020278 300, 405, 42, 0x0000000000000004 | 4.42 4.60 3.82 | cpu  51691648 656 11220000 2008481337 401139 0 148152 0 0 0
1791020279 300, 405, 42, 0x0000000000000004 | 4.42 4.60 3.82 | cpu  51691736 656 11220027 2008506301 401139 0 148152 0 0 0
1791020280 2647, 13801, 43, 0x0000000000000000 | 4.15 4.54 3.80 | cpu  51692552 656 11220072 2008530286 401141 0 148152 0 0 0
1791020281 2647, 13801, 43, 0x0000000000000000 | 4.15 4.54 3.80 | cpu  51692832 656 11220144 2008554793 401143 0 148158 0 0 0
1791020283 2647, 13801, 43, 0x0000000000000000 | 4.15 4.54 3.80 | cpu  51695600 656 11220207 2008577342 401143 0 148159 0 0 0
1791020284 2700, 13801, 43, 0x0000000000000000 | 4.15 4.54 3.80 | cpu  51696679 656 11220454 2008600685 401150 0 148160 0 0 0
1791020285 2707, 13801, 42, 0x0000000000000000 | 3.97 4.50 3.79 | cpu  51697946 656 11220555 2008623940 401152 0 148160 0 0 0
1791020286 2647, 13801, 43, 0x0000000000000000 | 3.97 4.50 3.79 | cpu  51699006 656 11220588 2008647537 401152 0 148160 0 0 0
1791020287 2677, 13801, 42, 0x0000000000000000 | 3.97 4.50 3.79 | cpu  51699465 656 11220630 2008671758 401155 0 148160 0 0 0
1791020288 2707, 13801, 42, 0x0000000000000000 | 3.97 4.50 3.79 | cpu  51700781 656 11220733 2008696894 401155 0 148160 0 0 0
1791020289 2700, 13801, 42, 0x0000000000000000 | 3.97 4.50 3.79 | cpu  51702210 656 11220820 2008720599 401155 0 148161 0 0 0
1791020290 2677, 13801, 42, 0x0000000000000000 | 3.82 4.46 3.78 | cpu  51702600 656 11220845 2008745069 401155 0 148161 0 0 0
1791020292 2647, 13801, 42, 0x0000000000000000 | 3.82 4.46 3.78 | cpu  51702971 656 11220889 2008769611 401155 0 148161 0 0 0
1791020293 2647, 13801, 42, 0x0000000000000000 | 3.82 4.46 3.78 | cpu  51703720 656 11220997 2008794823 401157 0 148162 0 0 0
1791020294 2707, 13801, 42, 0x0000000000000000 | 3.82 4.46 3.78 | cpu  51704154 656 11221041 2008819132 401157 0 148163 0 0 0
1791020295 2707, 13801, 42, 0x0000000000000000 | 3.67 4.42 3.77 | cpu  51704630 656 11221149 2008843392 401157 0 148166 0 0 0
1791020296 2647, 13801, 43, 0x0000000000000000 | 3.67 4.42 3.77 | cpu  51704994 656 11221226 2008868175 401157 0 148166 0 0 0
1791020297 2707, 13801, 42, 0x0000000000000000 | 3.67 4.42 3.77 | cpu  51705368 656 11221252 2008892580 401157 0 148166 0 0 0
1791020298 2707, 13801, 42, 0x0000000000000000 | 3.67 4.42 3.77 | cpu  51705711 656 11221295 2008916859 401159 0 148167 0 0 0
1791020299 2647, 13801, 42, 0x0000000000000000 | 3.67 4.42 3.77 | cpu  51706023 656 11221364 2008941216 401159 0 148167 0 0 0
1791020300 2647, 13801, 42, 0x0000000000000000 | 3.46 4.36 3.76 | cpu  51706355 656 11221391 2008965663 401159 0 148168 0 0 0
1791020302 2647, 13801, 43, 0x0000000000000000 | 3.46 4.36 3.76 | cpu  51706682 656 11221444 2008990065 401159 0 148168 0 0 0
1791020303 2647, 13801, 42, 0x0000000000000000 | 3.46 4.36 3.76 | cpu  51707034 656 11221477 2009014395 401159 0 148168 0 0 0
1791020304 2685, 13801, 42, 0x0000000000000000 | 3.46 4.36 3.76 | cpu  51707418 656 11221524 2009039138 401163 0 148169 0 0 0
1791020305 2707, 13801, 41, 0x0000000000000000 | 3.26 4.30 3.74 | cpu  51707712 656 11221664 2009063586 401165 0 148169 0 0 0
1791020306 2662, 13801, 42, 0x0000000000000000 | 3.26 4.30 3.74 | cpu  51708918 656 11221774 2009088728 401165 0 148170 0 0 0
1791020307 2647, 13801, 41, 0x0000000000000000 | 3.26 4.30 3.74 | cpu  51710204 656 11221965 2009112255 401165 0 148170 0 0 0
1791020308 2647, 13801, 41, 0x0000000000000000 | 3.26 4.30 3.74 | cpu  51711368 656 11222135 2009135608 401165 0 148171 0 0 0
1791020309 2662, 13801, 41, 0x0000000000000000 | 3.26 4.30 3.74 | cpu  51712824 656 11222264 2009159568 401171 0 148171 0 0 0
1791020311 2662, 13801, 41, 0x0000000000000000 | 3.32 4.30 3.74 | cpu  51714389 656 11222657 2009187358 401175 0 148171 0 0 0
1791020312 2662, 13801, 41, 0x0000000000000000 | 3.32 4.30 3.74 | cpu  51715731 656 11222894 2009211384 401175 0 148171 0 0 0
1791020313 2662, 13801, 41, 0x0000000000000000 | 3.32 4.30 3.74 | cpu  51716751 656 11223171 2009235254 401175 0 148172 0 0 0
1791020314 2662, 13801, 41, 0x0000000000000000 | 3.32 4.30 3.74 | cpu  51718090 656 11223358 2009258399 401176 0 148173 0 0 0
1791020315 2647, 13801, 41, 0x0000000000000000 | 3.53 4.33 3.75 | cpu  51719448 656 11224583 2009280724 401180 0 148173 0 0 0
1791020316 2790, 13801, 41, 0x0000000000000000 | 3.53 4.33 3.75 | cpu  51720647 656 11224805 2009305270 401183 0 148178 0 0 0
1791020318 2647, 13801, 41, 0x0000000000000000 | 3.53 4.33 3.75 | cpu  51721957 656 11224973 2009328544 401186 0 148179 0 0 0
1791020319 2655, 13801, 41, 0x0000000000000000 | 3.53 4.33 3.75 | cpu  51722593 656 11225075 2009352491 401186 0 148179 0 0 0
1791020320 2647, 13801, 41, 0x0000000000000000 | 3.49 4.30 3.75 | cpu  51725517 656 11225138 2009374576 401189 0 148182 0 0 0
1791020321 2647, 13801, 41, 0x0000000000000000 | 3.49 4.30 3.75 | cpu  51726344 656 11226042 2009398102 401189 0 148182 0 0 0
1791020322 2647, 13801, 41, 0x0000000000000000 | 3.49 4.30 3.75 | cpu  51727502 656 11226188 2009421608 401197 0 148189 0 0 0
1791020323 2647, 13801, 41, 0x0000000000000000 | 3.49 4.30 3.75 | cpu  51728211 656 11226274 2009445436 401197 0 148189 0 0 0
1791020324 2647, 13801, 41, 0x0000000000000000 | 3.49 4.30 3.75 | cpu  51728370 656 11226342 2009470003 401197 0 148189 0 0 0
1791020325 2647, 13801, 41, 0x0000000000000000 | 3.37 4.26 3.74 | cpu  51729398 656 11226453 2009493829 401198 0 148189 0 0 0
1791020326 2647, 13801, 41, 0x0000000000000000 | 3.37 4.26 3.74 | cpu  51730167 656 11226521 2009517790 401198 0 148189 0 0 0
1791020328 2647, 13801, 41, 0x0000000000000000 | 3.37 4.26 3.74 | cpu  51730281 656 11226645 2009542397 401203 0 148189 0 0 0
1791020329 2647, 13801, 41, 0x0000000000000000 | 3.37 4.26 3.74 | cpu  51731428 656 11226786 2009566365 401203 0 148189 0 0 0
1791020330 2647, 13801, 40, 0x0000000000000000 | 3.42 4.26 3.74 | cpu  51732581 656 11226919 2009590197 401203 0 148190 0 0 0
1791020331 2647, 13801, 40, 0x0000000000000000 | 3.42 4.26 3.74 | cpu  51733916 656 11227055 2009613866 401204 0 148190 0 0 0
1791020332 2647, 13801, 40, 0x0000000000000000 | 3.42 4.26 3.74 | cpu  51734988 656 11227176 2009637787 401205 0 148191 0 0 0
1791020333 2647, 13801, 40, 0x0000000000000000 | 3.42 4.26 3.74 | cpu  51736426 656 11227386 2009661953 401207 0 148192 0 0 0
1791020334 2647, 13801, 40, 0x0000000000000000 | 3.42 4.26 3.74 | cpu  51737439 656 11227663 2009685277 401208 0 148193 0 0 0
1791020335 2647, 13801, 40, 0x0000000000000000 | 3.47 4.26 3.74 | cpu  51738537 656 11227843 2009708727 401208 0 148194 0 0 0
1791020336 2647, 13801, 40, 0x0000000000000000 | 3.47 4.26 3.74 | cpu  51738738 656 11228835 2009733692 401210 0 148196 0 0 0
1791020338 2647, 13801, 40, 0x0000000000000000 | 3.47 4.26 3.74 | cpu  51738904 656 11228980 2009759270 401210 0 148197 0 0 0
1791020339 2647, 13801, 40, 0x0000000000000000 | 3.47 4.26 3.74 | cpu  51738994 656 11229123 2009783980 401211 0 148197 0 0 0
1791020340 2647, 13801, 40, 0x0000000000000000 | 3.27 4.20 3.73 | cpu  51739050 656 11229220 2009808552 401218 0 148197 0 0 0
1791020341 2647, 13801, 40, 0x0000000000000000 | 3.27 4.20 3.73 | cpu  51739103 656 11229286 2009833141 401218 0 148197 0 0 0
1791020342 2647, 13801, 40, 0x0000000000000000 | 3.27 4.20 3.73 | cpu  51739156 656 11229368 2009857823 401220 0 148198 0 0 0
1791020343 2647, 13801, 40, 0x0000000000000000 | 3.27 4.20 3.73 | cpu  51739209 656 11229442 2009882926 401220 0 148198 0 0 0
1791020344 2647, 13801, 40, 0x0000000000000000 | 3.27 4.20 3.73 | cpu  51739259 656 11229512 2009907652 401220 0 148198 0 0 0
1791020345 2647, 13801, 40, 0x0000000000000000 | 3.09 4.15 3.71 | cpu  51739315 656 11229584 2009932668 401223 0 148198 0 0 0
1791020347 2647, 13801, 40, 0x0000000000000000 | 3.09 4.15 3.71 | cpu  51739366 656 11229651 2009957377 401223 0 148198 0 0 0
1791020348 2647, 13801, 40, 0x0000000000000000 | 3.09 4.15 3.71 | cpu  51739424 656 11229727 2009981967 401226 0 148198 0 0 0
1791020349 2647, 13801, 40, 0x0000000000000000 | 3.09 4.15 3.71 | cpu  51739495 656 11229775 2010006581 401226 0 148198 0 0 0
1791020350 2647, 13801, 40, 0x0000000000000000 | 2.92 4.10 3.70 | cpu  51739565 656 11229824 2010031309 401227 0 148198 0 0 0
1791020351 2647, 13801, 40, 0x0000000000000000 | 2.92 4.10 3.70 | cpu  51739646 656 11229874 2010056755 401227 0 148200 0 0 0
1791020352 2647, 13801, 40, 0x0000000000000000 | 2.92 4.10 3.70 | cpu  51739700 656 11229957 2010081803 401229 0 148200 0 0 0
1791020353 2647, 13801, 40, 0x0000000000000000 | 2.92 4.10 3.70 | cpu  51739752 656 11230037 2010106587 401229 0 148203 0 0 0
1791020354 2647, 13801, 40, 0x0000000000000000 | 2.92 4.10 3.70 | cpu  51739800 656 11230107 2010131271 401229 0 148203 0 0 0
1791020356 2647, 13801, 40, 0x0000000000000000 | 2.77 4.04 3.68 | cpu  51739858 656 11230177 2010156003 401229 0 148203 0 0 0
1791020357 2647, 13801, 40, 0x0000000000000000 | 2.77 4.04 3.68 | cpu  51739918 656 11230248 2010180645 401231 0 148203 0 0 0
1791020358 2647, 13801, 40, 0x0000000000000000 | 2.77 4.04 3.68 | cpu  51739972 656 11230316 2010205310 401231 0 148203 0 0 0
1791020359 2647, 13801, 40, 0x0000000000000000 | 2.77 4.04 3.68 | cpu  51740021 656 11230386 2010229984 401234 0 148204 0 0 0
1791020360 2647, 13801, 40, 0x0000000000000000 | 2.63 3.99 3.67 | cpu  51740073 656 11230455 2010254613 401234 0 148204 0 0 0
1791020361 2647, 13801, 40, 0x0000000000000000 | 2.63 3.99 3.67 | cpu  51740124 656 11230521 2010279273 401234 0 148204 0 0 0
1791020362 2647, 13801, 40, 0x0000000000000000 | 2.63 3.99 3.67 | cpu  51740176 656 11230593 2010303956 401236 0 148204 0 0 0
1791020363 2647, 13801, 40, 0x0000000000000000 | 2.63 3.99 3.67 | cpu  51740231 656 11230661 2010328701 401238 0 148204 0 0 0
1791020364 2647, 13801, 40, 0x0000000000000000 | 2.63 3.99 3.67 | cpu  51740278 656 11230735 2010353471 401238 0 148205 0 0 0
1791020365 2647, 13801, 40, 0x0000000000000000 | 2.50 3.94 3.65 | cpu  51740331 656 11230803 2010378265 401238 0 148205 0 0 0
1791020367 2647, 13801, 40, 0x0000000000000000 | 2.50 3.94 3.65 | cpu  51740382 656 11230880 2010402956 401238 0 148206 0 0 0
1791020368 2647, 13801, 39, 0x0000000000000000 | 2.50 3.94 3.65 | cpu  51740442 656 11230960 2010428580 401240 0 148206 0 0 0
1791020369 2647, 13801, 39, 0x0000000000000000 | 2.50 3.94 3.65 | cpu  51740491 656 11231031 2010453299 401242 0 148206 0 0 0
1791020370 2647, 13801, 39, 0x0000000000000000 | 2.37 3.89 3.64 | cpu  51740545 656 11231097 2010478052 401242 0 148206 0 0 0
1791020371 2647, 13801, 39, 0x0000000000000000 | 2.37 3.89 3.64 | cpu  51740597 656 11231175 2010502940 401242 0 148206 0 0 0
1791020372 2647, 13801, 39, 0x0000000000000000 | 2.37 3.89 3.64 | cpu  51740655 656 11231303 2010527505 401242 0 148206 0 0 0
1791020373 2647, 13801, 39, 0x0000000000000000 | 2.37 3.89 3.64 | cpu  51740714 656 11231387 2010552249 401243 0 148207 0 0 0
1791020374 2647, 13801, 39, 0x0000000000000000 | 2.37 3.89 3.64 | cpu  51740762 656 11231462 2010576945 401245 0 148207 0 0 0
1791020376 2647, 13801, 39, 0x0000000000000000 | 2.26 3.85 3.63 | cpu  51740814 656 11231531 2010601665 401245 0 148207 0 0 0
1791020377 2647, 13801, 39, 0x0000000000000000 | 2.26 3.85 3.63 | cpu  51740863 656 11231604 2010626274 401245 0 148208 0 0 0
1791020378 2647, 13801, 39, 0x0000000000000000 | 2.26 3.85 3.63 | cpu  51740921 656 11231671 2010650973 401245 0 148208 0 0 0
1791020379 2647, 13801, 39, 0x0000000000000000 | 2.26 3.85 3.63 | cpu  51740993 656 11231723 2010675665 401245 0 148208 0 0 0
1791020380 2647, 13801, 39, 0x0000000000000000 | 2.16 3.80 3.61 | cpu  51741075 656 11231781 2010700280 401247 0 148208 0 0 0
1791020381 2647, 13801, 39, 0x0000000000000000 | 2.16 3.80 3.61 | cpu  51741148 656 11231898 2010724874 401249 0 148208 0 0 0
1791020382 2655, 13801, 41, 0x0000000000000000 | 2.16 3.80 3.61 | cpu  51741238 656 11231935 2010749702 401249 0 148209 0 0 0
1791020383 3037, 13801, 45, 0x0000000000000000 | 2.16 3.80 3.61 | cpu  51741353 656 11231951 2010774374 401251 0 148212 0 0 0
1791020384 3045, 13801, 42, 0x0000000000000000 | 2.16 3.80 3.61 | cpu  51741458 656 11231987 2010799981 401252 0 148212 0 0 0
1791020386 3037, 13801, 44, 0x0000000000000000 | 2.23 3.78 3.61 | cpu  51741576 656 11232070 2010824159 401253 0 148215 0 0 0
1791020387 3030, 13801, 47, 0x0000000000000000 | 2.23 3.78 3.61 | cpu  51741692 656 11232088 2010849377 401254 0 148216 0 0 0
1791020388 3030, 13801, 45, 0x0000000000000000 | 2.23 3.78 3.61 | cpu  51741807 656 11232110 2010874187 401254 0 148216 0 0 0
1791020389 3030, 13801, 48, 0x0000000000000000 | 2.23 3.78 3.61 | cpu  51741924 656 11232129 2010899068 401254 0 148216 0 0 0
1791020390 3037, 13801, 50, 0x0000000000000000 | 2.13 3.74 3.59 | cpu  51742035 656 11232149 2010923566 401256 0 148217 0 0 0
1791020391 3037, 13801, 47, 0x0000000000000000 | 2.13 3.74 3.59 | cpu  51742154 656 11232168 2010948333 401256 0 148217 0 0 0
1791020392 3037, 13801, 44, 0x0000000000000000 | 2.13 3.74 3.59 | cpu  51742268 656 11232190 2010973068 401257 0 148217 0 0 0
1791020393 3037, 13801, 47, 0x0000000000000000 | 2.13 3.74 3.59 | cpu  51742383 656 11232209 2010997834 401257 0 148217 0 0 0
1791020394 3037, 13801, 45, 0x0000000000000000 | 2.13 3.74 3.59 | cpu  51742498 656 11232227 2011023028 401257 0 148218 0 0 0
1791020396 3030, 13801, 48, 0x0000000000000000 | 2.04 3.69 3.58 | cpu  51742614 656 11232244 2011047981 401257 0 148218 0 0 0
1791020397 3037, 13801, 46, 0x0000000000000000 | 2.04 3.69 3.58 | cpu  51742732 656 11232265 2011072755 401259 0 148219 0 0 0
1791020398 3030, 13801, 51, 0x0000000000000000 | 2.04 3.69 3.58 | cpu  51742854 656 11232289 2011097886 401259 0 148219 0 0 0
1791020399 3037, 13801, 49, 0x0000000000000000 | 2.04 3.69 3.58 | cpu  51742968 656 11232308 2011122686 401260 0 148221 0 0 0
1791020400 3037, 13801, 47, 0x0000000000000000 | 1.96 3.65 3.57 | cpu  51743084 656 11232328 2011147927 401260 0 148221 0 0 0
1791020401 3030, 13801, 49, 0x0000000000000000 | 1.96 3.65 3.57 | cpu  51743199 656 11232344 2011172883 401260 0 148222 0 0 0
1791020402 3037, 13801, 50, 0x0000000000000000 | 1.96 3.65 3.57 | cpu  51743340 656 11232395 2011198008 401267 0 148222 0 0 0
1791020403 3037, 13801, 48, 0x0000000000000000 | 1.96 3.65 3.57 | cpu  51743481 656 11232450 2011222614 401268 0 148223 0 0 0
1791020405 3030, 13801, 52, 0x0000000000000000 | 1.96 3.65 3.57 | cpu  51743594 656 11232468 2011247388 401268 0 148223 0 0 0
1791020406 3030, 13801, 50, 0x0000000000000000 | 1.88 3.60 3.55 | cpu  51743708 656 11232485 2011272166 401268 0 148224 0 0 0
1791020407 3037, 13801, 48, 0x0000000000000000 | 1.88 3.60 3.55 | cpu  51743824 656 11232504 2011297261 401268 0 148224 0 0 0
1791020408 3037, 13801, 50, 0x0000000000000000 | 1.88 3.60 3.55 | cpu  51743943 656 11232527 2011322212 401268 0 148224 0 0 0
1791020409 3037, 13801, 52, 0x0000000000000000 | 1.88 3.60 3.55 | cpu  51744054 656 11232547 2011346626 401270 0 148225 0 0 0
1791020410 3022, 13801, 54, 0x0000000000000000 | 1.89 3.58 3.54 | cpu  51744164 656 11232567 2011371293 401272 0 148225 0 0 0
1791020411 3037, 13801, 48, 0x0000000000000000 | 1.89 3.58 3.54 | cpu  51744282 656 11232586 2011396959 401272 0 148226 0 0 0
1791020412 3022, 13801, 52, 0x0000000000000000 | 1.89 3.58 3.54 | cpu  51744398 656 11232608 2011421736 401272 0 148226 0 0 0
1791020413 3030, 13801, 53, 0x0000000000000000 | 1.89 3.58 3.54 | cpu  51744530 656 11232633 2011447546 401274 0 148226 0 0 0
1791020415 3037, 13801, 48, 0x0000000000000000 | 1.89 3.58 3.54 | cpu  51747835 656 11232702 2011468981 401274 0 148227 0 0 0
1791020416 3037, 13801, 50, 0x0000000000000000 | 1.82 3.53 3.53 | cpu  51748574 656 11232802 2011493388 401275 0 148227 0 0 0
1791020417 3037, 13801, 52, 0x0000000000000000 | 1.82 3.53 3.53 | cpu  51749355 656 11232827 2011518078 401279 0 148232 0 0 0
1791020418 3037, 13801, 50, 0x0000000000000000 | 1.82 3.53 3.53 | cpu  51750113 656 11232844 2011542075 401279 0 148232 0 0 0
1791020419 3037, 13801, 52, 0x0000000000000000 | 1.82 3.53 3.53 | cpu  51750339 656 11232862 2011566745 401280 0 148234 0 0 0
1791020420 3022, 13801, 53, 0x0000000000000000 | 1.83 3.51 3.52 | cpu  51752098 656 11232892 2011589923 401280 0 148234 0 0 0
1791020421 3030, 13801, 53, 0x0000000000000000 | 1.83 3.51 3.52 | cpu  51752325 656 11232917 2011614613 401280 0 148234 0 0 0
1791020422 3045, 13801, 51, 0x0000000000000000 | 1.83 3.51 3.52 | cpu  51752474 656 11232943 2011639368 401283 0 148234 0 0 0
1791020424 3037, 13801, 48, 0x0000000000000000 | 1.83 3.51 3.52 | cpu  51752595 656 11232966 2011664141 401283 0 148234 0 0 0
1791020425 3037, 13801, 53, 0x0000000000000000 | 1.83 3.51 3.52 | cpu  51752803 656 11232986 2011688481 401284 0 148235 0 0 0
1791020426 3037, 13801, 52, 0x0000000000000000 | 1.93 3.50 3.52 | cpu  51753036 656 11233006 2011713296 401284 0 148235 0 0 0
1791020427 3037, 13801, 51, 0x0000000000000000 | 1.93 3.50 3.52 | cpu  51753269 656 11233033 2011738040 401286 0 148237 0 0 0
1791020428 3022, 13801, 54, 0x0000000000000000 | 1.93 3.50 3.52 | cpu  51753486 656 11233059 2011762784 401286 0 148237 0 0 0
1791020429 3045, 13801, 50, 0x0000000000000000 | 1.93 3.50 3.52 | cpu  51753842 656 11233112 2011787159 401286 0 148237 0 0 0
1791020430 3045, 13801, 49, 0x0000000000000000 | 1.93 3.47 3.51 | cpu  51754067 656 11233128 2011811793 401288 0 148237 0 0 0
1791020431 3037, 13801, 52, 0x0000000000000000 | 1.93 3.47 3.51 | cpu  51754210 656 11233153 2011836476 401288 0 148237 0 0 0
1791020432 3037, 13801, 51, 0x0000000000000000 | 1.93 3.47 3.51 | cpu  51754326 656 11233191 2011860721 401288 0 148243 0 0 0
1791020434 3037, 13801, 53, 0x0000000000000000 | 1.93 3.47 3.51 | cpu  51754457 656 11233253 2011885420 401290 0 148244 0 0 0
1791020435 3022, 13801, 54, 0x0000000000000000 | 1.93 3.47 3.51 | cpu  51754778 656 11233273 2011910522 401290 0 148245 0 0 0
1791020436 3037, 13801, 52, 0x0000000000000000 | 1.86 3.43 3.50 | cpu  51754892 656 11233291 2011934901 401290 0 148246 0 0 0
1791020437 3015, 13801, 54, 0x0000000000000000 | 1.86 3.43 3.50 | cpu  51755014 656 11233317 2011959615 401292 0 148246 0 0 0
1791020438 3037, 13801, 52, 0x0000000000000000 | 1.86 3.43 3.50 | cpu  51755123 656 11233338 2011984395 401293 0 148246 0 0 0
1791020439 3022, 13801, 54, 0x0000000000000000 | 1.86 3.43 3.50 | cpu  51755236 656 11233354 2012009153 401293 0 148246 0 0 0
1791020440 3037, 13801, 52, 0x0000000000000000 | 1.79 3.39 3.48 | cpu  51755355 656 11233374 2012034317 401295 0 148246 0 0 0
1791020441 3022, 13801, 55, 0x0000000000000000 | 1.79 3.39 3.48 | cpu  51755470 656 11233390 2012059112 401295 0 148246 0 0 0
1791020442 3037, 13801, 53, 0x0000000000000000 | 1.79 3.39 3.48 | cpu  51755587 656 11233417 2012083858 401295 0 148246 0 0 0
1791020444 3037, 13801, 51, 0x0000000000000000 | 1.79 3.39 3.48 | cpu  51755702 656 11233436 2012108670 401295 0 148247 0 0 0
1791020445 3022, 13801, 55, 0x0000000000000000 | 1.79 3.39 3.48 | cpu  51755816 656 11233456 2012133561 401296 0 148248 0 0 0
1791020446 3030, 13801, 53, 0x0000000000000000 | 1.81 3.37 3.47 | cpu  51756688 656 11233480 2012157038 401298 0 148248 0 0 0
1791020447 3037, 13801, 53, 0x0000000000000000 | 1.81 3.37 3.47 | cpu  51758536 656 11233829 2012179526 401298 0 148248 0 0 0
1791020448 3022, 13801, 54, 0x0000000000000000 | 1.81 3.37 3.47 | cpu  51760418 656 11234076 2012202383 401298 0 148249 0 0 0
1791020449 3022, 13801, 53, 0x0000000000000000 | 1.81 3.37 3.47 | cpu  51761080 656 11234350 2012226457 401299 0 148249 0 0 0
1791020450 3037, 13801, 51, 0x0000000000000000 | 1.82 3.35 3.47 | cpu  51761825 656 11234381 2012250469 401301 0 148249 0 0 0
1791020451 3037, 13801, 52, 0x0000000000000000 | 1.82 3.35 3.47 | cpu  51762551 656 11234398 2012273635 401301 0 148249 0 0 0
1791020452 3030, 13801, 54, 0x0000000000000000 | 1.82 3.35 3.47 | cpu  51762780 656 11234424 2012298624 401302 0 148250 0 0 0
1791020454 3022, 13801, 54, 0x0000000000000000 | 1.82 3.35 3.47 | cpu  51764544 656 11234454 2012321747 401302 0 148250 0 0 0
1791020455 3022, 13801, 55, 0x0000000000000000 | 1.82 3.35 3.47 | cpu  51764768 656 11234470 2012346418 401302 0 148250 0 0 0
1791020456 3022, 13801, 55, 0x0000000000000000 | 1.84 3.32 3.46 | cpu  51764888 656 11234487 2012371255 401304 0 148250 0 0 0
1791020457 3030, 13801, 53, 0x0000000000000000 | 1.84 3.32 3.46 | cpu  51765020 656 11234509 2012395663 401304 0 148252 0 0 0
1791020458 3022, 13801, 56, 0x0000000000000000 | 1.84 3.32 3.46 | cpu  51765242 656 11234537 2012420340 401305 0 148252 0 0 0
1791020459 3022, 13801, 55, 0x0000000000000000 | 1.84 3.32 3.46 | cpu  51765472 656 11234555 2012444919 401305 0 148254 0 0 0
1791020460 3030, 13801, 57, 0x0000000000000000 | 1.93 3.32 3.45 | cpu  51765699 656 11234578 2012469650 401305 0 148255 0 0 0
1791020461 3022, 13801, 58, 0x0000000000000000 | 1.93 3.32 3.45 | cpu  51765923 656 11234598 2012494290 401305 0 148255 0 0 0
1791020462 3022, 13801, 56, 0x0000000000000000 | 1.93 3.32 3.45 | cpu  51766156 656 11234625 2012519819 401307 0 148255 0 0 0
1791020464 3030, 13801, 54, 0x0000000000000000 | 1.93 3.32 3.45 | cpu  51766391 656 11234648 2012544855 401309 0 148255 0 0 0
1791020465 3030, 13801, 53, 0x0000000000000000 | 1.93 3.32 3.45 | cpu  51766620 656 11234672 2012569547 401309 0 148256 0 0 0
1791020466 3022, 13801, 56, 0x0000000000000000 | 2.02 3.31 3.45 | cpu  51766836 656 11234736 2012596245 401309 0 148257 0 0 0
1791020467 3022, 13801, 56, 0x0000000000000000 | 2.02 3.31 3.45 | cpu  51766970 656 11234766 2012621101 401310 0 148258 0 0 0
1791020468 3022, 13801, 57, 0x0000000000000000 | 2.02 3.31 3.45 | cpu  51767086 656 11234785 2012646275 401312 0 148258 0 0 0
1791020469 3022, 13801, 58, 0x0000000000000000 | 2.02 3.31 3.45 | cpu  51767202 656 11234802 2012671237 401312 0 148259 0 0 0
1791020470 3030, 13801, 57, 0x0000000000000000 | 1.93 3.27 3.44 | cpu  51767325 656 11234830 2012696675 401312 0 148259 0 0 0
1791020472 3030, 13801, 54, 0x0000000000000000 | 1.93 3.27 3.44 | cpu  51767440 656 11234846 2012721148 401312 0 148259 0 0 0
1791020473 3030, 13801, 53, 0x0000000000000000 | 1.93 3.27 3.44 | cpu  51767557 656 11234872 2012745917 401314 0 148259 0 0 0
1791020474 3045, 13801, 50, 0x0000000000000000 | 1.93 3.27 3.44 | cpu  51770843 656 11235079 2012767329 401314 0 148259 0 0 0
1791020475 2647, 13801, 48, 0x0000000000000000 | 1.94 3.25 3.43 | cpu  51771621 656 11235229 2012791219 401314 0 148259 0 0 0
1791020476 2647, 13801, 48, 0x0000000000000000 | 1.94 3.25 3.43 | cpu  51772335 656 11235298 2012815194 401314 0 148259 0 0 0
1791020477 2647, 13801, 48, 0x0000000000000000 | 1.94 3.25 3.43 | cpu  51773052 656 11235370 2012839239 401314 0 148259 0 0 0
1791020478 2647, 13801, 48, 0x0000000000000000 | 1.94 3.25 3.43 | cpu  51773211 656 11235439 2012863650 401316 0 148259 0 0 0
1791020479 2647, 13801, 47, 0x0000000000000000 | 1.94 3.25 3.43 | cpu  51774981 656 11235528 2012886938 401316 0 148263 0 0 0
1791020480 2647, 13801, 47, 0x0000000000000000 | 1.94 3.23 3.42 | cpu  51775146 656 11235630 2012911413 401316 0 148263 0 0 0
1791020482 2647, 13801, 47, 0x0000000000000000 | 1.94 3.23 3.42 | cpu  51775205 656 11235724 2012936119 401316 0 148264 0 0 0
1791020483 2647, 13801, 47, 0x0000000000000000 | 1.94 3.23 3.42 | cpu  51775261 656 11235806 2012960702 401316 0 148266 0 0 0
1791020484 2647, 13801, 47, 0x0000000000000000 | 1.94 3.23 3.42 | cpu  51775397 656 11235878 2012985243 401319 0 148266 0 0 0
1791020485 2647, 13801, 46, 0x0000000000000000 | 1.95 3.21 3.41 | cpu  51775556 656 11235950 2013009828 401319 0 148266 0 0 0
1791020486 2647, 13801, 46, 0x0000000000000000 | 1.95 3.21 3.41 | cpu  51775721 656 11236016 2013034297 401319 0 148266 0 0 0
1791020487 2647, 13801, 46, 0x0000000000000000 | 1.95 3.21 3.41 | cpu  51775890 656 11236090 2013059189 401319 0 148266 0 0 0
1791020488 2647, 13801, 46, 0x0000000000000000 | 1.95 3.21 3.41 | cpu  51776056 656 11236154 2013083659 401319 0 148266 0 0 0
1791020489 2647, 13801, 46, 0x0000000000000000 | 1.95 3.21 3.41 | cpu  51776215 656 11236225 2013108215 401322 0 148266 0 0 0
1791020490 2647, 13801, 46, 0x0000000000000000 | 1.95 3.19 3.41 | cpu  51776356 656 11236302 2013133213 401322 0 148267 0 0 0
1791020492 2647, 13801, 46, 0x0000000000000000 | 1.95 3.19 3.41 | cpu  51776412 656 11236372 2013158289 401322 0 148268 0 0 0
1791020493 2647, 13801, 45, 0x0000000000000000 | 1.95 3.19 3.41 | cpu  51776462 656 11236450 2013182881 401322 0 148268 0 0 0
1791020494 2647, 13801, 45, 0x0000000000000000 | 1.95 3.19 3.41 | cpu  51776510 656 11236529 2013207519 401322 0 148270 0 0 0
1791020495 2647, 13801, 45, 0x0000000000000000 | 1.88 3.15 3.39 | cpu  51776570 656 11236604 2013232159 401325 0 148271 0 0 0
1791020496 2647, 13801, 45, 0x0000000000000000 | 1.88 3.15 3.39 | cpu  51776630 656 11236667 2013256832 401325 0 148271 0 0 0
1791020497 2647, 13801, 45, 0x0000000000000000 | 1.88 3.15 3.39 | cpu  51776698 656 11236803 2013282332 401325 0 148285 0 0 0
1791020498 2647, 13801, 45, 0x0000000000000000 | 1.88 3.15 3.39 | cpu  51776756 656 11236876 2013307008 401327 0 148286 0 0 0
1791020499 2647, 13801, 45, 0x0000000000000000 | 1.88 3.15 3.39 | cpu  51776812 656 11236941 2013331711 401327 0 148287 0 0 0
1791020500 2647, 13801, 44, 0x0000000000000000 | 1.81 3.12 3.38 | cpu  51776888 656 11236991 2013356389 401329 0 148287 0 0 0
1791020502 2647, 13801, 44, 0x0000000000000000 | 1.81 3.12 3.38 | cpu  51776958 656 11237041 2013381069 401329 0 148287 0 0 0
1791020503 2685, 13801, 44, 0x0000000000000000 | 1.81 3.12 3.38 | cpu  51777009 656 11237117 2013405653 401329 0 148287 0 0 0
1791020504 2647, 13801, 44, 0x0000000000000000 | 1.81 3.12 3.38 | cpu  51777046 656 11237200 2013430181 401329 0 148287 0 0 0
1791020505 2647, 13801, 44, 0x0000000000000000 | 1.74 3.08 3.37 | cpu  51777092 656 11237287 2013454796 401329 0 148288 0 0 0
1791020506 2647, 13801, 44, 0x0000000000000000 | 1.74 3.08 3.37 | cpu  51777110 656 11237396 2013479736 401330 0 148290 0 0 0
1791020507 2647, 13801, 44, 0x0000000000000000 | 1.74 3.08 3.37 | cpu  51777159 656 11237540 2013504346 401331 0 148290 0 0 0
1791020508 2647, 13801, 44, 0x0000000000000000 | 1.74 3.08 3.37 | cpu  51777228 656 11237605 2013529070 401331 0 148302 0 0 0
