1791020511 2647, 14001, 44, 0x0000000000000000 | 1.68 3.05 3.35 | cpu  51778043 656 11237779 2013591678 401334 0 148307 0 0 0
1791020512 2550, 7001, 43, 0x0000000000000000 | 1.68 3.05 3.35 | cpu  51778788 656 11237897 2013616965 401334 0 148313 0 0 0
1791020513 420, 810, 42, 0x0000000000000004 | 1.68 3.05 3.35 | cpu  51778903 656 11238020 2013641564 401340 0 148314 0 0 0
1791020514 300, 810, 42, 0x0000000000000004 | 1.68 3.05 3.35 | cpu  51779835 656 11238101 2013665867 401341 0 148314 0 0 0
1791020516 300, 405, 42, 0x0000000000000000 | 1.87 3.06 3.36 | cpu  51781057 656 11238202 2013689559 401341 0 148315 0 0 0
1791020517 300, 405, 42, 0x0000000000000000 | 1.87 3.06 3.36 | cpu  51782310 656 11238366 2013712233 401343 0 148320 0 0 0
1791020518 300, 405, 42, 0x0000000000000004 | 1.87 3.06 3.36 | cpu  51783264 656 11238445 2013736343 401343 0 148320 0 0 0
1791020519 2647, 13801, 43, 0x0000000000000000 | 1.87 3.06 3.36 | cpu  51785444 656 11238567 2013758672 401348 0 148320 0 0 0
1791020520 2700, 13801, 43, 0x0000000000000000 | 2.04 3.08 3.36 | cpu  51786418 656 11238942 2013782082 401351 0 148320 0 0 0
1791020521 2700, 13801, 43, 0x0000000000000000 | 2.04 3.08 3.36 | cpu  51788049 656 11239146 2013806308 401353 0 148320 0 0 0
1791020522 2700, 13801, 44, 0x0000000000000000 | 2.04 3.08 3.36 | cpu  51789004 656 11239348 2013830101 401353 0 148320 0 0 0
1791020523 2692, 13801, 43, 0x0000000000000000 | 2.04 3.08 3.36 | cpu  51789430 656 11239840 2013854041 401353 0 148327 0 0 0
1791020524 2700, 13801, 42, 0x0000000000000000 | 2.04 3.08 3.36 | cpu  51789791 656 11239984 2013878218 401354 0 148340 0 0 0
1791020526 2707, 13801, 42, 0x0000000000000000 | 2.12 3.08 3.36 | cpu  51790191 656 11240101 2013902342 401358 0 148343 0 0 0
1791020527 2700, 13801, 42, 0x0000000000000000 | 2.12 3.08 3.36 | cpu  51790756 656 11240193 2013927080 401359 0 148344 0 0 0
1791020528 2647, 13801, 43, 0x0000000000000000 | 2.12 3.08 3.36 | cpu  51794291 656 11240242 2013949511 401359 0 148344 0 0 0
1791020529 2902, 13801, 43, 0x0000000000000000 | 2.12 3.08 3.36 | cpu  51794683 656 11240704 2013973267 401359 0 148344 0 0 0
1791020530 2902, 13801, 43, 0x0000000000000000 | 2.11 3.06 3.35 | cpu  51796718 656 11240895 2013996377 401359 0 148344 0 0 0
1791020531 2700, 13801, 42, 0x0000000000000000 | 2.11 3.06 3.35 | cpu  51797721 656 11241059 2014020346 401362 0 148344 0 0 0
1791020532 2707, 13801, 42, 0x0000000000000000 | 2.11 3.06 3.35 | cpu  51798620 656 11241136 2014044078 401362 0 148345 0 0 0
1791020533 2647, 13801, 42, 0x0000000000000000 | 2.11 3.06 3.35 | cpu  51799787 656 11241176 2014067484 401364 0 148345 0 0 0
1791020535 2647, 13801, 42, 0x0000000000000000 | 2.11 3.06 3.35 | cpu  51800244 656 11241215 2014091715 401364 0 148345 0 0 0
1791020536 2707, 13801, 42, 0x0000000000000000 | 2.10 3.04 3.35 | cpu  51802452 656 11241283 2014114230 401364 0 148345 0 0 0
1791020537 2707, 13801, 42, 0x0000000000000000 | 2.10 3.04 3.35 | cpu  51802912 656 11241311 2014138499 401364 0 148345 0 0 0
1791020538 2647, 13801, 42, 0x0000000000000000 | 2.10 3.04 3.35 | cpu  51803429 656 11241395 2014163033 401364 0 148346 0 0 0
1791020539 2647, 13801, 42, 0x0000000000000000 | 2.10 3.04 3.35 | cpu  51803839 656 11241463 2014187402 401364 0 148346 0 0 0
1791020540 2647, 13801, 42, 0x0000000000000000 | 2.09 3.02 3.34 | cpu  51804312 656 11241496 2014211607 401366 0 148347 0 0 0
1791020541 2647, 13801, 42, 0x0000000000000000 | 2.09 3.02 3.34 | cpu  51804855 656 11241573 2014235709 401366 0 148347 0 0 0
1791020542 2647, 13801, 42, 0x0000000000000000 | 2.09 3.02 3.34 | cpu  51805196 656 11241705 2014259993 401366 0 148347 0 0 0
1791020543 2692, 13801, 42, 0x0000000000000000 | 2.09 3.02 3.34 | cpu  51805404 656 11241741 2014284553 401366 0 148351 0 0 0
1791020544 2647, 13801, 42, 0x0000000000000000 | 2.09 3.02 3.34 | cpu  51805418 656 11241864 2014309178 401368 0 148356 0 0 0
1791020546 2647, 13801, 41, 0x0000000000000000 | 2.00 2.99 3.33 | cpu  51805419 656 11241982 2014333759 401369 0 148356 0 0 0
1791020547 2647, 13801, 41, 0x0000000000000000 | 2.00 2.99 3.33 | cpu  51805470 656 11242065 2014358362 401369 0 148356 0 0 0
1791020548 2662, 13801, 41, 0x0000000000000000 | 2.00 2.99 3.33 | cpu  51805559 656 11242111 2014383810 401369 0 148356 0 0 0
1791020549 2662, 13801, 41, 0x0000000000000000 | 2.00 2.99 3.33 | cpu  51807606 656 11242176 2014406948 401370 0 148356 0 0 0
1791020550 2662, 13801, 41, 0x0000000000000000 | 2.00 2.97 3.32 | cpu  51808359 656 11242630 2014431609 401372 0 148356 0 0 0
1791020551 2662, 13801, 41, 0x0000000000000000 | 2.00 2.97 3.32 | cpu  51810075 656 11242716 2014454484 401374 0 148359 0 0 0
1791020552 2662, 13801, 41, 0x0000000000000000 | 2.00 2.97 3.32 | cpu  51811268 656 11242911 2014478166 401374 0 148359 0 0 0
1791020553 2797, 13801, 41, 0x0000000000000000 | 2.00 2.97 3.32 | cpu  51811485 656 11242926 2014502704 401374 0 148359 0 0 0
1791020555 2805, 13801, 41, 0x0000000000000000 | 2.00 2.97 3.32 | cpu  51812227 656 11242935 2014526612 401376 0 148360 0 0 0
1791020556 2647, 13801, 41, 0x0000000000000000 | 2.00 2.96 3.31 | cpu  51812449 656 11242944 2014551153 401378 0 148360 0 0 0
1791020557 2647, 13801, 41, 0x0000000000000000 | 2.00 2.96 3.31 | cpu  51814210 656 11242968 2014573997 401379 0 148360 0 0 0
1791020558 2647, 13801, 41, 0x0000000000000000 | 2.00 2.96 3.31 | cpu  51814397 656 11242999 2014598630 401379 0 148360 0 0 0
1791020559 2647, 13801, 41, 0x0000000000000000 | 2.00 2.96 3.31 | cpu  51814447 656 11243073 2014623174 401379 0 148361 0 0 0
1791020560 2647, 13801, 41, 0x0000000000000000 | 2.00 2.94 3.30 | cpu  51814545 656 11243138 2014647757 401381 0 148361 0 0 0
1791020561 2647, 13801, 41, 0x0000000000000000 | 2.00 2.94 3.30 | cpu  51814713 656 11243211 2014672280 401381 0 148361 0 0 0
1791020562 2647, 13801, 41, 0x0000000000000000 | 2.00 2.94 3.30 | cpu  51814884 656 11243289 2014697347 401381 0 148364 0 0 0
1791020563 2647, 13801, 41, 0x0000000000000000 | 2.00 2.94 3.30 | cpu  51815048 656 11243364 2014722327 401381 0 148364 0 0 0
1791020565 2647, 13801, 41, 0x0000000000000000 | 2.00 2.94 3.30 | cpu  51815175 656 11243428 2014746962 401383 0 148364 0 0 0
1791020566 2647, 13801, 41, 0x0000000000000000 | 2.08 2.94 3.30 | cpu  51815231 656 11243496 2014771620 401385 0 148364 0 0 0
1791020567 2647, 13801, 41, 0x0000000000000000 | 2.08 2.94 3.30 | cpu  51815286 656 11243562 2014796700 401385 0 148365 0 0 0
1791020568 2647, 13801, 41, 0x0000000000000000 | 2.08 2.94 3.30 | cpu  51815340 656 11243635 2014821432 401385 0 148365 0 0 0
1791020569 2647, 13801, 41, 0x0000000000000000 | 2.08 2.94 3.30 | cpu  51815395 656 11243704 2014846230 401385 0 148365 0 0 0
1791020570 2647, 13801, 41, 0x0000000000000000 | 2.07 2.93 3.29 | cpu  51815448 656 11243772 2014871375 401390 0 148365 0 0 0
1791020571 2647, 13801, 40, 0x0000000000000000 | 2.07 2.93 3.29 | cpu  51816885 656 11243912 2014894711 401390 0 148366 0 0 0
1791020572 2647, 13801, 40, 0x0000000000000000 | 2.07 2.93 3.29 | cpu  51818874 656 11244211 2014917612 401390 0 148366 0 0 0
1791020573 2647, 13801, 40, 0x0000000000000000 | 2.07 2.93 3.29 | cpu  51820642 656 11244508 2014940865 401390 0 148368 0 0 0
1791020575 2647, 13801, 40, 0x0000000000000000 | 2.07 2.93 3.29 | cpu  51820919 656 11244769 2014965475 401398 0 148369 0 0 0
1791020576 2647, 13801, 40, 0x0000000000000000 | 2.31 2.96 3.30 | cpu  51822103 656 11244849 2014988901 401400 0 148370 0 0 0
1791020577 2647, 13801, 40, 0x0000000000000000 | 2.31 2.96 3.30 | cpu  51822701 656 11244938 2015012909 401400 0 148370 0 0 0
1791020578 2647, 13801, 40, 0x0000000000000000 | 2.31 2.96 3.30 | cpu  51823361 656 11245016 2015037553 401400 0 148370 0 0 0
1791020579 2647, 13801, 40, 0x0000000000000000 | 2.31 2.96 3.30 | cpu  51823515 656 11245093 2015062043 401400 0 148370 0 0 0
1791020580 2647, 13801, 40, 0x0000000000000000 | 2.28 2.94 3.30 | cpu  51824236 656 11245169 2015085961 401402 0 148370 0 0 0
1791020581 2647, 13801, 40, 0x0000000000000000 | 2.28 2.94 3.30 | cpu  51825010 656 11245249 2015109911 401403 0 148370 0 0 0
1791020582 2647, 13801, 40, 0x0000000000000000 | 2.28 2.94 3.30 | cpu  51825820 656 11245325 2015133770 401403 0 148371 0 0 0
1791020583 2647, 13801, 40, 0x0000000000000000 | 2.28 2.94 3.30 | cpu  51825971 656 11245426 2015158291 401403 0 148372 0 0 0
1791020585 2647, 13801, 40, 0x0000000000000000 | 2.28 2.94 3.30 | cpu  51827716 656 11245563 2015181018 401403 0 148379 0 0 0
1791020586 2647, 13801, 40, 0x0000000000000000 | 2.26 2.93 3.29 | cpu  51827900 656 11245610 2015205542 401406 0 148379 0 0 0
1791020587 2647, 13801, 40, 0x0000000000000000 | 2.26 2.93 3.29 | cpu  51827986 656 11245660 2015230241 401407 0 148379 0 0 0
1791020588 2647, 13801, 40, 0x0000000000000000 | 2.26 2.93 3.29 | cpu  51828046 656 11245728 2015254994 401407 0 148384 0 0 0
1791020589 2647, 13801, 40, 0x0000000000000000 | 2.26 2.93 3.29 | cpu  51828206 656 11245804 2015279505 401407 0 148386 0 0 0
1791020590 2647, 13801, 40, 0x0000000000000000 | 2.24 2.91 3.28 | cpu  51828366 656 11245876 2015304134 401407 0 148387 0 0 0
1791020591 2647, 13801, 40, 0x0000000000000000 | 2.24 2.91 3.28 | cpu  51828532 656 11245949 2015328625 401409 0 148387 0 0 0
1791020592 2647, 13801, 40, 0x0000000000000000 | 2.24 2.91 3.28 | cpu  51828692 656 11246034 2015353171 401412 0 148389 0 0 0
1791020593 2647, 13801, 40, 0x0000000000000000 | 2.24 2.91 3.28 | cpu  51828853 656 11246106 2015377668 401412 0 148389 0 0 0
1791020595 2647, 13801, 40, 0x0000000000000000 | 2.24 2.91 3.28 | cpu  51829012 656 11246177 2015402240 401412 0 148389 0 0 0
1791020596 2647, 13801, 40, 0x0000000000000000 | 2.22 2.90 3.27 | cpu  51829158 656 11246246 2015426817 401412 0 148389 0 0 0
1791020597 2647, 13801, 40, 0x0000000000000000 | 2.22 2.90 3.27 | cpu  51829218 656 11246319 2015451486 401414 0 148391 0 0 0
1791020598 2647, 13801, 40, 0x0000000000000000 | 2.22 2.90 3.27 | cpu  51829275 656 11246398 2015476204 401417 0 148392 0 0 0
1791020599 2647, 13801, 40, 0x0000000000000000 | 2.22 2.90 3.27 | cpu  51829329 656 11246466 2015500917 401417 0 148392 0 0 0
1791020600 2647, 13801, 40, 0x0000000000000000 | 2.12 2.87 3.26 | cpu  51829384 656 11246533 2015525761 401417 0 148393 0 0 0
1791020601 2647, 13801, 40, 0x0000000000000000 | 2.12 2.87 3.26 | cpu  51829432 656 11246606 2015550570 401417 0 148393 0 0 0
1791020602 2647, 13801, 40, 0x0000000000000000 | 2.12 2.87 3.26 | cpu  51829483 656 11246679 2015575338 401419 0 148394 0 0 0
1791020603 2647, 13801, 40, 0x0000000000000000 | 2.12 2.87 3.26 | cpu  51829540 656 11246778 2015601149 401420 0 148394 0 0 0
1791020605 2647, 13801, 40, 0x0000000000000000 | 2.12 2.87 3.26 | cpu  51829842 656 11246899 2015625455 401420 0 148396 0 0 0
1791020606 2647, 13801, 40, 0x0000000000000000 | 2.03 2.83 3.25 | cpu  51829898 656 11246971 2015650234 401420 0 148396 0 0 0
1791020607 2647, 13801, 40, 0x0000000000000000 | 2.03 2.83 3.25 | cpu  51829965 656 11247054 2015674953 401422 0 148399 0 0 0
1791020608 2647, 13801, 40, 0x0000000000000000 | 2.03 2.83 3.25 | cpu  51830028 656 11247123 2015699654 401422 0 148399 0 0 0
1791020609 2647, 13801, 40, 0x0000000000000000 | 2.03 2.83 3.25 | cpu  51830090 656 11247269 2015725073 401425 0 148402 0 0 0
1791020610 2647, 13801, 40, 0x0000000000000000 | 1.95 2.80 3.24 | cpu  51830140 656 11247339 2015749816 401425 0 148403 0 0 0
1791020611 2647, 13801, 40, 0x0000000000000000 | 1.95 2.80 3.24 | cpu  51830196 656 11247404 2015774538 401425 0 148403 0 0 0
1791020612 2647, 13801, 39, 0x0000000000000000 | 1.95 2.80 3.24 | cpu  51830249 656 11247472 2015799221 401426 0 148403 0 0 0
1791020613 2647, 13801, 39, 0x0000000000000000 | 1.95 2.80 3.24 | cpu  51830322 656 11247524 2015824038 401429 0 148403 0 0 0
1791020615 2647, 13801, 39, 0x0000000000000000 | 1.95 2.80 3.24 | cpu  51830397 656 11247574 2015848755 401429 0 148404 0 0 0
1791020616 2647, 13801, 39, 0x0000000000000000 | 1.87 2.77 3.22 | cpu  51830468 656 11247625 2015873565 401429 0 148405 0 0 0
1791020617 3022, 13801, 43, 0x0000000000000000 | 1.87 2.77 3.22 | cpu  51830566 656 11247649 2015898740 401429 0 148406 0 0 0
1791020618 3037, 13801, 43, 0x0000000000000000 | 1.87 2.77 3.22 | cpu  51830680 656 11247661 2015923595 401429 0 148406 0 0 0
1791020619 3045, 13801, 43, 0x0000000000000000 | 1.87 2.77 3.22 | cpu  51830790 656 11247686 2015948376 401432 0 148408 0 0 0
1791020620 3045, 13801, 43, 0x0000000000000000 | 1.88 2.76 3.22 | cpu  51830895 656 11247716 2015972766 401436 0 148408 0 0 0
1791020621 3015, 13801, 44, 0x0000000000000000 | 1.88 2.76 3.22 | cpu  51831009 656 11247738 2015997620 401436 0 148408 0 0 0
1791020622 3030, 13801, 47, 0x0000000000000000 | 1.88 2.76 3.22 | cpu  51831123 656 11247766 2016022363 401436 0 148409 0 0 0
1791020624 3037, 13801, 45, 0x0000000000000000 | 1.88 2.76 3.22 | cpu  51831243 656 11247804 2016046688 401436 0 148409 0 0 0
1791020625 3030, 13801, 47, 0x0000000000000000 | 1.88 2.76 3.22 | cpu  51831365 656 11247881 2016071501 401436 0 148410 0 0 0
1791020626 3030, 13801, 47, 0x0000000000000000 | 1.81 2.73 3.21 | cpu  51831482 656 11247922 2016096465 401439 0 148410 0 0 0
1791020627 3037, 13801, 46, 0x0000000000000000 | 1.81 2.73 3.21 | cpu  51831597 656 11247943 2016121749 401439 0 148410 0 0 0
1791020628 3037, 13801, 45, 0x0000000000000000 | 1.81 2.73 3.21 | cpu  51831714 656 11247976 2016146568 401439 0 148410 0 0 0
1791020629 3037, 13801, 45, 0x0000000000000000 | 1.81 2.73 3.21 | cpu  51831829 656 11248001 2016171387 401440 0 148410 0 0 0
1791020630 3030, 13801, 47, 0x0000000000000000 | 1.75 2.70 3.19 | cpu  51831952 656 11248027 2016197109 401441 0 148410 0 0 0
1791020631 3037, 13801, 46, 0x0000000000000000 | 1.75 2.70 3.19 | cpu  51832067 656 11248044 2016221953 401443 0 148412 0 0 0
1791020632 3030, 13801, 48, 0x0000000000000000 | 1.75 2.70 3.19 | cpu  51832179 656 11248067 2016246697 401443 0 148412 0 0 0
1791020634 3037, 13801, 46, 0x0000000000000000 | 1.75 2.70 3.19 | cpu  51832292 656 11248089 2016271403 401443 0 148412 0 0 0
1791020635 3030, 13801, 48, 0x0000000000000000 | 1.75 2.70 3.19 | cpu  51832405 656 11248111 2016295999 401443 0 148413 0 0 0
1791020636 3030, 13801, 48, 0x0000000000000000 | 1.69 2.67 3.18 | cpu  51832517 656 11248128 2016320801 401443 0 148415 0 0 0
1791020637 3037, 13801, 47, 0x0000000000000000 | 1.69 2.67 3.18 | cpu  51832636 656 11248148 2016345636 401444 0 148416 0 0 0
1791020638 3037, 13801, 48, 0x0000000000000000 | 1.69 2.67 3.18 | cpu  51832749 656 11248172 2016369987 401446 0 148416 0 0 0
1791020639 3030, 13801, 48, 0x0000000000000000 | 1.69 2.67 3.18 | cpu  51832919 656 11248220 2016395526 401446 0 148417 0 0 0
1791020640 3037, 13801, 49, 0x0000000000000000 | 1.63 2.65 3.17 | cpu  51833057 656 11248290 2016420280 401446 0 148422 0 0 0
1791020641 3037, 13801, 47, 0x0000000000000000 | 1.63 2.65 3.17 | cpu  51833183 656 11248367 2016445443 401446 0 148425 0 0 0
1791020643 3030, 13801, 50, 0x0000000000000000 | 1.63 2.65 3.17 | cpu  51833528 656 11248426 2016470038 401447 0 148425 0 0 0
1791020644 3037, 13801, 49, 0x0000000000000000 | 1.63 2.65 3.17 | cpu  51833648 656 11248445 2016495345 401448 0 148425 0 0 0
1791020645 3030, 13801, 47, 0x0000000000000000 | 1.63 2.65 3.17 | cpu  51833762 656 11248463 2016520212 401448 0 148426 0 0 0
1791020646 3037, 13801, 48, 0x0000000000000000 | 1.58 2.62 3.16 | cpu  51833881 656 11248483 2016545060 401448 0 148426 0 0 0
1791020647 3037, 13801, 49, 0x0000000000000000 | 1.58 2.62 3.16 | cpu  51833996 656 11248502 2016569896 401448 0 148427 0 0 0
1791020648 3030, 13801, 50, 0x0000000000000000 | 1.58 2.62 3.16 | cpu  51834123 656 11248537 2016594761 401450 0 148427 0 0 0
1791020649 3030, 13801, 51, 0x0000000000000000 | 1.58 2.62 3.16 | cpu  51834239 656 11248560 2016619694 401450 0 148427 0 0 0
1791020650 3037, 13801, 49, 0x0000000000000000 | 1.69 2.62 3.16 | cpu  51834358 656 11248643 2016644474 401450 0 148428 0 0 0
1791020651 3037, 13801, 51, 0x0000000000000000 | 1.69 2.62 3.16 | cpu  51834470 656 11248660 2016669308 401450 0 148429 0 0 0
1791020653 3030, 13801, 50, 0x0000000000000000 | 1.69 2.62 3.16 | cpu  51834589 656 11248681 2016694267 401450 0 148429 0 0 0
1791020654 3030, 13801, 52, 0x0000000000000000 | 1.69 2.62 3.16 | cpu  51834710 656 11248712 2016718997 401451 0 148433 0 0 0
1791020655 3037, 13801, 49, 0x0000000000000000 | 1.69 2.62 3.16 | cpu  51834825 656 11248732 2016743843 401451 0 148434 0 0 0
1791020656 3037, 13801, 48, 0x0000000000000000 | 1.72 2.61 3.15 | cpu  51834940 656 11248751 2016769087 401451 0 148434 0 0 0
1791020657 3037, 13801, 48, 0x0000000000000000 | 1.72 2.61 3.15 | cpu  51835053 656 11248766 2016793958 401452 0 148434 0 0 0
1791020658 3030, 13801, 51, 0x0000000000000000 | 1.72 2.61 3.15 | cpu  51835165 656 11248788 2016818101 401454 0 148434 0 0 0
1791020659 3037, 13801, 49, 0x0000000000000000 | 1.72 2.61 3.15 | cpu  51835278 656 11248807 2016842926 401454 0 148434 0 0 0
1791020660 3030, 13801, 51, 0x0000000000000000 | 1.74 2.60 3.14 | cpu  51835394 656 11248825 2016868190 401454 0 148435 0 0 0
1791020662 3030, 13801, 49, 0x0000000000000000 | 1.74 2.60 3.14 | cpu  51835507 656 11248842 2016892984 401454 0 148436 0 0 0
1791020663 3037, 13801, 50, 0x0000000000000000 | 1.74 2.60 3.14 | cpu  51835622 656 11248865 2016918297 401454 0 148436 0 0 0
1791020664 3030, 13801, 52, 0x0000000000000000 | 1.74 2.60 3.14 | cpu  51835738 656 11248885 2016943037 401454 0 148436 0 0 0
1791020665 3037, 13801, 49, 0x0000000000000000 | 1.76 2.59 3.14 | cpu  51835858 656 11248910 2016967951 401455 0 148436 0 0 0
1791020666 3037, 13801, 49, 0x0000000000000000 | 1.76 2.59 3.14 | cpu  51835975 656 11248928 2016993231 401455 0 148436 0 0 0
1791020667 3030, 13801, 52, 0x0000000000000000 | 1.76 2.59 3.14 | cpu  51836093 656 11248949 2017018124 401455 0 148436 0 0 0
1791020668 3037, 13801, 51, 0x0000000000000000 | 1.76 2.59 3.14 | cpu  51836207 656 11248970 2017042859 401457 0 148436 0 0 0
1791020669 3037, 13801, 50, 0x0000000000000000 | 1.76 2.59 3.14 | cpu  51836320 656 11248989 2017067791 401457 0 148436 0 0 0
1791020671 3030, 13801, 52, 0x0000000000000000 | 1.78 2.58 3.13 | cpu  51836448 656 11249016 2017093630 401458 0 148438 0 0 0
1791020672 3022, 13801, 51, 0x0000000000000000 | 1.78 2.58 3.13 | cpu  51837247 656 11249037 2017117374 401458 0 148438 0 0 0
1791020673 3037, 13801, 50, 0x0000000000000000 | 1.78 2.58 3.13 | cpu  51839182 656 11249375 2017141054 401458 0 148438 0 0 0
1791020674 3037, 13801, 50, 0x0000000000000000 | 1.78 2.58 3.13 | cpu  51841005 656 11249550 2017163259 401458 0 148442 0 0 0
1791020675 3037, 13801, 50, 0x0000000000000000 | 1.72 2.56 3.12 | cpu  51841698 656 11249724 2017187204 401458 0 148442 0 0 0
1791020676 3037, 13801, 51, 0x0000000000000000 | 1.72 2.56 3.12 | cpu  51842356 656 11249743 2017210824 401461 0 148442 0 0 0
1791020677 3037, 13801, 52, 0x0000000000000000 | 1.72 2.56 3.12 | cpu  51843071 656 11249765 2017234112 401461 0 148442 0 0 0
1791020678 3037, 13801, 52, 0x0000000000000000 | 1.72 2.56 3.12 | cpu  51843294 656 11249788 2017258441 401461 0 148442 0 0 0
1791020679 3037, 13801, 51, 0x0000000000000000 | 1.72 2.56 3.12 | cpu  51845022 656 11249827 2017281669 401461 0 148442 0 0 0
1791020680 3030, 13801, 50, 0x0000000000000000 | 1.74 2.55 3.11 | cpu  51845250 656 11249846 2017306599 401462 0 148442 0 0 0
1791020682 3030, 13801, 53, 0x0000000000000000 | 1.74 2.55 3.11 | cpu  51845391 656 11249930 2017332320 401462 0 148444 0 0 0
1791020683 3037, 13801, 51, 0x0000000000000000 | 1.74 2.55 3.11 | cpu  51845524 656 11249957 2017357982 401464 0 148444 0 0 0
1791020684 3022, 13801, 53, 0x0000000000000000 | 1.74 2.55 3.11 | cpu  51845750 656 11249977 2017382805 401464 0 148446 0 0 0
1791020685 3037, 13801, 51, 0x0000000000000000 | 1.76 2.54 3.11 | cpu  51845978 656 11249996 2017407881 401464 0 148446 0 0 0
1791020686 3037, 13801, 53, 0x0000000000000000 | 1.76 2.54 3.11 | cpu  51846557 656 11250062 2017432148 401465 0 148447 0 0 0
1791020687 3022, 13801, 51, 0x0000000000000000 | 1.76 2.54 3.11 | cpu  51846790 656 11250089 2017457634 401466 0 148448 0 0 0
1791020688 3045, 13801, 50, 0x0000000000000000 | 1.76 2.54 3.11 | cpu  51847016 656 11250109 2017482291 401466 0 148449 0 0 0
1791020690 3037, 13801, 52, 0x0000000000000000 | 1.76 2.54 3.11 | cpu  51847238 656 11250128 2017506577 401466 0 148450 0 0 0
1791020691 3037, 13801, 51, 0x0000000000000000 | 1.70 2.51 3.10 | cpu  51847362 656 11250145 2017531239 401466 0 148450 0 0 0
1791020692 3037, 13801, 51, 0x0000000000000000 | 1.70 2.51 3.10 | cpu  51847478 656 11250164 2017556043 401468 0 148450 0 0 0
1791020693 3037, 13801, 52, 0x0000000000000000 | 1.70 2.51 3.10 | cpu  51847596 656 11250190 2017580877 401468 0 148450 0 0 0
1791020694 3022, 13801, 53, 0x0000000000000000 | 1.70 2.51 3.10 | cpu  51847712 656 11250206 2017605648 401468 0 148450 0 0 0
1791020695 3030, 13801, 53, 0x0000000000000000 | 1.64 2.49 3.08 | cpu  51847828 656 11250223 2017630466 401468 0 148451 0 0 0
1791020696 3045, 13801, 51, 0x0000000000000000 | 1.64 2.49 3.08 | cpu  51847942 656 11250239 2017655281 401468 0 148451 0 0 0
1791020697 3037, 13801, 51, 0x0000000000000000 | 1.64 2.49 3.08 | cpu  51848063 656 11250261 2017680245 401469 0 148452 0 0 0
1791020698 3037, 13801, 53, 0x0000000000000000 | 1.64 2.49 3.08 | cpu  51848187 656 11250290 2017705405 401469 0 148453 0 0 0
1791020700 3037, 13801, 52, 0x0000000000000000 | 1.64 2.49 3.08 | cpu  51848303 656 11250307 2017730225 401469 0 148453 0 0 0
1791020701 3037, 13801, 53, 0x0000000000000000 | 1.59 2.46 3.07 | cpu  51848416 656 11250323 2017755059 401469 0 148453 0 0 0
1791020702 3022, 13801, 54, 0x0000000000000000 | 1.59 2.46 3.07 | cpu  51848554 656 11250364 2017779885 401469 0 148454 0 0 0
1791020703 3022, 13801, 53, 0x0000000000000000 | 1.59 2.46 3.07 | cpu  51848701 656 11250425 2017804566 401475 0 148458 0 0 0
1791020704 3022, 13801, 54, 0x0000000000000000 | 1.59 2.46 3.07 | cpu  51848820 656 11250456 2017829866 401475 0 148459 0 0 0
1791020705 3030, 13801, 53, 0x0000000000000000 | 1.55 2.44 3.06 | cpu  51850973 656 11250488 2017851644 401477 0 148460 0 0 0
1791020706 3022, 13801, 53, 0x0000000000000000 | 1.55 2.44 3.06 | cpu  51852414 656 11250538 2017875208 401477 0 148460 0 0 0
1791020707 3022, 13801, 53, 0x0000000000000000 | 1.55 2.44 3.06 | cpu  51853645 656 11250602 2017898596 401477 0 148460 0 0 0
1791020708 3030, 13801, 53, 0x0000000000000000 | 1.55 2.44 3.06 | cpu  51854449 656 11250640 2017922764 401477 0 148460 0 0 0
1791020710 3022, 13801, 55, 0x0000000000000000 | 1.55 2.44 3.06 | cpu  51854674 656 11250656 2017947447 401480 0 148460 0 0 0
1791020711 3022, 13801, 54, 0x0000000000000000 | 1.58 2.43 3.06 | cpu  51855964 656 11250695 2017971149 401480 0 148461 0 0 0
1791020712 3015, 13801, 54, 0x0000000000000000 | 1.58 2.43 3.06 | cpu  51856793 656 11250713 2017995604 401480 0 148461 0 0 0
1791020713 3030, 13801, 51, 0x0000000000000000 | 1.58 2.43 3.06 | cpu  51856946 656 11250736 2018020255 401480 0 148462 0 0 0
1791020714 3022, 13801, 54, 0x0000000000000000 | 1.58 2.43 3.06 | cpu  51857062 656 11250764 2018045628 401480 0 148462 0 0 0
1791020715 3022, 13801, 56, 0x0000000000000000 | 1.62 2.42 3.05 | cpu  51857248 656 11250785 2018070326 401482 0 148462 0 0 0
1791020716 3022, 13801, 54, 0x0000000000000000 | 1.62 2.42 3.05 | cpu  51857482 656 11250816 2018095019 401482 0 148462 0 0 0
1791020717 3022, 13801, 55, 0x0000000000000000 | 1.62 2.42 3.05 | cpu  51857713 656 11250893 2018119734 401482 0 148464 0 0 0
1791020719 3022, 13801, 55, 0x0000000000000000 | 1.62 2.42 3.05 | cpu  51857941 656 11250924 2018144393 401482 0 148466 0 0 0
1791020720 3022, 13801, 56, 0x0000000000000000 | 1.62 2.42 3.05 | cpu  51858171 656 11250941 2018169210 401482 0 148467 0 0 0
1791020721 3030, 13801, 56, 0x0000000000000000 | 1.65 2.42 3.04 | cpu  51858384 656 11251025 2018193890 401486 0 148472 0 0 0
1791020722 3022, 13801, 54, 0x0000000000000000 | 1.65 2.42 3.04 | cpu  51858509 656 11251051 2018218847 401486 0 148472 0 0 0
1791020723 3030, 13801, 53, 0x0000000000000000 | 1.65 2.42 3.04 | cpu  51858629 656 11251081 2018243730 401486 0 148474 0 0 0
1791020724 3030, 13801, 53, 0x0000000000000000 | 1.65 2.42 3.04 | cpu  51858747 656 11251104 2018269049 401486 0 148474 0 0 0
1791020725 3045, 13801, 49, 0x0000000000000000 | 1.59 2.39 3.03 | cpu  51858814 656 11251145 2018293876 401486 0 148475 0 0 0
1791020726 2647, 13801, 48, 0x0000000000000000 | 1.59 2.39 3.03 | cpu  51859864 656 11251271 2018317724 401488 0 148475 0 0 0
1791020727 2647, 13801, 47, 0x0000000000000000 | 1.59 2.39 3.03 | cpu  51861450 656 11251659 2018340693 401488 0 148475 0 0 0
1791020729 2647, 13801, 47, 0x0000000000000000 | 1.59 2.39 3.03 | cpu  51863254 656 11251854 2018363649 401488 0 148475 0 0 0
1791020730 2647, 13801, 47, 0x0000000000000000 | 1.59 2.39 3.03 | cpu  51863816 656 11252070 2018387495 401488 0 148475 0 0 0
1791020731 2647, 13801, 47, 0x0000000000000000 | 19.48 6.09 4.22 | cpu  51864492 656 11252134 2018411513 401490 0 148475 0 0 0
1791020732 2647, 13801, 47, 0x0000000000000000 | 19.48 6.09 4.22 | cpu  51865121 656 11252203 2018435496 401490 0 148475 0 0 0
1791020733 2647, 13801, 46, 0x0000000000000000 | 19.48 6.09 4.22 | cpu  51865284 656 11252282 2018459996 401490 0 148475 0 0 0
1791020734 2647, 13801, 46, 0x0000000000000000 | 19.48 6.09 4.22 | cpu  51867006 656 11252363 2018482850 401490 0 148475 0 0 0
1791020735 2647, 13801, 46, 0x0000000000000000 | 18.08 6.02 4.21 | cpu  51867166 656 11252434 2018507364 401490 0 148475 0 0 0
1791020736 2647, 13801, 46, 0x0000000000000000 | 18.08 6.02 4.21 | cpu  51867232 656 11252512 2018531932 401492 0 148476 0 0 0
1791020737 2647, 13801, 46, 0x0000000000000000 | 18.08 6.02 4.21 | cpu  51867283 656 11252582 2018556599 401493 0 148476 0 0 0
1791020739 2647, 13801, 46, 0x0000000000000000 | 18.08 6.02 4.21 | cpu  51867373 656 11252656 2018581309 401493 0 148476 0 0 0
1791020740 2647, 13801, 46, 0x0000000000000000 | 18.08 6.02 4.21 | cpu  51867536 656 11252722 2018605813 401493 0 148476 0 0 0
1791020741 2647, 13801, 45, 0x0000000000000000 | 16.80 5.95 4.20 | cpu  51867697 656 11252797 2018630356 401497 0 148477 0 0 0
1791020742 2647, 13801, 45, 0x0000000000000000 | 16.80 5.95 4.20 | cpu  51867810 656 11252866 2018654923 401497 0 148477 0 0 0
1791020743 2647, 13801, 45, 0x0000000000000000 | 16.80 5.95 4.20 | cpu  51867865 656 11252941 2018679560 401497 0 148477 0 0 0
1791020744 2647, 13801, 45, 0x0000000000000000 | 16.80 5.95 4.20 | cpu  51867918 656 11253014 2018704199 401497 0 148477 0 0 0
1791020745 2647, 13801, 45, 0x0000000000000000 | 15.53 5.87 4.18 | cpu  51867968 656 11253082 2018728905 401497 0 148477 0 0 0
1791020746 2647, 13801, 45, 0x0000000000000000 | 15.53 5.87 4.18 | cpu  51868017 656 11253154 2018754013 401500 0 148477 0 0 0
1791020747 2647, 13801, 45, 0x0000000000000000 | 15.53 5.87 4.18 | cpu  51868784 656 11253232 2018778130 401500 0 148478 0 0 0
1791020749 2647, 13801, 45, 0x0000000000000000 | 15.53 5.87 4.18 | cpu  51871241 656 11253337 2018800411 401500 0 148478 0 0 0
1791020750 2647, 13801, 44, 0x0000000000000000 | 15.53 5.87 4.18 | cpu  51871902 656 11253465 2018824249 401500 0 148478 0 0 0
1791020751 2647, 13801, 44, 0x0000000000000000 | 14.45 5.81 4.17 | cpu  51872652 656 11253536 2018848135 401500 0 148478 0 0 0
1791020752 2647, 13801, 44, 0x0000000000000000 | 14.45 5.81 4.17 | cpu  51873470 656 11253601 2018872005 401501 0 148478 0 0 0
1791020753 2647, 13801, 44, 0x0000000000000000 | 14.45 5.81 4.17 | cpu  51873656 656 11253659 2018896924 401501 0 148478 0 0 0
1791020754 2647, 13801, 44, 0x0000000000000000 | 14.45 5.81 4.17 | cpu  51875430 656 11253724 2018919713 401501 0 148479 0 0 0
1791020755 2647, 13801, 44, 0x0000000000000000 | 13.53 5.76 4.16 | cpu  51875636 656 11253799 2018945067 401505 0 148482 0 0 0
1791020756 2677, 13801, 44, 0x0000000000000000 | 13.53 5.76 4.16 | cpu  51876017 656 11253925 2018969639 401506 0 148482 0 0 0
1791020757 2647, 13801, 44, 0x0000000000000000 | 13.53 5.76 4.16 | cpu  51877287 656 11254047 2018992931 401506 0 148482 0 0 0
1791020759 2647, 13801, 44, 0x0000000000000000 | 13.53 5.76 4.16 | cpu  51878460 656 11254200 2019016406 401506 0 148482 0 0 0
1791020760 2647, 13801, 44, 0x0000000000000000 | 13.53 5.76 4.16 | cpu  51879604 656 11254354 2019039717 401506 0 148483 0 0 0
1791020761 2647, 13801, 44, 0x0000000000000000 | 12.77 5.73 4.16 | cpu  51881178 656 11254587 2019062607 401509 0 148484 0 0 0
1791020762 2647, 13801, 43, 0x0000000000000000 | 12.77 5.73 4.16 | cpu  51882610 656 11254914 2019086614 401512 0 148484 0 0 0
