1791020272 0, 0, 73.66
1791020273 0, 0, 45.42
1791020275 3, 0, 39.79
1791020276 3, 0, 37.17
1791020277 3, 0, 28.53
1791020278 3, 0, 27.87
1791020279 3, 0, 27.50
1791020280 667, 0, 38.29
1791020281 4519, 0, 84.64
1791020282 4799, 0, 83.51
1791020284 5839, 21, 81.78
1791020285 6619, 25, 84.76
1791020286 7659, 23, 86.79
1791020287 8719, 0, 85.08
1791020288 9759, 23, 82.11
1791020289 10139, 24, 83.76
1791020290 11199, 6, 85.49
1791020291 11899, 11, 78.71
1791020293 12599, 20, 88.13
1791020294 13299, 23, 82.24
1791020295 13999, 11, 82.25
1791020296 14699, 11, 83.03
1791020297 15399, 11, 81.74
1791020298 16079, 11, 81.45
1791020299 16779, 24, 81.73
1791020300 17479, 20, 82.77
1791020302 18179, 17, 85.02
1791020303 18879, 26, 78.70
1791020304 19579, 23, 81.73
1791020305 20279, 23, 82.10
1791020306 21581, 1, 75.83
1791020307 21581, 0, 75.03
1791020308 21581, 0, 73.94
1791020309 21581, 3, 75.06
1791020310 21581, 5, 74.67
1791020312 21581, 4, 74.98
1791020313 21581, 4, 74.86
1791020314 21581, 6, 74.03
1791020315 21609, 5, 74.88
1791020316 21609, 5, 85.10
1791020317 21609, 4, 76.69
1791020319 21611, 12, 73.40
1791020320 21611, 12, 73.69
1791020321 21611, 11, 73.74
1791020322 21611, 1, 72.42
1791020323 21611, 2, 73.49
1791020324 21611, 2, 72.96
1791020325 21611, 0, 72.17
1791020326 21611, 0, 73.08
1791020327 21611, 6, 73.19
1791020329 21611, 0, 72.92
1791020330 21611, 1, 72.27
1791020331 21611, 11, 73.40
1791020332 21611, 2, 73.06
1791020333 21611, 6, 71.96
1791020334 21611, 0, 72.58
1791020335 21611, 0, 73.22
1791020336 21611, 0, 72.81
1791020338 21611, 6, 72.07
1791020339 21611, 5, 73.26
1791020340 21611, 6, 72.75
1791020341 21611, 0, 72.54
1791020342 21611, 1, 73.64
1791020343 21611, 8, 72.65
1791020344 21611, 5, 71.76
1791020345 21611, 0, 72.31
1791020347 21611, 4, 72.51
1791020348 21611, 8, 72.77
1791020349 21611, 3, 72.28
1791020350 21611, 4, 73.90
1791020351 21611, 4, 73.28
1791020352 21611, 4, 72.59
1791020353 21611, 7, 72.46
1791020354 21611, 5, 72.70
1791020355 21611, 0, 71.50
1791020357 21611, 8, 71.25
1791020358 21611, 4, 72.85
1791020359 21611, 2, 72.98
1791020360 21611, 4, 72.03
1791020361 21611, 0, 73.21
1791020362 21611, 3, 72.87
1791020363 21611, 9, 72.10
1791020364 21611, 6, 72.07
1791020365 21611, 0, 72.61
1791020367 21611, 0, 72.68
1791020368 21611, 9, 71.65
1791020369 21611, 3, 72.79
1791020370 21611, 3, 73.17
1791020371 21611, 2, 72.43
1791020372 21611, 0, 72.50
1791020373 21611, 5, 73.74
1791020374 21611, 0, 72.61
1791020375 21611, 6, 72.25
1791020377 21611, 0, 73.32
1791020378 21611, 2, 73.31
1791020379 21611, 4, 71.87
1791020380 21611, 3, 72.73
1791020381 21611, 5, 72.49
1791020382 21629, 0, 83.86
1791020383 21991, 37, 253.46
1791020384 21487, 23, 171.40
1791020385 23849, 36, 216.10
1791020387 24909, 68, 271.69
1791020388 24939, 37, 337.05
1791020389 25449, 69, 306.58
1791020390 26757, 66, 376.18
1791020391 26757, 86, 362.92
1791020392 26783, 52, 246.29
1791020393 26783, 35, 214.01
1791020394 26783, 35, 259.90
1791020396 26783, 59, 279.92
1791020397 26793, 40, 269.60
1791020398 26793, 76, 300.42
1791020399 26793, 53, 316.47
1791020400 26803, 39, 257.62
1791020401 26803, 55, 297.89
1791020402 26803, 49, 283.23
1791020403 26803, 43, 252.20
1791020404 26803, 74, 353.96
1791020406 26803, 66, 342.39
1791020407 26803, 35, 244.76
1791020408 26803, 49, 300.28
1791020409 26803, 74, 388.20
1791020410 27303, 85, 434.63
1791020411 27303, 43, 242.32
1791020412 27303, 75, 353.76
1791020413 27303, 60, 376.90
1791020415 27303, 32, 235.53
1791020416 27303, 57, 285.21
1791020417 27303, 39, 238.42
1791020418 27303, 75, 345.40
1791020419 27303, 41, 286.05
1791020420 27303, 77, 339.95
1791020421 27303, 45, 268.49
1791020422 27303, 39, 333.25
1791020424 27303, 28, 242.22
1791020425 27303, 77, 295.69
1791020426 27303, 56, 372.48
1791020427 27303, 49, 279.55
1791020428 27303, 80, 363.55
1791020429 27305, 48, 299.22
1791020430 27305, 43, 236.87
1791020431 27305, 32, 257.88
1791020432 27305, 51, 296.16
1791020433 27305, 60, 316.74
1791020435 27305, 77, 368.78
1791020436 27305, 54, 330.62
1791020437 27305, 71, 367.80
1791020438 27305, 46, 236.52
1791020439 27305, 77, 362.71
1791020440 27305, 49, 324.46
1791020441 27305, 73, 341.77
1791020442 27305, 47, 262.29
1791020444 27305, 42, 243.94
1791020445 27305, 68, 346.47
1791020446 27305, 47, 293.54
1791020447 27305, 34, 238.53
1791020448 27305, 65, 346.95
1791020449 27305, 65, 348.64
1791020450 27305, 41, 243.29
1791020451 27305, 48, 284.31
1791020452 27305, 66, 340.79
1791020453 27305, 65, 355.89
1791020455 27305, 40, 371.09
1791020456 27305, 75, 325.28
1791020457 27305, 83, 382.20
1791020458 27305, 66, 360.55
1791020459 27305, 77, 379.31
1791020460 27305, 60, 348.17
1791020461 27925, 92, 448.64
1791020462 27925, 66, 376.13
1791020464 27925, 52, 338.58
1791020465 27925, 0, 299.64
1791020466 27925, 86, 384.84
1791020467 27925, 78, 390.02
1791020468 27925, 76, 399.48
1791020469 27925, 91, 439.88
1791020470 27925, 73, 365.60
1791020471 27925, 34, 351.53
1791020473 27925, 36, 281.87
1791020474 27925, 5, 175.31
1791020475 27925, 0, 98.69
1791020476 27925, 9, 77.90
1791020477 27925, 4, 78.00
1791020478 27925, 5, 76.60
1791020479 27925, 2, 76.18
1791020480 27925, 3, 76.43
1791020481 27925, 10, 76.31
1791020483 27925, 2, 75.84
1791020484 27925, 2, 77.70
1791020485 27925, 6, 77.19
1791020486 27925, 0, 75.82
1791020487 27925, 0, 76.89
1791020488 27925, 3, 77.11
1791020489 27925, 10, 75.70
1791020490 27925, 0, 75.21
1791020491 27925, 5, 76.31
1791020493 27925, 1, 76.34
1791020494 27925, 0, 75.27
1791020495 27925, 1, 75.06
1791020496 27925, 10, 75.48
1791020497 27925, 4, 74.67
1791020498 27925, 1, 74.33
1791020499 27925, 5, 75.53
1791020500 27925, 5, 74.82
1791020501 27925, 3, 74.75
1791020503 27925, 11, 77.09
1791020504 27925, 12, 77.12
1791020505 27925, 0, 74.42
1791020506 27925, 0, 73.75
1791020507 27925, 0, 75.09
1791020508 27925, 0, 75.19
