1791020996 0, 0, 71.53
1791020997 0, 0, 69.38
1791020998 3, 0, 43.46
1791020999 3, 0, 38.81
1791021000 3, 0, 29.66
1791021001 3, 0, 27.40
1791021003 3, 0, 27.26
1791021004 947, 0, 40.65
1791021005 4519, 11, 79.68
1791021006 4799, 9, 81.60
1791021007 5559, 11, 78.50
1791021008 5839, 10, 82.12
1791021009 6899, 1, 82.33
1791021010 7659, 0, 77.81
1791021011 8719, 23, 81.78
1791021013 8999, 11, 81.53
1791021014 9759, 16, 79.85
1791021015 10139, 11, 78.45
1791021016 10839, 11, 81.73
1791021017 11419, 18, 79.33
1791021018 11899, 11, 80.96
1791021019 12599, 14, 79.19
1791021020 13299, 24, 82.90
1791021021 13999, 1, 81.90
1791021023 14699, 11, 78.83
1791021024 15039, 11, 82.01
1791021025 16079, 2, 80.81
1791021026 16779, 24, 81.51
1791021027 17479, 0, 81.61
1791021028 18179, 24, 82.64
1791021029 18879, 23, 80.69
1791021030 19579, 11, 81.77
1791021031 20279, 11, 78.61
1791021033 20881, 24, 76.18
1791021034 21581, 0, 76.68
1791021035 21581, 0, 73.47
1791021036 21581, 0, 73.68
1791021037 21581, 3, 74.49
1791021038 21581, 6, 75.87
1791021039 21581, 5, 75.12
1791021040 21581, 6, 74.36
1791021041 21609, 5, 75.60
1791021043 21609, 2, 75.12
1791021044 21611, 5, 74.32
1791021045 21611, 2, 72.27
1791021046 21611, 2, 73.54
1791021047 21611, 2, 72.38
1791021049 21611, 2, 72.16
1791021050 21611, 7, 73.59
1791021051 21611, 0, 73.22
1791021052 21611, 5, 72.22
1791021053 21611, 0, 73.30
1791021054 21611, 1, 72.74
1791021055 21611, 8, 72.86
1791021056 21611, 5, 72.54
1791021057 21611, 0, 73.71
1791021059 21611, 3, 73.59
1791021060 21611, 5, 72.39
1791021061 21611, 7, 72.67
1791021062 21611, 5, 73.58
1791021063 21611, 3, 72.63
1791021064 21611, 6, 72.43
1791021065 21611, 0, 73.74
1791021066 21611, 8, 73.32
1791021067 21611, 3, 72.11
1791021069 21611, 2, 73.34
1791021070 21611, 0, 72.94
1791021071 21611, 7, 71.70
1791021072 21611, 5, 71.72
1791021073 21611, 0, 72.82
1791021074 21611, 5, 72.40
1791021075 21611, 0, 71.76
1791021076 21611, 0, 72.54
1791021077 21611, 3, 72.72
1791021079 21611, 4, 71.55
1791021080 21611, 0, 71.33
1791021081 21611, 2, 72.40
1791021082 21611, 9, 72.45
1791021083 21611, 0, 71.38
1791021084 21611, 0, 72.74
1791021085 21611, 3, 72.54
1791021086 21611, 4, 71.56
1791021087 21611, 5, 71.65
1791021088 21611, 6, 72.54
1791021090 21611, 5, 72.25
1791021091 21611, 1, 71.45
1791021092 21611, 5, 72.88
1791021093 21611, 0, 72.54
1791021094 21611, 0, 71.86
1791021095 21611, 8, 72.56
1791021096 21611, 3, 72.47
1791021097 21611, 3, 71.91
1791021098 21611, 0, 71.76
1791021100 21611, 3, 72.40
1791021101 21611, 3, 72.79
1791021102 21611, 0, 71.75
1791021103 21611, 8, 72.92
1791021104 21611, 0, 73.06
1791021105 21611, 4, 72.43
1791021106 21611, 0, 71.94
1791021107 21611, 4, 72.69
1791021108 21611, 4, 72.21
1791021110 21621, 3, 71.62
1791021111 21629, 26, 83.84
1791021112 21631, 33, 233.20
1791021113 20087, 4, 161.12
1791021114 21347, 32, 201.26
1791021115 22389, 39, 261.96
1791021116 22419, 63, 279.83
1791021117 23271, 31, 240.71
1791021118 24155, 71, 337.85
1791021120 24165, 42, 268.57
1791021121 24181, 32, 189.00
1791021122 24183, 53, 248.73
1791021123 24183, 33, 216.45
1791021124 24193, 52, 268.64
1791021125 24193, 36, 240.05
1791021126 24193, 64, 316.62
1791021127 24203, 52, 268.56
1791021128 24203, 50, 265.54
1791021130 24203, 56, 258.75
1791021131 24203, 40, 260.74
1791021132 24203, 64, 288.35
1791021133 24203, 54, 282.67
1791021134 24203, 31, 209.61
1791021135 24203, 41, 259.85
1791021136 24403, 62, 321.37
1791021137 24403, 72, 361.05
1791021138 24403, 55, 243.05
1791021140 24403, 55, 334.88
1791021141 24403, 33, 310.99
1791021142 24403, 41, 215.02
1791021143 24403, 35, 252.06
1791021144 24403, 55, 299.24
1791021145 24403, 36, 271.09
1791021146 24403, 53, 248.94
1791021147 24403, 64, 295.66
1791021148 24403, 59, 317.80
1791021150 24403, 36, 236.86
1791021151 24403, 38, 212.01
1791021152 24403, 66, 323.20
1791021153 24403, 49, 262.45
1791021154 24403, 42, 282.87
1791021155 24405, 71, 304.44
1791021156 24405, 36, 213.04
1791021157 24405, 48, 236.47
1791021158 24405, 48, 263.85
1791021160 24405, 52, 279.37
1791021161 24405, 67, 319.14
1791021162 24405, 49, 303.88
1791021163 24405, 65, 314.64
1791021164 24405, 40, 231.64
1791021165 24405, 69, 345.27
1791021166 24405, 44, 267.28
1791021167 24405, 69, 351.21
1791021168 24405, 35, 231.63
1791021169 24405, 56, 272.44
1791021171 24405, 43, 272.84
1791021172 24405, 34, 212.99
1791021173 24405, 58, 310.91
1791021174 24405, 57, 294.77
1791021175 24405, 37, 229.53
1791021176 24405, 42, 260.15
1791021177 24405, 53, 290.15
1791021178 24405, 66, 328.07
1791021180 24405, 56, 316.92
1791021181 24405, 71, 299.52
1791021182 24405, 57, 323.94
1791021183 24405, 69, 341.08
1791021184 24405, 53, 294.03
1791021185 24645, 73, 383.65
1791021186 24645, 60, 341.75
1791021187 24645, 51, 310.30
1791021188 24645, 16, 264.56
1791021190 24645, 55, 357.89
1791021191 24645, 56, 339.68
1791021192 24645, 61, 339.43
1791021193 24645, 73, 345.83
1791021194 24645, 56, 312.11
1791021195 24645, 60, 293.49
1791021196 24645, 55, 243.69
1791021197 24645, 8, 149.93
1791021198 24645, 0, 77.88
1791021200 24645, 0, 76.90
1791021201 24645, 5, 75.99
1791021202 24645, 8, 75.58
1791021203 24645, 1, 76.36
1791021204 24645, 2, 75.52
1791021205 24645, 5, 74.87
1791021206 24645, 0, 75.50
1791021207 24645, 0, 75.14
1791021208 24645, 10, 74.18
1791021210 24645, 2, 74.06
1791021211 24645, 3, 74.75
1791021212 24645, 3, 74.70
1791021213 24645, 0, 73.97
1791021214 24645, 8, 75.56
1791021215 24645, 3, 75.29
1791021216 24645, 0, 74.07
1791021217 24645, 6, 73.71
1791021218 24645, 0, 74.66
1791021220 24645, 0, 74.47
1791021221 24645, 0, 74.15
1791021222 24645, 1, 75.12
1791021223 24645, 0, 74.79
1791021224 24645, 8, 73.98
1791021225 24645, 7, 74.11
1791021226 24645, 5, 74.67
1791021228 24645, 10, 73.65
1791021229 24645, 13, 75.37
1791021230 24645, 0, 74.49
1791021231 24645, 0, 73.05
1791021232 24645, 0, 73.24
