1791019559 0, 0, 74.64
1791019560 0, 0, 62.30
1791019561 3, 0, 39.52
1791019563 3, 0, 38.16
1791019564 3, 0, 29.01
1791019565 3, 0, 27.35
1791019566 3, 0, 27.47
1791019567 967, 0, 57.62
1791019568 4519, 10, 79.57
1791019569 4799, 23, 84.11
1791019570 5559, 11, 82.04
1791019571 6619, 23, 82.20
1791019573 6899, 11, 81.54
1791019574 7939, 15, 81.51
1791019575 8719, 24, 82.49
1791019576 9759, 11, 80.82
1791019577 10139, 11, 80.86
1791019578 11199, 23, 82.50
1791019579 11899, 23, 82.10
1791019580 12499, 25, 78.67
1791019581 13299, 22, 80.20
1791019582 13639, 8, 81.70
1791019584 14339, 3, 80.47
1791019585 15399, 0, 80.47
1791019586 16079, 10, 81.53
1791019587 16779, 10, 80.49
1791019588 17479, 4, 81.62
1791019589 18179, 6, 81.49
1791019590 18879, 21, 78.90
1791019591 19579, 3, 80.23
1791019592 20279, 11, 78.68
1791019594 20881, 1, 76.75
1791019595 21581, 0, 76.67
1791019596 21581, 0, 72.19
1791019597 21581, 0, 73.14
1791019598 21581, 0, 73.16
1791019599 21581, 0, 71.74
1791019600 21581, 4, 75.11
1791019601 21581, 3, 74.44
1791019603 21581, 5, 74.14
1791019604 21581, 4, 73.85
1791019605 21581, 5, 74.96
1791019606 21609, 0, 73.50
1791019607 21611, 2, 72.79
1791019608 21611, 2, 72.86
1791019610 21611, 1, 72.51
1791019611 21611, 2, 71.55
1791019612 21611, 2, 72.98
1791019613 21611, 0, 72.92
1791019614 21611, 0, 72.02
1791019615 21611, 8, 72.45
1791019616 21611, 5, 72.65
1791019617 21611, 0, 71.96
1791019619 21611, 0, 71.63
1791019620 21611, 6, 72.70
1791019621 21611, 7, 71.98
1791019622 21611, 0, 72.03
1791019623 21611, 5, 72.86
1791019624 21611, 2, 72.67
1791019625 21611, 1, 72.02
1791019626 21611, 10, 71.70
1791019628 21611, 1, 72.60
1791019629 21611, 4, 72.74
1791019630 21611, 2, 71.93
1791019631 21611, 0, 73.21
1791019632 21611, 0, 72.43
1791019633 21611, 8, 71.83
1791019634 21611, 0, 72.70
1791019635 21611, 6, 72.87
1791019637 21611, 0, 72.33
1791019638 21611, 8, 71.45
1791019639 21611, 1, 72.65
1791019640 21611, 3, 72.74
1791019641 21611, 5, 71.59
1791019642 21611, 3, 71.93
1791019643 21611, 0, 71.91
1791019644 21611, 0, 71.41
1791019646 21611, 6, 71.20
1791019647 21611, 9, 72.56
1791019648 21611, 3, 71.81
1791019649 21611, 0, 71.35
1791019650 21611, 5, 72.99
1791019651 21611, 0, 72.57
1791019652 21611, 2, 71.78
1791019653 21611, 9, 73.02
1791019655 21611, 7, 73.20
1791019656 21611, 1, 72.84
1791019657 21611, 2, 72.39
1791019658 21611, 5, 72.73
1791019659 21611, 0, 72.68
1791019660 21611, 0, 72.08
1791019661 21611, 7, 71.96
1791019662 21611, 0, 71.77
1791019663 21611, 3, 71.52
1791019665 21611, 5, 71.21
1791019666 21611, 0, 72.37
1791019667 21611, 0, 72.09
1791019668 21611, 4, 71.97
1791019669 21611, 4, 73.12
1791019670 21611, 3, 72.49
1791019671 21629, 1, 73.19
1791019672 21629, 33, 243.79
1791019674 20381, 37, 174.09
1791019675 21389, 44, 231.31
1791019676 22419, 79, 271.64
1791019677 23269, 27, 289.00
1791019678 24155, 80, 397.60
1791019679 24177, 45, 304.96
1791019680 24181, 19, 186.10
1791019681 24181, 36, 262.79
1791019682 24181, 59, 285.69
1791019684 24191, 71, 246.64
1791019685 24191, 57, 356.67
1791019686 24201, 41, 284.95
1791019687 24201, 57, 272.43
1791019688 24201, 63, 313.22
1791019689 24201, 44, 295.38
1791019690 24201, 59, 352.99
1791019691 24201, 45, 231.73
1791019692 24201, 76, 331.04
1791019694 24401, 93, 424.76
1791019695 24401, 40, 261.03
1791019696 24401, 78, 392.22
1791019697 24401, 38, 289.78
1791019698 24401, 51, 272.58
1791019699 24401, 41, 256.12
1791019700 24401, 43, 292.81
1791019701 24401, 79, 311.52
1791019703 24401, 61, 288.67
1791019704 24401, 45, 340.08
1791019705 24401, 33, 237.13
1791019706 24401, 83, 373.60
1791019707 24401, 58, 294.09
1791019708 24401, 54, 354.73
1791019709 24403, 0, 292.34
1791019710 24403, 54, 243.76
1791019711 24403, 53, 292.78
1791019713 24403, 62, 313.44
1791019714 24403, 69, 369.96
1791019715 24403, 71, 345.97
1791019716 24403, 6, 255.15
1791019717 24403, 76, 369.24
1791019718 24403, 47, 286.68
1791019719 24403, 43, 302.34
1791019720 24403, 61, 248.57
1791019722 24403, 46, 313.75
1791019723 24403, 26, 233.65
1791019724 24403, 66, 323.42
1791019725 24403, 68, 321.83
1791019726 24403, 40, 250.21
1791019727 24403, 52, 294.89
1791019728 24403, 62, 332.46
1791019729 24403, 66, 368.86
1791019730 24403, 87, 336.87
1791019732 24403, 67, 368.59
1791019733 24403, 76, 378.78
1791019734 24663, 89, 397.61
1791019735 24663, 70, 410.23
1791019736 24663, 59, 332.71
1791019737 24663, 50, 314.99
1791019738 24663, 73, 404.82
1791019739 24663, 77, 392.39
1791019741 24663, 77, 428.43
1791019742 24663, 70, 347.95
1791019743 24663, 62, 298.56
1791019744 24663, 28, 202.90
1791019745 24663, 9, 99.79
1791019746 24663, 0, 77.49
1791019747 24663, 13, 75.64
1791019749 24663, 0, 75.14
1791019750 24663, 4, 76.13
1791019751 24663, 5, 75.25
1791019752 24663, 0, 74.95
1791019753 24663, 5, 74.87
1791019754 24663, 0, 76.39
1791019755 24663, 6, 74.96
1791019757 24663, 6, 74.72
1791019758 24663, 2, 75.84
1791019759 24663, 5, 74.04
1791019760 24663, 0, 73.75
1791019761 24663, 0, 74.83
1791019762 24663, 4, 75.28
1791019763 24663, 10, 74.06
1791019764 24663, 1, 74.52
1791019765 24663, 5, 74.66
1791019767 24663, 0, 73.72
1791019768 24663, 0, 73.55
1791019769 24663, 8, 74.75
1791019770 24663, 0, 74.87
1791019771 24663, 6, 73.56
1791019772 24663, 4, 74.13
1791019773 24663, 4, 73.77
1791019774 24663, 3, 74.54
1791019776 24663, 0, 72.68
1791019777 24663, 0, 74.02
1791019778 24663, 0, 73.51
