1791320797 2647, 14001, 45, 0x0000000000000000 | 2.82 4.60 7.56 | cpu  635020364 884446 47555180 6471219527 7202999 0 808099 0 0 0
1791320798 2647, 7001, 45, 0x0000000000000000 | 6.44 5.32 7.78 | cpu  635020738 884446 47555373 6471224022 7202999 0 808099 0 0 0
1791320799 420, 810, 43, 0x0000000000000000 | 6.44 5.32 7.78 | cpu  635021209 884446 47555457 6471228553 7203000 0 808100 0 0 0
1791320801 300, 810, 43, 0x0000000000000000 | 6.44 5.32 7.78 | cpu  635021451 884446 47555541 6471233316 7203000 0 808100 0 0 0
1791320802 300, 405, 42, 0x0000000000000000 | 6.44 5.32 7.78 | cpu  635021650 884446 47555583 6471238164 7203002 0 808102 0 0 0
1791320803 1867, 13801, 43, 0x0000000000000000 | 6.44 5.32 7.78 | cpu  635021943 884446 47555649 6471242870 7203002 0 808102 0 0 0
1791320804 2677, 13801, 44, 0x0000000000000000 | 6.08 5.27 7.75 | cpu  635022291 884446 47555707 6471247537 7203006 0 808102 0 0 0
1791320805 2685, 13801, 44, 0x0000000000000000 | 6.08 5.27 7.75 | cpu  635022622 884446 47555756 6471252228 7203006 0 808102 0 0 0
1791320806 2685, 13801, 45, 0x0000000000000000 | 6.08 5.27 7.75 | cpu  635022899 884446 47555808 6471256981 7203008 0 808102 0 0 0
1791320807 2677, 13801, 45, 0x0000000000000000 | 6.08 5.27 7.75 | cpu  635023219 884446 47555878 6471261644 7203009 0 808102 0 0 0
1791320808 2677, 13801, 44, 0x0000000000000000 | 5.76 5.21 7.72 | cpu  635023568 884446 47555940 6471266313 7203009 0 808103 0 0 0
1791320809 2677, 13801, 44, 0x0000000000000000 | 5.76 5.21 7.72 | cpu  635023862 884446 47555985 6471271055 7203009 0 808103 0 0 0
1791320810 2707, 13801, 44, 0x0000000000000000 | 5.76 5.21 7.72 | cpu  635024217 884446 47556098 6471275643 7203009 0 808103 0 0 0
1791320811 2677, 13801, 44, 0x0000000000000000 | 5.76 5.21 7.72 | cpu  635025243 884446 47556146 6471279640 7203009 0 808103 0 0 0
1791320812 2685, 13801, 44, 0x0000000000000000 | 5.76 5.21 7.72 | cpu  635026713 884446 47556189 6471283181 7203009 0 808103 0 0 0
1791320813 2685, 13801, 44, 0x0000000000000000 | 7.38 5.56 7.82 | cpu  635028219 884446 47556226 6471286693 7203009 0 808103 0 0 0
1791320814 2647, 13801, 43, 0x0000000000000000 | 7.38 5.56 7.82 | cpu  635028501 884446 47556351 6471291352 7203010 0 808104 0 0 0
1791320815 2647, 13801, 43, 0x0000000000000000 | 7.38 5.56 7.82 | cpu  635028606 884446 47556471 6471296188 7203010 0 808104 0 0 0
1791320816 2670, 13801, 43, 0x0000000000000000 | 7.38 5.56 7.82 | cpu  635028761 884446 47556565 6471300992 7203015 0 808105 0 0 0
1791320817 2670, 13801, 43, 0x0000000000000000 | 7.38 5.56 7.82 | cpu  635029028 884446 47556750 6471305595 7203015 0 808105 0 0 0
1791320819 2670, 13801, 43, 0x0000000000000000 | 6.95 5.50 7.79 | cpu  635029233 884446 47556848 6471310350 7203017 0 808105 0 0 0
1791320820 2670, 13801, 43, 0x0000000000000000 | 6.95 5.50 7.79 | cpu  635029400 884446 47556963 6471315139 7203017 0 808105 0 0 0
1791320821 2812, 13801, 43, 0x0000000000000000 | 6.95 5.50 7.79 | cpu  635029591 884446 47557002 6471319979 7203017 0 808105 0 0 0
1791320822 2647, 13801, 43, 0x0000000000000000 | 6.95 5.50 7.79 | cpu  635029772 884446 47557055 6471324806 7203021 0 808105 0 0 0
1791320823 2647, 13801, 42, 0x0000000000000000 | 6.63 5.46 7.76 | cpu  635029910 884446 47557140 6471329644 7203021 0 808107 0 0 0
1791320824 2647, 13801, 42, 0x0000000000000000 | 6.63 5.46 7.76 | cpu  635030060 884446 47557223 6471334467 7203021 0 808107 0 0 0
1791320825 2647, 13801, 42, 0x0000000000000000 | 6.63 5.46 7.76 | cpu  635030191 884446 47557331 6471339298 7203022 0 808111 0 0 0
1791320826 2647, 13801, 42, 0x0000000000000000 | 6.63 5.46 7.76 | cpu  635030322 884446 47557436 6471344133 7203022 0 808113 0 0 0
1791320827 2647, 13801, 42, 0x0000000000000000 | 6.63 5.46 7.76 | cpu  635030461 884446 47557532 6471348952 7203022 0 808119 0 0 0
1791320828 2647, 13801, 42, 0x0000000000000000 | 6.34 5.41 7.73 | cpu  635030672 884446 47557657 6471353682 7203022 0 808119 0 0 0
1791320829 2647, 13801, 42, 0x0000000000000000 | 6.34 5.41 7.73 | cpu  635030785 884446 47557772 6471358520 7203022 0 808120 0 0 0
1791320830 2647, 13801, 42, 0x0000000000000000 | 6.34 5.41 7.73 | cpu  635030897 884446 47557880 6471363365 7203022 0 808120 0 0 0
1791320831 2647, 13801, 42, 0x0000000000000000 | 6.34 5.41 7.73 | cpu  635031017 884446 47557983 6471368188 7203027 0 808120 0 0 0
1791320832 2647, 13801, 42, 0x0000000000000000 | 6.34 5.41 7.73 | cpu  635031131 884446 47558099 6471373007 7203031 0 808122 0 0 0
1791320833 2647, 13801, 42, 0x0000000000000000 | 5.99 5.36 7.70 | cpu  635031282 884446 47558207 6471377813 7203031 0 808124 0 0 0
1791320834 2647, 13801, 42, 0x0000000000000000 | 5.99 5.36 7.70 | cpu  635031396 884446 47558404 6471382563 7203031 0 808124 0 0 0
1791320835 2647, 13801, 41, 0x0000000000000000 | 5.99 5.36 7.70 | cpu  635031510 884446 47558521 6471387398 7203037 0 808124 0 0 0
1791320836 2647, 13801, 41, 0x0000000000000000 | 5.99 5.36 7.70 | cpu  635031708 884446 47558738 6471392033 7203037 0 808124 0 0 0
1791320838 2647, 13801, 41, 0x0000000000000000 | 5.99 5.36 7.70 | cpu  635031900 884446 47558827 6471396817 7203037 0 808124 0 0 0
1791320839 2647, 13801, 41, 0x0000000000000000 | 5.67 5.30 7.67 | cpu  635032137 884446 47558924 6471401536 7203041 0 808124 0 0 0
1791320840 2647, 13801, 41, 0x0000000000000000 | 5.67 5.30 7.67 | cpu  635032397 884446 47559016 6471406254 7203042 0 808124 0 0 0
1791320841 2647, 13801, 41, 0x0000000000000000 | 5.67 5.30 7.67 | cpu  635032595 884446 47559100 6471411031 7203043 0 808124 0 0 0
1791320842 2647, 13801, 41, 0x0000000000000000 | 5.67 5.30 7.67 | cpu  635032824 884446 47559203 6471415764 7203043 0 808130 0 0 0
1791320843 2647, 13801, 41, 0x0000000000000000 | 5.38 5.25 7.64 | cpu  635033083 884446 47559293 6471420489 7203043 0 808130 0 0 0
1791320844 2647, 13801, 41, 0x0000000000000000 | 5.38 5.25 7.64 | cpu  635033292 884446 47559363 6471425270 7203043 0 808130 0 0 0
1791320845 2647, 13801, 41, 0x0000000000000000 | 5.38 5.25 7.64 | cpu  635033489 884446 47559448 6471430056 7203043 0 808130 0 0 0
1791320846 2647, 13801, 41, 0x0000000000000000 | 5.38 5.25 7.64 | cpu  635033751 884446 47559542 6471434772 7203043 0 808130 0 0 0
1791320847 2647, 13801, 41, 0x0000000000000000 | 5.38 5.25 7.64 | cpu  635033988 884446 47559631 6471439505 7203044 0 808130 0 0 0
1791320848 2647, 13801, 41, 0x0000000000000000 | 5.11 5.19 7.61 | cpu  635034220 884446 47559728 6471444248 7203044 0 808130 0 0 0
1791320849 2647, 13801, 41, 0x0000000000000000 | 5.11 5.19 7.61 | cpu  635034748 884448 47559824 6471448723 7203044 0 808130 0 0 0
1791320850 2647, 13801, 40, 0x0000000000000000 | 5.11 5.19 7.61 | cpu  635036224 884448 47559907 6471452217 7203045 0 808131 0 0 0
1791320851 2647, 13801, 40, 0x0000000000000000 | 5.11 5.19 7.61 | cpu  635037556 884448 47559998 6471455860 7203045 0 808131 0 0 0
1791320852 2647, 13801, 40, 0x0000000000000000 | 5.11 5.19 7.61 | cpu  635037836 884448 47560104 6471460550 7203045 0 808131 0 0 0
1791320853 2647, 13801, 40, 0x0000000000000000 | 4.86 5.14 7.58 | cpu  635037956 884448 47560212 6471465403 7203045 0 808131 0 0 0
1791320854 2647, 13801, 40, 0x0000000000000000 | 4.86 5.14 7.58 | cpu  635038136 884448 47560366 6471470095 7203068 0 808131 0 0 0
1791320855 2647, 13801, 40, 0x0000000000000000 | 4.86 5.14 7.58 | cpu  635038573 884448 47560476 6471474606 7203079 0 808132 0 0 0
1791320857 2647, 13801, 40, 0x0000000000000000 | 4.86 5.14 7.58 | cpu  635038735 884448 47560567 6471479421 7203079 0 808133 0 0 0
1791320858 2647, 13801, 40, 0x0000000000000000 | 4.86 5.14 7.58 | cpu  635038888 884448 47560659 6471484245 7203080 0 808134 0 0 0
1791320859 2647, 13801, 40, 0x0000000000000000 | 4.71 5.10 7.56 | cpu  635039050 884448 47560804 6471488994 7203081 0 808136 0 0 0
1791320860 2647, 13801, 40, 0x0000000000000000 | 4.71 5.10 7.56 | cpu  635039242 884448 47560903 6471493777 7203081 0 808136 0 0 0
1791320861 2647, 13801, 40, 0x0000000000000000 | 4.71 5.10 7.56 | cpu  635039355 884448 47561015 6471498628 7203081 0 808136 0 0 0
1791320862 2647, 13801, 40, 0x0000000000000000 | 4.71 5.10 7.56 | cpu  635039502 884448 47561115 6471503441 7203082 0 808136 0 0 0
1791320863 2640, 13801, 40, 0x0000000000000000 | 4.49 5.05 7.52 | cpu  635039607 884448 47561231 6471508269 7203082 0 808137 0 0 0
1791320864 2647, 13801, 40, 0x0000000000000000 | 4.49 5.05 7.52 | cpu  635039732 884448 47561331 6471513112 7203082 0 808137 0 0 0
1791320865 2647, 13801, 40, 0x0000000000000000 | 4.49 5.05 7.52 | cpu  635039852 884448 47561435 6471517959 7203082 0 808137 0 0 0
1791320866 2647, 13801, 40, 0x0000000000000000 | 4.49 5.05 7.52 | cpu  635039983 884448 47561522 6471522797 7203090 0 808137 0 0 0
1791320867 3007, 13801, 55, 0x0000000000000000 | 4.49 5.05 7.52 | cpu  635040237 884448 47561682 6471527465 7203090 0 808137 0 0 0
1791320868 3000, 13801, 58, 0x0000000000000000 | 4.29 5.00 7.50 | cpu  635040530 884448 47561731 6471532214 7203090 0 808137 0 0 0
1791320869 2992, 13801, 59, 0x0000000000000000 | 4.29 5.00 7.50 | cpu  635040819 884448 47561762 6471536988 7203090 0 808137 0 0 0
1791320870 3022, 13801, 59, 0x0000000000000000 | 4.29 5.00 7.50 | cpu  635041105 884448 47561790 6471541757 7203090 0 808138 0 0 0
1791320871 2992, 13801, 59, 0x0000000000000000 | 4.29 5.00 7.50 | cpu  635041360 884448 47561820 6471546585 7203092 0 808138 0 0 0
1791320872 3022, 13801, 60, 0x0000000000000000 | 4.29 5.00 7.50 | cpu  635041656 884448 47561872 6471551328 7203092 0 808138 0 0 0
1791320873 3007, 13801, 60, 0x0000000000000000 | 4.11 4.95 7.47 | cpu  635041965 884448 47561923 6471556026 7203095 0 808138 0 0 0
1791320875 3007, 13801, 56, 0x0000000000000000 | 4.11 4.95 7.47 | cpu  635042235 884448 47562015 6471560771 7203096 0 808138 0 0 0
1791320876 3000, 13801, 62, 0x0000000000000000 | 4.11 4.95 7.47 | cpu  635042529 884448 47562079 6471565508 7203096 0 808138 0 0 0
1791320877 3000, 13801, 61, 0x0000000000000000 | 4.11 4.95 7.47 | cpu  635042847 884448 47562128 6471570253 7203096 0 808139 0 0 0
1791320878 2992, 13801, 62, 0x0000000000000000 | 4.11 4.95 7.47 | cpu  635043102 884448 47562159 6471575059 7203096 0 808139 0 0 0
1791320879 3000, 13801, 64, 0x0000000000000000 | 4.02 4.92 7.44 | cpu  635043423 884448 47562212 6471579765 7203096 0 808139 0 0 0
1791320880 3015, 13801, 62, 0x0000000000000000 | 4.02 4.92 7.44 | cpu  635044446 884448 47562267 6471583823 7203096 0 808139 0 0 0
1791320881 3007, 13801, 63, 0x0000000000000000 | 4.02 4.92 7.44 | cpu  635045862 884448 47562301 6471587459 7203096 0 808139 0 0 0
1791320882 3000, 13801, 58, 0x0000000000000000 | 4.02 4.92 7.44 | cpu  635047036 884448 47562338 6471591312 7203097 0 808140 0 0 0
1791320883 2985, 13801, 63, 0x0000000000000000 | 4.34 4.97 7.44 | cpu  635047307 884448 47562432 6471596048 7203098 0 808140 0 0 0
1791320884 3022, 13801, 61, 0x0000000000000000 | 4.34 4.97 7.44 | cpu  635047494 884448 47562489 6471600901 7203098 0 808141 0 0 0
1791320885 3015, 13801, 65, 0x0000000000000000 | 4.34 4.97 7.44 | cpu  635047687 884448 47562550 6471605725 7203108 0 808141 0 0 0
1791320886 2985, 13801, 65, 0x0000000000000000 | 4.34 4.97 7.44 | cpu  635048004 884448 47562686 6471610371 7203108 0 808141 0 0 0
1791320887 3007, 13801, 63, 0x0000000000000000 | 4.34 4.97 7.44 | cpu  635048247 884448 47562774 6471615175 7203109 0 808141 0 0 0
1791320888 2992, 13801, 64, 0x0000000000000000 | 4.23 4.94 7.42 | cpu  635048445 884448 47562857 6471619978 7203109 0 808141 0 0 0
1791320889 3007, 13801, 64, 0x0000000000000000 | 4.23 4.94 7.42 | cpu  635048639 884448 47562906 6471624826 7203109 0 808141 0 0 0
1791320890 2985, 13801, 66, 0x0000000000000000 | 4.23 4.94 7.42 | cpu  635048831 884448 47562961 6471629683 7203109 0 808141 0 0 0
1791320892 2977, 13801, 66, 0x0000000000000000 | 4.23 4.94 7.42 | cpu  635049026 884448 47563012 6471634529 7203109 0 808142 0 0 0
1791320893 2992, 13801, 67, 0x0000000000000000 | 4.23 4.94 7.42 | cpu  635049215 884448 47563069 6471639370 7203109 0 808142 0 0 0
1791320894 2985, 13801, 67, 0x0000000000000000 | 4.05 4.89 7.39 | cpu  635049408 884448 47563123 6471644213 7203109 0 808142 0 0 0
1791320895 3007, 13801, 65, 0x0000000000000000 | 4.05 4.89 7.39 | cpu  635049602 884448 47563172 6471649050 7203109 0 808142 0 0 0
1791320896 2992, 13801, 67, 0x0000000000000000 | 4.05 4.89 7.39 | cpu  635049787 884448 47563236 6471653908 7203115 0 808143 0 0 0
1791320897 2992, 13801, 65, 0x0000000000000000 | 4.05 4.89 7.39 | cpu  635050041 884448 47563299 6471658686 7203116 0 808143 0 0 0
1791320898 2992, 13801, 67, 0x0000000000000000 | 3.97 4.86 7.37 | cpu  635050208 884448 47563376 6471663505 7203122 0 808143 0 0 0
1791320899 2992, 13801, 66, 0x0000000000000000 | 3.97 4.86 7.37 | cpu  635050391 884448 47563518 6471668269 7203122 0 808143 0 0 0
1791320900 3007, 13801, 66, 0x0000000000000000 | 3.97 4.86 7.37 | cpu  635050567 884448 47563582 6471673120 7203123 0 808143 0 0 0
1791320901 3007, 13801, 66, 0x0000000000000000 | 3.97 4.86 7.37 | cpu  635050731 884448 47563658 6471678012 7203124 0 808143 0 0 0
1791320902 2985, 13801, 67, 0x0000000000000000 | 3.97 4.86 7.37 | cpu  635050909 884448 47563712 6471682878 7203124 0 808143 0 0 0
1791320903 2985, 13801, 64, 0x0000000000000000 | 3.81 4.81 7.34 | cpu  635051073 884448 47563790 6471687799 7203128 0 808143 0 0 0
1791320904 2985, 13801, 68, 0x0000000000000000 | 3.81 4.81 7.34 | cpu  635051263 884448 47563856 6471692671 7203129 0 808143 0 0 0
1791320905 3007, 13801, 67, 0x0000000000000000 | 3.81 4.81 7.34 | cpu  635051511 884448 47564031 6471697332 7203129 0 808143 0 0 0
1791320906 3000, 13801, 66, 0x0000000000000000 | 3.81 4.81 7.34 | cpu  635051804 884448 47564087 6471702100 7203129 0 808143 0 0 0
1791320907 2985, 13801, 68, 0x0000000000000000 | 3.81 4.81 7.34 | cpu  635052089 884448 47564132 6471706851 7203129 0 808143 0 0 0
1791320909 3007, 13801, 67, 0x0000000000000000 | 3.66 4.76 7.31 | cpu  635052374 884448 47564168 6471711608 7203130 0 808144 0 0 0
1791320910 3000, 13801, 67, 0x0000000000000000 | 3.66 4.76 7.31 | cpu  635052661 884448 47564229 6471716376 7203130 0 808144 0 0 0
1791320911 2977, 13801, 68, 0x0000000000000000 | 3.66 4.76 7.31 | cpu  635052950 884448 47564268 6471721127 7203130 0 808145 0 0 0
1791320912 3000, 13801, 67, 0x0000000000000000 | 3.66 4.76 7.31 | cpu  635053236 884450 47564315 6471725877 7203131 0 808146 0 0 0
1791320913 2992, 13801, 69, 0x0000000000000000 | 3.53 4.71 7.28 | cpu  635053488 884450 47564353 6471730687 7203131 0 808146 0 0 0
1791320914 3007, 13801, 68, 0x0000000000000000 | 3.53 4.71 7.28 | cpu  635053776 884450 47564407 6471735446 7203132 0 808146 0 0 0
1791320915 3000, 13801, 68, 0x0000000000000000 | 3.53 4.71 7.28 | cpu  635054101 884450 47564454 6471740172 7203132 0 808147 0 0 0
1791320916 2977, 13801, 68, 0x0000000000000000 | 3.53 4.71 7.28 | cpu  635054364 884450 47564496 6471744969 7203132 0 808147 0 0 0
1791320917 2992, 13801, 68, 0x0000000000000000 | 3.53 4.71 7.28 | cpu  635054684 884450 47564546 6471749769 7203137 0 808147 0 0 0
1791320918 2992, 13801, 66, 0x0000000000000000 | 5.25 5.05 7.38 | cpu  635055899 884450 47564594 6471753622 7203137 0 808147 0 0 0
1791320919 3000, 13801, 67, 0x0000000000000000 | 5.25 5.05 7.38 | cpu  635057336 884450 47564632 6471757235 7203139 0 808147 0 0 0
1791320920 3007, 13801, 67, 0x0000000000000000 | 5.25 5.05 7.38 | cpu  635058289 884450 47564664 6471761326 7203139 0 808150 0 0 0
1791320921 2992, 13801, 69, 0x0000000000000000 | 5.25 5.05 7.38 | cpu  635058516 884450 47564751 6471766101 7203139 0 808150 0 0 0
1791320922 3000, 13801, 68, 0x0000000000000000 | 5.25 5.05 7.38 | cpu  635058719 884450 47564823 6471770939 7203139 0 808151 0 0 0
1791320923 2977, 13801, 71, 0x0000000000000000 | 4.99 5.00 7.35 | cpu  635058948 884450 47564891 6471775772 7203139 0 808151 0 0 0
1791320925 2985, 13801, 70, 0x0000000000000000 | 4.99 5.00 7.35 | cpu  635059161 884450 47564919 6471780622 7203144 0 808151 0 0 0
1791320926 2992, 13801, 68, 0x0000000000000000 | 4.99 5.00 7.35 | cpu  635059357 884450 47564956 6471785462 7203145 0 808151 0 0 0
1791320927 3007, 13801, 68, 0x0000000000000000 | 4.99 5.00 7.35 | cpu  635059558 884450 47564993 6471790320 7203146 0 808151 0 0 0
1791320928 2992, 13801, 68, 0x0000000000000000 | 4.99 5.00 7.35 | cpu  635059823 884450 47565029 6471795121 7203146 0 808151 0 0 0
1791320929 2992, 13801, 69, 0x0000000000000000 | 4.75 4.95 7.32 | cpu  635059987 884450 47565098 6471799976 7203146 0 808151 0 0 0
1791320930 2977, 13801, 69, 0x0000000000000000 | 4.75 4.95 7.32 | cpu  635060175 884450 47565148 6471804816 7203146 0 808151 0 0 0
1791320931 3000, 13801, 69, 0x0000000000000004 | 4.75 4.95 7.32 | cpu  635060348 884450 47565212 6471809674 7203146 0 808151 0 0 0
1791320932 2977, 13801, 69, 0x0000000000000000 | 4.75 4.95 7.32 | cpu  635060527 884450 47565272 6471814550 7203152 0 808151 0 0 0
1791320933 3000, 13801, 70, 0x0000000000000000 | 4.53 4.90 7.29 | cpu  635060702 884450 47565328 6471819396 7203152 0 808151 0 0 0
1791320934 3000, 13801, 70, 0x0000000000000000 | 4.53 4.90 7.29 | cpu  635060869 884450 47565398 6471824228 7203156 0 808151 0 0 0
1791320935 3000, 13801, 71, 0x0000000000000000 | 4.53 4.90 7.29 | cpu  635061115 884450 47565576 6471828891 7203161 0 808151 0 0 0
1791320936 3000, 13801, 69, 0x0000000000000000 | 4.53 4.90 7.29 | cpu  635061372 884450 47565607 6471833708 7203161 0 808151 0 0 0
1791320937 2992, 13801, 69, 0x0000000000000000 | 4.53 4.90 7.29 | cpu  635061663 884450 47565665 6471838455 7203166 0 808151 0 0 0
1791320938 3030, 13801, 57, 0x0000000000000000 | 4.33 4.85 7.26 | cpu  635061984 884450 47565713 6471843152 7203167 0 808151 0 0 0
1791320939 3030, 13801, 53, 0x0000000000000000 | 4.33 4.85 7.26 | cpu  635062200 884450 47565778 6471847942 7203167 0 808151 0 0 0
1791320940 2647, 13801, 51, 0x0000000000000000 | 4.33 4.85 7.26 | cpu  635062444 884450 47565823 6471852721 7203167 0 808151 0 0 0
1791320941 2647, 13801, 50, 0x0000000000000000 | 4.33 4.85 7.26 | cpu  635062761 884450 47565874 6471857416 7203168 0 808152 0 0 0
1791320943 2647, 13801, 49, 0x0000000000000000 | 4.33 4.85 7.26 | cpu  635063043 884450 47565914 6471862160 7203169 0 808152 0 0 0
1791320944 2647, 13801, 49, 0x0000000000000000 | 4.14 4.81 7.23 | cpu  635063291 884450 47565953 6471866929 7203169 0 808152 0 0 0
1791320945 2647, 13801, 48, 0x0000000000000000 | 4.14 4.81 7.23 | cpu  635063580 884450 47566001 6471871651 7203169 0 808152 0 0 0
1791320946 2647, 13801, 48, 0x0000000000000000 | 4.14 4.81 7.23 | cpu  635063883 884450 47566046 6471876367 7203169 0 808152 0 0 0
1791320947 2647, 13801, 48, 0x0000000000000000 | 4.14 4.81 7.23 | cpu  635064119 884450 47566088 6471881146 7203169 0 808152 0 0 0
1791320948 2647, 13801, 47, 0x0000000000000000 | 3.97 4.76 7.20 | cpu  635064415 884450 47566155 6471885845 7203169 0 808152 0 0 0
1791320949 2647, 13801, 47, 0x0000000000000000 | 3.97 4.76 7.20 | cpu  635065875 884450 47566207 6471889413 7203173 0 808154 0 0 0
1791320950 2647, 13801, 47, 0x0000000000000000 | 3.97 4.76 7.20 | cpu  635067188 884450 47566246 6471893113 7203173 0 808154 0 0 0
1791320951 2647, 13801, 47, 0x0000000000000000 | 3.97 4.76 7.20 | cpu  635068446 884450 47566280 6471896871 7203174 0 808158 0 0 0
1791320952 2647, 13801, 46, 0x0000000000000000 | 3.97 4.76 7.20 | cpu  635068812 884450 47566304 6471901541 7203174 0 808158 0 0 0
1791320953 2647, 13801, 46, 0x0000000000000000 | 3.81 4.71 7.17 | cpu  635069074 884450 47566378 6471906282 7203174 0 808159 0 0 0
1791320954 2647, 13801, 46, 0x0000000000000000 | 3.81 4.71 7.17 | cpu  635069303 884450 47566438 6471911044 7203174 0 808159 0 0 0
1791320955 2647, 13801, 46, 0x0000000000000000 | 3.81 4.71 7.17 | cpu  635069502 884450 47566465 6471915875 7203183 0 808160 0 0 0
1791320956 2647, 810, 46, 0x0000000000000000 | 3.81 4.71 7.17 | cpu  635069696 884450 47566502 6471920720 7203204 0 808160 0 0 0
1791320957 367, 810, 43, 0x0000000000000000 | 3.81 4.71 7.17 | cpu  635069890 884450 47566538 6471925586 7203204 0 808164 0 0 0
1791320958 300, 405, 43, 0x0000000000000000 | 3.67 4.67 7.15 | cpu  635070135 884450 47566583 6471930403 7203204 0 808165 0 0 0
1791320959 300, 405, 43, 0x0000000000000000 | 3.67 4.67 7.15 | cpu  635070311 884450 47566643 6471935267 7203204 0 808167 0 0 0
1791320961 300, 405, 42, 0x0000000000000000 | 3.67 4.67 7.15 | cpu  635070491 884450 47566704 6471940133 7203204 0 808167 0 0 0
1791320962 300, 405, 42, 0x0000000000000000 | 3.67 4.67 7.15 | cpu  635070667 884450 47566836 6471944931 7203204 0 808167 0 0 0
1791320963 300, 405, 42, 0x0000000000000000 | 3.67 4.67 7.15 | cpu  635070846 884450 47566909 6471949793 7203204 0 808167 0 0 0
1791320964 300, 405, 42, 0x0000000000000000 | 3.53 4.62 7.12 | cpu  635071008 884450 47566977 6471954667 7203205 0 808167 0 0 0
1791320965 300, 405, 42, 0x0000000000000000 | 3.53 4.62 7.12 | cpu  635071172 884450 47567045 6471959535 7203205 0 808167 0 0 0
1791320966 300, 405, 42, 0x0000000000000000 | 3.53 4.62 7.12 | cpu  635071429 884450 47567200 6471964214 7203210 0 808167 0 0 0
1791320967 300, 405, 41, 0x0000000000000000 | 3.53 4.62 7.12 | cpu  635071696 884450 47567269 6471968997 7203210 0 808167 0 0 0
1791320968 300, 405, 41, 0x0000000000000000 | 3.41 4.58 7.09 | cpu  635071996 884450 47567308 6471973768 7203215 0 808167 0 0 0
1791320969 300, 405, 41, 0x0000000000000000 | 3.41 4.58 7.09 | cpu  635072276 884450 47567342 6471978550 7203215 0 808167 0 0 0
1791320970 292, 405, 41, 0x0000000000000000 | 3.41 4.58 7.09 | cpu  635072523 884450 47567384 6471983349 7203215 0 808167 0 0 0
1791320971 300, 405, 41, 0x0000000000000000 | 3.41 4.58 7.09 | cpu  635072813 884450 47567437 6471988104 7203217 0 808167 0 0 0
1791320972 300, 405, 41, 0x0000000000000000 | 3.41 4.58 7.09 | cpu  635073131 884450 47567476 6471992837 7203217 0 808167 0 0 0
1791320973 300, 405, 40, 0x0000000000000000 | 3.38 4.55 7.07 | cpu  635073376 884450 47567525 6471997666 7203217 0 808167 0 0 0
1791320974 300, 405, 40, 0x0000000000000000 | 3.38 4.55 7.07 | cpu  635073657 884451 47567589 6472002415 7203218 0 808167 0 0 0
1791320975 300, 405, 40, 0x0000000000000000 | 3.38 4.55 7.07 | cpu  635073974 884451 47567628 6472007168 7203222 0 808167 0 0 0
1791320976 300, 405, 40, 0x0000000000000000 | 3.38 4.55 7.07 | cpu  635074229 884451 47567654 6472011995 7203238 0 808167 0 0 0
1791320978 300, 405, 40, 0x0000000000000000 | 3.38 4.55 7.07 | cpu  635074542 884451 47567711 6472016730 7203238 0 808167 0 0 0
1791320979 300, 405, 40, 0x0000000000000000 | 3.27 4.51 7.04 | cpu  635075542 884451 47567756 6472020790 7203238 0 808167 0 0 0
1791320980 300, 405, 40, 0x0000000000000000 | 3.27 4.51 7.04 | cpu  635077105 884451 47567802 6472024325 7203238 0 808168 0 0 0
1791320981 300, 405, 39, 0x0000000000000000 | 3.27 4.51 7.04 | cpu  635078014 884451 47567829 6472028491 7203238 0 808168 0 0 0
1791320982 300, 405, 39, 0x0000000000000000 | 3.27 4.51 7.04 | cpu  635078250 884451 47567908 6472033302 7203238 0 808168 0 0 0
1791320983 300, 405, 39, 0x0000000000000000 | 3.16 4.47 7.01 | cpu  635078461 884451 47567979 6472038177 7203238 0 808168 0 0 0
1791320984 300, 405, 39, 0x0000000000000000 | 3.16 4.47 7.01 | cpu  635078681 884451 47568016 6472043033 7203238 0 808170 0 0 0
1791320985 300, 405, 39, 0x0000000000000000 | 3.16 4.47 7.01 | cpu  635078877 884451 47568062 6472047895 7203238 0 808170 0 0 0
1791320986 300, 405, 39, 0x0000000000000000 | 3.16 4.47 7.01 | cpu  635079069 884451 47568102 6472052756 7203240 0 808170 0 0 0
1791320987 300, 405, 39, 0x0000000000000000 | 3.16 4.47 7.01 | cpu  635079326 884451 47568136 6472057572 7203240 0 808170 0 0 0
1791320988 300, 405, 39, 0x0000000000000000 | 3.07 4.43 6.99 | cpu  635079506 884451 47568187 6472062457 7203241 0 808170 0 0 0
1791320989 300, 405, 39, 0x0000000000000000 | 3.07 4.43 6.99 | cpu  635079678 884451 47568238 6472067337 7203241 0 808170 0 0 0
1791320990 300, 405, 39, 0x0000000000000000 | 3.07 4.43 6.99 | cpu  635079843 884451 47568305 6472072204 7203241 0 808170 0 0 0
1791320991 300, 405, 39, 0x0000000000000000 | 3.07 4.43 6.99 | cpu  635080005 884451 47568381 6472077068 7203241 0 808170 0 0 0
1791320992 300, 405, 39, 0x0000000000000000 | 3.07 4.43 6.99 | cpu  635080174 884451 47568442 6472081938 7203241 0 808170 0 0 0
1791320994 300, 405, 39, 0x0000000000000000 | 2.98 4.39 6.96 | cpu  635080331 884451 47568519 6472086794 7203242 0 808170 0 0 0
1791320995 300, 405, 39, 0x0000000000000000 | 2.98 4.39 6.96 | cpu  635080572 884451 47568701 6472091498 7203242 0 808170 0 0 0
1791320996 300, 405, 39, 0x0000000000000000 | 2.98 4.39 6.96 | cpu  635080829 884451 47568731 6472096314 7203243 0 808170 0 0 0
1791320997 300, 405, 39, 0x0000000000000000 | 2.98 4.39 6.96 | cpu  635081118 884451 47568772 6472101083 7203248 0 808170 0 0 0
1791320998 300, 405, 39, 0x0000000000000000 | 3.07 4.38 6.94 | cpu  635081437 884451 47568808 6472105832 7203248 0 808170 0 0 0
1791320999 300, 405, 39, 0x0000000000000000 | 3.07 4.38 6.94 | cpu  635081684 884451 47568847 6472110636 7203248 0 808170 0 0 0
1791321000 300, 405, 39, 0x0000000000000000 | 3.07 4.38 6.94 | cpu  635081926 884451 47568894 6472115451 7203248 0 808170 0 0 0
1791321001 300, 405, 39, 0x0000000000000000 | 3.07 4.38 6.94 | cpu  635082251 884451 47568946 6472120181 7203250 0 808170 0 0 0
1791321002 300, 405, 39, 0x0000000000000000 | 3.07 4.38 6.94 | cpu  635082562 884451 47569024 6472124886 7203250 0 808170 0 0 0
1791321003 300, 405, 39, 0x0000000000000000 | 2.98 4.34 6.92 | cpu  635082809 884451 47569066 6472129698 7203251 0 808171 0 0 0
1791321004 292, 405, 38, 0x0000000000000000 | 2.98 4.34 6.92 | cpu  635083128 884451 47569128 6472134421 7203256 0 808174 0 0 0
1791321005 300, 405, 38, 0x0000000000000000 | 2.98 4.34 6.92 | cpu  635083412 884451 47569176 6472139211 7203256 0 808174 0 0 0
1791321006 300, 405, 38, 0x0000000000000000 | 2.98 4.34 6.92 | cpu  635083702 884451 47569211 6472144015 7203256 0 808174 0 0 0
1791321007 300, 405, 38, 0x0000000000000000 | 2.98 4.34 6.92 | cpu  635084269 884451 47569245 6472148642 7203256 0 808174 0 0 0
1791321008 300, 405, 38, 0x0000000000000000 | 3.70 4.47 6.94 | cpu  635085739 884451 47569272 6472152228 7203256 0 808176 0 0 0
1791321010 300, 405, 38, 0x0000000000000000 | 3.70 4.47 6.94 | cpu  635087117 884451 47569293 6472155911 7203256 0 808176 0 0 0
1791321011 300, 405, 38, 0x0000000000000000 | 3.70 4.47 6.94 | cpu  635087662 884451 47569325 6472160479 7203256 0 808176 0 0 0
1791321012 300, 405, 38, 0x0000000000000000 | 3.70 4.47 6.94 | cpu  635087934 884451 47569426 6472165196 7203256 0 808176 0 0 0
1791321013 300, 405, 38, 0x0000000000000000 | 3.70 4.47 6.94 | cpu  635088136 884451 47569484 6472170083 7203256 0 808177 0 0 0
1791321014 300, 405, 38, 0x0000000000000000 | 3.65 4.44 6.92 | cpu  635088442 884451 47569632 6472174752 7203256 0 808177 0 0 0
1791321015 300, 405, 38, 0x0000000000000000 | 3.65 4.44 6.92 | cpu  635088693 884451 47569689 6472179556 7203257 0 808177 0 0 0
1791321016 300, 405, 38, 0x0000000000000000 | 3.65 4.44 6.92 | cpu  635088882 884451 47569795 6472184377 7203258 0 808177 0 0 0
1791321017 300, 405, 38, 0x0000000000000000 | 3.65 4.44 6.92 | cpu  635089073 884451 47569844 6472189236 7203263 0 808177 0 0 0
1791321018 300, 405, 38, 0x0000000000000000 | 3.51 4.40 6.90 | cpu  635089255 884451 47569899 6472194106 7203263 0 808177 0 0 0
1791321019 300, 405, 38, 0x0000000000000000 | 3.51 4.40 6.90 | cpu  635089450 884451 47569947 6472198969 7203263 0 808177 0 0 0
1791321020 300, 405, 38, 0x0000000000000000 | 3.51 4.40 6.90 | cpu  635089645 884451 47569995 6472203830 7203263 0 808177 0 0 0
1791321021 300, 405, 38, 0x0000000000000000 | 3.51 4.40 6.90 | cpu  635089838 884451 47570047 6472208697 7203264 0 808177 0 0 0
1791321022 300, 405, 38, 0x0000000000000000 | 3.51 4.40 6.90 | cpu  635090035 884451 47570094 6472213562 7203264 0 808177 0 0 0
1791321023 300, 405, 38, 0x0000000000000000 | 3.39 4.36 6.87 | cpu  635090230 884451 47570136 6472218441 7203264 0 808177 0 0 0
1791321024 300, 405, 38, 0x0000000000000000 | 3.39 4.36 6.87 | cpu  635090510 884451 47570245 6472223174 7203264 0 808177 0 0 0
1791321026 300, 405, 38, 0x0000000000000000 | 3.39 4.36 6.87 | cpu  635090717 884451 47570326 6472227974 7203264 0 808179 0 0 0
1791321027 300, 405, 38, 0x0000000000000000 | 3.39 4.36 6.87 | cpu  635090882 884451 47570390 6472232858 7203264 0 808179 0 0 0
1791321028 300, 405, 38, 0x0000000000000000 | 3.39 4.36 6.87 | cpu  635091061 884451 47570444 6472237747 7203266 0 808179 0 0 0
1791321029 300, 405, 38, 0x0000000000000000 | 3.28 4.32 6.84 | cpu  635091228 884451 47570510 6472242611 7203266 0 808179 0 0 0
1791321030 300, 405, 38, 0x0000000000000000 | 3.28 4.32 6.84 | cpu  635091412 884451 47570567 6472247463 7203270 0 808179 0 0 0
1791321031 300, 405, 38, 0x0000000000000000 | 3.28 4.32 6.84 | cpu  635091582 884451 47570633 6472252345 7203275 0 808179 0 0 0
1791321032 300, 405, 38, 0x0000000000000000 | 3.28 4.32 6.84 | cpu  635091754 884451 47570708 6472257186 7203275 0 808179 0 0 0
1791321033 300, 405, 38, 0x0000000000000000 | 3.18 4.28 6.82 | cpu  635092017 884451 47570868 6472261866 7203275 0 808179 0 0 0
1791321034 300, 405, 38, 0x0000000000000000 | 3.18 4.28 6.82 | cpu  635092319 884451 47570969 6472266572 7203275 0 808181 0 0 0
1791321035 300, 405, 38, 0x0000000000000000 | 3.18 4.28 6.82 | cpu  635092642 884451 47571035 6472271287 7203277 0 808181 0 0 0
1791321036 300, 405, 38, 0x0000000000000000 | 3.18 4.28 6.82 | cpu  635092927 884451 47571070 6472276079 7203277 0 808181 0 0 0
1791321037 300, 405, 38, 0x0000000000000000 | 3.18 4.28 6.82 | cpu  635093184 884451 47571101 6472280885 7203277 0 808181 0 0 0
1791321038 300, 405, 38, 0x0000000000000000 | 3.16 4.26 6.80 | cpu  635093479 884452 47571155 6472285644 7203278 0 808181 0 0 0
1791321039 300, 405, 38, 0x0000000000000000 | 3.16 4.26 6.80 | cpu  635093799 884452 47571198 6472290396 7203278 0 808181 0 0 0
1791321040 300, 405, 38, 0x0000000000000000 | 3.16 4.26 6.80 | cpu  635094059 884452 47571231 6472295276 7203278 0 808181 0 0 0
1791321042 300, 405, 38, 0x0000000000000000 | 3.16 4.26 6.80 | cpu  635094355 884452 47571287 6472300045 7203278 0 808181 0 0 0
1791321043 300, 405, 38, 0x0000000000000000 | 3.16 4.26 6.80 | cpu  635094682 884452 47571331 6472304796 7203278 0 808181 0 0 0
1791321044 300, 405, 38, 0x0000000000000000 | 3.07 4.22 6.77 | cpu  635094941 884452 47571366 6472309625 7203279 0 808181 0 0 0
1791321045 300, 405, 38, 0x0000000000000000 | 3.07 4.22 6.77 | cpu  635095267 884452 47571411 6472314340 7203282 0 808182 0 0 0
1791321046 300, 405, 38, 0x0000000000000000 | 3.07 4.22 6.77 | cpu  635096387 884452 47571451 6472318276 7203282 0 808182 0 0 0
1791321047 300, 405, 38, 0x0000000000000000 | 3.07 4.22 6.77 | cpu  635097998 884452 47571492 6472321742 7203292 0 808182 0 0 0
1791321048 300, 405, 38, 0x0000000000000000 | 2.98 4.19 6.74 | cpu  635098532 884452 47571529 6472326289 7203292 0 808185 0 0 0
1791321049 300, 405, 38, 0x0000000000000000 | 2.98 4.19 6.74 | cpu  635098786 884452 47571603 6472331063 7203292 0 808186 0 0 0
1791321050 300, 405, 38, 0x0000000000000000 | 2.98 4.19 6.74 | cpu  635098986 884452 47571676 6472335885 7203292 0 808186 0 0 0
1791321051 300, 405, 38, 0x0000000000000000 | 2.98 4.19 6.74 | cpu  635099226 884452 47571734 6472340742 7203292 0 808186 0 0 0
1791321052 300, 405, 38, 0x0000000000000000 | 2.98 4.19 6.74 | cpu  635099426 884452 47571766 6472345600 7203293 0 808186 0 0 0
1791321053 300, 405, 38, 0x0000000000000000 | 2.90 4.15 6.72 | cpu  635099629 884452 47571805 6472350468 7203293 0 808186 0 0 0
1791321054 292, 405, 38, 0x0000000000000000 | 2.90 4.15 6.72 | cpu  635099831 884452 47571842 6472355328 7203294 0 808186 0 0 0
1791321055 300, 405, 38, 0x0000000000000000 | 2.90 4.15 6.72 | cpu  635100095 884452 47571895 6472360138 7203294 0 808186 0 0 0
1791321056 300, 405, 38, 0x0000000000000000 | 2.90 4.15 6.72 | cpu  635100310 884452 47571939 6472364989 7203299 0 808187 0 0 0
1791321058 300, 405, 38, 0x0000000000000000 | 2.90 4.15 6.72 | cpu  635100479 884452 47572001 6472369883 7203300 0 808187 0 0 0
1791321059 300, 405, 38, 0x0000000000000000 | 2.83 4.11 6.69 | cpu  635100658 884452 47572054 6472374747 7203301 0 808187 0 0 0
1791321060 300, 405, 38, 0x0000000000000000 | 2.83 4.11 6.69 | cpu  635100831 884452 47572135 6472379607 7203301 0 808187 0 0 0
1791321061 300, 405, 38, 0x0000000000000000 | 2.83 4.11 6.69 | cpu  635101001 884452 47572197 6472384485 7203301 0 808187 0 0 0
1791321062 300, 405, 38, 0x0000000000000000 | 2.83 4.11 6.69 | cpu  635101176 884452 47572259 6472389351 7203301 0 808187 0 0 0
1791321063 300, 405, 38, 0x0000000000000000 | 2.77 4.08 6.67 | cpu  635101347 884452 47572326 6472394235 7203302 0 808187 0 0 0
1791321064 300, 405, 38, 0x0000000000000000 | 2.77 4.08 6.67 | cpu  635101600 884452 47572507 6472398896 7203302 0 808187 0 0 0
1791321065 300, 405, 38, 0x0000000000000000 | 2.77 4.08 6.67 | cpu  635101860 884452 47572542 6472403708 7203302 0 808188 0 0 0
1791321066 300, 405, 38, 0x0000000000000000 | 2.77 4.08 6.67 | cpu  635102171 884452 47572645 6472408426 7203302 0 808192 0 0 0
1791321067 300, 405, 38, 0x0000000000000000 | 2.77 4.08 6.67 | cpu  635102498 884452 47572690 6472413170 7203302 0 808192 0 0 0
1791321068 300, 405, 38, 0x0000000000000000 | 2.70 4.04 6.64 | cpu  635102752 884452 47572721 6472417984 7203302 0 808192 0 0 0
1791321069 300, 405, 38, 0x0000000000000000 | 2.70 4.04 6.64 | cpu  635103021 884452 47572762 6472422782 7203302 0 808192 0 0 0
1791321070 300, 405, 37, 0x0000000000000000 | 2.70 4.04 6.64 | cpu  635103344 884452 47572808 6472427567 7203304 0 808192 0 0 0
1791321071 300, 405, 38, 0x0000000000000000 | 2.70 4.04 6.64 | cpu  635103640 884452 47572845 6472432335 7203304 0 808192 0 0 0
1791321072 300, 405, 37, 0x0000000000000000 | 2.70 4.04 6.64 | cpu  635103899 884452 47572883 6472437148 7203304 0 808192 0 0 0
1791321073 300, 405, 37, 0x0000000000000000 | 2.65 4.01 6.62 | cpu  635104231 884452 47572932 6472441868 7203304 0 808193 0 0 0
1791321075 300, 405, 37, 0x0000000000000000 | 2.65 4.01 6.62 | cpu  635104522 884452 47572972 6472446631 7203304 0 808193 0 0 0
1791321076 300, 405, 37, 0x0000000000000000 | 2.65 4.01 6.62 | cpu  635104823 884452 47573016 6472451407 7203304 0 808193 0 0 0
1791321077 300, 13801, 46, 0x0000000000000000 | 2.65 4.01 6.62 | cpu  635105390 884452 47573064 6472455986 7203306 0 808194 0 0 0
1791321078 3000, 13801, 57, 0x0000000000000000 | 2.76 4.01 6.60 | cpu  635106900 884452 47573105 6472459503 7203306 0 808194 0 0 0
1791321079 2992, 13801, 59, 0x0000000000000000 | 2.76 4.01 6.60 | cpu  635108346 884452 47573143 6472463103 7203306 0 808195 0 0 0
1791321080 2992, 13801, 59, 0x0000000000000000 | 2.76 4.01 6.60 | cpu  635108672 884452 47573230 6472467799 7203307 0 808195 0 0 0
1791321081 2992, 13801, 62, 0x0000000000000000 | 2.76 4.01 6.60 | cpu  635108852 884452 47573288 6472472647 7203307 0 808196 0 0 0
1791321082 2985, 13801, 61, 0x0000000000000000 | 2.76 4.01 6.60 | cpu  635109059 884452 47573403 6472477421 7203307 0 808196 0 0 0
1791321083 2992, 13801, 63, 0x0000000000000000 | 2.69 3.98 6.58 | cpu  635109409 884452 47573548 6472482033 7203307 0 808196 0 0 0
1791321084 2992, 13801, 64, 0x0000000000000000 | 2.69 3.98 6.58 | cpu  635109638 884452 47573634 6472486811 7203308 0 808196 0 0 0
1791321085 3022, 13801, 62, 0x0000000000000000 | 2.69 3.98 6.58 | cpu  635109840 884452 47573707 6472491616 7203308 0 808196 0 0 0
1791321086 3007, 13801, 65, 0x0000000000000000 | 2.69 3.98 6.58 | cpu  635110034 884452 47573766 6472496470 7203309 0 808196 0 0 0
1791321087 3000, 13801, 62, 0x0000000000000000 | 2.69 3.98 6.58 | cpu  635110236 884452 47573861 6472501242 7203309 0 808196 0 0 0
1791321088 2992, 13801, 63, 0x0000000000000000 | 2.72 3.96 6.56 | cpu  635110438 884452 47573946 6472506024 7203309 0 808196 0 0 0
1791321089 2977, 13801, 65, 0x0000000000000000 | 2.72 3.96 6.56 | cpu  635110627 884452 47574002 6472510860 7203309 0 808196 0 0 0
1791321091 3007, 13801, 63, 0x0000000000000000 | 2.72 3.96 6.56 | cpu  635110819 884452 47574056 6472515691 7203309 0 808196 0 0 0
1791321092 2992, 13801, 65, 0x0000000000000000 | 2.72 3.96 6.56 | cpu  635111007 884452 47574108 6472520522 7203311 0 808196 0 0 0
1791321093 2977, 13801, 64, 0x0000000000000000 | 2.72 3.96 6.56 | cpu  635111212 884452 47574174 6472525353 7203311 0 808197 0 0 0
1791321094 2985, 13801, 65, 0x0000000000000000 | 2.66 3.93 6.53 | cpu  635111444 884452 47574235 6472530167 7203311 0 808197 0 0 0
1791321095 3000, 13801, 65, 0x0000000000000000 | 2.66 3.93 6.53 | cpu  635111625 884452 47574288 6472535024 7203312 0 808197 0 0 0
1791321096 3000, 13801, 66, 0x0000000000000000 | 2.66 3.93 6.53 | cpu  635111804 884452 47574344 6472539876 7203312 0 808197 0 0 0
1791321097 2992, 13801, 64, 0x0000000000000000 | 2.66 3.93 6.53 | cpu  635111976 884452 47574412 6472544738 7203313 0 808197 0 0 0
1791321098 2992, 13801, 66, 0x0000000000000000 | 2.61 3.89 6.51 | cpu  635112144 884452 47574475 6472549593 7203313 0 808198 0 0 0
1791321099 2992, 13801, 66, 0x0000000000000000 | 2.61 3.89 6.51 | cpu  635112325 884454 47574536 6472554428 7203313 0 808198 0 0 0
1791321100 2985, 13801, 67, 0x0000000000000000 | 2.61 3.89 6.51 | cpu  635112493 884454 47574605 6472559296 7203313 0 808198 0 0 0
1791321101 3000, 13801, 66, 0x0000000000000000 | 2.61 3.89 6.51 | cpu  635112697 884454 47574661 6472564174 7203314 0 808198 0 0 0
1791321102 3007, 13801, 66, 0x0000000000000000 | 2.61 3.89 6.51 | cpu  635112976 884454 47574835 6472568805 7203314 0 808198 0 0 0
1791321103 2992, 13801, 66, 0x0000000000000000 | 2.56 3.86 6.48 | cpu  635113231 884454 47574873 6472573592 7203314 0 808198 0 0 0
1791321104 2992, 13801, 66, 0x0000000000000000 | 2.56 3.86 6.48 | cpu  635113557 884454 47574928 6472578328 7203315 0 808200 0 0 0
1791321105 2985, 13801, 67, 0x0000000000000000 | 2.56 3.86 6.48 | cpu  635113821 884454 47574971 6472583136 7203315 0 808202 0 0 0
1791321106 2992, 13801, 66, 0x0000000000000000 | 2.56 3.86 6.48 | cpu  635114100 884454 47575012 6472587921 7203315 0 808202 0 0 0
1791321108 2985, 13801, 68, 0x0000000000000000 | 2.56 3.86 6.48 | cpu  635114391 884454 47575054 6472592668 7203318 0 808202 0 0 0
1791321109 2977, 13801, 66, 0x0000000000000000 | 2.51 3.83 6.46 | cpu  635114678 884454 47575084 6472597426 7203319 0 808208 0 0 0
1791321110 2985, 13801, 67, 0x0000000000000000 | 2.51 3.83 6.46 | cpu  635114967 884454 47575141 6472602157 7203319 0 808210 0 0 0
1791321111 3000, 13801, 66, 0x0000000000000000 | 2.51 3.83 6.46 | cpu  635115253 884454 47575189 6472606919 7203319 0 808210 0 0 0
1791321112 3000, 13801, 67, 0x0000000000000000 | 2.51 3.83 6.46 | cpu  635115538 884454 47575221 6472611701 7203321 0 808210 0 0 0
1791321113 2977, 13801, 68, 0x0000000000000000 | 2.63 3.83 6.45 | cpu  635115830 884454 47575270 6472616457 7203322 0 808210 0 0 0
1791321114 2985, 13801, 67, 0x0000000000000000 | 2.63 3.83 6.45 | cpu  635116152 884454 47575319 6472621179 7203322 0 808210 0 0 0
1791321115 2992, 13801, 64, 0x0000000000000000 | 2.63 3.83 6.45 | cpu  635117524 884454 47575355 6472624859 7203322 0 808210 0 0 0
1791321116 2992, 13801, 68, 0x0000000000000000 | 2.63 3.83 6.45 | cpu  635118881 884454 47575394 6472628578 7203322 0 808210 0 0 0
1791321117 3007, 13801, 67, 0x0000000000000000 | 2.63 3.83 6.45 | cpu  635119610 884454 47575419 6472632910 7203328 0 808210 0 0 0
1791321118 3000, 13801, 68, 0x0000000000000000 | 2.58 3.80 6.42 | cpu  635119837 884454 47575510 6472637695 7203328 0 808211 0 0 0
1791321119 2985, 13801, 70, 0x0000000000000000 | 2.58 3.80 6.42 | cpu  635120036 884454 47575569 6472642526 7203328 0 808212 0 0 0
1791321120 3007, 13801, 68, 0x0000000000000000 | 2.58 3.80 6.42 | cpu  635120272 884454 47575629 6472647343 7203328 0 808212 0 0 0
1791321121 2992, 13801, 69, 0x0000000000000000 | 2.58 3.80 6.42 | cpu  635120477 884454 47575668 6472652185 7203343 0 808212 0 0 0
1791321122 2985, 13801, 67, 0x0000000000000000 | 2.58 3.80 6.42 | cpu  635120680 884454 47575701 6472657019 7203346 0 808212 0 0 0
1791321123 2992, 13801, 69, 0x0000000000000000 | 2.54 3.77 6.40 | cpu  635120878 884454 47575741 6472661878 7203348 0 808212 0 0 0
1791321125 2992, 13801, 70, 0x0000000000000000 | 2.54 3.77 6.40 | cpu  635121127 884454 47575785 6472666659 7203348 0 808212 0 0 0
1791321126 2992, 13801, 70, 0x0000000000000000 | 2.54 3.77 6.40 | cpu  635121295 884454 47575860 6472671570 7203348 0 808212 0 0 0
1791321127 3000, 13801, 69, 0x0000000000000000 | 2.54 3.77 6.40 | cpu  635121485 884454 47575906 6472676409 7203348 0 808212 0 0 0
1791321128 2985, 13801, 69, 0x0000000000000000 | 2.54 3.77 6.40 | cpu  635121653 884454 47575973 6472681248 7203348 0 808212 0 0 0
1791321129 2992, 13801, 66, 0x0000000000000000 | 2.49 3.74 6.37 | cpu  635121822 884454 47576037 6472686094 7203348 0 808212 0 0 0
1791321130 2992, 13801, 70, 0x0000000000000000 | 2.49 3.74 6.37 | cpu  635121995 884454 47576104 6472690947 7203348 0 808212 0 0 0
1791321131 2985, 13801, 71, 0x0000000000000000 | 2.49 3.74 6.37 | cpu  635122160 884454 47576176 6472695809 7203349 0 808212 0 0 0
1791321132 2985, 13801, 71, 0x0000000000000000 | 2.49 3.74 6.37 | cpu  635122418 884454 47576342 6472700522 7203349 0 808212 0 0 0
1791321133 3000, 13801, 68, 0x0000000000000000 | 2.45 3.71 6.35 | cpu  635122674 884454 47576373 6472705325 7203349 0 808212 0 0 0
1791321134 2992, 13801, 69, 0x0000000000000000 | 2.45 3.71 6.35 | cpu  635122960 884454 47576428 6472710052 7203349 0 808212 0 0 0
1791321135 2985, 13801, 71, 0x0000000000000000 | 2.45 3.71 6.35 | cpu  635123287 884454 47576472 6472714785 7203349 0 808212 0 0 0
1791321136 3000, 13801, 69, 0x0000000000000000 | 2.45 3.71 6.35 | cpu  635123542 884454 47576510 6472719566 7203350 0 808212 0 0 0
1791321137 2985, 13801, 70, 0x0000000000000000 | 2.45 3.71 6.35 | cpu  635123840 884454 47576576 6472724269 7203350 0 808212 0 0 0
1791321138 3000, 13801, 69, 0x0000000000000000 | 2.42 3.69 6.33 | cpu  635124171 884454 47576618 6472729011 7203351 0 808212 0 0 0
1791321139 2992, 13801, 71, 0x0000000000000000 | 2.42 3.69 6.33 | cpu  635124434 884454 47576655 6472733848 7203351 0 808212 0 0 0
1791321140 2992, 13801, 71, 0x0000000000000000 | 2.42 3.69 6.33 | cpu  635124737 884454 47576707 6472738577 7203351 0 808213 0 0 0
1791321142 2992, 13801, 70, 0x0000000000000000 | 2.42 3.69 6.33 | cpu  635125065 884454 47576755 6472743381 7203351 0 808213 0 0 0
1791321143 2992, 13801, 71, 0x0000000000000000 | 2.42 3.69 6.33 | cpu  635125320 884454 47576789 6472748218 7203352 0 808213 0 0 0
1791321144 3000, 13801, 69, 0x0000000000000000 | 2.54 3.69 6.31 | cpu  635125607 884454 47576834 6472752971 7203352 0 808213 0 0 0
1791321145 3000, 13801, 68, 0x0000000000000000 | 2.54 3.69 6.31 | cpu  635126499 884454 47576888 6472757145 7203352 0 808213 0 0 0
1791321146 3000, 13801, 70, 0x0000000000000000 | 2.54 3.69 6.31 | cpu  635127917 884454 47576921 6472760783 7203352 0 808214 0 0 0
1791321147 2985, 13801, 70, 0x0000000000000000 | 2.54 3.69 6.31 | cpu  635129291 884454 47576963 6472764515 7203354 0 808215 0 0 0
1791321148 3000, 13801, 70, 0x0000000000000000 | 2.50 3.66 6.29 | cpu  635129687 884454 47577007 6472769174 7203357 0 808218 0 0 0
1791321149 3000, 13801, 68, 0x0000000000000000 | 2.50 3.66 6.29 | cpu  635129960 884454 47577093 6472773899 7203357 0 808218 0 0 0
1791321150 3000, 13801, 70, 0x0000000000000000 | 2.50 3.66 6.29 | cpu  635130154 884454 47577180 6472778705 7203358 0 808218 0 0 0
1791321151 2992, 13801, 70, 0x0000000000000000 | 2.50 3.66 6.29 | cpu  635130479 884454 47577386 6472783263 7203358 0 808219 0 0 0
1791321152 3000, 13801, 69, 0x0000000000000000 | 2.50 3.66 6.29 | cpu  635130727 884454 47577456 6472788048 7203359 0 808219 0 0 0
1791321153 3000, 13801, 69, 0x0000000000000000 | 2.54 3.65 6.27 | cpu  635130928 884454 47577543 6472792871 7203363 0 808219 0 0 0
1791321154 2985, 13801, 69, 0x0000000000000000 | 2.54 3.65 6.27 | cpu  635131127 884454 47577592 6472797707 7203363 0 808221 0 0 0
1791321155 3000, 13801, 70, 0x0000000000000000 | 2.54 3.65 6.27 | cpu  635131324 884454 47577642 6472802548 7203363 0 808221 0 0 0
1791321156 2992, 13801, 71, 0x0000000000000000 | 2.54 3.65 6.27 | cpu  635131519 884454 47577701 6472807376 7203373 0 808221 0 0 0
1791321157 3000, 13801, 70, 0x0000000000000000 | 2.54 3.65 6.27 | cpu  635131720 884454 47577748 6472812251 7203374 0 808221 0 0 0
1791321159 2992, 13801, 71, 0x0000000000000000 | 2.50 3.62 6.25 | cpu  635131899 884454 47577805 6472817115 7203374 0 808221 0 0 0
1791321160 2977, 13801, 71, 0x0000000000000000 | 2.50 3.62 6.25 | cpu  635132092 884454 47577854 6472821958 7203374 0 808221 0 0 0
1791321161 2985, 13801, 71, 0x0000000000000000 | 2.50 3.62 6.25 | cpu  635132285 884454 47577913 6472826804 7203374 0 808221 0 0 0
1791321162 2985, 13801, 70, 0x0000000000000000 | 2.50 3.62 6.25 | cpu  635132562 884454 47578002 6472831542 7203376 0 808224 0 0 0
1791321163 2992, 13801, 72, 0x0000000000000000 | 2.54 3.61 6.23 | cpu  635132750 884454 47578077 6472836339 7203391 0 808225 0 0 0
1791321164 2977, 13801, 72, 0x0000000000000000 | 2.54 3.61 6.23 | cpu  635132921 884455 47578142 6472841190 7203391 0 808225 0 0 0
1791321165 3000, 13801, 70, 0x0000000000000000 | 2.54 3.61 6.23 | cpu  635133113 884456 47578189 6472846037 7203391 0 808225 0 0 0
1791321166 3000, 13801, 70, 0x0000000000000000 | 2.54 3.61 6.23 | cpu  635133276 884456 47578257 6472850888 7203391 0 808225 0 0 0
1791321167 2985, 13801, 71, 0x0000000000000000 | 2.54 3.61 6.23 | cpu  635133456 884456 47578317 6472855732 7203395 0 808225 0 0 0
1791321168 3000, 13801, 71, 0x0000000000000000 | 2.49 3.59 6.21 | cpu  635133625 884456 47578389 6472860617 7203405 0 808225 0 0 0
1791321169 2992, 13801, 71, 0x0000000000000000 | 2.49 3.59 6.21 | cpu  635133796 884456 47578449 6472865478 7203405 0 808226 0 0 0
1791321170 2992, 13801, 70, 0x0000000000000000 | 2.49 3.59 6.21 | cpu  635134056 884456 47578611 6472870125 7203405 0 808226 0 0 0
1791321171 2985, 13801, 68, 0x0000000000000000 | 2.49 3.59 6.21 | cpu  635134357 884456 47578670 6472874929 7203405 0 808226 0 0 0
1791321172 2992, 13801, 70, 0x0000000000000000 | 2.49 3.59 6.21 | cpu  635134645 884456 47578706 6472879684 7203409 0 808227 0 0 0
1791321173 2992, 13801, 71, 0x0000000000000000 | 2.53 3.58 6.19 | cpu  635134935 884456 47578746 6472884526 7203417 0 808227 0 0 0
1791321175 2985, 13801, 71, 0x0000000000000000 | 2.53 3.58 6.19 | cpu  635135187 884456 47578785 6472889327 7203417 0 808227 0 0 0
1791321176 3000, 13801, 71, 0x0000000000000000 | 2.53 3.58 6.19 | cpu  635135503 884456 47578838 6472894071 7203418 0 808227 0 0 0
1791321177 3000, 13801, 73, 0x0000000000000000 | 2.53 3.58 6.19 | cpu  635135817 884456 47578878 6472898822 7203418 0 808227 0 0 0
1791321178 2985, 13801, 72, 0x0000000000000000 | 2.53 3.58 6.19 | cpu  635136082 884456 47578936 6472903601 7203418 0 808227 0 0 0
1791321179 3000, 13801, 71, 0x0000000000000000 | 2.65 3.58 6.18 | cpu  635136386 884456 47579024 6472908317 7203419 0 808227 0 0 0
1791321180 2992, 13801, 71, 0x0000000000000000 | 2.65 3.58 6.18 | cpu  635136706 884456 47579065 6472913056 7203419 0 808227 0 0 0
1791321181 3000, 13801, 70, 0x0000000000000000 | 2.65 3.58 6.18 | cpu  635136960 884456 47579100 6472917854 7203420 0 808227 0 0 0
1791321182 2992, 13801, 71, 0x0000000000000000 | 2.65 3.58 6.18 | cpu  635137282 884456 47579156 6472922562 7203420 0 808227 0 0 0
1791321183 2985, 13801, 69, 0x0000000000000000 | 4.52 3.96 6.29 | cpu  635138396 884456 47579197 6472926501 7203420 0 808228 0 0 0
1791321184 2992, 13801, 71, 0x0000000000000000 | 4.52 3.96 6.29 | cpu  635139944 884456 47579240 6472930028 7203420 0 808230 0 0 0
1791321185 2992, 13801, 72, 0x0000000000000000 | 4.52 3.96 6.29 | cpu  635140721 884456 47579266 6472934302 7203421 0 808230 0 0 0
1791321186 3000, 13801, 71, 0x0000000000000000 | 4.52 3.96 6.29 | cpu  635140987 884456 47579345 6472939051 7203421 0 808230 0 0 0
1791321187 2985, 13801, 70, 0x0000000000000000 | 4.52 3.96 6.29 | cpu  635141180 884456 47579416 6472943862 7203422 0 808230 0 0 0
1791321188 2977, 13801, 71, 0x0000000000000000 | 4.32 3.92 6.26 | cpu  635141414 884456 47579473 6472948656 7203424 0 808230 0 0 0
1791321189 2985, 13801, 74, 0x0000000000000000 | 4.32 3.92 6.26 | cpu  635141616 884456 47579505 6472953524 7203424 0 808230 0 0 0
1791321190 2985, 13801, 73, 0x0000000000000000 | 4.32 3.92 6.26 | cpu  635141820 884456 47579540 6472958386 7203424 0 808230 0 0 0
1791321192 3000, 13801, 71, 0x0000000000000000 | 4.32 3.92 6.26 | cpu  635142020 884456 47579575 6472963222 7203430 0 808230 0 0 0
1791321193 2985, 13801, 73, 0x0000000000000000 | 4.32 3.92 6.26 | cpu  635142257 884456 47579616 6472968047 7203431 0 808231 0 0 0
1791321194 2985, 13801, 72, 0x0000000000000000 | 4.13 3.89 6.24 | cpu  635142487 884456 47579675 6472972841 7203432 0 808231 0 0 0
1791321195 2992, 13801, 73, 0x0000000000000000 | 4.13 3.89 6.24 | cpu  635142662 884456 47579736 6472977685 7203432 0 808231 0 0 0
1791321196 2985, 13801, 72, 0x0000000000000000 | 4.13 3.89 6.24 | cpu  635142832 884456 47579800 6472982570 7203432 0 808231 0 0 0
1791321197 2992, 13801, 74, 0x0000000000000000 | 4.13 3.89 6.24 | cpu  635143008 884456 47579859 6472987425 7203432 0 808232 0 0 0
1791321198 2985, 13801, 73, 0x0000000000000000 | 3.96 3.86 6.22 | cpu  635143174 884456 47579932 6472992284 7203433 0 808232 0 0 0
1791321199 2992, 13801, 71, 0x0000000000000000 | 3.96 3.86 6.22 | cpu  635143350 884456 47579989 6472997132 7203433 0 808232 0 0 0
1791321200 2992, 13801, 73, 0x0000000000000000 | 3.96 3.86 6.22 | cpu  635143520 884456 47580057 6473002008 7203434 0 808232 0 0 0
1791321201 2985, 13801, 73, 0x0000000000000000 | 3.96 3.86 6.22 | cpu  635143706 884456 47580113 6473006847 7203434 0 808232 0 0 0
1791321202 3000, 13801, 70, 0x0000000000000000 | 3.96 3.86 6.22 | cpu  635143955 884456 47580278 6473011506 7203434 0 808232 0 0 0
1791321203 2977, 13801, 72, 0x0000000000000000 | 3.81 3.83 6.19 | cpu  635144247 884456 47580330 6473016269 7203434 0 808232 0 0 0
1791321204 2977, 13801, 72, 0x0000000000000000 | 3.81 3.83 6.19 | cpu  635144538 884456 47580375 6473021037 7203434 0 808232 0 0 0
1791321205 2992, 13801, 73, 0x0000000000000000 | 3.81 3.83 6.19 | cpu  635144824 884456 47580413 6473025805 7203434 0 808232 0 0 0
1791321206 2985, 13801, 71, 0x0000000000000000 | 3.81 3.83 6.19 | cpu  635145126 884456 47580463 6473030565 7203434 0 808232 0 0 0
1791321207 2992, 13801, 72, 0x0000000000000000 | 3.81 3.83 6.19 | cpu  635145419 884456 47580516 6473035446 7203442 0 808232 0 0 0
1791321209 2992, 13801, 72, 0x0000000000000000 | 3.90 3.85 6.19 | cpu  635145729 884456 47580566 6473040172 7203445 0 808232 0 0 0
1791321210 3000, 13801, 70, 0x0000000000000000 | 3.90 3.85 6.19 | cpu  635145987 884456 47580630 6473044934 7203445 0 808232 0 0 0
1791321211 2992, 13801, 71, 0x0000000000000000 | 3.90 3.85 6.19 | cpu  635146305 884456 47580723 6473049609 7203445 0 808232 0 0 0
1791321212 2992, 13801, 74, 0x0000000000000000 | 3.90 3.85 6.19 | cpu  635146615 884456 47580769 6473054351 7203445 0 808232 0 0 0
1791321213 3000, 13801, 71, 0x0000000000000000 | 3.90 3.85 6.19 | cpu  635146909 884456 47580816 6473059099 7203445 0 808233 0 0 0
1791321214 2977, 13801, 72, 0x0000000000000000 | 3.91 3.85 6.18 | cpu  635147209 884456 47580944 6473063786 7203446 0 808233 0 0 0
1791321215 3000, 13801, 70, 0x0000000000000000 | 3.91 3.85 6.18 | cpu  635148475 884456 47581002 6473067561 7203446 0 808233 0 0 0
1791321216 2992, 13801, 71, 0x0000000000000000 | 3.91 3.85 6.18 | cpu  635149942 884456 47581042 6473071133 7203450 0 808233 0 0 0
1791321217 2985, 13801, 73, 0x0000000000000000 | 3.91 3.85 6.18 | cpu  635150751 884456 47581066 6473075382 7203450 0 808233 0 0 0
1791321218 3000, 13801, 70, 0x0000000000000000 | 3.76 3.82 6.15 | cpu  635150995 884456 47581152 6473080135 7203450 0 808234 0 0 0
1791321219 2985, 13801, 72, 0x0000000000000000 | 3.76 3.82 6.15 | cpu  635151225 884456 47581214 6473084932 7203450 0 808234 0 0 0
1791321220 2985, 13801, 71, 0x0000000000000000 | 3.76 3.82 6.15 | cpu  635151432 884456 47581239 6473089789 7203450 0 808234 0 0 0
1791321221 2985, 13801, 72, 0x0000000000000000 | 3.76 3.82 6.15 | cpu  635151631 884456 47581276 6473094639 7203450 0 808234 0 0 0
1791321222 2977, 13801, 71, 0x0000000000000000 | 3.76 3.82 6.15 | cpu  635151834 884456 47581308 6473099480 7203459 0 808235 0 0 0
1791321223 2977, 13801, 74, 0x0000000000000000 | 3.62 3.79 6.13 | cpu  635152093 884456 47581350 6473104334 7203464 0 808235 0 0 0
1791321224 2977, 13801, 72, 0x0000000000000000 | 3.62 3.79 6.13 | cpu  635152280 884456 47581412 6473109199 7203464 0 808235 0 0 0
1791321226 3000, 13801, 71, 0x0000000000000000 | 3.62 3.79 6.13 | cpu  635152467 884456 47581480 6473114048 7203465 0 808235 0 0 0
1791321227 3000, 13801, 73, 0x0000000000000000 | 3.62 3.79 6.13 | cpu  635152648 884456 47581599 6473118839 7203465 0 808235 0 0 0
1791321228 2985, 13801, 73, 0x0000000000000000 | 3.62 3.79 6.13 | cpu  635152822 884456 47581660 6473123683 7203466 0 808235 0 0 0
1791321229 3000, 13801, 74, 0x0000000000000000 | 3.49 3.76 6.11 | cpu  635152998 884456 47581720 6473128525 7203467 0 808235 0 0 0
1791321230 2985, 13801, 73, 0x0000000000000000 | 3.49 3.76 6.11 | cpu  635153168 884458 47581789 6473133354 7203467 0 808235 0 0 0
1791321231 3000, 13801, 74, 0x0000000000000000 | 3.49 3.76 6.11 | cpu  635153424 884458 47581956 6473138015 7203468 0 808235 0 0 0
1791321232 2985, 13801, 72, 0x0000000000000004 | 3.49 3.76 6.11 | cpu  635153676 884458 47581994 6473142828 7203468 0 808235 0 0 0
1791321233 2985, 13801, 71, 0x0000000000000000 | 3.45 3.75 6.09 | cpu  635153970 884458 47582042 6473147578 7203475 0 808235 0 0 0
1791321234 2985, 13801, 70, 0x0000000000000000 | 3.45 3.75 6.09 | cpu  635154284 884458 47582089 6473152301 7203475 0 808236 0 0 0
1791321235 2985, 13801, 74, 0x0000000000000000 | 3.45 3.75 6.09 | cpu  635154539 884458 47582126 6473157118 7203475 0 808236 0 0 0
1791321236 3000, 13801, 71, 0x0000000000000000 | 3.45 3.75 6.09 | cpu  635154832 884458 47582177 6473161870 7203478 0 808236 0 0 0
1791321237 2977, 13801, 71, 0x0000000000000000 | 3.45 3.75 6.09 | cpu  635155152 884458 47582221 6473166593 7203478 0 808236 0 0 0
1791321238 2977, 13801, 73, 0x0000000000000000 | 3.33 3.72 6.07 | cpu  635155416 884458 47582258 6473171390 7203478 0 808236 0 0 0
1791321239 3000, 13801, 73, 0x0000000000000000 | 3.33 3.72 6.07 | cpu  635155703 884458 47582317 6473176128 7203478 0 808236 0 0 0
1791321240 2985, 13801, 73, 0x0000000000000000 | 3.33 3.72 6.07 | cpu  635155988 884458 47582354 6473180874 7203478 0 808236 0 0 0
1791321241 3000, 13801, 72, 0x0000000000000000 | 3.33 3.72 6.07 | cpu  635156278 884458 47582397 6473185633 7203479 0 808236 0 0 0
1791321243 2977, 13801, 73, 0x0000000000000000 | 3.33 3.72 6.07 | cpu  635156566 884458 47582444 6473190408 7203479 0 808236 0 0 0
1791321244 2985, 13801, 71, 0x0000000000000000 | 3.22 3.69 6.05 | cpu  635157335 884458 47582487 6473194673 7203479 0 808236 0 0 0
1791321245 2985, 13801, 67, 0x0000000000000000 | 3.22 3.69 6.05 | cpu  635158849 884458 47582527 6473198205 7203480 0 808236 0 0 0
1791321246 2977, 13801, 72, 0x0000000000000000 | 3.22 3.69 6.05 | cpu  635160236 884458 47582559 6473201899 7203480 0 808236 0 0 0
1791321247 3000, 13801, 70, 0x0000000000000000 | 3.22 3.69 6.05 | cpu  635160521 884458 47582643 6473206625 7203480 0 808237 0 0 0
1791321248 3000, 13801, 73, 0x0000000000000000 | 3.21 3.68 6.03 | cpu  635160697 884458 47582707 6473211460 7203480 0 808237 0 0 0
1791321249 2992, 13801, 72, 0x0000000000000000 | 3.21 3.68 6.03 | cpu  635160891 884458 47582773 6473216292 7203480 0 808237 0 0 0
1791321250 2992, 13801, 72, 0x0000000000000000 | 3.21 3.68 6.03 | cpu  635161221 884458 47582899 6473220906 7203485 0 808237 0 0 0
1791321251 2977, 13801, 74, 0x0000000000000000 | 3.21 3.68 6.03 | cpu  635161461 884458 47582993 6473225644 7203485 0 808237 0 0 0
1791321252 3000, 13801, 71, 0x0000000000000004 | 3.21 3.68 6.03 | cpu  635161660 884458 47583066 6473230459 7203486 0 808237 0 0 0
1791321253 2992, 13801, 72, 0x0000000000000004 | 3.27 3.68 6.02 | cpu  635161851 884458 47583117 6473235325 7203491 0 808237 0 0 0
1791321254 2977, 13801, 71, 0x0000000000000000 | 3.27 3.68 6.02 | cpu  635162048 884458 47583169 6473240164 7203492 0 808238 0 0 0
1791321255 2977, 13801, 71, 0x0000000000000000 | 3.27 3.68 6.02 | cpu  635162241 884458 47583223 6473245003 7203501 0 808238 0 0 0
1791321256 2985, 13801, 71, 0x0000000000000000 | 3.27 3.68 6.02 | cpu  635162433 884458 47583273 6473249846 7203501 0 808240 0 0 0
1791321257 2977, 13801, 72, 0x0000000000000000 | 3.27 3.68 6.02 | cpu  635162626 884458 47583329 6473254732 7203501 0 808240 0 0 0
1791321258 2977, 13801, 73, 0x0000000000000000 | 3.17 3.65 6.00 | cpu  635162818 884458 47583384 6473259560 7203503 0 808240 0 0 0
1791321260 3000, 13801, 71, 0x0000000000000000 | 3.17 3.65 6.00 | cpu  635163008 884458 47583451 6473264425 7203503 0 808240 0 0 0
1791321261 3000, 13801, 73, 0x0000000000000000 | 3.17 3.65 6.00 | cpu  635163260 884458 47583506 6473269205 7203503 0 808240 0 0 0
1791321262 2977, 13801, 74, 0x0000000000000000 | 3.17 3.65 6.00 | cpu  635163445 884458 47583562 6473274057 7203504 0 808240 0 0 0
1791321263 2992, 13801, 72, 0x0000000000000000 | 3.17 3.65 6.00 | cpu  635163618 884458 47583625 6473278905 7203504 0 808240 0 0 0
1791321264 2977, 13801, 73, 0x0000000000000000 | 3.07 3.63 5.98 | cpu  635163803 884458 47583670 6473283768 7203504 0 808240 0 0 0
1791321265 3000, 13801, 72, 0x0000000000000000 | 3.07 3.63 5.98 | cpu  635163969 884458 47583738 6473288614 7203504 0 808242 0 0 0
1791321266 2977, 13801, 74, 0x0000000000000000 | 3.07 3.63 5.98 | cpu  635164150 884458 47583794 6473293471 7203504 0 808242 0 0 0
1791321267 2992, 13801, 72, 0x0000000000000000 | 3.07 3.63 5.98 | cpu  635164316 884458 47583860 6473298328 7203505 0 808242 0 0 0
1791321268 2977, 13801, 68, 0x0000000000000000 | 2.99 3.60 5.95 | cpu  635164498 884458 47583922 6473303173 7203505 0 808242 0 0 0
1791321269 2985, 13801, 72, 0x0000000000000000 | 2.99 3.60 5.95 | cpu  635164751 884458 47584082 6473307821 7203508 0 808242 0 0 0
1791321270 2992, 13801, 70, 0x0000000000000000 | 2.99 3.60 5.95 | cpu  635165051 884458 47584136 6473312559 7203508 0 808242 0 0 0
1791321271 2992, 13801, 72, 0x0000000000000000 | 2.99 3.60 5.95 | cpu  635165340 884458 47584183 6473317308 7203508 0 808242 0 0 0
1791321272 2977, 13801, 74, 0x0000000000000000 | 2.99 3.60 5.95 | cpu  635165623 884458 47584222 6473322047 7203508 0 808242 0 0 0
1791321273 2992, 13801, 73, 0x0000000000000000 | 2.91 3.57 5.93 | cpu  635165913 884458 47584278 6473326794 7203508 0 808242 0 0 0
1791321274 2985, 13801, 72, 0x0000000000000000 | 2.91 3.57 5.93 | cpu  635166203 884458 47584333 6473331533 7203509 0 808242 0 0 0
1791321275 3000, 13801, 71, 0x0000000000000000 | 2.91 3.57 5.93 | cpu  635166492 884458 47584372 6473336288 7203509 0 808243 0 0 0
1791321276 2985, 13801, 73, 0x0000000000000000 | 2.91 3.57 5.93 | cpu  635166753 884458 47584476 6473340999 7203512 0 808245 0 0 0
1791321278 2985, 13801, 70, 0x0000000000000000 | 2.91 3.57 5.93 | cpu  635167048 884458 47584548 6473345714 7203512 0 808245 0 0 0
1791321279 2985, 13801, 74, 0x0000000000000000 | 2.84 3.55 5.91 | cpu  635167367 884458 47584595 6473350426 7203512 0 808245 0 0 0
1791321280 2985, 13801, 73, 0x0000000000000000 | 2.84 3.55 5.91 | cpu  635167629 884458 47584635 6473355209 7203512 0 808245 0 0 0
1791321281 2992, 13801, 71, 0x0000000000000000 | 2.84 3.55 5.91 | cpu  635167949 884458 47584684 6473359932 7203513 0 808245 0 0 0
1791321282 3007, 13801, 70, 0x0000000000000000 | 2.84 3.55 5.91 | cpu  635169145 884458 47584734 6473363792 7203513 0 808245 0 0 0
1791321283 3000, 13801, 71, 0x0000000000000000 | 3.49 3.67 5.94 | cpu  635170734 884458 47584772 6473367285 7203514 0 808245 0 0 0
1791321284 2985, 13801, 70, 0x0000000000000000 | 3.49 3.67 5.94 | cpu  635171165 884458 47584813 6473371886 7203514 0 808245 0 0 0
1791321285 2977, 13801, 72, 0x0000000000000000 | 3.49 3.67 5.94 | cpu  635171419 884458 47584914 6473376631 7203514 0 808246 0 0 0
1791321286 3000, 13801, 70, 0x0000000000000000 | 3.49 3.67 5.94 | cpu  635171740 884458 47585063 6473381260 7203514 0 808246 0 0 0
1791321287 2985, 13801, 72, 0x0000000000000000 | 3.49 3.67 5.94 | cpu  635171991 884458 47585125 6473386041 7203515 0 808246 0 0 0
1791321288 2970, 13801, 71, 0x0000000000000000 | 3.37 3.64 5.92 | cpu  635172196 884458 47585221 6473390815 7203520 0 808246 0 0 0
1791321289 2977, 13801, 72, 0x0000000000000000 | 3.37 3.64 5.92 | cpu  635172392 884458 47585273 6473395689 7203521 0 808246 0 0 0
1791321290 2977, 13801, 72, 0x0000000000000000 | 3.37 3.64 5.92 | cpu  635172578 884460 47585344 6473400523 7203521 0 808248 0 0 0
1791321291 2985, 13801, 73, 0x0000000000000000 | 3.37 3.64 5.92 | cpu  635172772 884460 47585396 6473405383 7203521 0 808248 0 0 0
1791321292 3000, 13801, 71, 0x0000000000000000 | 3.37 3.64 5.92 | cpu  635172963 884460 47585470 6473410201 7203521 0 808248 0 0 0
1791321293 2985, 13801, 72, 0x0000000000000000 | 3.34 3.63 5.90 | cpu  635173157 884460 47585521 6473415048 7203522 0 808248 0 0 0
1791321295 2992, 13801, 71, 0x0000000000000000 | 3.34 3.63 5.90 | cpu  635173351 884460 47585577 6473419895 7203522 0 808248 0 0 0
1791321296 2977, 13801, 74, 0x0000000000000000 | 3.34 3.63 5.90 | cpu  635173549 884460 47585632 6473424734 7203522 0 808249 0 0 0
1791321297 2992, 13801, 70, 0x0000000000000000 | 3.34 3.63 5.90 | cpu  635173900 884460 47585692 6473429429 7203523 0 808249 0 0 0
1791321298 2985, 13801, 72, 0x0000000000000000 | 3.34 3.63 5.90 | cpu  635174075 884460 47585755 6473434277 7203538 0 808249 0 0 0
1791321299 2977, 13801, 71, 0x0000000000000000 | 3.23 3.60 5.88 | cpu  635174259 884460 47585808 6473439121 7203542 0 808249 0 0 0
1791321300 2985, 13801, 72, 0x0000000000000000 | 3.23 3.60 5.88 | cpu  635174439 884460 47585861 6473443995 7203542 0 808249 0 0 0
1791321301 2977, 13801, 72, 0x0000000000000000 | 3.23 3.60 5.88 | cpu  635174617 884460 47585921 6473448833 7203542 0 808249 0 0 0
1791321302 2985, 13801, 73, 0x0000000000000000 | 3.23 3.60 5.88 | cpu  635174812 884460 47586002 6473453649 7203543 0 808249 0 0 0
1791321303 2985, 13801, 73, 0x0000000000000000 | 3.13 3.58 5.86 | cpu  635174997 884460 47586057 6473458497 7203543 0 808249 0 0 0
1791321304 2992, 13801, 71, 0x0000000000000000 | 3.13 3.58 5.86 | cpu  635175171 884460 47586129 6473463341 7203546 0 808249 0 0 0
1791321305 3000, 13801, 72, 0x0000000000000000 | 3.13 3.58 5.86 | cpu  635175448 884460 47586300 6473467975 7203547 0 808249 0 0 0
1791321306 2977, 13801, 72, 0x0000000000000000 | 3.13 3.58 5.86 | cpu  635175720 884460 47586387 6473472692 7203547 0 808249 0 0 0
1791321307 2985, 13801, 72, 0x0000000000000000 | 3.13 3.58 5.86 | cpu  635176013 884460 47586455 6473477409 7203547 0 808249 0 0 0
1791321308 2977, 13801, 74, 0x0000000000000000 | 5.53 4.07 6.00 | cpu  635176332 884460 47586504 6473482129 7203547 0 808250 0 0 0
1791321309 2992, 13801, 71, 0x0000000000000000 | 5.53 4.07 6.00 | cpu  635176589 884460 47586538 6473486927 7203547 0 808250 0 0 0
1791321310 2977, 13801, 74, 0x0000000000000000 | 5.53 4.07 6.00 | cpu  635176882 884460 47586594 6473491658 7203552 0 808250 0 0 0
1791321312 2977, 13801, 72, 0x0000000000000000 | 5.53 4.07 6.00 | cpu  635177211 884460 47586636 6473496375 7203552 0 808250 0 0 0
1791321313 2985, 13801, 72, 0x0000000000000000 | 5.53 4.07 6.00 | cpu  635177489 884460 47586675 6473501130 7203552 0 808250 0 0 0
1791321314 3000, 13801, 71, 0x0000000000000000 | 5.24 4.03 5.98 | cpu  635177752 884460 47586720 6473505922 7203552 0 808250 0 0 0
1791321315 3000, 13801, 72, 0x0000000000000000 | 5.24 4.03 5.98 | cpu  635178104 884460 47586764 6473510615 7203553 0 808250 0 0 0
1791321316 3000, 13801, 73, 0x0000000000000000 | 5.24 4.03 5.98 | cpu  635178516 884460 47586806 6473515239 7203553 0 808251 0 0 0
1791321317 3000, 13801, 72, 0x0000000000000000 | 5.24 4.03 5.98 | cpu  635178815 884460 47586851 6473519989 7203554 0 808251 0 0 0
1791321318 2992, 13801, 68, 0x0000000000000000 | 6.50 4.31 6.06 | cpu  635179425 884460 47586894 6473524598 7203554 0 808251 0 0 0
1791321319 2985, 13801, 73, 0x0000000000000000 | 6.50 4.31 6.06 | cpu  635181032 884460 47586931 6473528055 7203569 0 808251 0 0 0
1791321320 3000, 13801, 70, 0x0000000000000000 | 6.50 4.31 6.06 | cpu  635182490 884460 47586963 6473531614 7203569 0 808252 0 0 0
1791321321 2992, 13801, 72, 0x0000000000000000 | 6.50 4.31 6.06 | cpu  635183325 884460 47586994 6473535841 7203570 0 808253 0 0 0
1791321322 2985, 13801, 74, 0x0000000000000000 | 6.50 4.31 6.06 | cpu  635183651 884460 47587161 6473540426 7203572 0 808253 0 0 0
1791321323 2985, 13801, 71, 0x0000000000000000 | 6.14 4.27 6.04 | cpu  635183976 884460 47587304 6473545057 7203572 0 808259 0 0 0
1791321324 2985, 13801, 72, 0x0000000000000000 | 6.14 4.27 6.04 | cpu  635184358 884460 47587356 6473549765 7203573 0 808261 0 0 0
1791321325 3000, 13801, 72, 0x0000000000000004 | 6.14 4.27 6.04 | cpu  635184583 884460 47587459 6473554523 7203577 0 808261 0 0 0
1791321326 2985, 13801, 72, 0x0000000000000000 | 6.14 4.27 6.04 | cpu  635184786 884460 47587517 6473559333 7203577 0 808261 0 0 0
1791321327 2985, 13801, 72, 0x0000000000000000 | 6.14 4.27 6.04 | cpu  635184985 884460 47587570 6473564167 7203578 0 808261 0 0 0
1791321329 2985, 13801, 69, 0x0000000000000000 | 5.81 4.24 6.02 | cpu  635185182 884460 47587620 6473569009 7203578 0 808261 0 0 0
1791321330 2985, 13801, 73, 0x0000000000000000 | 5.81 4.24 6.02 | cpu  635185390 884460 47587673 6473573838 7203578 0 808261 0 0 0
1791321331 3000, 13801, 71, 0x0000000000000000 | 5.81 4.24 6.02 | cpu  635185586 884460 47587725 6473578691 7203578 0 808261 0 0 0
1791321332 2985, 13801, 73, 0x0000000000000000 | 5.81 4.24 6.02 | cpu  635185787 884460 47587780 6473583531 7203578 0 808261 0 0 0
1791321333 2977, 13801, 72, 0x0000000000000000 | 5.81 4.24 6.02 | cpu  635185988 884460 47587833 6473588358 7203579 0 808261 0 0 0
1791321334 2992, 13801, 74, 0x0000000000000000 | 5.51 4.20 6.00 | cpu  635186291 884460 47587898 6473593080 7203584 0 808261 0 0 0
1791321335 2977, 13801, 72, 0x0000000000000000 | 5.51 4.20 6.00 | cpu  635186511 884460 47587952 6473597893 7203584 0 808261 0 0 0
1791321336 2985, 13801, 73, 0x0000000000000000 | 5.51 4.20 6.00 | cpu  635186680 884460 47588020 6473602761 7203584 0 808261 0 0 0
1791321337 2977, 13801, 72, 0x0000000000000000 | 5.51 4.20 6.00 | cpu  635186872 884460 47588063 6473607614 7203584 0 808261 0 0 0
1791321338 2992, 13801, 71, 0x0000000000000000 | 5.31 4.18 5.98 | cpu  635187047 884460 47588135 6473612463 7203586 0 808262 0 0 0
1791321339 2992, 13801, 73, 0x0000000000000000 | 5.31 4.18 5.98 | cpu  635187228 884460 47588244 6473617263 7203586 0 808266 0 0 0
1791321340 2977, 13801, 72, 0x0000000000000000 | 5.31 4.18 5.98 | cpu  635187411 884460 47588342 6473622055 7203586 0 808266 0 0 0
1791321341 3000, 13801, 71, 0x0000000000000004 | 5.31 4.18 5.98 | cpu  635187572 884460 47588420 6473626916 7203587 0 808266 0 0 0
1791321342 2985, 13801, 73, 0x0000000000000000 | 5.31 4.18 5.98 | cpu  635187790 884460 47588483 6473631733 7203587 0 808266 0 0 0
1791321343 2992, 13801, 70, 0x0000000000000000 | 5.12 4.16 5.97 | cpu  635188272 884460 47588639 6473636183 7203587 0 808266 0 0 0
1791321344 2985, 13801, 73, 0x0000000000000000 | 5.12 4.16 5.97 | cpu  635188527 884460 47588681 6473640970 7203590 0 808266 0 0 0
1791321346 2985, 13801, 72, 0x0000000000000000 | 5.12 4.16 5.97 | cpu  635188869 884460 47588731 6473645711 7203590 0 808266 0 0 0
1791321347 2977, 13801, 73, 0x0000000000000000 | 5.12 4.16 5.97 | cpu  635189130 884460 47588764 6473650493 7203590 0 808266 0 0 0
1791321348 2977, 13801, 74, 0x0000000000000000 | 5.12 4.16 5.97 | cpu  635189418 884460 47588815 6473655243 7203590 0 808266 0 0 0
1791321349 2992, 13801, 71, 0x0000000000000000 | 4.87 4.12 5.94 | cpu  635189705 884460 47588858 6473659980 7203596 0 808268 0 0 0
1791321350 3000, 13801, 71, 0x0000000000000000 | 4.87 4.12 5.94 | cpu  635189998 884460 47588894 6473664739 7203596 0 808271 0 0 0
1791321351 3000, 13801, 72, 0x0000000000000000 | 4.87 4.12 5.94 | cpu  635190293 884460 47588954 6473669470 7203597 0 808271 0 0 0
1791321352 2992, 13801, 71, 0x0000000000000000 | 4.87 4.12 5.94 | cpu  635190582 884460 47589002 6473674208 7203597 0 808271 0 0 0
1791321353 2970, 13801, 72, 0x0000000000000000 | 4.64 4.09 5.92 | cpu  635190864 884460 47589038 6473678990 7203597 0 808271 0 0 0
1791321354 2992, 13801, 71, 0x0000000000000000 | 4.64 4.09 5.92 | cpu  635191157 884461 47589091 6473683727 7203599 0 808271 0 0 0
1791321355 2985, 13801, 72, 0x0000000000000000 | 4.64 4.09 5.92 | cpu  635191485 884461 47589137 6473688463 7203604 0 808271 0 0 0
1791321356 2985, 13801, 72, 0x0000000000000000 | 4.64 4.09 5.92 | cpu  635192824 884461 47589177 6473692153 7203604 0 808271 0 0 0
1791321357 2985, 13801, 72, 0x0000000000000000 | 4.64 4.09 5.92 | cpu  635194216 884461 47589209 6473695831 7203607 0 808273 0 0 0
1791321358 2992, 13801, 72, 0x0000000000000000 | 5.15 4.20 5.95 | cpu  635195264 884461 47589242 6473699855 7203608 0 808276 0 0 0
1791321359 2985, 13801, 72, 0x0000000000000000 | 5.15 4.20 5.95 | cpu  635195496 884461 47589329 6473704657 7203608 0 808277 0 0 0
1791321360 2985, 13801, 72, 0x0000000000000000 | 5.15 4.20 5.95 | cpu  635195690 884461 47589387 6473709504 7203608 0 808277 0 0 0
1791321361 3000, 13801, 71, 0x0000000000000000 | 5.15 4.20 5.95 | cpu  635195929 884461 47589443 6473714328 7203608 0 808277 0 0 0
1791321363 2992, 13801, 71, 0x0000000000000000 | 5.15 4.20 5.95 | cpu  635196136 884461 47589481 6473719169 7203612 0 808278 0 0 0
1791321364 2977, 13801, 74, 0x0000000000000000 | 4.90 4.17 5.93 | cpu  635196336 884461 47589512 6473724034 7203612 0 808278 0 0 0
1791321365 3000, 13801, 71, 0x0000000000000004 | 4.90 4.17 5.93 | cpu  635196537 884461 47589548 6473728899 7203612 0 808278 0 0 0
1791321366 2985, 13801, 72, 0x0000000000000000 | 4.90 4.17 5.93 | cpu  635196799 884461 47589585 6473733682 7203614 0 808278 0 0 0
1791321367 2985, 13801, 72, 0x0000000000000000 | 4.90 4.17 5.93 | cpu  635196967 884461 47589646 6473738517 7203614 0 808278 0 0 0
1791321368 2977, 13801, 72, 0x0000000000000000 | 4.83 4.16 5.92 | cpu  635197155 884461 47589696 6473743367 7203614 0 808278 0 0 0
1791321369 2977, 13801, 71, 0x0000000000000000 | 4.83 4.16 5.92 | cpu  635197323 884461 47589764 6473748205 7203614 0 808278 0 0 0
1791321370 2977, 13801, 73, 0x0000000000000000 | 4.83 4.16 5.92 | cpu  635197492 884461 47589845 6473753035 7203614 0 808278 0 0 0
1791321371 2985, 13801, 74, 0x0000000000000000 | 4.83 4.16 5.92 | cpu  635197670 884461 47589900 6473757893 7203614 0 808278 0 0 0
1791321372 2992, 13801, 71, 0x0000000000000000 | 4.83 4.16 5.92 | cpu  635197839 884461 47589966 6473762746 7203614 0 808278 0 0 0
1791321373 3000, 13801, 73, 0x0000000000000000 | 4.60 4.13 5.90 | cpu  635198091 884461 47590144 6473767388 7203623 0 808278 0 0 0
1791321374 2985, 13801, 73, 0x0000000000000000 | 4.60 4.13 5.90 | cpu  635198345 884461 47590178 6473772176 7203623 0 808278 0 0 0
1791321375 2992, 13801, 72, 0x0000000000000000 | 4.60 4.13 5.90 | cpu  635198640 884461 47590230 6473776932 7203623 0 808278 0 0 0
1791321376 2962, 13801, 72, 0x0000000000000000 | 4.60 4.13 5.90 | cpu  635198962 884461 47590277 6473781683 7203623 0 808278 0 0 0
1791321377 3000, 13801, 73, 0x0000000000000000 | 4.60 4.13 5.90 | cpu  635199218 884461 47590309 6473786494 7203623 0 808278 0 0 0
1791321378 2977, 13801, 73, 0x0000000000000000 | 6.23 4.47 6.00 | cpu  635199511 884461 47590365 6473791250 7203626 0 808283 0 0 0
1791321380 2985, 13801, 72, 0x0000000000000000 | 6.23 4.47 6.00 | cpu  635199802 884461 47590410 6473796021 7203627 0 808283 0 0 0
1791321381 2985, 13801, 68, 0x0000000000000000 | 6.23 4.47 6.00 | cpu  635200087 884461 47590450 6473800776 7203627 0 808283 0 0 0
1791321382 2985, 13801, 73, 0x0000000000000000 | 6.23 4.47 6.00 | cpu  635200361 884461 47590501 6473805527 7203628 0 808283 0 0 0
1791321383 3000, 13801, 71, 0x0000000000000000 | 6.23 4.47 6.00 | cpu  635200690 884461 47590557 6473810254 7203638 0 808283 0 0 0
1791321384 2977, 13801, 72, 0x0000000000000000 | 5.89 4.43 5.98 | cpu  635200980 884461 47590603 6473815018 7203638 0 808288 0 0 0
1791321385 3000, 13801, 71, 0x0000000000000000 | 5.89 4.43 5.98 | cpu  635201277 884461 47590649 6473819775 7203638 0 808288 0 0 0
1791321386 2985, 13801, 72, 0x0000000000000000 | 5.89 4.43 5.98 | cpu  635201851 884461 47590750 6473824331 7203638 0 808288 0 0 0
1791321387 2985, 13801, 72, 0x0000000000000000 | 5.89 4.43 5.98 | cpu  635203377 884461 47590796 6473827858 7203640 0 808288 0 0 0
1791321388 2992, 13801, 68, 0x0000000000000000 | 6.62 4.61 6.03 | cpu  635204781 884461 47590832 6473831532 7203647 0 808290 0 0 0
1791321389 2985, 13801, 72, 0x0000000000000000 | 6.62 4.61 6.03 | cpu  635205157 884461 47590872 6473836184 7203647 0 808290 0 0 0
1791321390 2977, 13801, 71, 0x0000000000000000 | 6.62 4.61 6.03 | cpu  635205398 884461 47590942 6473840925 7203659 0 808290 0 0 0
1791321391 2977, 13801, 71, 0x0000000000000000 | 6.62 4.61 6.03 | cpu  635205636 884461 47590996 6473845724 7203659 0 808290 0 0 0
1791321392 2970, 13801, 72, 0x0000000000000000 | 6.62 4.61 6.03 | cpu  635205844 884461 47591026 6473850567 7203659 0 808290 0 0 0
1791321393 2985, 13801, 69, 0x0000000000000000 | 6.25 4.56 6.00 | cpu  635206044 884461 47591065 6473855412 7203660 0 808290 0 0 0
1791321394 2985, 13801, 74, 0x0000000000000000 | 6.25 4.56 6.00 | cpu  635206244 884461 47591100 6473860274 7203660 0 808290 0 0 0
1791321395 3000, 13801, 71, 0x0000000000000000 | 6.25 4.56 6.00 | cpu  635206494 884461 47591148 6473865081 7203660 0 808290 0 0 0
1791321397 2992, 13801, 72, 0x0000000000000000 | 6.25 4.56 6.00 | cpu  635206673 884461 47591208 6473869932 7203660 0 808290 0 0 0
1791321398 2977, 13801, 73, 0x0000000000000000 | 6.25 4.56 6.00 | cpu  635206855 884461 47591257 6473874786 7203660 0 808290 0 0 0
1791321399 2985, 13801, 73, 0x0000000000000000 | 5.91 4.52 5.98 | cpu  635207031 884461 47591318 6473879609 7203672 0 808290 0 0 0
1791321400 2970, 13801, 72, 0x0000000000000000 | 5.91 4.52 5.98 | cpu  635207219 884461 47591375 6473884467 7203672 0 808291 0 0 0
1791321401 2992, 13801, 71, 0x0000000000000000 | 5.91 4.52 5.98 | cpu  635207390 884461 47591440 6473889318 7203672 0 808291 0 0 0
1791321402 2970, 13801, 74, 0x0000000000000000 | 5.91 4.52 5.98 | cpu  635207583 884461 47591570 6473894070 7203672 0 808291 0 0 0
1791321403 2992, 13801, 72, 0x0000000000000000 | 5.68 4.50 5.97 | cpu  635207860 884461 47591816 6473898627 7203672 0 808291 0 0 0
1791321404 2985, 13801, 68, 0x0000000000000000 | 5.68 4.50 5.97 | cpu  635208153 884461 47591871 6473903352 7203672 0 808291 0 0 0
1791321405 2977, 13801, 74, 0x0000000000000000 | 5.68 4.50 5.97 | cpu  635208443 884461 47591912 6473908103 7203677 0 808291 0 0 0
1791321406 2992, 13801, 70, 0x0000000000000000 | 5.68 4.50 5.97 | cpu  635208730 884461 47591947 6473912878 7203677 0 808291 0 0 0
1791321407 2985, 13801, 73, 0x0000000000000000 | 5.68 4.50 5.97 | cpu  635208982 884461 47591990 6473917730 7203682 0 808291 0 0 0
1791321408 2977, 13801, 71, 0x0000000000000000 | 5.54 4.49 5.96 | cpu  635209317 884461 47592043 6473922444 7203682 0 808291 0 0 0
1791321409 2977, 13801, 72, 0x0000000000000000 | 5.54 4.49 5.96 | cpu  635209601 884461 47592082 6473927215 7203688 0 808291 0 0 0
1791321410 2977, 13801, 73, 0x0000000000000004 | 5.54 4.49 5.96 | cpu  635209858 884461 47592118 6473932025 7203688 0 808291 0 0 0
1791321411 2985, 13801, 72, 0x0000000000000000 | 5.54 4.49 5.96 | cpu  635210145 884461 47592172 6473936779 7203689 0 808291 0 0 0
1791321412 2977, 13801, 72, 0x0000000000000000 | 5.54 4.49 5.96 | cpu  635210467 884461 47592220 6473941499 7203689 0 808291 0 0 0
1791321414 3000, 13801, 71, 0x0000000000000000 | 5.26 4.45 5.93 | cpu  635210723 884461 47592256 6473946311 7203689 0 808292 0 0 0
1791321415 2985, 13801, 72, 0x0000000000000004 | 5.26 4.45 5.93 | cpu  635211047 884461 47592305 6473951038 7203689 0 808292 0 0 0
1791321416 2970, 13801, 72, 0x0000000000000000 | 5.26 4.45 5.93 | cpu  635212125 884461 47592346 6473955014 7203690 0 808292 0 0 0
1791321417 2992, 13801, 70, 0x0000000000000000 | 5.26 4.45 5.93 | cpu  635213643 884461 47592381 6473958555 7203690 0 808292 0 0 0
1791321418 2977, 13801, 72, 0x0000000000000000 | 5.26 4.45 5.93 | cpu  635214778 884461 47592413 6473962473 7203691 0 808293 0 0 0
1791321419 3000, 13801, 72, 0x0000000000000000 | 5.00 4.41 5.91 | cpu  635215056 884461 47592517 6473967174 7203691 0 808293 0 0 0
1791321420 2992, 13801, 73, 0x0000000000000000 | 5.00 4.41 5.91 | cpu  635215241 884463 47592587 6473972008 7203691 0 808294 0 0 0
1791321421 2977, 13801, 72, 0x0000000000000000 | 5.00 4.41 5.91 | cpu  635215521 884463 47592663 6473976773 7203695 0 808294 0 0 0
1791321422 2977, 13801, 73, 0x0000000000000000 | 5.00 4.41 5.91 | cpu  635215787 884463 47592769 6473981550 7203697 0 808295 0 0 0
1791321423 2970, 13801, 71, 0x0000000000000000 | 5.32 4.48 5.93 | cpu  635216005 884463 47592865 6473986281 7203730 0 808295 0 0 0
1791321424 3000, 13801, 71, 0x0000000000000000 | 5.32 4.48 5.93 | cpu  635216206 884463 47592936 6473991099 7203753 0 808295 0 0 0
1791321425 2985, 13801, 67, 0x0000000000000000 | 5.32 4.48 5.93 | cpu  635216401 884463 47592986 6473995948 7203753 0 808295 0 0 0
1791321426 2985, 13801, 72, 0x0000000000000000 | 5.32 4.48 5.93 | cpu  635216595 884463 47593043 6474000785 7203753 0 808295 0 0 0
1791321427 2985, 13801, 73, 0x0000000000000004 | 5.32 4.48 5.93 | cpu  635216786 884463 47593097 6474005649 7203753 0 808295 0 0 0
1791321428 2977, 13801, 72, 0x0000000000000000 | 5.05 4.44 5.91 | cpu  635216979 884463 47593148 6474010477 7203753 0 808295 0 0 0
1791321429 3000, 13801, 72, 0x0000000000000000 | 5.05 4.44 5.91 | cpu  635217174 884463 47593202 6474015307 7203753 0 808295 0 0 0
1791321431 2992, 13801, 73, 0x0000000000000000 | 5.05 4.44 5.91 | cpu  635217368 884463 47593257 6474020161 7203753 0 808295 0 0 0
1791321432 2977, 13801, 72, 0x0000000000000000 | 5.05 4.44 5.91 | cpu  635217608 884463 47593323 6474024940 7203753 0 808295 0 0 0
1791321433 2992, 13801, 73, 0x0000000000000000 | 5.05 4.44 5.91 | cpu  635217809 884463 47593381 6474029762 7203753 0 808295 0 0 0
1791321434 2977, 13801, 73, 0x0000000000000000 | 4.81 4.40 5.89 | cpu  635217989 884463 47593434 6474034606 7203753 0 808295 0 0 0
1791321435 2992, 13801, 72, 0x0000000000000000 | 4.81 4.40 5.89 | cpu  635218170 884463 47593488 6474039449 7203758 0 808295 0 0 0
1791321436 2992, 13801, 72, 0x0000000000000000 | 4.81 4.40 5.89 | cpu  635218337 884463 47593555 6474044292 7203758 0 808295 0 0 0
1791321437 2992, 13801, 71, 0x0000000000000000 | 4.81 4.40 5.89 | cpu  635218501 884463 47593626 6474049140 7203758 0 808295 0 0 0
1791321438 3000, 13801, 71, 0x0000000000000000 | 4.58 4.36 5.87 | cpu  635218676 884463 47593681 6474053983 7203758 0 808295 0 0 0
1791321439 2992, 13801, 70, 0x0000000000000000 | 4.58 4.36 5.87 | cpu  635218847 884463 47593744 6474058831 7203758 0 808295 0 0 0
1791321440 2992, 13801, 71, 0x0000000000000000 | 4.58 4.36 5.87 | cpu  635219041 884463 47593797 6474063633 7203768 0 808295 0 0 0
1791321441 3030, 13801, 56, 0x0000000000000000 | 4.58 4.36 5.87 | cpu  635219309 884463 47593958 6474068292 7203770 0 808296 0 0 0
1791321442 3030, 13801, 54, 0x0000000000000000 | 4.58 4.36 5.87 | cpu  635219559 884463 47593989 6474073086 7203770 0 808296 0 0 0
1791321443 2647, 13801, 52, 0x0000000000000000 | 4.38 4.32 5.85 | cpu  635219877 884463 47594032 6474077813 7203770 0 808296 0 0 0
1791321444 2647, 13801, 51, 0x0000000000000000 | 4.38 4.32 5.85 | cpu  635220131 884463 47594055 6474082609 7203770 0 808296 0 0 0
1791321445 2647, 13801, 50, 0x0000000000000000 | 4.38 4.32 5.85 | cpu  635220417 884463 47594100 6474087342 7203770 0 808298 0 0 0
1791321446 2647, 13801, 50, 0x0000000000000000 | 4.38 4.32 5.85 | cpu  635220703 884463 47594133 6474092108 7203771 0 808298 0 0 0
1791321447 2647, 13801, 49, 0x0000000000000000 | 4.38 4.32 5.85 | cpu  635220991 884463 47594166 6474096855 7203771 0 808298 0 0 0
1791321449 2647, 13801, 49, 0x0000000000000000 | 4.18 4.28 5.82 | cpu  635221273 884463 47594228 6474101587 7203771 0 808298 0 0 0
1791321450 2647, 13801, 49, 0x0000000000000000 | 4.18 4.28 5.82 | cpu  635221504 884463 47594314 6474106320 7203771 0 808298 0 0 0
1791321451 2647, 13801, 48, 0x0000000000000000 | 4.18 4.28 5.82 | cpu  635221698 884463 47594462 6474111042 7203771 0 808298 0 0 0
1791321452 2647, 13801, 48, 0x0000000000000000 | 4.18 4.28 5.82 | cpu  635221974 884463 47594530 6474115763 7203771 0 808298 0 0 0
1791321453 2647, 13801, 48, 0x0000000000000000 | 4.18 4.28 5.82 | cpu  635222260 884463 47594561 6474120506 7203772 0 808298 0 0 0
1791321454 2647, 13801, 48, 0x0000000000000000 | 5.93 4.64 5.93 | cpu  635223576 884463 47594598 6474124217 7203772 0 808298 0 0 0
1791321455 2647, 13801, 47, 0x0000000000000000 | 5.93 4.64 5.93 | cpu  635225019 884463 47594625 6474127796 7203772 0 808300 0 0 0
1791321456 2647, 13801, 47, 0x0000000000000000 | 5.93 4.64 5.93 | cpu  635225938 884463 47594645 6474131909 7203772 0 808300 0 0 0
1791321457 2647, 13801, 47, 0x0000000000000000 | 5.93 4.64 5.93 | cpu  635226173 884463 47594719 6474136652 7203772 0 808300 0 0 0
1791321458 2647, 13801, 47, 0x0000000000000000 | 7.22 4.93 6.02 | cpu  635226372 884463 47594767 6474141456 7203781 0 808301 0 0 0
1791321459 2647, 13801, 47, 0x0000000000000000 | 7.22 4.93 6.02 | cpu  635226595 884463 47594817 6474146259 7203781 0 808301 0 0 0
1791321460 2647, 13801, 47, 0x0000000000000000 | 7.22 4.93 6.02 | cpu  635226808 884463 47594835 6474151096 7203783 0 808301 0 0 0
1791321461 2647, 13801, 46, 0x0000000000000000 | 7.22 4.93 6.02 | cpu  635227006 884463 47594860 6474155940 7203783 0 808301 0 0 0
1791321462 2647, 13801, 46, 0x0000000000000000 | 7.22 4.93 6.02 | cpu  635227197 884463 47594893 6474160775 7203784 0 808301 0 0 0
1791321463 2647, 13801, 46, 0x0000000000000000 | 6.80 4.88 6.00 | cpu  635227452 884463 47594924 6474165548 7203785 0 808302 0 0 0
1791321464 2647, 13801, 46, 0x0000000000000000 | 6.80 4.88 6.00 | cpu  635227612 884463 47594993 6474170380 7203785 0 808302 0 0 0
1791321465 2647, 810, 46, 0x0000000000000000 | 6.80 4.88 6.00 | cpu  635227791 884463 47595129 6474175166 7203785 0 808302 0 0 0
1791321467 367, 810, 44, 0x0000000000000000 | 6.80 4.88 6.00 | cpu  635227931 884463 47595236 6474180027 7203785 0 808302 0 0 0
