1791305105 2542, 14001, 49, 0x0000000000000000 | 17.14 9.34 8.04 | cpu  115570643 5973 56201754 4408042561 3469252 0 343624 0 0 0
1791305106 930, 7001, 48, 0x0000000000000000 | 17.14 9.34 8.04 | cpu  115571419 5973 56202024 4408055265 3469265 0 343625 0 0 0
1791305107 420, 810, 48, 0x0000000000000000 | 17.14 9.34 8.04 | cpu  115571622 5973 56202321 4408068564 3469268 0 343625 0 0 0
1791305108 367, 810, 48, 0x0000000000000000 | 17.14 9.34 8.04 | cpu  115572378 5973 56202547 4408081367 3469283 0 343625 0 0 0
1791305110 217, 810, 48, 0x0000000000000000 | 16.25 9.29 8.03 | cpu  115572719 5973 56202780 4408094651 3469288 0 343627 0 0 0
1791305111 195, 405, 48, 0x0000000000000000 | 16.25 9.29 8.03 | cpu  115572908 5973 56203052 4408107961 3469303 0 343629 0 0 0
1791305112 195, 405, 48, 0x0000000000000000 | 16.25 9.29 8.03 | cpu  115573081 5973 56203431 4408121189 3469315 0 343630 0 0 0
1791305113 2542, 13801, 49, 0x0000000000000000 | 16.25 9.29 8.03 | cpu  115573635 5973 56203833 4408133872 3469325 0 343630 0 0 0
1791305114 2542, 13801, 49, 0x0000000000000000 | 16.25 9.29 8.03 | cpu  115573929 5973 56204258 4408146826 3469333 0 343631 0 0 0
1791305115 2602, 13801, 49, 0x0000000000000000 | 15.42 9.23 8.02 | cpu  115574204 5973 56204666 4408159853 3469335 0 343632 0 0 0
1791305116 2550, 13801, 49, 0x0000000000000000 | 15.42 9.23 8.02 | cpu  115574545 5973 56205190 4408172674 3469350 0 343633 0 0 0
1791305117 2550, 13801, 49, 0x0000000000000000 | 15.42 9.23 8.02 | cpu  115574844 5973 56205616 4408185668 3469359 0 343634 0 0 0
1791305118 2752, 13801, 49, 0x0000000000000000 | 15.42 9.23 8.02 | cpu  115575180 5973 56206034 4408198606 3469368 0 343635 0 0 0
1791305119 2700, 13801, 50, 0x0000000000000000 | 14.59 9.16 8.00 | cpu  115575505 5973 56206457 4408211526 3469377 0 343635 0 0 0
1791305120 2647, 13801, 49, 0x0000000000000000 | 14.59 9.16 8.00 | cpu  115575849 5973 56206871 4408224427 3469384 0 343636 0 0 0
1791305121 2767, 13801, 50, 0x0000000000000000 | 14.59 9.16 8.00 | cpu  115576130 5973 56207289 4408237445 3469397 0 343636 0 0 0
1791305122 2542, 13801, 49, 0x0000000000000000 | 14.59 9.16 8.00 | cpu  115576486 5973 56207682 4408250399 3469407 0 343637 0 0 0
1791305124 2602, 13801, 49, 0x0000000000000000 | 14.59 9.16 8.00 | cpu  115576785 5973 56208103 4408263408 3469416 0 343638 0 0 0
1791305125 2760, 13801, 50, 0x0000000000000000 | 13.82 9.09 7.98 | cpu  115577088 5973 56208516 4408276445 3469423 0 343638 0 0 0
1791305126 2722, 13801, 50, 0x0000000000000000 | 13.82 9.09 7.98 | cpu  115577421 5973 56208934 4408289374 3469442 0 343638 0 0 0
1791305127 2655, 13801, 50, 0x0000000000000000 | 13.82 9.09 7.98 | cpu  115577764 5973 56209361 4408302311 3469451 0 343639 0 0 0
1791305128 2715, 13801, 50, 0x0000000000000000 | 13.82 9.09 7.98 | cpu  115578107 5973 56209777 4408315266 3469456 0 343639 0 0 0
1791305129 2707, 13801, 50, 0x0000000000000000 | 13.82 9.09 7.98 | cpu  115578383 5973 56210190 4408328308 3469466 0 343641 0 0 0
1791305130 2910, 13801, 50, 0x0000000000000000 | 13.12 9.02 7.97 | cpu  115578731 5973 56210600 4408341291 3469473 0 343642 0 0 0
1791305131 2910, 13801, 50, 0x0000000000000000 | 13.12 9.02 7.97 | cpu  115579097 5973 56211026 4408354175 3469496 0 343642 0 0 0
1791305132 2557, 13801, 50, 0x0000000000000000 | 13.12 9.02 7.97 | cpu  115579338 5973 56211488 4408367221 3469509 0 343642 0 0 0
1791305133 2565, 13801, 50, 0x0000000000000000 | 13.12 9.02 7.97 | cpu  115579473 5973 56211943 4408380296 3469514 0 343643 0 0 0
1791305134 2962, 13801, 50, 0x0000000000000000 | 12.79 9.02 7.97 | cpu  115579553 5973 56212429 4408393393 3469527 0 343643 0 0 0
1791305135 2767, 13801, 50, 0x0000000000000000 | 12.79 9.02 7.97 | cpu  115579662 5973 56212910 4408406575 3469537 0 343644 0 0 0
1791305136 2565, 13801, 49, 0x0000000000000000 | 12.79 9.02 7.97 | cpu  115579816 5973 56213373 4408419646 3469551 0 343644 0 0 0
1791305137 2565, 13801, 49, 0x0000000000000000 | 12.79 9.02 7.97 | cpu  115579963 5973 56213781 4408432803 3469560 0 343644 0 0 0
1791305139 2565, 13801, 49, 0x0000000000000000 | 12.79 9.02 7.97 | cpu  115580112 5973 56214195 4408445900 3469569 0 343644 0 0 0
1791305140 2565, 13801, 49, 0x0000000000000000 | 12.16 8.96 7.96 | cpu  115580251 5973 56214613 4408459036 3469575 0 343645 0 0 0
1791305141 2565, 13801, 48, 0x0000000000000000 | 12.16 8.96 7.96 | cpu  115580409 5973 56215011 4408472156 3469592 0 343646 0 0 0
1791305142 2655, 13801, 48, 0x0000000000000000 | 12.16 8.96 7.96 | cpu  115580578 5973 56215401 4408485293 3469605 0 343646 0 0 0
1791305143 2542, 13801, 48, 0x0000000000000000 | 12.16 8.96 7.96 | cpu  115580751 5973 56215781 4408498426 3469610 0 343646 0 0 0
1791305144 2542, 13801, 48, 0x0000000000000000 | 12.16 8.96 7.96 | cpu  115584049 5973 56216183 4408508723 3469616 0 343647 0 0 0
1791305145 2542, 13801, 48, 0x0000000000000000 | 11.59 8.89 7.94 | cpu  115587540 5973 56216564 4408518778 3469621 0 343648 0 0 0
1791305146 2542, 13801, 48, 0x0000000000000000 | 11.59 8.89 7.94 | cpu  115590931 5973 56216951 4408529023 3469633 0 343648 0 0 0
1791305147 2542, 13801, 48, 0x0000000000000000 | 11.59 8.89 7.94 | cpu  115591052 5973 56217386 4408542205 3469642 0 343649 0 0 0
1791305148 2542, 13801, 47, 0x0000000000000000 | 11.59 8.89 7.94 | cpu  115591179 5973 56217816 4408555370 3469645 0 343649 0 0 0
1791305149 2542, 13801, 47, 0x0000000000000000 | 11.06 8.82 7.92 | cpu  115591324 5973 56218251 4408568445 3469653 0 343650 0 0 0
1791305150 2542, 13801, 48, 0x0000000000000000 | 11.06 8.82 7.92 | cpu  115591451 5973 56218693 4408581575 3469667 0 343651 0 0 0
1791305151 2542, 13801, 48, 0x0000000000000000 | 11.06 8.82 7.92 | cpu  115591604 5973 56219135 4408594734 3469673 0 343652 0 0 0
1791305153 2542, 13801, 48, 0x0000000000000000 | 11.06 8.82 7.92 | cpu  115591734 5973 56219614 4408607831 3469681 0 343653 0 0 0
1791305154 2542, 13801, 48, 0x0000000000000000 | 11.06 8.82 7.92 | cpu  115591864 5973 56220039 4408620938 3469689 0 343653 0 0 0
1791305155 2542, 13801, 48, 0x0000000000000000 | 10.58 8.76 7.91 | cpu  115591991 5973 56220486 4408634078 3469698 0 343654 0 0 0
1791305156 2542, 13801, 48, 0x0000000000000000 | 10.58 8.76 7.91 | cpu  115592122 5973 56220934 4408647178 3469717 0 343654 0 0 0
1791305157 2542, 13801, 48, 0x0000000000000000 | 10.58 8.76 7.91 | cpu  115592245 5973 56221369 4408660308 3469725 0 343655 0 0 0
1791305158 2542, 13801, 48, 0x0000000000000000 | 10.58 8.76 7.91 | cpu  115592367 5973 56221805 4408673481 3469731 0 343655 0 0 0
1791305159 2542, 13801, 48, 0x0000000000000000 | 10.58 8.76 7.91 | cpu  115592490 5973 56222237 4408686658 3469739 0 343656 0 0 0
1791305160 2542, 13801, 48, 0x0000000000000000 | 10.13 8.70 7.89 | cpu  115592612 5973 56222671 4408699827 3469749 0 343656 0 0 0
1791305161 2542, 13801, 48, 0x0000000000000000 | 10.13 8.70 7.89 | cpu  115592749 5973 56223146 4408712899 3469759 0 343656 0 0 0
1791305162 2542, 13801, 48, 0x0000000000000000 | 10.13 8.70 7.89 | cpu  115592904 5973 56223510 4408726026 3469778 0 343657 0 0 0
1791305163 2542, 13801, 48, 0x0000000000000000 | 10.13 8.70 7.89 | cpu  115593032 5973 56223883 4408739234 3469783 0 343658 0 0 0
1791305164 2542, 13801, 48, 0x0000000000000000 | 9.72 8.64 7.88 | cpu  115593218 5973 56224261 4408752401 3469792 0 343658 0 0 0
1791305165 2542, 13801, 48, 0x0000000000000000 | 9.72 8.64 7.88 | cpu  115593348 5973 56224703 4408765550 3469819 0 343658 0 0 0
1791305166 2542, 13801, 48, 0x0000000000000000 | 9.72 8.64 7.88 | cpu  115593479 5973 56225139 4408778714 3469824 0 343659 0 0 0
1791305168 2542, 13801, 48, 0x0000000000000000 | 9.72 8.64 7.88 | cpu  115593599 5973 56225574 4408791883 3469830 0 343659 0 0 0
1791305169 2542, 13801, 48, 0x0000000000000000 | 9.72 8.64 7.88 | cpu  115593719 5973 56226009 4408805003 3469839 0 343659 0 0 0
1791305170 2542, 13801, 48, 0x0000000000000000 | 9.34 8.58 7.86 | cpu  115593845 5973 56226438 4408818148 3469841 0 343660 0 0 0
1791305171 2542, 13801, 48, 0x0000000000000000 | 9.34 8.58 7.86 | cpu  115593973 5973 56226867 4408831267 3469865 0 343660 0 0 0
1791305172 2542, 13801, 48, 0x0000000000000000 | 9.34 8.58 7.86 | cpu  115594105 5973 56227305 4408844430 3469870 0 343661 0 0 0
1791305173 2542, 13801, 48, 0x0000000000000000 | 9.34 8.58 7.86 | cpu  115594244 5973 56227723 4408857568 3469876 0 343662 0 0 0
1791305174 2542, 13801, 48, 0x0000000000000000 | 9.34 8.58 7.86 | cpu  115594368 5973 56228156 4408870731 3469885 0 343662 0 0 0
1791305175 2542, 13801, 48, 0x0000000000000000 | 8.99 8.52 7.85 | cpu  115594510 5973 56228570 4408883882 3469892 0 343663 0 0 0
1791305176 2542, 13801, 48, 0x0000000000000000 | 8.99 8.52 7.85 | cpu  115594650 5973 56228986 4408897037 3469916 0 343664 0 0 0
1791305177 2542, 13801, 49, 0x0000000000000000 | 8.99 8.52 7.85 | cpu  115594802 5973 56229403 4408910176 3469925 0 343664 0 0 0
1791305178 2542, 13801, 49, 0x0000000000000000 | 8.99 8.52 7.85 | cpu  115594925 5973 56229844 4408923313 3469931 0 343665 0 0 0
1791305179 2542, 13801, 49, 0x0000000000000000 | 8.75 8.47 7.83 | cpu  115595052 5973 56230324 4408936445 3469936 0 343665 0 0 0
1791305180 2542, 13801, 49, 0x0000000000000000 | 8.75 8.47 7.83 | cpu  115595185 5973 56230824 4408949508 3469951 0 343665 0 0 0
1791305181 2542, 13801, 49, 0x0000000000000000 | 8.75 8.47 7.83 | cpu  115595325 5973 56231268 4408962603 3469961 0 343665 0 0 0
1791305183 2542, 13801, 49, 0x0000000000000000 | 8.75 8.47 7.83 | cpu  115595457 5973 56231705 4408975750 3469967 0 343665 0 0 0
1791305184 2542, 13801, 49, 0x0000000000000000 | 8.75 8.47 7.83 | cpu  115595605 5973 56232145 4408988908 3469972 0 343666 0 0 0
1791305185 2542, 13801, 49, 0x0000000000000000 | 8.45 8.42 7.82 | cpu  115595735 5973 56232572 4409002043 3469978 0 343666 0 0 0
1791305186 2542, 13801, 49, 0x0000000000000000 | 8.45 8.42 7.82 | cpu  115595862 5973 56233012 4409015177 3469997 0 343667 0 0 0
1791305187 2542, 13801, 49, 0x0000000000000000 | 8.45 8.42 7.82 | cpu  115595988 5973 56233443 4409028300 3470013 0 343667 0 0 0
1791305188 2542, 13801, 49, 0x0000000000000000 | 8.45 8.42 7.82 | cpu  115596104 5973 56233882 4409041447 3470018 0 343668 0 0 0
1791305189 2542, 13801, 49, 0x0000000000000000 | 8.45 8.42 7.82 | cpu  115596228 5973 56234315 4409054609 3470028 0 343669 0 0 0
1791305190 2542, 13801, 49, 0x0000000000000000 | 8.66 8.46 7.84 | cpu  115596354 5973 56234747 4409067783 3470038 0 343669 0 0 0
1791305191 2542, 13801, 49, 0x0000000000000000 | 8.66 8.46 7.84 | cpu  115596495 5973 56235202 4409080895 3470048 0 343669 0 0 0
1791305192 2542, 13801, 49, 0x0000000000000000 | 8.66 8.46 7.84 | cpu  115596623 5973 56235652 4409094037 3470065 0 343670 0 0 0
1791305193 2542, 13801, 49, 0x0000000000000000 | 8.66 8.46 7.84 | cpu  115596766 5973 56236070 4409107198 3470076 0 343670 0 0 0
1791305194 2542, 13801, 49, 0x0000000000000000 | 8.36 8.40 7.82 | cpu  115596932 5973 56236459 4409120366 3470085 0 343670 0 0 0
1791305195 2542, 13801, 49, 0x0000000000000000 | 8.36 8.40 7.82 | cpu  115597122 5973 56236832 4409133490 3470103 0 343671 0 0 0
1791305196 2542, 13801, 49, 0x0000000000000000 | 8.36 8.40 7.82 | cpu  115597313 5973 56237196 4409146606 3470110 0 343671 0 0 0
1791305198 2542, 13801, 49, 0x0000000000000000 | 8.36 8.40 7.82 | cpu  115597496 5973 56237601 4409159741 3470120 0 343672 0 0 0
1791305199 2542, 13801, 49, 0x0000000000000000 | 8.36 8.40 7.82 | cpu  115597622 5973 56238043 4409172873 3470129 0 343672 0 0 0
1791305200 2542, 13801, 49, 0x0000000000000000 | 8.09 8.35 7.81 | cpu  115597760 5973 56238482 4409186007 3470141 0 343673 0 0 0
1791305201 2542, 13801, 49, 0x0000000000000000 | 8.09 8.35 7.81 | cpu  115597926 5973 56238911 4409199113 3470165 0 343674 0 0 0
1791305202 2542, 13801, 49, 0x0000000000000000 | 8.09 8.35 7.81 | cpu  115598134 5973 56239265 4409212277 3470171 0 343674 0 0 0
1791305203 2542, 13801, 49, 0x0000000000000000 | 8.09 8.35 7.81 | cpu  115598347 5973 56239609 4409225423 3470179 0 343674 0 0 0
1791305204 2542, 13801, 49, 0x0000000000000000 | 8.09 8.35 7.81 | cpu  115598558 5973 56239954 4409238548 3470185 0 343674 0 0 0
1791305205 2542, 13801, 49, 0x0000000000000000 | 7.85 8.29 7.79 | cpu  115598769 5973 56240303 4409251685 3470198 0 343675 0 0 0
1791305206 2542, 13801, 49, 0x0000000000000000 | 7.85 8.29 7.79 | cpu  115599008 5973 56240632 4409264835 3470204 0 343675 0 0 0
1791305207 2542, 13801, 49, 0x0000000000000000 | 7.85 8.29 7.79 | cpu  115599443 5973 56241973 4409276725 3470212 0 343675 0 0 0
1791305208 2542, 13801, 49, 0x0000000000000000 | 7.85 8.29 7.79 | cpu  115600264 5973 56242871 4409288680 3470213 0 343675 0 0 0
1791305209 2542, 13801, 50, 0x0000000000000000 | 7.86 8.28 7.79 | cpu  115600496 5973 56243194 4409301922 3470220 0 343676 0 0 0
1791305210 2932, 13801, 59, 0x0000000000000000 | 7.86 8.28 7.79 | cpu  115600715 5973 56243730 4409315589 3470228 0 343676 0 0 0
1791305212 2932, 13801, 63, 0x0000000000000000 | 7.86 8.28 7.79 | cpu  115600952 5973 56244052 4409328986 3470236 0 343676 0 0 0
1791305213 2932, 13801, 60, 0x0000000000000000 | 7.86 8.28 7.79 | cpu  115601364 5973 56244470 4409341927 3470243 0 343677 0 0 0
1791305214 2932, 13801, 61, 0x0000000000000000 | 7.86 8.28 7.79 | cpu  115601918 5973 56244898 4409354835 3470249 0 343677 0 0 0
1791305215 2932, 13801, 62, 0x0000000000000000 | 7.55 8.21 7.77 | cpu  115603481 5973 56245486 4409367113 3470256 0 343678 0 0 0
1791305216 2932, 13801, 61, 0x0000000000000000 | 7.55 8.21 7.77 | cpu  115604519 5973 56245861 4409381086 3470266 0 343680 0 0 0
1791305217 2932, 13801, 58, 0x0000000000000000 | 7.55 8.21 7.77 | cpu  115607415 5973 56246185 4409393833 3470270 0 343680 0 0 0
1791305218 2917, 13801, 61, 0x0000000000000000 | 7.55 8.21 7.77 | cpu  115607928 5973 56246440 4409406864 3470273 0 343681 0 0 0
1791305220 2925, 13801, 59, 0x0000000000000000 | 7.34 8.16 7.76 | cpu  115608398 5973 56247342 4409419969 3470277 0 343681 0 0 0
1791305221 2910, 13801, 62, 0x0000000000000000 | 7.34 8.16 7.76 | cpu  115608614 5973 56247768 4409433089 3470294 0 343682 0 0 0
1791305222 2925, 13801, 63, 0x0000000000000000 | 7.34 8.16 7.76 | cpu  115608800 5973 56248094 4409446316 3470306 0 343682 0 0 0
1791305223 2925, 13801, 63, 0x0000000000000000 | 7.34 8.16 7.76 | cpu  115608971 5973 56248381 4409459630 3470312 0 343683 0 0 0
1791305224 2932, 13801, 61, 0x0000000000000000 | 7.34 8.16 7.76 | cpu  115609310 5973 56248710 4409472908 3470316 0 343683 0 0 0
1791305225 2917, 13801, 63, 0x0000000000000000 | 7.16 8.11 7.74 | cpu  115609809 5973 56249070 4409485900 3470318 0 343683 0 0 0
1791305226 2932, 13801, 61, 0x0000000000000000 | 7.16 8.11 7.74 | cpu  115611884 5973 56249416 4409497268 3470328 0 343683 0 0 0
1791305227 2925, 13801, 63, 0x0000000000000000 | 7.16 8.11 7.74 | cpu  115612082 5973 56249678 4409510561 3470329 0 343684 0 0 0
1791305228 2917, 13801, 62, 0x0000000000000000 | 7.16 8.11 7.74 | cpu  115612497 5973 56249992 4409523656 3470331 0 343684 0 0 0
1791305229 2917, 13801, 59, 0x0000000000000000 | 6.90 8.04 7.72 | cpu  115612871 5973 56250356 4409536787 3470337 0 343684 0 0 0
1791305230 2917, 13801, 62, 0x0000000000000000 | 6.90 8.04 7.72 | cpu  115613013 5973 56250676 4409550107 3470342 0 343684 0 0 0
1791305231 2932, 13801, 62, 0x0000000000000000 | 6.90 8.04 7.72 | cpu  115613577 5973 56251500 4409562869 3470363 0 343685 0 0 0
1791305233 2925, 13801, 62, 0x0000000000000000 | 6.90 8.04 7.72 | cpu  115614943 5973 56253861 4409573108 3470369 0 343689 0 0 0
1791305234 2932, 13801, 57, 0x0000000000000000 | 6.90 8.04 7.72 | cpu  115616308 5973 56255350 4409584178 3470373 0 343692 0 0 0
1791305235 2917, 13801, 62, 0x0000000000000000 | 6.67 7.97 7.70 | cpu  115616487 5973 56255663 4409597423 3470379 0 343692 0 0 0
1791305236 2925, 13801, 62, 0x0000000000000000 | 6.67 7.97 7.70 | cpu  115616789 5973 56256088 4409610397 3470396 0 343693 0 0 0
1791305237 2910, 13801, 59, 0x0000000000000000 | 6.67 7.97 7.70 | cpu  115616943 5973 56256436 4409623643 3470400 0 343694 0 0 0
1791305238 2925, 13801, 61, 0x0000000000000000 | 6.67 7.97 7.70 | cpu  115617198 5973 56256862 4409636709 3470404 0 343694 0 0 0
1791305239 2932, 13801, 63, 0x0000000000000000 | 6.67 7.97 7.70 | cpu  115617341 5973 56257174 4409649988 3470405 0 343694 0 0 0
1791305240 2910, 13801, 63, 0x0000000000000000 | 6.46 7.90 7.68 | cpu  115617513 5973 56257469 4409663287 3470409 0 343695 0 0 0
1791305241 2910, 13801, 62, 0x0000000000000000 | 6.46 7.90 7.68 | cpu  115617674 5973 56257781 4409676588 3470429 0 343696 0 0 0
1791305242 2925, 13801, 62, 0x0000000000000000 | 6.46 7.90 7.68 | cpu  115617819 5973 56258164 4409689818 3470436 0 343697 0 0 0
1791305243 2932, 13801, 60, 0x0000000000000000 | 6.46 7.90 7.68 | cpu  115618044 5973 56258531 4409703225 3470447 0 343698 0 0 0
1791305244 2910, 13801, 63, 0x0000000000000000 | 6.26 7.84 7.66 | cpu  115618180 5973 56258854 4409716498 3470457 0 343700 0 0 0
1791305246 2940, 13801, 61, 0x0000000000000000 | 6.26 7.84 7.66 | cpu  115618333 5973 56259168 4409729798 3470468 0 343700 0 0 0
1791305247 2917, 13801, 60, 0x0000000000000000 | 6.26 7.84 7.66 | cpu  115618472 5973 56259495 4409743124 3470475 0 343701 0 0 0
1791305248 2917, 13801, 62, 0x0000000000000000 | 6.26 7.84 7.66 | cpu  115618624 5973 56259805 4409756387 3470483 0 343702 0 0 0
1791305249 2932, 13801, 60, 0x0000000000000000 | 6.26 7.84 7.66 | cpu  115618776 5973 56260121 4409769833 3470492 0 343703 0 0 0
1791305250 2925, 13801, 62, 0x0000000000000000 | 6.08 7.78 7.64 | cpu  115618913 5973 56260447 4409783161 3470498 0 343704 0 0 0
1791305251 2925, 13801, 62, 0x0000000000000000 | 6.08 7.78 7.64 | cpu  115619060 5973 56260785 4409796460 3470509 0 343705 0 0 0
1791305252 2917, 13801, 62, 0x0000000000000000 | 6.08 7.78 7.64 | cpu  115619230 5973 56261127 4409809650 3470523 0 343706 0 0 0
1791305253 2925, 13801, 63, 0x0000000000000004 | 6.08 7.78 7.64 | cpu  115619373 5973 56261453 4409823021 3470532 0 343707 0 0 0
1791305254 2910, 13801, 64, 0x0000000000000000 | 6.08 7.78 7.64 | cpu  115619508 5973 56261776 4409836351 3470541 0 343708 0 0 0
1791305255 2940, 13801, 60, 0x0000000000000000 | 5.99 7.73 7.63 | cpu  115619654 5973 56262094 4409849691 3470547 0 343708 0 0 0
1791305256 2917, 13801, 62, 0x0000000000000004 | 5.99 7.73 7.63 | cpu  115619802 5973 56262409 4409863018 3470561 0 343709 0 0 0
1791305257 2910, 13801, 62, 0x0000000000000000 | 5.99 7.73 7.63 | cpu  115619943 5973 56262733 4409876337 3470575 0 343709 0 0 0
1791305258 2910, 13801, 63, 0x0000000000000000 | 5.99 7.73 7.63 | cpu  115620082 5973 56263059 4409889658 3470581 0 343710 0 0 0
1791305260 2917, 13801, 63, 0x0000000000000000 | 5.83 7.67 7.61 | cpu  115620222 5973 56263382 4409902958 3470587 0 343710 0 0 0
1791305261 2910, 13801, 64, 0x0000000000000000 | 5.83 7.67 7.61 | cpu  115620377 5973 56263696 4409916241 3470595 0 343711 0 0 0
1791305262 2910, 13801, 62, 0x0000000000000000 | 5.83 7.67 7.61 | cpu  115620517 5973 56264024 4409929528 3470605 0 343711 0 0 0
1791305263 2925, 13801, 63, 0x0000000000000000 | 5.83 7.67 7.61 | cpu  115620656 5973 56264355 4409942828 3470623 0 343712 0 0 0
1791305264 2910, 13801, 62, 0x0000000000000000 | 5.83 7.67 7.61 | cpu  115620792 5973 56264682 4409956115 3470631 0 343712 0 0 0
1791305265 2932, 13801, 62, 0x0000000000000000 | 5.77 7.62 7.59 | cpu  115620960 5973 56264989 4409969446 3470644 0 343712 0 0 0
1791305266 2910, 13801, 65, 0x0000000000000004 | 5.77 7.62 7.59 | cpu  115621100 5973 56265312 4409982786 3470651 0 343713 0 0 0
1791305267 2910, 13801, 63, 0x0000000000000000 | 5.77 7.62 7.59 | cpu  115621249 5973 56265630 4409996220 3470652 0 343713 0 0 0
1791305268 2910, 13801, 63, 0x0000000000000000 | 5.77 7.62 7.59 | cpu  115621380 5973 56265966 4410009551 3470662 0 343713 0 0 0
1791305269 2910, 13801, 62, 0x0000000000000000 | 5.54 7.55 7.57 | cpu  115621544 5973 56266237 4410023025 3470676 0 343714 0 0 0
1791305270 2910, 13801, 65, 0x0000000000000004 | 5.54 7.55 7.57 | cpu  115621660 5973 56266535 4410036371 3470682 0 343716 0 0 0
1791305271 2902, 13801, 63, 0x0000000000000000 | 5.54 7.55 7.57 | cpu  115621877 5973 56266892 4410049571 3470704 0 343716 0 0 0
1791305272 2910, 13801, 65, 0x0000000000000004 | 5.54 7.55 7.57 | cpu  115622032 5973 56267301 4410062771 3470709 0 343717 0 0 0
1791305274 2917, 13801, 63, 0x0000000000000000 | 5.54 7.55 7.57 | cpu  115622191 5973 56267714 4410075952 3470724 0 343717 0 0 0
1791305275 2917, 13801, 64, 0x0000000000000000 | 5.50 7.50 7.55 | cpu  115622343 5973 56268139 4410089150 3470734 0 343718 0 0 0
1791305276 2910, 13801, 63, 0x0000000000000000 | 5.50 7.50 7.55 | cpu  115622492 5973 56268556 4410102328 3470749 0 343718 0 0 0
1791305277 2910, 13801, 65, 0x0000000000000004 | 5.50 7.50 7.55 | cpu  115622635 5973 56268989 4410115542 3470754 0 343719 0 0 0
1791305278 2910, 13801, 66, 0x0000000000000004 | 5.50 7.50 7.55 | cpu  115622792 5973 56269410 4410128761 3470764 0 343719 0 0 0
1791305279 2925, 13801, 64, 0x0000000000000000 | 5.50 7.50 7.55 | cpu  115622990 5973 56269856 4410141996 3470768 0 343720 0 0 0
1791305280 2910, 13801, 65, 0x0000000000000004 | 5.54 7.48 7.54 | cpu  115623193 5973 56270244 4410155192 3470782 0 343721 0 0 0
1791305281 2902, 13801, 63, 0x0000000000000000 | 5.54 7.48 7.54 | cpu  115623416 5973 56270683 4410168294 3470808 0 343721 0 0 0
1791305282 2910, 13801, 63, 0x0000000000000000 | 5.54 7.48 7.54 | cpu  115623602 5973 56271172 4410181350 3470829 0 343722 0 0 0
1791305283 2917, 13801, 62, 0x0000000000000000 | 5.54 7.48 7.54 | cpu  115623770 5973 56271691 4410194496 3470840 0 343723 0 0 0
1791305284 2917, 13801, 63, 0x0000000000000000 | 5.58 7.45 7.54 | cpu  115623942 5973 56272210 4410207625 3470851 0 343724 0 0 0
1791305285 2932, 13801, 62, 0x0000000000000000 | 5.58 7.45 7.54 | cpu  115624242 5973 56272605 4410221046 3470867 0 343724 0 0 0
1791305287 2910, 13801, 65, 0x0000000000000004 | 5.58 7.45 7.54 | cpu  115625327 5973 56273025 4410233342 3470883 0 343725 0 0 0
1791305288 2910, 13801, 61, 0x0000000000000000 | 5.58 7.45 7.54 | cpu  115625480 5973 56273656 4410246163 3470901 0 343725 0 0 0
1791305289 2925, 13801, 64, 0x0000000000000000 | 5.58 7.45 7.54 | cpu  115626453 5973 56274188 4410258269 3470912 0 343725 0 0 0
1791305290 2910, 13801, 64, 0x0000000000000000 | 5.53 7.41 7.52 | cpu  115626593 5973 56274549 4410271599 3470919 0 343726 0 0 0
1791305291 2910, 13801, 63, 0x0000000000000000 | 5.53 7.41 7.52 | cpu  115626715 5973 56274898 4410285071 3470931 0 343727 0 0 0
1791305292 2917, 13801, 63, 0x0000000000000000 | 5.53 7.41 7.52 | cpu  115626832 5973 56275243 4410298363 3470937 0 343728 0 0 0
1791305293 2917, 13801, 65, 0x0000000000000004 | 5.53 7.41 7.52 | cpu  115626958 5973 56275593 4410311625 3470941 0 343728 0 0 0
1791305294 2910, 13801, 64, 0x0000000000000000 | 5.53 7.41 7.52 | cpu  115627075 5973 56275941 4410324937 3470950 0 343729 0 0 0
1791305295 2940, 13801, 62, 0x0000000000000000 | 5.41 7.35 7.50 | cpu  115627217 5973 56276278 4410338474 3470960 0 343730 0 0 0
1791305296 2925, 13801, 63, 0x0000000000000000 | 5.41 7.35 7.50 | cpu  115627335 5973 56276624 4410351768 3470975 0 343730 0 0 0
1791305297 2910, 13801, 61, 0x0000000000000000 | 5.41 7.35 7.50 | cpu  115627459 5973 56276975 4410365075 3470979 0 343731 0 0 0
1791305298 2917, 13801, 64, 0x0000000000000000 | 5.41 7.35 7.50 | cpu  115627574 5973 56277323 4410378401 3470989 0 343733 0 0 0
1791305300 2910, 13801, 62, 0x0000000000000000 | 5.29 7.30 7.48 | cpu  115627693 5973 56277666 4410391748 3470994 0 343734 0 0 0
1791305301 2910, 13801, 64, 0x0000000000000000 | 5.29 7.30 7.48 | cpu  115627809 5973 56278015 4410405021 3471017 0 343734 0 0 0
1791305302 2917, 13801, 64, 0x0000000000000000 | 5.29 7.30 7.48 | cpu  115627929 5973 56278358 4410418377 3471023 0 343735 0 0 0
1791305303 2932, 13801, 63, 0x0000000000000000 | 5.29 7.30 7.48 | cpu  115628044 5973 56278712 4410431704 3471024 0 343735 0 0 0
1791305304 2910, 13801, 64, 0x0000000000000000 | 5.29 7.30 7.48 | cpu  115628172 5973 56279059 4410444963 3471034 0 343736 0 0 0
1791305305 2902, 13801, 65, 0x0000000000000004 | 5.27 7.26 7.47 | cpu  115628296 5973 56279464 4410458200 3471039 0 343737 0 0 0
1791305306 2910, 13801, 63, 0x0000000000000000 | 5.27 7.26 7.47 | cpu  115628414 5973 56279866 4410471403 3471055 0 343738 0 0 0
1791305307 2910, 13801, 61, 0x0000000000000000 | 5.27 7.26 7.47 | cpu  115628539 5973 56280203 4410484672 3471065 0 343739 0 0 0
1791305308 2910, 13801, 63, 0x0000000000000000 | 5.27 7.26 7.47 | cpu  115628661 5973 56280565 4410497972 3471070 0 343739 0 0 0
1791305309 2910, 13801, 64, 0x0000000000000000 | 5.17 7.21 7.45 | cpu  115628786 5973 56280911 4410511357 3471076 0 343740 0 0 0
1791305310 2917, 13801, 64, 0x0000000000000004 | 5.17 7.21 7.45 | cpu  115628913 5973 56281292 4410524631 3471081 0 343741 0 0 0
1791305311 2910, 13801, 63, 0x0000000000000000 | 5.17 7.21 7.45 | cpu  115629063 5973 56281674 4410537814 3471103 0 343741 0 0 0
1791305312 2910, 13801, 64, 0x0000000000000004 | 5.17 7.21 7.45 | cpu  115629179 5973 56282023 4410551173 3471113 0 343742 0 0 0
1791305314 2910, 13801, 62, 0x0000000000000000 | 5.17 7.21 7.45 | cpu  115629297 5973 56282369 4410564495 3471117 0 343743 0 0 0
1791305315 2925, 13801, 66, 0x0000000000000004 | 5.08 7.15 7.43 | cpu  115629415 5973 56282714 4410577815 3471122 0 343743 0 0 0
1791305316 2910, 13801, 63, 0x0000000000000000 | 5.08 7.15 7.43 | cpu  115629547 5973 56283045 4410591103 3471128 0 343745 0 0 0
1791305317 2932, 13801, 62, 0x0000000000000000 | 5.08 7.15 7.43 | cpu  115629666 5973 56283385 4410604374 3471142 0 343745 0 0 0
1791305318 2910, 13801, 63, 0x0000000000000000 | 5.08 7.15 7.43 | cpu  115629783 5973 56283734 4410617666 3471148 0 343746 0 0 0
1791305319 2902, 13801, 63, 0x0000000000000000 | 5.08 7.15 7.43 | cpu  115629902 5973 56284080 4410631023 3471155 0 343747 0 0 0
1791305320 2910, 13801, 63, 0x0000000000000000 | 4.99 7.10 7.41 | cpu  115630053 5973 56284430 4410644259 3471164 0 343748 0 0 0
1791305321 2917, 13801, 60, 0x0000000000000000 | 4.99 7.10 7.41 | cpu  115630169 5973 56284778 4410657577 3471179 0 343749 0 0 0
1791305322 2910, 13801, 63, 0x0000000000000000 | 4.99 7.10 7.41 | cpu  115630278 5973 56285137 4410670954 3471185 0 343750 0 0 0
1791305323 2902, 13801, 65, 0x0000000000000004 | 4.99 7.10 7.41 | cpu  115630402 5973 56285422 4410684322 3471199 0 343751 0 0 0
1791305324 2910, 13801, 63, 0x0000000000000000 | 4.91 7.05 7.40 | cpu  115630574 5973 56285707 4410697653 3471206 0 343752 0 0 0
1791305325 2910, 13801, 62, 0x0000000000000000 | 4.91 7.05 7.40 | cpu  115630734 5973 56286023 4410710978 3471223 0 343753 0 0 0
1791305326 2910, 13801, 63, 0x0000000000000000 | 4.91 7.05 7.40 | cpu  115630851 5973 56286367 4410724262 3471233 0 343753 0 0 0
1791305328 2917, 13801, 63, 0x0000000000000004 | 4.91 7.05 7.40 | cpu  115630978 5973 56286698 4410737590 3471243 0 343754 0 0 0
1791305329 2910, 13801, 64, 0x0000000000000000 | 4.91 7.05 7.40 | cpu  115631094 5973 56287046 4410750902 3471252 0 343755 0 0 0
1791305330 2910, 13801, 62, 0x0000000000000000 | 4.92 7.01 7.38 | cpu  115631213 5973 56287391 4410764217 3471262 0 343755 0 0 0
1791305331 2910, 13801, 63, 0x0000000000000000 | 4.92 7.01 7.38 | cpu  115631339 5973 56287737 4410777532 3471281 0 343756 0 0 0
1791305332 2910, 13801, 62, 0x0000000000000000 | 4.92 7.01 7.38 | cpu  115631459 5973 56288077 4410790866 3471290 0 343756 0 0 0
1791305333 2910, 13801, 64, 0x0000000000000000 | 4.92 7.01 7.38 | cpu  115631582 5973 56288417 4410804180 3471292 0 343757 0 0 0
1791305334 2910, 13801, 62, 0x0000000000000000 | 4.92 7.01 7.38 | cpu  115631711 5973 56288753 4410817481 3471302 0 343757 0 0 0
1791305335 2910, 13801, 64, 0x0000000000000000 | 4.84 6.96 7.36 | cpu  115631824 5973 56289098 4410830774 3471312 0 343757 0 0 0
1791305336 2910, 13801, 62, 0x0000000000000000 | 4.84 6.96 7.36 | cpu  115631956 5973 56289433 4410843977 3471327 0 343758 0 0 0
1791305337 2917, 13801, 59, 0x0000000000000000 | 4.84 6.96 7.36 | cpu  115632082 5973 56289770 4410857272 3471332 0 343759 0 0 0
1791305338 2910, 13801, 63, 0x0000000000000000 | 4.84 6.96 7.36 | cpu  115632203 5973 56290112 4410870586 3471338 0 343759 0 0 0
1791305339 2917, 13801, 64, 0x0000000000000004 | 5.02 6.96 7.36 | cpu  115632318 5973 56290453 4410883875 3471343 0 343759 0 0 0
1791305340 2910, 13801, 65, 0x0000000000000004 | 5.02 6.96 7.36 | cpu  115632617 5973 56290817 4410896954 3471349 0 343760 0 0 0
1791305342 2902, 13801, 64, 0x0000000000000000 | 5.02 6.96 7.36 | cpu  115632772 5973 56291242 4410910152 3471377 0 343760 0 0 0
1791305343 2917, 13801, 64, 0x0000000000000000 | 5.02 6.96 7.36 | cpu  115632987 5973 56291675 4410923228 3471377 0 343760 0 0 0
1791305344 2917, 13801, 63, 0x0000000000000000 | 5.02 6.96 7.36 | cpu  115633471 5973 56292097 4410936119 3471382 0 343761 0 0 0
1791305345 2917, 13801, 62, 0x0000000000000000 | 4.93 6.91 7.34 | cpu  115633702 5973 56292433 4410949386 3471384 0 343761 0 0 0
1791305346 2925, 13801, 63, 0x0000000000000000 | 4.93 6.91 7.34 | cpu  115634741 5973 56292875 4410961715 3471398 0 343762 0 0 0
1791305347 2910, 13801, 64, 0x0000000000000000 | 4.93 6.91 7.34 | cpu  115636021 5973 56293437 4410973677 3471411 0 343762 0 0 0
1791305348 2932, 13801, 61, 0x0000000000000000 | 4.93 6.91 7.34 | cpu  115637780 5973 56293701 4410985495 3471414 0 343763 0 0 0
1791305349 2940, 13801, 60, 0x0000000000000004 | 4.93 6.91 7.34 | cpu  115640103 5973 56294076 4410996582 3471416 0 343767 0 0 0
1791305350 2917, 13801, 63, 0x0000000000000000 | 5.02 6.90 7.34 | cpu  115640591 5973 56294450 4411009544 3471419 0 343768 0 0 0
1791305351 2925, 13801, 62, 0x0000000000000000 | 5.02 6.90 7.34 | cpu  115641134 5973 56295476 4411021767 3471430 0 343768 0 0 0
1791305352 2917, 13801, 63, 0x0000000000000000 | 5.02 6.90 7.34 | cpu  115641354 5973 56295839 4411034953 3471438 0 343769 0 0 0
1791305353 2925, 13801, 63, 0x0000000000000000 | 5.02 6.90 7.34 | cpu  115641559 5973 56296214 4411048266 3471445 0 343769 0 0 0
1791305354 2910, 13801, 63, 0x0000000000000000 | 5.02 6.87 7.32 | cpu  115641769 5973 56296582 4411061497 3471453 0 343770 0 0 0
1791305356 2917, 13801, 62, 0x0000000000000000 | 5.02 6.87 7.32 | cpu  115642397 5973 56297087 4411074183 3471468 0 343770 0 0 0
1791305357 2917, 13801, 63, 0x0000000000000000 | 5.02 6.87 7.32 | cpu  115642754 5973 56297374 4411087373 3471487 0 343770 0 0 0
1791305358 2917, 13801, 62, 0x0000000000000000 | 5.02 6.87 7.32 | cpu  115644897 5973 56297739 4411098572 3471493 0 343772 0 0 0
1791305359 2917, 13801, 62, 0x0000000000000000 | 5.02 6.87 7.32 | cpu  115645189 5973 56298019 4411111789 3471497 0 343772 0 0 0
1791305360 2910, 13801, 63, 0x0000000000000000 | 5.02 6.84 7.31 | cpu  115645617 5973 56298416 4411124826 3471501 0 343772 0 0 0
1791305361 2925, 13801, 63, 0x0000000000000000 | 5.02 6.84 7.31 | cpu  115646023 5973 56298859 4411137756 3471514 0 343773 0 0 0
1791305362 2910, 13801, 62, 0x0000000000000000 | 5.02 6.84 7.31 | cpu  115646188 5973 56299260 4411150962 3471518 0 343774 0 0 0
1791305363 2910, 13801, 59, 0x0000000000000000 | 5.02 6.84 7.31 | cpu  115646596 5973 56299866 4411164581 3471532 0 343774 0 0 0
1791305364 2925, 13801, 61, 0x0000000000000000 | 4.93 6.79 7.29 | cpu  115648082 5973 56302530 4411175368 3471534 0 343778 0 0 0
1791305365 2940, 13801, 60, 0x0000000000000000 | 4.93 6.79 7.29 | cpu  115649735 5973 56304196 4411186035 3471539 0 343783 0 0 0
1791305367 2917, 13801, 61, 0x0000000000000000 | 4.93 6.79 7.29 | cpu  115649965 5973 56304576 4411199145 3471553 0 343783 0 0 0
1791305368 2925, 13801, 61, 0x0000000000000000 | 4.93 6.79 7.29 | cpu  115650303 5973 56305162 4411211969 3471557 0 343783 0 0 0
1791305369 2925, 13801, 62, 0x0000000000000000 | 4.93 6.79 7.29 | cpu  115650448 5973 56305647 4411225130 3471561 0 343783 0 0 0
1791305370 2917, 13801, 61, 0x0000000000000000 | 5.10 6.79 7.29 | cpu  115650598 5973 56306063 4411238366 3471567 0 343784 0 0 0
1791305371 2910, 13801, 62, 0x0000000000000000 | 5.10 6.79 7.29 | cpu  115650743 5973 56306467 4411251625 3471586 0 343785 0 0 0
1791305372 2910, 13801, 61, 0x0000000000000000 | 5.10 6.79 7.29 | cpu  115650901 5973 56306814 4411264875 3471602 0 343785 0 0 0
1791305373 2925, 13801, 62, 0x0000000000000000 | 5.10 6.79 7.29 | cpu  115651056 5973 56307138 4411278196 3471608 0 343785 0 0 0
1791305374 2917, 13801, 62, 0x0000000000000000 | 5.10 6.79 7.29 | cpu  115651192 5973 56307461 4411291474 3471611 0 343786 0 0 0
1791305375 2910, 13801, 59, 0x0000000000000000 | 5.09 6.76 7.28 | cpu  115651343 5973 56307788 4411304727 3471618 0 343786 0 0 0
1791305376 2917, 13801, 63, 0x0000000000000000 | 5.09 6.76 7.28 | cpu  115651483 5973 56308122 4411318033 3471640 0 343786 0 0 0
1791305377 2925, 13801, 62, 0x0000000000000004 | 5.09 6.76 7.28 | cpu  115651620 5973 56308448 4411331457 3471648 0 343786 0 0 0
1791305378 2910, 13801, 61, 0x0000000000000000 | 5.09 6.76 7.28 | cpu  115651755 5973 56308774 4411344795 3471658 0 343786 0 0 0
1791305379 2917, 13801, 63, 0x0000000000000004 | 5.00 6.72 7.26 | cpu  115651902 5973 56309081 4411358077 3471670 0 343786 0 0 0
1791305381 2917, 13801, 63, 0x0000000000000000 | 5.00 6.72 7.26 | cpu  115652041 5973 56309402 4411371383 3471683 0 343786 0 0 0
1791305382 2932, 13801, 63, 0x0000000000000000 | 5.00 6.72 7.26 | cpu  115652172 5973 56309728 4411384648 3471696 0 343786 0 0 0
1791305383 2910, 13801, 62, 0x0000000000000000 | 5.00 6.72 7.26 | cpu  115652309 5973 56310054 4411397946 3471702 0 343787 0 0 0
1791305384 2917, 13801, 62, 0x0000000000000000 | 5.00 6.72 7.26 | cpu  115652446 5973 56310379 4411411237 3471710 0 343787 0 0 0
1791305385 2917, 13801, 63, 0x0000000000000004 | 4.92 6.67 7.24 | cpu  115652578 5973 56310709 4411424546 3471720 0 343787 0 0 0
1791305386 2925, 13801, 64, 0x0000000000000000 | 4.92 6.67 7.24 | cpu  115652720 5973 56311041 4411437888 3471734 0 343788 0 0 0
1791305387 2917, 13801, 62, 0x0000000000000000 | 4.92 6.67 7.24 | cpu  115652875 5973 56311377 4411451265 3471741 0 343788 0 0 0
1791305388 2910, 13801, 62, 0x0000000000000000 | 4.92 6.67 7.24 | cpu  115653026 5973 56311713 4411464529 3471748 0 343788 0 0 0
1791305389 2917, 13801, 64, 0x0000000000000000 | 5.01 6.66 7.24 | cpu  115653165 5973 56312041 4411477843 3471754 0 343788 0 0 0
1791305390 2910, 13801, 57, 0x0000000000000000 | 5.01 6.66 7.24 | cpu  115653320 5973 56312321 4411491182 3471767 0 343789 0 0 0
1791305391 2910, 13801, 62, 0x0000000000000000 | 5.01 6.66 7.24 | cpu  115653414 5973 56312576 4411504586 3471780 0 343790 0 0 0
1791305392 2917, 13801, 62, 0x0000000000000000 | 5.01 6.66 7.24 | cpu  115653605 5973 56312842 4411517917 3471790 0 343792 0 0 0
1791305393 2925, 13801, 65, 0x0000000000000000 | 5.01 6.66 7.24 | cpu  115653790 5973 56313122 4411531217 3471800 0 343792 0 0 0
1791305395 2910, 13801, 62, 0x0000000000000000 | 4.93 6.62 7.22 | cpu  115653929 5973 56313445 4411544512 3471809 0 343793 0 0 0
1791305396 2910, 13801, 62, 0x0000000000000000 | 4.93 6.62 7.22 | cpu  115654074 5973 56313773 4411557831 3471819 0 343793 0 0 0
1791305397 2910, 13801, 62, 0x0000000000000004 | 4.93 6.62 7.22 | cpu  115654205 5973 56314103 4411571095 3471833 0 343794 0 0 0
1791305398 2910, 13801, 63, 0x0000000000000004 | 4.93 6.62 7.22 | cpu  115654351 5973 56314424 4411584433 3471839 0 343795 0 0 0
1791305399 2910, 13801, 63, 0x0000000000000000 | 4.93 6.62 7.22 | cpu  115654482 5973 56314756 4411597709 3471844 0 343796 0 0 0
1791305400 2910, 13801, 61, 0x0000000000000004 | 4.85 6.57 7.20 | cpu  115654632 5973 56315097 4411611437 3471855 0 343796 0 0 0
1791305401 2910, 13801, 64, 0x0000000000000000 | 4.85 6.57 7.20 | cpu  115654791 5973 56315435 4411624737 3471869 0 343796 0 0 0
1791305402 2917, 13801, 64, 0x0000000000000004 | 4.85 6.57 7.20 | cpu  115654973 5973 56315832 4411638018 3471886 0 343797 0 0 0
1791305403 2910, 13801, 65, 0x0000000000000000 | 4.85 6.57 7.20 | cpu  115655122 5973 56316237 4411651218 3471896 0 343797 0 0 0
1791305404 2910, 13801, 63, 0x0000000000000000 | 4.87 6.55 7.19 | cpu  115655266 5973 56316662 4411664434 3471898 0 343798 0 0 0
1791305405 2910, 13801, 64, 0x0000000000000000 | 4.87 6.55 7.19 | cpu  115655411 5973 56317091 4411677605 3471903 0 343798 0 0 0
1791305406 2910, 13801, 63, 0x0000000000000004 | 4.87 6.55 7.19 | cpu  115655555 5973 56317522 4411690793 3471915 0 343799 0 0 0
1791305408 2910, 13801, 64, 0x0000000000000000 | 4.87 6.55 7.19 | cpu  115655691 5973 56317953 4411704013 3471930 0 343800 0 0 0
1791305409 2910, 13801, 63, 0x0000000000000000 | 4.87 6.55 7.19 | cpu  115655843 5973 56318375 4411717248 3471936 0 343800 0 0 0
1791305410 2910, 13801, 63, 0x0000000000000004 | 4.88 6.52 7.18 | cpu  115655982 5973 56318810 4411730478 3471946 0 343801 0 0 0
1791305411 2917, 13801, 63, 0x0000000000000000 | 4.88 6.52 7.18 | cpu  115656139 5973 56319240 4411743632 3471954 0 343801 0 0 0
1791305412 2925, 13801, 65, 0x0000000000000000 | 4.88 6.52 7.18 | cpu  115656278 5973 56319673 4411756810 3471960 0 343801 0 0 0
1791305413 2910, 13801, 63, 0x0000000000000000 | 4.88 6.52 7.18 | cpu  115656419 5973 56320107 4411769987 3471978 0 343802 0 0 0
1791305414 2910, 13801, 64, 0x0000000000000004 | 4.88 6.52 7.18 | cpu  115656552 5973 56320539 4411783209 3471984 0 343802 0 0 0
1791305415 2910, 13801, 64, 0x0000000000000000 | 4.89 6.50 7.16 | cpu  115656700 5973 56320963 4411796398 3471989 0 343802 0 0 0
1791305416 2925, 13801, 63, 0x0000000000000000 | 4.89 6.50 7.16 | cpu  115656874 5973 56321365 4411809623 3471999 0 343803 0 0 0
1791305417 2910, 13801, 63, 0x0000000000000000 | 4.89 6.50 7.16 | cpu  115657078 5973 56321733 4411822821 3472006 0 343803 0 0 0
1791305418 2902, 13801, 61, 0x0000000000000004 | 4.89 6.50 7.16 | cpu  115657282 5973 56322111 4411835971 3472015 0 343804 0 0 0
1791305419 2910, 13801, 64, 0x0000000000000000 | 4.98 6.49 7.16 | cpu  115657481 5973 56322483 4411849231 3472026 0 343804 0 0 0
1791305420 2917, 13801, 64, 0x0000000000000000 | 4.98 6.49 7.16 | cpu  115657683 5973 56322854 4411862477 3472039 0 343805 0 0 0
1791305422 2910, 13801, 64, 0x0000000000000000 | 4.98 6.49 7.16 | cpu  115657862 5973 56323253 4411875702 3472045 0 343805 0 0 0
1791305423 2917, 13801, 64, 0x0000000000000004 | 4.98 6.49 7.16 | cpu  115658027 5973 56323684 4411888996 3472050 0 343806 0 0 0
1791305424 2910, 13801, 64, 0x0000000000000000 | 4.98 6.49 7.16 | cpu  115658174 5973 56324107 4411902149 3472060 0 343807 0 0 0
1791305425 2910, 13801, 62, 0x0000000000000000 | 4.98 6.46 7.15 | cpu  115658336 5973 56324519 4411915346 3472069 0 343807 0 0 0
1791305426 2910, 13801, 65, 0x0000000000000004 | 4.98 6.46 7.15 | cpu  115658557 5973 56324865 4411928526 3472085 0 343807 0 0 0
1791305427 2910, 13801, 64, 0x0000000000000000 | 4.98 6.46 7.15 | cpu  115658789 5973 56325207 4411941680 3472095 0 343807 0 0 0
1791305428 2910, 13801, 64, 0x0000000000000000 | 4.98 6.46 7.15 | cpu  115659017 5973 56325561 4411954853 3472101 0 343808 0 0 0
1791305429 2910, 13801, 63, 0x0000000000000000 | 4.98 6.46 7.15 | cpu  115659255 5973 56325905 4411968054 3472105 0 343809 0 0 0
1791305430 2910, 13801, 65, 0x0000000000000000 | 4.98 6.44 7.13 | cpu  115659485 5973 56326299 4411981170 3472114 0 343810 0 0 0
1791305431 2917, 13801, 64, 0x0000000000000000 | 4.98 6.44 7.13 | cpu  115660057 5973 56328214 4411992422 3472132 0 343811 0 0 0
1791305432 2910, 13801, 63, 0x0000000000000000 | 4.98 6.44 7.13 | cpu  115660435 5973 56328603 4412005419 3472137 0 343812 0 0 0
1791305433 2910, 13801, 65, 0x0000000000000000 | 4.98 6.44 7.13 | cpu  115660579 5973 56328956 4412018698 3472145 0 343813 0 0 0
1791305434 2917, 13801, 64, 0x0000000000000000 | 4.90 6.40 7.12 | cpu  115660700 5973 56329302 4412031985 3472152 0 343813 0 0 0
1791305436 2910, 13801, 64, 0x0000000000000000 | 4.90 6.40 7.12 | cpu  115660826 5973 56329649 4412045265 3472158 0 343814 0 0 0
1791305437 2917, 13801, 63, 0x0000000000000004 | 4.90 6.40 7.12 | cpu  115660952 5973 56330010 4412058594 3472176 0 343815 0 0 0
1791305438 2910, 13801, 65, 0x0000000000000000 | 4.90 6.40 7.12 | cpu  115661075 5973 56330360 4412071959 3472189 0 343815 0 0 0
1791305439 2902, 13801, 64, 0x0000000000000004 | 4.90 6.40 7.12 | cpu  115661203 5973 56330713 4412085244 3472195 0 343816 0 0 0
1791305440 2910, 13801, 64, 0x0000000000000000 | 4.91 6.37 7.11 | cpu  115661364 5973 56331072 4412098533 3472200 0 343816 0 0 0
1791305441 2917, 13801, 65, 0x0000000000000004 | 4.91 6.37 7.11 | cpu  115661489 5973 56331419 4412111893 3472219 0 343817 0 0 0
1791305442 2910, 13801, 65, 0x0000000000000000 | 4.91 6.37 7.11 | cpu  115661606 5973 56331766 4412125199 3472224 0 343817 0 0 0
1791305443 2902, 13801, 65, 0x0000000000000000 | 4.91 6.37 7.11 | cpu  115661730 5973 56332120 4412138806 3472233 0 343817 0 0 0
1791305444 2910, 13801, 66, 0x0000000000000000 | 4.84 6.33 7.09 | cpu  115661860 5973 56332439 4412152146 3472244 0 343818 0 0 0
1791305445 2910, 13801, 63, 0x0000000000000000 | 4.84 6.33 7.09 | cpu  115661959 5973 56332716 4412165624 3472254 0 343818 0 0 0
1791305446 2910, 13801, 63, 0x0000000000000004 | 4.84 6.33 7.09 | cpu  115662102 5973 56333002 4412179018 3472264 0 343819 0 0 0
1791305447 2910, 13801, 65, 0x0000000000000000 | 4.84 6.33 7.09 | cpu  115662269 5973 56333300 4412192294 3472266 0 343819 0 0 0
1791305449 2910, 13801, 64, 0x0000000000000000 | 4.84 6.33 7.09 | cpu  115662390 5973 56333649 4412205654 3472280 0 343819 0 0 0
1791305450 2910, 13801, 63, 0x0000000000000000 | 4.77 6.29 7.07 | cpu  115662514 5973 56333987 4412219009 3472286 0 343820 0 0 0
1791305451 2910, 13801, 64, 0x0000000000000004 | 4.77 6.29 7.07 | cpu  115662633 5973 56334329 4412232315 3472301 0 343821 0 0 0
1791305452 2910, 13801, 58, 0x0000000000000000 | 4.77 6.29 7.07 | cpu  115662767 5973 56334659 4412245687 3472310 0 343821 0 0 0
1791305453 2917, 13801, 65, 0x0000000000000000 | 4.77 6.29 7.07 | cpu  115662884 5973 56335009 4412258983 3472317 0 343822 0 0 0
1791305454 2910, 13801, 64, 0x0000000000000000 | 4.77 6.29 7.07 | cpu  115663017 5973 56335360 4412272260 3472327 0 343823 0 0 0
1791305455 2910, 13801, 64, 0x0000000000000000 | 4.95 6.31 7.07 | cpu  115663147 5973 56335727 4412285524 3472338 0 343823 0 0 0
1791305456 2910, 13801, 63, 0x0000000000000000 | 4.95 6.31 7.07 | cpu  115663274 5973 56336067 4412298796 3472365 0 343824 0 0 0
1791305457 2910, 13801, 63, 0x0000000000000004 | 4.95 6.31 7.07 | cpu  115663390 5973 56336417 4412312115 3472370 0 343824 0 0 0
1791305458 2910, 13801, 64, 0x0000000000000000 | 4.95 6.31 7.07 | cpu  115663514 5973 56336761 4412325440 3472376 0 343825 0 0 0
1791305459 2910, 13801, 62, 0x0000000000000000 | 4.87 6.27 7.05 | cpu  115663633 5973 56337104 4412338777 3472384 0 343825 0 0 0
1791305460 2910, 13801, 65, 0x0000000000000000 | 4.87 6.27 7.05 | cpu  115663755 5973 56337455 4412352052 3472394 0 343825 0 0 0
1791305461 2925, 13801, 64, 0x0000000000000000 | 4.87 6.27 7.05 | cpu  115663901 5973 56337838 4412365318 3472424 0 343826 0 0 0
1791305463 2910, 13801, 59, 0x0000000000000000 | 4.87 6.27 7.05 | cpu  115664027 5973 56338173 4412378573 3472432 0 343826 0 0 0
1791305464 2902, 13801, 63, 0x0000000000000000 | 4.87 6.27 7.05 | cpu  115664146 5973 56338519 4412391916 3472442 0 343826 0 0 0
1791305465 2910, 13801, 64, 0x0000000000000000 | 4.80 6.23 7.04 | cpu  115664271 5973 56338902 4412405289 3472450 0 343826 0 0 0
1791305466 2910, 13801, 64, 0x0000000000000004 | 4.80 6.23 7.04 | cpu  115664442 5973 56339247 4412418547 3472469 0 343827 0 0 0
1791305467 2910, 13801, 64, 0x0000000000000000 | 4.80 6.23 7.04 | cpu  115664695 5973 56339692 4412431592 3472483 0 343827 0 0 0
1791305468 2902, 13801, 61, 0x0000000000000004 | 4.80 6.23 7.04 | cpu  115664857 5973 56340119 4412444997 3472489 0 343828 0 0 0
1791305469 2910, 13801, 63, 0x0000000000000000 | 4.80 6.23 7.04 | cpu  115665034 5973 56340528 4412458271 3472500 0 343828 0 0 0
1791305470 2910, 13801, 64, 0x0000000000000004 | 4.90 6.23 7.03 | cpu  115665210 5973 56340928 4412471597 3472508 0 343829 0 0 0
1791305471 2910, 13801, 65, 0x0000000000000000 | 4.90 6.23 7.03 | cpu  115665354 5973 56341357 4412484804 3472531 0 343829 0 0 0
1791305472 2917, 13801, 55, 0x0000000000000000 | 4.90 6.23 7.03 | cpu  115665737 5973 56341781 4412497794 3472537 0 343829 0 0 0
1791305473 2925, 13801, 64, 0x0000000000000000 | 4.90 6.23 7.03 | cpu  115665882 5973 56342229 4412511029 3472544 0 343829 0 0 0
1791305474 2925, 13801, 62, 0x0000000000000000 | 4.91 6.21 7.02 | cpu  115666185 5973 56342757 4412523964 3472548 0 343829 0 0 0
1791305476 2910, 13801, 63, 0x0000000000000000 | 4.91 6.21 7.02 | cpu  115666332 5973 56343104 4412537327 3472555 0 343830 0 0 0
1791305477 2917, 13801, 64, 0x0000000000000000 | 4.91 6.21 7.02 | cpu  115666802 5973 56343558 4412551114 3472571 0 343831 0 0 0
1791305478 2925, 13801, 63, 0x0000000000000000 | 4.91 6.21 7.02 | cpu  115667058 5973 56344000 4412564191 3472577 0 343833 0 0 0
1791305479 2917, 13801, 62, 0x0000000000000000 | 4.91 6.21 7.02 | cpu  115667967 5973 56344508 4412576718 3472585 0 343833 0 0 0
1791305480 2917, 13801, 62, 0x0000000000000004 | 7.24 6.67 7.17 | cpu  115669604 5973 56345127 4412588468 3472588 0 343835 0 0 0
1791305481 2910, 13801, 59, 0x0000000000000000 | 7.24 6.67 7.17 | cpu  115671162 5973 56345513 4412601755 3472603 0 343837 0 0 0
1791305482 2940, 13801, 55, 0x0000000000000000 | 7.24 6.67 7.17 | cpu  115673252 5973 56345796 4412613251 3472607 0 343837 0 0 0
1791305483 2917, 13801, 61, 0x0000000000000000 | 7.24 6.67 7.17 | cpu  115673732 5973 56346178 4412626226 3472615 0 343838 0 0 0
1791305484 2910, 13801, 63, 0x0000000000000000 | 6.98 6.62 7.15 | cpu  115674232 5973 56347178 4412638558 3472619 0 343839 0 0 0
1791305485 2925, 13801, 63, 0x0000000000000000 | 6.98 6.62 7.15 | cpu  115674443 5973 56347616 4412651717 3472628 0 343840 0 0 0
1791305487 2910, 13801, 62, 0x0000000000000000 | 6.98 6.62 7.15 | cpu  115674634 5973 56348017 4412664864 3472643 0 343840 0 0 0
1791305488 2910, 13801, 59, 0x0000000000000000 | 6.98 6.62 7.15 | cpu  115674850 5973 56348448 4412677972 3472650 0 343841 0 0 0
1791305489 2910, 13801, 63, 0x0000000000000000 | 6.98 6.62 7.15 | cpu  115675110 5973 56348844 4412691099 3472658 0 343842 0 0 0
1791305490 2910, 13801, 64, 0x0000000000000000 | 6.82 6.60 7.14 | cpu  115675745 5973 56349277 4412703798 3472665 0 343842 0 0 0
1791305491 2910, 13801, 63, 0x0000000000000000 | 6.82 6.60 7.14 | cpu  115677428 5973 56349750 4412715781 3472682 0 343844 0 0 0
1791305492 2910, 13801, 61, 0x0000000000000000 | 6.82 6.60 7.14 | cpu  115678153 5973 56350133 4412728423 3472694 0 343845 0 0 0
1791305493 2910, 13801, 65, 0x0000000000000000 | 6.82 6.60 7.14 | cpu  115678379 5973 56350552 4412741584 3472698 0 343845 0 0 0
1791305494 2947, 13801, 62, 0x0000000000000000 | 6.82 6.60 7.14 | cpu  115679019 5973 56351078 4412754225 3472714 0 343846 0 0 0
1791305495 2910, 13801, 63, 0x0000000000000000 | 6.67 6.57 7.13 | cpu  115679228 5973 56351446 4412767470 3472716 0 343846 0 0 0
1791305496 2917, 13801, 63, 0x0000000000000000 | 6.67 6.57 7.13 | cpu  115679411 5973 56351837 4412780761 3472733 0 343847 0 0 0
1791305497 2925, 13801, 62, 0x0000000000000004 | 6.67 6.57 7.13 | cpu  115680350 5973 56353264 4412792462 3472738 0 343848 0 0 0
1791305499 2925, 13801, 60, 0x0000000000000000 | 6.67 6.57 7.13 | cpu  115681773 5973 56355726 4412803345 3472741 0 343851 0 0 0
1791305500 2925, 13801, 62, 0x0000000000000000 | 7.18 6.68 7.16 | cpu  115682877 5973 56356742 4412815028 3472743 0 343852 0 0 0
1791305501 2910, 13801, 64, 0x0000000000000000 | 7.18 6.68 7.16 | cpu  115683165 5973 56357284 4412828645 3472759 0 343852 0 0 0
1791305502 2910, 13801, 63, 0x0000000000000000 | 7.18 6.68 7.16 | cpu  115683397 5973 56357754 4412841660 3472772 0 343852 0 0 0
1791305503 2910, 13801, 62, 0x0000000000000000 | 7.18 6.68 7.16 | cpu  115683546 5973 56358183 4412854830 3472779 0 343852 0 0 0
1791305504 2917, 13801, 63, 0x0000000000000000 | 7.18 6.68 7.16 | cpu  115683701 5973 56358710 4412867989 3472780 0 343852 0 0 0
1791305505 2910, 13801, 64, 0x0000000000000000 | 7.00 6.65 7.15 | cpu  115683838 5973 56359137 4412881165 3472784 0 343852 0 0 0
1791305506 2925, 13801, 63, 0x0000000000000004 | 7.00 6.65 7.15 | cpu  115683997 5973 56359555 4412894529 3472791 0 343853 0 0 0
1791305507 2910, 13801, 62, 0x0000000000000000 | 7.00 6.65 7.15 | cpu  115684129 5973 56359987 4412907714 3472801 0 343853 0 0 0
1791305508 2910, 13801, 61, 0x0000000000000000 | 7.00 6.65 7.15 | cpu  115684266 5973 56360415 4412920863 3472807 0 343853 0 0 0
1791305509 2910, 13801, 64, 0x0000000000000000 | 6.84 6.62 7.13 | cpu  115684417 5973 56360836 4412933994 3472816 0 343853 0 0 0
1791305510 2910, 13801, 63, 0x0000000000000004 | 6.84 6.62 7.13 | cpu  115684559 5973 56361268 4412947207 3472837 0 343853 0 0 0
1791305512 2910, 13801, 63, 0x0000000000000004 | 6.84 6.62 7.13 | cpu  115684696 5973 56361696 4412960383 3472851 0 343853 0 0 0
1791305513 2917, 13801, 62, 0x0000000000000000 | 6.84 6.62 7.13 | cpu  115684836 5973 56362119 4412973494 3472861 0 343854 0 0 0
1791305514 2910, 13801, 64, 0x0000000000000000 | 6.84 6.62 7.13 | cpu  115684974 5973 56362556 4412986685 3472870 0 343854 0 0 0
1791305515 2917, 13801, 63, 0x0000000000000000 | 6.70 6.59 7.12 | cpu  115685119 5973 56362966 4412999762 3472880 0 343854 0 0 0
1791305516 2917, 13801, 64, 0x0000000000000000 | 6.70 6.59 7.12 | cpu  115685262 5973 56363389 4413012923 3472893 0 343854 0 0 0
1791305517 2910, 13801, 63, 0x0000000000000000 | 6.70 6.59 7.12 | cpu  115685406 5973 56363825 4413026095 3472905 0 343855 0 0 0
1791305518 2917, 13801, 64, 0x0000000000000000 | 6.70 6.59 7.12 | cpu  115685543 5973 56364252 4413039258 3472914 0 343855 0 0 0
1791305519 2910, 13801, 63, 0x0000000000000000 | 6.70 6.59 7.12 | cpu  115685682 5973 56364695 4413052511 3472924 0 343855 0 0 0
1791305520 2910, 13801, 63, 0x0000000000000004 | 6.56 6.57 7.11 | cpu  115685815 5973 56365130 4413065719 3472930 0 343855 0 0 0
1791305521 2910, 13801, 63, 0x0000000000000000 | 6.56 6.57 7.11 | cpu  115685975 5973 56365509 4413079008 3472949 0 343855 0 0 0
1791305522 2910, 13801, 62, 0x0000000000000000 | 6.56 6.57 7.11 | cpu  115686119 5973 56365832 4413092274 3472965 0 343856 0 0 0
1791305523 2910, 13801, 64, 0x0000000000000000 | 6.56 6.57 7.11 | cpu  115686249 5973 56366164 4413105548 3472975 0 343856 0 0 0
1791305524 2940, 13801, 62, 0x0000000000000000 | 6.43 6.54 7.10 | cpu  115686395 5973 56366482 4413118844 3472980 0 343856 0 0 0
1791305526 2910, 13801, 64, 0x0000000000000000 | 6.43 6.54 7.10 | cpu  115686522 5973 56366812 4413132142 3472988 0 343856 0 0 0
1791305527 2910, 13801, 65, 0x0000000000000000 | 6.43 6.54 7.10 | cpu  115686652 5973 56367142 4413145450 3473008 0 343856 0 0 0
1791305528 2910, 13801, 64, 0x0000000000000000 | 6.43 6.54 7.10 | cpu  115686782 5973 56367474 4413158727 3473018 0 343856 0 0 0
1791305529 2917, 13801, 65, 0x0000000000000000 | 6.43 6.54 7.10 | cpu  115686938 5973 56367785 4413172216 3473024 0 343857 0 0 0
1791305530 2910, 13801, 65, 0x0000000000000000 | 6.24 6.50 7.08 | cpu  115687110 5973 56368072 4413185534 3473029 0 343857 0 0 0
1791305531 2902, 13801, 61, 0x0000000000000004 | 6.24 6.50 7.08 | cpu  115687298 5973 56368355 4413199120 3473044 0 343857 0 0 0
1791305532 2910, 13801, 65, 0x0000000000000000 | 6.24 6.50 7.08 | cpu  115687471 5973 56368642 4413212477 3473054 0 343857 0 0 0
1791305533 2917, 13801, 63, 0x0000000000000000 | 6.24 6.50 7.08 | cpu  115687651 5973 56368959 4413225762 3473058 0 343857 0 0 0
1791305534 2910, 13801, 63, 0x0000000000000004 | 6.06 6.46 7.06 | cpu  115687766 5973 56369224 4413239209 3473068 0 343857 0 0 0
1791305535 2932, 13801, 62, 0x0000000000000000 | 6.06 6.46 7.06 | cpu  115687972 5973 56369731 4413252287 3473080 0 343857 0 0 0
1791305536 2925, 13801, 64, 0x0000000000000000 | 6.06 6.46 7.06 | cpu  115688557 5973 56371111 4413264036 3473100 0 343857 0 0 0
1791305537 2910, 13801, 63, 0x0000000000000000 | 6.06 6.46 7.06 | cpu  115688729 5973 56371272 4413277500 3473107 0 343857 0 0 0
1791305539 2910, 13801, 65, 0x0000000000000000 | 6.06 6.46 7.06 | cpu  115688804 5973 56371443 4413291037 3473116 0 343857 0 0 0
1791305540 2910, 13801, 64, 0x0000000000000000 | 5.81 6.40 7.04 | cpu  115688883 5973 56371607 4413304557 3473118 0 343857 0 0 0
1791305541 2917, 13801, 65, 0x0000000000000000 | 5.81 6.40 7.04 | cpu  115688958 5973 56371778 4413318041 3473132 0 343857 0 0 0
1791305542 2910, 13801, 63, 0x0000000000000000 | 5.81 6.40 7.04 | cpu  115689044 5973 56371960 4413331709 3473150 0 343858 0 0 0
1791305543 2917, 13801, 64, 0x0000000000000000 | 5.81 6.40 7.04 | cpu  115689120 5973 56372139 4413345177 3473160 0 343858 0 0 0
1791305544 2910, 13801, 65, 0x0000000000000000 | 5.81 6.40 7.04 | cpu  115689198 5973 56372307 4413358646 3473165 0 343858 0 0 0
1791305545 2917, 13801, 63, 0x0000000000000004 | 5.51 6.32 7.02 | cpu  115689279 5973 56372471 4413372178 3473171 0 343858 0 0 0
1791305546 2910, 13801, 63, 0x0000000000000000 | 5.51 6.32 7.02 | cpu  115689352 5973 56372642 4413385703 3473190 0 343858 0 0 0
1791305547 2910, 13801, 63, 0x0000000000000000 | 5.51 6.32 7.02 | cpu  115689435 5973 56372812 4413399238 3473195 0 343858 0 0 0
1791305548 2910, 13801, 65, 0x0000000000000000 | 5.51 6.32 7.02 | cpu  115689510 5973 56372980 4413412820 3473201 0 343859 0 0 0
1791305549 2910, 13801, 66, 0x0000000000000000 | 5.23 6.25 6.99 | cpu  115689612 5973 56373161 4413426296 3473210 0 343859 0 0 0
1791305550 2910, 13801, 65, 0x0000000000000000 | 5.23 6.25 6.99 | cpu  115689693 5973 56373335 4413439858 3473216 0 343859 0 0 0
1791305551 2910, 13801, 64, 0x0000000000000000 | 5.23 6.25 6.99 | cpu  115689817 5973 56373596 4413453195 3473246 0 343859 0 0 0
1791305553 2910, 13801, 65, 0x0000000000000000 | 5.23 6.25 6.99 | cpu  115689896 5973 56373796 4413466772 3473255 0 343859 0 0 0
1791305554 2940, 13801, 63, 0x0000000000000000 | 5.23 6.25 6.99 | cpu  115689989 5973 56374050 4413480213 3473261 0 343859 0 0 0
1791305555 2910, 13801, 64, 0x0000000000000004 | 5.13 6.21 6.97 | cpu  115690067 5973 56374330 4413493581 3473271 0 343859 0 0 0
1791305556 2910, 13801, 64, 0x0000000000000000 | 5.13 6.21 6.97 | cpu  115690156 5973 56374656 4413506875 3473286 0 343859 0 0 0
1791305557 2910, 13801, 66, 0x0000000000000000 | 5.13 6.21 6.97 | cpu  115690238 5973 56374988 4413520237 3473299 0 343859 0 0 0
1791305558 2910, 13801, 64, 0x0000000000000000 | 5.13 6.21 6.97 | cpu  115690318 5973 56375260 4413533671 3473301 0 343859 0 0 0
1791305559 2910, 13801, 64, 0x0000000000000004 | 5.13 6.21 6.97 | cpu  115690397 5973 56375540 4413547040 3473311 0 343859 0 0 0
1791305560 2910, 13801, 60, 0x0000000000000000 | 4.96 6.16 6.95 | cpu  115690515 5973 56375812 4413560400 3473320 0 343860 0 0 0
1791305561 2910, 13801, 64, 0x0000000000000000 | 4.96 6.16 6.95 | cpu  115690600 5973 56376091 4413573856 3473334 0 343860 0 0 0
1791305562 2910, 13801, 63, 0x0000000000000000 | 4.96 6.16 6.95 | cpu  115690681 5973 56376358 4413587212 3473340 0 343860 0 0 0
1791305563 2925, 13801, 63, 0x0000000000000004 | 4.96 6.16 6.95 | cpu  115690754 5973 56376636 4413600617 3473350 0 343860 0 0 0
1791305564 2910, 13801, 63, 0x0000000000000000 | 4.80 6.11 6.93 | cpu  115690833 5973 56376905 4413613957 3473355 0 343860 0 0 0
1791305565 2925, 13801, 63, 0x0000000000000004 | 4.80 6.11 6.93 | cpu  115690919 5973 56377181 4413627380 3473366 0 343860 0 0 0
1791305567 2910, 13801, 63, 0x0000000000000000 | 4.80 6.11 6.93 | cpu  115690996 5973 56377453 4413640786 3473371 0 343860 0 0 0
1791305568 2917, 13801, 63, 0x0000000000000004 | 4.80 6.11 6.93 | cpu  115691074 5973 56377725 4413654178 3473379 0 343860 0 0 0
1791305569 2910, 13801, 63, 0x0000000000000000 | 4.80 6.11 6.93 | cpu  115691152 5973 56378000 4413667588 3473389 0 343860 0 0 0
1791305570 2910, 13801, 64, 0x0000000000000000 | 4.66 6.06 6.91 | cpu  115691239 5973 56378277 4413680953 3473397 0 343860 0 0 0
1791305571 2910, 13801, 64, 0x0000000000000000 | 4.66 6.06 6.91 | cpu  115691346 5973 56378561 4413694332 3473412 0 343863 0 0 0
1791305572 2917, 13801, 65, 0x0000000000000000 | 4.66 6.06 6.91 | cpu  115691538 5973 56378833 4413707660 3473415 0 343863 0 0 0
1791305573 2910, 13801, 65, 0x0000000000000000 | 4.66 6.06 6.91 | cpu  115691674 5973 56379160 4413720986 3473417 0 343864 0 0 0
1791305574 2902, 13801, 64, 0x0000000000000000 | 4.66 6.06 6.91 | cpu  115691798 5973 56379500 4413734306 3473428 0 343864 0 0 0
1791305575 2910, 13801, 63, 0x0000000000000000 | 4.60 6.02 6.89 | cpu  115691906 5973 56379861 4413747640 3473438 0 343864 0 0 0
1791305576 2940, 13801, 63, 0x0000000000000000 | 4.60 6.02 6.89 | cpu  115692034 5973 56380193 4413760916 3473456 0 343865 0 0 0
1791305577 2910, 13801, 63, 0x0000000000000000 | 4.60 6.02 6.89 | cpu  115692153 5973 56380547 4413774190 3473467 0 343866 0 0 0
1791305578 2925, 13801, 62, 0x0000000000000000 | 4.60 6.02 6.89 | cpu  115692274 5973 56380888 4413787514 3473472 0 343867 0 0 0
1791305579 2910, 13801, 63, 0x0000000000000000 | 4.56 5.99 6.88 | cpu  115692387 5973 56381244 4413800840 3473479 0 343867 0 0 0
1791305581 2917, 13801, 62, 0x0000000000000000 | 4.56 5.99 6.88 | cpu  115692537 5973 56381610 4413814118 3473485 0 343868 0 0 0
1791305582 2910, 13801, 65, 0x0000000000000000 | 4.56 5.99 6.88 | cpu  115692673 5973 56382001 4413827342 3473510 0 343869 0 0 0
1791305583 2917, 13801, 62, 0x0000000000000000 | 4.56 5.99 6.88 | cpu  115692798 5973 56382352 4413840601 3473524 0 343869 0 0 0
1791305584 2925, 13801, 62, 0x0000000000000004 | 4.56 5.99 6.88 | cpu  115692927 5973 56382786 4413853860 3473528 0 343869 0 0 0
1791305585 2910, 13801, 62, 0x0000000000000000 | 4.59 5.97 6.87 | cpu  115693046 5973 56383132 4413867184 3473533 0 343869 0 0 0
1791305586 2917, 13801, 63, 0x0000000000000000 | 4.59 5.97 6.87 | cpu  115693167 5973 56383480 4413880465 3473539 0 343870 0 0 0
1791305587 2925, 13801, 62, 0x0000000000000000 | 4.59 5.97 6.87 | cpu  115693278 5973 56383832 4413893772 3473549 0 343870 0 0 0
1791305588 2917, 13801, 63, 0x0000000000000000 | 4.59 5.97 6.87 | cpu  115693386 5973 56384186 4413907046 3473560 0 343870 0 0 0
1791305589 2925, 13801, 62, 0x0000000000000000 | 4.59 5.97 6.87 | cpu  115693491 5973 56384547 4413920361 3473569 0 343870 0 0 0
1791305590 2925, 13801, 62, 0x0000000000000000 | 4.62 5.96 6.86 | cpu  115693598 5973 56384908 4413933681 3473579 0 343871 0 0 0
1791305591 2917, 13801, 62, 0x0000000000000000 | 4.62 5.96 6.86 | cpu  115693728 5973 56385264 4413947002 3473586 0 343871 0 0 0
1791305592 2932, 13801, 55, 0x0000000000000000 | 4.62 5.96 6.86 | cpu  115694000 5973 56385676 4413960053 3473597 0 343871 0 0 0
1791305593 2947, 13801, 52, 0x0000000000000000 | 4.62 5.96 6.86 | cpu  115694135 5973 56386108 4413973190 3473610 0 343872 0 0 0
1791305595 2542, 13801, 51, 0x0000000000000000 | 4.65 5.94 6.85 | cpu  115694288 5973 56386516 4413986374 3473615 0 343872 0 0 0
1791305596 2542, 13801, 50, 0x0000000000000000 | 4.65 5.94 6.85 | cpu  115694450 5973 56386916 4413999507 3473621 0 343873 0 0 0
1791305597 2542, 13801, 50, 0x0000000000000000 | 4.65 5.94 6.85 | cpu  115694595 5973 56387365 4414012667 3473629 0 343873 0 0 0
1791305598 2542, 13801, 50, 0x0000000000000000 | 4.65 5.94 6.85 | cpu  115694723 5973 56387797 4414025807 3473644 0 343874 0 0 0
1791305599 2542, 13801, 49, 0x0000000000000000 | 4.65 5.94 6.85 | cpu  115694854 5973 56388232 4414038920 3473658 0 343874 0 0 0
1791305600 2542, 13801, 49, 0x0000000000000000 | 4.76 5.94 6.84 | cpu  115695055 5973 56388742 4414051917 3473667 0 343874 0 0 0
1791305601 2542, 13801, 49, 0x0000000000000000 | 4.76 5.94 6.84 | cpu  115695194 5973 56389160 4414065075 3473679 0 343875 0 0 0
1791305602 2542, 13801, 49, 0x0000000000000000 | 4.76 5.94 6.84 | cpu  115695325 5973 56389587 4414078255 3473685 0 343875 0 0 0
1791305603 2542, 13801, 48, 0x0000000000000000 | 4.76 5.94 6.84 | cpu  115695441 5973 56390026 4414091399 3473697 0 343875 0 0 0
1791305604 2542, 13801, 48, 0x0000000000000000 | 4.76 5.94 6.84 | cpu  115695589 5973 56390448 4414104479 3473707 0 343876 0 0 0
1791305605 2542, 13801, 48, 0x0000000000000000 | 4.78 5.93 6.83 | cpu  115695723 5973 56390873 4414117659 3473721 0 343877 0 0 0
1791305606 2542, 13801, 48, 0x0000000000000000 | 4.78 5.93 6.83 | cpu  115696046 5973 56391309 4414130613 3473724 0 343877 0 0 0
1791305607 2542, 13801, 48, 0x0000000000000000 | 4.78 5.93 6.83 | cpu  115696159 5973 56391765 4414143754 3473730 0 343878 0 0 0
1791305608 2542, 13801, 48, 0x0000000000000000 | 4.78 5.93 6.83 | cpu  115696378 5973 56392327 4414156709 3473734 0 343878 0 0 0
1791305610 2542, 13801, 48, 0x0000000000000000 | 4.72 5.89 6.81 | cpu  115696632 5973 56392730 4414169983 3473745 0 343878 0 0 0
1791305611 2542, 13801, 48, 0x0000000000000000 | 4.72 5.89 6.81 | cpu  115697086 5973 56393252 4414182762 3473759 0 343879 0 0 0
1791305612 2542, 13801, 48, 0x0000000000000000 | 4.72 5.89 6.81 | cpu  115697654 5973 56393782 4414195464 3473773 0 343879 0 0 0
1791305613 2542, 13801, 48, 0x0000000000000000 | 4.72 5.89 6.81 | cpu  115699059 5973 56394430 4414207502 3473783 0 343881 0 0 0
1791305614 2542, 13801, 48, 0x0000000000000000 | 4.72 5.89 6.81 | cpu  115699876 5973 56394959 4414219885 3473785 0 343882 0 0 0
1791305615 2542, 13801, 48, 0x0000000000000000 | 7.22 6.39 6.97 | cpu  115702548 5973 56395455 4414233911 3473798 0 343883 0 0 0
1791305616 2542, 13801, 48, 0x0000000000000000 | 7.22 6.39 6.97 | cpu  115703753 5973 56395876 4414247193 3473802 0 343883 0 0 0
1791305617 2542, 13801, 48, 0x0000000000000000 | 7.22 6.39 6.97 | cpu  115703912 5973 56396285 4414260362 3473806 0 343884 0 0 0
1791305619 2542, 13801, 48, 0x0000000000000000 | 7.22 6.39 6.97 | cpu  115704473 5973 56397385 4414272364 3473811 0 343886 0 0 0
1791305620 2542, 13801, 48, 0x0000000000000000 | 7.05 6.37 6.96 | cpu  115704638 5973 56397876 4414285392 3473814 0 343886 0 0 0
1791305621 2542, 13801, 48, 0x0000000000000000 | 7.05 6.37 6.96 | cpu  115704818 5973 56398249 4414298542 3473826 0 343887 0 0 0
1791305622 2542, 13801, 48, 0x0000000000000000 | 7.05 6.37 6.96 | cpu  115705010 5973 56398614 4414311690 3473830 0 343887 0 0 0
1791305623 2542, 13801, 48, 0x0000000000000000 | 7.05 6.37 6.96 | cpu  115705683 5973 56399064 4414324293 3473832 0 343888 0 0 0
1791305624 2542, 13801, 48, 0x0000000000000000 | 7.05 6.37 6.96 | cpu  115706568 5973 56399425 4414337289 3473846 0 343888 0 0 0
1791305625 2542, 13801, 48, 0x0000000000000000 | 6.88 6.35 6.95 | cpu  115708125 5973 56399786 4414349095 3473853 0 343890 0 0 0
1791305626 2542, 13801, 48, 0x0000000000000000 | 6.88 6.35 6.95 | cpu  115708398 5973 56400076 4414362268 3473856 0 343890 0 0 0
1791305627 2542, 13801, 48, 0x0000000000000000 | 6.88 6.35 6.95 | cpu  115708776 5973 56400412 4414375336 3473860 0 343890 0 0 0
1791305628 2542, 13801, 48, 0x0000000000000000 | 6.88 6.35 6.95 | cpu  115709301 5973 56400866 4414388108 3473871 0 343891 0 0 0
1791305629 2542, 13801, 48, 0x0000000000000000 | 6.73 6.32 6.94 | cpu  115709482 5973 56401277 4414401223 3473875 0 343891 0 0 0
1791305630 2542, 13801, 48, 0x0000000000000000 | 6.73 6.32 6.94 | cpu  115709662 5973 56401743 4414414305 3473896 0 343891 0 0 0
1791305632 2542, 13801, 48, 0x0000000000000000 | 6.73 6.32 6.94 | cpu  115711110 5973 56404185 4414424888 3473904 0 343893 0 0 0
1791305633 2542, 13801, 48, 0x0000000000000000 | 6.73 6.32 6.94 | cpu  115712816 5973 56406721 4414436617 3473910 0 343896 0 0 0
