1791127911 997, 7001, 50, 0x0000000000000000 | 33.32 25.42 23.60 | cpu  4407289046 10412212 654158776 45116589022 10347665 0 8247548 0 0 0
1791127912 360, 810, 50, 0x0000000000000000 | 32.57 25.39 23.60 | cpu  4407298482 10412212 654158965 45116607698 10347672 0 8247549 0 0 0
1791127913 210, 810, 49, 0x0000000000000000 | 32.57 25.39 23.60 | cpu  4407304552 10412212 654159270 45116629553 10347678 0 8247550 0 0 0
1791127914 180, 405, 49, 0x0000000000000000 | 32.57 25.39 23.60 | cpu  4407309077 10412212 654159443 45116653879 10347687 0 8247550 0 0 0
1791127915 180, 405, 49, 0x0000000000000000 | 32.57 25.39 23.60 | cpu  4407313997 10412213 654159586 45116679959 10347704 0 8247550 0 0 0
1791127916 180, 405, 49, 0x0000000000000000 | 30.36 25.06 23.50 | cpu  4407319759 10412213 654160142 45116704997 10347704 0 8247550 0 0 0
1791127918 180, 405, 49, 0x0000000000000000 | 30.36 25.06 23.50 | cpu  4407325286 10412213 654160451 45116728373 10347706 0 8247552 0 0 0
1791127919 180, 405, 49, 0x0000000000000000 | 30.36 25.06 23.50 | cpu  4407329926 10412214 654160791 45116752801 10347713 0 8247553 0 0 0
1791127920 180, 405, 49, 0x0000000000000000 | 30.36 25.06 23.50 | cpu  4407335044 10412214 654161153 45116775439 10347718 0 8247553 0 0 0
1791127921 2400, 13801, 50, 0x0000000000000000 | 28.33 24.72 23.40 | cpu  4407337428 10412214 654161475 45116800657 10347720 0 8247554 0 0 0
1791127922 2460, 13801, 50, 0x0000000000000000 | 28.33 24.72 23.40 | cpu  4407340846 10412214 654161802 45116824744 10347720 0 8247555 0 0 0
1791127923 2512, 13801, 50, 0x0000000000000000 | 28.33 24.72 23.40 | cpu  4407344419 10412214 654162131 45116848856 10347721 0 8247555 0 0 0
1791127924 2437, 13801, 50, 0x0000000000000000 | 28.33 24.72 23.40 | cpu  4407346927 10412214 654162827 45116873408 10347721 0 8247555 0 0 0
1791127925 2475, 13801, 50, 0x0000000000000000 | 28.33 24.72 23.40 | cpu  4407347757 10412215 654163242 45116900106 10347721 0 8247556 0 0 0
1791127926 2400, 13801, 50, 0x0000000000000000 | 36.63 26.50 23.99 | cpu  4407353150 10412215 654163508 45116928213 10347722 0 8247557 0 0 0
1791127928 2400, 13801, 49, 0x0000000000000000 | 36.63 26.50 23.99 | cpu  4407357921 10412215 654163918 45116955019 10347723 0 8247557 0 0 0
1791127929 2400, 13801, 49, 0x0000000000000000 | 36.63 26.50 23.99 | cpu  4407359113 10412215 654164478 45116981101 10347724 0 8247558 0 0 0
1791127930 2400, 13801, 49, 0x0000000000000000 | 36.63 26.50 23.99 | cpu  4407359877 10412216 654164747 45117008140 10347724 0 8247559 0 0 0
1791127931 2400, 13801, 49, 0x0000000000000000 | 34.02 26.13 23.88 | cpu  4407363687 10412216 654165026 45117031998 10347724 0 8247559 0 0 0
1791127932 2400, 13801, 49, 0x0000000000000000 | 34.02 26.13 23.88 | cpu  4407368403 10412216 654165549 45117054802 10347724 0 8247560 0 0 0
1791127933 2400, 13801, 49, 0x0000000000000000 | 34.02 26.13 23.88 | cpu  4407373993 10412216 654165921 45117076922 10347724 0 8247560 0 0 0
1791127934 2400, 13801, 49, 0x0000000000000000 | 34.02 26.13 23.88 | cpu  4407379055 10412216 654166143 45117099707 10347726 0 8247561 0 0 0
1791127935 2400, 13801, 49, 0x0000000000000000 | 34.02 26.13 23.88 | cpu  4407384072 10412216 654166674 45117122173 10347727 0 8247562 0 0 0
1791127937 2572, 13801, 51, 0x0000000000000000 | 31.69 25.78 23.78 | cpu  4407388405 10412216 654167153 45117145511 10347727 0 8247562 0 0 0
1791127938 2895, 13801, 52, 0x0000000000000000 | 31.69 25.78 23.78 | cpu  4407393059 10412216 654167503 45117168393 10347729 0 8247563 0 0 0
1791127939 2895, 13801, 51, 0x0000000000000000 | 31.69 25.78 23.78 | cpu  4407400317 10412216 654168560 45117188168 10347749 0 8247564 0 0 0
1791127940 2895, 13801, 52, 0x0000000000000000 | 31.69 25.78 23.78 | cpu  4407407524 10412216 654169451 45117208103 10347749 0 8247565 0 0 0
1791127941 2895, 13801, 53, 0x0000000000000000 | 41.57 27.92 24.48 | cpu  4407414609 10412216 654170471 45117227848 10347757 0 8247565 0 0 0
1791127942 2895, 13801, 52, 0x0000000000000000 | 41.57 27.92 24.48 | cpu  4407420869 10412216 654171600 45117248511 10347758 0 8247565 0 0 0
1791127943 2887, 13801, 52, 0x0000000000000000 | 41.57 27.92 24.48 | cpu  4407425260 10412216 654172121 45117271504 10347758 0 8247565 0 0 0
1791127944 2422, 13801, 51, 0x0000000000000000 | 41.57 27.92 24.48 | cpu  4407427563 10412217 654172721 45117296528 10347758 0 8247566 0 0 0
1791127945 2887, 13801, 52, 0x0000000000000000 | 41.57 27.92 24.48 | cpu  4407428752 10412217 654173372 45117322548 10347758 0 8247566 0 0 0
1791127946 2887, 13801, 52, 0x0000000000000000 | 38.64 27.54 24.38 | cpu  4407429095 10412217 654173678 45117349628 10347758 0 8247566 0 0 0
1791127948 2857, 13801, 54, 0x0000000000000000 | 38.64 27.54 24.38 | cpu  4407429443 10412217 654173889 45117376848 10347759 0 8247566 0 0 0
1791127949 2880, 13801, 52, 0x0000000000000000 | 38.64 27.54 24.38 | cpu  4407430844 10412218 654174548 45117402804 10347762 0 8247566 0 0 0
1791127950 2895, 13801, 53, 0x0000000000000000 | 38.64 27.54 24.38 | cpu  4407431526 10412218 654175266 45117429218 10347764 0 8247567 0 0 0
1791127951 2872, 13801, 54, 0x0000000000000000 | 38.64 27.54 24.38 | cpu  4407433608 10412218 654175754 45117454488 10347765 0 8247569 0 0 0
1791127952 2880, 13801, 53, 0x0000000000000000 | 36.11 27.20 24.28 | cpu  4407434602 10412218 654176318 45117480705 10347766 0 8247569 0 0 0
1791127953 2887, 13801, 53, 0x0000000000000000 | 36.11 27.20 24.28 | cpu  4407436711 10412218 654177342 45117505473 10347768 0 8247569 0 0 0
1791127954 2880, 13801, 53, 0x0000000000000000 | 36.11 27.20 24.28 | cpu  4407438291 10412218 654178096 45117531128 10347770 0 8247570 0 0 0
1791127955 2887, 13801, 52, 0x0000000000000000 | 36.11 27.20 24.28 | cpu  4407439924 10412218 654178665 45117556898 10347771 0 8247571 0 0 0
1791127956 2880, 13801, 55, 0x0000000000000000 | 34.90 27.10 24.27 | cpu  4407441191 10412219 654179339 45117582786 10347771 0 8247571 0 0 0
1791127957 2872, 13801, 53, 0x0000000000000000 | 34.90 27.10 24.27 | cpu  4407442268 10412219 654180001 45117609039 10347771 0 8247571 0 0 0
1791127958 2857, 13801, 56, 0x0000000000000000 | 34.90 27.10 24.27 | cpu  4407444693 10412219 654180530 45117634340 10347771 0 8247571 0 0 0
1791127960 2880, 13801, 54, 0x0000000000000000 | 34.90 27.10 24.27 | cpu  4407446712 10412219 654181161 45117659639 10347771 0 8247572 0 0 0
1791127961 2857, 13801, 54, 0x0000000000000000 | 34.90 27.10 24.27 | cpu  4407447417 10412221 654181673 45117686855 10347773 0 8247572 0 0 0
1791127962 2865, 13801, 55, 0x0000000000000000 | 34.50 27.15 24.30 | cpu  4407449630 10412221 654182067 45117712344 10347773 0 8247573 0 0 0
1791127963 2865, 13801, 55, 0x0000000000000000 | 34.50 27.15 24.30 | cpu  4407450892 10412221 654182814 45117738232 10347774 0 8247573 0 0 0
1791127964 2887, 13801, 53, 0x0000000000000000 | 34.50 27.15 24.30 | cpu  4407453111 10412221 654183453 45117763640 10347774 0 8247574 0 0 0
1791127965 2865, 13801, 54, 0x0000000000000000 | 34.50 27.15 24.30 | cpu  4407454596 10412221 654183945 45117789464 10347774 0 8247574 0 0 0
1791127966 2857, 13801, 54, 0x0000000000000000 | 33.42 27.05 24.28 | cpu  4407455210 10412221 654184230 45117816464 10347774 0 8247574 0 0 0
1791127967 2887, 13801, 53, 0x0000000000000000 | 33.42 27.05 24.28 | cpu  4407456908 10412222 654184510 45117842253 10347775 0 8247574 0 0 0
1791127968 2872, 13801, 55, 0x0000000000000000 | 33.42 27.05 24.28 | cpu  4407458126 10412222 654185083 45117868262 10347776 0 8247574 0 0 0
1791127969 2857, 13801, 56, 0x0000000000000000 | 33.42 27.05 24.28 | cpu  4407459988 10412222 654185836 45117893464 10347777 0 8247575 0 0 0
1791127970 2872, 13801, 56, 0x0000000000000000 | 33.42 27.05 24.28 | cpu  4407460840 10412222 654186130 45117920249 10347778 0 8247575 0 0 0
1791127972 2872, 13801, 56, 0x0000000000000000 | 31.15 26.68 24.18 | cpu  4407462379 10412222 654186407 45117946333 10347778 0 8247575 0 0 0
1791127973 2857, 13801, 55, 0x0000000000000000 | 31.15 26.68 24.18 | cpu  4407462630 10412222 654186813 45117973438 10347779 0 8247576 0 0 0
1791127974 2880, 13801, 55, 0x0000000000000000 | 31.15 26.68 24.18 | cpu  4407463794 10412222 654187403 45117999421 10347780 0 8247577 0 0 0
1791127975 2880, 13801, 54, 0x0000000000000000 | 31.15 26.68 24.18 | cpu  4407465406 10412222 654187999 45118024969 10347780 0 8247577 0 0 0
1791127976 2865, 13801, 55, 0x0000000000000000 | 29.05 26.32 24.07 | cpu  4407465664 10412223 654188292 45118052344 10347782 0 8247578 0 0 0
1791127977 2880, 13801, 54, 0x0000000000000000 | 29.05 26.32 24.07 | cpu  4407468132 10412223 654188869 45118077182 10347782 0 8247579 0 0 0
1791127978 2872, 13801, 55, 0x0000000000000000 | 29.05 26.32 24.07 | cpu  4407471568 10412223 654189559 45118100831 10347783 0 8247580 0 0 0
1791127979 2865, 13801, 56, 0x0000000000000000 | 29.05 26.32 24.07 | cpu  4407472245 10412224 654190018 45118127624 10347783 0 8247582 0 0 0
1791127980 2872, 13801, 55, 0x0000000000000000 | 29.05 26.32 24.07 | cpu  4407472869 10412224 654190299 45118154775 10347784 0 8247582 0 0 0
1791127981 2872, 13801, 56, 0x0000000000000000 | 29.53 26.46 24.13 | cpu  4407474032 10412224 654190666 45118181142 10347785 0 8247583 0 0 0
1791127982 2872, 13801, 56, 0x0000000000000000 | 29.53 26.46 24.13 | cpu  4407475793 10412225 654191251 45118206746 10347785 0 8247583 0 0 0
1791127984 2880, 13801, 55, 0x0000000000000000 | 29.53 26.46 24.13 | cpu  4407477091 10412225 654191477 45118233093 10347786 0 8247584 0 0 0
1791127985 2865, 13801, 56, 0x0000000000000000 | 29.53 26.46 24.13 | cpu  4407478784 10412225 654191856 45118259238 10347789 0 8247584 0 0 0
1791127986 2865, 13801, 56, 0x0000000000000000 | 29.53 26.46 24.13 | cpu  4407480204 10412225 654192181 45118285300 10347789 0 8247584 0 0 0
1791127987 2730, 13801, 55, 0x0000000000000000 | 27.64 26.12 24.03 | cpu  4407483874 10412226 654192434 45118309521 10347789 0 8247585 0 0 0
1791127988 2880, 13801, 54, 0x0000000000000000 | 27.64 26.12 24.03 | cpu  4407488309 10412226 654192645 45118333037 10347789 0 8247585 0 0 0
1791127989 2880, 13801, 54, 0x0000000000000000 | 27.64 26.12 24.03 | cpu  4407493007 10412226 654193043 45118356103 10347790 0 8247585 0 0 0
1791127990 2887, 13801, 55, 0x0000000000000000 | 27.64 26.12 24.03 | cpu  4407497809 10412226 654193625 45118378737 10347791 0 8247587 0 0 0
1791127991 2880, 13801, 54, 0x0000000000000000 | 25.75 25.76 23.93 | cpu  4407501329 10412226 654193743 45118403123 10347791 0 8247587 0 0 0
1791127992 2887, 13801, 55, 0x0000000000000000 | 25.75 25.76 23.93 | cpu  4407505398 10412226 654193995 45118426892 10347791 0 8247588 0 0 0
1791127993 2880, 13801, 54, 0x0000000000000000 | 25.75 25.76 23.93 | cpu  4407509016 10412226 654194191 45118451301 10347792 0 8247588 0 0 0
1791127995 2872, 13801, 55, 0x0000000000000000 | 25.75 25.76 23.93 | cpu  4407511559 10412227 654194304 45118476566 10347793 0 8247588 0 0 0
1791127996 2872, 13801, 56, 0x0000000000000000 | 25.75 25.76 23.93 | cpu  4407512636 10412227 654194644 45118503019 10347793 0 8247588 0 0 0
1791127997 2857, 13801, 58, 0x0000000000000000 | 24.01 25.39 23.82 | cpu  4407514121 10412227 654194935 45118529019 10347793 0 8247588 0 0 0
1791127998 2872, 13801, 55, 0x0000000000000000 | 24.01 25.39 23.82 | cpu  4407515286 10412227 654195133 45118555393 10347793 0 8247588 0 0 0
1791127999 2880, 13801, 56, 0x0000000000000000 | 24.01 25.39 23.82 | cpu  4407516511 10412227 654195298 45118581898 10347793 0 8247588 0 0 0
1791128000 2865, 13801, 57, 0x0000000000000000 | 24.01 25.39 23.82 | cpu  4407517444 10412228 654195668 45118608565 10347794 0 8247589 0 0 0
1791128001 2880, 13801, 55, 0x0000000000000000 | 22.57 25.07 23.72 | cpu  4407518350 10412228 654196208 45118635056 10347795 0 8247590 0 0 0
1791128002 2857, 13801, 55, 0x0000000000000000 | 22.57 25.07 23.72 | cpu  4407519743 10412228 654196577 45118661151 10347795 0 8247591 0 0 0
1791128003 2850, 13801, 57, 0x0000000000000000 | 22.57 25.07 23.72 | cpu  4407521692 10412228 654196834 45118686650 10347796 0 8247591 0 0 0
1791128004 2880, 13801, 56, 0x0000000000000000 | 22.57 25.07 23.72 | cpu  4407522936 10412228 654197461 45118712461 10347796 0 8247592 0 0 0
1791128005 2880, 13801, 56, 0x0000000000000000 | 22.57 25.07 23.72 | cpu  4407524419 10412229 654197963 45118738253 10347797 0 8247592 0 0 0
1791128007 2887, 13801, 56, 0x0000000000000000 | 21.24 24.76 23.63 | cpu  4407525131 10412229 654198373 45118765567 10347797 0 8247592 0 0 0
1791128008 2880, 13801, 56, 0x0000000000000000 | 21.24 24.76 23.63 | cpu  4407525709 10412229 654198676 45118792562 10347797 0 8247592 0 0 0
1791128009 2865, 13801, 57, 0x0000000000000000 | 21.24 24.76 23.63 | cpu  4407527456 10412229 654199087 45118818265 10347797 0 8247593 0 0 0
1791128010 2707, 13801, 55, 0x0000000000000000 | 21.24 24.76 23.63 | cpu  4407528773 10412229 654199936 45118844170 10347797 0 8247593 0 0 0
1791128011 2880, 13801, 57, 0x0000000000000000 | 21.30 24.71 23.62 | cpu  4407530333 10412229 654200484 45118870083 10347798 0 8247593 0 0 0
1791128012 2872, 13801, 56, 0x0000000000000000 | 21.30 24.71 23.62 | cpu  4407531178 10412229 654200901 45118896686 10347798 0 8247593 0 0 0
1791128013 2872, 13801, 57, 0x0000000000000000 | 21.30 24.71 23.62 | cpu  4407531598 10412229 654201197 45118924088 10347798 0 8247594 0 0 0
1791128014 2865, 13801, 58, 0x0000000000000000 | 21.30 24.71 23.62 | cpu  4407532352 10412229 654201498 45118950843 10347799 0 8247594 0 0 0
1791128015 2872, 13801, 57, 0x0000000000000000 | 21.30 24.71 23.62 | cpu  4407533446 10412229 654201909 45118977281 10347800 0 8247594 0 0 0
1791128016 2865, 13801, 56, 0x0000000000000000 | 21.68 24.73 23.63 | cpu  4407535132 10412230 654202742 45119002532 10347801 0 8247595 0 0 0
1791128017 2865, 13801, 58, 0x0000000000000000 | 21.68 24.73 23.63 | cpu  4407536699 10412230 654203579 45119028073 10347801 0 8247595 0 0 0
1791128019 2857, 13801, 58, 0x0000000000000000 | 21.68 24.73 23.63 | cpu  4407538094 10412230 654203895 45119054777 10347801 0 8247595 0 0 0
1791128020 2872, 13801, 56, 0x0000000000000000 | 21.68 24.73 23.63 | cpu  4407543595 10412230 654204323 45119077260 10347803 0 8247596 0 0 0
1791128021 2880, 13801, 57, 0x0000000000000000 | 21.68 24.73 23.63 | cpu  4407548450 10412230 654204750 45119100025 10347803 0 8247596 0 0 0
1791128022 2872, 13801, 56, 0x0000000000000000 | 31.87 26.79 24.31 | cpu  4407552820 10412230 654205049 45119123507 10347803 0 8247596 0 0 0
1791128023 2872, 13801, 57, 0x0000000000000000 | 31.87 26.79 24.31 | cpu  4407555594 10412230 654205267 45119148552 10347804 0 8247596 0 0 0
1791128024 2865, 13801, 58, 0x0000000000000000 | 31.87 26.79 24.31 | cpu  4407557966 10412230 654205864 45119173463 10347805 0 8247597 0 0 0
1791128025 2850, 13801, 58, 0x0000000000000000 | 31.87 26.79 24.31 | cpu  4407558614 10412231 654206163 45119200167 10347805 0 8247599 0 0 0
1791128026 2865, 13801, 57, 0x0000000000000000 | 29.64 26.42 24.20 | cpu  4407559089 10412231 654206378 45119227417 10347805 0 8247599 0 0 0
1791128027 2880, 13801, 56, 0x0000000000000000 | 29.64 26.42 24.20 | cpu  4407560568 10412231 654206773 45119253317 10347805 0 8247600 0 0 0
1791128028 2872, 13801, 57, 0x0000000000000000 | 29.64 26.42 24.20 | cpu  4407564140 10412231 654207175 45119277376 10347806 0 8247600 0 0 0
1791128030 2880, 13801, 58, 0x0000000000000000 | 29.64 26.42 24.20 | cpu  4407565293 10412231 654207357 45119303953 10347806 0 8247600 0 0 0
1791128031 2880, 13801, 57, 0x0000000000000000 | 29.64 26.42 24.20 | cpu  4407566749 10412231 654207953 45119329935 10347806 0 8247600 0 0 0
1791128032 2880, 13801, 56, 0x0000000000000000 | 31.43 26.84 24.35 | cpu  4407568497 10412231 654208426 45119355756 10347806 0 8247600 0 0 0
1791128033 2880, 13801, 56, 0x0000000000000000 | 31.43 26.84 24.35 | cpu  4407569430 10412231 654208723 45119382380 10347807 0 8247601 0 0 0
1791128034 2872, 13801, 58, 0x0000000000000000 | 31.43 26.84 24.35 | cpu  4407570259 10412231 654208998 45119409355 10347808 0 8247601 0 0 0
1791128035 2865, 13801, 56, 0x0000000000000000 | 31.43 26.84 24.35 | cpu  4407571736 10412231 654209475 45119435318 10347809 0 8247601 0 0 0
1791128036 2887, 13801, 56, 0x0000000000000000 | 30.52 26.73 24.32 | cpu  4407573126 10412231 654210130 45119461093 10347810 0 8247601 0 0 0
1791128037 2887, 13801, 56, 0x0000000000000000 | 30.52 26.73 24.32 | cpu  4407575041 10412231 654210503 45119486478 10347810 0 8247601 0 0 0
1791128038 2880, 13801, 56, 0x0000000000000000 | 30.52 26.73 24.32 | cpu  4407577073 10412232 654210989 45119511807 10347811 0 8247601 0 0 0
1791128039 2880, 13801, 56, 0x0000000000000000 | 30.52 26.73 24.32 | cpu  4407579059 10412232 654211409 45119537678 10347812 0 8247601 0 0 0
1791128040 2887, 13801, 56, 0x0000000000000000 | 30.52 26.73 24.32 | cpu  4407579593 10412232 654211700 45119564600 10347812 0 8247602 0 0 0
1791128042 2872, 13801, 59, 0x0000000000000000 | 28.39 26.35 24.21 | cpu  4407579828 10412232 654211891 45119592076 10347812 0 8247603 0 0 0
1791128043 2880, 13801, 57, 0x0000000000000000 | 28.39 26.35 24.21 | cpu  4407580541 10412232 654212012 45119619103 10347812 0 8247604 0 0 0
1791128044 2857, 13801, 58, 0x0000000000000000 | 28.39 26.35 24.21 | cpu  4407582185 10412232 654212489 45119644938 10347812 0 8247604 0 0 0
1791128045 2872, 13801, 58, 0x0000000000000000 | 28.39 26.35 24.21 | cpu  4407582935 10412233 654212708 45119671771 10347813 0 8247604 0 0 0
1791128046 2857, 13801, 57, 0x0000000000000000 | 26.52 25.99 24.11 | cpu  4407584364 10412233 654213207 45119697722 10347813 0 8247604 0 0 0
1791128047 2880, 13801, 57, 0x0000000000000000 | 26.52 25.99 24.11 | cpu  4407586677 10412233 654213486 45119723285 10347815 0 8247605 0 0 0
1791128048 2520, 13801, 56, 0x0000000000000000 | 26.52 25.99 24.11 | cpu  4407591568 10412233 654216809 45119743399 10347815 0 8247605 0 0 0
1791128049 2887, 13801, 56, 0x0000000000000000 | 26.52 25.99 24.11 | cpu  4407596062 10412233 654220289 45119763215 10347817 0 8247606 0 0 0
1791128050 2880, 13801, 57, 0x0000000000000000 | 26.52 25.99 24.11 | cpu  4407601029 10412233 654222540 45119784196 10347817 0 8247607 0 0 0
1791128051 2880, 13801, 58, 0x0000000000000000 | 31.68 27.07 24.47 | cpu  4407606670 10412233 654223387 45119805712 10347819 0 8247607 0 0 0
1791128052 2865, 13801, 57, 0x0000000000000000 | 31.68 27.07 24.47 | cpu  4407610160 10412233 654223973 45119829504 10347819 0 8247607 0 0 0
1791128054 2865, 13801, 59, 0x0000000000000000 | 31.68 27.07 24.47 | cpu  4407610488 10412233 654224448 45119856575 10347819 0 8247607 0 0 0
1791128055 2857, 13801, 59, 0x0000000000000000 | 31.68 27.07 24.47 | cpu  4407611019 10412233 654224863 45119883303 10347819 0 8247607 0 0 0
1791128056 2880, 13801, 59, 0x0000000000000000 | 31.68 27.07 24.47 | cpu  4407612488 10412234 654225678 45119908757 10347820 0 8247607 0 0 0
1791128057 2880, 13801, 57, 0x0000000000000000 | 29.79 26.76 24.38 | cpu  4407614142 10412234 654226089 45119934830 10347821 0 8247608 0 0 0
1791128058 2865, 13801, 60, 0x0000000000000000 | 29.79 26.76 24.38 | cpu  4407615974 10412234 654226591 45119960355 10347821 0 8247608 0 0 0
1791128059 2872, 13801, 58, 0x0000000000000000 | 29.79 26.76 24.38 | cpu  4407617748 10412234 654227284 45119985702 10347821 0 8247609 0 0 0
1791128060 2850, 13801, 58, 0x0000000000000000 | 29.79 26.76 24.38 | cpu  4407619146 10412235 654227524 45120011999 10347821 0 8247609 0 0 0
1791128061 2865, 13801, 57, 0x0000000000000000 | 28.68 26.58 24.33 | cpu  4407621017 10412235 654228151 45120037337 10347821 0 8247609 0 0 0
1791128062 2857, 13801, 57, 0x0000000000000000 | 28.68 26.58 24.33 | cpu  4407622448 10412235 654228544 45120063238 10347822 0 8247609 0 0 0
1791128063 2857, 13801, 59, 0x0000000000000000 | 28.68 26.58 24.33 | cpu  4407623338 10412235 654228904 45120089999 10347823 0 8247610 0 0 0
1791128064 2865, 13801, 60, 0x0000000000000000 | 28.68 26.58 24.33 | cpu  4407624923 10412235 654229666 45120115646 10347823 0 8247610 0 0 0
1791128066 2887, 13801, 57, 0x0000000000000000 | 28.68 26.58 24.33 | cpu  4407625559 10412235 654230369 45120142213 10347832 0 8247610 0 0 0
1791128067 2872, 13801, 57, 0x0000000000000000 | 27.03 26.27 24.25 | cpu  4407626850 10412235 654231060 45120168481 10347840 0 8247610 0 0 0
1791128068 2865, 13801, 58, 0x0000000000000000 | 27.03 26.27 24.25 | cpu  4407627313 10412235 654231562 45120195520 10347841 0 8247612 0 0 0
1791128069 2865, 13801, 59, 0x0000000000000000 | 27.03 26.27 24.25 | cpu  4407628360 10412235 654231878 45120221998 10347841 0 8247612 0 0 0
1791128070 2880, 13801, 58, 0x0000000000000000 | 27.03 26.27 24.25 | cpu  4407628697 10412236 654232172 45120249213 10347841 0 8247613 0 0 0
1791128071 2887, 13801, 57, 0x0000000000000000 | 25.34 25.93 24.15 | cpu  4407630477 10412236 654232327 45120275135 10347842 0 8247614 0 0 0
1791128072 2895, 13801, 58, 0x0000000000000000 | 25.34 25.93 24.15 | cpu  4407630933 10412236 654232573 45120302269 10347843 0 8247614 0 0 0
1791128073 2872, 13801, 58, 0x0000000000000000 | 25.34 25.93 24.15 | cpu  4407631378 10412236 654232800 45120329328 10347843 0 8247614 0 0 0
1791128074 2880, 13801, 58, 0x0000000000000000 | 25.34 25.93 24.15 | cpu  4407631821 10412236 654233028 45120356511 10347844 0 8247615 0 0 0
1791128075 2857, 13801, 59, 0x0000000000000000 | 25.34 25.93 24.15 | cpu  4407633218 10412236 654233233 45120383603 10347847 0 8247615 0 0 0
1791128077 2857, 13801, 60, 0x0000000000000000 | 23.55 25.55 24.03 | cpu  4407633598 10412236 654233370 45120411030 10347847 0 8247616 0 0 0
1791128078 2865, 13801, 58, 0x0000000000000000 | 23.55 25.55 24.03 | cpu  4407634466 10412236 654233510 45120438048 10347848 0 8247616 0 0 0
1791128079 2880, 13801, 59, 0x0000000000000000 | 23.55 25.55 24.03 | cpu  4407637994 10412236 654233625 45120462395 10347848 0 8247616 0 0 0
1791128080 2677, 13801, 56, 0x0000000000000000 | 23.55 25.55 24.03 | cpu  4407642644 10412236 654233750 45120485729 10347848 0 8247617 0 0 0
1791128081 2880, 13801, 57, 0x0000000000000000 | 22.07 25.21 23.93 | cpu  4407646249 10412237 654234034 45120509855 10347849 0 8247617 0 0 0
1791128082 2880, 13801, 57, 0x0000000000000000 | 22.07 25.21 23.93 | cpu  4407649673 10412237 654234297 45120534045 10347849 0 8247617 0 0 0
1791128083 2880, 13801, 57, 0x0000000000000000 | 22.07 25.21 23.93 | cpu  4407650175 10412237 654234486 45120561558 10347849 0 8247617 0 0 0
1791128084 2880, 13801, 58, 0x0000000000000000 | 22.07 25.21 23.93 | cpu  4407651237 10412237 654234706 45120588734 10347849 0 8247617 0 0 0
1791128085 2887, 13801, 57, 0x0000000000000000 | 22.07 25.21 23.93 | cpu  4407651513 10412238 654234915 45120616267 10347850 0 8247617 0 0 0
1791128086 2880, 13801, 57, 0x0000000000000000 | 20.62 24.86 23.82 | cpu  4407652350 10412238 654235126 45120643087 10347850 0 8247618 0 0 0
1791128087 2880, 13801, 55, 0x0000000000000000 | 20.62 24.86 23.82 | cpu  4407655250 10412238 654235443 45120667887 10347850 0 8247618 0 0 0
1791128089 2400, 13801, 54, 0x0000000000000000 | 20.62 24.86 23.82 | cpu  4407656259 10412238 654235790 45120694254 10347850 0 8247618 0 0 0
1791128090 2400, 13801, 54, 0x0000000000000000 | 20.62 24.86 23.82 | cpu  4407657300 10412238 654236243 45120720419 10347850 0 8247619 0 0 0
1791128091 2400, 13801, 54, 0x0000000000000000 | 20.62 24.86 23.82 | cpu  4407658714 10412238 654236663 45120746432 10347850 0 8247619 0 0 0
1791128092 2400, 13801, 53, 0x0000000000000000 | 21.37 24.94 23.86 | cpu  4407659199 10412238 654237068 45120773407 10347851 0 8247619 0 0 0
