1791128195 180, 405, 44, 0x0000000000000000 | 7.07 18.98 21.83 | cpu  4407811633 10412256 654258504 45123242003 10348100 0 8248586 0 0 0
1791128196 180, 405, 44, 0x0000000000000000 | 6.90 18.75 21.74 | cpu  4407812813 10412256 654258804 45123268685 10348141 0 8248586 0 0 0
1791128197 180, 405, 44, 0x0000000000000000 | 6.90 18.75 21.74 | cpu  4407814128 10412256 654259012 45123295478 10348144 0 8248587 0 0 0
1791128199 180, 405, 44, 0x0000000000000000 | 6.90 18.75 21.74 | cpu  4407818105 10412256 654259230 45123323183 10348144 0 8248587 0 0 0
1791128200 180, 405, 44, 0x0000000000000000 | 6.90 18.75 21.74 | cpu  4407818507 10412256 654259514 45123351748 10348144 0 8248588 0 0 0
1791128201 180, 405, 44, 0x0000000000000000 | 7.95 18.77 21.73 | cpu  4407819895 10412257 654259784 45123378921 10348155 0 8248588 0 0 0
1791128202 180, 405, 44, 0x0000000000000000 | 7.95 18.77 21.73 | cpu  4407821090 10412257 654260095 45123406371 10348168 0 8248588 0 0 0
1791128203 2400, 13801, 45, 0x0000000000000000 | 7.95 18.77 21.73 | cpu  4407823802 10412258 654260324 45123431375 10348171 0 8248589 0 0 0
1791128204 2775, 13801, 45, 0x0000000000000000 | 7.95 18.77 21.73 | cpu  4407826140 10412258 654260616 45123456659 10348175 0 8248589 0 0 0
1791128205 2775, 13801, 46, 0x0000000000000000 | 7.95 18.77 21.73 | cpu  4407828505 10412258 654260955 45123481829 10348177 0 8248589 0 0 0
1791128206 2910, 13801, 46, 0x0000000000000000 | 9.00 18.80 21.72 | cpu  4407831015 10412258 654261266 45123506850 10348195 0 8248589 0 0 0
1791128208 2902, 13801, 46, 0x0000000000000000 | 9.00 18.80 21.72 | cpu  4407832929 10412258 654261487 45123532677 10348208 0 8248589 0 0 0
1791128209 2902, 13801, 46, 0x0000000000000000 | 9.00 18.80 21.72 | cpu  4407834231 10412258 654261767 45123558782 10348226 0 8248589 0 0 0
1791128210 2400, 13801, 45, 0x0000000000000000 | 9.00 18.80 21.72 | cpu  4407836576 10412258 654262078 45123583854 10348244 0 8248589 0 0 0
1791128211 2452, 13801, 45, 0x0000000000000000 | 9.00 18.80 21.72 | cpu  4407842187 10412258 654262288 45123605802 10348248 0 8248589 0 0 0
1791128212 2400, 13801, 45, 0x0000000000000000 | 9.80 18.81 21.71 | cpu  4407847179 10412258 654262533 45123628354 10348249 0 8248590 0 0 0
1791128213 2422, 13801, 45, 0x0000000000000000 | 9.80 18.81 21.71 | cpu  4407851619 10412259 654262792 45123651361 10348250 0 8248590 0 0 0
1791128214 2422, 13801, 45, 0x0000000000000000 | 9.80 18.81 21.71 | cpu  4407856223 10412259 654262983 45123674413 10348251 0 8248591 0 0 0
1791128215 2535, 13801, 45, 0x0000000000000000 | 9.80 18.81 21.71 | cpu  4407856414 10412259 654263163 45123701578 10348251 0 8248591 0 0 0
1791128216 2400, 13801, 45, 0x0000000000000000 | 10.45 18.79 21.69 | cpu  4407857421 10412259 654263238 45123728027 10348251 0 8248591 0 0 0
1791128217 2400, 13801, 45, 0x0000000000000000 | 10.45 18.79 21.69 | cpu  4407859324 10412259 654263315 45123753988 10348251 0 8248591 0 0 0
1791128218 2400, 13801, 45, 0x0000000000000000 | 10.45 18.79 21.69 | cpu  4407861081 10412259 654263411 45123780107 10348251 0 8248591 0 0 0
1791128219 2400, 13801, 45, 0x0000000000000000 | 10.45 18.79 21.69 | cpu  4407861249 10412260 654263533 45123807547 10348251 0 8248591 0 0 0
1791128221 2400, 13801, 45, 0x0000000000000000 | 10.45 18.79 21.69 | cpu  4407861332 10412260 654263612 45123835434 10348251 0 8248592 0 0 0
1791128222 2400, 13801, 45, 0x0000000000000000 | 9.78 18.52 21.58 | cpu  4407862053 10412260 654263731 45123862295 10348251 0 8248592 0 0 0
1791128223 2400, 13801, 45, 0x0000000000000000 | 9.78 18.52 21.58 | cpu  4407863297 10412262 654263847 45123888715 10348253 0 8248592 0 0 0
1791128224 2407, 13801, 45, 0x0000000000000000 | 9.78 18.52 21.58 | cpu  4407864170 10412262 654264001 45123915471 10348253 0 8248594 0 0 0
1791128225 2400, 13801, 45, 0x0000000000000000 | 9.78 18.52 21.58 | cpu  4407865985 10412262 654264244 45123941226 10348253 0 8248594 0 0 0
1791128226 2400, 13801, 45, 0x0000000000000000 | 9.23 18.26 21.48 | cpu  4407867330 10412262 654264470 45123967406 10348253 0 8248594 0 0 0
1791128227 2400, 13801, 45, 0x0000000000000000 | 9.23 18.26 21.48 | cpu  4407867716 10412262 654264683 45123994417 10348253 0 8248594 0 0 0
1791128228 2400, 13801, 45, 0x0000000000000000 | 9.23 18.26 21.48 | cpu  4407868713 10412262 654264939 45124020907 10348253 0 8248595 0 0 0
1791128229 2400, 13801, 45, 0x0000000000000000 | 9.23 18.26 21.48 | cpu  4407869239 10412262 654265205 45124048259 10348255 0 8248595 0 0 0
1791128230 2400, 13801, 45, 0x0000000000000000 | 9.23 18.26 21.48 | cpu  4407869592 10412262 654265513 45124075665 10348255 0 8248595 0 0 0
1791128231 2400, 13801, 45, 0x0000000000000000 | 8.82 18.02 21.39 | cpu  4407870193 10412263 654265744 45124102894 10348255 0 8248596 0 0 0
1791128233 2437, 13801, 45, 0x0000000000000000 | 8.82 18.02 21.39 | cpu  4407870393 10412263 654265934 45124130596 10348255 0 8248596 0 0 0
1791128234 2400, 13801, 45, 0x0000000000000000 | 8.82 18.02 21.39 | cpu  4407870553 10412263 654266118 45124158144 10348256 0 8248597 0 0 0
1791128235 2400, 13801, 45, 0x0000000000000000 | 8.82 18.02 21.39 | cpu  4407870749 10412264 654266273 45124185573 10348257 0 8248597 0 0 0
1791128236 2872, 13801, 49, 0x0000000000000000 | 8.82 18.02 21.39 | cpu  4407871200 10412264 654266394 45124212548 10348257 0 8248597 0 0 0
1791128237 2865, 13801, 49, 0x0000000000000000 | 8.35 17.77 21.29 | cpu  4407871371 10412264 654266560 45124239841 10348257 0 8248597 0 0 0
1791128238 2430, 13801, 46, 0x0000000000000000 | 8.35 17.77 21.29 | cpu  4407871548 10412264 654266754 45124267166 10348257 0 8248597 0 0 0
1791128239 2422, 13801, 45, 0x0000000000000000 | 8.35 17.77 21.29 | cpu  4407871732 10412264 654267094 45124294920 10348257 0 8248597 0 0 0
1791128240 2887, 13801, 47, 0x0000000000000000 | 8.35 17.77 21.29 | cpu  4407871932 10412265 654267359 45124322262 10348258 0 8248597 0 0 0
1791128241 2865, 13801, 50, 0x0000000000000000 | 8.00 17.54 21.20 | cpu  4407872231 10412265 654267540 45124349521 10348258 0 8248597 0 0 0
1791128242 2895, 13801, 48, 0x0000000000000000 | 8.00 17.54 21.20 | cpu  4407872706 10412265 654267659 45124376596 10348258 0 8248597 0 0 0
1791128243 2902, 13801, 47, 0x0000000000000000 | 8.00 17.54 21.20 | cpu  4407872941 10412265 654267771 45124403754 10348258 0 8248597 0 0 0
1791128244 2857, 13801, 54, 0x0000000000000000 | 8.00 17.54 21.20 | cpu  4407873189 10412265 654267879 45124431320 10348258 0 8248597 0 0 0
1791128246 2857, 13801, 54, 0x0000000000000000 | 8.00 17.54 21.20 | cpu  4407873589 10412266 654268038 45124458608 10348259 0 8248597 0 0 0
1791128247 2872, 13801, 51, 0x0000000000000000 | 7.60 17.30 21.10 | cpu  4407873763 10412266 654268244 45124485922 10348259 0 8248597 0 0 0
1791128248 2872, 13801, 51, 0x0000000000000000 | 7.60 17.30 21.10 | cpu  4407873984 10412266 654268487 45124513207 10348259 0 8248597 0 0 0
1791128249 2865, 13801, 52, 0x0000000000000000 | 7.60 17.30 21.10 | cpu  4407874631 10412266 654268652 45124540171 10348259 0 8248597 0 0 0
1791128250 2872, 13801, 53, 0x0000000000000000 | 7.60 17.30 21.10 | cpu  4407875212 10412266 654268789 45124567397 10348259 0 8248597 0 0 0
1791128251 2857, 13801, 52, 0x0000000000000000 | 7.31 17.08 21.01 | cpu  4407875650 10412266 654268934 45124594694 10348260 0 8248598 0 0 0
1791128252 2865, 13801, 53, 0x0000000000000000 | 7.31 17.08 21.01 | cpu  4407876221 10412266 654269092 45124622078 10348260 0 8248599 0 0 0
1791128253 2857, 13801, 54, 0x0000000000000000 | 7.31 17.08 21.01 | cpu  4407876789 10412266 654269212 45124649108 10348260 0 8248599 0 0 0
1791128254 2872, 13801, 53, 0x0000000000000000 | 7.31 17.08 21.01 | cpu  4407877174 10412266 654269353 45124676466 10348260 0 8248599 0 0 0
1791128255 2880, 13801, 51, 0x0000000000000000 | 7.31 17.08 21.01 | cpu  4407877744 10412266 654269508 45124703674 10348261 0 8248599 0 0 0
1791128256 2857, 13801, 54, 0x0000000000000000 | 6.97 16.85 20.91 | cpu  4407878319 10412267 654269681 45124730629 10348261 0 8248599 0 0 0
1791128258 2850, 13801, 55, 0x0000000000000000 | 6.97 16.85 20.91 | cpu  4407878715 10412267 654269811 45124757930 10348261 0 8248599 0 0 0
1791128259 2857, 13801, 55, 0x0000000000000000 | 6.97 16.85 20.91 | cpu  4407882272 10412267 654269938 45124782209 10348261 0 8248600 0 0 0
1791128260 2857, 13801, 56, 0x0000000000000004 | 6.97 16.85 20.91 | cpu  4407885818 10412267 654270073 45124806864 10348261 0 8248601 0 0 0
1791128261 2850, 13801, 56, 0x0000000000000004 | 6.97 16.85 20.91 | cpu  4407889406 10412267 654270152 45124831082 10348261 0 8248601 0 0 0
1791128262 2857, 13801, 54, 0x0000000000000000 | 6.57 16.60 20.81 | cpu  4407893050 10412267 654270194 45124855552 10348262 0 8248601 0 0 0
1791128263 2850, 13801, 56, 0x0000000000000000 | 6.57 16.60 20.81 | cpu  4407896632 10412267 654270256 45124879809 10348262 0 8248601 0 0 0
1791128264 2857, 13801, 57, 0x0000000000000000 | 6.57 16.60 20.81 | cpu  4407900403 10412267 654270330 45124903905 10348262 0 8248601 0 0 0
1791128265 2850, 13801, 56, 0x0000000000000000 | 6.57 16.60 20.81 | cpu  4407903825 10412268 654270455 45124928310 10348262 0 8248602 0 0 0
1791128266 2842, 13801, 57, 0x0000000000000004 | 6.68 16.46 20.74 | cpu  4407905883 10412268 654270579 45124954027 10348262 0 8248602 0 0 0
1791128267 2842, 13801, 60, 0x0000000000000004 | 6.68 16.46 20.74 | cpu  4407906130 10412268 654270686 45124981399 10348262 0 8248602 0 0 0
1791128268 2865, 13801, 55, 0x0000000000000000 | 6.68 16.46 20.74 | cpu  4407906379 10412268 654270785 45125008665 10348263 0 8248602 0 0 0
1791128270 2865, 13801, 55, 0x0000000000000000 | 6.68 16.46 20.74 | cpu  4407906634 10412268 654270895 45125036205 10348264 0 8248602 0 0 0
1791128271 2857, 13801, 55, 0x0000000000000000 | 6.68 16.46 20.74 | cpu  4407906895 10412268 654271018 45125063690 10348265 0 8248602 0 0 0
1791128272 2842, 13801, 59, 0x0000000000000000 | 6.39 16.23 20.64 | cpu  4407907156 10412268 654271152 45125091142 10348265 0 8248602 0 0 0
1791128273 2835, 13801, 61, 0x0000000000000004 | 6.39 16.23 20.64 | cpu  4407907345 10412268 654271398 45125118623 10348265 0 8248602 0 0 0
1791128274 2850, 13801, 59, 0x0000000000000000 | 6.39 16.23 20.64 | cpu  4407908092 10412268 654271545 45125145455 10348266 0 8248603 0 0 0
1791128275 2857, 13801, 58, 0x0000000000000000 | 6.39 16.23 20.64 | cpu  4407908329 10412268 654271885 45125173127 10348267 0 8248603 0 0 0
1791128276 2857, 13801, 56, 0x0000000000000000 | 6.20 16.03 20.55 | cpu  4407909535 10412269 654272212 45125199291 10348267 0 8248604 0 0 0
1791128277 2850, 13801, 57, 0x0000000000000000 | 6.20 16.03 20.55 | cpu  4407909896 10412269 654272528 45125226726 10348267 0 8248604 0 0 0
1791128278 2842, 13801, 59, 0x0000000000000000 | 6.20 16.03 20.55 | cpu  4407910839 10412269 654272883 45125253271 10348267 0 8248604 0 0 0
1791128279 2835, 13801, 59, 0x0000000000000000 | 6.20 16.03 20.55 | cpu  4407911248 10412269 654273227 45125280347 10348267 0 8248604 0 0 0
1791128280 2850, 13801, 59, 0x0000000000000000 | 6.20 16.03 20.55 | cpu  4407911645 10412269 654273460 45125307629 10348267 0 8248604 0 0 0
1791128282 2857, 13801, 59, 0x0000000000000000 | 9.86 16.63 20.72 | cpu  4407913566 10412269 654273735 45125333369 10348269 0 8248604 0 0 0
1791128283 2857, 13801, 59, 0x0000000000000000 | 9.86 16.63 20.72 | cpu  4407915728 10412269 654273849 45125359017 10348269 0 8248605 0 0 0
1791128284 2857, 13801, 58, 0x0000000000000000 | 9.86 16.63 20.72 | cpu  4407918457 10412269 654274180 45125383995 10348269 0 8248605 0 0 0
1791128285 2857, 13801, 59, 0x0000000000000000 | 9.86 16.63 20.72 | cpu  4407920631 10412270 654274728 45125409249 10348269 0 8248606 0 0 0
1791128286 2857, 13801, 60, 0x0000000000000000 | 9.71 16.48 20.65 | cpu  4407921570 10412270 654275327 45125435761 10348270 0 8248606 0 0 0
1791128287 2857, 13801, 58, 0x0000000000000000 | 9.71 16.48 20.65 | cpu  4407923120 10412270 654275895 45125461902 10348272 0 8248606 0 0 0
1791128288 2842, 13801, 62, 0x0000000000000004 | 9.71 16.48 20.65 | cpu  4407923836 10412270 654276297 45125488647 10348273 0 8248606 0 0 0
1791128289 2842, 13801, 62, 0x0000000000000004 | 9.71 16.48 20.65 | cpu  4407924808 10412270 654276792 45125515119 10348274 0 8248606 0 0 0
1791128290 2850, 13801, 60, 0x0000000000000000 | 9.71 16.48 20.65 | cpu  4407926081 10412270 654277198 45125541304 10348274 0 8248607 0 0 0
1791128291 2835, 13801, 62, 0x0000000000000004 | 9.50 16.33 20.58 | cpu  4407926346 10412271 654277826 45125568454 10348274 0 8248607 0 0 0
1791128293 2850, 13801, 59, 0x0000000000000000 | 9.50 16.33 20.58 | cpu  4407927516 10412271 654278363 45125594656 10348275 0 8248607 0 0 0
1791128294 2857, 13801, 58, 0x0000000000000000 | 9.50 16.33 20.58 | cpu  4407929056 10412271 654278867 45125620608 10348277 0 8248607 0 0 0
1791128295 2872, 13801, 57, 0x0000000000000000 | 9.50 16.33 20.58 | cpu  4407929979 10412271 654279398 45125647205 10348278 0 8248607 0 0 0
1791128296 2865, 13801, 57, 0x0000000000000000 | 9.50 16.33 20.58 | cpu  4407931376 10412271 654279761 45125673349 10348278 0 8248607 0 0 0
1791128297 2857, 13801, 58, 0x0000000000000000 | 11.78 16.68 20.67 | cpu  4407932802 10412271 654280108 45125699527 10348279 0 8248607 0 0 0
1791128298 2850, 13801, 63, 0x0000000000000004 | 11.78 16.68 20.67 | cpu  4407933062 10412271 654280466 45125726917 10348279 0 8248608 0 0 0
1791128299 2872, 13801, 58, 0x0000000000000000 | 11.78 16.68 20.67 | cpu  4407934658 10412271 654281175 45125752637 10348279 0 8248608 0 0 0
1791128300 2835, 13801, 63, 0x0000000000000004 | 11.78 16.68 20.67 | cpu  4407936268 10412271 654281796 45125778732 10348280 0 8248608 0 0 0
1791128301 2850, 13801, 63, 0x0000000000000004 | 11.40 16.52 20.60 | cpu  4407936736 10412271 654282146 45125805723 10348281 0 8248608 0 0 0
1791128302 2865, 13801, 58, 0x0000000000000000 | 11.40 16.52 20.60 | cpu  4407937940 10412272 654282294 45125832458 10348281 0 8248608 0 0 0
1791128303 2827, 13801, 63, 0x0000000000000000 | 11.40 16.52 20.60 | cpu  4407939469 10412272 654282646 45125858360 10348282 0 8248609 0 0 0
1791128305 2835, 13801, 62, 0x0000000000000004 | 11.40 16.52 20.60 | cpu  4407940820 10412272 654283302 45125884355 10348282 0 8248609 0 0 0
1791128306 2835, 13801, 64, 0x0000000000000004 | 11.40 16.52 20.60 | cpu  4407941461 10412273 654283700 45125911357 10348284 0 8248609 0 0 0
1791128307 2842, 13801, 64, 0x0000000000000000 | 12.01 16.57 20.59 | cpu  4407943299 10412273 654284239 45125937009 10348284 0 8248610 0 0 0
1791128308 2835, 13801, 63, 0x0000000000000004 | 12.01 16.57 20.59 | cpu  4407943879 10412273 654284822 45125964096 10348285 0 8248610 0 0 0
1791128309 2842, 13801, 63, 0x0000000000000000 | 12.01 16.57 20.59 | cpu  4407944301 10412273 654285352 45125991143 10348285 0 8248611 0 0 0
1791128310 2850, 13801, 60, 0x0000000000000000 | 12.01 16.57 20.59 | cpu  4407946269 10412273 654285912 45126016847 10348285 0 8248611 0 0 0
1791128311 2835, 13801, 63, 0x0000000000000004 | 13.53 16.81 20.65 | cpu  4407948292 10412273 654286582 45126042009 10348285 0 8248612 0 0 0
1791128312 2842, 13801, 65, 0x0000000000000004 | 13.53 16.81 20.65 | cpu  4407948950 10412273 654287103 45126068984 10348286 0 8248612 0 0 0
1791128313 2857, 13801, 60, 0x0000000000000000 | 13.53 16.81 20.65 | cpu  4407952900 10412273 654287516 45126092815 10348287 0 8248612 0 0 0
1791128314 2827, 13801, 64, 0x0000000000000000 | 13.53 16.81 20.65 | cpu  4407957000 10412273 654287864 45126116695 10348288 0 8248613 0 0 0
1791128316 2865, 13801, 61, 0x0000000000000000 | 13.53 16.81 20.65 | cpu  4407961279 10412273 654288196 45126140352 10348289 0 8248613 0 0 0
1791128317 2857, 13801, 59, 0x0000000000000000 | 13.89 16.83 20.63 | cpu  4407967023 10412274 654288885 45126162099 10348289 0 8248613 0 0 0
1791128318 2842, 13801, 64, 0x0000000000000004 | 13.89 16.83 20.63 | cpu  4407971075 10412274 654289266 45126185771 10348289 0 8248613 0 0 0
1791128319 2850, 13801, 62, 0x0000000000000000 | 13.89 16.83 20.63 | cpu  4407974915 10412274 654289562 45126209819 10348289 0 8248614 0 0 0
1791128320 2850, 13801, 61, 0x0000000000000000 | 13.89 16.83 20.63 | cpu  4407979694 10412274 654290136 45126232646 10348290 0 8248614 0 0 0
1791128321 2865, 13801, 59, 0x0000000000000000 | 13.25 16.64 20.55 | cpu  4407984147 10412274 654290812 45126255877 10348291 0 8248615 0 0 0
1791128322 2865, 13801, 59, 0x0000000000000000 | 13.25 16.64 20.55 | cpu  4407989831 10412274 654291305 45126277851 10348291 0 8248615 0 0 0
1791128323 2857, 13801, 60, 0x0000000000000000 | 13.25 16.64 20.55 | cpu  4407993740 10412274 654291727 45126301387 10348292 0 8248616 0 0 0
1791128324 2872, 13801, 59, 0x0000000000000000 | 13.25 16.64 20.55 | cpu  4407996131 10412274 654292339 45126326396 10348292 0 8248616 0 0 0
1791128325 2865, 13801, 59, 0x0000000000000000 | 13.25 16.64 20.55 | cpu  4407996817 10412275 654292898 45126353042 10348292 0 8248616 0 0 0
1791128327 2902, 13801, 56, 0x0000000000000000 | 12.83 16.50 20.49 | cpu  4407997257 10412275 654293473 45126379948 10348294 0 8248617 0 0 0
1791128328 2400, 13801, 55, 0x0000000000000000 | 12.83 16.50 20.49 | cpu  4407997521 10412275 654293980 45126407340 10348294 0 8248617 0 0 0
1791128329 2400, 13801, 54, 0x0000000000000000 | 12.83 16.50 20.49 | cpu  4407999303 10412275 654294662 45126433080 10348294 0 8248617 0 0 0
1791128330 2400, 13801, 54, 0x0000000000000000 | 12.83 16.50 20.49 | cpu  4408001125 10412275 654295307 45126458431 10348294 0 8248618 0 0 0
1791128331 2400, 13801, 54, 0x0000000000000000 | 12.45 16.36 20.42 | cpu  4408001416 10412275 654295708 45126485783 10348306 0 8248618 0 0 0
1791128332 2400, 13801, 54, 0x0000000000000000 | 12.45 16.36 20.42 | cpu  4408003086 10412275 654296261 45126511474 10348307 0 8248619 0 0 0
1791128333 2400, 13801, 54, 0x0000000000000000 | 12.45 16.36 20.42 | cpu  4408004029 10412275 654296860 45126538047 10348307 0 8248619 0 0 0
1791128334 2400, 13801, 53, 0x0000000000000000 | 12.45 16.36 20.42 | cpu  4408004569 10412275 654297387 45126564764 10348307 0 8248619 0 0 0
1791128335 2400, 13801, 53, 0x0000000000000000 | 12.45 16.36 20.42 | cpu  4408005064 10412275 654297919 45126591616 10348308 0 8248619 0 0 0
1791128336 2400, 13801, 53, 0x0000000000000000 | 13.29 16.47 20.43 | cpu  4408005959 10412275 654298655 45126617883 10348309 0 8248621 0 0 0
1791128337 2400, 13801, 53, 0x0000000000000000 | 13.29 16.47 20.43 | cpu  4408006548 10412275 654301208 45126642408 10348311 0 8248622 0 0 0
1791128339 2400, 13801, 53, 0x0000000000000000 | 13.29 16.47 20.43 | cpu  4408007501 10412276 654302654 45126667849 10348312 0 8248622 0 0 0
1791128340 2400, 13801, 53, 0x0000000000000000 | 13.29 16.47 20.43 | cpu  4408009147 10412277 654304021 45126692617 10348312 0 8248622 0 0 0
