1791199129 2, 0, 49.58
1791199131 2, 0, 41.71
1791199132 4, 0, 30.89
1791199133 4, 0, 26.82
1791199134 4, 0, 7.64
1791199135 4, 0, 6.67
1791199136 4, 0, 6.32
1791199137 508, 0, 5.82
1791199138 3686, 18, 60.12
1791199140 4550, 10, 68.47
1791199141 5590, 10, 66.96
1791199142 6650, 22, 68.53
1791199143 6930, 4, 66.71
1791199144 7970, 14, 67.23
1791199145 8750, 15, 69.69
1791199146 9790, 4, 69.31
1791199147 10170, 9, 65.35
1791199148 11230, 19, 67.08
1791199150 11930, 21, 68.00
1791199151 12970, 15, 67.65
1791199152 14030, 22, 67.94
1791199153 15070, 20, 66.36
1791199154 15770, 3, 69.04
1791199155 16810, 15, 67.54
1791199156 17870, 6, 70.50
1791199157 18570, 9, 65.38
1791199159 19610, 22, 68.60
1791199160 20310, 0, 66.84
1791199161 21612, 17, 59.45
1791199162 21612, 0, 57.37
1791199163 21612, 0, 57.48
1791199164 21612, 3, 58.27
1791199165 21612, 3, 59.82
1791199166 21612, 2, 60.07
1791199168 21612, 3, 59.54
1791199169 21640, 2, 59.20
1791199170 21640, 4, 65.34
1791199171 21640, 4, 70.92
1791199172 21642, 4, 58.91
1791199173 21642, 5, 57.87
1791199174 21642, 3, 57.83
1791199176 21642, 3, 57.47
1791199177 21642, 3, 57.55
1791199178 21642, 3, 58.14
1791199179 21642, 4, 58.02
1791199180 21642, 5, 58.72
1791199181 21642, 4, 58.25
1791199182 21642, 5, 58.05
1791199183 21642, 0, 57.36
1791199185 21642, 0, 57.32
1791199186 21642, 1, 57.34
1791199187 21642, 1, 57.24
1791199188 21642, 2, 56.76
1791199189 21642, 2, 57.26
1791199190 21642, 3, 56.94
1791199191 21642, 2, 57.55
1791199192 21642, 3, 57.94
1791199194 21642, 3, 57.94
1791199195 21642, 3, 57.74
1791199196 21642, 3, 57.30
1791199197 21642, 4, 57.00
1791199198 21642, 1, 57.30
1791199199 21642, 3, 57.06
1791199200 21642, 3, 57.47
1791199201 21642, 0, 56.58
1791199203 21642, 0, 56.11
1791199204 21642, 0, 56.10
1791199205 21642, 0, 56.51
1791199206 21642, 0, 56.21
1791199207 21642, 0, 55.92
1791199208 21642, 1, 56.17
1791199209 21642, 4, 56.42
1791199211 21642, 5, 56.20
1791199212 21642, 7, 56.19
1791199213 21642, 3, 56.04
1791199214 21642, 0, 56.31
1791199215 21642, 0, 56.47
1791199216 21642, 3, 56.66
1791199217 21642, 4, 56.40
1791199219 21642, 1, 56.53
1791199220 21642, 0, 56.30
1791199221 21642, 0, 55.91
1791199222 21642, 0, 56.21
1791199223 21642, 0, 56.42
1791199224 21642, 0, 56.21
1791199225 21642, 3, 56.38
1791199226 21642, 3, 56.44
1791199228 21654, 0, 56.57
1791199229 27358, 82, 237.82
1791199230 27358, 97, 464.99
1791199231 27358, 96, 467.26
1791199232 27358, 96, 467.14
1791199233 27358, 97, 468.00
1791199234 27358, 0, 429.46
1791199236 29946, 96, 369.18
1791199237 30000, 98, 430.56
1791199238 30000, 98, 499.55
1791199239 30218, 0, 272.30
