1790272417 0, 0, 54.78
1790272418 0, 0, 30.48
1790272419 3, 0, 23.90
1790272420 3, 0, 18.64
1790272421 3, 0, 11.37
1790272422 3, 0, 10.02
1790272423 3, 0, 7.23
1790272425 37, 0, 7.74
1790272426 507, 0, 34.37
1790272427 2473, 0, 56.18
1790272428 3549, 8, 58.91
1790272429 4429, 46, 60.88
1790272430 5309, 42, 60.48
1790272431 5749, 53, 63.63
1790272432 6629, 2, 63.87
1790272433 7509, 42, 60.65
1790272434 8369, 0, 74.15
1790272435 8809, 38, 80.78
1790272436 9689, 12, 69.97
1790272437 10569, 0, 80.78
1790272438 11009, 19, 80.46
1790272440 11889, 2, 67.02
1790272441 12769, 44, 59.10
1790272442 13209, 2, 71.85
1790272443 14089, 6, 78.99
1790272444 14949, 46, 71.15
1790272445 15389, 0, 68.08
1790272446 15829, 0, 78.48
1790272447 15833, 0, 61.14
1790272448 17793, 21, 71.58
1790272449 18453, 0, 76.98
1790272450 18453, 0, 57.62
1790272451 18453, 0, 55.35
1790272452 18473, 3, 55.84
1790272453 18473, 4, 56.36
1790272454 18473, 6, 56.32
1790272455 18473, 3, 56.31
1790272457 18473, 3, 56.19
1790272458 18473, 3, 56.39
1790272459 18473, 5, 56.36
1790272460 18473, 4, 56.18
1790272461 18473, 0, 55.73
1790272462 18473, 0, 55.11
1790272463 18473, 3, 55.34
1790272464 18473, 3, 55.32
1790272465 18473, 12, 55.35
1790272466 18473, 0, 55.38
1790272467 18473, 4, 55.69
1790272468 18473, 2, 55.21
1790272469 18473, 7, 55.04
1790272470 18473, 4, 54.89
1790272471 18473, 0, 55.02
1790272472 18473, 6, 55.15
1790272473 18473, 4, 54.62
1790272475 18473, 12, 54.87
1790272476 18473, 0, 54.83
1790272477 18473, 8, 54.75
1790272478 18473, 3, 54.97
1790272479 18473, 12, 55.10
1790272480 18473, 9, 55.41
1790272481 18473, 2, 55.27
1790272482 18473, 10, 54.91
1790272483 18473, 0, 54.67
1790272484 18473, 4, 54.85
1790272485 18473, 0, 55.08
1790272486 18473, 12, 55.12
1790272487 18473, 0, 55.21
1790272488 18473, 6, 55.05
1790272489 18485, 0, 56.21
1790272490 18485, 11, 84.90
1790272492 18485, 11, 89.93
1790272493 18485, 12, 91.62
1790272494 19225, 12, 91.75
1790272495 19225, 11, 89.42
1790272496 19225, 12, 92.32
1790272497 19745, 12, 93.80
1790272498 19745, 11, 91.15
1790272499 19745, 11, 89.61
1790272500 19745, 12, 89.44
1790272501 19745, 12, 89.55
1790272502 19745, 12, 89.54
1790272503 19745, 12, 89.53
1790272504 19745, 12, 92.11
1790272505 19745, 12, 94.81
1790272506 19745, 12, 90.80
1790272507 19745, 11, 90.58
1790272509 19745, 12, 91.43
1790272510 19745, 12, 91.89
1790272511 19745, 11, 89.20
1790272512 19745, 12, 91.96
1790272513 19745, 12, 93.03
1790272514 19745, 12, 89.62
1790272515 19745, 12, 89.66
1790272516 19745, 12, 90.08
1790272517 19745, 12, 91.08
1790272518 19745, 11, 92.66
1790272519 19745, 12, 93.48
1790272520 19745, 12, 94.94
1790272521 19745, 11, 90.76
1790272522 19745, 12, 93.86
1790272523 19745, 12, 93.90
1790272525 19745, 12, 92.55
1790272526 19745, 12, 89.94
1790272527 19745, 11, 91.57
1790272528 19745, 12, 92.21
1790272529 19745, 11, 89.88
1790272530 19745, 12, 93.72
1790272531 20065, 12, 96.79
1790272532 20065, 11, 92.57
1790272533 20065, 12, 90.99
1790272534 20065, 11, 91.61
1790272535 20065, 12, 93.28
1790272536 20065, 11, 92.64
1790272537 20065, 12, 93.58
1790272538 20065, 12, 91.95
1790272539 20065, 12, 94.93
1790272540 20065, 12, 94.88
1790272541 20065, 12, 94.21
1790272543 20065, 11, 91.11
1790272544 20065, 12, 91.67
1790272545 20065, 12, 91.06
1790272546 20065, 11, 90.50
1790272547 20065, 11, 91.38
1790272548 20065, 11, 91.72
1790272549 20065, 12, 94.68
1790272550 20065, 12, 94.64
1790272551 20065, 11, 93.59
1790272552 20065, 12, 91.29
1790272553 20065, 12, 90.62
1790272554 20065, 12, 91.23
1790272555 20065, 11, 91.08
1790272556 20065, 12, 94.20
1790272557 20065, 12, 95.38
1790272559 20065, 12, 96.85
1790272560 20065, 13, 95.18
1790272561 20065, 17, 94.34
1790272562 20065, 10, 89.23
1790272563 20065, 11, 91.23
1790272564 20065, 11, 92.28
1790272565 20065, 11, 90.83
1790272566 20065, 11, 92.69
1790272567 20065, 11, 92.26
1790272568 20065, 12, 94.45
1790272569 20065, 12, 94.47
1790272570 20065, 11, 94.76
1790272571 20065, 11, 92.22
1790272573 20065, 10, 92.18
1790272574 20065, 11, 92.09
1790272575 20065, 11, 91.90
1790272576 20065, 11, 90.77
1790272577 20065, 11, 93.55
1790272578 20065, 12, 94.17
1790272579 20065, 11, 91.25
1790272580 17363, 8, 79.29
1790272581 17411, 8, 88.37
1790272582 17419, 5, 77.34
1790272583 18063, 5, 88.44
1790272584 18071, 12, 93.74
1790272585 18075, 10, 95.47
1790272586 18079, 13, 95.04
1790272587 18083, 13, 94.08
1790272589 18085, 12, 93.10
1790272590 18085, 7, 82.61
1790272591 18085, 9, 89.68
1790272592 18825, 4, 81.24
1790272593 19099, 5, 91.32
1790272594 19107, 10, 94.59
1790272595 19107, 12, 95.52
1790272596 19107, 11, 95.13
1790272597 19107, 15, 95.32
1790272598 19107, 11, 94.87
1790272599 19107, 5, 91.40
1790272600 19107, 8, 84.59
1790272601 19107, 10, 93.99
1790272602 19107, 10, 93.76
1790272603 21059, 13, 98.90
1790272605 21067, 14, 98.79
1790272606 21067, 16, 100.24
1790272607 21067, 15, 99.64
1790272608 21067, 13, 99.04
1790272609 21067, 0, 81.17
1790272610 21067, 13, 99.79
1790272611 21079, 8, 92.70
1790272612 21079, 8, 87.26
1790272613 21079, 9, 75.01
1790272614 21079, 10, 87.43
1790272615 21079, 13, 93.96
1790272616 21079, 11, 93.94
1790272617 21079, 11, 94.81
1790272618 21079, 15, 94.61
1790272619 21079, 0, 85.43
1790272620 21079, 9, 96.34
1790272621 21079, 10, 94.63
1790272623 21079, 10, 83.51
1790272624 22059, 10, 100.81
1790272625 22059, 16, 101.93
1790272626 22059, 17, 101.87
1790272627 22059, 12, 101.86
1790272628 22065, 14, 102.80
1790272629 22065, 10, 89.91
1790272630 22089, 8, 98.32
1790272631 22089, 10, 94.79
1790272632 22089, 0, 81.94
1790272633 22089, 10, 91.87
1790272634 23409, 14, 98.62
1790272635 23409, 16, 103.75
1790272636 23409, 14, 102.87
1790272637 23409, 10, 99.09
1790272638 23409, 11, 83.19
1790272640 23415, 14, 101.93
1790272641 23415, 12, 101.64
1790272642 23429, 11, 100.89
1790272643 23429, 8, 90.77
1790272644 23429, 8, 77.34
1790272645 23429, 9, 90.25
1790272646 23429, 12, 93.58
1790272647 23429, 13, 95.98
1790272648 23429, 0, 82.34
1790272649 23429, 10, 91.14
1790272650 23429, 10, 96.59
1790272651 23429, 10, 95.82
1790272652 23429, 12, 95.19
1790272653 23429, 9, 89.01
1790272654 23429, 0, 76.40
1790272655 23429, 9, 87.94
1790272656 23429, 11, 95.00
1790272658 23429, 11, 94.75
1790272659 23429, 12, 95.19
1790272660 23429, 12, 94.54
1790272661 23429, 14, 97.09
1790272662 23429, 5, 87.61
1790272663 23429, 10, 91.25
1790272664 23429, 9, 91.88
1790272665 23429, 12, 94.80
1790272666 23429, 14, 98.87
1790272667 23429, 12, 99.05
1790272668 23429, 14, 98.92
1790272669 23429, 12, 98.36
1790272670 23429, 9, 88.69
1790272671 23429, 10, 97.23
1790272672 23429, 7, 91.84
1790272673 23429, 9, 87.32
1790272675 23429, 8, 80.22
1790272676 23429, 13, 90.80
1790272677 23429, 12, 95.17
1790272678 23429, 13, 95.58
1790272679 23429, 14, 94.72
1790272680 23429, 13, 92.51
1790272681 23429, 8, 82.73
1790272682 23429, 9, 92.26
1790272683 23429, 0, 83.55
1790272684 23429, 11, 93.78
1790272685 23429, 14, 98.99
1790272686 23429, 14, 99.37
1790272687 23429, 13, 99.76
1790272688 23429, 15, 99.07
1790272689 23429, 15, 98.55
1790272690 23429, 10, 96.80
1790272691 23429, 9, 80.43
1790272693 23429, 9, 87.18
1790272694 23429, 9, 87.71
1790272695 23429, 3, 80.00
1790272696 23429, 15, 95.89
1790272697 23429, 14, 95.52
1790272698 23429, 11, 95.53
1790272699 23429, 11, 95.22
1790272700 23429, 14, 94.78
1790272701 23429, 10, 96.64
1790272702 23429, 0, 85.22
1790272703 23429, 10, 93.76
1790272704 23429, 11, 97.32
1790272705 23429, 15, 101.58
1790272706 23429, 0, 87.74
1790272707 23429, 10, 100.92
1790272709 23429, 15, 102.11
1790272710 23429, 10, 100.94
1790272711 23429, 13, 101.43
1790272712 23429, 13, 96.15
1790272713 23429, 9, 90.22
1790272714 23429, 9, 92.39
1790272715 23429, 13, 94.01
1790272716 23429, 13, 99.00
1790272717 23429, 11, 83.21
1790272718 23429, 15, 99.20
1790272719 23429, 13, 99.14
1790272720 23429, 12, 98.83
1790272721 23429, 15, 98.62
1790272722 23429, 13, 98.13
1790272723 23429, 9, 89.26
1790272724 23429, 1, 74.51
1790272726 23429, 9, 87.43
1790272727 23429, 10, 95.19
1790272728 23429, 11, 95.54
1790272729 23429, 11, 95.66
1790272730 23429, 12, 95.53
1790272731 23429, 14, 78.72
1790272732 23429, 10, 94.88
1790272733 23429, 9, 91.45
1790272734 23429, 0, 83.64
1790272735 23429, 9, 83.56
1790272736 23429, 10, 93.77
1790272737 23429, 10, 97.14
1790272738 23429, 13, 98.06
1790272739 23429, 16, 80.68
1790272740 23429, 13, 94.11
1790272742 23429, 10, 98.06
1790272743 23429, 12, 97.78
1790272744 23429, 15, 97.86
1790272745 23429, 8, 96.50
1790272746 23429, 9, 91.39
1790272747 23429, 4, 79.38
1790272748 23429, 13, 91.61
1790272749 23429, 13, 99.43
1790272750 23429, 12, 100.35
1790272751 23429, 14, 99.86
1790272752 23429, 14, 100.31
1790272753 23429, 12, 88.66
1790272754 23429, 12, 100.06
1790272755 23429, 8, 93.21
1790272756 23429, 8, 80.43
1790272757 23429, 9, 88.96
1790272759 23429, 0, 91.61
1790272760 23429, 11, 97.57
1790272761 23429, 10, 96.55
1790272762 23429, 11, 96.59
1790272763 23429, 13, 94.44
1790272764 23429, 12, 90.70
1790272765 23429, 9, 94.57
1790272766 23429, 10, 94.68
1790272767 23429, 10, 86.22
1790272768 23429, 10, 95.61
1790272769 23429, 14, 100.97
1790272770 23429, 17, 102.53
1790272771 23429, 10, 102.41
1790272772 23429, 14, 82.93
1790272773 23429, 16, 102.35
1790272774 23429, 15, 100.99
1790272776 23429, 17, 102.23
1790272777 23429, 15, 96.63
1790272778 23429, 10, 91.47
1790272779 23429, 9, 78.81
1790272780 23429, 9, 94.22
1790272781 23429, 9, 98.66
1790272782 23429, 14, 99.60
1790272783 23429, 1, 80.95
1790272784 23429, 12, 98.87
1790272785 23429, 15, 99.67
1790272786 23429, 13, 98.69
1790272787 23429, 12, 97.32
1790272788 23429, 9, 91.54
1790272789 23429, 9, 78.95
1790272790 23429, 0, 85.15
1790272791 23429, 14, 94.17
1790272792 23429, 10, 94.89
1790272794 23429, 10, 94.61
1790272795 23429, 9, 93.29
1790272796 23429, 10, 93.21
1790272797 23429, 4, 78.61
1790272798 23429, 9, 90.09
1790272799 23429, 9, 80.19
1790272800 23429, 12, 93.83
1790272801 23429, 12, 96.51
1790272802 23429, 14, 96.59
1790272803 23429, 11, 96.47
1790272804 23429, 14, 95.86
1790272805 23429, 12, 95.84
1790272806 23429, 10, 93.65
1790272807 23429, 10, 93.86
1790272808 23429, 10, 84.50
1790272810 23429, 10, 84.52
1790272811 23429, 10, 101.02
1790272812 23429, 12, 100.38
1790272813 23429, 16, 101.87
1790272814 23429, 15, 101.44
1790272815 23429, 10, 100.95
1790272816 23429, 10, 100.61
1790272817 23429, 15, 84.55
1790272818 23429, 10, 97.00
1790272819 23429, 10, 94.97
1790272820 23429, 10, 83.62
1790272821 23429, 10, 96.36
1790272822 23789, 14, 102.08
1790272823 23789, 17, 104.75
1790272824 23789, 16, 95.31
1790272826 23789, 12, 92.57
1790272827 23789, 16, 102.92
1790272828 23789, 14, 103.56
1790272829 23789, 14, 102.62
1790272830 23801, 15, 102.14
1790272831 23801, 8, 92.57
1790272832 23801, 9, 74.65
1790272833 23801, 6, 88.58
1790272834 23801, 10, 90.59
1790272835 23801, 11, 94.35
1790272836 23801, 11, 94.39
1790272837 23801, 0, 80.85
1790272838 23801, 13, 89.58
1790272839 23801, 13, 93.92
1790272840 23801, 9, 92.06
1790272841 23801, 9, 91.69
1790272843 23801, 9, 83.63
1790272844 23801, 10, 96.89
1790272845 23801, 12, 101.92
1790272846 23801, 16, 102.40
1790272847 23801, 10, 89.96
1790272848 23801, 13, 89.97
1790272849 23801, 15, 101.96
1790272850 23801, 14, 99.23
1790272851 23801, 14, 101.20
1790272852 23801, 9, 96.12
1790272853 23801, 10, 94.44
1790272854 23801, 10, 80.81
1790272855 23801, 10, 95.27
1790272856 23801, 10, 99.50
1790272857 23801, 0, 93.21
1790272858 23801, 15, 101.75
1790272859 23801, 15, 101.42
1790272861 23801, 13, 101.00
1790272862 23801, 9, 100.44
1790272863 23801, 9, 101.45
1790272864 23801, 14, 94.94
1790272865 23801, 9, 87.81
1790272866 23801, 6, 75.68
1790272867 23801, 11, 88.06
1790272868 23801, 13, 94.36
1790272869 23801, 10, 94.48
1790272870 23801, 10, 94.43
1790272871 23801, 13, 94.70
1790272872 23801, 0, 88.57
1790272873 23801, 9, 83.94
1790272874 23801, 9, 90.86
1790272875 23801, 9, 84.15
1790272876 23801, 15, 94.03
1790272878 23801, 11, 97.29
1790272879 23801, 12, 96.25
1790272880 23801, 12, 96.90
1790272881 23801, 11, 96.75
1790272882 23801, 14, 96.92
1790272883 23801, 14, 79.15
1790272884 23801, 9, 88.61
1790272885 23801, 0, 79.72
1790272886 23801, 9, 84.24
1790272887 23801, 10, 90.28
1790272888 23801, 12, 94.90
1790272889 23801, 14, 94.32
1790272890 23801, 10, 94.78
1790272891 23801, 14, 94.53
1790272892 23801, 11, 93.82
1790272893 23801, 0, 81.56
1790272895 23801, 10, 95.30
1790272896 23801, 10, 77.57
1790272897 23801, 14, 98.68
1790272898 23801, 16, 101.05
1790272899 23801, 13, 101.95
1790272900 23801, 16, 100.54
1790272901 23801, 10, 101.49
1790272902 23801, 13, 86.80
1790272903 23801, 10, 100.37
1790272904 23801, 12, 97.79
1790272905 23801, 9, 89.44
1790272906 23801, 9, 77.03
1790272907 23801, 9, 85.25
1790272908 23801, 10, 95.19
1790272909 23801, 11, 95.12
1790272911 23801, 13, 95.14
1790272912 23801, 13, 95.73
1790272913 23801, 12, 95.11
1790272914 23801, 11, 83.57
1790272915 23801, 10, 96.91
1790272916 23801, 10, 93.61
1790272917 23801, 8, 83.28
1790272918 23801, 10, 97.85
1790272919 23801, 13, 101.28
1790272920 23801, 11, 101.86
1790272921 23801, 13, 99.53
1790272922 23801, 0, 82.39
1790272923 23801, 15, 100.15
1790272924 23801, 15, 99.60
1790272925 23801, 13, 98.97
1790272926 23801, 8, 89.76
1790272927 23801, 0, 81.82
1790272929 23801, 7, 80.00
1790272930 23801, 7, 89.33
1790272931 23801, 11, 94.28
1790272932 23801, 11, 95.26
1790272933 23801, 15, 95.03
1790272934 23801, 13, 84.53
1790272935 23801, 14, 95.52
1790272936 23801, 14, 95.43
1790272937 23801, 12, 93.82
1790272938 23801, 10, 93.00
1790272939 23801, 9, 82.39
1790272940 23801, 10, 94.69
1790272941 23801, 14, 96.84
1790272942 23801, 10, 102.00
1790272943 23801, 0, 92.00
1790272944 23801, 16, 95.53
1790272945 23801, 14, 101.54
1790272947 23801, 15, 100.21
1790272948 23801, 14, 100.35
1790272949 23801, 7, 98.31
1790272950 23801, 9, 89.05
1790272951 23801, 9, 79.31
1790272952 23801, 12, 90.54
1790272953 23801, 10, 96.53
1790272954 23801, 15, 95.37
1790272955 23801, 13, 95.11
1790272956 23801, 13, 86.72
1790272957 23801, 12, 94.60
1790272958 23801, 15, 95.51
1790272959 23801, 9, 91.74
1790272960 23801, 9, 80.07
1790272961 23801, 13, 89.38
1790272962 23801, 14, 94.29
1790272963 23801, 11, 94.48
1790272965 23801, 10, 93.90
1790272966 23801, 11, 93.35
1790272967 23801, 10, 92.29
1790272968 23801, 10, 83.98
1790272969 23801, 10, 94.31
1790272970 23801, 10, 83.69
1790272971 23801, 15, 100.89
1790272972 23801, 13, 103.15
1790272973 23801, 16, 102.77
1790272974 23801, 17, 100.76
1790272975 23801, 15, 100.64
1790272976 23801, 17, 96.96
1790272977 23801, 12, 90.02
1790272978 23801, 10, 101.02
1790272979 23801, 9, 90.51
1790272980 23801, 9, 80.64
1790272982 23801, 10, 91.98
1790272983 23801, 14, 93.68
1790272984 23801, 12, 98.66
1790272985 23801, 11, 98.80
1790272986 23801, 11, 97.80
1790272987 23801, 15, 87.99
1790272988 23801, 12, 97.53
1790272989 23801, 11, 96.87
1790272990 23801, 9, 90.42
1790272991 23801, 9, 82.19
1790272992 23801, 9, 90.41
1790272993 23801, 10, 90.87
1790272994 23801, 15, 96.07
1790272995 23801, 12, 90.29
1790272996 23801, 12, 85.08
1790272997 23801, 13, 96.45
1790272998 23801, 12, 95.20
1790273000 23801, 14, 95.62
1790273001 23801, 10, 98.46
1790273002 23801, 0, 92.28
1790273003 23801, 10, 82.88
1790273004 23801, 12, 98.04
1790273005 23801, 12, 107.90
1790273006 23801, 0, 88.47
1790273007 23801, 14, 105.46
1790273008 23801, 14, 105.47
1790273009 23801, 13, 105.27
1790273010 23801, 12, 105.49
1790273011 23801, 12, 104.70
1790273012 23801, 6, 95.19
1790273013 23801, 9, 82.35
1790273014 23801, 9, 87.39
1790273015 23801, 12, 91.21
1790273016 23801, 14, 95.09
1790273018 23801, 0, 91.93
1790273019 23801, 11, 89.29
1790273020 23801, 12, 95.63
1790273021 23801, 13, 95.65
1790273022 23801, 11, 95.01
1790273023 23801, 9, 87.20
1790273024 23801, 5, 79.64
1790273025 23801, 0, 88.92
1790273026 23801, 11, 95.14
1790273027 23801, 13, 95.47
1790273028 23801, 13, 95.57
1790273029 23801, 12, 95.07
1790273030 23801, 10, 94.54
1790273031 23801, 8, 80.87
1790273032 23801, 9, 85.99
1790273033 23801, 9, 79.67
1790273034 23801, 15, 93.39
1790273036 23801, 14, 97.67
1790273037 23801, 12, 97.71
1790273038 23801, 11, 97.51
1790273039 23801, 10, 97.96
1790273040 23801, 12, 97.31
1790273041 23801, 13, 96.36
1790273042 23801, 8, 82.37
1790273043 23801, 9, 91.29
1790273044 23801, 0, 80.19
1790273045 23801, 13, 95.15
1790273046 23801, 14, 97.98
1790273047 23801, 15, 98.44
1790273048 23801, 8, 96.98
1790273049 23801, 14, 98.60
1790273050 23801, 12, 98.21
1790273051 23801, 9, 93.55
1790273052 23801, 9, 83.24
1790273054 23801, 9, 93.07
1790273055 23801, 9, 84.57
1790273056 23801, 14, 97.88
1790273057 23801, 15, 100.03
1790273058 23801, 13, 98.70
1790273059 23801, 10, 98.72
1790273060 23801, 16, 98.68
1790273061 23801, 9, 97.63
1790273062 23801, 8, 85.69
1790273063 23801, 9, 93.95
1790273064 23801, 10, 84.04
1790273065 23801, 10, 95.16
1790273066 23801, 12, 104.76
1790273067 23801, 17, 101.44
1790273068 23801, 14, 101.51
1790273070 23801, 17, 102.23
1790273071 23801, 17, 100.79
1790273072 23801, 15, 101.73
1790273073 23801, 9, 84.29
1790273074 23801, 9, 91.55
1790273075 23801, 9, 82.89
1790273076 23801, 9, 93.27
1790273077 23801, 15, 98.74
1790273078 23801, 12, 99.09
1790273079 23801, 13, 98.42
1790273080 23801, 12, 99.43
1790273081 23801, 14, 86.61
1790273082 23801, 15, 98.25
1790273083 23801, 14, 97.91
1790273084 23801, 10, 94.25
1790273085 23801, 10, 83.84
1790273087 23801, 0, 94.14
1790273088 23801, 10, 102.47
1790273089 23801, 14, 100.88
1790273090 23801, 6, 98.89
1790273091 23801, 12, 86.32
1790273092 23801, 15, 102.38
1790273093 23801, 16, 99.89
1790273094 23801, 15, 96.42
1790273095 23801, 9, 90.28
1790273096 23801, 6, 81.85
1790273097 23801, 9, 90.85
1790273098 23801, 11, 97.53
1790273099 23801, 13, 96.89
1790273100 23801, 13, 96.79
1790273101 23801, 11, 97.12
1790273102 23801, 10, 86.33
1790273103 23801, 10, 94.79
1790273105 23801, 10, 94.54
1790273106 23801, 10, 77.53
1790273107 23801, 10, 96.50
1790273108 23801, 16, 102.14
1790273109 23801, 13, 102.90
1790273110 23801, 16, 102.55
1790273111 23801, 11, 88.82
1790273112 23801, 13, 102.21
1790273113 23801, 14, 101.84
1790273114 23801, 13, 100.93
1790273115 23801, 8, 90.46
1790273116 23801, 8, 82.91
1790273117 23801, 9, 80.71
1790273118 23801, 9, 88.24
1790273119 23801, 10, 96.69
1790273121 23801, 14, 97.54
1790273122 23801, 10, 96.89
1790273123 23801, 13, 86.19
1790273124 23801, 15, 96.68
1790273125 23801, 13, 97.66
1790273126 23801, 9, 97.62
1790273127 23801, 10, 93.90
1790273128 23801, 10, 94.72
1790273129 23801, 9, 98.65
1790273130 23801, 16, 103.04
1790273131 23801, 14, 89.44
1790273132 23801, 14, 103.10
1790273133 23801, 14, 102.22
1790273134 23801, 13, 101.37
1790273135 23801, 14, 99.97
1790273137 23801, 9, 100.58
1790273138 23803, 8, 95.65
1790273139 23803, 3, 87.65
1790273140 23803, 8, 81.49
1790273141 23803, 13, 89.51
1790273142 23803, 10, 96.10
1790273143 23803, 12, 96.03
1790273144 23803, 14, 85.84
1790273145 23803, 12, 96.05
1790273146 23803, 13, 96.49
1790273147 23803, 5, 91.09
1790273148 23803, 9, 89.17
1790273149 23803, 8, 79.68
1790273150 23803, 0, 89.43
1790273151 23803, 13, 94.61
1790273152 23803, 13, 94.82
1790273153 23803, 12, 95.72
1790273154 23803, 10, 94.35
1790273155 23803, 13, 95.71
1790273157 23803, 9, 83.91
1790273158 23803, 9, 92.43
1790273159 23803, 9, 81.84
1790273160 23803, 15, 95.81
1790273161 23803, 10, 99.50
1790273162 23803, 13, 97.71
1790273163 23803, 14, 99.37
1790273164 23803, 9, 98.95
1790273165 23803, 1, 86.68
1790273166 23803, 12, 99.20
1790273167 23803, 9, 98.58
1790273168 23803, 9, 90.89
1790273169 23803, 0, 79.82
1790273170 23803, 9, 91.36
1790273171 23803, 12, 96.93
1790273172 23803, 9, 95.47
1790273174 23803, 15, 97.38
1790273175 23803, 15, 96.35
1790273176 23803, 2, 85.36
1790273177 23803, 8, 92.04
1790273178 23803, 9, 88.86
1790273179 23803, 9, 79.96
1790273180 23803, 14, 94.28
1790273181 23803, 13, 94.35
1790273182 23803, 10, 95.10
1790273183 23803, 11, 94.50
1790273184 23803, 11, 94.38
1790273185 23803, 9, 92.41
1790273186 23803, 9, 85.52
1790273187 23803, 9, 93.57
1790273188 23803, 1, 82.70
1790273189 23803, 15, 99.06
1790273190 23803, 11, 99.98
1790273192 23803, 12, 99.82
1790273193 23803, 14, 100.58
1790273194 23803, 14, 98.51
1790273195 23803, 14, 98.68
1790273196 23803, 8, 95.72
1790273197 23803, 9, 84.58
1790273198 23803, 9, 92.31
1790273199 23803, 9, 83.76
1790273200 23803, 15, 98.66
1790273201 23803, 12, 99.90
1790273202 23803, 12, 99.27
1790273203 23803, 11, 99.44
1790273204 23803, 12, 98.93
1790273205 23803, 14, 99.18
1790273206 23803, 12, 99.93
1790273207 23803, 9, 82.41
1790273208 23803, 9, 89.76
1790273210 23803, 10, 77.01
1790273211 23803, 13, 95.53
1790273212 23803, 14, 95.22
1790273213 23803, 12, 95.73
1790273214 23803, 14, 95.27
1790273215 23803, 9, 94.66
1790273216 23803, 9, 92.91
1790273217 23803, 9, 81.14
1790273218 23803, 9, 90.68
1790273219 23803, 4, 93.71
1790273220 23803, 14, 96.55
1790273221 23803, 14, 96.09
1790273222 23803, 11, 87.38
1790273223 23803, 11, 93.17
1790273224 23803, 15, 96.14
1790273225 23803, 9, 92.01
1790273226 23803, 10, 91.94
1790273228 23803, 9, 82.54
1790273229 23803, 9, 91.94
1790273230 23803, 15, 98.43
1790273231 23803, 12, 98.67
1790273232 23803, 10, 87.11
1790273233 23803, 11, 99.04
1790273234 23803, 14, 98.98
1790273235 23803, 11, 97.85
1790273236 23803, 11, 97.62
1790273237 23803, 9, 92.24
1790273238 23803, 10, 84.50
1790273239 23803, 10, 93.39
1790273240 23803, 15, 95.96
1790273241 23803, 12, 99.09
1790273242 23803, 11, 89.05
1790273244 23803, 13, 99.67
1790273245 23803, 10, 99.15
1790273246 23803, 10, 98.53
1790273247 23803, 9, 98.30
1790273248 23803, 10, 97.89
1790273249 23803, 0, 84.92
1790273250 23803, 10, 95.53
1790273251 23803, 18, 103.74
1790273252 23803, 11, 102.80
1790273253 23803, 17, 89.43
1790273254 23803, 14, 96.52
1790273255 23803, 17, 101.63
1790273256 23803, 11, 100.94
1790273257 23803, 10, 101.52
1790273258 23803, 10, 92.84
1790273259 23803, 1, 82.07
1790273261 23803, 9, 93.87
1790273262 23803, 13, 97.15
1790273263 23803, 15, 100.06
1790273264 23803, 14, 101.10
1790273265 23803, 15, 89.36
1790273266 23803, 14, 100.73
1790273267 23803, 15, 99.15
1790273268 23803, 12, 98.27
1790273269 23803, 10, 95.09
1790273270 23803, 10, 86.75
1790273271 23803, 10, 96.34
1790273272 23803, 10, 103.03
1790273273 23803, 14, 103.75
1790273274 23803, 13, 88.31
1790273275 23803, 14, 102.49
1790273277 23803, 11, 104.23
1790273278 23803, 13, 102.84
1790273279 23803, 14, 103.65
1790273280 23803, 9, 95.21
1790273281 23803, 5, 84.35
1790273282 23803, 9, 84.72
1790273283 23803, 14, 100.14
1790273284 23803, 16, 88.95
1790273285 23803, 14, 98.18
1790273286 23803, 11, 100.20
1790273287 23803, 14, 100.14
1790273288 23803, 9, 100.03
1790273289 23803, 13, 100.59
1790273290 23803, 8, 97.48
1790273291 23803, 10, 86.00
1790273292 23803, 10, 95.43
1790273294 23803, 15, 101.99
1790273295 23803, 17, 88.53
1790273296 23803, 12, 104.39
1790273297 23803, 14, 103.50
1790273298 23803, 16, 103.06
1790273299 23803, 15, 102.08
1790273300 23803, 17, 102.17
1790273301 23803, 15, 95.48
1790273302 23803, 9, 83.27
1790273303 23803, 9, 91.85
1790273304 23803, 9, 89.53
1790273305 23803, 2, 83.82
1790273306 23803, 13, 99.15
1790273307 23803, 15, 97.66
1790273308 23803, 13, 98.51
1790273309 23803, 15, 98.44
1790273311 23803, 12, 97.86
1790273312 23803, 12, 96.66
1790273313 23803, 10, 96.77
1790273314 23803, 11, 85.84
1790273315 23803, 10, 97.08
1790273316 24243, 16, 102.62
1790273317 24243, 19, 104.97
1790273318 24243, 10, 105.94
1790273319 24243, 11, 104.88
1790273320 24243, 13, 106.79
1790273321 24243, 18, 104.32
1790273322 24243, 17, 105.82
1790273323 24243, 14, 99.69
1790273324 24243, 10, 93.92
1790273325 24243, 10, 94.15
1790273327 24243, 16, 98.50
1790273328 24243, 17, 101.55
1790273329 24243, 0, 90.86
1790273330 24243, 15, 98.64
1790273331 24243, 13, 102.17
1790273332 24243, 15, 100.69
1790273333 24243, 12, 100.88
1790273334 24243, 9, 95.43
1790273335 24243, 9, 82.80
1790273336 24243, 9, 92.53
1790273337 24243, 9, 96.81
1790273338 24243, 12, 99.69
1790273339 24243, 16, 98.47
1790273340 24243, 9, 87.34
1790273341 24243, 11, 99.50
1790273342 24243, 14, 99.32
1790273344 24243, 15, 96.48
1790273345 24243, 9, 90.60
1790273346 24243, 6, 81.99
1790273347 24243, 8, 90.86
1790273348 24243, 13, 94.56
1790273349 24243, 15, 97.29
1790273350 24243, 13, 97.18
1790273351 24243, 14, 97.83
1790273352 24243, 7, 85.60
1790273353 24243, 14, 97.29
1790273354 24243, 13, 95.43
1790273355 24243, 10, 94.78
1790273356 24243, 10, 84.81
1790273357 24243, 10, 95.89
1790273358 24243, 11, 105.66
1790273359 24243, 15, 104.85
1790273361 24243, 15, 100.58
1790273362 24243, 14, 92.01
1790273363 24243, 16, 103.05
1790273364 24243, 15, 100.76
1790273365 24243, 15, 102.15
1790273366 24243, 10, 97.49
1790273367 24243, 10, 82.43
1790273368 24243, 10, 93.26
1790273369 24243, 9, 95.54
1790273370 24243, 15, 100.57
1790273371 24243, 0, 87.61
1790273372 24243, 14, 100.32
1790273373 24243, 17, 99.45
1790273374 24243, 13, 99.21
1790273375 24243, 11, 99.68
1790273376 24243, 12, 100.81
1790273378 24243, 9, 92.77
1790273379 24243, 10, 82.81
1790273380 24243, 10, 94.10
1790273381 24243, 12, 99.61
1790273382 24243, 0, 89.82
1790273383 24243, 13, 101.91
1790273384 24243, 14, 100.64
1790273385 24243, 13, 101.38
1790273386 24243, 11, 100.26
1790273387 24243, 11, 100.41
1790273388 24243, 6, 95.16
1790273389 24243, 10, 87.27
1790273390 24243, 10, 87.76
1790273391 24243, 10, 96.94
1790273392 24243, 0, 89.07
1790273393 24243, 17, 91.04
1790273395 24243, 10, 103.19
1790273396 24243, 15, 103.37
1790273397 24243, 13, 105.09
1790273398 24243, 9, 102.04
1790273399 24243, 10, 104.33
1790273400 24243, 9, 97.75
1790273401 24243, 1, 81.93
1790273402 24243, 9, 93.39
1790273403 24243, 9, 79.24
1790273404 24243, 11, 92.13
1790273405 24243, 15, 99.56
1790273406 24243, 11, 98.91
1790273407 24243, 11, 98.50
1790273408 24243, 9, 98.54
1790273409 24243, 11, 99.39
1790273410 24243, 9, 96.67
1790273412 24243, 10, 93.47
1790273413 24243, 9, 79.78
1790273414 24243, 10, 94.83
1790273415 24243, 14, 97.47
1790273416 24243, 12, 100.78
1790273417 24243, 0, 81.47
1790273418 24243, 17, 98.89
1790273419 24243, 12, 101.08
1790273420 24243, 15, 98.40
1790273421 24243, 16, 101.50
1790273422 24243, 15, 98.00
1790273423 24243, 11, 90.33
1790273424 24243, 12, 93.40
1790273425 24243, 11, 93.92
1790273426 24243, 11, 91.69
1790273427 24243, 13, 93.40
1790273429 24243, 12, 95.73
1790273430 24243, 11, 96.64
1790273431 24243, 11, 90.96
1790273432 24243, 11, 91.30
1790273433 24243, 11, 90.43
1790273434 24243, 11, 91.13
1790273435 24243, 12, 91.06
1790273436 24243, 11, 91.42
1790273437 24243, 11, 92.55
1790273438 24243, 11, 93.24
1790273439 24243, 12, 93.18
1790273440 24243, 11, 92.43
1790273441 24243, 11, 93.40
1790273442 24243, 12, 93.52
1790273443 24243, 11, 90.78
1790273444 24243, 12, 93.39
1790273445 24243, 12, 93.87
1790273447 24243, 11, 93.08
1790273448 24243, 11, 91.07
1790273449 24243, 11, 90.25
1790273450 24243, 11, 91.62
1790273451 24243, 11, 92.21
1790273452 24243, 11, 93.65
1790273453 24243, 12, 93.83
1790273454 24243, 11, 91.12
1790273455 24243, 11, 92.61
1790273456 24243, 11, 93.92
1790273457 24243, 11, 94.14
1790273458 24243, 11, 92.86
1790273459 24243, 11, 90.74
1790273460 24243, 12, 92.40
1790273461 24243, 11, 92.57
1790273462 24243, 11, 90.41
1790273464 24243, 12, 97.00
1790273465 24243, 12, 97.54
1790273466 24243, 11, 95.14
1790273467 24243, 11, 90.29
1790273468 24243, 11, 91.81
1790273469 24243, 11, 92.07
1790273470 24243, 11, 92.64
1790273471 24243, 11, 94.37
1790273472 24243, 10, 91.54
1790273473 24243, 11, 92.68
1790273474 24243, 12, 94.77
1790273475 24243, 11, 94.68
1790273476 24243, 11, 94.24
1790273477 24243, 10, 90.70
1790273478 24243, 11, 91.07
1790273479 24243, 10, 90.77
1790273481 24243, 11, 90.37
1790273482 24243, 11, 92.22
1790273483 24243, 11, 92.35
1790273484 24243, 12, 94.24
1790273485 24243, 11, 95.98
1790273486 24243, 11, 94.54
1790273487 24243, 11, 91.62
1790273488 24243, 11, 91.17
1790273489 24243, 10, 90.80
1790273490 24243, 11, 91.43
1790273491 24243, 11, 92.07
1790273492 24243, 12, 94.41
1790273493 24243, 12, 95.11
1790273494 24243, 11, 95.15
1790273495 24243, 11, 96.52
1790273497 24243, 10, 90.00
1790273498 24243, 11, 91.47
1790273499 24243, 11, 92.07
1790273500 24243, 11, 92.79
1790273501 24243, 11, 91.38
1790273502 24243, 12, 93.00
1790273503 24243, 11, 92.38
1790273504 24243, 12, 95.82
1790273505 24243, 11, 96.04
1790273506 24243, 11, 94.96
1790273507 24243, 12, 92.88
1790273508 24243, 11, 93.63
1790273509 24243, 11, 92.00
1790273510 24243, 11, 92.74
1790273511 24243, 11, 92.61
1790273512 24243, 11, 93.56
1790273513 24243, 11, 92.89
1790273515 24243, 11, 91.83
1790273516 24243, 7, 66.70
1790273517 24243, 3, 56.67
1790273518 24243, 5, 56.64
1790273519 24243, 0, 56.48
1790273520 24243, 0, 56.60
1790273521 24243, 9, 56.49
1790273522 24243, 0, 56.20
1790273523 24243, 5, 56.53
1790273524 24243, 0, 56.33
1790273525 24243, 12, 56.22
1790273526 24243, 0, 56.00
1790273527 24243, 9, 56.30
1790273528 24243, 4, 56.36
1790273529 24243, 4, 56.51
1790273530 24243, 0, 56.55
1790273532 24243, 11, 56.56
1790273533 24243, 0, 56.56
1790273534 24243, 4, 56.72
1790273535 24243, 2, 56.76
1790273536 24243, 11, 56.93
1790273537 24243, 0, 56.61
1790273538 24243, 7, 56.31
1790273539 24243, 3, 57.00
1790273540 24243, 0, 56.03
1790273541 24243, 0, 55.83
1790273542 24243, 0, 55.95
1790273543 24234, 0, 56.60
