1791101453 0, 0, 98.99
1791101454 1, 0, 65.83
1791101456 4, 0, 64.55
1791101457 4, 0, 64.31
1791101458 4, 0, 64.21
1791101459 4, 0, 64.10
1791101460 1227, 0, 87.83
1791101462 4829, 10, 100.06
1791101463 5869, 16, 100.62
1791101464 6929, 1, 99.99
1791101465 7969, 10, 100.87
1791101466 9029, 20, 100.00
1791101467 10169, 10, 100.56
1791101468 11229, 13, 101.00
1791101470 12269, 20, 99.19
1791101471 13329, 1, 100.21
1791101472 14369, 17, 100.91
1791101473 15429, 1, 99.06
1791101474 16469, 10, 99.56
1791101475 17509, 9, 99.43
1791101477 18569, 2, 99.39
1791101478 19649, 10, 99.15
1791101479 20311, 0, 97.09
1791101480 21611, 0, 95.96
1791101481 21611, 0, 95.55
1791101482 21611, 2, 95.75
1791101483 21611, 1, 95.89
1791101485 21611, 1, 95.87
1791101486 21611, 1, 95.85
1791101487 21611, 2, 95.88
1791101488 21641, 5, 96.69
1791101489 21641, 4, 95.69
1791101490 21643, 3, 95.76
1791101492 21643, 3, 95.66
1791101493 21643, 2, 95.62
1791101494 21643, 2, 95.55
1791101495 21643, 1, 95.53
1791101496 21643, 0, 95.54
1791101497 21643, 2, 95.53
1791101499 21643, 0, 95.46
1791101500 21643, 0, 95.46
1791101501 21643, 2, 95.46
1791101502 21643, 0, 95.47
1791101503 21643, 2, 95.44
1791101504 21643, 2, 95.43
1791101506 21643, 0, 95.48
1791101507 21643, 2, 95.49
1791101508 21643, 1, 95.44
1791101509 21643, 1, 95.45
1791101510 21643, 0, 95.46
1791101511 21643, 2, 95.42
1791101513 21643, 1, 95.49
1791101514 21643, 0, 95.45
1791101515 21643, 0, 95.53
1791101516 21643, 2, 95.50
1791101517 21643, 0, 95.47
1791101518 21643, 2, 95.43
1791101520 21643, 1, 95.43
1791101521 21643, 2, 95.39
1791101522 21643, 0, 95.38
1791101523 21643, 3, 95.43
1791101524 21643, 0, 95.43
1791101525 21643, 0, 95.36
1791101527 21643, 2, 95.43
1791101528 21643, 0, 95.31
1791101529 21643, 4, 95.41
1791101530 21643, 2, 95.33
1791101531 21643, 2, 95.33
1791101533 21643, 0, 95.36
1791101534 21643, 2, 95.38
1791101535 21643, 1, 95.34
1791101536 21643, 0, 95.38
1791101537 21643, 2, 95.32
1791101538 21643, 0, 95.27
1791101539 21643, 0, 95.27
1791101541 21643, 2, 95.36
1791101542 21643, 2, 95.32
1791101543 21643, 0, 95.41
1791101544 21643, 0, 95.32
1791101545 21643, 4, 95.39
1791101546 21643, 0, 95.35
1791101548 21643, 0, 95.36
1791101549 21643, 2, 95.37
1791101550 21643, 2, 95.37
1791101551 22135, 92, 124.32
1791101552 22197, 86, 227.09
1791101554 22191, 17, 182.43
1791101555 24153, 98, 216.10
1791101556 24853, 98, 258.52
1791101557 25013, 48, 232.43
1791101558 26781, 96, 274.92
1791101559 26781, 95, 257.14
1791101561 26805, 97, 246.64
1791101562 26805, 98, 233.97
1791101563 26805, 80, 245.33
1791101564 26815, 55, 240.55
1791101565 26815, 98, 262.39
1791101566 26815, 98, 270.76
1791101567 26829, 97, 251.91
1791101569 26831, 95, 269.67
1791101570 26831, 95, 247.79
1791101571 26831, 96, 267.81
1791101572 26831, 84, 280.61
1791101573 26831, 94, 250.91
1791101574 26831, 96, 253.56
1791101576 27051, 81, 291.65
1791101577 27051, 98, 277.14
1791101578 27051, 93, 254.22
1791101579 27051, 20, 272.27
1791101580 27051, 97, 268.39
1791101581 27051, 95, 268.07
1791101583 27051, 92, 278.42
1791101584 27051, 97, 275.07
1791101585 27051, 91, 292.72
1791101586 27051, 76, 255.99
1791101587 27051, 84, 281.84
1791101588 27051, 97, 258.02
1791101590 27051, 98, 272.04
1791101591 27051, 98, 281.16
1791101592 27051, 85, 272.95
1791101593 27051, 85, 301.42
1791101594 27051, 82, 241.60
1791101595 27051, 98, 245.67
1791101597 27051, 97, 275.87
1791101598 27051, 96, 290.33
1791101599 27051, 33, 277.50
1791101600 27051, 93, 285.76
1791101601 27051, 97, 284.45
1791101602 27051, 98, 304.03
1791101604 27051, 97, 251.57
1791101605 27051, 98, 286.37
1791101606 27051, 69, 266.03
1791101607 27051, 98, 286.39
1791101608 27051, 94, 273.65
1791101609 27051, 98, 261.96
1791101611 27051, 98, 299.65
1791101612 27051, 97, 265.48
1791101613 27051, 96, 279.33
1791101614 27051, 96, 273.51
1791101615 27051, 98, 296.01
1791101616 27051, 98, 298.91
1791101617 27051, 98, 307.33
1791101619 27051, 98, 292.67
1791101620 27051, 98, 304.57
1791101621 27051, 98, 269.36
1791101622 27351, 98, 324.79
1791101623 27351, 98, 305.90
1791101625 27351, 95, 282.37
1791101626 27353, 88, 303.95
1791101627 27353, 98, 310.08
1791101628 27353, 98, 312.69
1791101629 27353, 98, 303.46
1791101630 27353, 97, 283.35
1791101631 27353, 98, 306.39
1791101633 27353, 95, 279.86
1791101634 27353, 5, 253.21
1791101635 27353, 2, 125.61
1791101636 27353, 0, 119.47
1791101637 27353, 4, 116.08
1791101638 27353, 1, 113.87
1791101640 27353, 0, 111.99
1791101641 27353, 1, 110.48
1791101642 27353, 0, 109.25
1791101643 27353, 1, 108.15
1791101644 27353, 2, 107.19
1791101646 27353, 1, 106.92
1791101647 27353, 2, 106.61
1791101648 27353, 0, 106.07
1791101649 27353, 0, 105.66
1791101650 27353, 0, 105.21
1791101651 27353, 2, 105.44
1791101652 27353, 0, 105.48
1791101654 27353, 0, 105.10
1791101655 27353, 3, 104.77
1791101656 27353, 1, 104.59
1791101657 27353, 4, 104.29
1791101658 27353, 0, 104.04
1791101660 27353, 0, 103.77
1791101661 27353, 3, 103.58
1791101662 27353, 4, 103.58
1791101663 27353, 0, 103.31
1791101664 27353, 0, 103.00
1791101665 27353, 0, 102.74
1791101667 27353, 0, 102.57
1791101668 27353, 0, 102.38
