1791100038 0, 0, 80.07
1791100039 0, 0, 67.88
1791100040 4, 0, 66.32
1791100042 4, 0, 66.09
1791100043 4, 0, 65.80
1791100044 4, 0, 65.69
1791100045 4, 0, 65.80
1791100046 4, 0, 65.64
1791100047 727, 0, 92.94
1791100049 727, 0, 98.11
1791100050 727, 0, 98.43
1791100051 795, 0, 98.53
1791100052 16257, 0, 98.55
1791100053 16259, 12, 100.41
1791100054 16271, 15, 106.65
1791100056 16279, 18, 106.15
1791100057 16293, 18, 106.41
1791100058 16305, 16, 107.53
1791100059 16317, 19, 106.27
1791100060 16329, 17, 106.15
1791100062 17381, 18, 106.52
1791100063 18931, 0, 104.37
1791100064 18931, 0, 98.68
1791100065 18931, 0, 98.53
1791100066 18931, 0, 98.53
1791100067 18931, 0, 98.45
1791100069 16869, 0, 98.44
1791100070 16869, 0, 98.10
1791100071 16881, 0, 98.03
1791100073 17035, 1, 98.02
1791100074 17315, 0, 97.99
1791100075 17535, 0, 97.92
1791100076 17855, 1, 97.86
1791100077 19301, 0, 98.39
1791100078 19301, 0, 97.79
1791100080 19301, 5, 97.90
1791100081 19301, 4, 98.06
1791100082 21041, 3, 98.68
1791100083 21041, 3, 97.83
1791100084 21041, 1, 97.70
1791100085 21041, 0, 97.61
1791100086 21041, 0, 97.58
1791100088 21041, 1, 97.49
1791100089 21041, 3, 97.53
1791100090 21041, 4, 97.41
1791100091 21041, 0, 97.33
1791100092 21041, 2, 97.34
1791100094 21041, 0, 97.22
1791100095 21041, 0, 97.15
1791100096 21041, 3, 97.17
1791100097 21041, 0, 97.20
1791100098 21041, 1, 97.09
1791100100 21041, 1, 97.07
1791100101 21041, 0, 97.08
1791100102 21041, 2, 97.03
1791100103 21041, 2, 96.99
1791100104 21041, 1, 96.96
1791100105 21041, 0, 96.87
1791100107 21041, 0, 96.94
1791100108 21041, 1, 96.84
1791100109 21041, 1, 96.88
1791100110 21041, 0, 96.85
1791100111 21041, 3, 96.78
1791100113 21041, 0, 96.71
1791100114 21041, 2, 96.74
1791100115 21041, 2, 96.64
1791100116 21041, 2, 96.66
1791100117 21041, 0, 96.66
1791100118 21041, 4, 96.60
1791100120 21041, 3, 96.61
1791100121 21041, 2, 96.58
1791100122 21041, 2, 96.62
1791100123 21041, 0, 96.54
1791100124 21041, 2, 96.45
1791100125 21041, 1, 96.51
1791100127 21041, 3, 96.46
1791100128 21041, 0, 96.47
1791100129 21041, 1, 96.46
1791100130 21041, 2, 96.37
1791100131 21041, 0, 96.32
1791100133 21041, 4, 96.34
1791100134 21041, 0, 96.29
1791100135 21041, 1, 96.26
1791100136 21041, 0, 96.14
1791100137 21041, 0, 96.12
1791100138 21041, 0, 97.58
1791100140 21043, 14, 99.10
1791100141 21043, 0, 96.29
1791100142 21051, 0, 98.55
1791100143 21051, 1, 99.39
1791100144 21053, 0, 149.12
1791100146 21053, 14, 106.24
1791100147 21057, 55, 162.40
1791100148 21057, 50, 177.40
1791100149 19311, 0, 97.86
1791100150 19373, 0, 99.45
1791100152 19373, 0, 100.24
1791100153 20139, 32, 122.03
1791100154 20139, 0, 97.21
1791100155 20203, 0, 106.58
1791100156 20203, 0, 99.78
1791100158 20203, 0, 96.87
1791100159 20211, 0, 97.58
1791100160 20213, 0, 96.75
1791100161 20213, 0, 96.62
1791100162 20821, 0, 114.62
1791100163 22785, 26, 199.74
1791100165 22877, 19, 182.63
1791100166 24109, 49, 215.38
1791100167 24211, 0, 113.06
1791100168 24211, 0, 162.46
1791100169 24211, 0, 120.49
1791100170 24229, 0, 152.37
1791100172 24241, 60, 217.45
1791100173 24241, 54, 201.94
1791100174 24251, 30, 220.38
1791100175 24253, 30, 235.61
1791100176 24269, 53, 221.88
1791100177 24269, 0, 195.35
1791100179 24269, 0, 110.18
1791100180 24269, 24, 204.67
1791100181 24269, 49, 233.37
1791100182 24271, 32, 219.29
1791100183 24273, 29, 207.11
1791100184 24273, 46, 213.78
1791100185 24273, 63, 259.04
1791100187 24273, 28, 213.63
1791100188 24277, 32, 220.38
1791100189 24277, 34, 216.90
1791100190 24277, 54, 235.82
1791100191 24277, 53, 242.84
1791100193 24277, 66, 241.23
1791100194 24279, 56, 229.81
1791100195 24281, 29, 247.86
1791100196 24281, 56, 218.59
1791100197 24281, 54, 250.72
1791100199 24281, 63, 264.45
1791100200 24283, 32, 225.87
1791100201 24283, 36, 233.38
1791100202 24283, 35, 228.70
1791100203 24285, 54, 241.72
1791100204 24285, 58, 220.49
1791100206 24287, 31, 213.73
1791100207 24287, 61, 236.12
1791100208 24287, 50, 233.82
1791100209 24287, 24, 230.42
1791100210 24287, 36, 242.75
1791100211 24291, 59, 254.54
1791100212 24311, 61, 262.15
1791100213 24311, 51, 248.50
1791100215 24311, 60, 257.23
1791100216 24313, 59, 241.97
1791100217 24313, 29, 242.33
1791100218 24315, 58, 260.57
1791100219 24315, 42, 245.82
1791100220 24315, 62, 246.97
1791100222 24315, 49, 253.28
1791100223 24315, 0, 135.84
1791100224 24315, 0, 111.18
1791100225 24315, 0, 109.01
1791100226 24315, 2, 107.17
1791100227 24315, 1, 106.06
1791100228 24315, 1, 105.11
1791100230 24315, 0, 104.38
1791100231 24315, 0, 105.23
1791100232 24315, 0, 104.80
1791100233 24315, 2, 104.27
1791100234 24315, 2, 103.77
1791100236 24315, 2, 103.50
1791100237 24315, 1, 103.14
1791100238 24315, 0, 102.87
1791100239 24315, 2, 102.57
1791100240 24315, 0, 102.30
1791100241 24315, 2, 102.11
1791100242 24315, 2, 101.90
1791100244 24315, 1, 101.66
1791100245 24315, 0, 101.36
1791100246 24315, 1, 101.18
1791100247 24315, 0, 101.08
1791100248 24315, 4, 101.10
1791100250 24315, 0, 100.81
1791100251 24315, 0, 100.39
1791100252 24315, 0, 100.32
1791100253 24315, 0, 100.12
1791100254 24315, 0, 101.38
