1791282691 2647, 14001, 47, 0x0000000000000000 | 1.86 1.89 2.03 | cpu  1728484132 19377729 319842545 57938819583 16409192 0 17081275 0 0 0
1791282692 2647, 7001, 46, 0x0000000000000000 | 1.87 1.89 2.03 | cpu  1728484780 19377729 319842575 57938826857 16409192 0 17081284 0 0 0
1791282693 412, 7001, 45, 0x0000000000000000 | 1.87 1.89 2.03 | cpu  1728484986 19377729 319842604 57938834590 16409192 0 17081305 0 0 0
1791282694 367, 810, 45, 0x0000000000000000 | 1.87 1.89 2.03 | cpu  1728485167 19377729 319842641 57938842349 16409198 0 17081322 0 0 0
1791282695 300, 810, 44, 0x0000000000000000 | 1.87 1.89 2.03 | cpu  1728485289 19377729 319842671 57938850154 16409200 0 17081325 0 0 0
1791282696 300, 405, 44, 0x0000000000000000 | 1.88 1.89 2.03 | cpu  1728485472 19377729 319842704 57938857884 16409200 0 17081329 0 0 0
1791282698 300, 14001, 44, 0x0000000000000000 | 1.88 1.89 2.03 | cpu  1728486127 19377729 319842735 57938865212 16409200 0 17081342 0 0 0
1791282699 2647, 13801, 46, 0x0000000000000000 | 1.88 1.89 2.03 | cpu  1728486605 19377729 319842772 57938872627 16409200 0 17081359 0 0 0
1791282700 2692, 13801, 46, 0x0000000000000000 | 1.88 1.89 2.03 | cpu  1728486986 19377729 319842812 57938880081 16409200 0 17081373 0 0 0
1791282701 2700, 13801, 47, 0x0000000000000000 | 1.88 1.89 2.03 | cpu  1728487428 19377729 319842858 57938887463 16409200 0 17081382 0 0 0
1791282702 2700, 13801, 47, 0x0000000000000000 | 1.89 1.89 2.03 | cpu  1728487880 19377729 319842899 57938894895 16409201 0 17081390 0 0 0
1791282703 2692, 13801, 47, 0x0000000000000000 | 1.89 1.89 2.03 | cpu  1728488271 19377729 319842936 57938902377 16409201 0 17081399 0 0 0
1791282704 2692, 13801, 47, 0x0000000000000000 | 1.89 1.89 2.03 | cpu  1728488650 19377729 319843041 57938909788 16409209 0 17081400 0 0 0
1791282705 2670, 13801, 47, 0x0000000000000000 | 1.89 1.89 2.03 | cpu  1728489031 19377729 319843091 57938917236 16409209 0 17081414 0 0 0
1791282706 2700, 13801, 47, 0x0000000000000000 | 1.90 1.89 2.03 | cpu  1728489473 19377729 319843134 57938924718 16409209 0 17081426 0 0 0
1791282707 2700, 13801, 47, 0x0000000000000000 | 1.90 1.89 2.03 | cpu  1728489923 19377729 319843180 57938932144 16409209 0 17081439 0 0 0
1791282709 2700, 13801, 46, 0x0000000000000000 | 1.90 1.89 2.03 | cpu  1728490370 19377729 319843222 57938939571 16409209 0 17081449 0 0 0
1791282710 2700, 13801, 47, 0x0000000000000000 | 1.90 1.89 2.03 | cpu  1728490773 19377729 319843266 57938947084 16409220 0 17081463 0 0 0
1791282711 2700, 13801, 46, 0x0000000000000000 | 1.90 1.89 2.03 | cpu  1728491234 19377729 319843307 57938954540 16409220 0 17081480 0 0 0
1791282712 2647, 13801, 46, 0x0000000000000000 | 1.91 1.90 2.03 | cpu  1728491675 19377729 319843349 57938962038 16409220 0 17081485 0 0 0
1791282713 2722, 13801, 46, 0x0000000000000000 | 1.91 1.90 2.03 | cpu  1728492087 19377729 319843388 57938969464 16409220 0 17081506 0 0 0
1791282714 2707, 13801, 46, 0x0000000000000000 | 1.91 1.90 2.03 | cpu  1728492245 19377729 319843476 57938977171 16409220 0 17081526 0 0 0
1791282715 2670, 13801, 46, 0x0000000000000000 | 1.91 1.90 2.03 | cpu  1728492426 19377729 319843552 57938984846 16409227 0 17081547 0 0 0
1791282716 2662, 13801, 46, 0x0000000000000000 | 1.99 1.91 2.04 | cpu  1728492627 19377729 319843677 57938992458 16409227 0 17081571 0 0 0
1791282717 2670, 13801, 46, 0x0000000000000000 | 1.99 1.91 2.04 | cpu  1728492827 19377729 319843721 57939000108 16409227 0 17081598 0 0 0
1791282718 2670, 13801, 46, 0x0000000000000000 | 1.99 1.91 2.04 | cpu  1728493017 19377729 319843765 57939007834 16409227 0 17081610 0 0 0
1791282720 2670, 13801, 46, 0x0000000000000000 | 1.99 1.91 2.04 | cpu  1728493207 19377729 319843805 57939015513 16409227 0 17081630 0 0 0
1791282721 2647, 13801, 46, 0x0000000000000000 | 1.99 1.91 2.04 | cpu  1728493420 19377729 319843824 57939023186 16409228 0 17081646 0 0 0
1791282722 2647, 13801, 46, 0x0000000000000000 | 1.99 1.92 2.04 | cpu  1728493889 19377729 319843855 57939030660 16409228 0 17081668 0 0 0
1791282723 2647, 13801, 46, 0x0000000000000000 | 1.99 1.92 2.04 | cpu  1728496509 19377729 319843865 57939035865 16409228 0 17081671 0 0 0
1791282724 2647, 13801, 46, 0x0000000000000000 | 1.99 1.92 2.04 | cpu  1728499147 19377729 319843897 57939040970 16409233 0 17081672 0 0 0
1791282725 2647, 13801, 45, 0x0000000000000000 | 1.99 1.92 2.04 | cpu  1728500324 19377729 319843979 57939047656 16409238 0 17081675 0 0 0
1791282726 2647, 13801, 45, 0x0000000000000000 | 2.16 1.95 2.05 | cpu  1728500513 19377729 319844039 57939055360 16409241 0 17081689 0 0 0
1791282727 2647, 13801, 45, 0x0000000000000000 | 2.16 1.95 2.05 | cpu  1728500694 19377729 319844091 57939063062 16409241 0 17081702 0 0 0
1791282728 2647, 13801, 45, 0x0000000000000000 | 2.16 1.95 2.05 | cpu  1728500890 19377729 319844200 57939070671 16409241 0 17081719 0 0 0
1791282729 2647, 13801, 45, 0x0000000000000000 | 2.16 1.95 2.05 | cpu  1728501072 19377729 319844252 57939078347 16409241 0 17081738 0 0 0
1791282731 2647, 13801, 45, 0x0000000000000000 | 2.16 1.95 2.05 | cpu  1728501253 19377729 319844303 57939086062 16409241 0 17081752 0 0 0
1791282732 2647, 13801, 45, 0x0000000000000000 | 2.14 1.95 2.05 | cpu  1728501433 19377729 319844353 57939093733 16409243 0 17081774 0 0 0
1791282733 2647, 13801, 45, 0x0000000000000000 | 2.14 1.95 2.05 | cpu  1728501631 19377729 319844408 57939101391 16409243 0 17081797 0 0 0
1791282734 2647, 13801, 45, 0x0000000000000000 | 2.14 1.95 2.05 | cpu  1728501814 19377729 319844458 57939109122 16409243 0 17081806 0 0 0
1791282735 2647, 13801, 45, 0x0000000000000000 | 2.14 1.95 2.05 | cpu  1728501998 19377729 319844510 57939116848 16409243 0 17081827 0 0 0
1791282736 2647, 13801, 45, 0x0000000000000000 | 2.13 1.95 2.05 | cpu  1728502179 19377729 319844559 57939124517 16409243 0 17081855 0 0 0
1791282737 2647, 13801, 45, 0x0000000000000000 | 2.13 1.95 2.05 | cpu  1728502368 19377729 319844614 57939132217 16409243 0 17081880 0 0 0
1791282738 2647, 13801, 45, 0x0000000000000000 | 2.13 1.95 2.05 | cpu  1728502552 19377729 319844664 57939139913 16409244 0 17081905 0 0 0
1791282739 2647, 13801, 45, 0x0000000000000000 | 2.13 1.95 2.05 | cpu  1728502735 19377729 319844714 57939147620 16409244 0 17081930 0 0 0
1791282740 2647, 13801, 45, 0x0000000000000000 | 2.13 1.95 2.05 | cpu  1728502918 19377729 319844764 57939155319 16409249 0 17081949 0 0 0
1791282742 2647, 13801, 45, 0x0000000000000000 | 2.12 1.95 2.05 | cpu  1728503099 19377729 319844815 57939163036 16409249 0 17081966 0 0 0
1791282743 2647, 13801, 45, 0x0000000000000000 | 2.12 1.95 2.05 | cpu  1728503279 19377729 319844870 57939170710 16409249 0 17081989 0 0 0
1791282744 2647, 13801, 45, 0x0000000000000000 | 2.12 1.95 2.05 | cpu  1728503461 19377729 319844921 57939178383 16409249 0 17082012 0 0 0
1791282745 2647, 13801, 45, 0x0000000000000000 | 2.12 1.95 2.05 | cpu  1728503592 19377729 319845024 57939186076 16409256 0 17082017 0 0 0
1791282746 2647, 13801, 45, 0x0000000000000000 | 2.19 1.97 2.05 | cpu  1728503761 19377729 319845086 57939193793 16409258 0 17082021 0 0 0
1791282747 2647, 13801, 45, 0x0000000000000000 | 2.19 1.97 2.05 | cpu  1728503945 19377729 319845140 57939201481 16409259 0 17082038 0 0 0
1791282748 2647, 13801, 45, 0x0000000000000000 | 2.19 1.97 2.05 | cpu  1728504130 19377729 319845193 57939209173 16409259 0 17082060 0 0 0
1791282749 2647, 13801, 45, 0x0000000000000000 | 2.19 1.97 2.05 | cpu  1728504312 19377729 319845244 57939216876 16409259 0 17082080 0 0 0
1791282750 2647, 13801, 45, 0x0000000000000000 | 2.19 1.97 2.05 | cpu  1728504490 19377729 319845298 57939224581 16409259 0 17082105 0 0 0
1791282752 2647, 13801, 45, 0x0000000000000000 | 2.18 1.97 2.05 | cpu  1728504681 19377729 319845340 57939232315 16409259 0 17082129 0 0 0
1791282753 2647, 13801, 45, 0x0000000000000000 | 2.18 1.97 2.05 | cpu  1728504876 19377729 319845385 57939240013 16409265 0 17082147 0 0 0
1791282754 2647, 13801, 45, 0x0000000000000000 | 2.18 1.97 2.05 | cpu  1728505063 19377729 319845430 57939247707 16409265 0 17082157 0 0 0
1791282755 2647, 13801, 45, 0x0000000000000000 | 2.18 1.97 2.05 | cpu  1728505244 19377729 319845483 57939255411 16409265 0 17082167 0 0 0
1791282756 2647, 13801, 45, 0x0000000000000000 | 2.18 1.97 2.05 | cpu  1728505431 19377729 319845538 57939263092 16409270 0 17082180 0 0 0
1791282757 2647, 13801, 44, 0x0000000000000000 | 2.16 1.97 2.05 | cpu  1728505614 19377729 319845588 57939270823 16409270 0 17082194 0 0 0
1791282758 2647, 13801, 45, 0x0000000000000000 | 2.16 1.97 2.05 | cpu  1728505803 19377729 319845645 57939278455 16409286 0 17082212 0 0 0
1791282759 2647, 13801, 44, 0x0000000000000000 | 2.16 1.97 2.05 | cpu  1728505985 19377729 319845694 57939286150 16409286 0 17082226 0 0 0
1791282760 2647, 13801, 44, 0x0000000000000000 | 2.16 1.97 2.05 | cpu  1728506182 19377729 319845806 57939293775 16409286 0 17082236 0 0 0
1791282761 2647, 13801, 44, 0x0000000000000000 | 2.15 1.97 2.05 | cpu  1728506362 19377729 319845858 57939301475 16409292 0 17082248 0 0 0
1791282763 2647, 13801, 45, 0x0000000000000000 | 2.15 1.97 2.05 | cpu  1728506551 19377729 319845932 57939309134 16409292 0 17082262 0 0 0
1791282764 2647, 13801, 44, 0x0000000000000000 | 2.15 1.97 2.05 | cpu  1728506739 19377729 319845986 57939316816 16409293 0 17082275 0 0 0
1791282765 2647, 13801, 44, 0x0000000000000000 | 2.15 1.97 2.05 | cpu  1728506901 19377729 319846053 57939324483 16409297 0 17082285 0 0 0
1791282766 2647, 13801, 44, 0x0000000000000000 | 2.15 1.97 2.05 | cpu  1728507036 19377729 319846148 57939332180 16409300 0 17082286 0 0 0
1791282767 2647, 13801, 44, 0x0000000000000000 | 2.14 1.97 2.05 | cpu  1728507224 19377729 319846204 57939339862 16409300 0 17082304 0 0 0
1791282768 2647, 13801, 44, 0x0000000000000000 | 2.14 1.97 2.05 | cpu  1728507408 19377729 319846253 57939347536 16409300 0 17082329 0 0 0
1791282769 2647, 13801, 44, 0x0000000000000000 | 2.14 1.97 2.05 | cpu  1728507587 19377729 319846305 57939355219 16409305 0 17082357 0 0 0
1791282770 2647, 13801, 44, 0x0000000000000000 | 2.14 1.97 2.05 | cpu  1728507768 19377729 319846357 57939362924 16409305 0 17082385 0 0 0
1791282771 2647, 13801, 44, 0x0000000000000000 | 2.12 1.97 2.05 | cpu  1728507949 19377729 319846409 57939370643 16409305 0 17082410 0 0 0
1791282772 2647, 13801, 44, 0x0000000000000000 | 2.12 1.97 2.05 | cpu  1728508133 19377729 319846462 57939378340 16409305 0 17082435 0 0 0
1791282774 2647, 13801, 44, 0x0000000000000000 | 2.12 1.97 2.05 | cpu  1728508315 19377729 319846511 57939386043 16409305 0 17082465 0 0 0
1791282775 2647, 13801, 44, 0x0000000000000000 | 2.12 1.97 2.05 | cpu  1728508501 19377729 319846570 57939393741 16409307 0 17082489 0 0 0
1791282776 2647, 13801, 44, 0x0000000000000000 | 2.12 1.97 2.05 | cpu  1728508682 19377729 319846620 57939401432 16409307 0 17082517 0 0 0
1791282777 2647, 13801, 44, 0x0000000000000000 | 2.11 1.97 2.05 | cpu  1728508864 19377729 319846670 57939409127 16409307 0 17082547 0 0 0
1791282778 2647, 13801, 44, 0x0000000000000000 | 2.11 1.97 2.05 | cpu  1728509049 19377729 319846719 57939416835 16409307 0 17082575 0 0 0
1791282779 2647, 13801, 44, 0x0000000000000000 | 2.11 1.97 2.05 | cpu  1728509244 19377729 319846778 57939424521 16409307 0 17082598 0 0 0
1791282780 2647, 13801, 44, 0x0000000000000000 | 2.11 1.97 2.05 | cpu  1728509444 19377729 319846838 57939432191 16409313 0 17082615 0 0 0
1791282781 2647, 13801, 44, 0x0000000000000000 | 2.19 1.99 2.05 | cpu  1728509645 19377729 319846961 57939439788 16409314 0 17082635 0 0 0
1791282782 2647, 13801, 44, 0x0000000000000000 | 2.19 1.99 2.05 | cpu  1728509842 19377729 319846996 57939447496 16409314 0 17082661 0 0 0
1791282783 3000, 13801, 50, 0x0000000000000000 | 2.19 1.99 2.05 | cpu  1728510063 19377729 319847017 57939455202 16409320 0 17082686 0 0 0
1791282785 3022, 13801, 49, 0x0000000000000000 | 2.19 1.99 2.05 | cpu  1728510274 19377729 319847044 57939462870 16409320 0 17082710 0 0 0
1791282786 3007, 13801, 52, 0x0000000000000000 | 2.19 1.99 2.05 | cpu  1728510467 19377729 319847132 57939470528 16409320 0 17082713 0 0 0
1791282787 2910, 13801, 55, 0x0000000000000000 | 2.17 1.99 2.05 | cpu  1728510707 19377729 319847177 57939478198 16409321 0 17082728 0 0 0
1791282788 3022, 13801, 51, 0x0000000000000000 | 2.17 1.99 2.05 | cpu  1728510938 19377729 319847204 57939485882 16409321 0 17082754 0 0 0
1791282789 2932, 13801, 56, 0x0000000000000000 | 2.17 1.99 2.05 | cpu  1728511164 19377729 319847229 57939493584 16409321 0 17082779 0 0 0
1791282790 2940, 13801, 56, 0x0000000000000000 | 2.17 1.99 2.05 | cpu  1728511396 19377729 319847260 57939501248 16409328 0 17082801 0 0 0
1791282791 3022, 13801, 52, 0x0000000000000000 | 2.16 1.99 2.05 | cpu  1728511629 19377729 319847289 57939508928 16409328 0 17082826 0 0 0
1791282792 2835, 13801, 51, 0x0000000000000000 | 2.16 1.99 2.05 | cpu  1728511854 19377729 319847310 57939516627 16409328 0 17082850 0 0 0
1791282793 3007, 13801, 52, 0x0000000000000000 | 2.16 1.99 2.05 | cpu  1728512080 19377729 319847334 57939524304 16409328 0 17082872 0 0 0
1791282795 2962, 13801, 55, 0x0000000000000000 | 2.16 1.99 2.05 | cpu  1728512305 19377729 319847355 57939532008 16409328 0 17082901 0 0 0
1791282796 2947, 13801, 57, 0x0000000000000000 | 2.16 1.99 2.05 | cpu  1728512533 19377729 319847380 57939539705 16409333 0 17082917 0 0 0
1791282797 2925, 13801, 56, 0x0000000000000000 | 2.14 1.99 2.05 | cpu  1728512758 19377729 319847403 57939547421 16409333 0 17082948 0 0 0
1791282798 3000, 13801, 53, 0x0000000000000000 | 2.14 1.99 2.05 | cpu  1728512985 19377729 319847428 57939555105 16409333 0 17082965 0 0 0
1791282799 2977, 13801, 55, 0x0000000000000000 | 2.14 1.99 2.05 | cpu  1728513212 19377729 319847454 57939562824 16409333 0 17082990 0 0 0
1791282800 2970, 13801, 55, 0x0000000000000000 | 2.14 1.99 2.05 | cpu  1728513436 19377729 319847475 57939570486 16409333 0 17083007 0 0 0
1791282801 2925, 13801, 53, 0x0000000000000000 | 2.13 1.99 2.05 | cpu  1728513669 19377729 319847501 57939578196 16409333 0 17083025 0 0 0
1791282802 2925, 13801, 58, 0x0000000000000000 | 2.13 1.99 2.05 | cpu  1728513896 19377729 319847525 57939585897 16409333 0 17083042 0 0 0
1791282803 3015, 13801, 53, 0x0000000000000000 | 2.13 1.99 2.05 | cpu  1728514121 19377729 319847546 57939593589 16409333 0 17083069 0 0 0
1791282804 3007, 13801, 53, 0x0000000000000000 | 2.13 1.99 2.05 | cpu  1728514348 19377729 319847571 57939601294 16409333 0 17083094 0 0 0
1791282806 2925, 13801, 59, 0x0000000000000000 | 2.13 1.99 2.05 | cpu  1728514546 19377729 319847617 57939608948 16409340 0 17083111 0 0 0
1791282807 2917, 13801, 62, 0x0000000000000004 | 2.12 1.99 2.05 | cpu  1728514742 19377729 319847682 57939616632 16409344 0 17083118 0 0 0
1791282808 3007, 13801, 55, 0x0000000000000000 | 2.12 1.99 2.05 | cpu  1728514976 19377729 319847724 57939624329 16409346 0 17083142 0 0 0
1791282809 2910, 13801, 59, 0x0000000000000000 | 2.12 1.99 2.05 | cpu  1728515209 19377729 319847787 57939631960 16409346 0 17083164 0 0 0
1791282810 2925, 13801, 59, 0x0000000000000000 | 2.12 1.99 2.05 | cpu  1728515434 19377729 319847814 57939639673 16409346 0 17083193 0 0 0
1791282811 3007, 13801, 55, 0x0000000000000000 | 2.11 1.99 2.05 | cpu  1728515660 19377729 319847836 57939647377 16409346 0 17083220 0 0 0
1791282812 2985, 13801, 55, 0x0000000000000000 | 2.11 1.99 2.05 | cpu  1728515897 19377729 319847868 57939655073 16409351 0 17083244 0 0 0
1791282813 3007, 13801, 54, 0x0000000000000000 | 2.11 1.99 2.05 | cpu  1728516130 19377729 319847897 57939662744 16409351 0 17083263 0 0 0
1791282814 2910, 13801, 59, 0x0000000000000000 | 2.11 1.99 2.05 | cpu  1728516356 19377729 319847919 57939670417 16409351 0 17083290 0 0 0
1791282815 3007, 13801, 55, 0x0000000000000000 | 2.11 1.99 2.05 | cpu  1728516582 19377729 319847944 57939678150 16409351 0 17083321 0 0 0
1791282817 3000, 13801, 56, 0x0000000000000000 | 2.10 1.99 2.05 | cpu  1728516808 19377729 319847965 57939685862 16409351 0 17083350 0 0 0
1791282818 2955, 13801, 57, 0x0000000000000000 | 2.10 1.99 2.05 | cpu  1728517034 19377729 319847989 57939693569 16409354 0 17083376 0 0 0
1791282819 3007, 13801, 55, 0x0000000000000000 | 2.10 1.99 2.05 | cpu  1728517260 19377729 319848012 57939701259 16409354 0 17083400 0 0 0
1791282820 3022, 13801, 54, 0x0000000000000000 | 2.10 1.99 2.05 | cpu  1728517486 19377729 319848035 57939708960 16409354 0 17083430 0 0 0
1791282821 2940, 13801, 57, 0x0000000000000000 | 2.25 2.03 2.06 | cpu  1728517710 19377729 319848059 57939716609 16409354 0 17083454 0 0 0
1791282822 2977, 13801, 58, 0x0000000000000000 | 2.25 2.03 2.06 | cpu  1728517949 19377729 319848084 57939724301 16409354 0 17083480 0 0 0
1791282823 2992, 13801, 56, 0x0000000000000000 | 2.25 2.03 2.06 | cpu  1728518174 19377729 319848109 57939731954 16409354 0 17083505 0 0 0
1791282824 2940, 13801, 61, 0x0000000000000000 | 2.25 2.03 2.06 | cpu  1728518407 19377729 319848137 57939739654 16409354 0 17083526 0 0 0
1791282825 3007, 13801, 56, 0x0000000000000000 | 2.25 2.03 2.06 | cpu  1728518632 19377729 319848162 57939747335 16409354 0 17083556 0 0 0
1791282827 3015, 13801, 54, 0x0000000000000000 | 2.23 2.03 2.06 | cpu  1728518797 19377729 319848237 57939755054 16409362 0 17083556 0 0 0
1791282828 2992, 13801, 56, 0x0000000000000000 | 2.23 2.03 2.06 | cpu  1728518992 19377729 319848294 57939762812 16409366 0 17083556 0 0 0
1791282829 2985, 13801, 57, 0x0000000000000000 | 2.23 2.03 2.06 | cpu  1728519176 19377729 319848351 57939770515 16409373 0 17083556 0 0 0
1791282830 2970, 13801, 58, 0x0000000000000000 | 2.23 2.03 2.06 | cpu  1728519362 19377729 319848413 57939778178 16409376 0 17083556 0 0 0
1791282831 2902, 13801, 60, 0x0000000000000000 | 2.23 2.03 2.06 | cpu  1728519544 19377729 319848478 57939785861 16409376 0 17083556 0 0 0
1791282832 2955, 13801, 58, 0x0000000000000000 | 2.30 2.04 2.07 | cpu  1728519727 19377729 319848543 57939793591 16409377 0 17083556 0 0 0
1791282833 2977, 13801, 54, 0x0000000000000000 | 2.30 2.04 2.07 | cpu  1728519911 19377729 319848609 57939801287 16409377 0 17083556 0 0 0
1791282834 2970, 13801, 59, 0x0000000000000000 | 2.30 2.04 2.07 | cpu  1728520093 19377729 319848673 57939808958 16409377 0 17083556 0 0 0
1791282835 2947, 13801, 58, 0x0000000000000000 | 2.30 2.04 2.07 | cpu  1728520299 19377729 319848758 57939816606 16409383 0 17083556 0 0 0
1791282836 2992, 13801, 59, 0x0000000000000000 | 2.27 2.04 2.07 | cpu  1728520482 19377729 319848822 57939824335 16409383 0 17083556 0 0 0
1791282838 3007, 13801, 57, 0x0000000000000000 | 2.27 2.04 2.07 | cpu  1728520674 19377729 319848891 57939832012 16409385 0 17083556 0 0 0
1791282839 3015, 13801, 55, 0x0000000000000000 | 2.27 2.04 2.07 | cpu  1728520862 19377729 319848956 57939839725 16409385 0 17083557 0 0 0
1791282840 2955, 13801, 58, 0x0000000000000000 | 2.27 2.04 2.07 | cpu  1728521044 19377729 319849039 57939847419 16409395 0 17083557 0 0 0
1791282841 2992, 13801, 58, 0x0000000000000000 | 2.27 2.04 2.07 | cpu  1728521206 19377729 319849134 57939855121 16409400 0 17083558 0 0 0
1791282842 3015, 13801, 55, 0x0000000000000000 | 2.25 2.04 2.07 | cpu  1728521373 19377729 319849217 57939862804 16409407 0 17083558 0 0 0
1791282843 2932, 13801, 59, 0x0000000000000000 | 2.25 2.04 2.07 | cpu  1728521540 19377729 319849305 57939870494 16409414 0 17083558 0 0 0
1791282844 2947, 13801, 59, 0x0000000000000000 | 2.25 2.04 2.07 | cpu  1728521712 19377729 319849480 57939878110 16409422 0 17083559 0 0 0
1791282845 3007, 13801, 56, 0x0000000000000000 | 2.25 2.04 2.07 | cpu  1728521915 19377729 319849506 57939885767 16409440 0 17083560 0 0 0
1791282846 3000, 13801, 57, 0x0000000000000000 | 2.23 2.04 2.06 | cpu  1728522138 19377729 319849537 57939893476 16409446 0 17083560 0 0 0
1791282848 2955, 13801, 58, 0x0000000000000000 | 2.23 2.04 2.06 | cpu  1728522359 19377729 319849561 57939901187 16409452 0 17083560 0 0 0
1791282849 2970, 13801, 59, 0x0000000000000000 | 2.23 2.04 2.06 | cpu  1728522564 19377729 319849589 57939908843 16409469 0 17083561 0 0 0
1791282850 2962, 13801, 59, 0x0000000000000000 | 2.23 2.04 2.06 | cpu  1728522756 19377729 319849620 57939916560 16409494 0 17083571 0 0 0
1791282851 2925, 13801, 60, 0x0000000000000000 | 2.23 2.04 2.06 | cpu  1728522979 19377729 319849644 57939924229 16409495 0 17083592 0 0 0
1791282852 2932, 13801, 60, 0x0000000000000000 | 7.34 3.10 2.41 | cpu  1728523563 19377729 319851190 57939929909 16409502 0 17083592 0 0 0
1791282853 2940, 13801, 60, 0x0000000000000000 | 7.34 3.10 2.41 | cpu  1728524650 19377729 319851388 57939936596 16409503 0 17083600 0 0 0
1791282854 2985, 13801, 58, 0x0000000000000000 | 7.34 3.10 2.41 | cpu  1728524881 19377729 319851420 57939944373 16409510 0 17083603 0 0 0
1791282855 2992, 13801, 58, 0x0000000000000000 | 7.34 3.10 2.41 | cpu  1728525106 19377729 319851448 57939952046 16409512 0 17083609 0 0 0
1791282856 2895, 13801, 66, 0x0000000000000004 | 7.07 3.12 2.42 | cpu  1728525329 19377729 319851550 57939959696 16409512 0 17083609 0 0 0
1791282857 2932, 13801, 61, 0x0000000000000000 | 7.07 3.12 2.42 | cpu  1728525552 19377729 319851582 57939967489 16409518 0 17083611 0 0 0
1791282859 2992, 13801, 59, 0x0000000000000000 | 7.07 3.12 2.42 | cpu  1728525695 19377729 319851612 57939975321 16409519 0 17083613 0 0 0
1791282860 3000, 13801, 58, 0x0000000000000000 | 7.07 3.12 2.42 | cpu  1728525811 19377729 319851638 57939983191 16409519 0 17083613 0 0 0
1791282861 2925, 13801, 62, 0x0000000000000000 | 7.07 3.12 2.42 | cpu  1728525929 19377729 319851665 57939991062 16409519 0 17083613 0 0 0
1791282862 2977, 13801, 59, 0x0000000000000000 | 6.58 3.08 2.41 | cpu  1728526045 19377729 319851691 57939998942 16409519 0 17083613 0 0 0
1791282863 2947, 13801, 60, 0x0000000000000000 | 6.58 3.08 2.41 | cpu  1728526168 19377729 319851721 57940006812 16409521 0 17083613 0 0 0
1791282864 2910, 13801, 61, 0x0000000000000000 | 6.58 3.08 2.41 | cpu  1728526285 19377729 319851750 57940014703 16409521 0 17083613 0 0 0
1791282865 2947, 13801, 60, 0x0000000000000000 | 6.58 3.08 2.41 | cpu  1728526400 19377729 319851776 57940022543 16409521 0 17083613 0 0 0
1791282866 2977, 13801, 60, 0x0000000000000000 | 6.14 3.05 2.40 | cpu  1728526517 19377729 319851797 57940030413 16409521 0 17083613 0 0 0
1791282868 2962, 13801, 59, 0x0000000000000000 | 6.14 3.05 2.40 | cpu  1728526634 19377729 319851820 57940038246 16409521 0 17083614 0 0 0
1791282869 3015, 13801, 56, 0x0000000000000000 | 6.14 3.05 2.40 | cpu  1728526750 19377729 319851845 57940046079 16409521 0 17083614 0 0 0
1791282870 3022, 13801, 55, 0x0000000000000000 | 6.14 3.05 2.40 | cpu  1728526873 19377729 319851879 57940053857 16409521 0 17083614 0 0 0
1791282871 3000, 13801, 58, 0x0000000000000000 | 6.14 3.05 2.40 | cpu  1728526991 19377729 319851904 57940061704 16409521 0 17083614 0 0 0
1791282872 2940, 13801, 62, 0x0000000000000000 | 5.72 3.01 2.39 | cpu  1728527106 19377729 319851930 57940069523 16409521 0 17083614 0 0 0
1791282873 2947, 13801, 61, 0x0000000000000000 | 5.72 3.01 2.39 | cpu  1728527221 19377729 319851953 57940077294 16409521 0 17083614 0 0 0
1791282874 2977, 13801, 59, 0x0000000000000000 | 5.72 3.01 2.39 | cpu  1728527337 19377729 319851980 57940085094 16409526 0 17083614 0 0 0
1791282875 2970, 13801, 60, 0x0000000000000000 | 5.72 3.01 2.39 | cpu  1728527451 19377729 319852002 57940092880 16409528 0 17083614 0 0 0
1791282876 2887, 13801, 65, 0x0000000000000004 | 5.35 2.98 2.39 | cpu  1728527568 19377729 319852028 57940100738 16409528 0 17083615 0 0 0
1791282877 2932, 13801, 63, 0x0000000000000000 | 5.35 2.98 2.39 | cpu  1728527683 19377729 319852051 57940108594 16409528 0 17083615 0 0 0
1791282879 2917, 13801, 60, 0x0000000000000000 | 5.35 2.98 2.39 | cpu  1728527807 19377729 319852082 57940116470 16409528 0 17083615 0 0 0
1791282880 2812, 13801, 54, 0x0000000000000000 | 5.35 2.98 2.39 | cpu  1728527925 19377729 319852107 57940124316 16409528 0 17083615 0 0 0
1791282881 3000, 13801, 59, 0x0000000000000000 | 5.35 2.98 2.39 | cpu  1728528049 19377729 319852135 57940132154 16409528 0 17083615 0 0 0
1791282882 2992, 13801, 59, 0x0000000000000000 | 5.00 2.95 2.38 | cpu  1728528167 19377729 319852161 57940140073 16409528 0 17083615 0 0 0
1791282883 3000, 13801, 59, 0x0000000000000000 | 5.00 2.95 2.38 | cpu  1728528283 19377729 319852183 57940147936 16409528 0 17083615 0 0 0
1791282884 2910, 13801, 60, 0x0000000000000000 | 5.00 2.95 2.38 | cpu  1728528403 19377729 319852218 57940155820 16409538 0 17083615 0 0 0
1791282885 3007, 13801, 58, 0x0000000000000000 | 5.00 2.95 2.38 | cpu  1728528519 19377729 319852242 57940163706 16409538 0 17083615 0 0 0
1791282886 3000, 13801, 57, 0x0000000000000000 | 4.68 2.91 2.37 | cpu  1728528637 19377729 319852271 57940171557 16409538 0 17083616 0 0 0
1791282888 2970, 13801, 58, 0x0000000000000000 | 4.68 2.91 2.37 | cpu  1728528753 19377729 319852299 57940179436 16409538 0 17083616 0 0 0
1791282889 2917, 13801, 62, 0x0000000000000000 | 4.68 2.91 2.37 | cpu  1728528877 19377729 319852329 57940187309 16409538 0 17083616 0 0 0
1791282890 2962, 13801, 60, 0x0000000000000000 | 4.68 2.91 2.37 | cpu  1728528993 19377729 319852356 57940195130 16409540 0 17083616 0 0 0
1791282891 3007, 13801, 58, 0x0000000000000000 | 4.68 2.91 2.37 | cpu  1728529109 19377729 319852378 57940202997 16409540 0 17083616 0 0 0
1791282892 2992, 13801, 57, 0x0000000000000000 | 4.46 2.90 2.37 | cpu  1728529226 19377729 319852402 57940210865 16409540 0 17083616 0 0 0
1791282893 3000, 13801, 58, 0x0000000000000000 | 4.46 2.90 2.37 | cpu  1728529352 19377729 319852436 57940218714 16409540 0 17083616 0 0 0
1791282894 3007, 13801, 56, 0x0000000000000000 | 4.46 2.90 2.37 | cpu  1728529468 19377729 319852462 57940226571 16409540 0 17083616 0 0 0
1791282895 2992, 13801, 57, 0x0000000000000000 | 4.46 2.90 2.37 | cpu  1728529587 19377729 319852486 57940234412 16409542 0 17083617 0 0 0
1791282896 2992, 13801, 60, 0x0000000000000000 | 4.18 2.87 2.36 | cpu  1728529705 19377729 319852514 57940242335 16409542 0 17083617 0 0 0
1791282898 2902, 13801, 63, 0x0000000000000000 | 4.18 2.87 2.36 | cpu  1728529822 19377729 319852536 57940250194 16409542 0 17083617 0 0 0
1791282899 3007, 13801, 58, 0x0000000000000000 | 4.18 2.87 2.36 | cpu  1728529939 19377729 319852562 57940258080 16409542 0 17083617 0 0 0
1791282900 3007, 13801, 58, 0x0000000000000000 | 4.18 2.87 2.36 | cpu  1728530056 19377729 319852586 57940265933 16409542 0 17083617 0 0 0
1791282901 2977, 13801, 60, 0x0000000000000000 | 4.18 2.87 2.36 | cpu  1728530197 19377729 319852641 57940273807 16409544 0 17083617 0 0 0
1791282902 2970, 13801, 60, 0x0000000000000000 | 3.93 2.84 2.35 | cpu  1728530364 19377729 319852704 57940281526 16409544 0 17083618 0 0 0
1791282903 2985, 13801, 57, 0x0000000000000000 | 3.93 2.84 2.35 | cpu  1728530483 19377729 319852731 57940289384 16409544 0 17083618 0 0 0
1791282904 3022, 13801, 56, 0x0000000000000000 | 3.93 2.84 2.35 | cpu  1728530609 19377729 319852765 57940297270 16409544 0 17083618 0 0 0
1791282905 3015, 13801, 57, 0x0000000000000000 | 3.93 2.84 2.35 | cpu  1728530733 19377729 319852797 57940305144 16409544 0 17083619 0 0 0
1791282906 3007, 13801, 57, 0x0000000000000000 | 3.69 2.81 2.35 | cpu  1728530859 19377729 319852835 57940312951 16409549 0 17083619 0 0 0
1791282908 2962, 13801, 60, 0x0000000000000000 | 3.69 2.81 2.35 | cpu  1728530985 19377729 319852957 57940320728 16409549 0 17083625 0 0 0
1791282909 2985, 13801, 59, 0x0000000000000000 | 3.69 2.81 2.35 | cpu  1728531102 19377729 319852981 57940328612 16409549 0 17083625 0 0 0
1791282910 2955, 13801, 60, 0x0000000000000000 | 3.69 2.81 2.35 | cpu  1728531219 19377729 319853007 57940336436 16409549 0 17083625 0 0 0
1791282911 2985, 13801, 58, 0x0000000000000000 | 3.69 2.81 2.35 | cpu  1728531335 19377729 319853030 57940344294 16409549 0 17083625 0 0 0
1791282912 3000, 13801, 58, 0x0000000000000000 | 3.56 2.79 2.34 | cpu  1728531450 19377729 319853056 57940352081 16409549 0 17083625 0 0 0
1791282913 2970, 13801, 59, 0x0000000000000000 | 3.56 2.79 2.34 | cpu  1728531572 19377729 319853086 57940359883 16409549 0 17083625 0 0 0
1791282914 2962, 13801, 61, 0x0000000000000000 | 3.56 2.79 2.34 | cpu  1728531689 19377729 319853114 57940367765 16409555 0 17083626 0 0 0
1791282915 2947, 13801, 60, 0x0000000000000000 | 3.56 2.79 2.34 | cpu  1728531813 19377729 319853142 57940375626 16409560 0 17083627 0 0 0
1791282916 2985, 13801, 59, 0x0000000000000000 | 3.35 2.76 2.34 | cpu  1728531929 19377729 319853168 57940383458 16409560 0 17083627 0 0 0
1791282918 3007, 13801, 57, 0x0000000000000000 | 3.35 2.76 2.34 | cpu  1728532055 19377729 319853217 57940391264 16409560 0 17083628 0 0 0
1791282919 2992, 13801, 58, 0x0000000000000000 | 3.35 2.76 2.34 | cpu  1728532181 19377729 319853252 57940399086 16409560 0 17083628 0 0 0
1791282920 2970, 13801, 60, 0x0000000000000000 | 3.35 2.76 2.34 | cpu  1728532305 19377729 319853287 57940406918 16409571 0 17083629 0 0 0
1791282921 2985, 13801, 60, 0x0000000000000000 | 3.35 2.76 2.34 | cpu  1728532422 19377729 319853314 57940414768 16409571 0 17083629 0 0 0
1791282922 2970, 13801, 59, 0x0000000000000000 | 3.25 2.75 2.33 | cpu  1728532539 19377729 319853340 57940422624 16409571 0 17083630 0 0 0
1791282923 2962, 13801, 59, 0x0000000000000000 | 3.25 2.75 2.33 | cpu  1728532662 19377729 319853370 57940430483 16409571 0 17083630 0 0 0
1791282924 2947, 13801, 61, 0x0000000000000000 | 3.25 2.75 2.33 | cpu  1728532778 19377729 319853397 57940438293 16409571 0 17083630 0 0 0
1791282925 2932, 13801, 62, 0x0000000000000000 | 3.25 2.75 2.33 | cpu  1728532894 19377729 319853421 57940446153 16409572 0 17083630 0 0 0
1791282926 2910, 13801, 65, 0x0000000000000000 | 3.06 2.72 2.33 | cpu  1728533018 19377729 319853456 57940454014 16409572 0 17083630 0 0 0
1791282928 3022, 13801, 57, 0x0000000000000000 | 3.06 2.72 2.33 | cpu  1728533148 19377729 319853483 57940461875 16409596 0 17083630 0 0 0
1791282929 2977, 13801, 59, 0x0000000000000000 | 3.06 2.72 2.33 | cpu  1728533449 19377729 319853523 57940469291 16409630 0 17083633 0 0 0
1791282930 2970, 13801, 60, 0x0000000000000000 | 3.06 2.72 2.33 | cpu  1728533670 19377729 319853546 57940476990 16409632 0 17083638 0 0 0
1791282931 2985, 13801, 59, 0x0000000000000000 | 3.06 2.72 2.33 | cpu  1728533883 19377729 319853586 57940484716 16409633 0 17083641 0 0 0
1791282932 2947, 13801, 60, 0x0000000000000000 | 3.06 2.72 2.33 | cpu  1728534072 19377729 319853646 57940492409 16409635 0 17083655 0 0 0
1791282933 2970, 13801, 61, 0x0000000000000000 | 3.06 2.72 2.33 | cpu  1728534252 19377729 319853719 57940500099 16409635 0 17083659 0 0 0
1791282934 3007, 13801, 58, 0x0000000000000000 | 3.06 2.72 2.33 | cpu  1728534416 19377729 319853805 57940507744 16409635 0 17083659 0 0 0
1791282935 2947, 13801, 61, 0x0000000000000000 | 3.06 2.72 2.33 | cpu  1728534577 19377729 319853889 57940515464 16409642 0 17083659 0 0 0
1791282936 2895, 13801, 65, 0x0000000000000000 | 2.97 2.71 2.33 | cpu  1728534736 19377729 319853980 57940523142 16409642 0 17083659 0 0 0
1791282937 2932, 13801, 62, 0x0000000000000000 | 2.97 2.71 2.33 | cpu  1728534978 19377729 319854056 57940530803 16409645 0 17083660 0 0 0
1791282939 2932, 13801, 62, 0x0000000000000000 | 2.97 2.71 2.33 | cpu  1728535172 19377729 319854122 57940538499 16409645 0 17083662 0 0 0
1791282940 2925, 13801, 61, 0x0000000000000000 | 2.97 2.71 2.33 | cpu  1728535332 19377729 319854210 57940546161 16409645 0 17083677 0 0 0
1791282941 2887, 13801, 66, 0x0000000000000004 | 2.97 2.71 2.33 | cpu  1728535497 19377729 319854293 57940553854 16409645 0 17083694 0 0 0
1791282942 2947, 13801, 61, 0x0000000000000000 | 2.90 2.70 2.33 | cpu  1728535668 19377729 319854381 57940561527 16409645 0 17083704 0 0 0
1791282943 2925, 13801, 62, 0x0000000000000000 | 2.90 2.70 2.33 | cpu  1728535829 19377729 319854468 57940569237 16409645 0 17083719 0 0 0
1791282944 2992, 13801, 59, 0x0000000000000000 | 2.90 2.70 2.33 | cpu  1728535990 19377729 319854556 57940576921 16409650 0 17083728 0 0 0
1791282945 2992, 13801, 59, 0x0000000000000000 | 2.90 2.70 2.33 | cpu  1728536163 19377729 319854631 57940584560 16409652 0 17083739 0 0 0
1791282946 2947, 13801, 61, 0x0000000000000000 | 2.82 2.69 2.33 | cpu  1728536325 19377729 319854716 57940592258 16409652 0 17083739 0 0 0
1791282947 2985, 13801, 61, 0x0000000000000000 | 2.82 2.69 2.33 | cpu  1728536486 19377729 319854807 57940599961 16409652 0 17083740 0 0 0
1791282949 3015, 13801, 58, 0x0000000000000000 | 2.82 2.69 2.33 | cpu  1728536648 19377729 319854893 57940607646 16409652 0 17083741 0 0 0
1791282950 2925, 13801, 63, 0x0000000000000000 | 2.82 2.69 2.33 | cpu  1728536935 19377729 319854965 57940615339 16409669 0 17083747 0 0 0
1791282951 3015, 13801, 59, 0x0000000000000000 | 2.82 2.69 2.33 | cpu  1728537116 19377729 319855026 57940623089 16409687 0 17083751 0 0 0
1791282952 3007, 13801, 58, 0x0000000000000000 | 2.84 2.69 2.33 | cpu  1728537286 19377729 319855088 57940630775 16409705 0 17083757 0 0 0
1791282953 2962, 13801, 61, 0x0000000000000000 | 2.84 2.69 2.33 | cpu  1728537468 19377729 319855143 57940638466 16409717 0 17083758 0 0 0
1791282954 3015, 13801, 58, 0x0000000000000000 | 2.84 2.69 2.33 | cpu  1728537644 19377729 319855204 57940646166 16409730 0 17083760 0 0 0
1791282955 3000, 13801, 58, 0x0000000000000000 | 2.84 2.69 2.33 | cpu  1728537815 19377729 319855268 57940653879 16409748 0 17083762 0 0 0
1791282956 3000, 13801, 58, 0x0000000000000000 | 2.77 2.68 2.33 | cpu  1728537996 19377729 319855326 57940661575 16409761 0 17083764 0 0 0
1791282957 3000, 13801, 57, 0x0000000000000000 | 2.77 2.68 2.33 | cpu  1728538166 19377729 319855390 57940669292 16409779 0 17083767 0 0 0
1791282958 3000, 13801, 58, 0x0000000000000000 | 2.77 2.68 2.33 | cpu  1728538347 19377729 319855441 57940676986 16409794 0 17083772 0 0 0
1791282960 2895, 13801, 64, 0x0000000000000000 | 2.77 2.68 2.33 | cpu  1728538559 19377729 319855527 57940684609 16409810 0 17083773 0 0 0
1791282961 2917, 13801, 63, 0x0000000000000000 | 2.77 2.68 2.33 | cpu  1728538743 19377729 319855588 57940692292 16409825 0 17083774 0 0 0
1791282962 3015, 13801, 58, 0x0000000000000000 | 2.71 2.67 2.33 | cpu  1728538914 19377729 319855655 57940699977 16409843 0 17083777 0 0 0
1791282963 3022, 13801, 57, 0x0000000000000000 | 2.71 2.67 2.33 | cpu  1728539093 19377729 319855708 57940707645 16409858 0 17083778 0 0 0
1791282964 2902, 13801, 65, 0x0000000000000004 | 2.71 2.67 2.33 | cpu  1728539278 19377729 319855774 57940715350 16409871 0 17083778 0 0 0
1791282965 3015, 13801, 58, 0x0000000000000000 | 2.71 2.67 2.33 | cpu  1728539457 19377729 319855828 57940723009 16409883 0 17083782 0 0 0
1791282966 2977, 13801, 60, 0x0000000000000000 | 2.73 2.68 2.33 | cpu  1728539648 19377729 319855893 57940730684 16409893 0 17083787 0 0 0
1791282967 3015, 13801, 58, 0x0000000000000000 | 2.73 2.68 2.33 | cpu  1728539829 19377729 319855962 57940738440 16409908 0 17083787 0 0 0
1791282968 2925, 13801, 61, 0x0000000000000000 | 2.73 2.68 2.33 | cpu  1728540025 19377729 319856093 57940746079 16409922 0 17083789 0 0 0
1791282970 2992, 13801, 60, 0x0000000000000000 | 2.73 2.68 2.33 | cpu  1728540209 19377729 319856156 57940753750 16409937 0 17083792 0 0 0
1791282971 2917, 13801, 65, 0x0000000000000004 | 2.73 2.68 2.33 | cpu  1728540395 19377729 319856279 57940761375 16409953 0 17083799 0 0 0
1791282972 2880, 13801, 60, 0x0000000000000000 | 2.67 2.66 2.33 | cpu  1728540576 19377729 319856361 57940769052 16409967 0 17083799 0 0 0
1791282973 2910, 13801, 63, 0x0000000000000000 | 2.67 2.66 2.33 | cpu  1728540739 19377729 319856448 57940776761 16409983 0 17083802 0 0 0
1791282974 2947, 13801, 61, 0x0000000000000000 | 2.67 2.66 2.33 | cpu  1728540927 19377729 319856512 57940784509 16409990 0 17083810 0 0 0
1791282975 2932, 13801, 62, 0x0000000000000000 | 2.67 2.66 2.33 | cpu  1728541106 19377729 319856581 57940792215 16409992 0 17083819 0 0 0
1791282976 3022, 13801, 58, 0x0000000000000000 | 2.62 2.65 2.33 | cpu  1728541298 19377729 319856648 57940799887 16409993 0 17083831 0 0 0
1791282977 2992, 13801, 60, 0x0000000000000000 | 2.62 2.65 2.33 | cpu  1728541481 19377729 319856708 57940807591 16409997 0 17083834 0 0 0
1791282978 3015, 13801, 58, 0x0000000000000000 | 2.62 2.65 2.33 | cpu  1728541666 19377729 319856774 57940815285 16410000 0 17083840 0 0 0
1791282979 3000, 13801, 59, 0x0000000000000000 | 2.62 2.65 2.33 | cpu  1728541849 19377729 319856836 57940822983 16410002 0 17083847 0 0 0
1791282981 2977, 13801, 61, 0x0000000000000000 | 2.62 2.65 2.33 | cpu  1728542040 19377729 319856905 57940830708 16410003 0 17083851 0 0 0
1791282982 2947, 13801, 62, 0x0000000000000000 | 2.57 2.64 2.32 | cpu  1728542221 19377729 319856971 57940838426 16410009 0 17083854 0 0 0
1791282983 2895, 13801, 63, 0x0000000000000000 | 2.57 2.64 2.32 | cpu  1728542406 19377729 319857037 57940846141 16410014 0 17083858 0 0 0
1791282984 2962, 13801, 60, 0x0000000000000000 | 2.57 2.64 2.32 | cpu  1728542597 19377729 319857102 57940853841 16410019 0 17083860 0 0 0
1791282985 2902, 13801, 63, 0x0000000000000000 | 2.57 2.64 2.32 | cpu  1728542785 19377729 319857168 57940861485 16410020 0 17083864 0 0 0
1791282986 2925, 13801, 62, 0x0000000000000000 | 2.52 2.63 2.32 | cpu  1728542973 19377729 319857233 57940869208 16410022 0 17083874 0 0 0
1791282987 2902, 13801, 63, 0x0000000000000000 | 2.52 2.63 2.32 | cpu  1728543164 19377729 319857300 57940876878 16410023 0 17083877 0 0 0
1791282988 2910, 13801, 65, 0x0000000000000000 | 2.52 2.63 2.32 | cpu  1728543347 19377729 319857361 57940884574 16410029 0 17083881 0 0 0
1791282989 2962, 13801, 61, 0x0000000000000000 | 2.52 2.63 2.32 | cpu  1728543532 19377729 319857423 57940892282 16410031 0 17083889 0 0 0
1791282991 2880, 13801, 64, 0x0000000000000000 | 2.52 2.63 2.32 | cpu  1728543714 19377729 319857489 57940900004 16410035 0 17083889 0 0 0
1791282992 2985, 13801, 60, 0x0000000000000000 | 2.48 2.62 2.32 | cpu  1728543897 19377729 319857549 57940907742 16410039 0 17083892 0 0 0
1791282993 3007, 13801, 59, 0x0000000000000000 | 2.48 2.62 2.32 | cpu  1728544081 19377729 319857614 57940915460 16410042 0 17083894 0 0 0
1791282994 2910, 13801, 64, 0x0000000000000000 | 2.48 2.62 2.32 | cpu  1728544242 19377729 319857699 57940923163 16410048 0 17083894 0 0 0
1791282995 2895, 13801, 63, 0x0000000000000000 | 2.48 2.62 2.32 | cpu  1728544444 19377729 319857788 57940930827 16410049 0 17083897 0 0 0
1791282996 3007, 13801, 59, 0x0000000000000000 | 2.52 2.63 2.32 | cpu  1728544629 19377729 319857849 57940938480 16410052 0 17083904 0 0 0
1791282997 2962, 13801, 62, 0x0000000000000000 | 2.52 2.63 2.32 | cpu  1728544815 19377729 319857909 57940946175 16410055 0 17083907 0 0 0
1791282998 2940, 13801, 62, 0x0000000000000000 | 2.52 2.63 2.32 | cpu  1728545005 19377729 319857974 57940953875 16410055 0 17083913 0 0 0
1791282999 2985, 13801, 61, 0x0000000000000000 | 2.52 2.63 2.32 | cpu  1728545191 19377729 319858033 57940961546 16410055 0 17083921 0 0 0
1791283000 2887, 13801, 64, 0x0000000000000000 | 2.52 2.63 2.32 | cpu  1728545377 19377729 319858093 57940969190 16410060 0 17083926 0 0 0
1791283002 2917, 13801, 62, 0x0000000000000000 | 2.48 2.62 2.32 | cpu  1728545563 19377729 319858155 57940976930 16410060 0 17083935 0 0 0
1791283003 3015, 13801, 57, 0x0000000000000000 | 2.48 2.62 2.32 | cpu  1728545747 19377729 319858211 57940984589 16410064 0 17083943 0 0 0
1791283004 3000, 13801, 60, 0x0000000000000000 | 2.48 2.62 2.32 | cpu  1728545932 19377729 319858275 57940992238 16410065 0 17083949 0 0 0
1791283005 2902, 13801, 61, 0x0000000000000000 | 2.48 2.62 2.32 | cpu  1728546116 19377729 319858338 57940999919 16410065 0 17083955 0 0 0
1791283006 3007, 13801, 60, 0x0000000000000000 | 2.48 2.62 2.32 | cpu  1728546302 19377729 319858404 57941007610 16410065 0 17083960 0 0 0
1791283007 2917, 13801, 63, 0x0000000000000000 | 2.44 2.61 2.32 | cpu  1728546487 19377729 319858473 57941015305 16410072 0 17083961 0 0 0
1791283008 2925, 13801, 66, 0x0000000000000004 | 2.44 2.61 2.32 | cpu  1728546671 19377729 319858536 57941022995 16410075 0 17083970 0 0 0
1791283009 2940, 13801, 62, 0x0000000000000000 | 2.44 2.61 2.32 | cpu  1728546856 19377729 319858598 57941030703 16410079 0 17083976 0 0 0
1791283010 2985, 13801, 60, 0x0000000000000000 | 2.44 2.61 2.32 | cpu  1728547048 19377729 319858665 57941038386 16410081 0 17083979 0 0 0
1791283012 3000, 13801, 59, 0x0000000000000000 | 2.41 2.60 2.32 | cpu  1728547234 19377729 319858726 57941046089 16410085 0 17083982 0 0 0
1791283013 2895, 13801, 66, 0x0000000000000004 | 2.41 2.60 2.32 | cpu  1728547430 19377729 319858790 57941053760 16410088 0 17083989 0 0 0
1791283014 3000, 13801, 60, 0x0000000000000000 | 2.41 2.60 2.32 | cpu  1728547599 19377729 319858869 57941061446 16410091 0 17083992 0 0 0
1791283015 2910, 13801, 64, 0x0000000000000000 | 2.41 2.60 2.32 | cpu  1728547795 19377729 319858938 57941069129 16410093 0 17083996 0 0 0
1791283016 2985, 13801, 61, 0x0000000000000000 | 2.41 2.60 2.32 | cpu  1728547989 19377729 319859011 57941076807 16410096 0 17084001 0 0 0
1791283017 2917, 13801, 66, 0x0000000000000004 | 2.37 2.59 2.32 | cpu  1728548174 19377729 319859071 57941084462 16410097 0 17084007 0 0 0
1791283018 2902, 13801, 63, 0x0000000000000000 | 2.37 2.59 2.32 | cpu  1728548366 19377729 319859139 57941092161 16410100 0 17084014 0 0 0
1791283019 2902, 13801, 63, 0x0000000000000000 | 2.37 2.59 2.32 | cpu  1728548553 19377729 319859202 57941099855 16410100 0 17084022 0 0 0
1791283020 2962, 13801, 61, 0x0000000000000000 | 2.37 2.59 2.32 | cpu  1728548738 19377729 319859267 57941107553 16410105 0 17084027 0 0 0
1791283021 2872, 13801, 65, 0x0000000000000000 | 2.34 2.58 2.31 | cpu  1728548927 19377729 319859333 57941115282 16410105 0 17084029 0 0 0
1791283023 3000, 13801, 59, 0x0000000000000000 | 2.34 2.58 2.31 | cpu  1728549110 19377729 319859393 57941122967 16410111 0 17084030 0 0 0
1791283024 2730, 13801, 56, 0x0000000000000000 | 2.34 2.58 2.31 | cpu  1728549299 19377729 319859455 57941130675 16410111 0 17084031 0 0 0
1791283025 2985, 13801, 61, 0x0000000000000000 | 2.34 2.58 2.31 | cpu  1728549484 19377729 319859518 57941138338 16410111 0 17084038 0 0 0
1791283026 2970, 13801, 61, 0x0000000000000000 | 2.34 2.58 2.31 | cpu  1728549671 19377729 319859583 57941146059 16410111 0 17084045 0 0 0
1791283027 2895, 13801, 63, 0x0000000000000000 | 2.32 2.57 2.31 | cpu  1728549855 19377729 319859646 57941153736 16410116 0 17084050 0 0 0
1791283028 3015, 13801, 59, 0x0000000000000000 | 2.32 2.57 2.31 | cpu  1728550039 19377729 319859712 57941161439 16410118 0 17084058 0 0 0
1791283029 2985, 13801, 60, 0x0000000000000000 | 2.32 2.57 2.31 | cpu  1728550232 19377729 319859776 57941169138 16410119 0 17084066 0 0 0
1791283030 2992, 13801, 59, 0x0000000000000000 | 2.32 2.57 2.31 | cpu  1728550419 19377729 319859842 57941176829 16410120 0 17084070 0 0 0
1791283031 2932, 13801, 63, 0x0000000000000000 | 2.29 2.56 2.31 | cpu  1728550610 19377729 319859907 57941184524 16410120 0 17084075 0 0 0
1791283032 2880, 13801, 63, 0x0000000000000000 | 2.29 2.56 2.31 | cpu  1728550806 19377729 319859974 57941192213 16410120 0 17084079 0 0 0
1791283034 2895, 13801, 67, 0x0000000000000004 | 2.29 2.56 2.31 | cpu  1728550978 19377729 319860108 57941199872 16410122 0 17084082 0 0 0
1791283035 2947, 13801, 62, 0x0000000000000000 | 2.29 2.56 2.31 | cpu  1728551168 19377729 319860212 57941207481 16410125 0 17084087 0 0 0
1791283036 3015, 13801, 59, 0x0000000000000000 | 2.29 2.56 2.31 | cpu  1728551355 19377729 319860276 57941215161 16410126 0 17084096 0 0 0
1791283037 2910, 13801, 65, 0x0000000000000004 | 2.27 2.55 2.31 | cpu  1728551541 19377729 319860337 57941222862 16410126 0 17084099 0 0 0
1791283038 2962, 13801, 62, 0x0000000000000000 | 2.27 2.55 2.31 | cpu  1728551737 19377729 319860404 57941230543 16410126 0 17084110 0 0 0
1791283039 2947, 13801, 61, 0x0000000000000000 | 2.27 2.55 2.31 | cpu  1728551925 19377729 319860468 57941238246 16410126 0 17084113 0 0 0
1791283040 2947, 13801, 60, 0x0000000000000000 | 2.27 2.55 2.31 | cpu  1728552110 19377729 319860528 57941245908 16410126 0 17084119 0 0 0
1791283041 3015, 13801, 60, 0x0000000000000000 | 2.25 2.54 2.31 | cpu  1728552301 19377729 319860593 57941253555 16410133 0 17084121 0 0 0
1791283042 2947, 13801, 61, 0x0000000000000000 | 2.25 2.54 2.31 | cpu  1728552485 19377729 319860653 57941261227 16410134 0 17084123 0 0 0
1791283044 2992, 13801, 59, 0x0000000000000000 | 2.25 2.54 2.31 | cpu  1728552670 19377729 319860718 57941268924 16410136 0 17084129 0 0 0
1791283045 3007, 13801, 58, 0x0000000000000000 | 2.25 2.54 2.31 | cpu  1728552853 19377729 319860780 57941276587 16410137 0 17084133 0 0 0
1791283046 2985, 13801, 58, 0x0000000000000000 | 2.25 2.54 2.31 | cpu  1728553038 19377729 319860845 57941284258 16410137 0 17084133 0 0 0
1791283047 2895, 13801, 54, 0x0000000000000000 | 2.23 2.53 2.30 | cpu  1728553206 19377729 319860926 57941291955 16410137 0 17084133 0 0 0
1791283048 2647, 13801, 52, 0x0000000000000000 | 2.23 2.53 2.30 | cpu  1728553352 19377729 319861056 57941299610 16410146 0 17084134 0 0 0
1791283049 2647, 13801, 51, 0x0000000000000000 | 2.23 2.53 2.30 | cpu  1728553500 19377729 319861163 57941307276 16410146 0 17084137 0 0 0
1791283050 2647, 13801, 51, 0x0000000000000000 | 2.23 2.53 2.30 | cpu  1728553641 19377729 319861250 57941314958 16410148 0 17084141 0 0 0
1791283051 2647, 13801, 51, 0x0000000000000000 | 2.21 2.52 2.30 | cpu  1728553781 19377729 319861341 57941322641 16410149 0 17084146 0 0 0
1791283052 2647, 13801, 50, 0x0000000000000000 | 2.21 2.52 2.30 | cpu  1728553929 19377729 319861433 57941330283 16410150 0 17084151 0 0 0
1791283053 2647, 13801, 50, 0x0000000000000000 | 2.21 2.52 2.30 | cpu  1728554053 19377729 319861544 57941337983 16410152 0 17084160 0 0 0
1791283055 2647, 13801, 50, 0x0000000000000000 | 2.21 2.52 2.30 | cpu  1728554200 19377729 319861637 57941345666 16410154 0 17084167 0 0 0
1791283056 2647, 13801, 50, 0x0000000000000000 | 2.21 2.52 2.30 | cpu  1728554343 19377729 319861724 57941353334 16410154 0 17084179 0 0 0
1791283057 2647, 13801, 50, 0x0000000000000000 | 2.19 2.51 2.30 | cpu  1728554485 19377729 319861816 57941361040 16410154 0 17084190 0 0 0
1791283058 2647, 13801, 50, 0x0000000000000000 | 2.19 2.51 2.30 | cpu  1728554626 19377729 319861906 57941368749 16410163 0 17084192 0 0 0
1791283059 2647, 13801, 49, 0x0000000000000000 | 2.19 2.51 2.30 | cpu  1728554769 19377729 319861995 57941376445 16410163 0 17084195 0 0 0
1791283060 2647, 13801, 49, 0x0000000000000000 | 2.19 2.51 2.30 | cpu  1728554912 19377729 319862084 57941384150 16410163 0 17084198 0 0 0
1791283061 2647, 13801, 49, 0x0000000000000000 | 2.17 2.50 2.30 | cpu  1728555056 19377729 319862173 57941391857 16410163 0 17084201 0 0 0
1791283062 2647, 13801, 49, 0x0000000000000000 | 2.17 2.50 2.30 | cpu  1728555233 19377729 319862279 57941399513 16410168 0 17084207 0 0 0
1791283063 2647, 13801, 49, 0x0000000000000000 | 2.17 2.50 2.30 | cpu  1728555380 19377729 319862377 57941407204 16410170 0 17084216 0 0 0
1791283064 2647, 13801, 49, 0x0000000000000000 | 2.17 2.50 2.30 | cpu  1728555537 19377729 319862526 57941414823 16410171 0 17084220 0 0 0
1791283066 2647, 13801, 49, 0x0000000000000000 | 2.17 2.50 2.30 | cpu  1728555685 19377729 319862628 57941422499 16410171 0 17084224 0 0 0
1791283067 2647, 13801, 49, 0x0000000000000000 | 2.16 2.49 2.30 | cpu  1728555819 19377729 319862721 57941430223 16410177 0 17084226 0 0 0
1791283068 2647, 13801, 49, 0x0000000000000000 | 2.16 2.49 2.30 | cpu  1728555959 19377729 319862811 57941437912 16410178 0 17084229 0 0 0
1791283069 2647, 13801, 49, 0x0000000000000000 | 2.16 2.49 2.30 | cpu  1728556103 19377729 319862903 57941445656 16410178 0 17084235 0 0 0
1791283070 2647, 13801, 48, 0x0000000000000000 | 2.16 2.49 2.30 | cpu  1728556239 19377729 319862998 57941453356 16410181 0 17084237 0 0 0
1791283071 2647, 13801, 48, 0x0000000000000000 | 2.23 2.50 2.30 | cpu  1728556381 19377729 319863086 57941461058 16410184 0 17084239 0 0 0
1791283072 2647, 13801, 48, 0x0000000000000000 | 2.23 2.50 2.30 | cpu  1728556531 19377729 319863195 57941468707 16410185 0 17084242 0 0 0
1791283073 2647, 13801, 48, 0x0000000000000000 | 2.23 2.50 2.30 | cpu  1728556658 19377729 319863298 57941476435 16410188 0 17084244 0 0 0
1791283074 2647, 13801, 48, 0x0000000000000000 | 2.23 2.50 2.30 | cpu  1728556812 19377729 319863379 57941484135 16410190 0 17084248 0 0 0
1791283075 2647, 13801, 48, 0x0000000000000000 | 2.23 2.50 2.30 | cpu  1728556970 19377729 319863464 57941491798 16410190 0 17084254 0 0 0
1791283077 2647, 13801, 48, 0x0000000000000000 | 2.21 2.49 2.30 | cpu  1728557104 19377729 319863563 57941499525 16410190 0 17084256 0 0 0
1791283078 2647, 13801, 48, 0x0000000000000000 | 2.21 2.49 2.30 | cpu  1728557265 19377729 319863635 57941507243 16410190 0 17084260 0 0 0
