1791279226 300, 405, 47, 0x0000000000000000 | 1.51 2.17 2.21 | cpu  1727953368 19377729 319572758 57914702298 16399017 0 17058559 0 0 0
1791279227 300, 405, 48, 0x0000000000000000 | 1.51 2.17 2.21 | cpu  1727953389 19377729 319572795 57914710503 16399088 0 17058560 0 0 0
1791279228 300, 405, 47, 0x0000000000000000 | 1.51 2.17 2.21 | cpu  1727953898 19377729 319572827 57914718129 16399116 0 17058560 0 0 0
1791279229 300, 405, 48, 0x0000000000000000 | 1.51 2.17 2.21 | cpu  1727953959 19377729 319572863 57914725974 16399141 0 17058560 0 0 0
1791279231 300, 405, 48, 0x0000000000000000 | 1.47 2.15 2.21 | cpu  1727954048 19377729 319572886 57914733940 16399151 0 17058560 0 0 0
1791279232 300, 405, 48, 0x0000000000000000 | 1.47 2.15 2.21 | cpu  1727954071 19377729 319572927 57914742043 16399153 0 17058560 0 0 0
1791279233 300, 405, 48, 0x0000000000000000 | 1.47 2.15 2.21 | cpu  1727954077 19377729 319572968 57914750174 16399153 0 17058560 0 0 0
1791279234 300, 405, 48, 0x0000000000000000 | 1.47 2.15 2.21 | cpu  1727954159 19377729 319572988 57914758231 16399168 0 17058560 0 0 0
1791279235 292, 405, 48, 0x0000000000000000 | 1.47 2.15 2.21 | cpu  1727954689 19377729 319573020 57914765891 16399194 0 17058560 0 0 0
1791279236 2647, 13801, 50, 0x0000000000000000 | 1.43 2.13 2.20 | cpu  1727954757 19377729 319573057 57914773768 16399209 0 17058560 0 0 0
1791279237 2647, 13801, 50, 0x0000000000000000 | 1.43 2.13 2.20 | cpu  1727954991 19377729 319573085 57914781372 16399268 0 17058560 0 0 0
1791279238 2647, 13801, 50, 0x0000000000000000 | 1.43 2.13 2.20 | cpu  1727955014 19377729 319573151 57914789190 16399337 0 17058560 0 0 0
1791279239 2647, 13801, 50, 0x0000000000000000 | 1.43 2.13 2.20 | cpu  1727955107 19377729 319573302 57914796910 16399399 0 17058562 0 0 0
1791279241 2647, 13801, 50, 0x0000000000000000 | 1.48 2.13 2.20 | cpu  1727955204 19377729 319573446 57914804596 16399462 0 17058564 0 0 0
1791279242 2647, 13801, 51, 0x0000000000000000 | 1.48 2.13 2.20 | cpu  1727955215 19377729 319573577 57914812311 16399551 0 17058564 0 0 0
1791279243 2647, 13801, 51, 0x0000000000000000 | 1.48 2.13 2.20 | cpu  1727955300 19377729 319573719 57914819934 16399630 0 17058564 0 0 0
1791279244 2647, 13801, 51, 0x0000000000000000 | 1.48 2.13 2.20 | cpu  1727955312 19377729 319573850 57914827640 16399720 0 17058564 0 0 0
1791279245 2647, 13801, 51, 0x0000000000000000 | 1.48 2.13 2.20 | cpu  1727955397 19377729 319573980 57914835261 16399799 0 17058564 0 0 0
1791279246 2647, 13801, 51, 0x0000000000000000 | 1.52 2.13 2.20 | cpu  1727955484 19377729 319574116 57914842879 16399878 0 17058564 0 0 0
1791279247 2647, 13801, 51, 0x0000000000000000 | 1.52 2.13 2.20 | cpu  1727955495 19377729 319574246 57914850592 16399968 0 17058564 0 0 0
1791279248 2647, 13801, 51, 0x0000000000000000 | 1.52 2.13 2.20 | cpu  1727955584 19377729 319574384 57914858172 16400046 0 17058564 0 0 0
1791279249 2647, 13801, 51, 0x0000000000000000 | 1.52 2.13 2.20 | cpu  1727955592 19377729 319574510 57914865729 16400134 0 17058564 0 0 0
1791279251 2647, 13801, 51, 0x0000000000000000 | 1.56 2.12 2.20 | cpu  1727955673 19377729 319574640 57914873284 16400212 0 17058564 0 0 0
1791279252 2647, 13801, 51, 0x0000000000000000 | 1.56 2.12 2.20 | cpu  1727955754 19377729 319574775 57914880911 16400295 0 17058565 0 0 0
1791279253 2647, 13801, 51, 0x0000000000000000 | 1.56 2.12 2.20 | cpu  1727955767 19377729 319574905 57914888598 16400384 0 17058565 0 0 0
1791279254 2647, 13801, 51, 0x0000000000000000 | 1.56 2.12 2.20 | cpu  1727955851 19377729 319575039 57914896236 16400462 0 17058565 0 0 0
1791279255 2647, 13801, 51, 0x0000000000000000 | 1.56 2.12 2.20 | cpu  1727955861 19377729 319575169 57914903948 16400553 0 17058565 0 0 0
1791279256 2647, 13801, 51, 0x0000000000000000 | 1.59 2.12 2.19 | cpu  1727955943 19377729 319575308 57914911573 16400633 0 17058565 0 0 0
1791279257 2647, 13801, 51, 0x0000000000000000 | 1.59 2.12 2.19 | cpu  1727956173 19377729 319575462 57914919013 16400711 0 17058566 0 0 0
1791279258 2647, 13801, 51, 0x0000000000000000 | 1.59 2.12 2.19 | cpu  1727956291 19377729 319575594 57914926631 16400801 0 17058571 0 0 0
1791279259 2647, 13801, 52, 0x0000000000000000 | 1.59 2.12 2.19 | cpu  1727956464 19377729 319575743 57914934154 16400880 0 17058575 0 0 0
1791279260 2647, 13801, 52, 0x0000000000000000 | 1.71 2.14 2.20 | cpu  1727956560 19377729 319575907 57914941753 16400969 0 17058581 0 0 0
1791279262 2647, 13801, 52, 0x0000000000000000 | 1.71 2.14 2.20 | cpu  1727956717 19377729 319576078 57914949290 16401047 0 17058583 0 0 0
1791279263 2647, 13801, 52, 0x0000000000000000 | 1.71 2.14 2.20 | cpu  1727956852 19377729 319576295 57914956806 16401126 0 17058597 0 0 0
1791279264 2647, 13801, 52, 0x0000000000000000 | 1.71 2.14 2.20 | cpu  1727956971 19377729 319576496 57914964364 16401209 0 17058604 0 0 0
1791279265 2647, 13801, 52, 0x0000000000000000 | 1.71 2.14 2.20 | cpu  1727957038 19377729 319576690 57914971905 16401292 0 17058618 0 0 0
1791279266 2700, 13801, 52, 0x0000000000000000 | 1.81 2.15 2.20 | cpu  1727957165 19377729 319576888 57914979449 16401373 0 17058629 0 0 0
1791279267 2647, 13801, 52, 0x0000000000000000 | 1.81 2.15 2.20 | cpu  1727957225 19377729 319577080 57914987011 16401463 0 17058637 0 0 0
1791279268 2700, 13801, 52, 0x0000000000000000 | 1.81 2.15 2.20 | cpu  1727957465 19377729 319577258 57914994468 16401538 0 17058640 0 0 0
1791279269 2647, 13801, 52, 0x0000000000000000 | 1.81 2.15 2.20 | cpu  1727957631 19377729 319577430 57915002027 16401615 0 17058643 0 0 0
1791279270 2647, 13801, 52, 0x0000000000000000 | 1.99 2.18 2.21 | cpu  1727957697 19377729 319577618 57915009639 16401704 0 17058646 0 0 0
1791279271 2647, 13801, 52, 0x0000000000000000 | 1.99 2.18 2.21 | cpu  1727957834 19377729 319577822 57915017165 16401779 0 17058653 0 0 0
1791279273 2700, 13801, 52, 0x0000000000000000 | 1.99 2.18 2.21 | cpu  1727957965 19377729 319578023 57915024688 16401855 0 17058657 0 0 0
1791279274 2647, 13801, 52, 0x0000000000000000 | 1.99 2.18 2.21 | cpu  1727958021 19377729 319578220 57915032290 16401944 0 17058661 0 0 0
1791279275 2647, 13801, 52, 0x0000000000000000 | 1.99 2.18 2.21 | cpu  1727958149 19377729 319578421 57915039830 16402024 0 17058664 0 0 0
1791279276 2647, 13801, 53, 0x0000000000000000 | 2.07 2.20 2.22 | cpu  1727958400 19377729 319578580 57915047296 16402101 0 17058668 0 0 0
1791279277 2647, 13801, 52, 0x0000000000000000 | 2.07 2.20 2.22 | cpu  1727958524 19377729 319578713 57915054882 16402187 0 17058677 0 0 0
1791279278 2647, 13801, 52, 0x0000000000000000 | 2.07 2.20 2.22 | cpu  1727958717 19377729 319578852 57915062436 16402264 0 17058687 0 0 0
1791279279 2647, 13801, 52, 0x0000000000000000 | 2.07 2.20 2.22 | cpu  1727958931 19377729 319579015 57915069828 16402342 0 17058700 0 0 0
1791279280 2647, 13801, 52, 0x0000000000000000 | 2.22 2.23 2.23 | cpu  1727959006 19377729 319579139 57915077498 16402432 0 17058700 0 0 0
1791279281 2700, 13801, 53, 0x0000000000000000 | 2.22 2.23 2.23 | cpu  1727959202 19377729 319579252 57915085048 16402513 0 17058705 0 0 0
1791279282 2647, 13801, 52, 0x0000000000000000 | 2.22 2.23 2.23 | cpu  1727959333 19377729 319579278 57915092731 16402603 0 17058708 0 0 0
1791279284 2647, 13801, 53, 0x0000000000000000 | 2.22 2.23 2.23 | cpu  1727959530 19377729 319579302 57915100352 16402683 0 17058711 0 0 0
1791279285 2647, 13801, 53, 0x0000000000000000 | 2.22 2.23 2.23 | cpu  1727959692 19377729 319579383 57915107983 16402762 0 17058712 0 0 0
1791279286 2647, 13801, 53, 0x0000000000000000 | 2.29 2.24 2.23 | cpu  1727959853 19377729 319579554 57915115507 16402836 0 17058713 0 0 0
1791279287 2647, 13801, 53, 0x0000000000000000 | 2.29 2.24 2.23 | cpu  1727959991 19377729 319579689 57915123097 16402916 0 17058727 0 0 0
1791279288 2647, 13801, 53, 0x0000000000000000 | 2.29 2.24 2.23 | cpu  1727960193 19377729 319579834 57915130579 16402994 0 17058742 0 0 0
1791279289 2647, 13801, 53, 0x0000000000000000 | 2.29 2.24 2.23 | cpu  1727960388 19377729 319579966 57915138103 16403070 0 17058755 0 0 0
1791279290 2647, 13801, 54, 0x0000000000000000 | 2.29 2.24 2.23 | cpu  1727960546 19377729 319580147 57915145585 16403131 0 17058761 0 0 0
1791279291 2662, 13801, 53, 0x0000000000000000 | 2.34 2.25 2.24 | cpu  1727960806 19377729 319580324 57915152946 16403177 0 17058768 0 0 0
1791279292 2662, 13801, 53, 0x0000000000000000 | 2.34 2.25 2.24 | cpu  1727961107 19377729 319580458 57915160334 16403213 0 17058779 0 0 0
1791279293 2700, 13801, 53, 0x0000000000000000 | 2.34 2.25 2.24 | cpu  1727961495 19377729 319580603 57915167734 16403221 0 17058786 0 0 0
1791279295 2700, 13801, 53, 0x0000000000000000 | 2.34 2.25 2.24 | cpu  1727961892 19377729 319580745 57915175141 16403223 0 17058795 0 0 0
1791279296 2722, 13801, 53, 0x0000000000000000 | 2.40 2.26 2.24 | cpu  1727962253 19377729 319580946 57915182522 16403223 0 17058798 0 0 0
1791279297 2647, 13801, 54, 0x0000000000000000 | 2.40 2.26 2.24 | cpu  1727962655 19377729 319581128 57915189876 16403223 0 17058803 0 0 0
1791279298 2647, 13801, 53, 0x0000000000000000 | 2.40 2.26 2.24 | cpu  1727962779 19377729 319581225 57915197504 16403281 0 17058810 0 0 0
1791279299 2670, 13801, 53, 0x0000000000000000 | 2.40 2.26 2.24 | cpu  1727962911 19377729 319581246 57915205223 16403359 0 17058812 0 0 0
1791279300 2655, 13801, 53, 0x0000000000000000 | 2.40 2.26 2.24 | cpu  1727963073 19377729 319581294 57915212918 16403378 0 17058813 0 0 0
1791279301 2670, 13801, 53, 0x0000000000000000 | 2.36 2.26 2.24 | cpu  1727963244 19377729 319581417 57915220567 16403380 0 17058823 0 0 0
1791279302 2662, 13801, 53, 0x0000000000000000 | 2.36 2.26 2.24 | cpu  1727963476 19377729 319581488 57915228115 16403381 0 17058833 0 0 0
1791279303 2670, 13801, 53, 0x0000000000000000 | 2.36 2.26 2.24 | cpu  1727963679 19377729 319581536 57915235781 16403381 0 17058842 0 0 0
1791279305 2662, 13801, 53, 0x0000000000000000 | 2.36 2.26 2.24 | cpu  1727963871 19377729 319581578 57915243479 16403381 0 17058863 0 0 0
1791279306 2820, 13801, 54, 0x0000000000000000 | 2.41 2.27 2.24 | cpu  1727964057 19377729 319581693 57915251087 16403391 0 17058871 0 0 0
1791279307 2647, 13801, 53, 0x0000000000000000 | 2.41 2.27 2.24 | cpu  1727964252 19377729 319581727 57915258729 16403393 0 17058874 0 0 0
1791279308 2647, 13801, 53, 0x0000000000000000 | 2.41 2.27 2.24 | cpu  1727966246 19377729 319581743 57915264422 16403396 0 17058878 0 0 0
1791279309 2647, 13801, 53, 0x0000000000000000 | 2.41 2.27 2.24 | cpu  1727968879 19377729 319581751 57915269578 16403396 0 17058880 0 0 0
1791279310 2647, 13801, 53, 0x0000000000000000 | 2.41 2.27 2.24 | cpu  1727971002 19377729 319581775 57915275243 16403396 0 17058881 0 0 0
1791279311 2647, 13801, 53, 0x0000000000000000 | 2.38 2.27 2.24 | cpu  1727971130 19377729 319581879 57915282947 16403396 0 17058884 0 0 0
1791279312 2647, 13801, 53, 0x0000000000000000 | 2.38 2.27 2.24 | cpu  1727971310 19377729 319581929 57915290625 16403396 0 17058894 0 0 0
1791279313 2647, 13801, 53, 0x0000000000000000 | 2.38 2.27 2.24 | cpu  1727971500 19377729 319581985 57915298314 16403398 0 17058911 0 0 0
1791279314 2647, 13801, 53, 0x0000000000000000 | 2.38 2.27 2.24 | cpu  1727971689 19377729 319582040 57915306012 16403398 0 17058931 0 0 0
1791279315 2647, 13801, 54, 0x0000000000000000 | 2.35 2.26 2.24 | cpu  1727971834 19377729 319582127 57915313708 16403398 0 17058940 0 0 0
1791279317 2647, 13801, 54, 0x0000000000000000 | 2.35 2.26 2.24 | cpu  1727971965 19377729 319582228 57915321422 16403398 0 17058941 0 0 0
1791279318 2647, 13801, 54, 0x0000000000000000 | 2.35 2.26 2.24 | cpu  1727972141 19377729 319582351 57915329071 16403399 0 17058943 0 0 0
1791279319 2647, 13801, 54, 0x0000000000000000 | 2.35 2.26 2.24 | cpu  1727972308 19377729 319582545 57915336608 16403399 0 17058948 0 0 0
1791279320 2647, 13801, 54, 0x0000000000000000 | 2.35 2.26 2.24 | cpu  1727972458 19377729 319582741 57915344197 16403399 0 17058957 0 0 0
1791279321 2647, 13801, 54, 0x0000000000000000 | 2.40 2.28 2.25 | cpu  1727972602 19377729 319582939 57915351814 16403399 0 17058971 0 0 0
1791279322 2647, 13801, 54, 0x0000000000000000 | 2.40 2.28 2.25 | cpu  1727972717 19377729 319583168 57915359435 16403399 0 17058989 0 0 0
1791279323 2647, 13801, 54, 0x0000000000000000 | 2.40 2.28 2.25 | cpu  1727972829 19377729 319583398 57915366999 16403400 0 17059006 0 0 0
1791279324 2647, 13801, 54, 0x0000000000000000 | 2.40 2.28 2.25 | cpu  1727972947 19377729 319583622 57915374590 16403400 0 17059020 0 0 0
1791279325 2647, 13801, 54, 0x0000000000000000 | 2.37 2.27 2.24 | cpu  1727973073 19377729 319583767 57915382246 16403400 0 17059026 0 0 0
1791279326 2647, 13801, 54, 0x0000000000000000 | 2.37 2.27 2.24 | cpu  1727973235 19377729 319583836 57915389943 16403400 0 17059029 0 0 0
1791279328 2647, 13801, 54, 0x0000000000000000 | 2.37 2.27 2.24 | cpu  1727973413 19377729 319583890 57915397653 16403400 0 17059032 0 0 0
1791279329 2647, 13801, 54, 0x0000000000000000 | 2.37 2.27 2.24 | cpu  1727973598 19377729 319583941 57915405349 16403400 0 17059037 0 0 0
1791279330 2647, 13801, 54, 0x0000000000000000 | 2.37 2.27 2.24 | cpu  1727973781 19377729 319583990 57915413046 16403400 0 17059043 0 0 0
1791279331 2647, 13801, 54, 0x0000000000000000 | 4.02 2.62 2.36 | cpu  1727974334 19377729 319585552 57915418845 16403406 0 17059044 0 0 0
1791279332 2647, 13801, 54, 0x0000000000000000 | 4.02 2.62 2.36 | cpu  1727974904 19377729 319585666 57915426101 16403406 0 17059046 0 0 0
1791279333 2647, 13801, 54, 0x0000000000000000 | 4.02 2.62 2.36 | cpu  1727975066 19377729 319585723 57915433779 16403407 0 17059048 0 0 0
1791279334 2647, 13801, 54, 0x0000000000000000 | 4.02 2.62 2.36 | cpu  1727975137 19377729 319585775 57915441591 16403407 0 17059048 0 0 0
1791279335 2647, 13801, 54, 0x0000000000000000 | 3.86 2.60 2.35 | cpu  1727975209 19377729 319585829 57915449404 16403407 0 17059048 0 0 0
1791279336 2647, 13801, 54, 0x0000000000000000 | 3.86 2.60 2.35 | cpu  1727975282 19377729 319585877 57915457169 16403413 0 17059048 0 0 0
1791279338 2647, 13801, 54, 0x0000000000000000 | 3.86 2.60 2.35 | cpu  1727975376 19377729 319585926 57915464948 16403413 0 17059049 0 0 0
1791279339 2647, 13801, 54, 0x0000000000000000 | 3.86 2.60 2.35 | cpu  1727975457 19377729 319585968 57915472728 16403413 0 17059049 0 0 0
1791279340 2655, 13801, 54, 0x0000000000000000 | 3.86 2.60 2.35 | cpu  1727975528 19377729 319586017 57915480514 16403413 0 17059049 0 0 0
1791279341 2647, 13801, 54, 0x0000000000000000 | 3.63 2.58 2.35 | cpu  1727975599 19377729 319586067 57915488315 16403413 0 17059049 0 0 0
1791279342 2647, 13801, 54, 0x0000000000000000 | 3.63 2.58 2.35 | cpu  1727975686 19377729 319586117 57915496121 16403418 0 17059050 0 0 0
1791279343 2647, 13801, 54, 0x0000000000000000 | 3.63 2.58 2.35 | cpu  1727975759 19377729 319586170 57915503943 16403421 0 17059050 0 0 0
1791279344 2647, 13801, 54, 0x0000000000000000 | 3.63 2.58 2.35 | cpu  1727975835 19377729 319586222 57915511742 16403421 0 17059050 0 0 0
1791279345 2647, 13801, 54, 0x0000000000000000 | 3.63 2.58 2.35 | cpu  1727975917 19377729 319586278 57915519549 16403421 0 17059050 0 0 0
1791279346 2647, 13801, 54, 0x0000000000000000 | 3.42 2.55 2.34 | cpu  1727976001 19377729 319586411 57915527228 16403421 0 17059050 0 0 0
1791279347 2647, 13801, 55, 0x0000000000000000 | 3.42 2.55 2.34 | cpu  1727976074 19377729 319586470 57915535040 16403426 0 17059050 0 0 0
1791279349 2647, 13801, 55, 0x0000000000000000 | 3.42 2.55 2.34 | cpu  1727976154 19377729 319586526 57915542829 16403426 0 17059051 0 0 0
1791279350 2647, 13801, 55, 0x0000000000000000 | 3.42 2.55 2.34 | cpu  1727976226 19377729 319586575 57915550641 16403426 0 17059051 0 0 0
1791279351 2647, 13801, 55, 0x0000000000000000 | 3.23 2.53 2.33 | cpu  1727976298 19377729 319586623 57915558415 16403426 0 17059051 0 0 0
1791279352 2647, 13801, 55, 0x0000000000000000 | 3.23 2.53 2.33 | cpu  1727976373 19377729 319586673 57915566213 16403426 0 17059051 0 0 0
1791279353 2647, 13801, 55, 0x0000000000000000 | 3.23 2.53 2.33 | cpu  1727976446 19377729 319586722 57915574029 16403426 0 17059051 0 0 0
1791279354 2647, 13801, 55, 0x0000000000000000 | 3.23 2.53 2.33 | cpu  1727976519 19377729 319586772 57915581837 16403431 0 17059051 0 0 0
1791279355 2647, 13801, 55, 0x0000000000000000 | 3.23 2.53 2.33 | cpu  1727976591 19377729 319586821 57915589621 16403434 0 17059051 0 0 0
1791279356 2647, 13801, 55, 0x0000000000000000 | 3.05 2.50 2.32 | cpu  1727976671 19377729 319586879 57915597469 16403434 0 17059051 0 0 0
1791279357 2647, 13801, 55, 0x0000000000000000 | 3.05 2.50 2.32 | cpu  1727976747 19377729 319586943 57915605258 16403434 0 17059051 0 0 0
1791279358 2647, 13801, 55, 0x0000000000000000 | 3.05 2.50 2.32 | cpu  1727976822 19377729 319586992 57915613042 16403434 0 17059051 0 0 0
1791279360 2647, 13801, 55, 0x0000000000000000 | 3.05 2.50 2.32 | cpu  1727976899 19377729 319587046 57915620782 16403440 0 17059052 0 0 0
1791279361 2647, 13801, 55, 0x0000000000000000 | 2.88 2.47 2.32 | cpu  1727976971 19377729 319587095 57915628583 16403440 0 17059052 0 0 0
1791279362 2647, 13801, 55, 0x0000000000000000 | 2.88 2.47 2.32 | cpu  1727977042 19377729 319587150 57915636346 16403442 0 17059052 0 0 0
1791279363 2647, 13801, 55, 0x0000000000000000 | 2.88 2.47 2.32 | cpu  1727977116 19377729 319587207 57915644143 16403442 0 17059052 0 0 0
1791279364 2647, 13801, 55, 0x0000000000000000 | 2.88 2.47 2.32 | cpu  1727977195 19377729 319587261 57915651905 16403442 0 17059053 0 0 0
1791279365 2647, 13801, 55, 0x0000000000000000 | 2.88 2.47 2.32 | cpu  1727977269 19377729 319587308 57915659714 16403443 0 17059053 0 0 0
1791279366 2647, 13801, 55, 0x0000000000000000 | 2.73 2.45 2.31 | cpu  1727977353 19377729 319587346 57915667539 16403443 0 17059053 0 0 0
1791279367 2647, 13801, 55, 0x0000000000000000 | 2.73 2.45 2.31 | cpu  1727977436 19377729 319587388 57915675311 16403443 0 17059053 0 0 0
1791279368 2662, 13801, 55, 0x0000000000000000 | 2.73 2.45 2.31 | cpu  1727977502 19377729 319587421 57915683112 16403466 0 17059054 0 0 0
1791279369 2655, 13801, 55, 0x0000000000000000 | 2.73 2.45 2.31 | cpu  1727977568 19377729 319587446 57915690963 16403499 0 17059054 0 0 0
1791279371 2670, 13801, 55, 0x0000000000000000 | 2.59 2.43 2.30 | cpu  1727977659 19377729 319587469 57915698848 16403508 0 17059054 0 0 0
1791279372 2677, 13801, 55, 0x0000000000000000 | 2.59 2.43 2.30 | cpu  1727977777 19377729 319587490 57915706644 16403510 0 17059055 0 0 0
1791279373 2647, 13801, 55, 0x0000000000000000 | 2.59 2.43 2.30 | cpu  1727977885 19377729 319587506 57915714521 16403510 0 17059055 0 0 0
1791279374 2655, 13801, 55, 0x0000000000000000 | 2.59 2.43 2.30 | cpu  1727977995 19377729 319587521 57915722319 16403510 0 17059055 0 0 0
1791279375 2647, 13801, 55, 0x0000000000000000 | 2.59 2.43 2.30 | cpu  1727978110 19377729 319587544 57915730190 16403510 0 17059055 0 0 0
1791279376 2647, 13801, 55, 0x0000000000000000 | 2.47 2.40 2.29 | cpu  1727978218 19377729 319587559 57915738094 16403511 0 17059055 0 0 0
1791279377 2647, 13801, 56, 0x0000000000000000 | 2.47 2.40 2.29 | cpu  1727978327 19377729 319587574 57915745952 16403512 0 17059055 0 0 0
1791279378 2955, 13801, 57, 0x0000000000000000 | 2.47 2.40 2.29 | cpu  1727978435 19377729 319587586 57915753833 16403515 0 17059056 0 0 0
1791279379 2647, 13801, 56, 0x0000000000000000 | 2.47 2.40 2.29 | cpu  1727978543 19377729 319587602 57915761683 16403515 0 17059056 0 0 0
1791279381 2647, 13801, 56, 0x0000000000000000 | 2.35 2.38 2.29 | cpu  1727978652 19377729 319587618 57915769583 16403515 0 17059057 0 0 0
1791279382 2647, 13801, 56, 0x0000000000000000 | 2.35 2.38 2.29 | cpu  1727978759 19377729 319587631 57915777403 16403516 0 17059057 0 0 0
1791279383 2685, 13801, 56, 0x0000000000000000 | 2.35 2.38 2.29 | cpu  1727978877 19377729 319587649 57915785278 16403517 0 17059058 0 0 0
1791279384 2647, 13801, 56, 0x0000000000000000 | 2.35 2.38 2.29 | cpu  1727978988 19377729 319587668 57915793173 16403517 0 17059058 0 0 0
1791279385 2647, 13801, 56, 0x0000000000000000 | 2.35 2.38 2.29 | cpu  1727979099 19377729 319587681 57915801052 16403517 0 17059058 0 0 0
1791279386 2647, 13801, 56, 0x0000000000000000 | 2.24 2.36 2.28 | cpu  1727979210 19377729 319587699 57915808883 16403517 0 17059059 0 0 0
1791279387 2932, 13801, 59, 0x0000000000000000 | 2.24 2.36 2.28 | cpu  1727979322 19377729 319587718 57915816790 16403524 0 17059060 0 0 0
1791279388 3022, 13801, 61, 0x0000000000000000 | 2.24 2.36 2.28 | cpu  1727979437 19377729 319587729 57915824683 16403524 0 17059060 0 0 0
1791279389 2895, 13801, 59, 0x0000000000000000 | 2.24 2.36 2.28 | cpu  1727979544 19377729 319587753 57915832543 16403529 0 17059060 0 0 0
1791279391 2647, 13801, 57, 0x0000000000000000 | 2.14 2.33 2.27 | cpu  1727979656 19377729 319587784 57915840389 16403529 0 17059062 0 0 0
1791279392 2662, 13801, 57, 0x0000000000000000 | 2.14 2.33 2.27 | cpu  1727979747 19377729 319587823 57915848246 16403535 0 17059064 0 0 0
1791279393 2655, 13801, 56, 0x0000000000000000 | 2.14 2.33 2.27 | cpu  1727979858 19377729 319587852 57915856054 16403535 0 17059065 0 0 0
1791279394 2655, 13801, 56, 0x0000000000000000 | 2.14 2.33 2.27 | cpu  1727979979 19377729 319587886 57915863849 16403541 0 17059066 0 0 0
1791279395 2962, 13801, 59, 0x0000000000000000 | 2.14 2.33 2.27 | cpu  1727980091 19377729 319587913 57915871640 16403541 0 17059067 0 0 0
1791279396 2985, 13801, 61, 0x0000000000000000 | 2.05 2.31 2.27 | cpu  1727980205 19377729 319587938 57915879456 16403542 0 17059067 0 0 0
1791279397 2940, 13801, 64, 0x0000000000000000 | 2.05 2.31 2.27 | cpu  1727980315 19377729 319587963 57915887285 16403545 0 17059067 0 0 0
1791279398 3015, 13801, 62, 0x0000000000000000 | 2.05 2.31 2.27 | cpu  1727980430 19377729 319587988 57915895138 16403545 0 17059067 0 0 0
1791279399 3007, 13801, 63, 0x0000000000000000 | 2.05 2.31 2.27 | cpu  1727980547 19377729 319588017 57915902935 16403557 0 17059067 0 0 0
1791279401 2647, 13801, 57, 0x0000000000000000 | 1.96 2.29 2.26 | cpu  1727980661 19377729 319588045 57915910791 16403557 0 17059069 0 0 0
1791279402 2647, 13801, 56, 0x0000000000000000 | 1.96 2.29 2.26 | cpu  1727980773 19377729 319588069 57915918617 16403557 0 17059074 0 0 0
1791279403 2647, 13801, 56, 0x0000000000000000 | 1.96 2.29 2.26 | cpu  1727980884 19377729 319588101 57915926466 16403557 0 17059082 0 0 0
1791279404 2647, 13801, 55, 0x0000000000000000 | 1.96 2.29 2.26 | cpu  1727980998 19377729 319588130 57915934315 16403557 0 17059086 0 0 0
1791279405 2647, 13801, 55, 0x0000000000000000 | 1.96 2.29 2.26 | cpu  1727981111 19377729 319588159 57915942164 16403561 0 17059087 0 0 0
1791279406 2677, 13801, 55, 0x0000000000000000 | 1.89 2.27 2.25 | cpu  1727981231 19377729 319588193 57915950009 16403561 0 17059088 0 0 0
1791279407 2647, 13801, 55, 0x0000000000000000 | 1.89 2.27 2.25 | cpu  1727981347 19377729 319588223 57915957858 16403561 0 17059088 0 0 0
1791279408 2647, 13801, 54, 0x0000000000000000 | 1.89 2.27 2.25 | cpu  1727981472 19377729 319588254 57915965682 16403561 0 17059091 0 0 0
1791279409 2962, 13801, 63, 0x0000000000000000 | 1.89 2.27 2.25 | cpu  1727981599 19377729 319588358 57915973471 16403561 0 17059092 0 0 0
1791279411 2925, 13801, 66, 0x0000000000000000 | 1.82 2.25 2.25 | cpu  1727981722 19377729 319588416 57915981264 16403566 0 17059092 0 0 0
1791279412 2992, 13801, 62, 0x0000000000000000 | 1.82 2.25 2.25 | cpu  1727981835 19377729 319588438 57915989033 16403569 0 17059092 0 0 0
1791279413 3015, 13801, 60, 0x0000000000000000 | 1.82 2.25 2.25 | cpu  1727981956 19377729 319588472 57915996808 16403569 0 17059092 0 0 0
1791279414 2992, 13801, 58, 0x0000000000000000 | 1.82 2.25 2.25 | cpu  1727982072 19377729 319588497 57916004708 16403569 0 17059093 0 0 0
1791279415 2985, 13801, 62, 0x0000000000000000 | 1.82 2.25 2.25 | cpu  1727982190 19377729 319588521 57916012616 16403573 0 17059093 0 0 0
1791279416 3000, 13801, 59, 0x0000000000000000 | 1.75 2.22 2.24 | cpu  1727982307 19377729 319588548 57916020474 16403573 0 17059093 0 0 0
1791279417 2985, 13801, 62, 0x0000000000000000 | 1.75 2.22 2.24 | cpu  1727982430 19377729 319588581 57916028261 16403573 0 17059093 0 0 0
1791279418 2985, 13801, 60, 0x0000000000000000 | 1.75 2.22 2.24 | cpu  1727982554 19377729 319588612 57916036037 16403573 0 17059093 0 0 0
1791279419 2977, 13801, 62, 0x0000000000000000 | 1.75 2.22 2.24 | cpu  1727982670 19377729 319588639 57916043870 16403579 0 17059094 0 0 0
1791279420 2955, 13801, 64, 0x0000000000000000 | 1.77 2.22 2.24 | cpu  1727982785 19377729 319588661 57916051697 16403580 0 17059094 0 0 0
1791279422 2992, 13801, 62, 0x0000000000000000 | 1.77 2.22 2.24 | cpu  1727982902 19377729 319588690 57916059577 16403580 0 17059094 0 0 0
1791279423 3000, 13801, 60, 0x0000000000000000 | 1.77 2.22 2.24 | cpu  1727983018 19377729 319588714 57916067447 16403580 0 17059094 0 0 0
1791279424 2992, 13801, 61, 0x0000000000000000 | 1.77 2.22 2.24 | cpu  1727983137 19377729 319588741 57916075332 16403580 0 17059094 0 0 0
1791279425 2985, 13801, 62, 0x0000000000000000 | 1.77 2.22 2.24 | cpu  1727983254 19377729 319588767 57916083179 16403586 0 17059094 0 0 0
1791279426 2977, 13801, 61, 0x0000000000000000 | 1.71 2.20 2.23 | cpu  1727983370 19377729 319588793 57916091019 16403592 0 17059094 0 0 0
1791279427 3007, 13801, 60, 0x0000000000000000 | 1.71 2.20 2.23 | cpu  1727983485 19377729 319588817 57916098901 16403592 0 17059094 0 0 0
1791279428 2962, 13801, 62, 0x0000000000000000 | 1.71 2.20 2.23 | cpu  1727983608 19377729 319588849 57916106728 16403592 0 17059095 0 0 0
1791279429 2977, 13801, 62, 0x0000000000000000 | 1.71 2.20 2.23 | cpu  1727983725 19377729 319588875 57916114628 16403592 0 17059095 0 0 0
1791279430 3022, 13801, 59, 0x0000000000000000 | 1.65 2.18 2.22 | cpu  1727983841 19377729 319588898 57916122505 16403592 0 17059095 0 0 0
1791279432 3007, 13801, 59, 0x0000000000000000 | 1.65 2.18 2.22 | cpu  1727984070 19377729 319588939 57916130187 16403592 0 17059096 0 0 0
1791279433 2992, 13801, 63, 0x0000000000000000 | 1.65 2.18 2.22 | cpu  1727984294 19377729 319588962 57916137884 16403597 0 17059101 0 0 0
1791279434 2902, 13801, 68, 0x0000000000000004 | 1.65 2.18 2.22 | cpu  1727984513 19377729 319589029 57916145579 16403597 0 17059104 0 0 0
1791279435 2985, 13801, 62, 0x0000000000000000 | 1.65 2.18 2.22 | cpu  1727984709 19377729 319589126 57916153188 16403597 0 17059107 0 0 0
1791279436 2932, 13801, 64, 0x0000000000000000 | 1.76 2.19 2.23 | cpu  1727984867 19377729 319589330 57916160792 16403599 0 17059108 0 0 0
1791279437 2925, 13801, 64, 0x0000000000000000 | 1.76 2.19 2.23 | cpu  1727985032 19377729 319589536 57916168381 16403599 0 17059108 0 0 0
1791279438 2940, 13801, 62, 0x0000000000000000 | 1.76 2.19 2.23 | cpu  1727985192 19377729 319589740 57916175993 16403599 0 17059109 0 0 0
1791279439 3022, 13801, 61, 0x0000000000000000 | 1.76 2.19 2.23 | cpu  1727985353 19377729 319589941 57916183555 16403605 0 17059116 0 0 0
1791279440 3015, 13801, 59, 0x0000000000000000 | 1.78 2.19 2.23 | cpu  1727985515 19377729 319590114 57916191105 16403606 0 17059121 0 0 0
1791279442 2932, 13801, 63, 0x0000000000000000 | 1.78 2.19 2.23 | cpu  1727985745 19377729 319590204 57916198772 16403606 0 17059121 0 0 0
1791279443 2985, 13801, 61, 0x0000000000000000 | 1.78 2.19 2.23 | cpu  1727985962 19377729 319590236 57916206456 16403606 0 17059145 0 0 0
1791279444 2977, 13801, 63, 0x0000000000000000 | 1.78 2.19 2.23 | cpu  1727986187 19377729 319590258 57916214147 16403606 0 17059169 0 0 0
1791279445 3000, 13801, 61, 0x0000000000000000 | 1.78 2.19 2.23 | cpu  1727986413 19377729 319590282 57916221853 16403606 0 17059195 0 0 0
1791279446 2925, 13801, 64, 0x0000000000000000 | 1.88 2.20 2.23 | cpu  1727986638 19377729 319590304 57916229548 16403613 0 17059219 0 0 0
1791279447 3000, 13801, 60, 0x0000000000000000 | 1.88 2.20 2.23 | cpu  1727986865 19377729 319590333 57916237247 16403613 0 17059227 0 0 0
1791279448 3022, 13801, 58, 0x0000000000000000 | 1.88 2.20 2.23 | cpu  1727987091 19377729 319590357 57916244948 16403613 0 17059231 0 0 0
1791279449 2895, 13801, 65, 0x0000000000000000 | 1.88 2.20 2.23 | cpu  1727987317 19377729 319590380 57916252602 16403613 0 17059257 0 0 0
1791279450 2977, 13801, 62, 0x0000000000000000 | 1.97 2.22 2.23 | cpu  1727987543 19377729 319590404 57916260295 16403613 0 17059287 0 0 0
1791279451 2992, 13801, 60, 0x0000000000000000 | 1.97 2.22 2.23 | cpu  1727987774 19377729 319590433 57916267985 16403619 0 17059309 0 0 0
1791279453 2940, 13801, 65, 0x0000000000000004 | 1.97 2.22 2.23 | cpu  1727987999 19377729 319590455 57916275700 16403619 0 17059332 0 0 0
1791279454 2992, 13801, 61, 0x0000000000000000 | 1.97 2.22 2.23 | cpu  1727988196 19377729 319590505 57916283287 16403619 0 17059349 0 0 0
1791279455 3022, 13801, 59, 0x0000000000000000 | 1.97 2.22 2.23 | cpu  1727988387 19377729 319590561 57916290966 16403619 0 17059360 0 0 0
1791279456 2970, 13801, 61, 0x0000000000000000 | 1.97 2.21 2.23 | cpu  1727988612 19377729 319590584 57916298659 16403619 0 17059386 0 0 0
1791279457 2985, 13801, 61, 0x0000000000000000 | 1.97 2.21 2.23 | cpu  1727988838 19377729 319590607 57916306363 16403620 0 17059407 0 0 0
1791279458 2955, 13801, 63, 0x0000000000000000 | 1.97 2.21 2.23 | cpu  1727989064 19377729 319590628 57916314072 16403620 0 17059429 0 0 0
1791279459 2895, 13801, 64, 0x0000000000000000 | 1.97 2.21 2.23 | cpu  1727989289 19377729 319590655 57916321749 16403620 0 17059451 0 0 0
1791279460 2985, 13801, 62, 0x0000000000000000 | 1.97 2.21 2.23 | cpu  1727989514 19377729 319590675 57916329431 16403620 0 17059468 0 0 0
1791279461 2910, 13801, 60, 0x0000000000000000 | 2.29 2.28 2.25 | cpu  1727989751 19377729 319590700 57916337123 16403626 0 17059503 0 0 0
1791279463 3000, 13801, 61, 0x0000000000000000 | 2.29 2.28 2.25 | cpu  1727989995 19377729 319590736 57916344778 16403626 0 17059527 0 0 0
1791279464 2895, 13801, 65, 0x0000000000000000 | 2.29 2.28 2.25 | cpu  1727990238 19377729 319590778 57916352454 16403627 0 17059554 0 0 0
1791279465 2992, 13801, 61, 0x0000000000000000 | 2.29 2.28 2.25 | cpu  1727990468 19377729 319590804 57916360150 16403629 0 17059578 0 0 0
1791279466 2910, 13801, 61, 0x0000000000000000 | 2.35 2.29 2.26 | cpu  1727990696 19377729 319590834 57916367847 16403629 0 17059596 0 0 0
1791279467 3007, 13801, 59, 0x0000000000000000 | 2.35 2.29 2.26 | cpu  1727990869 19377729 319590911 57916375580 16403629 0 17059601 0 0 0
1791279468 3007, 13801, 60, 0x0000000000000000 | 2.35 2.29 2.26 | cpu  1727991091 19377729 319590937 57916383284 16403629 0 17059629 0 0 0
1791279469 2955, 13801, 61, 0x0000000000000000 | 2.35 2.29 2.26 | cpu  1727991317 19377729 319590963 57916390978 16403634 0 17059662 0 0 0
1791279470 2992, 13801, 61, 0x0000000000000000 | 2.35 2.29 2.26 | cpu  1727991549 19377729 319590984 57916398691 16403634 0 17059699 0 0 0
1791279471 2947, 13801, 56, 0x0000000000000000 | 2.40 2.30 2.26 | cpu  1727991783 19377729 319591012 57916406379 16403634 0 17059732 0 0 0
1791279472 2955, 13801, 61, 0x0000000000000000 | 2.40 2.30 2.26 | cpu  1727992019 19377729 319591090 57916414030 16403634 0 17059759 0 0 0
1791279474 2932, 13801, 60, 0x0000000000000000 | 2.40 2.30 2.26 | cpu  1727992256 19377729 319591153 57916421676 16403634 0 17059789 0 0 0
1791279475 3007, 13801, 59, 0x0000000000000000 | 2.40 2.30 2.26 | cpu  1727992490 19377729 319591181 57916429368 16403639 0 17059826 0 0 0
1791279476 2962, 13801, 61, 0x0000000000000000 | 2.37 2.30 2.26 | cpu  1727992715 19377729 319591205 57916437060 16403640 0 17059865 0 0 0
1791279477 2962, 13801, 62, 0x0000000000000000 | 2.37 2.30 2.26 | cpu  1727992940 19377729 319591229 57916444768 16403640 0 17059900 0 0 0
1791279478 2955, 13801, 62, 0x0000000000000000 | 2.37 2.30 2.26 | cpu  1727993165 19377729 319591251 57916452465 16403640 0 17059943 0 0 0
1791279479 3045, 13801, 59, 0x0000000000000000 | 2.37 2.30 2.26 | cpu  1727993368 19377729 319591306 57916460141 16403640 0 17059963 0 0 0
1791279480 2970, 13801, 61, 0x0000000000000000 | 2.37 2.30 2.26 | cpu  1727993554 19377729 319591369 57916467828 16403651 0 17059977 0 0 0
1791279481 2902, 13801, 62, 0x0000000000000000 | 2.42 2.31 2.27 | cpu  1727993780 19377729 319591396 57916475519 16403652 0 17060006 0 0 0
1791279482 2947, 13801, 62, 0x0000000000000000 | 2.42 2.31 2.27 | cpu  1727994005 19377729 319591417 57916483221 16403652 0 17060043 0 0 0
1791279484 2887, 13801, 62, 0x0000000000000000 | 2.42 2.31 2.27 | cpu  1727994231 19377729 319591442 57916490934 16403652 0 17060077 0 0 0
1791279485 2977, 13801, 61, 0x0000000000000000 | 2.42 2.31 2.27 | cpu  1727994456 19377729 319591464 57916498651 16403652 0 17060109 0 0 0
1791279486 2887, 13801, 67, 0x0000000000000004 | 2.39 2.30 2.26 | cpu  1727994687 19377729 319591494 57916506331 16403658 0 17060142 0 0 0
1791279487 2932, 13801, 62, 0x0000000000000000 | 2.39 2.30 2.26 | cpu  1727994912 19377729 319591516 57916514041 16403659 0 17060162 0 0 0
1791279488 2932, 13801, 61, 0x0000000000000000 | 2.39 2.30 2.26 | cpu  1727995143 19377729 319591548 57916521707 16403659 0 17060187 0 0 0
1791279489 2947, 13801, 61, 0x0000000000000000 | 2.39 2.30 2.26 | cpu  1727995370 19377729 319591571 57916529431 16403659 0 17060211 0 0 0
1791279490 2887, 13801, 64, 0x0000000000000000 | 2.39 2.30 2.26 | cpu  1727995597 19377729 319591592 57916537136 16403664 0 17060246 0 0 0
1791279491 2902, 13801, 64, 0x0000000000000000 | 2.36 2.30 2.26 | cpu  1727995863 19377729 319591638 57916544788 16403666 0 17060265 0 0 0
1791279492 2865, 13801, 65, 0x0000000000000000 | 2.36 2.30 2.26 | cpu  1727996039 19377729 319591709 57916552494 16403666 0 17060271 0 0 0
1791279493 2925, 13801, 63, 0x0000000000000000 | 2.36 2.30 2.26 | cpu  1727996259 19377729 319591743 57916560198 16403666 0 17060286 0 0 0
1791279495 2932, 13801, 61, 0x0000000000000000 | 2.36 2.30 2.26 | cpu  1727996485 19377729 319591763 57916567891 16403666 0 17060313 0 0 0
1791279496 2910, 13801, 63, 0x0000000000000000 | 2.33 2.29 2.26 | cpu  1727996719 19377729 319591793 57916575541 16403666 0 17060338 0 0 0
1791279497 2992, 13801, 61, 0x0000000000000000 | 2.33 2.29 2.26 | cpu  1727996956 19377729 319591830 57916583193 16403676 0 17060363 0 0 0
1791279498 2992, 13801, 59, 0x0000000000000000 | 2.33 2.29 2.26 | cpu  1727997181 19377729 319591854 57916590878 16403676 0 17060384 0 0 0
1791279499 2962, 13801, 63, 0x0000000000000000 | 2.33 2.29 2.26 | cpu  1727997408 19377729 319591879 57916598581 16403676 0 17060411 0 0 0
1791279500 2910, 13801, 62, 0x0000000000000000 | 2.33 2.29 2.26 | cpu  1727997632 19377729 319591900 57916606256 16403676 0 17060435 0 0 0
1791279501 2932, 13801, 62, 0x0000000000000000 | 2.30 2.29 2.26 | cpu  1727997858 19377729 319591925 57916613962 16403676 0 17060466 0 0 0
1791279502 2955, 13801, 62, 0x0000000000000000 | 2.30 2.29 2.26 | cpu  1727998082 19377729 319591946 57916621640 16403678 0 17060500 0 0 0
1791279503 2850, 13801, 68, 0x0000000000000004 | 2.30 2.29 2.26 | cpu  1727998308 19377729 319591973 57916629372 16403678 0 17060531 0 0 0
1791279505 2917, 13801, 65, 0x0000000000000000 | 2.30 2.29 2.26 | cpu  1727998521 19377729 319592005 57916637032 16403678 0 17060561 0 0 0
1791279506 3022, 13801, 59, 0x0000000000000000 | 2.28 2.28 2.26 | cpu  1727998707 19377729 319592082 57916644713 16403678 0 17060562 0 0 0
1791279507 3007, 13801, 56, 0x0000000000000000 | 2.28 2.28 2.26 | cpu  1727998939 19377729 319592106 57916652365 16403678 0 17060587 0 0 0
1791279508 3000, 13801, 59, 0x0000000000000000 | 2.28 2.28 2.26 | cpu  1727999171 19377729 319592135 57916660049 16403679 0 17060612 0 0 0
1791279509 2970, 13801, 61, 0x0000000000000000 | 2.28 2.28 2.26 | cpu  1727999397 19377729 319592162 57916667733 16403679 0 17060645 0 0 0
1791279510 2940, 13801, 62, 0x0000000000000000 | 2.28 2.28 2.26 | cpu  1727999622 19377729 319592183 57916675433 16403679 0 17060673 0 0 0
1791279511 2992, 13801, 60, 0x0000000000000000 | 2.33 2.29 2.26 | cpu  1727999867 19377729 319592235 57916683139 16403679 0 17060703 0 0 0
1791279512 2947, 13801, 62, 0x0000000000000000 | 2.33 2.29 2.26 | cpu  1728000100 19377729 319592262 57916690830 16403681 0 17060725 0 0 0
1791279513 3007, 13801, 59, 0x0000000000000000 | 2.33 2.29 2.26 | cpu  1728000333 19377729 319592302 57916698470 16403684 0 17060754 0 0 0
1791279514 3007, 13801, 58, 0x0000000000000000 | 2.33 2.29 2.26 | cpu  1728000558 19377729 319592325 57916706150 16403684 0 17060775 0 0 0
1791279516 2992, 13801, 60, 0x0000000000000000 | 2.31 2.29 2.26 | cpu  1728000780 19377729 319592347 57916713783 16403684 0 17060797 0 0 0
1791279517 2872, 13801, 64, 0x0000000000000000 | 2.31 2.29 2.26 | cpu  1728001006 19377729 319592372 57916721519 16403684 0 17060824 0 0 0
1791279518 2925, 13801, 62, 0x0000000000000000 | 2.31 2.29 2.26 | cpu  1728001195 19377729 319592430 57916729221 16403684 0 17060831 0 0 0
1791279519 3000, 13801, 59, 0x0000000000000000 | 2.31 2.29 2.26 | cpu  1728001399 19377729 319592473 57916736905 16403685 0 17060833 0 0 0
1791279520 2992, 13801, 59, 0x0000000000000000 | 2.31 2.29 2.26 | cpu  1728001632 19377729 319592503 57916744583 16403685 0 17060858 0 0 0
1791279521 2985, 13801, 60, 0x0000000000000000 | 2.28 2.28 2.26 | cpu  1728001856 19377729 319592527 57916752276 16403685 0 17060883 0 0 0
1791279522 3007, 13801, 58, 0x0000000000000000 | 2.28 2.28 2.26 | cpu  1728002081 19377729 319592548 57916759949 16403685 0 17060911 0 0 0
1791279523 2970, 13801, 61, 0x0000000000000000 | 2.28 2.28 2.26 | cpu  1728002308 19377729 319592575 57916767662 16403690 0 17060930 0 0 0
1791279524 2940, 13801, 61, 0x0000000000000000 | 2.28 2.28 2.26 | cpu  1728002535 19377729 319592602 57916775343 16403690 0 17060956 0 0 0
1791279525 3000, 13801, 59, 0x0000000000000000 | 2.26 2.28 2.26 | cpu  1728002762 19377729 319592626 57916783030 16403692 0 17060986 0 0 0
1791279527 2977, 13801, 60, 0x0000000000000000 | 2.26 2.28 2.26 | cpu  1728002986 19377729 319592648 57916790730 16403692 0 17061007 0 0 0
1791279528 2940, 13801, 61, 0x0000000000000000 | 2.26 2.28 2.26 | cpu  1728003212 19377729 319592674 57916798424 16403692 0 17061029 0 0 0
1791279529 2940, 13801, 62, 0x0000000000000000 | 2.26 2.28 2.26 | cpu  1728003440 19377729 319592697 57916806127 16403692 0 17061046 0 0 0
1791279530 3007, 13801, 58, 0x0000000000000000 | 2.26 2.28 2.26 | cpu  1728003666 19377729 319592721 57916813843 16403695 0 17061065 0 0 0
1791279531 3000, 13801, 58, 0x0000000000000000 | 2.24 2.27 2.26 | cpu  1728003846 19377729 319592804 57916821556 16403695 0 17061066 0 0 0
1791279532 2977, 13801, 61, 0x0000000000000000 | 2.24 2.27 2.26 | cpu  1728004070 19377729 319592830 57916829267 16403695 0 17061096 0 0 0
1791279533 2925, 13801, 61, 0x0000000000000000 | 2.24 2.27 2.26 | cpu  1728004297 19377729 319592853 57916836967 16403700 0 17061125 0 0 0
1791279534 2940, 13801, 62, 0x0000000000000000 | 2.24 2.27 2.26 | cpu  1728004533 19377729 319592881 57916844624 16403700 0 17061145 0 0 0
1791279535 2970, 13801, 60, 0x0000000000000000 | 2.30 2.29 2.26 | cpu  1728004768 19377729 319592946 57916852267 16403703 0 17061156 0 0 0
1791279537 2985, 13801, 60, 0x0000000000000000 | 2.30 2.29 2.26 | cpu  1728004999 19377729 319593024 57916859889 16403703 0 17061178 0 0 0
1791279538 2962, 13801, 60, 0x0000000000000000 | 2.30 2.29 2.26 | cpu  1728005230 19377729 319593055 57916867580 16403703 0 17061203 0 0 0
1791279539 2917, 13801, 58, 0x0000000000000000 | 2.30 2.29 2.26 | cpu  1728005456 19377729 319593079 57916875272 16403703 0 17061231 0 0 0
1791279540 2955, 13801, 62, 0x0000000000000000 | 2.30 2.29 2.26 | cpu  1728005680 19377729 319593103 57916882957 16403703 0 17061258 0 0 0
1791279541 3015, 13801, 58, 0x0000000000000000 | 2.27 2.28 2.26 | cpu  1728005905 19377729 319593124 57916890638 16403708 0 17061285 0 0 0
1791279542 2970, 13801, 60, 0x0000000000000000 | 2.27 2.28 2.26 | cpu  1728006138 19377729 319593156 57916898334 16403708 0 17061315 0 0 0
1791279543 2925, 13801, 61, 0x0000000000000000 | 2.27 2.28 2.26 | cpu  1728006347 19377729 319593208 57916906008 16403714 0 17061339 0 0 0
1791279544 2932, 13801, 63, 0x0000000000000000 | 2.27 2.28 2.26 | cpu  1728006529 19377729 319593281 57916913744 16403714 0 17061339 0 0 0
1791279545 3000, 13801, 59, 0x0000000000000000 | 2.41 2.31 2.27 | cpu  1728006734 19377729 319593375 57916921348 16403714 0 17061339 0 0 0
1791279546 2902, 13801, 62, 0x0000000000000000 | 2.41 2.31 2.27 | cpu  1728006923 19377729 319593542 57916928894 16403714 0 17061339 0 0 0
1791279548 2917, 13801, 62, 0x0000000000000000 | 2.41 2.31 2.27 | cpu  1728007116 19377729 319593710 57916936493 16403719 0 17061342 0 0 0
1791279549 2902, 13801, 66, 0x0000000000000004 | 2.41 2.31 2.27 | cpu  1728007313 19377729 319593872 57916944090 16403719 0 17061345 0 0 0
1791279550 3030, 13801, 56, 0x0000000000000000 | 2.41 2.31 2.27 | cpu  1728007520 19377729 319594043 57916951679 16403719 0 17061350 0 0 0
1791279551 2977, 13801, 60, 0x0000000000000000 | 2.46 2.32 2.27 | cpu  1728007717 19377729 319594204 57916959283 16403719 0 17061352 0 0 0
1791279552 2977, 13801, 60, 0x0000000000000000 | 2.46 2.32 2.27 | cpu  1728007912 19377729 319594371 57916966888 16403719 0 17061355 0 0 0
1791279553 2977, 13801, 59, 0x0000000000000000 | 2.46 2.32 2.27 | cpu  1728008096 19377729 319594546 57916974496 16403719 0 17061359 0 0 0
1791279554 2940, 13801, 62, 0x0000000000000000 | 2.46 2.32 2.27 | cpu  1728008275 19377729 319594680 57916982132 16403724 0 17061365 0 0 0
1791279555 2962, 13801, 61, 0x0000000000000000 | 2.46 2.32 2.27 | cpu  1728008433 19377729 319594768 57916989830 16403726 0 17061365 0 0 0
1791279556 3007, 13801, 58, 0x0000000000000000 | 2.58 2.35 2.28 | cpu  1728008595 19377729 319594856 57916997517 16403726 0 17061365 0 0 0
1791279558 2940, 13801, 61, 0x0000000000000000 | 2.58 2.35 2.28 | cpu  1728008791 19377729 319594905 57917005171 16403726 0 17061365 0 0 0
1791279559 2902, 13801, 65, 0x0000000000000004 | 2.58 2.35 2.28 | cpu  1728009016 19377729 319594929 57917012830 16403731 0 17061366 0 0 0
1791279560 2940, 13801, 62, 0x0000000000000000 | 2.58 2.35 2.28 | cpu  1728009242 19377729 319594957 57917020521 16403731 0 17061367 0 0 0
1791279561 2910, 13801, 62, 0x0000000000000000 | 2.54 2.34 2.28 | cpu  1728009460 19377729 319594985 57917028217 16403731 0 17061368 0 0 0
1791279562 2940, 13801, 61, 0x0000000000000000 | 2.54 2.34 2.28 | cpu  1728010006 19377729 319596349 57917034237 16403737 0 17061374 0 0 0
1791279563 2917, 13801, 64, 0x0000000000000000 | 2.54 2.34 2.28 | cpu  1728010517 19377729 319596450 57917041640 16403737 0 17061378 0 0 0
1791279564 3000, 13801, 60, 0x0000000000000000 | 2.54 2.34 2.28 | cpu  1728010706 19377729 319596479 57917049403 16403737 0 17061383 0 0 0
1791279565 3000, 13801, 60, 0x0000000000000000 | 2.54 2.34 2.28 | cpu  1728010830 19377729 319596512 57917057243 16403737 0 17061383 0 0 0
1791279566 3000, 13801, 58, 0x0000000000000000 | 2.41 2.32 2.27 | cpu  1728010947 19377729 319596538 57917065142 16403737 0 17061383 0 0 0
1791279567 3000, 13801, 58, 0x0000000000000000 | 2.41 2.32 2.27 | cpu  1728011063 19377729 319596562 57917072997 16403737 0 17061383 0 0 0
1791279569 3007, 13801, 58, 0x0000000000000000 | 2.41 2.32 2.27 | cpu  1728011181 19377729 319596591 57917080837 16403742 0 17061383 0 0 0
1791279570 3007, 13801, 57, 0x0000000000000000 | 2.41 2.32 2.27 | cpu  1728011296 19377729 319596615 57917088696 16403742 0 17061383 0 0 0
1791279571 2985, 13801, 60, 0x0000000000000000 | 2.30 2.30 2.27 | cpu  1728011413 19377729 319596640 57917096574 16403742 0 17061383 0 0 0
1791279572 2970, 13801, 59, 0x0000000000000000 | 2.30 2.30 2.27 | cpu  1728011528 19377729 319596664 57917104449 16403742 0 17061383 0 0 0
1791279573 3022, 13801, 56, 0x0000000000000000 | 2.30 2.30 2.27 | cpu  1728011646 19377729 319596689 57917112305 16403742 0 17061383 0 0 0
1791279574 3022, 13801, 56, 0x0000000000000000 | 2.30 2.30 2.27 | cpu  1728011763 19377729 319596713 57917120206 16403753 0 17061383 0 0 0
1791279575 2925, 13801, 63, 0x0000000000000000 | 2.30 2.30 2.27 | cpu  1728011890 19377729 319596748 57917128101 16403753 0 17061383 0 0 0
1791279576 3015, 13801, 58, 0x0000000000000000 | 2.20 2.28 2.26 | cpu  1728012013 19377729 319596780 57917135948 16403753 0 17061383 0 0 0
1791279578 3000, 13801, 56, 0x0000000000000000 | 2.20 2.28 2.26 | cpu  1728012144 19377729 319596875 57917143674 16403753 0 17061390 0 0 0
1791279579 2992, 13801, 60, 0x0000000000000000 | 2.20 2.28 2.26 | cpu  1728012262 19377729 319596900 57917151555 16403753 0 17061390 0 0 0
1791279580 2962, 13801, 58, 0x0000000000000000 | 2.20 2.28 2.26 | cpu  1728012378 19377729 319596925 57917159436 16403754 0 17061390 0 0 0
1791279581 3015, 13801, 57, 0x0000000000000000 | 2.18 2.27 2.26 | cpu  1728012495 19377729 319596952 57917167346 16403754 0 17061390 0 0 0
1791279582 3015, 13801, 56, 0x0000000000000000 | 2.18 2.27 2.26 | cpu  1728012610 19377729 319596975 57917175192 16403754 0 17061391 0 0 0
1791279583 3015, 13801, 56, 0x0000000000000000 | 2.18 2.27 2.26 | cpu  1728012725 19377729 319597003 57917183064 16403754 0 17061391 0 0 0
1791279584 3000, 13801, 56, 0x0000000000000000 | 2.18 2.27 2.26 | cpu  1728012843 19377729 319597032 57917190978 16403754 0 17061391 0 0 0
1791279585 3015, 13801, 56, 0x0000000000000000 | 2.18 2.27 2.26 | cpu  1728012961 19377729 319597058 57917198892 16403754 0 17061391 0 0 0
1791279586 2955, 13801, 63, 0x0000000000000000 | 2.08 2.25 2.25 | cpu  1728013076 19377729 319597082 57917206763 16403754 0 17061391 0 0 0
1791279588 3000, 13801, 55, 0x0000000000000000 | 2.08 2.25 2.25 | cpu  1728013199 19377729 319597113 57917214619 16403757 0 17061391 0 0 0
1791279589 2970, 13801, 60, 0x0000000000000000 | 2.08 2.25 2.25 | cpu  1728013332 19377729 319597173 57917222444 16403758 0 17061392 0 0 0
1791279590 3015, 13801, 57, 0x0000000000000000 | 2.08 2.25 2.25 | cpu  1728013447 19377729 319597198 57917230313 16403758 0 17061392 0 0 0
1791279591 3022, 13801, 55, 0x0000000000000000 | 2.00 2.23 2.24 | cpu  1728013564 19377729 319597222 57917238164 16403758 0 17061392 0 0 0
1791279592 2925, 13801, 62, 0x0000000000000000 | 2.00 2.23 2.24 | cpu  1728013682 19377729 319597251 57917246036 16403758 0 17061392 0 0 0
1791279593 2962, 13801, 58, 0x0000000000000000 | 2.00 2.23 2.24 | cpu  1728013806 19377729 319597280 57917253915 16403758 0 17061392 0 0 0
1791279594 3015, 13801, 56, 0x0000000000000000 | 2.00 2.23 2.24 | cpu  1728013924 19377729 319597307 57917261768 16403765 0 17061392 0 0 0
1791279595 3007, 13801, 57, 0x0000000000000000 | 2.00 2.23 2.24 | cpu  1728014040 19377729 319597330 57917269629 16403767 0 17061392 0 0 0
1791279596 3022, 13801, 55, 0x0000000000000000 | 2.00 2.23 2.24 | cpu  1728014162 19377729 319597358 57917277495 16403767 0 17061392 0 0 0
1791279598 2940, 13801, 60, 0x0000000000000000 | 2.00 2.23 2.24 | cpu  1728014286 19377729 319597387 57917285349 16403767 0 17061392 0 0 0
1791279599 3007, 13801, 57, 0x0000000000000000 | 2.00 2.23 2.24 | cpu  1728014411 19377729 319597465 57917293100 16403767 0 17061392 0 0 0
1791279600 3000, 13801, 57, 0x0000000000000000 | 2.00 2.23 2.24 | cpu  1728014536 19377729 319597515 57917300878 16403772 0 17061393 0 0 0
1791279601 2745, 13801, 53, 0x0000000000000000 | 1.92 2.21 2.24 | cpu  1728014651 19377729 319597537 57917308767 16403772 0 17061393 0 0 0
1791279602 2932, 13801, 61, 0x0000000000000000 | 1.92 2.21 2.24 | cpu  1728014816 19377729 319597617 57917316495 16403774 0 17061393 0 0 0
1791279603 2955, 13801, 61, 0x0000000000000000 | 1.92 2.21 2.24 | cpu  1728014964 19377729 319597654 57917324318 16403774 0 17061394 0 0 0
1791279604 2985, 13801, 58, 0x0000000000000000 | 1.92 2.21 2.24 | cpu  1728015082 19377729 319597681 57917332162 16403774 0 17061394 0 0 0
1791279605 3007, 13801, 57, 0x0000000000000000 | 1.93 2.20 2.23 | cpu  1728015198 19377729 319597704 57917340042 16403774 0 17061394 0 0 0
1791279606 2985, 13801, 58, 0x0000000000000000 | 1.93 2.20 2.23 | cpu  1728015315 19377729 319597731 57917347945 16403779 0 17061394 0 0 0
1791279608 2962, 13801, 57, 0x0000000000000000 | 1.93 2.20 2.23 | cpu  1728015442 19377729 319597761 57917355808 16403779 0 17061394 0 0 0
1791279609 3022, 13801, 55, 0x0000000000000000 | 1.93 2.20 2.23 | cpu  1728015561 19377729 319597788 57917363682 16403779 0 17061394 0 0 0
1791279610 3007, 13801, 56, 0x0000000000000000 | 1.93 2.20 2.23 | cpu  1728015685 19377729 319597825 57917371556 16403787 0 17061395 0 0 0
1791279611 3022, 13801, 55, 0x0000000000000000 | 1.85 2.18 2.23 | cpu  1728015807 19377729 319597857 57917379390 16403787 0 17061395 0 0 0
1791279612 3000, 13801, 55, 0x0000000000000000 | 1.85 2.18 2.23 | cpu  1728015925 19377729 319597883 57917387307 16403787 0 17061395 0 0 0
1791279613 3000, 13801, 56, 0x0000000000000000 | 1.85 2.18 2.23 | cpu  1728016052 19377729 319597914 57917395094 16403797 0 17061395 0 0 0
1791279614 2992, 13801, 57, 0x0000000000000000 | 1.85 2.18 2.23 | cpu  1728016169 19377729 319597940 57917402977 16403799 0 17061395 0 0 0
1791279615 2992, 13801, 56, 0x0000000000000000 | 1.86 2.18 2.23 | cpu  1728016286 19377729 319597963 57917410875 16403799 0 17061395 0 0 0
1791279616 2962, 13801, 59, 0x0000000000000000 | 1.86 2.18 2.23 | cpu  1728016403 19377729 319597990 57917418768 16403799 0 17061395 0 0 0
1791279618 2970, 13801, 59, 0x0000000000000000 | 1.86 2.18 2.23 | cpu  1728016519 19377729 319598014 57917426625 16403799 0 17061395 0 0 0
1791279619 3000, 13801, 57, 0x0000000000000000 | 1.86 2.18 2.23 | cpu  1728016635 19377729 319598043 57917434481 16403804 0 17061395 0 0 0
1791279620 2992, 13801, 58, 0x0000000000000000 | 1.86 2.18 2.23 | cpu  1728016750 19377729 319598067 57917442352 16403804 0 17061395 0 0 0
1791279621 2977, 13801, 59, 0x0000000000000000 | 1.87 2.18 2.22 | cpu  1728016866 19377729 319598093 57917450208 16403804 0 17061395 0 0 0
1791279622 2970, 13801, 60, 0x0000000000000000 | 1.87 2.18 2.22 | cpu  1728016990 19377729 319598124 57917458051 16403804 0 17061395 0 0 0
1791279623 2955, 13801, 59, 0x0000000000000000 | 1.87 2.18 2.22 | cpu  1728017106 19377729 319598149 57917465935 16403804 0 17061395 0 0 0
1791279624 2977, 13801, 60, 0x0000000000000000 | 1.87 2.18 2.22 | cpu  1728017224 19377729 319598181 57917473785 16403815 0 17061395 0 0 0
1791279625 2955, 13801, 61, 0x0000000000000000 | 1.80 2.16 2.22 | cpu  1728017340 19377729 319598205 57917481656 16403816 0 17061395 0 0 0
1791279627 2985, 13801, 58, 0x0000000000000000 | 1.80 2.16 2.22 | cpu  1728017456 19377729 319598231 57917489505 16403816 0 17061395 0 0 0
1791279628 3007, 13801, 57, 0x0000000000000000 | 1.80 2.16 2.22 | cpu  1728017573 19377729 319598254 57917497374 16403816 0 17061395 0 0 0
1791279629 2940, 13801, 62, 0x0000000000000000 | 1.80 2.16 2.22 | cpu  1728017689 19377729 319598278 57917505212 16403816 0 17061395 0 0 0
1791279630 3000, 13801, 57, 0x0000000000000000 | 1.80 2.16 2.22 | cpu  1728017805 19377729 319598304 57917513064 16403822 0 17061395 0 0 0
1791279631 3022, 13801, 56, 0x0000000000000000 | 1.74 2.14 2.21 | cpu  1728017921 19377729 319598331 57917520936 16403822 0 17061395 0 0 0
1791279632 3000, 13801, 57, 0x0000000000000000 | 1.74 2.14 2.21 | cpu  1728018038 19377729 319598353 57917528805 16403822 0 17061395 0 0 0
1791279633 2947, 13801, 61, 0x0000000000000000 | 1.74 2.14 2.21 | cpu  1728018164 19377729 319598385 57917536695 16403822 0 17061395 0 0 0
1791279634 2940, 13801, 60, 0x0000000000000000 | 1.74 2.14 2.21 | cpu  1728018281 19377729 319598410 57917544587 16403822 0 17061395 0 0 0
1791279635 3015, 13801, 56, 0x0000000000000000 | 1.76 2.13 2.21 | cpu  1728018397 19377729 319598435 57917552452 16403827 0 17061395 0 0 0
1791279637 2977, 13801, 57, 0x0000000000000000 | 1.76 2.13 2.21 | cpu  1728018514 19377729 319598462 57917560349 16403827 0 17061395 0 0 0
1791279638 2992, 13801, 57, 0x0000000000000000 | 1.76 2.13 2.21 | cpu  1728018643 19377729 319598498 57917568197 16403827 0 17061395 0 0 0
1791279639 2992, 13801, 59, 0x0000000000000000 | 1.76 2.13 2.21 | cpu  1728018759 19377729 319598526 57917576054 16403827 0 17061395 0 0 0
1791279640 3007, 13801, 57, 0x0000000000000000 | 1.76 2.13 2.21 | cpu  1728018875 19377729 319598552 57917583921 16403827 0 17061395 0 0 0
1791279641 2940, 13801, 60, 0x0000000000000000 | 1.70 2.11 2.20 | cpu  1728018993 19377729 319598581 57917591842 16403842 0 17061395 0 0 0
1791279642 2775, 13801, 53, 0x0000000000000000 | 1.70 2.11 2.20 | cpu  1728019109 19377729 319598604 57917599694 16403842 0 17061395 0 0 0
1791279643 3000, 13801, 57, 0x0000000000000000 | 1.70 2.11 2.20 | cpu  1728019226 19377729 319598628 57917607551 16403842 0 17061395 0 0 0
1791279644 3000, 13801, 56, 0x0000000000000000 | 1.70 2.11 2.20 | cpu  1728019343 19377729 319598656 57917615408 16403842 0 17061395 0 0 0
1791279645 3022, 13801, 55, 0x0000000000000000 | 1.64 2.10 2.20 | cpu  1728019468 19377729 319598689 57917623260 16403844 0 17061395 0 0 0
1791279647 2970, 13801, 61, 0x0000000000000000 | 1.64 2.10 2.20 | cpu  1728019582 19377729 319598714 57917631102 16403844 0 17061395 0 0 0
1791279648 3022, 13801, 56, 0x0000000000000000 | 1.64 2.10 2.20 | cpu  1728019698 19377729 319598741 57917639001 16403844 0 17061395 0 0 0
1791279649 2977, 13801, 58, 0x0000000000000000 | 1.64 2.10 2.20 | cpu  1728019815 19377729 319598765 57917646885 16403844 0 17061395 0 0 0
1791279650 2985, 13801, 59, 0x0000000000000000 | 1.64 2.10 2.20 | cpu  1728019932 19377729 319598792 57917654762 16403844 0 17061395 0 0 0
1791279651 2970, 13801, 59, 0x0000000000000000 | 1.67 2.09 2.19 | cpu  1728020051 19377729 319598816 57917662647 16403844 0 17061395 0 0 0
1791279652 2932, 13801, 62, 0x0000000000000000 | 1.67 2.09 2.19 | cpu  1728020168 19377729 319598844 57917670534 16403845 0 17061396 0 0 0
1791279653 3000, 13801, 59, 0x0000000000000000 | 1.67 2.09 2.19 | cpu  1728020286 19377729 319598871 57917678432 16403845 0 17061396 0 0 0
1791279654 3015, 13801, 57, 0x0000000000000000 | 1.67 2.09 2.19 | cpu  1728020402 19377729 319598897 57917686311 16403851 0 17061396 0 0 0
1791279655 3015, 13801, 56, 0x0000000000000000 | 1.62 2.08 2.19 | cpu  1728020520 19377729 319598928 57917694189 16403851 0 17061396 0 0 0
1791279657 3007, 13801, 58, 0x0000000000000000 | 1.62 2.08 2.19 | cpu  1728020643 19377729 319598958 57917702071 16403851 0 17061396 0 0 0
1791279658 2955, 13801, 62, 0x0000000000000000 | 1.62 2.08 2.19 | cpu  1728020760 19377729 319598981 57917709975 16403851 0 17061396 0 0 0
1791279659 3007, 13801, 57, 0x0000000000000000 | 1.62 2.08 2.19 | cpu  1728020878 19377729 319599010 57917717854 16403851 0 17061396 0 0 0
1791279660 2970, 13801, 60, 0x0000000000000000 | 1.62 2.08 2.19 | cpu  1728021002 19377729 319599038 57917725750 16403856 0 17061396 0 0 0
1791279661 3007, 13801, 57, 0x0000000000000000 | 1.57 2.06 2.18 | cpu  1728021129 19377729 319599071 57917733608 16403858 0 17061396 0 0 0
1791279662 3007, 13801, 57, 0x0000000000000000 | 1.57 2.06 2.18 | cpu  1728021266 19377729 319599211 57917741379 16403858 0 17061402 0 0 0
1791279663 2925, 13801, 61, 0x0000000000000000 | 1.57 2.06 2.18 | cpu  1728021383 19377729 319599237 57917749238 16403858 0 17061403 0 0 0
1791279664 2970, 13801, 59, 0x0000000000000000 | 1.57 2.06 2.18 | cpu  1728021521 19377729 319599276 57917757115 16403858 0 17061403 0 0 0
1791279666 2970, 13801, 60, 0x0000000000000000 | 1.52 2.04 2.17 | cpu  1728021679 19377729 319599326 57917764889 16403863 0 17061403 0 0 0
1791279667 2970, 13801, 58, 0x0000000000000000 | 1.52 2.04 2.17 | cpu  1728021806 19377729 319599379 57917772766 16403863 0 17061403 0 0 0
1791279668 3007, 13801, 57, 0x0000000000000000 | 1.52 2.04 2.17 | cpu  1728021929 19377729 319599409 57917780626 16403863 0 17061403 0 0 0
1791279669 2955, 13801, 57, 0x0000000000000000 | 1.52 2.04 2.17 | cpu  1728022047 19377729 319599438 57917788509 16403863 0 17061403 0 0 0
1791279670 3022, 13801, 56, 0x0000000000000000 | 1.52 2.04 2.17 | cpu  1728022161 19377729 319599461 57917796318 16403863 0 17061403 0 0 0
1791279671 2992, 13801, 56, 0x0000000000000000 | 1.48 2.02 2.17 | cpu  1728022277 19377729 319599485 57917804188 16403863 0 17061403 0 0 0
1791279672 3007, 13801, 57, 0x0000000000000000 | 1.48 2.02 2.17 | cpu  1728022403 19377729 319599516 57917812014 16403865 0 17061403 0 0 0
1791279673 3000, 13801, 58, 0x0000000000000000 | 1.48 2.02 2.17 | cpu  1728022530 19377729 319599553 57917819912 16403865 0 17061404 0 0 0
1791279674 2992, 13801, 57, 0x0000000000000000 | 1.48 2.02 2.17 | cpu  1728022647 19377729 319599578 57917827806 16403865 0 17061404 0 0 0
1791279676 2962, 13801, 60, 0x0000000000000000 | 1.44 2.01 2.16 | cpu  1728022765 19377729 319599605 57917835670 16403865 0 17061404 0 0 0
1791279677 2977, 13801, 58, 0x0000000000000000 | 1.44 2.01 2.16 | cpu  1728022881 19377729 319599631 57917843563 16403866 0 17061404 0 0 0
1791279678 3022, 13801, 56, 0x0000000000000000 | 1.44 2.01 2.16 | cpu  1728022996 19377729 319599656 57917851409 16403866 0 17061404 0 0 0
1791279679 3007, 13801, 56, 0x0000000000000000 | 1.44 2.01 2.16 | cpu  1728023121 19377729 319599691 57917859245 16403866 0 17061404 0 0 0
1791279680 3007, 13801, 56, 0x0000000000000000 | 1.44 2.01 2.16 | cpu  1728023236 19377729 319599715 57917867148 16403866 0 17061404 0 0 0
1791279681 3007, 13801, 56, 0x0000000000000000 | 1.49 2.00 2.16 | cpu  1728023361 19377729 319599748 57917874996 16403866 0 17061404 0 0 0
1791279682 2962, 13801, 60, 0x0000000000000000 | 1.49 2.00 2.16 | cpu  1728023476 19377729 319599773 57917882879 16403871 0 17061404 0 0 0
1791279683 2940, 13801, 61, 0x0000000000000000 | 1.49 2.00 2.16 | cpu  1728023594 19377729 319599799 57917890763 16403871 0 17061404 0 0 0
1791279684 3007, 13801, 55, 0x0000000000000000 | 1.49 2.00 2.16 | cpu  1728023711 19377729 319599821 57917898664 16403871 0 17061404 0 0 0
1791279686 2917, 13801, 62, 0x0000000000000000 | 1.45 1.99 2.15 | cpu  1728023828 19377729 319599847 57917906560 16403871 0 17061404 0 0 0
1791279687 3000, 13801, 58, 0x0000000000000000 | 1.45 1.99 2.15 | cpu  1728023945 19377729 319599872 57917914418 16403877 0 17061404 0 0 0
1791279688 3015, 13801, 57, 0x0000000000000000 | 1.45 1.99 2.15 | cpu  1728024084 19377729 319599914 57917922227 16403879 0 17061404 0 0 0
1791279689 2940, 13801, 62, 0x0000000000000000 | 1.45 1.99 2.15 | cpu  1728024211 19377729 319599958 57917930096 16403879 0 17061405 0 0 0
1791279690 3000, 13801, 58, 0x0000000000000000 | 1.45 1.99 2.15 | cpu  1728024352 19377729 319600056 57917937890 16403880 0 17061410 0 0 0
1791279691 3007, 13801, 57, 0x0000000000000000 | 1.41 1.97 2.15 | cpu  1728024468 19377729 319600083 57917945760 16403880 0 17061410 0 0 0
1791279692 3000, 13801, 57, 0x0000000000000000 | 1.41 1.97 2.15 | cpu  1728024585 19377729 319600107 57917953618 16403880 0 17061411 0 0 0
1791279693 3007, 13801, 56, 0x0000000000000000 | 1.41 1.97 2.15 | cpu  1728024701 19377729 319600134 57917961482 16403880 0 17061411 0 0 0
1791279695 3022, 13801, 56, 0x0000000000000000 | 1.41 1.97 2.15 | cpu  1728024819 19377729 319600163 57917969341 16403880 0 17061411 0 0 0
1791279696 2985, 13801, 59, 0x0000000000000000 | 1.38 1.95 2.14 | cpu  1728024935 19377729 319600188 57917977195 16403882 0 17061411 0 0 0
1791279697 2992, 13801, 56, 0x0000000000000000 | 1.38 1.95 2.14 | cpu  1728025051 19377729 319600211 57917985047 16403883 0 17061411 0 0 0
1791279698 2782, 13801, 54, 0x0000000000000000 | 1.38 1.95 2.14 | cpu  1728025167 19377729 319600237 57917992952 16403883 0 17061411 0 0 0
1791279699 3007, 13801, 55, 0x0000000000000000 | 1.38 1.95 2.14 | cpu  1728025284 19377729 319600260 57918000814 16403883 0 17061411 0 0 0
1791279700 3007, 13801, 56, 0x0000000000000000 | 1.38 1.95 2.14 | cpu  1728025401 19377729 319600286 57918008693 16403883 0 17061411 0 0 0
1791279701 3007, 13801, 56, 0x0000000000000000 | 1.35 1.94 2.14 | cpu  1728025492 19377729 319600317 57918016511 16403888 0 17061411 0 0 0
1791279702 2647, 13801, 50, 0x0000000000000000 | 1.35 1.94 2.14 | cpu  1728025570 19377729 319600371 57918024308 16403888 0 17061411 0 0 0
1791279703 2647, 13801, 50, 0x0000000000000000 | 1.35 1.94 2.14 | cpu  1728025658 19377729 319600432 57918032027 16403888 0 17061411 0 0 0
1791279704 2647, 13801, 49, 0x0000000000000000 | 1.35 1.94 2.14 | cpu  1728025732 19377729 319600482 57918039843 16403888 0 17061411 0 0 0
1791279706 2647, 13801, 49, 0x0000000000000000 | 1.40 1.94 2.13 | cpu  1728025822 19377729 319600589 57918047577 16403888 0 17061411 0 0 0
1791279707 2647, 13801, 49, 0x0000000000000000 | 1.40 1.94 2.13 | cpu  1728025903 19377729 319600646 57918055354 16403890 0 17061411 0 0 0
1791279708 2647, 13801, 49, 0x0000000000000000 | 1.40 1.94 2.13 | cpu  1728025976 19377729 319600693 57918063130 16403890 0 17061411 0 0 0
1791279709 2647, 13801, 49, 0x0000000000000000 | 1.40 1.94 2.13 | cpu  1728026051 19377729 319600740 57918070925 16403890 0 17061411 0 0 0
1791279710 2647, 13801, 48, 0x0000000000000000 | 1.40 1.94 2.13 | cpu  1728026122 19377729 319600791 57918078749 16403890 0 17061411 0 0 0
1791279711 2647, 13801, 48, 0x0000000000000000 | 1.37 1.92 2.13 | cpu  1728026194 19377729 319600840 57918086509 16403890 0 17061411 0 0 0
1791279712 2647, 13801, 48, 0x0000000000000000 | 1.37 1.92 2.13 | cpu  1728026272 19377729 319600895 57918094299 16403903 0 17061411 0 0 0
1791279713 2647, 13801, 48, 0x0000000000000000 | 1.37 1.92 2.13 | cpu  1728026351 19377729 319600950 57918102093 16403903 0 17061412 0 0 0
1791279714 2647, 13801, 48, 0x0000000000000000 | 1.37 1.92 2.13 | cpu  1728026425 19377729 319600999 57918109909 16403905 0 17061412 0 0 0
1791279715 2647, 13801, 48, 0x0000000000000000 | 1.34 1.91 2.12 | cpu  1728026496 19377729 319601048 57918117678 16403905 0 17061412 0 0 0
1791279717 2647, 13801, 48, 0x0000000000000000 | 1.34 1.91 2.12 | cpu  1728026569 19377729 319601097 57918125502 16403905 0 17061412 0 0 0
1791279718 2647, 13801, 48, 0x0000000000000000 | 1.34 1.91 2.12 | cpu  1728026754 19377729 319601161 57918133192 16403905 0 17061412 0 0 0
1791279719 2647, 13801, 48, 0x0000000000000000 | 1.34 1.91 2.12 | cpu  1728026934 19377729 319601216 57918140886 16403905 0 17061412 0 0 0
1791279720 2647, 13801, 48, 0x0000000000000000 | 1.34 1.91 2.12 | cpu  1728027101 19377729 319601285 57918148590 16403914 0 17061414 0 0 0
1791279721 2647, 13801, 47, 0x0000000000000000 | 1.39 1.91 2.12 | cpu  1728027250 19377729 319601396 57918156252 16403914 0 17061416 0 0 0
1791279722 2647, 13801, 47, 0x0000000000000000 | 1.39 1.91 2.12 | cpu  1728027369 19377729 319601619 57918163835 16403920 0 17061417 0 0 0
1791279723 2647, 13801, 47, 0x0000000000000000 | 1.39 1.91 2.12 | cpu  1728027495 19377729 319601849 57918171428 16403920 0 17061418 0 0 0
1791279724 2647, 13801, 47, 0x0000000000000000 | 1.39 1.91 2.12 | cpu  1728027631 19377729 319602083 57918178999 16403925 0 17061430 0 0 0
1791279725 2647, 13801, 47, 0x0000000000000000 | 1.52 1.93 2.13 | cpu  1728027770 19377729 319602400 57918186480 16403925 0 17061446 0 0 0
1791279727 2647, 13801, 47, 0x0000000000000000 | 1.52 1.93 2.13 | cpu  1728027975 19377729 319602595 57918194014 16403925 0 17061452 0 0 0
1791279728 2647, 13801, 47, 0x0000000000000000 | 1.52 1.93 2.13 | cpu  1728028133 19377729 319602668 57918201732 16403925 0 17061454 0 0 0
1791279729 2647, 13801, 47, 0x0000000000000000 | 1.52 1.93 2.13 | cpu  1728028261 19377729 319602865 57918209345 16403925 0 17061465 0 0 0
1791279730 2647, 13801, 47, 0x0000000000000000 | 1.52 1.93 2.13 | cpu  1728028387 19377729 319603080 57918216936 16403925 0 17061469 0 0 0
1791279731 2647, 13801, 47, 0x0000000000000000 | 1.64 1.95 2.13 | cpu  1728028503 19377729 319603306 57918224545 16403932 0 17061474 0 0 0
1791279732 2647, 13801, 47, 0x0000000000000000 | 1.64 1.95 2.13 | cpu  1728028629 19377729 319603519 57918232120 16403935 0 17061479 0 0 0
1791279733 2647, 13801, 47, 0x0000000000000000 | 1.64 1.95 2.13 | cpu  1728028770 19377729 319603665 57918239735 16403983 0 17061481 0 0 0
