1791280218 1, 0, 87.41
1791280219 1, 0, 61.25
1791280220 4, 0, 47.13
1791280221 4, 0, 41.88
1791280222 4, 0, 37.53
1791280223 4, 0, 35.65
1791280224 21, 0, 35.42
1791280225 568, 0, 87.52
1791280226 4550, 16, 95.81
1791280228 5590, 14, 97.65
1791280229 6650, 16, 98.32
1791280230 7970, 23, 97.81
1791280231 9790, 25, 99.42
1791280232 10530, 5, 99.48
1791280233 11930, 25, 97.61
1791280234 13330, 13, 100.55
1791280235 14730, 16, 99.35
1791280236 16030, 25, 97.65
1791280237 17170, 20, 101.07
1791280239 18570, 23, 99.97
1791280240 19970, 20, 99.14
1791280241 21612, 1, 93.81
1791280242 21612, 3, 89.02
1791280243 21612, 3, 89.30
1791280244 21612, 3, 89.00
1791280245 21612, 3, 88.66
1791280246 21612, 3, 88.55
1791280247 21640, 3, 92.59
1791280248 21640, 4, 97.46
1791280250 21640, 3, 92.07
1791280251 21642, 4, 88.59
1791280252 21642, 4, 87.55
1791280253 21642, 3, 87.27
1791280254 21642, 0, 87.44
1791280255 21642, 0, 87.75
1791280256 21642, 4, 87.80
1791280257 21642, 6, 87.76
1791280258 21642, 0, 87.81
1791280259 21642, 4, 87.17
1791280261 21642, 0, 87.17
1791280262 21642, 0, 87.66
1791280263 21642, 1, 87.95
1791280264 21642, 6, 87.28
1791280265 21642, 0, 87.17
1791280266 21642, 3, 87.39
1791280267 21642, 3, 87.84
1791280268 21642, 0, 87.93
1791280269 21642, 1, 88.16
1791280271 21642, 7, 87.92
1791280272 21642, 1, 87.43
1791280273 21642, 2, 87.19
1791280274 21642, 4, 87.10
1791280275 21642, 0, 87.33
1791280276 21642, 0, 87.80
1791280277 21642, 0, 87.74
1791280278 21642, 0, 87.57
1791280279 21642, 0, 87.16
1791280280 21642, 2, 86.95
1791280282 21642, 3, 87.51
1791280283 21642, 0, 87.92
1791280284 21642, 0, 87.18
1791280285 21642, 8, 86.94
1791280286 21642, 1, 87.24
1791280287 21642, 3, 88.00
1791280288 21642, 0, 88.09
1791280289 21642, 0, 88.01
1791280290 21642, 3, 87.44
1791280291 21642, 6, 86.89
1791280293 21642, 0, 86.94
1791280294 21642, 3, 87.24
1791280295 21642, 2, 87.11
1791280296 21642, 0, 87.47
1791280297 21642, 4, 87.73
1791280298 21642, 5, 87.00
1791280299 21642, 0, 86.50
1791280300 21642, 4, 86.69
1791280301 21642, 0, 87.65
1791280302 21642, 0, 87.66
1791280304 21642, 5, 87.03
1791280305 21642, 4, 86.72
1791280306 21642, 0, 87.00
1791280307 21642, 1, 87.21
1791280308 21642, 0, 87.55
1791280309 21642, 3, 87.50
1791280310 21642, 2, 87.45
1791280311 21654, 0, 86.76
1791280312 21720, 44, 202.90
1791280313 21104, 18, 191.62
1791280315 23074, 14, 155.48
1791280316 23840, 19, 179.54
1791280317 24720, 51, 196.98
1791280318 24750, 17, 221.98
1791280319 24920, 16, 168.87
1791280320 25746, 34, 264.80
1791280321 26626, 39, 255.19
1791280322 26626, 18, 230.81
1791280323 26638, 15, 195.10
1791280325 26652, 14, 158.78
1791280326 26652, 29, 193.34
1791280327 26652, 0, 221.37
1791280328 26652, 27, 187.54
1791280329 26652, 32, 237.21
1791280330 26660, 27, 195.92
1791280331 26660, 41, 247.13
1791280332 26660, 28, 254.50
1791280333 26678, 20, 205.55
1791280335 26678, 26, 199.49
1791280336 26678, 24, 234.52
1791280337 26678, 36, 236.35
1791280338 26678, 21, 198.60
1791280339 26678, 41, 248.70
1791280340 26678, 30, 234.58
1791280341 26678, 36, 256.04
1791280342 26678, 18, 188.99
1791280343 26678, 28, 214.08
1791280344 26678, 50, 288.13
1791280346 26958, 66, 326.49
1791280347 26958, 15, 279.95
1791280348 26958, 38, 203.37
1791280349 26958, 38, 286.58
1791280350 26958, 15, 276.51
1791280351 26958, 17, 179.61
1791280352 26958, 28, 187.93
1791280353 26958, 16, 210.29
1791280354 26958, 49, 237.23
1791280356 26958, 19, 264.05
1791280357 26958, 21, 202.31
1791280358 26958, 42, 273.49
1791280359 26958, 22, 222.92
1791280360 26958, 39, 250.93
1791280361 26958, 21, 228.30
1791280362 26958, 13, 194.36
1791280363 26958, 17, 183.58
1791280364 26958, 48, 284.60
1791280365 26958, 31, 209.46
1791280367 26958, 26, 216.36
1791280368 26958, 54, 251.16
1791280369 26958, 17, 312.24
1791280370 26958, 14, 188.04
1791280371 26958, 24, 186.59
1791280372 26958, 29, 226.88
1791280373 26958, 28, 222.69
1791280374 26958, 31, 229.55
1791280375 26958, 48, 269.79
1791280376 26958, 27, 265.26
1791280378 26958, 33, 241.31
1791280379 26958, 41, 227.52
1791280380 26958, 24, 229.47
1791280381 26958, 52, 285.35
1791280382 26958, 26, 248.39
1791280383 26958, 43, 235.99
1791280384 26958, 35, 305.10
1791280385 26958, 21, 201.57
1791280386 26958, 17, 183.68
1791280388 26958, 36, 233.74
1791280389 26958, 22, 232.30
1791280390 26958, 14, 208.17
1791280391 26958, 15, 178.24
1791280392 26958, 38, 240.62
1791280393 26958, 40, 260.51
1791280394 26958, 19, 220.45
1791280395 26958, 20, 196.68
1791280396 26958, 21, 210.07
1791280397 26958, 20, 226.51
1791280399 26958, 27, 219.02
1791280400 26958, 27, 223.21
1791280401 26958, 41, 252.10
1791280402 26958, 41, 261.77
1791280403 26958, 55, 302.41
1791280404 26958, 38, 269.03
1791280405 26958, 40, 264.08
1791280406 26958, 47, 262.55
1791280407 26958, 45, 250.30
1791280409 27378, 72, 370.20
1791280410 27378, 41, 297.43
1791280411 27378, 30, 260.65
1791280412 27378, 24, 251.56
1791280413 27378, 50, 266.93
1791280414 27378, 34, 315.68
1791280415 27378, 43, 279.96
1791280416 27378, 50, 287.20
1791280417 27378, 65, 350.97
1791280418 27378, 38, 238.03
1791280420 27378, 35, 265.01
1791280421 27378, 22, 278.32
1791280422 27378, 28, 197.30
1791280423 27378, 35, 198.90
1791280424 27378, 44, 240.39
1791280425 27378, 55, 330.87
1791280426 27378, 51, 317.51
1791280427 27378, 36, 279.23
1791280428 27378, 38, 269.59
1791280429 27378, 71, 384.83
1791280431 27378, 46, 334.12
1791280432 27378, 16, 226.83
1791280433 27378, 35, 226.09
1791280434 27378, 24, 215.53
1791280435 27378, 33, 231.45
1791280436 27378, 48, 234.06
1791280437 27378, 33, 273.73
1791280438 27378, 17, 210.17
1791280439 27378, 37, 272.62
1791280441 27378, 16, 252.56
1791280442 27380, 19, 194.53
1791280443 27380, 31, 197.70
1791280444 27380, 57, 256.89
1791280445 27380, 37, 299.05
1791280446 27380, 35, 275.96
1791280447 27380, 19, 207.07
1791280448 27380, 22, 221.71
1791280449 27380, 24, 224.64
1791280451 27380, 13, 200.64
1791280452 27380, 16, 182.61
1791280453 27380, 30, 216.70
1791280454 27380, 65, 305.04
1791280455 27380, 19, 308.56
1791280456 27380, 24, 213.80
1791280457 27380, 21, 199.90
1791280458 27380, 35, 224.87
1791280459 27380, 27, 248.66
1791280461 27380, 35, 245.05
1791280462 27380, 25, 222.03
1791280463 27380, 12, 217.63
1791280464 27380, 14, 171.99
1791280465 27380, 22, 192.10
1791280466 27380, 31, 215.32
1791280467 27380, 42, 270.46
1791280468 27380, 31, 230.49
1791280470 27380, 39, 240.24
1791280471 27380, 20, 253.35
1791280472 27380, 25, 214.08
1791280473 27380, 24, 207.26
1791280474 27380, 27, 217.22
1791280475 27380, 35, 245.20
1791280476 27380, 46, 282.26
1791280477 27380, 31, 257.57
1791280478 27380, 13, 189.61
1791280480 27380, 16, 177.77
1791280481 27380, 28, 201.24
1791280482 27380, 27, 226.46
1791280483 27380, 34, 252.90
1791280484 27380, 44, 272.43
1791280485 27380, 23, 222.60
1791280486 27380, 33, 213.95
1791280487 27380, 31, 276.00
1791280488 27380, 40, 264.59
1791280490 27420, 60, 301.48
1791280491 27420, 12, 323.91
1791280492 27420, 14, 172.52
1791280493 27420, 28, 223.89
1791280494 27420, 22, 186.68
1791280495 27420, 29, 230.15
1791280496 27420, 23, 205.45
1791280497 27420, 37, 235.27
1791280499 27420, 24, 252.01
1791280500 27420, 29, 228.54
1791280501 27420, 17, 189.62
1791280502 27420, 32, 212.12
1791280503 27420, 41, 249.10
1791280504 27420, 52, 300.96
1791280505 27420, 33, 251.24
1791280506 27420, 29, 245.02
1791280507 27420, 24, 257.85
1791280509 27420, 33, 236.48
1791280510 27420, 50, 218.21
1791280511 27420, 63, 335.52
1791280512 27420, 26, 224.77
1791280513 27420, 32, 229.33
1791280514 27420, 21, 236.54
1791280515 27420, 26, 221.74
1791280516 27420, 20, 198.15
1791280517 27420, 22, 196.10
1791280519 27420, 27, 209.28
1791280520 27420, 35, 241.06
1791280521 27420, 29, 220.18
1791280522 27420, 12, 193.30
1791280523 27420, 49, 193.19
1791280524 27420, 60, 266.52
1791280525 27420, 16, 294.44
1791280526 27420, 15, 190.90
1791280527 27420, 18, 185.02
1791280529 27420, 46, 235.73
1791280530 27420, 14, 250.80
1791280531 27420, 17, 184.57
1791280532 27420, 19, 194.18
1791280533 27420, 18, 180.99
1791280534 27420, 13, 186.37
1791280535 27420, 16, 177.85
1791280536 27420, 19, 184.17
1791280538 27420, 58, 271.77
1791280539 27420, 30, 309.49
1791280540 27420, 35, 213.44
1791280541 27420, 13, 233.33
1791280542 27420, 14, 192.27
1791280543 27420, 75, 225.56
1791280544 27420, 41, 305.75
1791280545 27420, 23, 237.41
1791280546 27420, 14, 178.42
1791280548 27420, 20, 208.02
1791280549 27420, 16, 197.20
1791280550 27420, 59, 199.79
1791280551 27420, 23, 259.51
1791280552 27420, 14, 206.25
1791280553 27420, 25, 207.25
1791280554 27420, 40, 237.59
1791280555 27420, 46, 292.60
1791280556 27420, 44, 275.87
1791280558 27420, 21, 194.02
1791280559 27420, 23, 227.19
1791280560 27420, 23, 197.21
1791280561 27420, 41, 254.33
1791280562 27420, 12, 229.84
1791280563 27420, 14, 174.14
1791280564 27420, 23, 195.97
1791280565 27420, 15, 173.16
1791280566 27420, 12, 176.99
1791280568 27420, 15, 171.91
1791280569 27420, 24, 190.93
1791280570 27420, 22, 206.73
1791280571 27420, 29, 226.33
1791280572 27420, 38, 247.11
1791280573 27420, 35, 212.99
1791280574 27420, 43, 283.87
1791280575 27420, 34, 235.41
1791280576 27420, 40, 269.24
1791280578 27420, 44, 266.28
1791280579 27420, 33, 259.71
1791280580 27420, 40, 274.59
1791280581 27420, 46, 307.89
1791280582 27420, 46, 321.72
1791280583 27420, 25, 219.29
1791280584 27420, 52, 264.32
1791280585 27420, 24, 284.85
1791280586 27420, 16, 223.34
1791280588 27420, 19, 190.09
1791280589 27420, 51, 301.20
1791280590 27420, 48, 296.66
1791280591 27420, 19, 201.32
1791280592 27420, 31, 222.19
1791280593 27420, 28, 248.19
1791280594 27420, 34, 250.80
1791280595 27420, 28, 220.44
1791280596 27420, 55, 307.60
1791280597 27420, 28, 234.01
1791280599 27420, 0, 223.37
1791280600 27420, 37, 291.22
1791280601 27420, 18, 187.07
1791280602 27420, 53, 305.07
1791280603 27420, 17, 186.06
1791280604 27420, 58, 301.57
1791280605 27420, 41, 302.16
1791280606 27420, 59, 308.35
1791280607 27420, 26, 297.44
1791280609 27420, 20, 238.33
1791280610 27420, 24, 211.76
1791280611 27420, 25, 212.17
1791280612 27420, 0, 237.47
1791280613 27420, 23, 265.94
1791280614 27420, 39, 237.77
1791280615 27420, 36, 298.20
1791280616 27420, 28, 225.43
1791280617 27420, 68, 351.51
1791280618 27420, 41, 273.82
1791280620 27420, 44, 268.67
1791280621 27420, 23, 250.70
1791280622 27420, 29, 234.52
1791280623 27420, 14, 269.11
1791280624 27420, 17, 189.46
1791280625 27420, 26, 198.12
1791280626 27420, 28, 226.01
1791280627 27420, 26, 237.60
1791280628 27420, 42, 265.28
1791280630 27420, 27, 287.90
1791280631 27420, 32, 245.30
1791280632 27420, 19, 188.36
1791280633 27420, 27, 210.37
1791280634 27420, 22, 202.75
1791280635 27420, 55, 263.88
1791280636 27420, 44, 306.07
1791280637 27420, 57, 324.13
1791280638 27420, 66, 346.00
1791280639 27420, 32, 239.10
1791280641 27420, 18, 199.04
1791280642 27420, 54, 253.58
1791280643 27420, 25, 314.03
1791280644 27420, 25, 229.10
1791280645 27420, 24, 239.13
1791280646 27420, 34, 243.63
1791280647 27420, 17, 192.67
1791280648 27420, 39, 226.71
1791280649 27420, 24, 219.85
1791280651 27420, 13, 195.88
1791280652 27420, 15, 186.55
1791280653 27420, 31, 207.11
1791280654 27420, 25, 194.56
1791280655 27420, 0, 88.74
1791280656 27420, 1, 89.38
1791280657 27420, 7, 89.16
1791280658 27420, 0, 88.63
1791280659 27420, 4, 88.33
1791280660 27420, 0, 88.67
1791280662 27420, 2, 89.02
1791280663 27420, 6, 89.03
1791280664 27420, 0, 89.00
1791280665 27420, 0, 88.54
1791280666 27420, 0, 88.03
1791280667 27420, 5, 87.99
1791280668 27420, 3, 88.06
1791280669 27420, 2, 88.08
1791280670 27420, 0, 88.41
1791280671 27420, 0, 88.47
1791280673 27420, 6, 88.06
1791280674 27420, 2, 87.57
1791280675 27420, 2, 87.07
1791280676 27420, 0, 88.02
1791280677 27420, 0, 88.45
1791280678 27420, 7, 87.22
1791280679 27420, 2, 87.11
1791280680 27420, 3, 87.61
1791280681 27420, 3, 87.97
1791280683 27420, 2, 88.26
1791280684 27420, 12, 89.46
1791280685 27420, 0, 87.81
1791280686 27420, 0, 87.18
1791280687 27420, 0, 86.93
1791280688 27420, 0, 87.19
1791280689 27420, 0, 87.46
1791280690 27420, 0, 87.76
1791280691 27420, 0, 87.61
1791280692 27420, 0, 87.26
1791280694 27420, 0, 86.85
1791280695 27420, 0, 86.71
