1791125910 2505, 14001, 42, 0x0000000000000000 | 5.33 4.37 4.71 | cpu  330425941 194332043 84776824 10099745084 437413 0 1922508 0 0 0
1791125911 2505, 7001, 41, 0x0000000000000000 | 5.33 4.37 4.71 | cpu  330426697 194332043 84776865 10099772816 437413 0 1922508 0 0 0
1791125912 397, 810, 41, 0x0000000000000000 | 5.33 4.37 4.71 | cpu  330426785 194332043 84776909 10099802272 437413 0 1922508 0 0 0
1791125913 345, 810, 41, 0x0000000000000000 | 5.33 4.37 4.71 | cpu  330427594 194332043 84776964 10099830159 437413 0 1922509 0 0 0
1791125914 225, 405, 40, 0x0000000000000000 | 4.98 4.31 4.69 | cpu  330427690 194332043 84777019 10099858694 437413 0 1922509 0 0 0
1791125916 225, 405, 40, 0x0000000000000000 | 4.98 4.31 4.69 | cpu  330427727 194332043 84777076 10099887439 437413 0 1922509 0 0 0
1791125917 225, 405, 40, 0x0000000000000000 | 4.98 4.31 4.69 | cpu  330427808 194332043 84777117 10099916582 437414 0 1922510 0 0 0
1791125918 2505, 13801, 41, 0x0000000000000000 | 4.98 4.31 4.69 | cpu  330427867 194332043 84777177 10099944912 437414 0 1922510 0 0 0
1791125919 2497, 13801, 41, 0x0000000000000000 | 4.98 4.31 4.69 | cpu  330428176 194332043 84777262 10099972875 437414 0 1922511 0 0 0
1791125920 2512, 13801, 43, 0x0000000000000000 | 4.66 4.26 4.67 | cpu  330428488 194332043 84777371 10100001364 437414 0 1922511 0 0 0
1791125921 2497, 13801, 41, 0x0000000000000000 | 4.66 4.26 4.67 | cpu  330428762 194332043 84777462 10100028913 437414 0 1922511 0 0 0
1791125922 2542, 13801, 41, 0x0000000000000000 | 4.66 4.26 4.67 | cpu  330428932 194332043 84777518 10100057156 437414 0 1922511 0 0 0
1791125923 2505, 13801, 41, 0x0000000000000000 | 4.66 4.26 4.67 | cpu  330429206 194332043 84777578 10100085186 437414 0 1922511 0 0 0
1791125924 2542, 13801, 42, 0x0000000000000000 | 4.37 4.20 4.65 | cpu  330429500 194332043 84777634 10100113239 437414 0 1922511 0 0 0
1791125926 2505, 13801, 41, 0x0000000000000000 | 4.37 4.20 4.65 | cpu  330429848 194332043 84777722 10100142358 437414 0 1922511 0 0 0
1791125927 2542, 13801, 41, 0x0000000000000000 | 4.37 4.20 4.65 | cpu  330430038 194332043 84777785 10100170629 437414 0 1922511 0 0 0
1791125928 2497, 13801, 41, 0x0000000000000000 | 4.37 4.20 4.65 | cpu  330430364 194332043 84777848 10100199210 437414 0 1922511 0 0 0
1791125929 2542, 13801, 41, 0x0000000000000000 | 4.37 4.20 4.65 | cpu  330430682 194332043 84777904 10100227218 437414 0 1922511 0 0 0
1791125930 2497, 13801, 41, 0x0000000000000000 | 4.10 4.15 4.63 | cpu  330431016 194332043 84777962 10100255322 437414 0 1922511 0 0 0
1791125931 2512, 13801, 41, 0x0000000000000000 | 4.10 4.15 4.63 | cpu  330431341 194332043 84778031 10100283439 437414 0 1922511 0 0 0
1791125932 2527, 13801, 42, 0x0000000000000000 | 4.10 4.15 4.63 | cpu  330431508 194332043 84778091 10100311647 437414 0 1922511 0 0 0
1791125933 2505, 13801, 42, 0x0000000000000000 | 4.10 4.15 4.63 | cpu  330431812 194332043 84778146 10100339714 437415 0 1922512 0 0 0
1791125935 2505, 13801, 43, 0x0000000000000000 | 3.85 4.10 4.61 | cpu  330432119 194332043 84778198 10100367635 437415 0 1922512 0 0 0
1791125936 2497, 13801, 42, 0x0000000000000000 | 3.85 4.10 4.61 | cpu  330432412 194332043 84778252 10100395513 437415 0 1922513 0 0 0
1791125937 2542, 13801, 42, 0x0000000000000000 | 3.85 4.10 4.61 | cpu  330432592 194332043 84778309 10100424182 437415 0 1922513 0 0 0
1791125938 2497, 13801, 42, 0x0000000000000000 | 3.85 4.10 4.61 | cpu  330432942 194332043 84778390 10100452267 437415 0 1922513 0 0 0
1791125939 2497, 13801, 42, 0x0000000000000000 | 3.85 4.10 4.61 | cpu  330432970 194332043 84778497 10100481071 437419 0 1922514 0 0 0
1791125940 2497, 13801, 42, 0x0000000000000000 | 3.62 4.04 4.59 | cpu  330432972 194332043 84778621 10100509291 437419 0 1922515 0 0 0
1791125941 2497, 13801, 42, 0x0000000000000000 | 3.62 4.04 4.59 | cpu  330432977 194332043 84778790 10100537467 437419 0 1922530 0 0 0
1791125942 2505, 13801, 41, 0x0000000000000000 | 3.62 4.04 4.59 | cpu  330432984 194332043 84778978 10100565641 437419 0 1922531 0 0 0
1791125943 2512, 13801, 41, 0x0000000000000000 | 3.62 4.04 4.59 | cpu  330433060 194332043 84779030 10100594039 437420 0 1922531 0 0 0
1791125945 2512, 13801, 41, 0x0000000000000000 | 3.41 3.99 4.57 | cpu  330433132 194332043 84779082 10100622357 437420 0 1922532 0 0 0
1791125946 2512, 13801, 41, 0x0000000000000000 | 3.41 3.99 4.57 | cpu  330433200 194332043 84779142 10100650813 437420 0 1922532 0 0 0
1791125947 2512, 13801, 41, 0x0000000000000000 | 3.41 3.99 4.57 | cpu  330433281 194332043 84779182 10100679263 437420 0 1922532 0 0 0
1791125948 2512, 13801, 41, 0x0000000000000000 | 3.41 3.99 4.57 | cpu  330433352 194332043 84779232 10100707683 437420 0 1922532 0 0 0
1791125949 2512, 13801, 41, 0x0000000000000000 | 3.41 3.99 4.57 | cpu  330433440 194332043 84779290 10100737124 437420 0 1922532 0 0 0
1791125950 2512, 13801, 41, 0x0000000000000000 | 3.22 3.94 4.55 | cpu  330433517 194332043 84779334 10100765566 437420 0 1922532 0 0 0
1791125951 2557, 13801, 41, 0x0000000000000000 | 3.22 3.94 4.55 | cpu  330433606 194332043 84779376 10100794010 437420 0 1922532 0 0 0
1791125952 2505, 13801, 41, 0x0000000000000000 | 3.22 3.94 4.55 | cpu  330433673 194332043 84779429 10100822329 437420 0 1922533 0 0 0
1791125954 2497, 13801, 40, 0x0000000000000000 | 3.22 3.94 4.55 | cpu  330433761 194332043 84779469 10100850649 437420 0 1922533 0 0 0
1791125955 2497, 13801, 40, 0x0000000000000000 | 3.12 3.91 4.54 | cpu  330433822 194332043 84779528 10100878997 437420 0 1922534 0 0 0
1791125956 2505, 13801, 40, 0x0000000000000000 | 3.12 3.91 4.54 | cpu  330433889 194332043 84779674 10100907266 437420 0 1922536 0 0 0
1791125957 2505, 13801, 40, 0x0000000000000000 | 3.12 3.91 4.54 | cpu  330433949 194332043 84779750 10100935692 437420 0 1922536 0 0 0
1791125958 2505, 13801, 40, 0x0000000000000000 | 3.12 3.91 4.54 | cpu  330433996 194332043 84779825 10100964149 437420 0 1922537 0 0 0
1791125959 2505, 13801, 40, 0x0000000000000000 | 3.12 3.91 4.54 | cpu  330434038 194332043 84779903 10100992700 437421 0 1922537 0 0 0
1791125960 2505, 13801, 40, 0x0000000000000000 | 2.95 3.86 4.52 | cpu  330434096 194332043 84779978 10101021088 437421 0 1922537 0 0 0
1791125961 2497, 13801, 40, 0x0000000000000000 | 2.95 3.86 4.52 | cpu  330434153 194332043 84780051 10101049426 437421 0 1922537 0 0 0
1791125962 2497, 13801, 40, 0x0000000000000000 | 2.95 3.86 4.52 | cpu  330434208 194332043 84780115 10101077757 437421 0 1922537 0 0 0
1791125964 2497, 13801, 40, 0x0000000000000000 | 2.95 3.86 4.52 | cpu  330434274 194332043 84780193 10101106055 437421 0 1922537 0 0 0
1791125965 2497, 13801, 40, 0x0000000000000000 | 2.79 3.81 4.50 | cpu  330434330 194332043 84780257 10101134274 437421 0 1922537 0 0 0
1791125966 2497, 13801, 40, 0x0000000000000000 | 2.79 3.81 4.50 | cpu  330434379 194332043 84780333 10101162670 437421 0 1922537 0 0 0
1791125967 2505, 13801, 40, 0x0000000000000000 | 2.79 3.81 4.50 | cpu  330434430 194332043 84780404 10101191183 437421 0 1922538 0 0 0
1791125968 2497, 13801, 39, 0x0000000000000000 | 2.79 3.81 4.50 | cpu  330434485 194332043 84780469 10101219529 437421 0 1922538 0 0 0
1791125969 2505, 13801, 39, 0x0000000000000000 | 2.79 3.81 4.50 | cpu  330434536 194332043 84780538 10101247964 437421 0 1922538 0 0 0
1791125970 2505, 13801, 39, 0x0000000000000000 | 2.65 3.77 4.48 | cpu  330434591 194332043 84780607 10101276793 437421 0 1922539 0 0 0
1791125971 2505, 13801, 39, 0x0000000000000000 | 2.65 3.77 4.48 | cpu  330434647 194332043 84780688 10101305490 437421 0 1922539 0 0 0
1791125973 2497, 13801, 39, 0x0000000000000000 | 2.65 3.77 4.48 | cpu  330434695 194332043 84780760 10101333850 437421 0 1922539 0 0 0
1791125974 2497, 13801, 39, 0x0000000000000000 | 2.65 3.77 4.48 | cpu  330434745 194332043 84780830 10101362324 437421 0 1922539 0 0 0
1791125975 2497, 13801, 39, 0x0000000000000000 | 2.52 3.72 4.46 | cpu  330434800 194332043 84780910 10101390751 437422 0 1922540 0 0 0
1791125976 2497, 13801, 39, 0x0000000000000000 | 2.52 3.72 4.46 | cpu  330434873 194332043 84781011 10101419957 437422 0 1922541 0 0 0
1791125977 2497, 13801, 39, 0x0000000000000000 | 2.52 3.72 4.46 | cpu  330435245 194332043 84781145 10101448814 437422 0 1922542 0 0 0
1791125978 2497, 13801, 39, 0x0000000000000000 | 2.52 3.72 4.46 | cpu  330436914 194332043 84781301 10101476500 437422 0 1922542 0 0 0
1791125979 2497, 13801, 39, 0x0000000000000000 | 2.52 3.72 4.46 | cpu  330437642 194332043 84781387 10101504144 437422 0 1922542 0 0 0
1791125980 2497, 13801, 39, 0x0000000000000000 | 2.64 3.73 4.46 | cpu  330439213 194332043 84781495 10101530700 437422 0 1922542 0 0 0
1791125982 2497, 13801, 39, 0x0000000000000000 | 2.64 3.73 4.46 | cpu  330440209 194332043 84781591 10101557919 437423 0 1922542 0 0 0
1791125983 2497, 13801, 39, 0x0000000000000000 | 2.64 3.73 4.46 | cpu  330441620 194332043 84781801 10101585153 437423 0 1922542 0 0 0
1791125984 2497, 13801, 39, 0x0000000000000000 | 2.64 3.73 4.46 | cpu  330442835 194332043 84781922 10101612239 437423 0 1922543 0 0 0
1791125985 2497, 13801, 39, 0x0000000000000000 | 2.83 3.75 4.46 | cpu  330443966 194332043 84782096 10101640749 437423 0 1922543 0 0 0
1791125986 2497, 13801, 39, 0x0000000000000000 | 2.83 3.75 4.46 | cpu  330444922 194332043 84782260 10101668969 437423 0 1922543 0 0 0
1791125987 2497, 13801, 38, 0x0000000000000000 | 2.83 3.75 4.46 | cpu  330446344 194332043 84782393 10101695819 437423 0 1922543 0 0 0
1791125988 2497, 13801, 39, 0x0000000000000000 | 2.83 3.75 4.46 | cpu  330447794 194332043 84782504 10101723782 437424 0 1922544 0 0 0
1791125989 2497, 13801, 38, 0x0000000000000000 | 2.92 3.75 4.46 | cpu  330449338 194332043 84782665 10101750410 437424 0 1922544 0 0 0
1791125991 2497, 13801, 38, 0x0000000000000000 | 2.92 3.75 4.46 | cpu  330450744 194332043 84782954 10101776990 437424 0 1922544 0 0 0
1791125992 2497, 13801, 38, 0x0000000000000000 | 2.92 3.75 4.46 | cpu  330452124 194332043 84783141 10101803745 437424 0 1922546 0 0 0
1791125993 2497, 13801, 38, 0x0000000000000000 | 2.92 3.75 4.46 | cpu  330453622 194332043 84783432 10101829954 437424 0 1922546 0 0 0
1791125994 2497, 13801, 38, 0x0000000000000000 | 2.92 3.75 4.46 | cpu  330454351 194332043 84784056 10101856908 437424 0 1922547 0 0 0
1791125995 2497, 13801, 38, 0x0000000000000000 | 3.01 3.76 4.46 | cpu  330455738 194332043 84784295 10101883574 437425 0 1922548 0 0 0
1791125996 2497, 13801, 38, 0x0000000000000000 | 3.01 3.76 4.46 | cpu  330456315 194332043 84784429 10101911277 437425 0 1922548 0 0 0
1791125997 2497, 13801, 38, 0x0000000000000000 | 3.01 3.76 4.46 | cpu  330458820 194332043 84784606 10101938008 437425 0 1922548 0 0 0
1791125998 2497, 13801, 38, 0x0000000000000000 | 3.01 3.76 4.46 | cpu  330459484 194332043 84784938 10101965347 437425 0 1922549 0 0 0
1791125999 2497, 13801, 38, 0x0000000000000000 | 3.01 3.74 4.45 | cpu  330460360 194332043 84785106 10101992563 437425 0 1922549 0 0 0
1791126001 2497, 13801, 38, 0x0000000000000000 | 3.01 3.74 4.45 | cpu  330461774 194332043 84785384 10102019301 437429 0 1922549 0 0 0
1791126002 2497, 13801, 38, 0x0000000000000000 | 3.01 3.74 4.45 | cpu  330462797 194332043 84786413 10102045922 437430 0 1922552 0 0 0
1791126003 2497, 13801, 38, 0x0000000000000000 | 3.01 3.74 4.45 | cpu  330463982 194332043 84786693 10102073298 437430 0 1922552 0 0 0
1791126004 2497, 13801, 38, 0x0000000000000000 | 3.01 3.74 4.45 | cpu  330464741 194332043 84786936 10102100758 437430 0 1922554 0 0 0
1791126005 2497, 13801, 38, 0x0000000000000000 | 2.93 3.71 4.44 | cpu  330465666 194332043 84787026 10102128056 437430 0 1922555 0 0 0
1791126006 2497, 13801, 38, 0x0000000000000000 | 2.93 3.71 4.44 | cpu  330467093 194332043 84787190 10102155324 437431 0 1922555 0 0 0
1791126007 2497, 13801, 38, 0x0000000000000000 | 2.93 3.71 4.44 | cpu  330468639 194332043 84787298 10102182080 437431 0 1922556 0 0 0
1791126008 2497, 13801, 38, 0x0000000000000000 | 2.93 3.71 4.44 | cpu  330469495 194332043 84787440 10102209591 437431 0 1922556 0 0 0
1791126009 2497, 13801, 38, 0x0000000000000000 | 2.93 3.70 4.43 | cpu  330470874 194332043 84787605 10102236535 437431 0 1922556 0 0 0
1791126011 2497, 13801, 38, 0x0000000000000000 | 2.93 3.70 4.43 | cpu  330472153 194332043 84787818 10102263479 437431 0 1922556 0 0 0
1791126012 2497, 13801, 38, 0x0000000000000000 | 2.93 3.70 4.43 | cpu  330473286 194332043 84787955 10102290681 437431 0 1922556 0 0 0
1791126013 2497, 13801, 38, 0x0000000000000000 | 2.93 3.70 4.43 | cpu  330473331 194332043 84788028 10102318923 437431 0 1922556 0 0 0
1791126014 2497, 13801, 37, 0x0000000000000000 | 2.93 3.70 4.43 | cpu  330473379 194332043 84788102 10102347699 437431 0 1922556 0 0 0
1791126015 2497, 13801, 37, 0x0000000000000000 | 2.78 3.66 4.41 | cpu  330473431 194332043 84788172 10102375981 437431 0 1922556 0 0 0
1791126016 2497, 13801, 37, 0x0000000000000000 | 2.78 3.66 4.41 | cpu  330473486 194332043 84788237 10102404369 437431 0 1922556 0 0 0
1791126017 2497, 13801, 37, 0x0000000000000000 | 2.78 3.66 4.41 | cpu  330473546 194332043 84788315 10102433195 437431 0 1922558 0 0 0
1791126018 2497, 13801, 37, 0x0000000000000000 | 2.78 3.66 4.41 | cpu  330473606 194332043 84788377 10102461536 437431 0 1922558 0 0 0
1791126020 2497, 13801, 37, 0x0000000000000000 | 2.71 3.63 4.40 | cpu  330473670 194332043 84788507 10102489779 437431 0 1922558 0 0 0
1791126021 2497, 13801, 37, 0x0000000000000000 | 2.71 3.63 4.40 | cpu  330473730 194332043 84788584 10102518091 437431 0 1922558 0 0 0
1791126022 2497, 13801, 37, 0x0000000000000000 | 2.71 3.63 4.40 | cpu  330473776 194332043 84788661 10102546442 437431 0 1922559 0 0 0
1791126023 2497, 13801, 37, 0x0000000000000000 | 2.71 3.63 4.40 | cpu  330473833 194332043 84788724 10102574779 437432 0 1922559 0 0 0
1791126024 2497, 13801, 37, 0x0000000000000000 | 2.71 3.63 4.40 | cpu  330473892 194332043 84788793 10102603518 437432 0 1922563 0 0 0
1791126025 2497, 13801, 37, 0x0000000000000000 | 2.58 3.59 4.38 | cpu  330473944 194332043 84788862 10102631857 437432 0 1922563 0 0 0
1791126026 2497, 13801, 37, 0x0000000000000000 | 2.58 3.59 4.38 | cpu  330473989 194332043 84788939 10102660101 437432 0 1922563 0 0 0
1791126027 2497, 13801, 37, 0x0000000000000000 | 2.58 3.59 4.38 | cpu  330474031 194332043 84789016 10102688419 437432 0 1922564 0 0 0
1791126028 2497, 13801, 37, 0x0000000000000000 | 2.58 3.59 4.38 | cpu  330474095 194332043 84789082 10102716780 437432 0 1922564 0 0 0
1791126030 2497, 13801, 37, 0x0000000000000000 | 2.45 3.54 4.36 | cpu  330474152 194332043 84789145 10102745090 437432 0 1922564 0 0 0
1791126031 2497, 13801, 37, 0x0000000000000000 | 2.45 3.54 4.36 | cpu  330474207 194332043 84789213 10102773475 437432 0 1922565 0 0 0
1791126032 2497, 13801, 37, 0x0000000000000000 | 2.45 3.54 4.36 | cpu  330474262 194332043 84789281 10102801812 437432 0 1922565 0 0 0
1791126033 2497, 13801, 37, 0x0000000000000000 | 2.45 3.54 4.36 | cpu  330474319 194332043 84789344 10102830236 437432 0 1922565 0 0 0
1791126034 2497, 13801, 37, 0x0000000000000000 | 2.45 3.54 4.36 | cpu  330474406 194332043 84789384 10102858708 437433 0 1922566 0 0 0
1791126035 2917, 13801, 45, 0x0000000000000000 | 2.33 3.50 4.34 | cpu  330474502 194332043 84789440 10102887031 437433 0 1922566 0 0 0
1791126036 2917, 13801, 41, 0x0000000000000000 | 2.33 3.50 4.34 | cpu  330474594 194332043 84789537 10102915903 437433 0 1922566 0 0 0
1791126037 2917, 13801, 42, 0x0000000000000000 | 2.33 3.50 4.34 | cpu  330474698 194332043 84789565 10102944397 437433 0 1922566 0 0 0
1791126038 2925, 13801, 42, 0x0000000000000000 | 2.33 3.50 4.34 | cpu  330474800 194332043 84789595 10102972935 437433 0 1922566 0 0 0
1791126040 2917, 13801, 47, 0x0000000000000000 | 2.31 3.47 4.33 | cpu  330474899 194332043 84789640 10103001441 437433 0 1922566 0 0 0
1791126041 2910, 13801, 46, 0x0000000000000000 | 2.31 3.47 4.33 | cpu  330474995 194332043 84789677 10103029859 437433 0 1922567 0 0 0
1791126042 2917, 13801, 48, 0x0000000000000000 | 2.31 3.47 4.33 | cpu  330475094 194332043 84789712 10103057808 437433 0 1922567 0 0 0
1791126043 2917, 13801, 46, 0x0000000000000000 | 2.31 3.47 4.33 | cpu  330475185 194332043 84789753 10103086327 437433 0 1922567 0 0 0
1791126044 2917, 13801, 48, 0x0000000000000000 | 2.31 3.47 4.33 | cpu  330475285 194332043 84789797 10103115008 437433 0 1922567 0 0 0
1791126045 2917, 13801, 49, 0x0000000000000000 | 2.20 3.43 4.31 | cpu  330475370 194332043 84789842 10103143489 437434 0 1922568 0 0 0
1791126046 2917, 13801, 45, 0x0000000000000000 | 2.20 3.43 4.31 | cpu  330475470 194332043 84789879 10103171995 437434 0 1922568 0 0 0
1791126047 2917, 13801, 48, 0x0000000000000000 | 2.20 3.43 4.31 | cpu  330475570 194332043 84789912 10103200585 437434 0 1922568 0 0 0
1791126049 2917, 13801, 50, 0x0000000000000000 | 2.20 3.43 4.31 | cpu  330475644 194332043 84789967 10103228658 437434 0 1922568 0 0 0
1791126050 2910, 13801, 49, 0x0000000000000000 | 2.11 3.39 4.29 | cpu  330475746 194332043 84790011 10103257566 437434 0 1922568 0 0 0
1791126051 2917, 13801, 50, 0x0000000000000000 | 2.11 3.39 4.29 | cpu  330475829 194332043 84790069 10103286062 437434 0 1922568 0 0 0
1791126052 2917, 13801, 50, 0x0000000000000000 | 2.11 3.39 4.29 | cpu  330475933 194332043 84790106 10103314541 437434 0 1922569 0 0 0
1791126053 2917, 13801, 50, 0x0000000000000000 | 2.11 3.39 4.29 | cpu  330476015 194332043 84790158 10103343184 437434 0 1922569 0 0 0
1791126054 2917, 13801, 50, 0x0000000000000000 | 2.11 3.39 4.29 | cpu  330476117 194332043 84790204 10103372561 437434 0 1922570 0 0 0
1791126055 2917, 13801, 48, 0x0000000000000000 | 2.02 3.35 4.27 | cpu  330476278 194332043 84790344 10103402329 437435 0 1922571 0 0 0
1791126056 2917, 13801, 46, 0x0000000000000000 | 2.02 3.35 4.27 | cpu  330476378 194332043 84790389 10103430884 437435 0 1922572 0 0 0
1791126058 2917, 13801, 48, 0x0000000000000000 | 2.02 3.35 4.27 | cpu  330476454 194332043 84790442 10103458832 437435 0 1922572 0 0 0
1791126059 2917, 13801, 50, 0x0000000000000000 | 2.02 3.35 4.27 | cpu  330476529 194332043 84790506 10103487180 437435 0 1922572 0 0 0
1791126060 2917, 13801, 50, 0x0000000000000000 | 1.93 3.31 4.26 | cpu  330476608 194332043 84790562 10103515691 437437 0 1922574 0 0 0
1791126061 2917, 13801, 51, 0x0000000000000000 | 1.93 3.31 4.26 | cpu  330476693 194332043 84790624 10103544617 437440 0 1922574 0 0 0
1791126062 2917, 13801, 52, 0x0000000000000000 | 1.93 3.31 4.26 | cpu  330476763 194332043 84790687 10103573187 437440 0 1922574 0 0 0
1791126063 2917, 13801, 51, 0x0000000000000000 | 1.93 3.31 4.26 | cpu  330476841 194332043 84790749 10103601708 437440 0 1922574 0 0 0
1791126064 2917, 13801, 52, 0x0000000000000000 | 1.93 3.31 4.26 | cpu  330476920 194332043 84790807 10103630844 437440 0 1922574 0 0 0
1791126065 2917, 13801, 48, 0x0000000000000000 | 1.86 3.27 4.24 | cpu  330477014 194332043 84790853 10103659239 437440 0 1922575 0 0 0
1791126067 2917, 13801, 52, 0x0000000000000000 | 1.86 3.27 4.24 | cpu  330477078 194332043 84790924 10103687751 437440 0 1922576 0 0 0
1791126068 2902, 13801, 51, 0x0000000000000000 | 1.86 3.27 4.24 | cpu  330477134 194332043 84790999 10103716280 437440 0 1922576 0 0 0
1791126069 2917, 13801, 53, 0x0000000000000000 | 1.86 3.27 4.24 | cpu  330477205 194332043 84791064 10103745273 437440 0 1922576 0 0 0
1791126070 2910, 13801, 54, 0x0000000000000000 | 1.79 3.24 4.22 | cpu  330477275 194332043 84791125 10103774092 437440 0 1922576 0 0 0
1791126071 2910, 13801, 52, 0x0000000000000000 | 1.79 3.24 4.22 | cpu  330477356 194332043 84791191 10103803168 437441 0 1922576 0 0 0
1791126072 2910, 13801, 54, 0x0000000000000000 | 1.79 3.24 4.22 | cpu  330477416 194332043 84791267 10103831769 437441 0 1922576 0 0 0
1791126073 2910, 13801, 54, 0x0000000000000000 | 1.79 3.24 4.22 | cpu  330477482 194332043 84791336 10103860240 437441 0 1922576 0 0 0
1791126074 2910, 13801, 55, 0x0000000000000000 | 1.97 3.25 4.22 | cpu  330477555 194332043 84791442 10103888837 437441 0 1922576 0 0 0
1791126076 2902, 13801, 53, 0x0000000000000000 | 1.97 3.25 4.22 | cpu  330477653 194332043 84791606 10103917336 437441 0 1922577 0 0 0
1791126077 2910, 13801, 54, 0x0000000000000000 | 1.97 3.25 4.22 | cpu  330477724 194332043 84791745 10103946213 437441 0 1922578 0 0 0
1791126078 2902, 13801, 54, 0x0000000000000000 | 1.97 3.25 4.22 | cpu  330477803 194332043 84791799 10103974676 437441 0 1922578 0 0 0
1791126079 2910, 13801, 55, 0x0000000000000000 | 1.97 3.25 4.22 | cpu  330477866 194332043 84791866 10104003146 437441 0 1922578 0 0 0
1791126080 2917, 13801, 53, 0x0000000000000000 | 1.89 3.21 4.20 | cpu  330477942 194332043 84791922 10104031590 437441 0 1922578 0 0 0
1791126081 2910, 13801, 54, 0x0000000000000000 | 1.89 3.21 4.20 | cpu  330478005 194332043 84792004 10104060608 437441 0 1922580 0 0 0
1791126082 2902, 13801, 55, 0x0000000000000000 | 1.89 3.21 4.20 | cpu  330478060 194332043 84792083 10104089092 437442 0 1922581 0 0 0
1791126083 2910, 13801, 54, 0x0000000000000000 | 1.89 3.21 4.20 | cpu  330478122 194332043 84792168 10104117807 437442 0 1922581 0 0 0
1791126085 2902, 13801, 55, 0x0000000000000000 | 1.82 3.17 4.18 | cpu  330478169 194332043 84792257 10104147113 437442 0 1922581 0 0 0
1791126086 2902, 13801, 55, 0x0000000000000000 | 1.82 3.17 4.18 | cpu  330478250 194332043 84792322 10104175602 437442 0 1922581 0 0 0
1791126087 2910, 13801, 54, 0x0000000000000000 | 1.82 3.17 4.18 | cpu  330478311 194332043 84792394 10104204164 437442 0 1922581 0 0 0
1791126088 2910, 13801, 55, 0x0000000000000000 | 1.82 3.17 4.18 | cpu  330478377 194332043 84792468 10104232621 437442 0 1922581 0 0 0
1791126089 2902, 13801, 54, 0x0000000000000000 | 1.82 3.17 4.18 | cpu  330478438 194332043 84792538 10104261144 437442 0 1922581 0 0 0
1791126090 2902, 13801, 54, 0x0000000000000000 | 1.75 3.14 4.17 | cpu  330478509 194332043 84792600 10104289689 437442 0 1922581 0 0 0
1791126091 2910, 13801, 56, 0x0000000000000000 | 1.75 3.14 4.17 | cpu  330478562 194332043 84792696 10104318183 437443 0 1922582 0 0 0
1791126092 2902, 13801, 55, 0x0000000000000000 | 1.75 3.14 4.17 | cpu  330478613 194332043 84792780 10104346852 437443 0 1922582 0 0 0
1791126094 2902, 13801, 56, 0x0000000000000000 | 1.75 3.14 4.17 | cpu  330478693 194332043 84792831 10104375272 437443 0 1922582 0 0 0
1791126095 2902, 13801, 56, 0x0000000000000000 | 1.69 3.10 4.15 | cpu  330478761 194332043 84792898 10104403810 437443 0 1922582 0 0 0
1791126096 2902, 13801, 54, 0x0000000000000000 | 1.69 3.10 4.15 | cpu  330478826 194332043 84792964 10104432186 437443 0 1922583 0 0 0
1791126097 2902, 13801, 57, 0x0000000000000000 | 1.69 3.10 4.15 | cpu  330478882 194332043 84793060 10104461185 437443 0 1922583 0 0 0
1791126098 2917, 13801, 56, 0x0000000000000000 | 1.69 3.10 4.15 | cpu  330478942 194332043 84793131 10104489558 437443 0 1922584 0 0 0
1791126099 2910, 13801, 56, 0x0000000000000000 | 1.69 3.10 4.15 | cpu  330478999 194332043 84793219 10104518091 437443 0 1922585 0 0 0
1791126100 2902, 13801, 55, 0x0000000000000000 | 1.64 3.07 4.13 | cpu  330479057 194332043 84793300 10104546699 437443 0 1922585 0 0 0
1791126101 2902, 13801, 57, 0x0000000000000000 | 1.64 3.07 4.13 | cpu  330479107 194332043 84793386 10104575198 437443 0 1922585 0 0 0
1791126103 2902, 13801, 57, 0x0000000000000000 | 1.64 3.07 4.13 | cpu  330479154 194332043 84793473 10104603667 437444 0 1922585 0 0 0
1791126104 2902, 13801, 54, 0x0000000000000000 | 1.64 3.07 4.13 | cpu  330479216 194332043 84793543 10104632217 437444 0 1922585 0 0 0
1791126105 2910, 13801, 57, 0x0000000000000000 | 1.67 3.05 4.12 | cpu  330479274 194332043 84793618 10104660684 437444 0 1922585 0 0 0
1791126106 2902, 13801, 57, 0x0000000000000000 | 1.67 3.05 4.12 | cpu  330479332 194332043 84793696 10104689151 437444 0 1922585 0 0 0
1791126107 2910, 13801, 57, 0x0000000000000000 | 1.67 3.05 4.12 | cpu  330479384 194332043 84793777 10104717689 437444 0 1922585 0 0 0
1791126108 2910, 13801, 58, 0x0000000000000000 | 1.67 3.05 4.12 | cpu  330479424 194332043 84793878 10104746159 437444 0 1922585 0 0 0
1791126109 2902, 13801, 57, 0x0000000000000000 | 1.67 3.05 4.12 | cpu  330479484 194332043 84793954 10104774787 437444 0 1922585 0 0 0
1791126110 2902, 13801, 57, 0x0000000000000000 | 1.69 3.03 4.11 | cpu  330479553 194332043 84794022 10104803296 437444 0 1922586 0 0 0
1791126111 2902, 13801, 58, 0x0000000000000000 | 1.69 3.03 4.11 | cpu  330479599 194332043 84794114 10104831849 437444 0 1922586 0 0 0
1791126113 2902, 13801, 58, 0x0000000000000000 | 1.69 3.03 4.11 | cpu  330479672 194332043 84794173 10104860265 437444 0 1922586 0 0 0
1791126114 2910, 13801, 57, 0x0000000000000000 | 1.69 3.03 4.11 | cpu  330479731 194332043 84794254 10104888646 437445 0 1922590 0 0 0
1791126115 2902, 13801, 58, 0x0000000000000000 | 1.64 3.00 4.09 | cpu  330479777 194332043 84794341 10104917221 437445 0 1922590 0 0 0
1791126116 2902, 13801, 57, 0x0000000000000000 | 1.64 3.00 4.09 | cpu  330479836 194332043 84794511 10104945617 437445 0 1922590 0 0 0
1791126117 2902, 13801, 57, 0x0000000000000000 | 1.64 3.00 4.09 | cpu  330479908 194332043 84794568 10104974108 437445 0 1922590 0 0 0
1791126118 2902, 13801, 58, 0x0000000000000000 | 1.64 3.00 4.09 | cpu  330479970 194332043 84794641 10105002606 437445 0 1922590 0 0 0
1791126119 2902, 13801, 58, 0x0000000000000000 | 1.64 3.00 4.09 | cpu  330480023 194332043 84794726 10105030594 437446 0 1922590 0 0 0
1791126120 2902, 13801, 58, 0x0000000000000000 | 1.67 2.98 4.08 | cpu  330480079 194332043 84794812 10105059218 437450 0 1922590 0 0 0
1791126122 2910, 13801, 58, 0x0000000000000000 | 1.67 2.98 4.08 | cpu  330480136 194332043 84794895 10105087209 437450 0 1922590 0 0 0
1791126123 2910, 13801, 58, 0x0000000000000000 | 1.67 2.98 4.08 | cpu  330480192 194332043 84794974 10105116252 437450 0 1922590 0 0 0
1791126124 2902, 13801, 58, 0x0000000000000000 | 1.67 2.98 4.08 | cpu  330480247 194332043 84795054 10105144704 437450 0 1922590 0 0 0
1791126125 2910, 13801, 59, 0x0000000000000000 | 1.69 2.96 4.07 | cpu  330480330 194332043 84795170 10105174592 437451 0 1922592 0 0 0
1791126126 2910, 13801, 59, 0x0000000000000000 | 1.69 2.96 4.07 | cpu  330480866 194332043 84795303 10105203434 437451 0 1922592 0 0 0
1791126127 2902, 13801, 59, 0x0000000000000000 | 1.69 2.96 4.07 | cpu  330481779 194332043 84795460 10105230252 437451 0 1922592 0 0 0
1791126128 2910, 13801, 58, 0x0000000000000000 | 1.69 2.96 4.07 | cpu  330482976 194332043 84795620 10105258456 437451 0 1922592 0 0 0
1791126129 2910, 13801, 59, 0x0000000000000000 | 1.69 2.96 4.07 | cpu  330484182 194332043 84795750 10105285685 437451 0 1922593 0 0 0
1791126131 2902, 13801, 59, 0x0000000000000000 | 1.88 2.98 4.07 | cpu  330485174 194332043 84795865 10105314060 437451 0 1922593 0 0 0
1791126132 2910, 13801, 59, 0x0000000000000000 | 1.88 2.98 4.07 | cpu  330486342 194332043 84795950 10105340754 437451 0 1922593 0 0 0
1791126133 2910, 13801, 58, 0x0000000000000000 | 1.88 2.98 4.07 | cpu  330487439 194332043 84796007 10105367974 437451 0 1922593 0 0 0
1791126134 2910, 13801, 58, 0x0000000000000000 | 1.88 2.98 4.07 | cpu  330488645 194332043 84796125 10105394101 437451 0 1922593 0 0 0
1791126135 2910, 13801, 59, 0x0000000000000000 | 1.97 2.98 4.06 | cpu  330489828 194332043 84796292 10105420185 437451 0 1922593 0 0 0
1791126136 2902, 13801, 60, 0x0000000000000000 | 1.97 2.98 4.06 | cpu  330491324 194332043 84796421 10105447043 437452 0 1922594 0 0 0
1791126137 2902, 13801, 58, 0x0000000000000000 | 1.97 2.98 4.06 | cpu  330492144 194332043 84796560 10105474594 437452 0 1922594 0 0 0
1791126138 2902, 13801, 59, 0x0000000000000000 | 1.97 2.98 4.06 | cpu  330494061 194332043 84796750 10105500867 437452 0 1922597 0 0 0
1791126139 2910, 13801, 60, 0x0000000000000000 | 1.97 2.98 4.06 | cpu  330494962 194332043 84797105 10105527157 437452 0 1922599 0 0 0
1791126140 2910, 13801, 58, 0x0000000000000000 | 2.05 2.98 4.06 | cpu  330495960 194332043 84797297 10105554412 437452 0 1922600 0 0 0
1791126142 2910, 13801, 59, 0x0000000000000000 | 2.05 2.98 4.06 | cpu  330496980 194332043 84797691 10105581593 437452 0 1922600 0 0 0
1791126143 2910, 13801, 60, 0x0000000000000000 | 2.05 2.98 4.06 | cpu  330498464 194332043 84798564 10105607305 437473 0 1922600 0 0 0
1791126144 2910, 13801, 60, 0x0000000000000000 | 2.05 2.98 4.06 | cpu  330499299 194332043 84798759 10105634953 437473 0 1922600 0 0 0
1791126145 2910, 13801, 59, 0x0000000000000000 | 2.21 3.00 4.06 | cpu  330500824 194332043 84798938 10105662397 437474 0 1922600 0 0 0
1791126146 2910, 13801, 59, 0x0000000000000000 | 2.21 3.00 4.06 | cpu  330501886 194332043 84799052 10105688817 437474 0 1922601 0 0 0
1791126147 2902, 13801, 60, 0x0000000000000000 | 2.21 3.00 4.06 | cpu  330503051 194332043 84799234 10105715507 437475 0 1922603 0 0 0
1791126148 2910, 13801, 59, 0x0000000000000000 | 2.21 3.00 4.06 | cpu  330503780 194332043 84799396 10105743224 437475 0 1922605 0 0 0
1791126149 2902, 13801, 58, 0x0000000000000000 | 2.21 3.00 4.06 | cpu  330505139 194332043 84799590 10105770470 437475 0 1922608 0 0 0
1791126151 2902, 13801, 58, 0x0000000000000000 | 2.51 3.05 4.07 | cpu  330506329 194332043 84799699 10105797514 437475 0 1922608 0 0 0
1791126152 2925, 13801, 50, 0x0000000000000000 | 2.51 3.05 4.07 | cpu  330507560 194332043 84799834 10105824567 437475 0 1922609 0 0 0
1791126153 2707, 13801, 49, 0x0000000000000000 | 2.51 3.05 4.07 | cpu  330508212 194332043 84799991 10105852583 437475 0 1922610 0 0 0
1791126154 2505, 13801, 48, 0x0000000000000000 | 2.51 3.05 4.07 | cpu  330510354 194332043 84800136 10105878384 437475 0 1922614 0 0 0
1791126155 2505, 13801, 48, 0x0000000000000000 | 2.55 3.05 4.06 | cpu  330511597 194332043 84800253 10105905365 437475 0 1922614 0 0 0
1791126156 2505, 13801, 48, 0x0000000000000000 | 2.55 3.05 4.06 | cpu  330512351 194332043 84800366 10105933286 437475 0 1922614 0 0 0
1791126157 2505, 13801, 47, 0x0000000000000000 | 2.55 3.05 4.06 | cpu  330513625 194332043 84800492 10105960281 437475 0 1922614 0 0 0
1791126158 2505, 13801, 47, 0x0000000000000000 | 2.55 3.05 4.06 | cpu  330514786 194332043 84800608 10105987422 437475 0 1922614 0 0 0
1791126159 2505, 13801, 47, 0x0000000000000000 | 2.55 3.05 4.06 | cpu  330516615 194332043 84800791 10106013721 437475 0 1922616 0 0 0
1791126161 2505, 13801, 47, 0x0000000000000000 | 2.59 3.05 4.06 | cpu  330517868 194332043 84800929 10106041189 437475 0 1922616 0 0 0
1791126162 2505, 13801, 46, 0x0000000000000000 | 2.59 3.05 4.06 | cpu  330519478 194332043 84801254 10106068233 437476 0 1922616 0 0 0
1791126163 2505, 13801, 46, 0x0000000000000000 | 2.59 3.05 4.06 | cpu  330520127 194332043 84801449 10106095904 437476 0 1922616 0 0 0
1791126164 2505, 13801, 46, 0x0000000000000000 | 2.59 3.05 4.06 | cpu  330521313 194332043 84801728 10106123439 437476 0 1922617 0 0 0
1791126165 2505, 13801, 46, 0x0000000000000000 | 2.62 3.05 4.05 | cpu  330522565 194332043 84802512 10106150616 437476 0 1922618 0 0 0
1791126166 2505, 13801, 45, 0x0000000000000000 | 2.62 3.05 4.05 | cpu  330523894 194332043 84802706 10106178398 437476 0 1922618 0 0 0
1791126167 2505, 13801, 45, 0x0000000000000000 | 2.62 3.05 4.05 | cpu  330524825 194332043 84802821 10106205643 437476 0 1922618 0 0 0
1791126168 2505, 13801, 45, 0x0000000000000000 | 2.62 3.05 4.05 | cpu  330525792 194332043 84802887 10106233059 437476 0 1922618 0 0 0
1791126170 2505, 13801, 45, 0x0000000000000000 | 2.57 3.03 4.04 | cpu  330526647 194332043 84802961 10106260890 437476 0 1922619 0 0 0
1791126171 2505, 13801, 45, 0x0000000000000000 | 2.57 3.03 4.04 | cpu  330526704 194332043 84803025 10106289303 437476 0 1922619 0 0 0
1791126172 2505, 13801, 45, 0x0000000000000000 | 2.57 3.03 4.04 | cpu  330526763 194332043 84803097 10106317715 437477 0 1922619 0 0 0
1791126173 2505, 13801, 44, 0x0000000000000000 | 2.57 3.03 4.04 | cpu  330526819 194332043 84803162 10106346498 437477 0 1922619 0 0 0
1791126174 2505, 13801, 44, 0x0000000000000000 | 2.57 3.03 4.04 | cpu  330526859 194332043 84803241 10106374806 437477 0 1922619 0 0 0
1791126175 2505, 13801, 44, 0x0000000000000000 | 2.44 3.00 4.02 | cpu  330526922 194332043 84803320 10106403139 437477 0 1922621 0 0 0
1791126176 2505, 13801, 44, 0x0000000000000000 | 2.44 3.00 4.02 | cpu  330526986 194332043 84803386 10106431463 437477 0 1922622 0 0 0
1791126177 2505, 13801, 44, 0x0000000000000000 | 2.44 3.00 4.02 | cpu  330527038 194332043 84803456 10106460424 437477 0 1922622 0 0 0
1791126178 2505, 13801, 44, 0x0000000000000000 | 2.44 3.00 4.02 | cpu  330527090 194332043 84803525 10106488861 437477 0 1922622 0 0 0
1791126180 2505, 13801, 43, 0x0000000000000000 | 2.33 2.96 4.00 | cpu  330527136 194332043 84803602 10106517179 437482 0 1922622 0 0 0
1791126181 2505, 13801, 43, 0x0000000000000000 | 2.33 2.96 4.00 | cpu  330527188 194332043 84803680 10106545515 437482 0 1922624 0 0 0
1791126182 2505, 13801, 43, 0x0000000000000000 | 2.33 2.96 4.00 | cpu  330527243 194332043 84803753 10106573940 437482 0 1922624 0 0 0
1791126183 2505, 13801, 43, 0x0000000000000000 | 2.33 2.96 4.00 | cpu  330527297 194332043 84803820 10106602279 437482 0 1922624 0 0 0
1791126184 2505, 13801, 43, 0x0000000000000000 | 2.33 2.96 4.00 | cpu  330527352 194332043 84803884 10106630743 437482 0 1922625 0 0 0
1791126185 2505, 13801, 43, 0x0000000000000000 | 2.22 2.93 3.99 | cpu  330527408 194332043 84803952 10106659179 437482 0 1922625 0 0 0
1791126186 2505, 13801, 43, 0x0000000000000000 | 2.22 2.93 3.99 | cpu  330527486 194332043 84804066 10106688155 437482 0 1922625 0 0 0
1791126187 2497, 13801, 42, 0x0000000000000000 | 2.22 2.93 3.99 | cpu  330527976 194332043 84804170 10106716419 437482 0 1922625 0 0 0
1791126189 2505, 13801, 42, 0x0000000000000000 | 2.22 2.93 3.99 | cpu  330529140 194332043 84804286 10106743671 437482 0 1922632 0 0 0
1791126190 2505, 13801, 42, 0x0000000000000000 | 2.28 2.93 3.98 | cpu  330530617 194332043 84804464 10106771039 437482 0 1922642 0 0 0
1791126191 2505, 13801, 42, 0x0000000000000000 | 2.28 2.93 3.98 | cpu  330531782 194332043 84804590 10106799307 437483 0 1922644 0 0 0
1791126192 2497, 13801, 42, 0x0000000000000000 | 2.28 2.93 3.98 | cpu  330533758 194332043 84804740 10106826225 437483 0 1922644 0 0 0
1791126193 2505, 13801, 42, 0x0000000000000000 | 2.28 2.93 3.98 | cpu  330535049 194332043 84804932 10106853204 437483 0 1922644 0 0 0
