1791126464 2505, 14001, 42, 0x0000000000000000 | 2.59 2.96 3.72 | cpu  330614563 194332043 84826536 10113673042 437529 0 1922780 0 0 0
1791126465 952, 7001, 41, 0x0000000000000000 | 2.59 2.96 3.72 | cpu  330616680 194332043 84826685 10113699310 437529 0 1922780 0 0 0
1791126466 375, 810, 41, 0x0000000000000000 | 2.63 2.96 3.72 | cpu  330617936 194332043 84826791 10113726570 437529 0 1922780 0 0 0
1791126467 292, 810, 41, 0x0000000000000000 | 2.63 2.96 3.72 | cpu  330619816 194332043 84826920 10113754863 437529 0 1922780 0 0 0
1791126468 217, 405, 40, 0x0000000000000000 | 2.63 2.96 3.72 | cpu  330620928 194332043 84827200 10113781182 437530 0 1922782 0 0 0
1791126469 225, 405, 40, 0x0000000000000000 | 2.63 2.96 3.72 | cpu  330622042 194332043 84827555 10113807799 437530 0 1922782 0 0 0
1791126470 225, 405, 40, 0x0000000000000000 | 2.66 2.96 3.71 | cpu  330623164 194332043 84827762 10113835200 437530 0 1922783 0 0 0
1791126471 2527, 13801, 41, 0x0000000000000000 | 2.66 2.96 3.71 | cpu  330624102 194332043 84827907 10113862356 437531 0 1922784 0 0 0
1791126472 2542, 13801, 42, 0x0000000000000000 | 2.66 2.96 3.71 | cpu  330625268 194332043 84828674 10113888662 437531 0 1922784 0 0 0
1791126474 2505, 13801, 41, 0x0000000000000000 | 2.66 2.96 3.71 | cpu  330626496 194332043 84828832 10113916682 437532 0 1922785 0 0 0
1791126475 2505, 13801, 41, 0x0000000000000000 | 2.68 2.96 3.71 | cpu  330628062 194332043 84828972 10113943404 437532 0 1922785 0 0 0
1791126476 2505, 13801, 41, 0x0000000000000000 | 2.68 2.96 3.71 | cpu  330628242 194332043 84829025 10113972012 437532 0 1922785 0 0 0
1791126477 2542, 13801, 41, 0x0000000000000000 | 2.68 2.96 3.71 | cpu  330628517 194332043 84829079 10114000036 437532 0 1922786 0 0 0
1791126478 2505, 13801, 41, 0x0000000000000000 | 2.68 2.96 3.71 | cpu  330628682 194332043 84829135 10114028207 437532 0 1922786 0 0 0
1791126479 2542, 13801, 42, 0x0000000000000000 | 2.68 2.96 3.71 | cpu  330628974 194332043 84829206 10114056240 437532 0 1922786 0 0 0
1791126480 2505, 13801, 41, 0x0000000000000000 | 2.55 2.93 3.69 | cpu  330629263 194332043 84829269 10114084216 437537 0 1922787 0 0 0
1791126481 2505, 13801, 41, 0x0000000000000000 | 2.55 2.93 3.69 | cpu  330629577 194332043 84829341 10114112720 437537 0 1922788 0 0 0
1791126483 2505, 13801, 41, 0x0000000000000000 | 2.55 2.93 3.69 | cpu  330629860 194332043 84829407 10114140854 437537 0 1922788 0 0 0
1791126484 2542, 13801, 42, 0x0000000000000000 | 2.55 2.93 3.69 | cpu  330630088 194332043 84829619 10114168697 437537 0 1922788 0 0 0
1791126485 2505, 13801, 41, 0x0000000000000000 | 2.50 2.92 3.68 | cpu  330630408 194332043 84829762 10114196563 437537 0 1922788 0 0 0
1791126486 2505, 13801, 41, 0x0000000000000000 | 2.50 2.92 3.68 | cpu  330630736 194332043 84829828 10114224568 437537 0 1922789 0 0 0
1791126487 2505, 13801, 42, 0x0000000000000000 | 2.50 2.92 3.68 | cpu  330631058 194332043 84830442 10114252103 437537 0 1922790 0 0 0
1791126488 2505, 13801, 42, 0x0000000000000000 | 2.50 2.92 3.68 | cpu  330631231 194332043 84830504 10114280312 437537 0 1922790 0 0 0
1791126489 2542, 13801, 43, 0x0000000000000000 | 2.50 2.92 3.68 | cpu  330631508 194332043 84830589 10114309278 437537 0 1922790 0 0 0
1791126490 2505, 13801, 42, 0x0000000000000000 | 2.38 2.88 3.67 | cpu  330631776 194332043 84830655 10114337233 437537 0 1922790 0 0 0
1791126491 2542, 13801, 42, 0x0000000000000000 | 2.38 2.88 3.67 | cpu  330632053 194332043 84830745 10114365462 437537 0 1922790 0 0 0
1791126493 2520, 13801, 42, 0x0000000000000000 | 2.38 2.88 3.67 | cpu  330632091 194332043 84830825 10114393636 437537 0 1922790 0 0 0
1791126494 2505, 13801, 41, 0x0000000000000000 | 2.38 2.88 3.67 | cpu  330632095 194332043 84830956 10114422321 437537 0 1922790 0 0 0
1791126495 2505, 13801, 41, 0x0000000000000000 | 2.35 2.87 3.66 | cpu  330632096 194332043 84831074 10114450633 437537 0 1922790 0 0 0
1791126496 2505, 13801, 41, 0x0000000000000000 | 2.35 2.87 3.66 | cpu  330632100 194332043 84831199 10114479365 437538 0 1922791 0 0 0
1791126497 2512, 13801, 41, 0x0000000000000000 | 2.35 2.87 3.66 | cpu  330632170 194332043 84831248 10114507684 437538 0 1922791 0 0 0
1791126498 2512, 13801, 41, 0x0000000000000000 | 2.35 2.87 3.66 | cpu  330632242 194332043 84831296 10114536130 437538 0 1922791 0 0 0
1791126499 2512, 13801, 41, 0x0000000000000000 | 2.35 2.87 3.66 | cpu  330632325 194332043 84831362 10114564567 437538 0 1922792 0 0 0
1791126500 2512, 13801, 41, 0x0000000000000000 | 2.24 2.84 3.65 | cpu  330632409 194332043 84831463 10114592842 437538 0 1922792 0 0 0
1791126502 2512, 13801, 41, 0x0000000000000000 | 2.24 2.84 3.65 | cpu  330632487 194332043 84831538 10114621521 437538 0 1922792 0 0 0
1791126503 2512, 13801, 41, 0x0000000000000000 | 2.24 2.84 3.65 | cpu  330632558 194332043 84831587 10114650303 437538 0 1922792 0 0 0
1791126504 2505, 13801, 41, 0x0000000000000000 | 2.24 2.84 3.65 | cpu  330632628 194332043 84831644 10114678924 437538 0 1922792 0 0 0
1791126505 2512, 13801, 41, 0x0000000000000000 | 2.14 2.81 3.63 | cpu  330632700 194332043 84831692 10114707458 437538 0 1922793 0 0 0
1791126506 2550, 13801, 41, 0x0000000000000000 | 2.14 2.81 3.63 | cpu  330632786 194332043 84831727 10114735880 437538 0 1922794 0 0 0
1791126507 2520, 13801, 41, 0x0000000000000000 | 2.14 2.81 3.63 | cpu  330632929 194332043 84831860 10114764404 437539 0 1922794 0 0 0
1791126508 2505, 13801, 40, 0x0000000000000000 | 2.14 2.81 3.63 | cpu  330633383 194332043 84832006 10114793216 437539 0 1922794 0 0 0
1791126509 2497, 13801, 40, 0x0000000000000000 | 2.14 2.81 3.63 | cpu  330634929 194332043 84832100 10114820445 437539 0 1922794 0 0 0
1791126511 2505, 13801, 40, 0x0000000000000000 | 2.21 2.81 3.63 | cpu  330635688 194332043 84832206 10114848321 437539 0 1922794 0 0 0
1791126512 2505, 13801, 40, 0x0000000000000000 | 2.21 2.81 3.63 | cpu  330636588 194332043 84832322 10114875992 437539 0 1922795 0 0 0
1791126513 2505, 13801, 40, 0x0000000000000000 | 2.21 2.81 3.63 | cpu  330637461 194332043 84832412 10114904095 437539 0 1922795 0 0 0
1791126514 2932, 13801, 41, 0x0000000000000000 | 2.21 2.81 3.63 | cpu  330638513 194332043 84832542 10114931448 437539 0 1922798 0 0 0
1791126515 2880, 13801, 40, 0x0000000000000000 | 2.28 2.81 3.62 | cpu  330640836 194332043 84832677 10114958775 437539 0 1922800 0 0 0
1791126516 2932, 13801, 41, 0x0000000000000000 | 2.28 2.81 3.62 | cpu  330641591 194332043 84832787 10114986386 437539 0 1922801 0 0 0
1791126517 2932, 13801, 41, 0x0000000000000000 | 2.28 2.81 3.62 | cpu  330642312 194332043 84832928 10115014020 437539 0 1922801 0 0 0
1791126518 2707, 13801, 40, 0x0000000000000000 | 2.28 2.81 3.62 | cpu  330643956 194332043 84833072 10115040721 437539 0 1922801 0 0 0
1791126520 2505, 13801, 40, 0x0000000000000000 | 2.28 2.81 3.62 | cpu  330645238 194332043 84833237 10115067672 437540 0 1922802 0 0 0
1791126521 2505, 13801, 40, 0x0000000000000000 | 2.41 2.83 3.63 | cpu  330646598 194332043 84833401 10115095237 437540 0 1922802 0 0 0
1791126522 2505, 13801, 40, 0x0000000000000000 | 2.41 2.83 3.63 | cpu  330647827 194332043 84833713 10115124873 437540 0 1922809 0 0 0
1791126523 2497, 13801, 40, 0x0000000000000000 | 2.41 2.83 3.63 | cpu  330648530 194332043 84833913 10115153047 437540 0 1922809 0 0 0
1791126524 2505, 13801, 39, 0x0000000000000000 | 2.41 2.83 3.63 | cpu  330649693 194332043 84834143 10115180619 437540 0 1922813 0 0 0
1791126525 2505, 13801, 39, 0x0000000000000000 | 2.54 2.85 3.63 | cpu  330651127 194332043 84834350 10115207788 437541 0 1922817 0 0 0
1791126526 2505, 13801, 39, 0x0000000000000000 | 2.54 2.85 3.63 | cpu  330652275 194332043 84834885 10115234582 437541 0 1922818 0 0 0
1791126528 2505, 13801, 39, 0x0000000000000000 | 2.54 2.85 3.63 | cpu  330654210 194332043 84835077 10115261314 437541 0 1922819 0 0 0
1791126529 2505, 13801, 39, 0x0000000000000000 | 2.54 2.85 3.63 | cpu  330655105 194332043 84835160 10115288757 437541 0 1922820 0 0 0
1791126530 2505, 13801, 39, 0x0000000000000000 | 2.54 2.85 3.63 | cpu  330656209 194332043 84835291 10115316013 437541 0 1922821 0 0 0
1791126531 2505, 13801, 39, 0x0000000000000000 | 2.90 2.92 3.65 | cpu  330657290 194332043 84835442 10115343327 437541 0 1922821 0 0 0
1791126532 2857, 13801, 40, 0x0000000000000000 | 2.90 2.92 3.65 | cpu  330659029 194332043 84835673 10115369730 437541 0 1922822 0 0 0
1791126533 2812, 13801, 39, 0x0000000000000000 | 2.90 2.92 3.65 | cpu  330659731 194332043 84835807 10115397183 437541 0 1922822 0 0 0
1791126534 2497, 13801, 39, 0x0000000000000000 | 2.90 2.92 3.65 | cpu  330661748 194332043 84835916 10115423460 437541 0 1922822 0 0 0
1791126535 2505, 13801, 39, 0x0000000000000000 | 2.99 2.94 3.65 | cpu  330662576 194332043 84836268 10115450827 437542 0 1922822 0 0 0
1791126536 2505, 13801, 39, 0x0000000000000000 | 2.99 2.94 3.65 | cpu  330664041 194332043 84836542 10115478369 437542 0 1922823 0 0 0
1791126538 2505, 13801, 39, 0x0000000000000000 | 2.99 2.94 3.65 | cpu  330665016 194332043 84836799 10115506499 437542 0 1922823 0 0 0
1791126539 2745, 13801, 39, 0x0000000000000000 | 2.99 2.94 3.65 | cpu  330666050 194332043 84837728 10115533875 437542 0 1922827 0 0 0
1791126540 2745, 13801, 39, 0x0000000000000000 | 3.15 2.97 3.66 | cpu  330667525 194332043 84838027 10115561283 437542 0 1922831 0 0 0
1791126541 2497, 13801, 39, 0x0000000000000000 | 3.15 2.97 3.66 | cpu  330668074 194332043 84838176 10115589937 437547 0 1922832 0 0 0
1791126542 2902, 13801, 39, 0x0000000000000000 | 3.15 2.97 3.66 | cpu  330670036 194332043 84838314 10115616558 437547 0 1922832 0 0 0
1791126543 2932, 13801, 39, 0x0000000000000000 | 3.15 2.97 3.66 | cpu  330670756 194332043 84838388 10115644077 437547 0 1922832 0 0 0
1791126544 2932, 13801, 39, 0x0000000000000000 | 3.15 2.97 3.66 | cpu  330670846 194332043 84838453 10115672480 437547 0 1922832 0 0 0
1791126545 2932, 13801, 39, 0x0000000000000000 | 2.98 2.94 3.64 | cpu  330670909 194332043 84838516 10115700872 437547 0 1922832 0 0 0
1791126547 2932, 13801, 39, 0x0000000000000000 | 2.98 2.94 3.64 | cpu  330670963 194332043 84838583 10115729224 437548 0 1922832 0 0 0
1791126548 2932, 13801, 39, 0x0000000000000000 | 2.98 2.94 3.64 | cpu  330671014 194332043 84838652 10115757560 437548 0 1922832 0 0 0
1791126549 2932, 13801, 39, 0x0000000000000000 | 2.98 2.94 3.64 | cpu  330671061 194332043 84838724 10115785747 437548 0 1922832 0 0 0
1791126550 2932, 13801, 39, 0x0000000000000000 | 2.82 2.91 3.63 | cpu  330671123 194332043 84838799 10115814145 437548 0 1922832 0 0 0
1791126551 2932, 13801, 39, 0x0000000000000000 | 2.82 2.91 3.63 | cpu  330671169 194332043 84838878 10115842547 437548 0 1922832 0 0 0
1791126552 2932, 13801, 39, 0x0000000000000000 | 2.82 2.91 3.63 | cpu  330671230 194332043 84838944 10115871008 437548 0 1922832 0 0 0
1791126553 2932, 13801, 39, 0x0000000000000000 | 2.82 2.91 3.63 | cpu  330671310 194332043 84838994 10115899542 437548 0 1922832 0 0 0
1791126554 2910, 13801, 39, 0x0000000000000000 | 2.82 2.91 3.63 | cpu  330671358 194332043 84839064 10115927815 437548 0 1922832 0 0 0
1791126556 2932, 13801, 39, 0x0000000000000000 | 2.67 2.88 3.61 | cpu  330671416 194332043 84839128 10115956090 437548 0 1922832 0 0 0
1791126557 2932, 13801, 39, 0x0000000000000000 | 2.67 2.88 3.61 | cpu  330671455 194332043 84839210 10115984531 437548 0 1922832 0 0 0
1791126558 2932, 13801, 39, 0x0000000000000000 | 2.67 2.88 3.61 | cpu  330671516 194332043 84839268 10116012960 437548 0 1922832 0 0 0
1791126559 2932, 13801, 39, 0x0000000000000000 | 2.67 2.88 3.61 | cpu  330671573 194332043 84839332 10116041329 437548 0 1922832 0 0 0
1791126560 2932, 13801, 39, 0x0000000000000000 | 2.54 2.85 3.60 | cpu  330671626 194332043 84839402 10116069576 437548 0 1922832 0 0 0
1791126561 2932, 13801, 39, 0x0000000000000000 | 2.54 2.85 3.60 | cpu  330671681 194332043 84839471 10116097879 437548 0 1922832 0 0 0
1791126562 2932, 13801, 39, 0x0000000000000000 | 2.54 2.85 3.60 | cpu  330671723 194332043 84839549 10116126018 437549 0 1922832 0 0 0
1791126563 2932, 13801, 39, 0x0000000000000000 | 2.54 2.85 3.60 | cpu  330671785 194332043 84839608 10116154456 437549 0 1922832 0 0 0
1791126564 2932, 13801, 39, 0x0000000000000000 | 2.54 2.85 3.60 | cpu  330671846 194332043 84839675 10116182811 437549 0 1922833 0 0 0
1791126566 2932, 13801, 39, 0x0000000000000000 | 2.41 2.81 3.58 | cpu  330671897 194332043 84839748 10116211177 437549 0 1922833 0 0 0
1791126567 2932, 13801, 39, 0x0000000000000000 | 2.41 2.81 3.58 | cpu  330671942 194332043 84839821 10116239395 437549 0 1922833 0 0 0
1791126568 2932, 13801, 39, 0x0000000000000000 | 2.41 2.81 3.58 | cpu  330671984 194332043 84839896 10116267601 437549 0 1922833 0 0 0
1791126569 2932, 13801, 39, 0x0000000000000000 | 2.41 2.81 3.58 | cpu  330672042 194332043 84839959 10116296097 437549 0 1922833 0 0 0
1791126570 2932, 13801, 39, 0x0000000000000000 | 2.30 2.78 3.57 | cpu  330672096 194332043 84840036 10116324503 437549 0 1922833 0 0 0
1791126571 2932, 13801, 39, 0x0000000000000000 | 2.30 2.78 3.57 | cpu  330672154 194332043 84840106 10116352906 437549 0 1922833 0 0 0
1791126572 2932, 13801, 39, 0x0000000000000000 | 2.30 2.78 3.57 | cpu  330672198 194332043 84840182 10116381160 437549 0 1922833 0 0 0
1791126573 2932, 13801, 39, 0x0000000000000000 | 2.30 2.78 3.57 | cpu  330672255 194332043 84840243 10116409514 437550 0 1922833 0 0 0
1791126574 2932, 13801, 39, 0x0000000000000000 | 2.30 2.78 3.57 | cpu  330672329 194332043 84840320 10116438287 437550 0 1922833 0 0 0
1791126576 2505, 13801, 38, 0x0000000000000000 | 2.28 2.77 3.56 | cpu  330672724 194332043 84840498 10116467903 437550 0 1922834 0 0 0
1791126577 2932, 13801, 39, 0x0000000000000000 | 2.28 2.77 3.56 | cpu  330672786 194332043 84840575 10116496270 437550 0 1922834 0 0 0
1791126578 2932, 13801, 39, 0x0000000000000000 | 2.28 2.77 3.56 | cpu  330672832 194332043 84840651 10116524709 437550 0 1922834 0 0 0
1791126579 2932, 13801, 39, 0x0000000000000000 | 2.28 2.77 3.56 | cpu  330672880 194332043 84840722 10116553076 437550 0 1922834 0 0 0
1791126580 2932, 13801, 39, 0x0000000000000000 | 2.17 2.74 3.55 | cpu  330672943 194332043 84840780 10116581485 437550 0 1922834 0 0 0
1791126581 2932, 13801, 39, 0x0000000000000000 | 2.17 2.74 3.55 | cpu  330672994 194332043 84840860 10116609971 437550 0 1922834 0 0 0
1791126582 2932, 13801, 39, 0x0000000000000000 | 2.17 2.74 3.55 | cpu  330673053 194332043 84840921 10116638383 437550 0 1922835 0 0 0
1791126583 2932, 13801, 39, 0x0000000000000000 | 2.17 2.74 3.55 | cpu  330673098 194332043 84840997 10116666771 437550 0 1922835 0 0 0
1791126585 2932, 13801, 39, 0x0000000000000000 | 2.17 2.74 3.55 | cpu  330673151 194332043 84841062 10116694917 437551 0 1922835 0 0 0
1791126586 2932, 13801, 39, 0x0000000000000000 | 2.08 2.71 3.53 | cpu  330673206 194332043 84841131 10116723218 437551 0 1922835 0 0 0
1791126587 2932, 13801, 39, 0x0000000000000000 | 2.08 2.71 3.53 | cpu  330673256 194332043 84841200 10116751502 437551 0 1922835 0 0 0
1791126588 2932, 13801, 39, 0x0000000000000000 | 2.08 2.71 3.53 | cpu  330673325 194332043 84841265 10116780013 437551 0 1922835 0 0 0
1791126589 2932, 13801, 39, 0x0000000000000000 | 2.08 2.71 3.53 | cpu  330673364 194332043 84841345 10116808308 437551 0 1922836 0 0 0
1791126590 2932, 13801, 39, 0x0000000000000000 | 1.99 2.68 3.52 | cpu  330673424 194332043 84841406 10116836662 437551 0 1922836 0 0 0
1791126591 2932, 13801, 39, 0x0000000000000000 | 1.99 2.68 3.52 | cpu  330673484 194332043 84841476 10116865061 437551 0 1922836 0 0 0
1791126592 2932, 13801, 39, 0x0000000000000000 | 1.99 2.68 3.52 | cpu  330673534 194332043 84841546 10116893281 437551 0 1922836 0 0 0
1791126593 2932, 13801, 39, 0x0000000000000000 | 1.99 2.68 3.52 | cpu  330673588 194332043 84841610 10116921559 437551 0 1922836 0 0 0
1791126595 2932, 13801, 39, 0x0000000000000000 | 1.99 2.68 3.52 | cpu  330673636 194332043 84841699 10116949780 437551 0 1922837 0 0 0
1791126596 2932, 13801, 39, 0x0000000000000000 | 1.91 2.66 3.51 | cpu  330673692 194332043 84841763 10116978149 437552 0 1922837 0 0 0
1791126597 2932, 13801, 38, 0x0000000000000000 | 1.91 2.66 3.51 | cpu  330673758 194332043 84841916 10117006899 437552 0 1922838 0 0 0
1791126598 2932, 13801, 38, 0x0000000000000000 | 1.91 2.66 3.51 | cpu  330673822 194332043 84841982 10117035818 437552 0 1922838 0 0 0
1791126599 2932, 13801, 39, 0x0000000000000000 | 1.91 2.66 3.51 | cpu  330673917 194332043 84842032 10117064069 437552 0 1922838 0 0 0
1791126600 2910, 13801, 43, 0x0000000000000000 | 1.92 2.64 3.50 | cpu  330673995 194332043 84842132 10117092486 437552 0 1922838 0 0 0
1791126601 2895, 13801, 45, 0x0000000000000000 | 1.92 2.64 3.50 | cpu  330674110 194332043 84842266 10117121248 437557 0 1922839 0 0 0
1791126602 2895, 13801, 44, 0x0000000000000000 | 1.92 2.64 3.50 | cpu  330674213 194332043 84842330 10117150155 437557 0 1922839 0 0 0
1791126604 2925, 13801, 43, 0x0000000000000000 | 1.92 2.64 3.50 | cpu  330674291 194332043 84842384 10117178537 437557 0 1922839 0 0 0
1791126605 2917, 13801, 43, 0x0000000000000000 | 1.92 2.64 3.50 | cpu  330674386 194332043 84842419 10117206876 437558 0 1922839 0 0 0
1791126606 2895, 13801, 44, 0x0000000000000000 | 1.85 2.62 3.48 | cpu  330674485 194332043 84842465 10117235574 437558 0 1922839 0 0 0
1791126607 2895, 13801, 44, 0x0000000000000000 | 1.85 2.62 3.48 | cpu  330674585 194332043 84842498 10117263915 437559 0 1922839 0 0 0
1791126608 2895, 13801, 46, 0x0000000000000000 | 1.85 2.62 3.48 | cpu  330674682 194332043 84842548 10117292323 437559 0 1922839 0 0 0
1791126609 2902, 13801, 45, 0x0000000000000000 | 1.85 2.62 3.48 | cpu  330674817 194332043 84842602 10117320584 437560 0 1922840 0 0 0
1791126610 2902, 13801, 45, 0x0000000000000000 | 1.78 2.59 3.47 | cpu  330674922 194332043 84842638 10117348341 437560 0 1922840 0 0 0
1791126611 2902, 13801, 45, 0x0000000000000000 | 1.78 2.59 3.47 | cpu  330675018 194332043 84842694 10117377221 437560 0 1922840 0 0 0
1791126612 2895, 13801, 47, 0x0000000000000000 | 1.78 2.59 3.47 | cpu  330675115 194332043 84842730 10117405656 437560 0 1922840 0 0 0
1791126614 2895, 13801, 47, 0x0000000000000000 | 1.78 2.59 3.47 | cpu  330675212 194332043 84842776 10117434587 437560 0 1922840 0 0 0
1791126615 2895, 13801, 46, 0x0000000000000000 | 1.78 2.59 3.47 | cpu  330675304 194332043 84842815 10117462961 437561 0 1922841 0 0 0
1791126616 2902, 13801, 46, 0x0000000000000000 | 1.72 2.56 3.46 | cpu  330675400 194332043 84842855 10117491354 437561 0 1922841 0 0 0
1791126617 2902, 13801, 45, 0x0000000000000000 | 1.72 2.56 3.46 | cpu  330675501 194332043 84842947 10117519888 437561 0 1922842 0 0 0
1791126618 2895, 13801, 44, 0x0000000000000000 | 1.72 2.56 3.46 | cpu  330675600 194332043 84842999 10117547848 437561 0 1922842 0 0 0
1791126619 2895, 13801, 47, 0x0000000000000000 | 1.72 2.56 3.46 | cpu  330675700 194332043 84843030 10117576281 437561 0 1922843 0 0 0
1791126620 2902, 13801, 46, 0x0000000000000000 | 1.66 2.54 3.44 | cpu  330675797 194332043 84843066 10117604770 437561 0 1922843 0 0 0
1791126621 2902, 13801, 46, 0x0000000000000000 | 1.66 2.54 3.44 | cpu  330675894 194332043 84843130 10117633677 437561 0 1922843 0 0 0
1791126623 2895, 13801, 48, 0x0000000000000000 | 1.66 2.54 3.44 | cpu  330675994 194332043 84843169 10117662560 437561 0 1922843 0 0 0
1791126624 2902, 13801, 46, 0x0000000000000000 | 1.66 2.54 3.44 | cpu  330676085 194332043 84843206 10117690922 437561 0 1922843 0 0 0
1791126625 2902, 13801, 47, 0x0000000000000000 | 1.66 2.54 3.44 | cpu  330676186 194332043 84843250 10117719244 437561 0 1922843 0 0 0
1791126626 2895, 13801, 49, 0x0000000000000000 | 1.61 2.51 3.43 | cpu  330676282 194332043 84843291 10117747649 437561 0 1922843 0 0 0
1791126627 2902, 13801, 47, 0x0000000000000000 | 1.61 2.51 3.43 | cpu  330676376 194332043 84843329 10117776098 437562 0 1922844 0 0 0
1791126628 2902, 13801, 47, 0x0000000000000000 | 1.61 2.51 3.43 | cpu  330676474 194332043 84843362 10117804509 437562 0 1922844 0 0 0
1791126629 2902, 13801, 47, 0x0000000000000000 | 1.61 2.51 3.43 | cpu  330676569 194332043 84843399 10117832972 437562 0 1922844 0 0 0
1791126630 2895, 13801, 47, 0x0000000000000000 | 1.56 2.49 3.42 | cpu  330676658 194332043 84843441 10117861432 437562 0 1922844 0 0 0
1791126631 2895, 13801, 48, 0x0000000000000000 | 1.56 2.49 3.42 | cpu  330676755 194332043 84843484 10117889896 437562 0 1922844 0 0 0
1791126633 2895, 13801, 49, 0x0000000000000000 | 1.56 2.49 3.42 | cpu  330676858 194332043 84843526 10117918757 437562 0 1922844 0 0 0
1791126634 2895, 13801, 48, 0x0000000000000000 | 1.56 2.49 3.42 | cpu  330676954 194332043 84843562 10117947657 437562 0 1922844 0 0 0
1791126635 2910, 13801, 44, 0x0000000000000000 | 1.56 2.49 3.42 | cpu  330677057 194332043 84843588 10117976193 437562 0 1922844 0 0 0
1791126636 2895, 13801, 50, 0x0000000000000000 | 1.59 2.48 3.41 | cpu  330677150 194332043 84843633 10118004592 437562 0 1922844 0 0 0
1791126637 2902, 13801, 49, 0x0000000000000000 | 1.59 2.48 3.41 | cpu  330677239 194332043 84843677 10118033044 437562 0 1922844 0 0 0
1791126638 2895, 13801, 49, 0x0000000000000000 | 1.59 2.48 3.41 | cpu  330677335 194332043 84843712 10118061601 437562 0 1922844 0 0 0
1791126639 2902, 13801, 47, 0x0000000000000000 | 1.59 2.48 3.41 | cpu  330677427 194332043 84843753 10118090151 437562 0 1922844 0 0 0
1791126640 2895, 13801, 48, 0x0000000000000000 | 1.54 2.45 3.40 | cpu  330677526 194332043 84843785 10118118531 437562 0 1922844 0 0 0
1791126642 2902, 13801, 48, 0x0000000000000000 | 1.54 2.45 3.40 | cpu  330677626 194332043 84843827 10118146965 437562 0 1922844 0 0 0
1791126643 2917, 13801, 48, 0x0000000000000000 | 1.54 2.45 3.40 | cpu  330677742 194332043 84843912 10118175102 437563 0 1922844 0 0 0
1791126644 2895, 13801, 51, 0x0000000000000000 | 1.54 2.45 3.40 | cpu  330678182 194332043 84843994 10118203623 437563 0 1922844 0 0 0
1791126645 2895, 13801, 51, 0x0000000000000000 | 1.82 2.49 3.40 | cpu  330679717 194332043 84844110 10118231149 437563 0 1922845 0 0 0
1791126646 2902, 13801, 48, 0x0000000000000000 | 1.82 2.49 3.40 | cpu  330681094 194332043 84844224 10118257236 437563 0 1922845 0 0 0
1791126647 2902, 13801, 49, 0x0000000000000000 | 1.82 2.49 3.40 | cpu  330682156 194332043 84844317 10118284476 437564 0 1922845 0 0 0
1791126648 2895, 13801, 51, 0x0000000000000000 | 1.82 2.49 3.40 | cpu  330684214 194332043 84844396 10118309914 437564 0 1922846 0 0 0
1791126649 2895, 13801, 51, 0x0000000000000000 | 1.82 2.49 3.40 | cpu  330685309 194332043 84844475 10118337143 437564 0 1922846 0 0 0
1791126650 2895, 13801, 50, 0x0000000000000000 | 1.92 2.50 3.40 | cpu  330686136 194332043 84844533 10118364173 437564 0 1922847 0 0 0
1791126651 2902, 13801, 48, 0x0000000000000000 | 1.92 2.50 3.40 | cpu  330687600 194332043 84844626 10118390076 437564 0 1922847 0 0 0
1791126653 2902, 13801, 49, 0x0000000000000000 | 1.92 2.50 3.40 | cpu  330688474 194332043 84844679 10118417632 437564 0 1922847 0 0 0
1791126654 2902, 13801, 49, 0x0000000000000000 | 1.92 2.50 3.40 | cpu  330690129 194332043 84844784 10118444475 437564 0 1922847 0 0 0
1791126655 2902, 13801, 49, 0x0000000000000000 | 1.92 2.50 3.40 | cpu  330691020 194332043 84844847 10118471426 437564 0 1922847 0 0 0
1791126656 2902, 13801, 49, 0x0000000000000000 | 9.21 4.01 3.88 | cpu  330692912 194332043 84844949 10118497282 437565 0 1922848 0 0 0
1791126657 2902, 13801, 51, 0x0000000000000000 | 9.21 4.01 3.88 | cpu  330694081 194332043 84845248 10118523922 437565 0 1922848 0 0 0
1791126658 2917, 13801, 47, 0x0000000000000000 | 9.21 4.01 3.88 | cpu  330695124 194332043 84845389 10118550352 437565 0 1922848 0 0 0
1791126659 2902, 13801, 50, 0x0000000000000000 | 9.21 4.01 3.88 | cpu  330696440 194332043 84845564 10118578004 437565 0 1922848 0 0 0
1791126660 2895, 13801, 50, 0x0000000000000000 | 8.79 4.01 3.88 | cpu  330697213 194332043 84845791 10118605447 437565 0 1922848 0 0 0
1791126661 2902, 13801, 50, 0x0000000000000000 | 8.79 4.01 3.88 | cpu  330699020 194332043 84846457 10118630927 437567 0 1922852 0 0 0
1791126663 2902, 13801, 50, 0x0000000000000000 | 8.79 4.01 3.88 | cpu  330699786 194332043 84846586 10118659076 437567 0 1922852 0 0 0
1791126664 2895, 13801, 51, 0x0000000000000000 | 8.79 4.01 3.88 | cpu  330700774 194332043 84846691 10118686424 437567 0 1922853 0 0 0
1791126665 2902, 13801, 50, 0x0000000000000000 | 8.79 4.01 3.88 | cpu  330701580 194332043 84846907 10118714971 437567 0 1922853 0 0 0
1791126666 2902, 13801, 50, 0x0000000000000000 | 8.33 3.99 3.88 | cpu  330701721 194332043 84847052 10118743536 437568 0 1922854 0 0 0
1791126667 2902, 13801, 49, 0x0000000000000000 | 8.33 3.99 3.88 | cpu  330701863 194332043 84847169 10118773794 437568 0 1922854 0 0 0
1791126668 2895, 13801, 51, 0x0000000000000000 | 8.33 3.99 3.88 | cpu  330701968 194332043 84847278 10118802067 437569 0 1922869 0 0 0
1791126669 2895, 13801, 52, 0x0000000000000000 | 8.33 3.99 3.88 | cpu  330702070 194332043 84847338 10118830400 437569 0 1922894 0 0 0
1791126670 2902, 13801, 51, 0x0000000000000000 | 7.82 3.95 3.87 | cpu  330702166 194332043 84847402 10118859257 437569 0 1922919 0 0 0
1791126672 2902, 13801, 50, 0x0000000000000000 | 7.82 3.95 3.87 | cpu  330702270 194332043 84847714 10118887292 437569 0 1922936 0 0 0
1791126673 2902, 13801, 49, 0x0000000000000000 | 7.82 3.95 3.87 | cpu  330702369 194332043 84847781 10118916535 437569 0 1922960 0 0 0
1791126674 2887, 13801, 53, 0x0000000000000000 | 7.82 3.95 3.87 | cpu  330702462 194332043 84847832 10118944369 437569 0 1922988 0 0 0
1791126675 2902, 13801, 50, 0x0000000000000000 | 7.36 3.92 3.86 | cpu  330702560 194332043 84847880 10118972593 437569 0 1923020 0 0 0
1791126676 2902, 13801, 50, 0x0000000000000000 | 7.36 3.92 3.86 | cpu  330702661 194332043 84847976 10119000862 437569 0 1923048 0 0 0
1791126677 2902, 13801, 49, 0x0000000000000000 | 7.36 3.92 3.86 | cpu  330702762 194332043 84848048 10119029135 437570 0 1923072 0 0 0
1791126678 2902, 13801, 50, 0x0000000000000000 | 7.36 3.92 3.86 | cpu  330702968 194332043 84848306 10119057703 437570 0 1923075 0 0 0
1791126679 2902, 13801, 51, 0x0000000000000000 | 7.36 3.92 3.86 | cpu  330703178 194332043 84848558 10119085546 437570 0 1923088 0 0 0
1791126681 2902, 13801, 51, 0x0000000000000000 | 7.01 3.91 3.85 | cpu  330704313 194332043 84848675 10119112666 437570 0 1923120 0 0 0
1791126682 2895, 13801, 51, 0x0000000000000000 | 7.01 3.91 3.85 | cpu  330705673 194332043 84848841 10119139357 437570 0 1923161 0 0 0
1791126683 2902, 13801, 51, 0x0000000000000000 | 7.01 3.91 3.85 | cpu  330706823 194332043 84849395 10119166479 437571 0 1923200 0 0 0
1791126684 2895, 13801, 52, 0x0000000000000000 | 7.01 3.91 3.85 | cpu  330708638 194332043 84849538 10119193556 437571 0 1923230 0 0 0
1791126685 2895, 13801, 51, 0x0000000000000000 | 6.68 3.89 3.85 | cpu  330709881 194332043 84849654 10119221427 437571 0 1923260 0 0 0
1791126686 2895, 13801, 50, 0x0000000000000000 | 6.68 3.89 3.85 | cpu  330711093 194332043 84849759 10119248716 437571 0 1923278 0 0 0
1791126687 2895, 13801, 52, 0x0000000000000000 | 6.68 3.89 3.85 | cpu  330712114 194332043 84849938 10119276603 437571 0 1923306 0 0 0
1791126688 2917, 13801, 49, 0x0000000000000000 | 6.68 3.89 3.85 | cpu  330713906 194332043 84850009 10119302364 437571 0 1923333 0 0 0
1791126690 2902, 13801, 51, 0x0000000000000000 | 6.68 3.89 3.85 | cpu  330715073 194332043 84850083 10119330719 437571 0 1923370 0 0 0
1791126691 2887, 13801, 53, 0x0000000000000000 | 6.39 3.88 3.84 | cpu  330716759 194332043 84850254 10119358111 437571 0 1923391 0 0 0
1791126692 2902, 13801, 50, 0x0000000000000000 | 6.39 3.88 3.84 | cpu  330717990 194332043 84850342 10119384834 437571 0 1923419 0 0 0
1791126693 2902, 13801, 52, 0x0000000000000000 | 6.39 3.88 3.84 | cpu  330719416 194332043 84850658 10119410643 437571 0 1923442 0 0 0
1791126694 2887, 13801, 55, 0x0000000000000000 | 6.39 3.88 3.84 | cpu  330720667 194332043 84850889 10119436706 437572 0 1923460 0 0 0
1791126695 2902, 13801, 52, 0x0000000000000000 | 6.36 3.91 3.86 | cpu  330721751 194332043 84851199 10119463974 437572 0 1923461 0 0 0
1791126696 2902, 13801, 51, 0x0000000000000000 | 6.36 3.91 3.86 | cpu  330726313 194332043 84851612 10119487147 437573 0 1923467 0 0 0
1791126697 2902, 13801, 51, 0x0000000000000000 | 6.36 3.91 3.86 | cpu  330728127 194332043 84852370 10119513759 437573 0 1923488 0 0 0
1791126698 2895, 13801, 52, 0x0000000000000000 | 6.36 3.91 3.86 | cpu  330729064 194332043 84852780 10119541067 437573 0 1923489 0 0 0
1791126700 2902, 13801, 52, 0x0000000000000000 | 6.36 3.91 3.86 | cpu  330730004 194332043 84852904 10119568682 437573 0 1923490 0 0 0
1791126701 2902, 13801, 52, 0x0000000000000000 | 5.93 3.86 3.84 | cpu  330730099 194332043 84852947 10119597234 437573 0 1923492 0 0 0
1791126702 2902, 13801, 50, 0x0000000000000000 | 5.93 3.86 3.84 | cpu  330730219 194332043 84853640 10119625093 437573 0 1923495 0 0 0
1791126703 2895, 13801, 53, 0x0000000000000000 | 5.93 3.86 3.84 | cpu  330730315 194332043 84853681 10119653617 437573 0 1923496 0 0 0
1791126704 2887, 13801, 52, 0x0000000000000000 | 5.93 3.86 3.84 | cpu  330730409 194332043 84853719 10119682130 437573 0 1923496 0 0 0
1791126705 2895, 13801, 52, 0x0000000000000000 | 5.53 3.82 3.83 | cpu  330730500 194332043 84853758 10119710178 437573 0 1923496 0 0 0
1791126706 2887, 13801, 53, 0x0000000000000000 | 5.53 3.82 3.83 | cpu  330730597 194332043 84853796 10119739099 437573 0 1923496 0 0 0
1791126707 2902, 13801, 51, 0x0000000000000000 | 5.53 3.82 3.83 | cpu  330730696 194332043 84853828 10119767744 437573 0 1923497 0 0 0
1791126709 2902, 13801, 52, 0x0000000000000000 | 5.53 3.82 3.83 | cpu  330730790 194332043 84853870 10119796254 437573 0 1923498 0 0 0
1791126710 2902, 13801, 52, 0x0000000000000000 | 5.53 3.82 3.83 | cpu  330730882 194332043 84853909 10119824805 437574 0 1923498 0 0 0
1791126711 2887, 13801, 52, 0x0000000000000000 | 5.17 3.77 3.81 | cpu  330730987 194332043 84853948 10119853831 437574 0 1923503 0 0 0
1791126712 2895, 13801, 53, 0x0000000000000000 | 5.17 3.77 3.81 | cpu  330731084 194332043 84853988 10119882326 437574 0 1923503 0 0 0
1791126713 2895, 13801, 52, 0x0000000000000000 | 5.17 3.77 3.81 | cpu  330731176 194332043 84854037 10119910860 437574 0 1923504 0 0 0
1791126714 2887, 13801, 54, 0x0000000000000000 | 5.17 3.77 3.81 | cpu  330731265 194332043 84854082 10119939425 437574 0 1923504 0 0 0
1791126715 2887, 13801, 53, 0x0000000000000000 | 4.84 3.72 3.79 | cpu  330731354 194332043 84854124 10119968053 437574 0 1923505 0 0 0
1791126716 2887, 13801, 53, 0x0000000000000000 | 4.84 3.72 3.79 | cpu  330731436 194332043 84854176 10119996682 437574 0 1923506 0 0 0
1791126718 2887, 13801, 54, 0x0000000000000000 | 4.84 3.72 3.79 | cpu  330731534 194332043 84854214 10120025652 437574 0 1923506 0 0 0
1791126719 2887, 13801, 53, 0x0000000000000000 | 4.84 3.72 3.79 | cpu  330731628 194332043 84854257 10120054590 437574 0 1923506 0 0 0
1791126720 2895, 13801, 53, 0x0000000000000000 | 4.84 3.72 3.79 | cpu  330731715 194332043 84854301 10120083075 437574 0 1923507 0 0 0
1791126721 2887, 13801, 54, 0x0000000000000000 | 4.61 3.69 3.78 | cpu  330731809 194332043 84854351 10120111091 437579 0 1923507 0 0 0
1791126722 2895, 13801, 53, 0x0000000000000000 | 4.61 3.69 3.78 | cpu  330731905 194332043 84854390 10120139617 437579 0 1923507 0 0 0
1791126723 2887, 13801, 55, 0x0000000000000000 | 4.61 3.69 3.78 | cpu  330731994 194332043 84854441 10120168054 437579 0 1923507 0 0 0
1791126724 2887, 13801, 56, 0x0000000000000000 | 4.61 3.69 3.78 | cpu  330732090 194332043 84854495 10120196569 437579 0 1923508 0 0 0
1791126725 2887, 13801, 54, 0x0000000000000000 | 4.40 3.66 3.77 | cpu  330732180 194332043 84854547 10120225193 437579 0 1923509 0 0 0
1791126727 2895, 13801, 54, 0x0000000000000000 | 4.40 3.66 3.77 | cpu  330732274 194332043 84854589 10120253663 437579 0 1923509 0 0 0
1791126728 2895, 13801, 54, 0x0000000000000000 | 4.40 3.66 3.77 | cpu  330732378 194332043 84854627 10120282224 437579 0 1923509 0 0 0
1791126729 2895, 13801, 53, 0x0000000000000000 | 4.40 3.66 3.77 | cpu  330732474 194332043 84854739 10120310665 437579 0 1923509 0 0 0
1791126730 2887, 13801, 54, 0x0000000000000000 | 4.40 3.66 3.77 | cpu  330732570 194332043 84854833 10120339149 437579 0 1923510 0 0 0
1791126731 2887, 13801, 55, 0x0000000000000000 | 4.21 3.64 3.77 | cpu  330732664 194332043 84854876 10120367691 437579 0 1923510 0 0 0
1791126732 2887, 13801, 54, 0x0000000000000000 | 4.21 3.64 3.77 | cpu  330732753 194332043 84854918 10120396248 437580 0 1923510 0 0 0
1791126733 2887, 13801, 52, 0x0000000000000000 | 4.21 3.64 3.77 | cpu  330732847 194332043 84854970 10120424750 437580 0 1923510 0 0 0
1791126734 2887, 13801, 54, 0x0000000000000000 | 4.21 3.64 3.77 | cpu  330732940 194332043 84855013 10120453422 437580 0 1923510 0 0 0
1791126736 2887, 13801, 55, 0x0000000000000000 | 3.95 3.59 3.75 | cpu  330733038 194332043 84855058 10120481955 437580 0 1923511 0 0 0
1791126737 2887, 13801, 55, 0x0000000000000000 | 3.95 3.59 3.75 | cpu  330733130 194332043 84855104 10120510535 437580 0 1923511 0 0 0
1791126738 2887, 13801, 54, 0x0000000000000000 | 3.95 3.59 3.75 | cpu  330733220 194332043 84855151 10120539095 437580 0 1923511 0 0 0
1791126739 2887, 13801, 54, 0x0000000000000000 | 3.95 3.59 3.75 | cpu  330733315 194332043 84855201 10120568035 437580 0 1923512 0 0 0
1791126740 2895, 13801, 53, 0x0000000000000000 | 3.87 3.58 3.75 | cpu  330733415 194332043 84855297 10120596501 437580 0 1923512 0 0 0
1791126741 2887, 13801, 53, 0x0000000000000000 | 3.87 3.58 3.75 | cpu  330733511 194332043 84855374 10120624912 437580 0 1923512 0 0 0
1791126742 2895, 13801, 53, 0x0000000000000000 | 3.87 3.58 3.75 | cpu  330733593 194332043 84855424 10120653563 437580 0 1923512 0 0 0
1791126743 2895, 13801, 52, 0x0000000000000000 | 3.87 3.58 3.75 | cpu  330733668 194332043 84855472 10120682007 437582 0 1923512 0 0 0
1791126744 2925, 13801, 48, 0x0000000000000000 | 3.87 3.58 3.75 | cpu  330733717 194332043 84855543 10120710285 437582 0 1923512 0 0 0
1791126746 2925, 13801, 47, 0x0000000000000000 | 3.64 3.54 3.73 | cpu  330733773 194332043 84855615 10120738675 437582 0 1923516 0 0 0
1791126747 2925, 13801, 47, 0x0000000000000000 | 3.64 3.54 3.73 | cpu  330733822 194332043 84855694 10120766998 437582 0 1923516 0 0 0
1791126748 2925, 13801, 47, 0x0000000000000000 | 3.64 3.54 3.73 | cpu  330733898 194332043 84855771 10120796693 437582 0 1923518 0 0 0
1791126749 2925, 13801, 47, 0x0000000000000000 | 3.64 3.54 3.73 | cpu  330734350 194332043 84855935 10120826004 437582 0 1923530 0 0 0
1791126750 2925, 13801, 46, 0x0000000000000000 | 3.43 3.50 3.72 | cpu  330734403 194332043 84856017 10120854551 437582 0 1923531 0 0 0
1791126751 2925, 13801, 46, 0x0000000000000000 | 3.43 3.50 3.72 | cpu  330734462 194332043 84856094 10120883832 437582 0 1923531 0 0 0
1791126752 2925, 13801, 46, 0x0000000000000000 | 3.43 3.50 3.72 | cpu  330734505 194332043 84856178 10120912183 437582 0 1923532 0 0 0
1791126754 2925, 13801, 46, 0x0000000000000000 | 3.43 3.50 3.72 | cpu  330734562 194332043 84856243 10120940714 437583 0 1923532 0 0 0
1791126755 2925, 13801, 46, 0x0000000000000000 | 3.43 3.50 3.72 | cpu  330734618 194332043 84856309 10120969075 437583 0 1923532 0 0 0
1791126756 2925, 13801, 46, 0x0000000000000000 | 3.24 3.46 3.70 | cpu  330734667 194332043 84856385 10120997830 437583 0 1923532 0 0 0
1791126757 2925, 13801, 46, 0x0000000000000000 | 3.24 3.46 3.70 | cpu  330734711 194332043 84856463 10121026261 437583 0 1923532 0 0 0
1791126758 2925, 13801, 45, 0x0000000000000000 | 3.24 3.46 3.70 | cpu  330734766 194332043 84856546 10121054796 437583 0 1923533 0 0 0
1791126759 2925, 13801, 45, 0x0000000000000000 | 3.24 3.46 3.70 | cpu  330734818 194332043 84856614 10121083171 437583 0 1923533 0 0 0
1791126760 2925, 13801, 45, 0x0000000000000000 | 3.06 3.41 3.69 | cpu  330734865 194332043 84856687 10121111450 437583 0 1923533 0 0 0
1791126761 2587, 13801, 45, 0x0000000000000000 | 3.06 3.41 3.69 | cpu  330734927 194332043 84856750 10121139904 437583 0 1923533 0 0 0
1791126762 2925, 13801, 45, 0x0000000000000000 | 3.06 3.41 3.69 | cpu  330734985 194332043 84856897 10121168742 437583 0 1923534 0 0 0
1791126764 2925, 13801, 45, 0x0000000000000000 | 3.06 3.41 3.69 | cpu  330735665 194332043 84856999 10121197350 437583 0 1923534 0 0 0
1791126765 2925, 13801, 45, 0x0000000000000000 | 3.06 3.41 3.69 | cpu  330736834 194332043 84857122 10121225069 437584 0 1923534 0 0 0
1791126766 2505, 13801, 44, 0x0000000000000000 | 3.05 3.41 3.68 | cpu  330737783 194332043 84857246 10121252601 437584 0 1923534 0 0 0
1791126767 2505, 13801, 44, 0x0000000000000000 | 3.05 3.41 3.68 | cpu  330739032 194332043 84857399 10121280760 437584 0 1923534 0 0 0
1791126768 2505, 13801, 43, 0x0000000000000000 | 3.05 3.41 3.68 | cpu  330739934 194332043 84857519 10121308373 437584 0 1923534 0 0 0
1791126769 2505, 13801, 43, 0x0000000000000000 | 3.05 3.41 3.68 | cpu  330741734 194332043 84857656 10121334841 437584 0 1923535 0 0 0
1791126770 2932, 13801, 44, 0x0000000000000000 | 3.05 3.40 3.68 | cpu  330743104 194332043 84857738 10121362184 437584 0 1923535 0 0 0
1791126772 2932, 13801, 44, 0x0000000000000000 | 3.05 3.40 3.68 | cpu  330744117 194332043 84857931 10121389616 437584 0 1923536 0 0 0
1791126773 2505, 13801, 43, 0x0000000000000000 | 3.05 3.40 3.68 | cpu  330745173 194332043 84858080 10121416986 437584 0 1923537 0 0 0
1791126774 2505, 13801, 43, 0x0000000000000000 | 3.05 3.40 3.68 | cpu  330746970 194332043 84858205 10121444746 437584 0 1923537 0 0 0
1791126775 2505, 13801, 43, 0x0000000000000000 | 3.05 3.40 3.68 | cpu  330747713 194332043 84858278 10121472651 437584 0 1923538 0 0 0
1791126776 2505, 13801, 43, 0x0000000000000000 | 3.04 3.39 3.67 | cpu  330749382 194332043 84858385 10121499762 437585 0 1923538 0 0 0
1791126777 2505, 13801, 42, 0x0000000000000000 | 3.04 3.39 3.67 | cpu  330750096 194332043 84858672 10121527196 437585 0 1923540 0 0 0
1791126778 2505, 13801, 42, 0x0000000000000000 | 3.04 3.39 3.67 | cpu  330751092 194332043 84858889 10121554444 437585 0 1923540 0 0 0
1791126779 2505, 13801, 42, 0x0000000000000000 | 3.04 3.39 3.67 | cpu  330751622 194332043 84859107 10121582287 437585 0 1923540 0 0 0
1791126781 2505, 13801, 42, 0x0000000000000000 | 3.04 3.39 3.67 | cpu  330753080 194332043 84859641 10121609383 437585 0 1923540 0 0 0
1791126782 2505, 13801, 42, 0x0000000000000000 | 3.04 3.39 3.67 | cpu  330753766 194332043 84859809 10121637506 437590 0 1923542 0 0 0
1791126783 2505, 13801, 42, 0x0000000000000000 | 3.04 3.39 3.67 | cpu  330755224 194332043 84859964 10121664333 437590 0 1923542 0 0 0
1791126784 2505, 13801, 42, 0x0000000000000000 | 3.04 3.39 3.67 | cpu  330756092 194332043 84860049 10121691829 437590 0 1923542 0 0 0
1791126785 2505, 13801, 42, 0x0000000000000000 | 2.96 3.36 3.66 | cpu  330756151 194332043 84860119 10121720935 437590 0 1923542 0 0 0
1791126786 2505, 13801, 42, 0x0000000000000000 | 2.96 3.36 3.66 | cpu  330756208 194332043 84860184 10121749239 437590 0 1923543 0 0 0
1791126787 2902, 13801, 42, 0x0000000000000000 | 2.96 3.36 3.66 | cpu  330756260 194332043 84860258 10121778044 437591 0 1923543 0 0 0
1791126788 2932, 13801, 42, 0x0000000000000000 | 2.96 3.36 3.66 | cpu  330756346 194332043 84860308 10121806919 437591 0 1923543 0 0 0
1791126790 2497, 13801, 41, 0x0000000000000000 | 2.96 3.36 3.66 | cpu  330756380 194332043 84860396 10121835493 437591 0 1923543 0 0 0
1791126791 2497, 13801, 41, 0x0000000000000000 | 2.80 3.32 3.65 | cpu  330756450 194332043 84860528 10121864256 437591 0 1923544 0 0 0
