1791126196 2, 0, 55.19
1791126197 2, 0, 48.94
1791126198 4, 0, 15.27
1791126199 4, 0, 15.10
1791126201 4, 0, 9.16
1791126202 4, 0, 6.79
1791126203 4, 0, 5.13
1791126204 4, 0, 4.24
1791126205 4, 0, 4.24
1791126206 672, 0, 25.29
1791126207 672, 0, 54.46
1791126208 672, 0, 54.38
1791126210 672, 0, 54.31
1791126211 740, 0, 54.27
1791126212 23380, 1, 54.73
1791126213 23384, 25, 64.07
1791126214 23386, 35, 66.35
1791126215 23388, 31, 67.10
1791126216 23390, 31, 65.16
1791126217 23392, 31, 64.97
1791126218 23394, 31, 65.08
1791126220 23398, 31, 67.34
1791126221 23400, 31, 65.31
1791126222 23402, 23, 67.39
1791126223 23406, 25, 65.05
1791126224 23908, 26, 66.64
1791126225 25930, 25, 65.56
1791126226 27392, 22, 65.15
1791126227 28194, 0, 64.96
1791126229 28194, 0, 54.39
1791126230 28194, 0, 54.43
1791126231 28194, 0, 54.77
1791126232 24174, 0, 55.06
1791126233 24174, 0, 54.41
1791126234 24178, 0, 54.38
1791126236 24202, 0, 55.37
1791126237 24324, 0, 54.59
1791126238 24468, 0, 54.39
1791126239 25024, 2, 55.30
1791126240 24988, 0, 55.26
1791126241 29088, 7, 58.35
1791126243 29088, 1, 56.40
1791126244 29088, 1, 54.67
1791126245 29088, 2, 54.52
1791126246 29088, 3, 54.48
1791126247 29088, 0, 54.58
1791126248 29088, 4, 54.51
1791126249 29088, 0, 54.52
1791126250 29088, 6, 54.58
1791126252 29088, 0, 54.56
1791126253 29088, 0, 54.58
1791126254 29088, 3, 54.65
1791126255 29088, 0, 54.58
1791126256 29088, 0, 54.52
1791126257 29088, 8, 54.54
1791126258 29088, 0, 54.57
1791126259 29088, 1, 54.54
1791126260 29088, 4, 54.48
1791126262 29088, 0, 54.55
1791126263 29088, 5, 54.59
1791126264 29088, 0, 54.57
1791126265 29088, 4, 54.60
1791126266 29088, 0, 54.60
1791126267 29088, 0, 54.64
1791126268 29088, 3, 54.57
1791126269 29088, 0, 54.62
1791126270 29088, 0, 54.66
1791126272 29088, 8, 54.62
1791126273 29088, 0, 54.62
1791126274 29088, 1, 54.63
1791126275 29088, 3, 54.58
1791126276 29088, 0, 54.66
1791126277 29088, 5, 54.56
1791126278 29088, 0, 54.58
1791126279 29088, 5, 54.67
1791126281 29088, 0, 54.65
1791126282 29088, 0, 54.59
1791126283 29088, 7, 54.78
1791126284 29088, 0, 54.58
1791126285 29088, 5, 54.67
1791126286 29088, 2, 54.58
1791126287 29088, 0, 54.61
1791126288 29088, 4, 54.63
1791126289 29088, 0, 54.61
1791126291 29088, 6, 54.73
1791126292 29088, 0, 54.62
1791126293 29088, 0, 54.74
1791126294 29088, 0, 54.71
1791126295 29088, 0, 54.74
1791126296 29088, 0, 54.72
1791126297 29088, 8, 54.72
1791126298 29088, 0, 54.64
1791126300 29088, 8, 54.72
1791126301 29088, 2, 54.71
1791126302 29088, 0, 54.74
1791126303 29088, 7, 54.78
1791126304 29088, 0, 54.83
1791126305 29088, 7, 54.82
1791126306 29088, 0, 54.72
1791126307 29088, 1, 54.85
1791126309 29088, 0, 55.20
1791126310 29088, 0, 54.88
1791126311 29088, 4, 54.82
1791126312 29088, 0, 54.75
1791126313 29088, 0, 54.83
1791126314 29088, 8, 54.74
1791126315 29088, 0, 54.80
1791126316 29088, 3, 54.78
1791126317 29088, 2, 54.64
1791126319 29088, 0, 54.77
1791126320 29088, 4, 54.78
1791126321 29088, 0, 54.82
1791126322 29088, 0, 54.98
1791126323 29090, 0, 55.02
1791126324 29092, 0, 54.91
1791126325 29094, 5, 58.72
1791126326 29094, 0, 54.59
1791126328 29094, 0, 56.60
1791126329 29096, 49, 215.99
1791126330 29096, 59, 172.94
1791126331 29096, 59, 310.94
1791126332 25010, 0, 112.38
1791126333 26890, 58, 107.14
1791126334 26900, 0, 129.09
1791126335 26900, 0, 76.94
1791126336 26900, 0, 56.67
1791126337 26900, 0, 55.85
1791126339 26900, 0, 55.99
1791126340 26900, 0, 55.92
1791126341 26900, 0, 55.93
1791126342 27214, 5, 56.32
1791126343 27934, 49, 273.04
1791126344 28134, 48, 308.97
1791126345 28184, 61, 338.52
1791126347 28670, 76, 386.14
1791126348 28812, 81, 437.84
1791126349 28812, 62, 370.41
1791126350 28812, 69, 355.03
1791126351 28812, 60, 323.36
1791126352 28812, 62, 381.27
1791126353 28812, 69, 333.54
1791126354 28812, 70, 401.01
1791126356 28812, 61, 348.25
1791126357 28812, 58, 386.25
1791126358 28814, 61, 392.15
1791126359 28814, 73, 410.89
1791126360 28814, 75, 414.41
1791126361 28814, 59, 322.99
1791126362 28814, 71, 370.24
1791126363 28816, 60, 339.34
1791126365 28816, 59, 417.68
1791126366 28816, 80, 382.33
1791126367 28816, 77, 445.31
1791126368 28816, 63, 321.29
1791126369 28816, 58, 355.07
1791126370 28816, 79, 371.52
1791126371 28816, 61, 399.75
1791126372 28816, 77, 416.62
1791126374 28816, 70, 364.88
1791126375 28816, 60, 401.19
1791126376 28816, 59, 321.05
1791126377 28816, 77, 383.13
1791126378 28816, 61, 379.26
1791126379 28816, 78, 388.72
1791126380 28816, 61, 428.19
1791126381 28816, 65, 321.28
1791126383 28816, 61, 370.91
1791126384 28816, 70, 382.45
1791126385 28816, 77, 415.34
1791126386 28816, 69, 412.05
1791126387 28816, 62, 405.36
1791126388 28816, 70, 378.09
1791126389 28816, 63, 421.40
1791126390 28816, 84, 399.89
1791126391 28816, 58, 358.59
1791126393 28816, 69, 346.56
1791126394 28816, 63, 390.95
1791126395 28816, 59, 338.35
1791126396 28816, 68, 418.87
1791126397 28816, 58, 390.01
1791126398 28816, 65, 343.11
1791126399 28816, 70, 377.61
1791126400 28816, 71, 396.11
1791126402 28816, 69, 434.87
1791126403 28816, 74, 424.45
1791126404 28816, 73, 415.01
1791126405 28816, 79, 436.03
1791126406 28816, 59, 399.92
1791126407 28996, 90, 496.98
1791126408 28996, 71, 410.48
1791126410 28996, 68, 401.30
1791126411 28996, 83, 426.25
1791126412 28996, 76, 441.80
1791126413 28996, 75, 438.57
1791126414 28996, 68, 465.62
1791126415 28996, 69, 420.53
1791126416 28996, 57, 389.65
1791126417 28996, 58, 328.34
1791126418 28996, 0, 199.33
1791126420 28996, 7, 83.12
1791126421 28996, 1, 63.98
1791126422 28996, 0, 56.77
1791126423 28996, 5, 56.35
1791126424 28996, 0, 56.53
1791126425 28996, 5, 56.38
1791126426 28996, 0, 56.45
1791126427 28996, 7, 56.12
1791126429 28996, 0, 56.06
1791126430 28996, 0, 56.02
1791126431 28996, 7, 56.02
1791126432 28996, 0, 56.07
1791126433 28996, 2, 56.25
1791126434 28996, 6, 56.08
1791126435 28996, 0, 56.13
1791126436 28996, 5, 55.99
1791126437 28996, 0, 56.08
1791126439 28996, 5, 56.10
1791126440 28996, 0, 55.93
1791126441 28996, 0, 55.90
1791126442 28996, 0, 55.83
1791126443 28996, 0, 55.87
1791126444 28996, 0, 55.83
1791126445 28996, 8, 55.86
1791126446 28996, 0, 55.76
1791126448 28996, 7, 55.73
1791126449 28996, 0, 55.69
1791126450 28996, 2, 55.79
1791126451 28996, 0, 55.78
1791126452 28996, 0, 55.82
1791126453 28996, 0, 55.63
1791126454 28996, 0, 55.81
1791126455 28996, 1, 55.68
1791126456 28996, 0, 55.60
1791126458 28996, 8, 55.89
1791126459 28996, 0, 55.44
1791126460 28996, 0, 55.47
1791126461 28994, 0, 55.85
