1791131113 2, 0, 38.00
1791131114 2, 0, 20.16
1791131115 4, 0, 12.93
1791131116 4, 0, 12.09
1791131118 4, 0, 4.59
1791131119 4, 0, 4.15
1791131120 4, 0, 4.05
1791131121 4, 0, 4.05
1791131122 4, 0, 4.14
1791131123 672, 0, 30.15
1791131124 672, 0, 53.96
1791131125 672, 0, 53.96
1791131126 672, 0, 53.79
1791131128 740, 0, 53.93
1791131129 740, 0, 53.96
1791131130 19020, 0, 54.54
1791131131 19024, 22, 57.27
1791131132 19040, 23, 62.05
1791131133 19054, 24, 61.93
1791131134 19068, 23, 61.78
1791131135 19080, 24, 61.92
1791131136 19094, 24, 61.89
1791131138 19108, 26, 60.47
1791131139 19122, 23, 61.76
1791131140 19136, 23, 60.67
1791131141 19332, 24, 61.58
1791131142 20618, 25, 61.84
1791131143 20648, 0, 59.48
1791131144 20648, 0, 53.87
1791131145 20648, 0, 54.01
1791131147 19568, 0, 54.18
1791131148 19568, 1, 54.12
1791131149 19568, 0, 54.15
1791131150 19574, 0, 53.99
1791131151 19814, 1, 54.03
1791131152 19994, 1, 54.03
1791131153 20194, 1, 54.02
1791131154 20374, 0, 54.10
1791131156 20554, 0, 54.12
1791131157 20714, 1, 54.17
1791131158 20894, 1, 54.11
1791131159 21074, 0, 54.09
1791131160 21234, 0, 54.14
1791131161 23122, 0, 56.18
1791131162 23102, 0, 54.11
1791131163 23102, 3, 60.78
1791131165 23102, 3, 61.12
1791131166 23102, 4, 56.13
1791131167 25422, 3, 54.35
1791131168 25422, 3, 54.12
1791131169 25422, 2, 54.27
1791131170 25422, 2, 54.32
1791131171 25422, 3, 54.29
1791131172 25422, 4, 54.27
1791131174 25422, 4, 54.27
1791131175 25422, 7, 54.33
1791131176 25422, 0, 54.31
1791131177 25422, 5, 54.31
1791131178 25422, 7, 54.27
1791131179 25422, 0, 54.19
1791131180 25422, 5, 54.26
1791131181 25422, 1, 54.24
1791131182 25422, 3, 54.21
1791131184 25422, 6, 54.24
1791131185 25422, 0, 54.27
1791131186 25422, 0, 54.21
1791131187 25422, 0, 54.33
1791131188 25422, 4, 54.12
1791131189 25422, 4, 54.08
1791131190 25422, 0, 54.16
1791131191 25422, 3, 54.13
1791131193 25422, 0, 54.22
1791131194 25422, 1, 54.23
1791131195 25422, 4, 54.31
1791131196 25422, 0, 54.28
1791131197 25422, 5, 54.31
1791131198 25422, 0, 54.34
1791131199 25422, 1, 54.35
1791131200 25422, 0, 54.33
1791131201 25422, 2, 54.21
1791131203 25422, 2, 54.33
1791131204 25422, 6, 54.33
1791131205 25422, 0, 54.25
1791131206 25422, 0, 54.25
1791131207 25422, 0, 54.27
1791131208 25422, 0, 54.26
1791131209 25422, 7, 54.29
1791131211 25422, 3, 54.24
1791131212 25422, 1, 54.19
1791131213 25422, 0, 54.19
1791131214 25422, 0, 54.13
1791131215 25422, 5, 54.25
1791131216 25422, 0, 54.22
1791131217 25422, 4, 54.16
1791131219 25422, 6, 54.12
1791131220 25422, 2, 54.23
1791131221 25422, 0, 54.10
1791131222 25422, 3, 54.21
1791131223 25422, 0, 54.08
1791131224 25422, 3, 54.17
1791131225 25422, 0, 54.16
1791131226 25422, 5, 54.14
1791131228 25422, 0, 54.14
1791131229 25422, 6, 54.17
1791131230 25422, 0, 54.18
1791131231 25422, 3, 54.19
1791131232 25422, 0, 54.13
1791131233 25422, 2, 54.21
1791131234 25422, 0, 54.22
1791131235 25422, 0, 54.35
1791131237 25422, 0, 54.44
1791131238 25426, 0, 55.00
1791131239 25428, 0, 54.42
1791131240 25430, 0, 54.33
1791131241 25430, 0, 54.46
1791131242 25430, 0, 67.04
1791131243 25430, 0, 54.34
1791131245 25430, 46, 102.40
1791131246 25430, 0, 139.00
1791131247 25436, 25, 130.61
1791131248 25436, 46, 118.76
1791131249 25436, 47, 146.26
1791131250 25436, 39, 141.25
1791131251 25436, 44, 141.73
1791131252 23104, 0, 85.95
1791131254 23104, 0, 61.65
1791131255 24210, 0, 55.28
1791131256 24220, 0, 124.30
1791131257 24230, 0, 76.54
1791131258 24230, 0, 55.51
1791131259 24230, 0, 55.40
1791131260 24230, 0, 55.22
1791131261 24230, 0, 55.20
1791131263 24230, 0, 55.24
1791131264 24232, 0, 67.92
1791131265 24396, 30, 68.17
1791131266 24398, 0, 55.24
1791131267 24398, 0, 55.22
1791131268 25098, 0, 55.25
1791131269 27740, 36, 133.95
1791131271 27830, 37, 136.45
1791131272 27830, 41, 138.37
1791131273 27878, 42, 145.36
1791131274 27878, 37, 139.81
1791131275 27888, 39, 143.37
1791131276 27888, 44, 138.63
1791131277 27968, 0, 144.31
1791131278 27968, 43, 138.98
1791131280 27968, 44, 146.91
1791131281 27968, 39, 140.12
1791131282 27968, 48, 142.88
1791131283 27968, 36, 142.03
1791131284 27968, 39, 144.50
1791131285 27968, 33, 138.34
1791131286 28468, 49, 152.98
1791131287 29488, 41, 146.04
1791131289 29744, 37, 146.50
1791131290 29744, 32, 136.48
1791131291 29824, 51, 144.31
1791131292 29824, 43, 149.52
1791131293 29824, 48, 146.26
1791131294 29836, 43, 144.41
1791131295 29836, 47, 139.85
1791131296 29836, 37, 144.99
1791131298 29836, 52, 143.26
1791131299 29842, 38, 142.88
1791131300 29842, 44, 137.08
1791131301 29842, 31, 141.36
1791131302 29842, 42, 144.32
1791131303 29842, 36, 137.76
1791131304 29848, 52, 150.49
1791131305 29848, 40, 144.80
1791131307 29848, 53, 144.91
1791131308 29848, 38, 141.73
1791131309 29848, 49, 140.15
1791131310 29848, 36, 145.33
1791131311 29848, 42, 145.12
1791131312 29848, 38, 139.82
1791131313 29848, 47, 146.77
1791131314 29848, 37, 143.10
1791131315 29848, 48, 149.51
1791131317 29848, 39, 140.13
1791131318 29848, 46, 143.29
1791131319 29848, 41, 143.46
1791131320 29848, 51, 139.56
1791131321 29848, 35, 139.64
1791131322 29848, 47, 148.67
1791131323 29848, 35, 141.84
1791131324 29848, 52, 142.14
1791131325 29848, 43, 150.07
1791131327 29848, 42, 143.81
1791131328 29848, 35, 141.35
1791131329 29848, 49, 140.05
1791131330 29848, 42, 143.85
1791131331 29848, 36, 140.82
1791131332 29848, 37, 142.34
1791131333 29848, 40, 136.94
1791131334 29848, 36, 142.42
1791131336 29848, 46, 137.94
1791131337 29848, 43, 149.18
1791131338 29848, 36, 139.98
1791131339 29848, 42, 145.34
1791131340 29848, 32, 138.63
1791131341 29848, 31, 148.19
1791131342 29848, 40, 136.92
1791131343 29848, 49, 144.63
1791131344 29848, 39, 146.04
1791131346 29848, 50, 143.21
1791131347 29848, 40, 140.77
1791131348 29848, 48, 136.90
1791131349 29848, 35, 136.32
1791131350 29848, 49, 139.65
1791131351 29848, 42, 144.54
1791131352 29848, 48, 139.53
1791131353 29848, 39, 152.69
1791131355 29848, 47, 144.43
1791131356 29848, 37, 146.31
1791131357 29848, 36, 138.49
1791131358 29848, 41, 150.62
1791131359 29848, 44, 142.36
1791131360 29848, 38, 153.30
1791131361 29848, 47, 142.01
1791131363 29848, 35, 140.46
1791131364 29848, 47, 140.79
1791131365 29848, 40, 143.79
1791131366 29848, 43, 146.07
1791131367 29848, 40, 142.30
1791131368 29848, 49, 143.66
1791131369 29854, 41, 146.10
1791131370 29854, 52, 141.71
1791131372 29854, 39, 151.08
1791131373 29854, 47, 144.92
1791131374 29854, 41, 146.64
1791131375 29856, 38, 137.70
1791131376 29856, 43, 149.06
1791131377 29856, 44, 149.44
1791131378 29856, 50, 152.35
1791131379 29856, 37, 142.36
1791131380 29856, 46, 141.22
1791131382 29856, 30, 139.20
1791131383 29856, 53, 140.87
1791131384 29856, 41, 153.05
1791131385 29856, 52, 145.86
1791131386 29856, 41, 149.28
1791131387 29856, 43, 141.55
1791131388 29856, 51, 144.23
1791131390 29856, 37, 135.67
1791131391 29856, 45, 146.75
1791131392 29856, 43, 146.86
1791131393 29856, 47, 143.91
1791131394 29856, 37, 139.30
1791131395 29856, 47, 141.49
1791131396 29856, 37, 140.62
1791131397 29856, 42, 146.79
1791131399 29856, 34, 138.05
1791131400 29856, 36, 146.15
1791131401 29856, 39, 138.94
1791131402 29856, 47, 142.29
1791131403 29856, 38, 137.43
1791131404 29856, 46, 141.90
1791131405 29856, 37, 136.79
1791131406 29856, 35, 142.31
1791131408 29856, 37, 136.29
1791131409 29856, 45, 150.27
1791131410 29856, 41, 146.66
1791131411 29856, 49, 144.36
1791131412 29856, 39, 140.53
1791131413 29856, 46, 137.91
1791131414 29856, 41, 139.59
1791131415 29856, 54, 142.86
1791131417 29856, 43, 144.82
1791131418 29856, 46, 143.43
1791131419 29856, 39, 143.98
1791131420 29856, 38, 136.80
1791131421 29856, 39, 145.50
1791131422 29856, 50, 140.34
1791131423 29856, 39, 147.84
1791131425 29856, 51, 143.76
1791131426 29856, 42, 154.33
1791131427 29856, 46, 144.93
1791131428 29856, 40, 148.33
1791131429 29856, 47, 141.66
1791131430 29856, 38, 146.68
1791131432 29856, 52, 140.17
1791131433 29856, 39, 146.29
1791131434 29856, 46, 139.42
1791131435 29856, 36, 142.49
1791131436 29856, 47, 142.96
1791131437 29856, 35, 141.94
1791131438 29856, 50, 142.84
1791131440 29856, 43, 140.82
1791131441 29856, 53, 146.40
1791131442 29856, 44, 144.99
1791131443 29856, 46, 146.26
1791131444 29856, 38, 143.24
1791131445 29856, 52, 147.76
1791131447 29856, 44, 144.06
1791131448 29856, 51, 142.53
1791131449 29856, 40, 147.61
1791131450 29856, 49, 142.60
1791131451 29856, 38, 141.18
1791131452 29856, 56, 145.07
1791131453 29856, 41, 157.45
1791131455 29856, 52, 144.88
1791131456 29876, 41, 159.95
1791131457 29876, 45, 149.36
1791131458 29876, 49, 148.61
1791131459 29876, 39, 139.02
1791131460 29876, 31, 141.88
1791131461 29876, 37, 136.25
1791131462 29876, 45, 141.98
1791131464 29876, 38, 135.75
1791131465 29876, 35, 143.38
1791131466 29876, 38, 137.43
1791131467 29876, 27, 140.12
1791131468 29876, 53, 139.11
1791131469 29876, 37, 146.66
1791131470 29876, 45, 138.81
1791131472 29876, 33, 145.53
1791131473 29876, 42, 139.38
1791131474 29876, 38, 145.00
1791131475 29876, 45, 137.80
1791131476 29876, 32, 141.03
1791131477 29876, 39, 136.98
1791131478 29876, 37, 147.99
1791131480 29876, 50, 142.54
1791131481 29876, 40, 154.65
1791131482 29876, 45, 148.10
1791131483 29876, 40, 145.52
1791131484 29876, 40, 138.49
1791131485 29876, 40, 145.53
1791131487 29876, 45, 139.56
1791131488 29882, 38, 148.87
1791131489 29882, 42, 140.80
1791131490 29882, 50, 152.94
1791131491 29882, 41, 144.65
1791131492 29882, 45, 146.53
1791131493 29882, 37, 138.67
1791131495 29882, 33, 144.88
1791131496 29882, 39, 138.58
1791131497 29882, 38, 148.15
1791131498 29882, 42, 141.01
1791131499 29882, 39, 144.72
1791131500 29882, 53, 140.30
1791131502 29882, 41, 152.08
1791131503 29882, 52, 145.77
1791131504 29882, 37, 147.22
1791131505 29882, 44, 140.16
1791131506 29882, 44, 143.78
1791131507 29882, 47, 138.89
1791131508 29882, 40, 162.28
1791131510 29882, 50, 146.44
1791131511 29882, 42, 156.20
1791131512 29882, 42, 149.54
1791131513 29882, 38, 148.34
1791131514 29882, 35, 140.73
1791131515 29882, 36, 144.55
1791131517 29882, 46, 140.50
1791131518 29882, 37, 144.01
1791131519 29882, 50, 139.25
1791131520 29882, 37, 138.66
1791131521 29882, 50, 143.60
1791131522 29882, 38, 143.96
1791131524 29882, 46, 151.71
1791131525 29882, 38, 145.67
1791131526 29882, 50, 151.10
1791131527 29882, 44, 141.55
1791131528 29882, 45, 145.24
1791131529 29882, 37, 140.50
1791131530 29882, 47, 144.95
1791131532 29882, 41, 138.60
1791131533 29882, 36, 145.56
1791131534 29882, 44, 138.47
1791131535 29882, 39, 146.92
1791131536 29882, 52, 142.06
1791131537 29882, 40, 152.44
1791131538 29882, 43, 144.09
1791131539 29882, 46, 152.12
1791131540 29882, 47, 144.51
1791131542 29882, 39, 150.82
1791131543 29882, 40, 144.71
1791131544 29882, 44, 152.87
1791131545 29882, 35, 141.55
1791131546 29882, 37, 145.29
1791131547 29882, 38, 138.90
1791131548 29882, 40, 146.02
1791131549 29882, 42, 140.22
1791131551 29882, 35, 144.45
1791131552 29882, 39, 138.68
1791131553 29882, 40, 146.16
1791131554 29882, 43, 140.13
1791131555 29882, 48, 146.18
1791131556 29882, 38, 144.29
1791131557 29882, 37, 146.33
1791131558 29882, 39, 139.58
1791131559 29882, 51, 146.29
1791131561 29882, 43, 142.94
1791131562 29882, 50, 154.83
1791131563 29882, 41, 151.29
1791131564 29882, 52, 145.08
1791131565 29882, 37, 141.03
1791131566 29882, 52, 140.75
1791131567 29882, 39, 152.07
1791131568 29882, 42, 144.07
1791131570 29882, 36, 144.33
1791131571 29882, 53, 141.21
1791131572 29882, 42, 157.32
1791131573 29882, 45, 148.02
1791131574 29882, 38, 143.75
1791131575 29882, 48, 139.26
1791131576 29882, 39, 155.23
1791131577 29882, 52, 144.85
1791131579 29882, 38, 145.19
1791131580 29882, 43, 139.73
1791131581 29882, 41, 158.56
1791131582 29882, 41, 145.09
1791131583 29882, 42, 147.54
1791131584 29882, 40, 142.20
1791131585 29882, 47, 141.94
1791131586 29882, 36, 143.72
1791131588 29882, 52, 141.98
1791131589 29882, 40, 146.43
1791131590 29882, 42, 138.55
1791131591 29882, 31, 143.02
1791131592 29882, 39, 137.41
1791131593 29882, 40, 158.30
1791131594 29882, 43, 149.07
1791131595 29882, 44, 145.48
1791131596 29882, 36, 144.74
1791131597 29882, 48, 137.34
1791131599 29882, 39, 143.13
1791131600 29882, 43, 138.41
1791131601 29882, 38, 149.75
1791131602 29882, 33, 133.62
1791131603 29882, 39, 145.92
1791131604 29882, 32, 137.30
1791131605 29882, 49, 137.54
1791131606 29882, 34, 142.79
1791131607 29882, 32, 135.64
1791131609 29882, 30, 142.83
1791131610 29882, 43, 134.86
1791131611 29882, 44, 139.06
1791131612 29882, 35, 135.26
1791131613 29882, 51, 140.94
1791131614 29882, 42, 156.20
1791131615 29882, 46, 148.15
1791131616 29882, 41, 154.51
1791131618 29882, 46, 144.41
1791131619 29882, 37, 146.20
1791131620 29882, 36, 137.82
1791131621 29882, 47, 153.51
1791131622 29882, 42, 146.98
1791131623 29882, 49, 151.57
1791131624 29882, 40, 149.79
1791131625 29882, 47, 146.04
1791131627 29882, 36, 139.37
1791131628 29882, 53, 149.83
1791131629 29882, 44, 150.95
1791131630 29882, 46, 147.91
1791131631 29882, 36, 144.52
1791131632 29882, 52, 141.51
1791131633 29882, 41, 154.82
1791131634 29882, 43, 144.95
1791131636 29882, 43, 150.61
1791131637 29882, 42, 144.56
1791131638 29882, 43, 147.23
1791131639 29882, 46, 143.50
1791131640 29882, 48, 155.77
1791131641 29882, 53, 155.06
1791131642 29882, 45, 156.28
1791131644 29882, 47, 152.13
1791131645 29882, 0, 109.18
1791131646 29882, 5, 76.10
1791131647 29882, 7, 59.28
1791131648 29882, 0, 55.30
1791131649 29882, 5, 55.25
1791131650 29882, 8, 55.25
1791131652 29882, 0, 55.12
1791131653 29882, 4, 55.13
1791131654 29882, 5, 55.40
1791131655 29882, 2, 55.52
1791131656 29882, 4, 55.21
1791131657 29882, 5, 55.25
1791131658 29882, 0, 55.22
1791131659 29882, 1, 55.18
1791131661 29882, 0, 55.16
1791131662 29882, 0, 55.38
1791131663 29882, 4, 55.38
1791131664 29882, 7, 55.32
1791131665 29882, 1, 55.34
1791131666 29882, 5, 55.46
1791131667 29882, 7, 55.39
1791131668 29882, 0, 55.37
1791131670 29882, 2, 55.42
1791131671 29882, 4, 55.45
1791131672 29882, 0, 55.27
1791131673 29882, 8, 56.34
1791131674 29882, 8, 55.43
1791131675 29882, 0, 55.25
1791131677 29882, 0, 55.35
1791131678 29882, 0, 55.39
1791131679 29882, 0, 55.27
