1791127607 2, 0, 54.94
1791127608 2, 0, 50.44
1791127609 4, 0, 22.64
1791127610 4, 0, 21.67
1791127611 4, 0, 15.74
1791127613 4, 0, 7.66
1791127614 4, 0, 4.93
1791127615 4, 0, 4.90
1791127616 4, 0, 4.88
1791127617 672, 0, 31.41
1791127618 672, 0, 55.27
1791127620 672, 0, 55.34
1791127621 740, 0, 55.16
1791127622 740, 0, 55.22
1791127623 740, 0, 55.26
1791127624 19020, 0, 56.78
1791127625 19028, 21, 59.53
1791127626 19042, 22, 63.14
1791127627 19058, 25, 63.36
1791127629 19072, 23, 63.25
1791127630 19086, 28, 63.19
1791127631 19100, 22, 62.45
1791127632 19114, 25, 63.34
1791127633 19130, 27, 63.22
1791127634 19144, 23, 63.97
1791127635 19598, 23, 63.24
1791127636 20648, 0, 65.13
1791127637 20648, 0, 55.33
1791127639 20648, 0, 55.21
1791127640 20648, 0, 55.19
1791127641 20648, 0, 55.24
1791127642 20648, 0, 55.15
1791127643 19568, 0, 55.10
1791127644 19568, 0, 55.49
1791127645 19568, 0, 55.29
1791127646 19568, 0, 55.13
1791127648 19674, 1, 55.96
1791127649 19914, 1, 55.17
1791127650 20134, 0, 55.16
1791127651 20334, 1, 55.23
1791127652 20494, 1, 55.28
1791127653 20674, 2, 55.17
1791127654 20854, 0, 55.19
1791127655 21034, 0, 55.25
1791127657 21214, 1, 55.13
1791127658 23122, 3, 55.76
1791127659 23102, 0, 55.10
1791127660 23102, 3, 60.32
1791127661 23102, 4, 61.98
1791127662 23102, 4, 58.30
1791127663 25422, 3, 57.03
1791127664 25422, 2, 55.27
1791127665 25422, 3, 55.18
1791127667 25422, 3, 55.27
1791127668 25422, 2, 55.10
1791127669 25422, 0, 55.29
1791127670 25422, 0, 55.18
1791127671 25422, 0, 55.14
1791127672 25422, 0, 55.21
1791127673 25422, 0, 54.92
1791127674 25422, 5, 55.06
1791127676 25422, 0, 54.98
1791127677 25422, 2, 55.15
1791127678 25422, 7, 55.32
1791127679 25422, 0, 55.20
1791127680 25422, 0, 55.08
1791127681 25422, 0, 55.02
1791127682 25422, 0, 55.06
1791127683 25422, 0, 54.93
1791127685 25422, 0, 55.01
1791127686 25422, 0, 54.97
1791127687 25422, 1, 55.00
1791127688 25422, 0, 55.05
1791127689 25422, 0, 55.16
1791127690 25422, 0, 55.07
1791127691 25422, 0, 55.09
1791127692 25422, 3, 55.04
1791127694 25422, 7, 55.10
1791127695 25422, 0, 55.07
1791127696 25422, 5, 54.95
1791127697 25422, 0, 55.08
1791127698 25422, 0, 55.22
1791127699 25422, 5, 55.06
1791127700 25422, 0, 54.92
1791127701 25422, 0, 55.24
1791127702 25422, 0, 55.01
1791127704 25422, 0, 55.01
1791127705 25422, 0, 55.05
1791127706 25422, 1, 55.08
1791127707 25422, 0, 54.99
1791127708 25422, 0, 54.99
1791127709 25422, 0, 55.06
1791127710 25422, 0, 55.04
1791127711 25422, 1, 54.85
1791127712 25422, 0, 54.87
1791127714 25422, 0, 55.01
1791127715 25422, 7, 55.03
1791127716 25422, 0, 55.06
1791127717 25422, 4, 55.06
1791127718 25422, 0, 55.08
1791127719 25422, 5, 55.02
1791127720 25422, 8, 55.04
1791127721 25422, 1, 54.97
1791127723 25422, 7, 54.93
1791127724 25422, 0, 55.02
1791127725 25422, 0, 55.07
1791127726 25422, 0, 55.29
1791127727 25422, 0, 55.40
1791127728 25422, 71, 69.21
1791127729 25428, 6, 134.33
1791127730 25428, 0, 97.40
1791127731 25642, 26, 122.10
1791127733 25642, 0, 134.46
1791127734 25642, 89, 158.52
1791127735 25642, 0, 165.18
1791127736 25642, 88, 171.97
1791127737 25642, 0, 197.54
1791127738 25642, 0, 95.74
1791127739 25642, 0, 93.58
1791127740 25642, 92, 93.73
1791127742 25642, 0, 75.67
1791127743 25642, 35, 68.29
1791127744 25642, 0, 89.57
1791127745 25644, 35, 112.77
1791127746 25644, 0, 78.44
1791127747 25644, 0, 118.89
1791127748 25644, 0, 119.49
1791127749 25644, 0, 119.18
1791127751 25644, 0, 95.34
1791127752 25644, 0, 97.77
1791127753 25644, 0, 118.36
1791127754 25644, 0, 95.62
1791127755 25644, 38, 155.47
1791127756 25644, 14, 140.46
1791127757 25644, 0, 99.65
1791127759 25644, 0, 81.05
1791127760 25644, 0, 65.50
1791127761 25644, 0, 55.21
1791127762 25644, 0, 55.08
1791127763 25644, 0, 85.60
1791127764 25646, 53, 132.15
1791127765 25646, 0, 81.49
1791127766 25652, 36, 149.35
1791127768 25652, 51, 123.40
1791127769 25652, 46, 155.72
1791127770 25652, 54, 150.19
1791127771 23320, 4, 118.56
1791127772 23320, 0, 76.16
1791127773 23400, 8, 63.21
1791127774 24424, 0, 60.29
1791127775 24424, 0, 55.44
1791127776 24424, 0, 55.23
1791127778 24432, 0, 55.37
1791127779 24446, 0, 99.22
1791127780 24446, 0, 75.65
1791127781 24454, 0, 97.24
1791127782 24454, 0, 75.60
1791127783 24454, 0, 55.35
1791127784 24454, 0, 55.30
1791127785 24454, 0, 55.39
1791127787 24456, 7, 55.42
1791127788 24456, 0, 68.38
1791127789 24600, 25, 62.49
1791127790 24640, 89, 171.74
1791127791 24640, 56, 158.51
1791127792 24640, 36, 144.91
1791127793 24640, 59, 109.91
1791127794 24640, 0, 100.95
1791127796 24640, 0, 116.45
1791127797 24640, 0, 136.32
1791127798 24640, 0, 97.51
1791127799 24640, 0, 70.51
1791127800 24640, 0, 106.57
1791127801 24640, 0, 83.69
1791127802 24640, 68, 89.60
1791127803 24640, 94, 94.49
1791127804 24640, 0, 78.43
1791127805 24640, 0, 71.88
1791127807 24640, 0, 89.10
1791127808 24640, 0, 96.53
1791127809 24640, 0, 96.96
1791127810 24640, 0, 99.12
1791127811 24640, 0, 75.74
1791127812 24640, 64, 89.60
1791127813 24640, 58, 77.13
1791127814 24640, 0, 75.66
1791127815 24640, 30, 125.44
1791127817 24640, 0, 115.50
1791127818 24640, 0, 97.42
1791127819 24640, 0, 70.39
1791127820 25288, 51, 157.46
1791127821 25288, 0, 97.70
1791127822 25288, 15, 165.48
1791127823 25288, 26, 160.28
1791127824 25448, 69, 195.76
1791127825 27808, 35, 147.78
1791127827 28708, 52, 139.31
1791127828 28788, 42, 143.83
1791127829 28788, 47, 140.02
1791127830 28848, 5, 141.07
1791127831 28848, 45, 152.03
1791127832 28862, 49, 151.09
1791127833 28870, 40, 145.84
1791127834 29330, 51, 150.09
1791127835 29330, 42, 164.08
1791127836 30574, 44, 155.20
1791127838 30778, 53, 161.62
1791127839 30778, 46, 160.30
1791127840 30778, 47, 156.04
1791127841 30778, 44, 150.27
1791127842 30782, 45, 144.55
1791127843 30802, 39, 144.09
1791127844 30802, 54, 146.94
1791127845 30802, 43, 154.07
1791127847 30802, 43, 146.89
1791127848 30802, 51, 146.97
1791127849 30802, 40, 141.22
1791127850 30802, 47, 150.86
1791127851 30802, 45, 157.91
1791127852 30802, 47, 152.04
1791127853 30810, 40, 147.99
1791127854 30810, 46, 141.28
1791127855 30810, 44, 170.95
1791127857 30810, 45, 155.22
1791127858 30810, 51, 153.55
1791127859 30810, 43, 150.29
1791127860 30810, 51, 149.79
1791127861 30822, 42, 149.13
1791127862 30822, 43, 143.19
1791127863 30822, 49, 153.25
1791127864 30822, 43, 150.82
1791127865 30822, 47, 161.57
1791127867 30822, 47, 158.75
1791127868 30822, 47, 152.59
1791127869 30822, 45, 148.57
1791127870 30822, 46, 145.01
1791127871 30822, 46, 167.31
1791127872 30822, 44, 155.69
1791127873 30822, 46, 159.01
1791127874 30822, 43, 156.98
1791127875 30822, 51, 158.74
1791127877 30822, 39, 146.87
1791127878 30822, 39, 140.65
1791127879 30822, 42, 152.30
1791127880 30822, 47, 145.87
1791127881 30822, 44, 170.59
1791127882 30822, 44, 160.25
1791127883 30822, 42, 156.60
1791127884 30822, 49, 168.60
1791127885 30822, 47, 163.42
1791127887 30822, 45, 160.72
1791127888 30822, 42, 143.77
1791127889 30822, 49, 158.58
1791127890 30822, 45, 163.86
1791127891 30822, 48, 156.84
1791127892 30822, 44, 169.87
1791127893 30822, 47, 158.68
1791127894 30822, 40, 151.46
1791127895 30822, 42, 141.40
1791127897 30822, 50, 153.17
1791127898 30822, 45, 147.72
1791127899 30822, 52, 147.29
1791127900 30822, 45, 145.97
1791127901 30822, 46, 142.02
1791127902 30822, 43, 169.71
1791127903 30822, 48, 157.83
1791127904 30822, 40, 152.63
1791127905 30822, 43, 145.07
1791127907 30822, 54, 156.24
1791127908 30822, 44, 161.04
1791127909 30822, 52, 153.13
1791127910 30822, 43, 150.84
1791127911 30822, 40, 144.42
1791127912 30822, 53, 155.45
1791127913 30822, 46, 155.13
1791127914 30822, 52, 152.93
1791127916 30822, 43, 150.31
1791127917 30822, 41, 142.13
1791127918 30822, 41, 143.20
1791127919 30822, 45, 139.86
1791127920 30822, 44, 163.52
1791127921 30822, 45, 159.00
1791127922 30822, 52, 152.92
1791127923 30822, 41, 151.24
1791127924 30822, 47, 147.08
1791127926 30822, 44, 151.40
1791127927 30822, 43, 145.93
1791127928 30822, 54, 160.55
1791127929 30822, 44, 169.83
1791127930 30822, 46, 157.46
1791127931 30822, 48, 153.24
1791127932 30822, 41, 144.02
1791127933 30822, 45, 143.74
1791127934 30822, 39, 140.90
1791127936 30822, 52, 142.84
1791127937 30822, 41, 149.68
1791127938 30822, 54, 155.20
1791127939 30822, 42, 156.35
1791127940 30822, 45, 150.05
1791127941 30822, 41, 163.27
1791127942 30822, 44, 154.13
1791127943 30822, 51, 158.96
1791127945 30822, 49, 167.73
1791127946 30822, 51, 159.55
1791127947 30822, 43, 155.52
1791127948 30822, 46, 150.14
1791127949 30822, 50, 170.63
1791127950 30822, 44, 161.49
1791127951 30822, 46, 153.33
1791127952 30822, 40, 150.26
1791127954 30822, 54, 151.23
1791127955 30842, 43, 172.17
1791127956 30842, 55, 158.03
1791127957 30842, 41, 152.87
1791127958 30842, 46, 147.32
1791127959 30842, 54, 162.21
1791127960 30842, 46, 160.51
1791127961 30842, 51, 156.63
1791127962 30842, 41, 152.27
1791127964 30842, 46, 146.00
1791127965 30842, 41, 147.44
1791127966 30842, 45, 142.96
1791127967 30842, 42, 162.71
1791127968 30842, 45, 154.70
1791127969 30842, 50, 160.61
1791127970 30842, 46, 148.51
1791127971 30842, 50, 148.37
1791127973 30842, 40, 144.81
1791127974 30842, 53, 146.37
1791127975 30842, 44, 159.51
1791127976 30842, 49, 154.04
1791127977 30842, 42, 164.47
1791127978 30842, 45, 154.48
1791127979 30842, 38, 158.68
1791127980 30842, 44, 142.88
1791127981 30842, 49, 149.99
1791127983 30842, 42, 151.27
1791127984 30842, 56, 147.61
1791127985 30842, 42, 158.63
1791127986 30842, 47, 151.68
1791127987 30842, 45, 162.02
1791127988 30842, 45, 151.69
1791127989 30842, 53, 173.54
1791127990 30842, 45, 162.74
1791127991 30842, 56, 156.04
1791127993 30842, 42, 163.77
1791127994 30842, 48, 152.66
1791127995 30842, 43, 171.17
1791127996 30842, 48, 160.50
1791127997 30842, 52, 159.91
1791127998 30842, 43, 154.48
1791127999 30842, 55, 162.77
1791128000 30842, 44, 170.47
1791128002 30842, 45, 158.78
1791128003 30842, 50, 158.13
1791128004 30842, 45, 150.26
1791128005 30842, 55, 156.75
1791128006 30902, 47, 180.90
1791128007 30902, 47, 169.30
1791128008 30902, 44, 169.40
1791128009 30902, 46, 157.77
1791128010 30902, 54, 160.78
1791128012 30902, 45, 159.59
1791128013 30902, 50, 153.80
1791128014 30902, 45, 155.30
1791128015 30902, 47, 148.81
1791128016 30902, 46, 174.96
1791128017 30902, 45, 163.38
1791128018 30902, 50, 164.78
1791128019 30902, 47, 162.37
1791128021 30902, 55, 161.82
1791128022 30902, 43, 174.46
1791128023 30902, 45, 157.31
1791128024 30902, 55, 170.93
1791128025 30902, 48, 161.60
1791128026 30902, 50, 160.29
1791128027 30902, 48, 162.68
1791128028 30902, 48, 154.20
1791128029 30902, 47, 165.71
1791128031 30902, 44, 154.13
1791128032 30902, 55, 158.21
1791128033 30902, 48, 155.74
1791128034 30902, 49, 159.88
1791128035 30902, 48, 153.53
1791128036 30902, 5, 129.66
1791128037 30902, 0, 76.83
1791128039 30902, 0, 65.07
1791128040 30902, 0, 55.36
1791128041 30902, 0, 55.42
1791128042 30902, 0, 55.51
1791128043 30902, 0, 55.47
1791128044 30902, 0, 55.52
1791128045 30902, 6, 55.38
1791128046 30902, 0, 55.35
1791128047 30902, 2, 55.46
1791128049 30902, 0, 55.39
1791128050 30902, 0, 55.31
1791128051 30902, 8, 55.34
1791128052 30902, 0, 55.25
1791128053 30902, 5, 55.28
1791128054 30902, 0, 55.34
1791128055 30902, 5, 55.30
1791128056 30902, 7, 55.33
1791128057 30902, 1, 55.26
1791128059 30902, 7, 55.24
1791128060 30902, 0, 55.17
1791128061 30902, 5, 55.24
1791128062 30902, 5, 55.33
1791128063 30902, 4, 55.35
1791128064 30902, 2, 56.22
1791128065 30902, 8, 55.38
1791128066 30902, 0, 55.26
1791128067 30902, 0, 55.15
1791128069 30902, 0, 55.20
1791128070 30902, 0, 55.12
