1791101793 0, 0, 96.42
1791101794 0, 0, 63.89
1791101795 4, 0, 63.72
1791101796 4, 0, 63.64
1791101797 4, 0, 63.60
1791101798 4, 0, 63.56
1791101800 4, 0, 63.43
1791101801 4, 0, 63.38
1791101802 727, 0, 75.50
1791101803 727, 0, 92.78
1791101804 727, 0, 92.74
1791101805 727, 0, 92.67
1791101807 797, 0, 92.63
1791101808 16257, 0, 92.63
1791101809 16265, 16, 98.80
1791101810 16277, 18, 99.74
1791101811 16289, 21, 101.03
1791101813 16301, 16, 99.55
1791101814 16313, 16, 100.39
1791101815 16325, 19, 100.09
1791101816 17079, 16, 100.29
1791101817 18929, 15, 98.93
1791101819 18931, 0, 92.38
1791101820 18931, 0, 92.34
1791101821 16869, 0, 92.54
1791101822 16869, 0, 92.29
1791101823 16877, 0, 92.17
1791101825 17055, 1, 92.13
1791101826 17355, 1, 92.04
1791101827 17655, 1, 92.10
1791101828 17935, 1, 91.94
1791101829 19301, 0, 92.57
1791101830 19301, 0, 92.06
1791101832 19301, 5, 92.36
1791101833 19301, 1, 92.26
1791101834 21041, 3, 92.95
1791101835 21041, 0, 92.24
1791101836 21041, 3, 92.05
1791101838 21041, 1, 92.01
1791101839 21041, 3, 92.00
1791101840 21041, 0, 91.94
1791101841 21041, 0, 91.95
1791101842 21041, 1, 91.93
1791101843 21041, 1, 91.91
1791101845 21041, 0, 91.90
1791101846 21041, 2, 91.84
1791101847 21041, 0, 91.21
1791101848 21041, 0, 91.03
1791101849 21041, 2, 91.06
1791101850 21041, 0, 91.10
1791101851 21041, 2, 91.09
1791101853 21041, 2, 91.05
1791101854 21041, 3, 91.02
1791101855 21041, 0, 91.02
1791101856 21041, 0, 91.00
1791101857 21041, 0, 90.98
1791101859 21041, 0, 90.93
1791101860 21041, 2, 90.96
1791101861 21041, 2, 90.92
1791101862 21041, 0, 91.09
1791101863 21041, 2, 90.88
1791101865 21041, 1, 90.93
1791101866 21041, 0, 90.90
1791101867 21041, 2, 90.83
1791101868 21041, 2, 90.80
1791101869 21041, 0, 90.82
1791101870 21041, 1, 90.77
1791101871 21041, 3, 90.72
1791101873 21041, 0, 90.76
1791101874 21041, 0, 90.70
1791101875 21041, 0, 90.72
1791101876 21041, 1, 90.65
1791101877 21041, 0, 90.65
1791101878 21041, 0, 90.63
1791101880 21041, 1, 90.64
1791101881 21041, 1, 90.64
1791101882 21041, 2, 90.64
1791101883 21041, 1, 90.59
1791101884 21041, 3, 90.59
1791101885 21041, 0, 90.59
1791101886 21041, 2, 90.62
1791101888 21041, 0, 90.56
1791101889 21041, 0, 90.48
1791101890 21043, 0, 90.55
1791101891 21051, 1, 91.14
1791101892 21055, 21, 158.62
1791101894 21057, 46, 195.36
1791101895 19333, 0, 90.81
1791101896 20203, 0, 111.94
1791101897 22115, 45, 115.18
1791101898 22785, 32, 176.40
1791101899 22877, 50, 209.75
1791101901 24211, 34, 219.96
1791101902 24237, 36, 201.48
1791101903 24241, 57, 194.19
1791101904 24241, 14, 198.73
1791101905 24251, 62, 202.60
1791101907 24261, 33, 217.48
1791101908 24269, 30, 201.19
1791101909 24269, 0, 180.72
1791101910 24269, 62, 223.39
1791101911 24269, 52, 205.97
1791101912 24271, 60, 198.48
1791101914 24273, 32, 207.19
1791101915 24273, 66, 220.69
1791101916 24273, 49, 215.54
1791101917 24273, 34, 209.29
1791101918 24275, 66, 212.51
1791101919 24277, 63, 215.82
1791101921 24277, 53, 238.14
1791101922 24277, 50, 210.67
1791101923 24277, 18, 209.86
1791101924 24279, 66, 216.67
1791101925 24279, 36, 224.37
1791101926 24281, 57, 207.19
1791101928 24281, 5, 207.66
1791101929 24281, 57, 238.28
1791101930 24283, 17, 211.18
1791101931 24283, 45, 222.94
1791101932 24283, 65, 235.48
1791101934 24283, 45, 202.26
1791101935 24287, 54, 219.88
1791101936 24287, 60, 204.99
1791101937 24287, 36, 214.10
1791101938 24287, 54, 211.65
1791101939 24287, 61, 223.52
1791101941 24289, 59, 230.00
1791101942 24309, 61, 238.96
1791101943 24311, 52, 211.25
1791101944 24311, 72, 246.76
1791101945 24313, 61, 217.96
1791101946 24313, 53, 217.38
1791101947 24313, 45, 224.28
1791101949 24313, 69, 244.32
1791101950 24315, 63, 232.89
1791101951 24315, 46, 230.14
1791101952 24315, 0, 98.37
1791101953 24315, 0, 95.53
1791101955 24315, 1, 95.27
1791101956 24315, 2, 95.06
1791101957 24315, 0, 94.95
1791101958 24315, 0, 94.68
1791101959 24315, 1, 94.66
1791101960 24315, 1, 94.53
1791101962 24315, 3, 94.57
1791101963 24315, 2, 94.40
1791101964 24315, 2, 94.17
1791101965 24315, 0, 94.10
1791101966 24315, 0, 94.04
1791101967 24315, 0, 93.92
1791101969 24315, 0, 93.83
1791101970 24315, 1, 93.73
1791101971 24315, 2, 93.65
1791101972 24315, 1, 93.60
1791101973 24315, 2, 93.61
1791101974 24315, 2, 93.53
1791101975 24315, 3, 93.35
1791101977 24315, 0, 93.34
1791101978 24315, 0, 93.18
1791101979 24315, 5, 93.46
1791101980 24315, 0, 93.05
1791101981 24315, 0, 92.93
1791101982 24315, 0, 92.95
1791101984 24312, 0, 94.04
