1791100172 0, 0, 76.76
1791100173 0, 0, 64.42
1791100175 4, 0, 63.49
1791100176 4, 0, 63.51
1791100177 4, 0, 63.31
1791100178 4, 0, 63.28
1791100179 4, 0, 63.35
1791100180 4, 0, 63.15
1791100182 727, 0, 79.75
1791100183 727, 0, 91.93
1791100184 727, 0, 91.93
1791100185 795, 0, 91.98
1791100186 16257, 0, 91.95
1791100187 16257, 15, 92.30
1791100189 16271, 18, 101.04
1791100190 16283, 20, 99.80
1791100191 16297, 21, 102.28
1791100192 16311, 16, 100.93
1791100193 16325, 21, 103.33
1791100194 16757, 18, 101.67
1791100196 18931, 21, 99.51
1791100197 18931, 0, 92.23
1791100198 18931, 0, 92.17
1791100199 18931, 0, 92.14
1791100200 18931, 0, 92.22
1791100201 16869, 0, 92.32
1791100202 16869, 0, 92.07
1791100204 16875, 0, 92.03
1791100205 16915, 1, 92.00
1791100206 17235, 1, 91.94
1791100207 17555, 1, 91.88
1791100208 17855, 1, 91.90
1791100210 19301, 5, 92.26
1791100211 19301, 0, 91.89
1791100212 19301, 4, 92.04
1791100213 19301, 5, 92.12
1791100214 21041, 3, 92.75
1791100215 21041, 3, 92.07
1791100217 21041, 2, 91.96
1791100218 21041, 0, 91.80
1791100219 21041, 0, 91.86
1791100220 21041, 2, 91.80
1791100221 21041, 4, 91.65
1791100222 21041, 2, 91.76
1791100223 21041, 1, 91.68
1791100225 21041, 0, 91.11
1791100226 21041, 3, 91.01
1791100227 21041, 3, 90.97
1791100228 21041, 2, 90.87
1791100229 21041, 1, 90.89
1791100230 21041, 0, 90.96
1791100232 21041, 0, 90.86
1791100233 21041, 2, 90.86
1791100234 21041, 0, 90.81
1791100235 21041, 0, 90.82
1791100236 21041, 2, 90.78
1791100237 21041, 2, 90.79
1791100239 21041, 3, 90.70
1791100240 21041, 0, 90.66
1791100241 21041, 0, 90.72
1791100242 21041, 1, 90.72
1791100243 21041, 2, 90.64
1791100244 21041, 0, 90.63
1791100246 21041, 1, 90.57
1791100247 21041, 2, 90.55
1791100248 21041, 4, 90.51
1791100249 21041, 1, 90.51
1791100250 21041, 0, 90.49
1791100251 21041, 0, 90.46
1791100253 21041, 0, 90.48
1791100254 21041, 3, 90.46
1791100255 21041, 4, 90.44
1791100256 21041, 0, 90.41
1791100257 21041, 1, 90.39
1791100258 21041, 2, 90.40
1791100259 21041, 0, 90.31
1791100261 21041, 3, 90.33
1791100262 21041, 0, 90.26
1791100263 21041, 1, 90.31
1791100264 21041, 0, 90.28
1791100265 21041, 0, 90.11
1791100266 21041, 0, 90.06
1791100268 21043, 9, 92.18
1791100269 21043, 0, 90.27
1791100270 21043, 0, 92.83
1791100271 21051, 0, 93.65
1791100272 21051, 15, 93.15
1791100273 21053, 0, 143.96
1791100274 21053, 0, 95.89
1791100276 21057, 51, 152.54
1791100277 21057, 50, 164.60
1791100278 19311, 0, 90.57
1791100279 19373, 0, 92.29
1791100280 19373, 0, 92.95
1791100281 20119, 0, 98.37
1791100283 20139, 0, 89.86
1791100284 20203, 0, 98.96
1791100285 20203, 0, 92.97
1791100286 20203, 0, 90.25
1791100287 20203, 0, 90.23
1791100289 20213, 0, 94.26
1791100290 20213, 0, 90.09
1791100291 20821, 22, 104.96
1791100292 22785, 39, 194.12
1791100293 22877, 52, 208.76
1791100294 24109, 52, 201.87
1791100296 24211, 0, 92.12
1791100297 24211, 26, 144.01
1791100298 24213, 1, 95.02
1791100299 24241, 34, 183.89
1791100300 24241, 26, 207.69
1791100301 24251, 47, 211.10
1791100303 24253, 23, 221.85
1791100304 24269, 57, 188.62
1791100305 24269, 10, 209.62
1791100306 24269, 0, 115.01
1791100307 24269, 23, 187.59
1791100308 24269, 3, 198.27
1791100310 24271, 42, 208.72
1791100311 24273, 56, 214.61
1791100312 24273, 18, 203.37
1791100313 24273, 34, 225.70
1791100314 24273, 57, 202.71
1791100315 24277, 65, 221.52
1791100316 24277, 51, 216.26
1791100318 24277, 64, 229.41
1791100319 24277, 52, 202.03
1791100320 24277, 58, 228.38
1791100321 24279, 39, 221.28
1791100322 24281, 33, 228.77
1791100323 24281, 58, 198.22
1791100325 24281, 35, 227.00
1791100326 24281, 57, 239.27
1791100327 24283, 36, 215.99
1791100328 24283, 40, 230.27
1791100329 24283, 66, 218.29
1791100330 24285, 53, 204.59
1791100331 24287, 54, 212.75
1791100333 24287, 47, 204.78
1791100334 24287, 61, 209.10
1791100335 24287, 51, 218.77
1791100336 24287, 62, 219.83
1791100337 24291, 62, 227.09
1791100338 24311, 51, 223.33
1791100340 24311, 36, 233.55
1791100341 24311, 47, 243.38
1791100342 24313, 61, 229.02
1791100343 24313, 32, 227.64
1791100344 24315, 59, 223.49
1791100345 24315, 60, 235.80
1791100346 24315, 47, 232.29
1791100348 24315, 29, 207.59
1791100349 24315, 3, 94.56
1791100350 24315, 2, 94.20
1791100351 24315, 0, 94.00
1791100352 24315, 0, 93.88
1791100354 24315, 3, 93.65
1791100355 24315, 0, 93.55
1791100356 24315, 1, 93.47
1791100357 24315, 0, 93.33
1791100358 24315, 1, 93.17
1791100359 24315, 0, 93.06
1791100361 24315, 3, 92.99
1791100362 24315, 4, 92.95
1791100363 24315, 0, 92.76
1791100364 24315, 0, 92.69
1791100365 24315, 0, 92.58
1791100367 24315, 2, 92.54
1791100368 24315, 2, 92.48
1791100369 24315, 1, 92.41
1791100370 24315, 3, 92.23
1791100371 24315, 1, 92.20
1791100372 24315, 5, 92.28
1791100374 24315, 0, 92.10
1791100375 24315, 0, 91.89
1791100376 24315, 0, 91.88
1791100377 24315, 0, 92.72
