1788625645 2, 0, 76.39
1788625646 4, 0, 74.21
1788625647 4, 0, 51.08
1788625648 4, 0, 48.59
1788625649 4, 0, 26.72
1788625650 622, 2, 30.49
1788625651 622, 0, 71.71
1788625652 710, 0, 71.69
1788625653 16150, 0, 71.54
1788625654 16166, 53, 103.79
1788625655 16184, 53, 116.84
1788625656 16202, 52, 116.31
1788625657 16222, 53, 118.18
1788625658 18200, 53, 117.64
1788625659 16762, 0, 104.33
1788625660 16776, 0, 91.79
1788625661 17256, 2, 75.82
1788625663 17968, 0, 70.83
1788625664 17968, 1, 70.61
1788625665 17968, 3, 71.27
1788625666 17968, 4, 72.04
1788625667 17968, 6, 72.38
1788625668 17968, 8, 73.08
1788625669 17968, 8, 72.47
1788625670 17968, 8, 71.54
1788625671 17968, 8, 70.41
1788625672 17968, 8, 70.80
1788625673 17968, 6, 71.30
1788625674 17968, 5, 71.76
1788625675 17968, 4, 71.81
1788625676 17968, 0, 71.46
1788625677 17968, 0, 70.76
1788625678 18080, 0, 88.52
1788625679 18080, 0, 69.99
1788625680 18080, 0, 70.07
1788625681 18080, 0, 70.44
1788625682 18080, 0, 71.50
1788625683 18080, 0, 71.21
1788625684 18080, 0, 70.96
1788625685 18080, 0, 70.83
1788625686 18080, 0, 70.48
1788625687 18080, 0, 70.25
1788625688 18080, 0, 70.69
1788625689 18080, 0, 71.30
1788625690 18080, 0, 72.11
1788625691 18080, 0, 71.37
1788625692 18080, 0, 79.06
1788625693 19184, 0, 80.50
1788625694 19184, 45, 143.43
1788625695 19186, 68, 131.97
1788625696 19186, 67, 183.29
1788625697 19186, 66, 180.13
1788625698 19186, 67, 179.77
1788625699 19186, 67, 179.76
1788625700 19186, 67, 179.54
1788625701 19186, 66, 178.84
1788625702 19186, 67, 179.45
1788625703 19186, 67, 180.32
1788625704 19186, 67, 180.32
1788625705 19186, 67, 180.09
1788625706 19186, 68, 180.75
1788625707 19186, 67, 179.33
1788625708 19186, 67, 180.20
1788625709 19186, 67, 180.30
1788625711 19186, 67, 180.63
1788625712 19186, 67, 181.60
1788625713 19186, 66, 181.73
1788625714 19186, 68, 181.81
1788625715 19186, 68, 181.25
1788625716 19186, 66, 180.33
1788625717 19186, 67, 179.58
1788625718 19186, 68, 180.49
1788625719 19186, 68, 180.60
1788625720 19186, 68, 180.90
1788625721 17980, 67, 180.77
1788625722 19200, 67, 134.00
1788625723 19200, 0, 105.54
1788625724 19208, 0, 97.33
1788625725 19208, 0, 78.68
1788625726 19212, 0, 82.03
1788625727 19348, 93, 135.01
1788625728 20174, 61, 158.40
1788625729 22954, 66, 162.03
1788625730 22954, 61, 156.64
1788625731 22974, 66, 159.37
1788625732 22974, 60, 161.43
1788625733 22974, 68, 157.68
1788625734 22974, 59, 167.79
1788625735 22974, 68, 155.71
1788625736 22974, 60, 171.65
1788625737 22974, 61, 153.29
1788625738 22974, 60, 169.46
1788625739 22974, 58, 152.10
1788625740 22974, 61, 170.52
1788625741 22974, 60, 152.72
1788625742 22974, 61, 171.47
1788625743 22974, 20, 143.52
1788625744 22974, 67, 163.04
1788625745 22974, 60, 161.71
1788625746 22974, 59, 168.89
1788625747 22974, 61, 152.58
1788625748 22974, 67, 169.29
1788625749 22974, 61, 154.30
1788625750 22974, 67, 166.30
1788625751 22974, 59, 156.92
1788625752 22974, 66, 163.71
1788625753 22974, 60, 161.04
1788625754 22974, 67, 159.42
1788625755 22974, 60, 163.72
1788625756 22974, 68, 156.46
1788625757 22974, 60, 170.89
1788625759 22974, 60, 155.55
1788625760 22974, 62, 172.67
1788625761 22974, 59, 153.16
1788625762 22974, 61, 171.16
1788625763 22974, 60, 153.06
1788625764 22974, 65, 169.14
1788625765 22974, 60, 155.64
1788625766 22974, 66, 167.08
1788625767 22974, 60, 156.40
1788625768 22974, 66, 163.61
1788625769 22974, 60, 161.30
1788625770 22974, 67, 167.92
1788625771 22974, 68, 180.42
1788625772 22974, 66, 180.56
1788625773 22974, 67, 180.75
1788625774 22974, 67, 180.37
1788625775 22974, 67, 179.69
1788625776 22974, 67, 180.46
1788625777 22974, 67, 180.13
1788625778 22974, 67, 180.73
1788625779 22974, 66, 181.03
1788625780 22974, 67, 182.10
1788625781 22974, 68, 183.34
1788625782 22974, 67, 180.92
1788625783 22974, 67, 181.38
1788625784 22974, 66, 181.05
1788625785 22974, 67, 180.49
1788625786 22974, 67, 180.97
1788625787 22974, 67, 180.76
1788625788 22974, 67, 179.82
1788625789 22974, 66, 181.64
1788625790 22974, 67, 181.71
1788625791 22974, 67, 181.04
1788625792 22974, 68, 180.81
1788625793 22974, 67, 180.55
1788625794 22974, 66, 181.31
1788625795 22974, 67, 181.16
1788625796 22974, 63, 179.63
1788625797 22974, 59, 154.27
1788625798 22974, 67, 167.34
1788625799 22974, 59, 158.61
1788625800 22974, 66, 162.79
1788625801 22974, 60, 160.19
1788625802 22974, 66, 158.43
1788625803 22974, 60, 168.00
1788625804 22974, 62, 153.83
1788625806 22974, 61, 172.51
1788625807 22974, 61, 152.80
1788625808 22974, 60, 168.51
1788625809 22974, 60, 152.93
1788625810 22974, 59, 170.96
1788625811 22974, 60, 153.18
1788625812 22974, 67, 169.00
1788625813 22974, 60, 153.87
1788625814 22974, 67, 165.39
1788625815 22974, 59, 157.12
1788625816 22974, 66, 161.96
1788625817 22974, 61, 152.46
1788625818 22974, 59, 169.29
1788625819 22974, 60, 153.62
1788625820 22974, 67, 167.59
1788625821 22974, 59, 157.41
1788625822 22974, 66, 162.15
1788625823 22974, 59, 161.45
1788625824 22974, 62, 141.19
1788625825 22974, 61, 169.53
1788625826 22974, 59, 154.10
1788625827 22974, 60, 172.50
1788625828 22974, 61, 154.03
1788625829 22974, 60, 170.24
1788625830 22974, 61, 152.66
1788625831 22974, 67, 169.08
1788625832 22974, 61, 157.02
1788625833 22974, 66, 164.27
1788625834 22974, 59, 159.27
1788625835 22974, 67, 160.92
1788625836 22974, 59, 165.95
1788625837 22974, 71, 156.35
1788625838 22974, 61, 166.76
1788625839 22974, 59, 152.83
1788625840 22974, 66, 181.40
1788625841 22974, 67, 181.49
1788625842 22974, 67, 181.17
1788625843 22974, 67, 180.52
1788625844 22974, 66, 179.69
1788625845 22974, 67, 181.02
1788625846 22974, 67, 181.70
1788625847 22974, 67, 181.88
1788625848 22974, 68, 183.11
1788625849 22974, 67, 183.62
1788625850 22974, 67, 182.35
1788625852 22974, 67, 181.07
1788625853 22974, 67, 179.86
1788625854 22974, 68, 180.94
1788625855 22974, 66, 180.57
1788625856 22974, 67, 181.27
1788625857 22974, 67, 181.06
1788625858 22974, 67, 181.39
1788625859 22974, 67, 181.81
1788625860 22974, 67, 181.44
1788625861 22974, 67, 180.68
1788625862 22974, 67, 180.36
1788625863 22974, 67, 180.37
1788625864 22974, 67, 182.00
1788625865 22974, 65, 180.81
1788625866 22974, 66, 178.78
1788625867 22974, 57, 162.52
1788625868 22974, 59, 150.05
1788625869 22974, 59, 169.58
1788625870 22974, 57, 151.49
1788625871 22974, 58, 171.22
1788625872 22974, 58, 153.49
1788625873 22974, 66, 166.76
1788625874 22974, 60, 157.45
1788625875 22974, 65, 162.43
1788625876 22974, 61, 162.16
1788625877 22974, 67, 157.04
1788625878 22974, 60, 167.68
1788625879 22974, 60, 152.80
1788625880 22974, 60, 169.98
1788625881 22974, 59, 153.63
1788625882 22974, 57, 169.58
1788625883 22974, 57, 151.01
1788625884 22974, 65, 164.75
1788625885 22974, 61, 159.30
1788625886 22974, 67, 160.56
1788625887 22974, 60, 165.93
1788625888 22974, 67, 169.39
1788625889 22974, 60, 154.30
1788625890 22974, 66, 164.27
1788625891 22974, 61, 158.78
1788625892 22974, 65, 161.20
1788625893 22974, 60, 165.83
1788625894 22974, 68, 157.59
1788625895 22974, 60, 171.12
1788625896 22974, 61, 154.11
1788625897 22974, 60, 169.55
1788625898 22974, 60, 152.38
1788625900 22974, 58, 170.33
1788625901 22974, 60, 153.17
1788625902 22974, 65, 169.43
1788625903 22974, 59, 153.51
1788625904 22974, 66, 167.97
1788625905 22974, 59, 158.13
1788625906 22974, 66, 161.53
1788625907 22974, 25, 158.52
1788625908 22974, 62, 142.98
1788625909 22974, 61, 172.07
1788625910 22974, 58, 153.93
1788625911 22974, 67, 173.97
1788625912 22974, 67, 181.23
1788625913 22974, 67, 181.50
1788625914 22974, 67, 181.12
1788625915 22974, 67, 181.07
1788625916 22974, 67, 182.16
1788625917 22974, 67, 182.97
1788625918 22974, 67, 183.07
1788625919 22974, 67, 182.78
1788625920 22974, 66, 181.94
1788625921 22974, 67, 181.22
1788625922 22974, 67, 181.87
1788625923 22974, 67, 181.11
1788625924 22974, 67, 182.65
1788625925 22974, 66, 182.01
1788625926 22974, 67, 182.71
1788625927 22974, 68, 182.22
1788625928 22974, 67, 182.04
1788625929 22974, 67, 179.46
1788625930 22974, 66, 180.58
1788625931 22974, 67, 181.35
1788625932 22974, 67, 181.94
1788625933 22974, 67, 182.18
1788625934 22974, 67, 181.32
1788625935 22974, 67, 180.21
1788625936 22974, 66, 181.15
1788625937 22974, 60, 166.66
1788625938 22974, 60, 153.94
1788625939 22974, 61, 171.22
1788625940 22974, 59, 155.06
1788625941 22974, 58, 173.55
1788625942 22974, 61, 155.13
1788625943 22974, 60, 169.68
1788625944 22974, 60, 154.19
1788625945 22974, 66, 166.99
1788625947 22974, 59, 156.59
1788625948 22974, 66, 163.80
1788625949 22974, 60, 164.39
1788625950 22974, 66, 160.82
1788625951 22974, 59, 167.26
1788625952 22974, 68, 157.06
1788625953 22974, 60, 169.63
1788625954 22974, 60, 154.22
1788625955 22974, 54, 169.78
1788625956 22974, 58, 154.66
1788625957 22974, 60, 170.34
1788625958 22974, 60, 153.24
1788625959 22974, 59, 169.62
1788625960 22974, 61, 152.75
1788625961 22974, 61, 170.18
1788625962 22974, 58, 154.87
1788625963 22974, 61, 173.50
1788625964 22974, 59, 156.09
1788625965 22974, 62, 170.88
1788625966 22974, 60, 154.85
1788625967 22974, 66, 167.87
1788625968 22974, 60, 158.41
1788625969 22974, 66, 164.04
1788625970 22974, 61, 162.00
1788625971 22974, 66, 160.90
1788625972 22974, 59, 167.23
1788625973 22974, 68, 156.68
1788625974 22974, 59, 170.22
1788625975 22974, 62, 152.63
1788625976 22974, 60, 170.19
1788625977 22974, 59, 154.49
1788625978 22974, 60, 171.27
1788625979 22974, 59, 154.87
1788625980 22974, 68, 172.99
1788625981 22974, 67, 181.75
1788625982 22974, 67, 181.62
1788625983 22974, 67, 182.01
1788625984 22974, 66, 182.84
1788625985 22974, 67, 182.01
1788625986 22974, 67, 183.71
1788625987 22974, 67, 183.62
1788625988 22974, 67, 182.55
1788625989 22974, 67, 181.65
1788625990 22974, 67, 181.67
1788625991 22974, 68, 182.19
1788625992 22974, 67, 181.89
1788625994 22974, 67, 183.55
1788625995 22974, 66, 183.11
1788625996 22974, 67, 182.50
1788625997 22974, 68, 182.78
1788625998 22974, 67, 181.85
1788625999 22974, 67, 181.64
1788626000 22974, 67, 181.66
1788626001 22974, 67, 182.86
1788626002 22974, 67, 182.54
1788626003 22974, 67, 181.91
1788626004 22974, 67, 181.01
1788626005 22974, 66, 181.67
1788626006 22974, 63, 181.94
1788626007 22974, 60, 169.96
1788626008 22974, 60, 155.46
1788626009 22974, 61, 174.61
1788626010 22974, 60, 155.59
1788626011 22974, 59, 172.19
1788626012 22974, 61, 153.64
1788626013 22974, 65, 171.00
1788626014 22974, 60, 153.91
1788626015 22974, 67, 151.70
1788626016 22974, 59, 163.04
1788626017 22974, 70, 158.26
1788626018 22974, 61, 170.72
1788626019 22974, 60, 154.23
1788626020 22974, 61, 170.46
1788626021 22974, 58, 152.70
1788626022 22974, 59, 169.92
1788626023 22974, 61, 155.04
1788626024 22974, 67, 170.46
1788626025 22974, 61, 157.97
1788626026 22974, 66, 167.45
1788626027 22974, 60, 160.50
1788626028 22974, 66, 162.95
1788626029 22974, 59, 162.43
1788626030 22974, 60, 170.80
1788626031 22974, 60, 156.22
1788626032 22974, 66, 168.83
1788626033 22974, 59, 160.04
1788626034 22974, 66, 163.37
1788626035 22974, 60, 163.06
1788626036 22974, 67, 158.89
1788626037 22974, 58, 166.64
1788626038 22974, 62, 154.13
1788626039 22974, 60, 172.90
1788626040 22974, 61, 155.05
1788626042 22974, 61, 170.41
1788626043 22974, 60, 153.49
1788626044 22974, 61, 169.52
1788626045 22974, 58, 153.95
1788626046 22974, 67, 170.26
1788626047 22974, 59, 158.68
1788626048 22974, 66, 166.74
1788626049 22974, 61, 161.62
1788626050 22974, 66, 161.22
1788626051 22974, 67, 181.73
1788626052 22974, 67, 181.45
1788626053 22974, 68, 182.36
1788626054 22974, 67, 183.45
1788626055 22974, 66, 183.44
1788626056 22974, 68, 183.62
1788626057 22974, 68, 182.04
1788626058 22974, 66, 181.50
1788626059 22974, 67, 181.23
1788626060 22974, 67, 181.98
1788626061 22974, 68, 182.54
1788626062 22974, 66, 183.19
1788626063 22974, 67, 183.27
1788626064 22974, 67, 182.84
1788626065 22974, 67, 182.49
1788626066 22974, 68, 182.24
1788626067 22974, 67, 182.00
1788626068 22974, 67, 182.37
1788626069 22974, 67, 182.86
1788626070 22974, 66, 182.20
1788626071 22974, 67, 181.40
1788626072 22974, 67, 181.62
1788626073 22974, 67, 181.72
1788626074 22974, 67, 182.10
1788626075 22974, 65, 182.46
1788626076 22974, 67, 182.41
1788626077 22974, 59, 168.48
1788626078 22974, 66, 169.18
1788626079 22974, 59, 157.49
1788626080 22974, 67, 164.15
1788626081 22974, 60, 161.55
1788626082 22974, 67, 159.31
1788626083 22974, 60, 167.78
1788626084 22974, 68, 157.25
1788626085 22974, 60, 171.62
1788626086 22974, 59, 154.03
1788626087 22974, 62, 172.97
1788626088 22974, 59, 154.80
1788626090 22974, 61, 170.12
1788626091 22974, 61, 154.29
1788626092 22974, 66, 171.21
1788626093 22974, 61, 156.25
1788626094 22974, 66, 166.09
1788626095 22974, 61, 161.67
1788626096 22974, 66, 160.74
1788626097 22974, 60, 165.23
1788626098 22974, 60, 143.50
1788626099 22974, 62, 170.68
1788626100 22974, 59, 155.47
1788626101 22974, 61, 173.57
1788626102 22974, 66, 158.08
1788626103 22974, 58, 165.66
1788626104 22974, 61, 152.82
1788626105 22974, 61, 171.99
1788626106 22974, 59, 154.00
1788626107 22974, 61, 172.00
1788626108 22974, 59, 153.63
1788626109 22974, 62, 170.98
1788626110 22974, 61, 154.34
1788626111 22974, 66, 167.58
1788626112 22974, 60, 157.53
1788626113 22974, 66, 163.93
1788626114 22974, 61, 161.62
1788626115 22974, 66, 161.82
1788626116 22974, 60, 167.60
1788626117 22974, 68, 156.86
1788626118 22974, 60, 170.21
1788626119 22974, 61, 152.83
1788626120 22974, 67, 180.24
1788626121 22974, 67, 182.54
1788626122 22974, 67, 183.19
1788626123 22974, 66, 183.28
1788626124 22974, 68, 183.47
1788626125 22974, 67, 181.57
1788626126 22974, 67, 181.05
1788626127 22974, 67, 181.56
1788626128 22974, 67, 182.43
1788626129 22974, 67, 182.47
1788626130 22974, 67, 181.80
1788626131 22974, 66, 182.37
1788626132 22974, 68, 182.65
1788626133 22974, 66, 182.06
1788626134 22974, 68, 181.47
1788626136 22974, 67, 181.76
1788626137 22974, 66, 182.06
1788626138 22974, 67, 182.40
1788626139 22974, 67, 182.29
1788626140 22974, 68, 181.40
1788626141 22974, 66, 181.26
1788626142 22974, 66, 181.30
1788626143 22974, 67, 181.12
1788626144 22974, 67, 182.07
1788626145 22974, 68, 183.54
1788626146 22974, 66, 183.74
1788626147 22974, 61, 175.61
1788626148 22974, 59, 155.02
1788626149 22974, 59, 165.88
1788626150 22974, 71, 157.27
1788626151 22974, 60, 168.43
1788626152 22974, 61, 154.62
1788626153 22974, 59, 171.34
1788626154 22974, 59, 154.40
1788626155 22974, 61, 170.53
1788626156 22974, 61, 153.95
1788626157 22974, 60, 170.24
1788626158 22974, 61, 156.23
1788626159 22974, 65, 166.85
1788626160 22974, 61, 158.84
1788626161 22974, 66, 163.13
1788626162 22974, 59, 162.77
1788626163 22974, 67, 158.37
1788626164 22974, 47, 165.39
1788626165 22974, 62, 153.70
1788626166 22974, 60, 170.76
1788626167 22974, 61, 154.90
1788626168 22974, 61, 173.90
1788626169 22974, 59, 155.43
1788626170 22974, 61, 173.11
1788626171 22974, 58, 154.32
1788626172 22974, 59, 169.67
1788626173 22974, 59, 143.16
1788626174 22974, 60, 170.00
1788626175 22974, 60, 154.29
1788626176 22974, 66, 169.83
1788626177 22974, 60, 171.24
1788626178 22974, 66, 165.35
1788626179 22974, 61, 161.72
1788626180 22974, 66, 160.12
1788626181 22974, 60, 166.27
1788626182 22974, 68, 156.83
1788626184 22974, 59, 170.70
1788626185 22974, 61, 153.81
1788626186 22974, 59, 171.05
1788626187 22974, 61, 153.23
1788626188 22974, 60, 170.48
1788626189 22974, 59, 154.19
1788626190 22974, 68, 169.87
1788626191 22974, 64, 182.84
1788626192 22974, 67, 184.14
1788626193 22974, 67, 183.43
1788626194 22974, 67, 182.58
1788626195 22974, 67, 181.12
1788626196 22974, 67, 181.27
1788626197 22974, 67, 182.73
1788626198 22974, 67, 182.54
1788626199 22974, 67, 182.58
1788626200 22974, 67, 182.63
1788626201 22974, 67, 183.09
1788626202 22974, 66, 182.79
1788626203 22974, 67, 181.92
1788626204 22974, 67, 182.27
1788626205 22974, 67, 182.21
1788626206 22974, 67, 182.79
1788626207 22974, 67, 182.40
1788626208 22974, 67, 182.38
1788626209 22974, 66, 181.91
1788626210 22974, 67, 181.60
1788626211 22974, 68, 181.87
1788626212 22974, 66, 182.20
1788626213 22974, 67, 183.15
1788626214 22974, 65, 183.35
1788626215 22974, 67, 183.30
1788626216 22974, 67, 181.53
1788626217 22974, 59, 159.16
1788626218 22974, 66, 164.18
1788626219 22974, 61, 154.26
1788626220 22974, 62, 172.85
1788626221 22974, 60, 156.63
1788626222 22974, 66, 169.35
1788626223 22974, 60, 161.04
1788626224 22974, 66, 164.51
1788626225 22974, 59, 163.28
1788626226 22974, 68, 158.81
1788626227 22974, 59, 166.05
1788626228 22974, 68, 155.28
1788626230 22974, 61, 171.04
1788626231 22974, 60, 153.18
1788626232 22974, 61, 171.40
1788626233 22974, 60, 152.93
1788626234 22974, 61, 169.72
1788626235 22974, 60, 154.38
1788626236 22974, 67, 169.87
1788626237 22974, 59, 156.87
1788626238 22974, 65, 165.27
1788626239 22974, 61, 163.96
1788626240 22974, 66, 159.59
1788626241 22974, 60, 165.77
1788626242 22974, 69, 156.01
1788626243 22974, 59, 157.52
1788626244 22974, 66, 165.71
1788626245 22974, 61, 162.59
1788626246 22974, 66, 161.18
1788626247 22974, 59, 166.32
1788626248 22974, 69, 157.49
1788626249 22974, 28, 167.77
1788626250 22974, 59, 145.12
1788626251 22974, 60, 172.09
1788626252 22974, 59, 154.39
1788626253 22974, 62, 171.85
1788626254 22974, 59, 154.53
1788626255 22974, 67, 168.73
1788626256 22974, 60, 158.71
1788626257 22974, 66, 164.12
1788626258 22974, 61, 161.65
1788626259 22974, 66, 162.25
1788626260 22974, 67, 183.74
1788626261 22974, 67, 183.01
1788626262 22974, 66, 182.16
1788626263 22974, 67, 181.72
1788626264 22974, 67, 181.32
1788626265 22974, 68, 180.86
1788626266 22974, 68, 181.94
1788626267 22974, 66, 182.18
1788626268 22974, 67, 181.63
1788626269 22974, 67, 181.95
1788626270 22974, 66, 181.77
1788626271 22974, 67, 181.34
1788626272 22974, 65, 181.57
1788626273 22974, 66, 182.16
1788626274 22974, 66, 181.03
1788626275 22974, 67, 181.50
1788626277 22974, 67, 181.37
1788626278 22974, 67, 180.64
1788626279 22974, 67, 181.20
1788626280 22974, 67, 181.31
1788626281 22974, 67, 182.16
1788626282 22974, 67, 182.23
1788626283 22974, 66, 183.12
1788626284 22974, 67, 183.33
1788626285 22974, 67, 181.60
1788626286 22974, 67, 179.81
1788626287 22974, 59, 166.03
1788626288 22974, 60, 153.15
1788626289 22974, 61, 172.52
1788626290 22974, 66, 163.67
1788626291 22974, 58, 162.93
1788626292 22974, 66, 159.57
1788626293 22974, 58, 166.29
1788626294 22974, 62, 152.75
1788626295 22974, 61, 169.58
1788626296 22974, 59, 154.04
1788626297 22974, 61, 170.96
1788626298 22974, 59, 154.94
1788626299 22974, 61, 170.87
1788626300 22974, 60, 154.31
1788626301 22974, 66, 169.95
1788626302 22974, 60, 157.97
1788626303 22974, 65, 165.80
1788626304 22974, 60, 161.74
1788626305 22974, 66, 163.52
1788626306 22974, 59, 166.60
1788626307 22974, 70, 158.70
1788626308 22974, 60, 170.25
1788626309 22974, 62, 153.03
1788626310 22974, 60, 169.59
1788626311 22974, 59, 154.26
1788626312 22974, 62, 170.88
1788626313 22974, 67, 159.09
1788626314 22974, 59, 167.72
1788626315 22974, 63, 153.90
1788626316 22974, 60, 171.71
1788626317 22974, 61, 153.68
1788626318 22974, 59, 170.12
1788626319 22974, 60, 154.21
1788626320 22974, 61, 172.59
1788626321 22974, 60, 154.22
1788626323 22974, 67, 168.07
1788626324 22974, 58, 156.60
1788626325 22974, 66, 165.67
1788626326 22974, 61, 160.90
1788626327 22974, 66, 161.24
1788626328 22974, 60, 165.29
1788626329 22974, 60, 145.95
1788626330 22974, 67, 179.55
1788626331 22974, 67, 182.24
1788626332 22974, 68, 181.95
1788626333 22974, 67, 182.55
1788626334 22974, 67, 181.99
1788626335 22974, 67, 181.97
1788626336 22974, 67, 182.29
1788626337 22974, 66, 181.62
1788626338 22974, 68, 180.95
1788626339 22974, 66, 181.71
1788626340 22974, 67, 180.59
1788626341 22974, 67, 181.38
1788626342 22974, 67, 180.91
1788626343 22974, 68, 181.81
1788626344 22974, 66, 182.14
1788626345 22974, 67, 181.76
1788626346 22974, 67, 181.20
1788626347 22974, 68, 181.96
1788626348 22974, 67, 182.19
1788626349 22974, 67, 182.37
1788626350 22974, 66, 182.84
1788626351 22974, 68, 183.06
1788626352 22974, 66, 182.57
1788626353 22974, 67, 181.92
1788626354 22974, 67, 180.78
1788626355 22974, 67, 180.89
1788626356 22974, 60, 175.88
1788626357 22974, 59, 154.20
1788626358 22974, 64, 172.20
1788626359 22974, 63, 154.26
1788626360 22974, 60, 171.23
1788626361 22974, 61, 154.42
1788626362 22974, 60, 169.95
1788626363 22974, 61, 153.65
1788626364 22974, 60, 171.24
1788626365 22974, 59, 155.36
1788626366 22974, 67, 168.95
1788626367 22974, 59, 159.51
1788626368 22974, 66, 163.74
1788626370 22974, 61, 162.80
1788626371 22974, 66, 160.15
1788626372 22974, 60, 166.55
1788626373 22974, 61, 155.06
1788626374 22974, 61, 174.67
1788626375 22974, 60, 155.35
1788626376 22974, 60, 172.93
1788626377 22974, 60, 154.00
1788626378 22974, 62, 171.34
1788626379 22974, 61, 154.15
1788626380 22974, 67, 167.03
1788626381 22974, 59, 158.77
1788626382 22974, 66, 164.07
1788626383 22974, 60, 153.92
1788626384 22974, 59, 169.90
1788626385 22974, 60, 153.44
1788626386 22974, 67, 167.67
1788626387 22974, 60, 157.90
1788626388 22974, 66, 164.78
1788626389 22974, 60, 160.79
1788626390 22974, 67, 160.15
1788626391 22974, 58, 165.84
1788626392 22974, 68, 154.79
1788626393 22974, 60, 170.12
1788626394 22974, 61, 153.65
1788626395 22974, 61, 171.93
1788626396 22974, 59, 155.33
1788626397 22974, 61, 173.32
1788626398 22974, 60, 154.91
1788626399 22974, 67, 171.10
1788626400 22974, 67, 180.10
1788626401 22974, 67, 180.58
1788626402 22974, 65, 180.12
1788626403 22974, 67, 181.58
1788626404 22974, 68, 182.06
1788626405 22974, 67, 181.97
1788626406 22974, 66, 181.20
1788626407 22974, 67, 180.37
1788626408 22974, 67, 180.28
1788626409 22974, 66, 180.16
1788626410 22974, 67, 181.50
1788626411 22974, 66, 181.62
1788626412 22974, 68, 180.65
1788626413 22974, 67, 180.21
1788626414 22974, 68, 180.65
1788626415 22974, 67, 181.04
1788626417 22974, 66, 181.38
1788626418 22974, 67, 182.21
1788626419 22974, 67, 180.26
1788626420 22974, 68, 183.40
1788626421 22974, 67, 182.55
1788626422 22974, 66, 181.59
1788626423 22974, 67, 180.52
1788626424 22974, 67, 181.21
1788626425 22974, 68, 181.73
1788626426 22974, 8, 149.99
1788626427 22974, 8, 93.87
1788626428 22974, 6, 82.39
1788626429 22974, 6, 72.38
1788626430 22974, 6, 71.45
1788626431 22974, 6, 71.19
1788626432 22974, 5, 71.69
1788626433 22974, 4, 72.62
1788626434 22974, 4, 73.27
1788626435 22974, 4, 72.14
1788626436 22974, 4, 71.57
1788626437 22974, 4, 71.69
1788626438 22974, 0, 72.24
