1791087286 907, 7001, 46, 0x0000000000000000 | 13.47 4.38 3.86 | cpu  134169895 2730974 30340580 3922818126 150621 0 274472 0 0 0
1791087287 570, 810, 45, 0x0000000000000000 | 13.47 4.38 3.86 | cpu  134172000 2730974 30340658 3922845065 150621 0 274473 0 0 0
1791087288 337, 810, 45, 0x0000000000000000 | 13.47 4.38 3.86 | cpu  134172187 2730974 30340758 3922873206 150621 0 274474 0 0 0
1791087289 255, 810, 45, 0x0000000000000000 | 13.47 4.38 3.86 | cpu  134173476 2730974 30340851 3922900218 150621 0 274474 0 0 0
1791087290 225, 405, 45, 0x0000000000000000 | 12.71 4.38 3.86 | cpu  134174054 2730974 30340946 3922928778 150621 0 274475 0 0 0
1791087291 225, 405, 45, 0x0000000000000000 | 12.71 4.38 3.86 | cpu  134175864 2730974 30341108 3922954382 150621 0 274475 0 0 0
1791087292 225, 405, 45, 0x0000000000000000 | 12.71 4.38 3.86 | cpu  134176066 2730974 30341229 3922982560 150621 0 274475 0 0 0
1791087294 2572, 13801, 46, 0x0000000000000000 | 12.71 4.38 3.86 | cpu  134177009 2730974 30341290 3923010415 150621 0 274475 0 0 0
1791087295 2572, 13801, 47, 0x0000000000000000 | 11.77 4.32 3.84 | cpu  134177412 2730974 30341325 3923039046 150621 0 274476 0 0 0
1791087296 2572, 13801, 47, 0x0000000000000000 | 11.77 4.32 3.84 | cpu  134177761 2730974 30341360 3923067059 150621 0 274476 0 0 0
1791087297 2572, 13801, 46, 0x0000000000000000 | 11.77 4.32 3.84 | cpu  134178206 2730974 30341444 3923094869 150621 0 274476 0 0 0
1791087298 2572, 13801, 46, 0x0000000000000000 | 11.77 4.32 3.84 | cpu  134178751 2730974 30341630 3923123000 150621 0 274476 0 0 0
1791087299 2572, 13801, 46, 0x0000000000000000 | 11.15 4.31 3.84 | cpu  134179199 2730974 30341657 3923150613 150621 0 274476 0 0 0
1791087300 2572, 13801, 46, 0x0000000000000000 | 11.15 4.31 3.84 | cpu  134179648 2730974 30341743 3923178227 150621 0 274476 0 0 0
1791087301 2572, 13801, 46, 0x0000000000000000 | 11.15 4.31 3.84 | cpu  134180092 2730974 30341845 3923205852 150621 0 274477 0 0 0
1791087303 2587, 13801, 46, 0x0000000000000000 | 11.15 4.31 3.84 | cpu  134180697 2730974 30341925 3923233875 150622 0 274482 0 0 0
1791087304 2617, 13801, 46, 0x0000000000000000 | 11.15 4.31 3.84 | cpu  134181093 2730974 30342056 3923262561 150622 0 274484 0 0 0
1791087305 2632, 13801, 46, 0x0000000000000000 | 10.33 4.26 3.83 | cpu  134181423 2730974 30342149 3923290865 150622 0 274484 0 0 0
1791087306 2632, 13801, 46, 0x0000000000000000 | 10.33 4.26 3.83 | cpu  134181900 2730974 30342185 3923318614 150622 0 274484 0 0 0
1791087307 2625, 13801, 46, 0x0000000000000000 | 10.33 4.26 3.83 | cpu  134182293 2730974 30342334 3923347211 150622 0 274492 0 0 0
1791087308 2587, 13801, 46, 0x0000000000000000 | 10.33 4.26 3.83 | cpu  134182660 2730974 30342407 3923376776 150622 0 274497 0 0 0
1791087309 2572, 13801, 46, 0x0000000000000000 | 9.59 4.20 3.81 | cpu  134183177 2730974 30342478 3923405312 150622 0 274497 0 0 0
1791087310 2572, 13801, 46, 0x0000000000000000 | 9.59 4.20 3.81 | cpu  134183584 2730974 30342532 3923433001 150622 0 274497 0 0 0
1791087312 2572, 13801, 46, 0x0000000000000000 | 9.59 4.20 3.81 | cpu  134184138 2730974 30342594 3923460823 150622 0 274497 0 0 0
1791087313 2602, 13801, 46, 0x0000000000000000 | 9.59 4.20 3.81 | cpu  134184731 2730974 30342659 3923488441 150622 0 274497 0 0 0
1791087314 2602, 13801, 45, 0x0000000000000000 | 9.59 4.20 3.81 | cpu  134185172 2730974 30342693 3923516614 150622 0 274498 0 0 0
1791087315 2632, 13801, 45, 0x0000000000000000 | 8.98 4.17 3.80 | cpu  134185596 2730974 30342764 3923544406 150622 0 274498 0 0 0
1791087316 2632, 13801, 45, 0x0000000000000000 | 8.98 4.17 3.80 | cpu  134186124 2730974 30342853 3923571876 150622 0 274500 0 0 0
1791087317 2632, 13801, 45, 0x0000000000000000 | 8.98 4.17 3.80 | cpu  134186330 2730974 30342932 3923600931 150622 0 274500 0 0 0
1791087318 2647, 13801, 45, 0x0000000000000000 | 8.98 4.17 3.80 | cpu  134186394 2730974 30342992 3923629481 150622 0 274500 0 0 0
1791087319 2572, 13801, 45, 0x0000000000000000 | 8.34 4.12 3.79 | cpu  134186400 2730974 30343127 3923657606 150622 0 274500 0 0 0
1791087320 2572, 13801, 45, 0x0000000000000000 | 8.34 4.12 3.79 | cpu  134186440 2730974 30343259 3923685696 150622 0 274501 0 0 0
1791087322 2587, 13801, 45, 0x0000000000000000 | 8.34 4.12 3.79 | cpu  134186533 2730974 30343314 3923713969 150622 0 274501 0 0 0
1791087323 2587, 13801, 45, 0x0000000000000000 | 8.34 4.12 3.79 | cpu  134186629 2730974 30343418 3923742744 150622 0 274501 0 0 0
1791087324 2587, 13801, 45, 0x0000000000000000 | 8.34 4.12 3.79 | cpu  134186726 2730974 30343571 3923771348 150622 0 274504 0 0 0
1791087325 2587, 13801, 45, 0x0000000000000000 | 7.75 4.06 3.77 | cpu  134186802 2730974 30343653 3923799483 150622 0 274504 0 0 0
1791087326 2587, 13801, 45, 0x0000000000000000 | 7.75 4.06 3.77 | cpu  134186882 2730974 30343722 3923827617 150622 0 274504 0 0 0
1791087327 2572, 13801, 45, 0x0000000000000000 | 7.75 4.06 3.77 | cpu  134186988 2730974 30343744 3923855850 150622 0 274504 0 0 0
1791087328 2580, 13801, 45, 0x0000000000000000 | 7.75 4.06 3.77 | cpu  134189282 2730974 30343782 3923884537 150622 0 274504 0 0 0
1791087330 2572, 13801, 45, 0x0000000000000000 | 7.21 4.01 3.76 | cpu  134200420 2730974 30343858 3923904642 150622 0 274505 0 0 0
1791087331 2572, 13801, 45, 0x0000000000000000 | 7.21 4.01 3.76 | cpu  134211937 2730974 30343939 3923923419 150622 0 274505 0 0 0
1791087332 2572, 13801, 45, 0x0000000000000000 | 7.21 4.01 3.76 | cpu  134224464 2730974 30343989 3923943541 150622 0 274506 0 0 0
1791087333 2572, 13801, 45, 0x0000000000000000 | 7.21 4.01 3.76 | cpu  134230838 2730974 30344224 3923966933 150622 0 274506 0 0 0
1791087334 2572, 13801, 45, 0x0000000000000000 | 6.71 3.96 3.74 | cpu  134234732 2730974 30344374 3923990823 150622 0 274506 0 0 0
1791087335 2572, 13801, 45, 0x0000000000000000 | 6.71 3.96 3.74 | cpu  134240179 2730974 30344486 3924013037 150622 0 274506 0 0 0
1791087337 2572, 13801, 45, 0x0000000000000000 | 6.71 3.96 3.74 | cpu  134245799 2730974 30344648 3924035774 150622 0 274506 0 0 0
1791087338 2572, 13801, 45, 0x0000000000000000 | 6.71 3.96 3.74 | cpu  134251734 2730974 30344788 3924058951 150622 0 274506 0 0 0
1791087339 2572, 13801, 44, 0x0000000000000000 | 6.71 3.96 3.74 | cpu  134256761 2730974 30344934 3924081069 150622 0 274507 0 0 0
1791087340 2572, 13801, 44, 0x0000000000000000 | 6.34 3.93 3.73 | cpu  134258938 2730974 30345424 3924108491 150622 0 274507 0 0 0
1791087341 2572, 13801, 44, 0x0000000000000000 | 6.34 3.93 3.73 | cpu  134259013 2730974 30345992 3924137064 150622 0 274508 0 0 0
1791087342 2572, 13801, 44, 0x0000000000000000 | 6.34 3.93 3.73 | cpu  134261876 2730974 30346342 3924163744 150716 0 274508 0 0 0
1791087343 2572, 13801, 44, 0x0000000000000000 | 6.34 3.93 3.73 | cpu  134261935 2730974 30346780 3924192037 151085 0 274508 0 0 0
1791087345 2572, 13801, 44, 0x0000000000000000 | 6.55 4.01 3.76 | cpu  134261999 2730974 30347207 3924221283 151404 0 274509 0 0 0
1791087346 2572, 13801, 44, 0x0000000000000000 | 6.55 4.01 3.76 | cpu  134262223 2730974 30347643 3924248957 151729 0 274509 0 0 0
1791087347 2572, 13801, 44, 0x0000000000000000 | 6.55 4.01 3.76 | cpu  134262284 2730974 30348082 3924276276 152052 0 274510 0 0 0
1791087348 2572, 13801, 44, 0x0000000000000000 | 6.55 4.01 3.76 | cpu  134262352 2730974 30348556 3924305459 152488 0 274512 0 0 0
1791087349 2572, 13801, 44, 0x0000000000000000 | 6.55 4.01 3.76 | cpu  134264350 2730974 30348896 3924331788 152753 0 274513 0 0 0
1791087350 2572, 13801, 44, 0x0000000000000000 | 6.18 3.98 3.75 | cpu  134265494 2730974 30348968 3924358895 152753 0 274513 0 0 0
1791087351 2572, 13801, 44, 0x0000000000000000 | 6.18 3.98 3.75 | cpu  134266660 2730974 30349126 3924386015 152753 0 274514 0 0 0
1791087352 2572, 13801, 44, 0x0000000000000000 | 6.18 3.98 3.75 | cpu  134267746 2730974 30349198 3924413082 152753 0 274514 0 0 0
1791087354 2572, 13801, 44, 0x0000000000000000 | 6.18 3.98 3.75 | cpu  134268880 2730974 30349322 3924440779 152753 0 274514 0 0 0
1791087355 2572, 13801, 44, 0x0000000000000000 | 5.85 3.95 3.74 | cpu  134269967 2730974 30349436 3924468277 152753 0 274516 0 0 0
1791087356 2572, 13801, 44, 0x0000000000000000 | 5.85 3.95 3.74 | cpu  134270454 2730974 30349591 3924496634 152753 0 274516 0 0 0
1791087357 2572, 13801, 44, 0x0000000000000000 | 5.85 3.95 3.74 | cpu  134272202 2730974 30349736 3924523054 152753 0 274516 0 0 0
1791087358 2572, 13801, 44, 0x0000000000000000 | 5.85 3.95 3.74 | cpu  134272304 2730974 30349819 3924551626 152753 0 274516 0 0 0
1791087359 2572, 13801, 44, 0x0000000000000000 | 5.85 3.95 3.74 | cpu  134272378 2730974 30349918 3924580148 152753 0 274516 0 0 0
1791087360 2572, 13801, 44, 0x0000000000000000 | 5.54 3.91 3.73 | cpu  134272540 2730974 30349986 3924608175 152753 0 274516 0 0 0
1791087361 2580, 13801, 44, 0x0000000000000000 | 5.54 3.91 3.73 | cpu  134272712 2730974 30350051 3924636160 152753 0 274516 0 0 0
1791087362 2572, 13801, 44, 0x0000000000000000 | 5.54 3.91 3.73 | cpu  134272875 2730974 30350125 3924664582 152753 0 274516 0 0 0
1791087364 2572, 13801, 44, 0x0000000000000000 | 5.54 3.91 3.73 | cpu  134273047 2730974 30350202 3924693081 152753 0 274518 0 0 0
1791087365 2572, 13801, 44, 0x0000000000000000 | 5.26 3.88 3.72 | cpu  134273190 2730974 30350309 3924721704 152753 0 274518 0 0 0
1791087366 2572, 13801, 44, 0x0000000000000000 | 5.26 3.88 3.72 | cpu  134273250 2730974 30350379 3924749963 152753 0 274518 0 0 0
1791087367 2572, 13801, 44, 0x0000000000000000 | 5.26 3.88 3.72 | cpu  134273304 2730974 30350450 3924778371 152753 0 274518 0 0 0
1791087368 2572, 13801, 44, 0x0000000000000000 | 5.26 3.88 3.72 | cpu  134273366 2730974 30350518 3924806705 152753 0 274518 0 0 0
1791087369 2572, 13801, 44, 0x0000000000000000 | 5.26 3.88 3.72 | cpu  134273443 2730974 30350623 3924835979 152753 0 274518 0 0 0
1791087370 2572, 13801, 44, 0x0000000000000000 | 5.16 3.88 3.72 | cpu  134273502 2730974 30350737 3924864908 152753 0 274518 0 0 0
1791087371 2572, 13801, 44, 0x0000000000000000 | 5.16 3.88 3.72 | cpu  134276131 2730974 30350901 3924890711 152755 0 274520 0 0 0
1791087373 2572, 13801, 44, 0x0000000000000000 | 5.16 3.88 3.72 | cpu  134279500 2730974 30351083 3924916204 152755 0 274520 0 0 0
1791087374 2572, 13801, 44, 0x0000000000000000 | 5.16 3.88 3.72 | cpu  134280541 2730974 30351723 3924943524 152755 0 274521 0 0 0
1791087375 2572, 13801, 44, 0x0000000000000000 | 5.46 3.97 3.75 | cpu  134280598 2730974 30352526 3924970758 152755 0 274521 0 0 0
1791087376 2572, 13801, 43, 0x0000000000000000 | 5.46 3.97 3.75 | cpu  134280664 2730974 30353312 3924998564 152755 0 274522 0 0 0
1791087377 2572, 13801, 43, 0x0000000000000000 | 5.46 3.97 3.75 | cpu  134281912 2730974 30353698 3925025086 152755 0 274523 0 0 0
1791087378 2572, 13801, 43, 0x0000000000000000 | 5.46 3.97 3.75 | cpu  134282756 2730974 30353769 3925053133 152755 0 274524 0 0 0
1791087379 2572, 13801, 43, 0x0000000000000000 | 5.19 3.94 3.74 | cpu  134284314 2730974 30353833 3925079396 152755 0 274525 0 0 0
1791087380 2572, 13801, 43, 0x0000000000000000 | 5.19 3.94 3.74 | cpu  134284974 2730974 30353954 3925107213 152755 0 274525 0 0 0
1791087381 2572, 13801, 43, 0x0000000000000000 | 5.19 3.94 3.74 | cpu  134285051 2730974 30354045 3925135304 152755 0 274525 0 0 0
1791087383 2572, 13801, 43, 0x0000000000000000 | 5.19 3.94 3.74 | cpu  134285109 2730974 30354112 3925163490 152755 0 274526 0 0 0
1791087384 2572, 13801, 43, 0x0000000000000000 | 5.19 3.94 3.74 | cpu  134285224 2730974 30354182 3925191483 152755 0 274526 0 0 0
1791087385 2572, 13801, 43, 0x0000000000000000 | 4.93 3.90 3.73 | cpu  134285408 2730974 30354269 3925220508 152755 0 274534 0 0 0
1791087386 2572, 13801, 43, 0x0000000000000000 | 4.93 3.90 3.73 | cpu  134285584 2730974 30354378 3925248453 152755 0 274535 0 0 0
1791087387 2572, 13801, 43, 0x0000000000000000 | 4.93 3.90 3.73 | cpu  134285764 2730974 30354497 3925276459 152755 0 274536 0 0 0
1791087388 2572, 13801, 43, 0x0000000000000000 | 4.93 3.90 3.73 | cpu  134285959 2730974 30354651 3925304348 152758 0 274539 0 0 0
1791087389 2572, 13801, 43, 0x0000000000000000 | 4.94 3.92 3.74 | cpu  134286140 2730974 30354709 3925332645 152758 0 274540 0 0 0
1791087390 2947, 13801, 48, 0x0000000000000000 | 4.94 3.92 3.74 | cpu  134286268 2730974 30354727 3925361031 152758 0 274540 0 0 0
1791087391 2955, 13801, 47, 0x0000000000000000 | 4.94 3.92 3.74 | cpu  134286384 2730974 30354799 3925389161 152758 0 274542 0 0 0
1791087393 2947, 13801, 48, 0x0000000000000000 | 4.94 3.92 3.74 | cpu  134286498 2730974 30354848 3925417159 152758 0 274543 0 0 0
1791087394 2947, 13801, 48, 0x0000000000000000 | 4.94 3.92 3.74 | cpu  134286613 2730974 30354890 3925445444 152758 0 274543 0 0 0
1791087395 2932, 13801, 54, 0x0000000000000000 | 4.62 3.87 3.72 | cpu  134286727 2730974 30354920 3925474098 152758 0 274543 0 0 0
1791087396 2947, 13801, 51, 0x0000000000000000 | 4.62 3.87 3.72 | cpu  134286842 2730974 30354941 3925502746 152758 0 274543 0 0 0
1791087397 2947, 13801, 51, 0x0000000000000000 | 4.62 3.87 3.72 | cpu  134286966 2730974 30355003 3925530973 152758 0 274543 0 0 0
1791087398 2947, 13801, 52, 0x0000000000000000 | 4.62 3.87 3.72 | cpu  134287088 2730974 30355041 3925559624 152758 0 274544 0 0 0
1791087399 2947, 13801, 49, 0x0000000000000000 | 4.41 3.84 3.71 | cpu  134287203 2730974 30355061 3925588186 152758 0 274544 0 0 0
1791087400 2940, 13801, 52, 0x0000000000000000 | 4.41 3.84 3.71 | cpu  134287322 2730974 30355086 3925617345 152758 0 274544 0 0 0
1791087402 2955, 13801, 51, 0x0000000000000000 | 4.41 3.84 3.71 | cpu  134287437 2730974 30355112 3925645813 152758 0 274544 0 0 0
1791087403 2940, 13801, 50, 0x0000000000000000 | 4.41 3.84 3.71 | cpu  134287566 2730974 30355171 3925674506 152758 0 274544 0 0 0
1791087404 2932, 13801, 53, 0x0000000000000000 | 4.41 3.84 3.71 | cpu  134287693 2730974 30355204 3925702868 152758 0 274544 0 0 0
1791087405 2947, 13801, 49, 0x0000000000000000 | 4.14 3.80 3.70 | cpu  134287806 2730974 30355226 3925731166 152758 0 274544 0 0 0
1791087406 2947, 13801, 55, 0x0000000000000000 | 4.14 3.80 3.70 | cpu  134287924 2730974 30355252 3925759974 152758 0 274549 0 0 0
1791087407 2932, 13801, 57, 0x0000000000000000 | 4.14 3.80 3.70 | cpu  134288038 2730974 30355273 3925788230 152758 0 274550 0 0 0
1791087408 2932, 13801, 50, 0x0000000000000000 | 4.14 3.80 3.70 | cpu  134288162 2730974 30355337 3925816871 152758 0 274550 0 0 0
1791087409 2947, 13801, 50, 0x0000000000000000 | 3.89 3.75 3.68 | cpu  134288275 2730974 30355360 3925844720 152758 0 274550 0 0 0
1791087410 2947, 13801, 51, 0x0000000000000000 | 3.89 3.75 3.68 | cpu  134288392 2730975 30355386 3925873130 152758 0 274552 0 0 0
1791087412 2940, 13801, 56, 0x0000000000000000 | 3.89 3.75 3.68 | cpu  134291166 2730975 30355482 3925897976 152760 0 274552 0 0 0
1791087413 2932, 13801, 54, 0x0000000000000000 | 3.89 3.75 3.68 | cpu  134294708 2730975 30355576 3925922689 152760 0 274553 0 0 0
1791087414 2947, 13801, 54, 0x0000000000000000 | 3.89 3.75 3.68 | cpu  134295603 2730975 30355642 3925949157 152760 0 274554 0 0 0
1791087415 2947, 13801, 52, 0x0000000000000000 | 3.81 3.74 3.68 | cpu  134296538 2730975 30355668 3925976637 152760 0 274554 0 0 0
1791087416 2947, 13801, 56, 0x0000000000000000 | 3.81 3.74 3.68 | cpu  134297750 2730975 30355692 3926004299 152760 0 274556 0 0 0
1791087417 2940, 13801, 53, 0x0000000000000000 | 3.81 3.74 3.68 | cpu  134298967 2730975 30355726 3926031209 152760 0 274558 0 0 0
1791087418 2932, 13801, 55, 0x0000000000000000 | 3.81 3.74 3.68 | cpu  134299109 2730975 30355752 3926059401 152760 0 274559 0 0 0
1791087419 2955, 13801, 51, 0x0000000000000000 | 3.75 3.72 3.68 | cpu  134299239 2730975 30355868 3926087513 152760 0 274560 0 0 0
1791087420 2947, 13801, 53, 0x0000000000000000 | 3.75 3.72 3.68 | cpu  134299464 2730975 30355962 3926115783 152760 0 274560 0 0 0
1791087422 2932, 13801, 54, 0x0000000000000000 | 3.75 3.72 3.68 | cpu  134299689 2730975 30355984 3926144089 152760 0 274560 0 0 0
1791087423 2932, 13801, 54, 0x0000000000000000 | 3.75 3.72 3.68 | cpu  134299918 2730975 30356016 3926172198 152760 0 274564 0 0 0
1791087424 2932, 13801, 53, 0x0000000000000000 | 3.75 3.72 3.68 | cpu  134300141 2730975 30356036 3926200319 152760 0 274564 0 0 0
1791087425 2932, 13801, 54, 0x0000000000000000 | 3.69 3.71 3.67 | cpu  134300375 2730975 30356104 3926228393 152760 0 274565 0 0 0
1791087426 2932, 13801, 58, 0x0000000000000000 | 3.69 3.71 3.67 | cpu  134300536 2730975 30356129 3926256519 152760 0 274566 0 0 0
1791087427 2947, 13801, 52, 0x0000000000000000 | 3.69 3.71 3.67 | cpu  134300653 2730975 30356164 3926284833 152760 0 274566 0 0 0
1791087428 2932, 13801, 54, 0x0000000000000000 | 3.69 3.71 3.67 | cpu  134300767 2730975 30356192 3926313130 152760 0 274567 0 0 0
1791087429 2955, 13801, 55, 0x0000000000000000 | 3.55 3.68 3.66 | cpu  134300926 2730975 30356254 3926342686 152760 0 274572 0 0 0
1791087430 2932, 13801, 56, 0x0000000000000000 | 3.55 3.68 3.66 | cpu  134301060 2730975 30356333 3926371245 152760 0 274572 0 0 0
1791087432 2940, 13801, 54, 0x0000000000000000 | 3.55 3.68 3.66 | cpu  134301176 2730975 30356358 3926399698 152760 0 274573 0 0 0
1791087433 2932, 13801, 56, 0x0000000000000000 | 3.55 3.68 3.66 | cpu  134301292 2730975 30356381 3926427998 152760 0 274575 0 0 0
1791087434 2932, 13801, 55, 0x0000000000000000 | 3.55 3.68 3.66 | cpu  134304930 2730975 30356432 3926451773 152763 0 274580 0 0 0
1791087435 2932, 13801, 59, 0x0000000000000000 | 3.43 3.65 3.65 | cpu  134307085 2730975 30356510 3926476910 152763 0 274581 0 0 0
1791087436 2932, 13801, 53, 0x0000000000000000 | 3.43 3.65 3.65 | cpu  134307920 2730975 30356714 3926504413 152763 0 274587 0 0 0
1791087437 2932, 13801, 56, 0x0000000000000000 | 3.43 3.65 3.65 | cpu  134308144 2730975 30356736 3926532546 152763 0 274587 0 0 0
1791087438 2932, 13801, 60, 0x0000000000000000 | 3.43 3.65 3.65 | cpu  134310312 2730975 30356769 3926557794 152763 0 274588 0 0 0
1791087439 2932, 13801, 56, 0x0000000000000000 | 3.43 3.65 3.65 | cpu  134310491 2730975 30356793 3926586052 152763 0 274588 0 0 0
1791087440 2932, 13801, 60, 0x0000000000000000 | 3.31 3.63 3.64 | cpu  134310613 2730975 30356818 3926615284 152764 0 274588 0 0 0
1791087442 2925, 13801, 59, 0x0000000000000000 | 3.31 3.63 3.64 | cpu  134310779 2730975 30356888 3926643828 152764 0 274588 0 0 0
1791087443 2932, 13801, 58, 0x0000000000000000 | 3.31 3.63 3.64 | cpu  134311002 2730975 30356910 3926672036 152764 0 274588 0 0 0
1791087444 2932, 13801, 55, 0x0000000000000000 | 3.31 3.63 3.64 | cpu  134311230 2730975 30356932 3926699972 152764 0 274589 0 0 0
1791087445 2947, 13801, 54, 0x0000000000000000 | 3.37 3.63 3.65 | cpu  134311448 2730975 30356958 3926727951 152764 0 274590 0 0 0
1791087446 2955, 13801, 51, 0x0000000000000000 | 3.37 3.63 3.65 | cpu  134311600 2730975 30357023 3926756503 152764 0 274596 0 0 0
1791087447 2572, 13801, 50, 0x0000000000000000 | 3.37 3.63 3.65 | cpu  134311668 2730975 30357148 3926784731 152764 0 274599 0 0 0
1791087448 2572, 13801, 50, 0x0000000000000000 | 3.37 3.63 3.65 | cpu  134311736 2730975 30357221 3926812900 152764 0 274599 0 0 0
1791087449 2572, 13801, 49, 0x0000000000000000 | 3.18 3.59 3.63 | cpu  134311809 2730976 30357308 3926840970 152764 0 274599 0 0 0
1791087450 2572, 13801, 49, 0x0000000000000000 | 3.18 3.59 3.63 | cpu  134311885 2730976 30357413 3926869827 152764 0 274608 0 0 0
1791087452 2572, 13801, 49, 0x0000000000000000 | 3.18 3.59 3.63 | cpu  134311952 2730976 30357553 3926898522 152764 0 274612 0 0 0
1791087453 2572, 13801, 49, 0x0000000000000000 | 3.18 3.59 3.63 | cpu  134312019 2730976 30357667 3926927234 152764 0 274612 0 0 0
1791087454 2572, 13801, 49, 0x0000000000000000 | 3.18 3.59 3.63 | cpu  134312376 2730976 30357734 3926955051 152764 0 274612 0 0 0
1791087455 2572, 13801, 49, 0x0000000000000000 | 3.00 3.55 3.62 | cpu  134312430 2730976 30357803 3926983162 152764 0 274612 0 0 0
1791087456 2572, 13801, 48, 0x0000000000000000 | 3.00 3.55 3.62 | cpu  134316646 2730976 30358016 3927007373 152765 0 274614 0 0 0
1791087457 2572, 13801, 48, 0x0000000000000000 | 3.00 3.55 3.62 | cpu  134318178 2730976 30358102 3927034455 152765 0 274614 0 0 0
1791087458 2572, 13801, 48, 0x0000000000000000 | 3.00 3.55 3.62 | cpu  134319011 2730976 30358209 3927061766 152765 0 274614 0 0 0
1791087459 2572, 13801, 48, 0x0000000000000000 | 2.92 3.52 3.61 | cpu  134319491 2730976 30358281 3927089587 152765 0 274614 0 0 0
1791087460 2572, 13801, 48, 0x0000000000000000 | 2.92 3.52 3.61 | cpu  134321316 2730976 30358363 3927115958 152765 0 274614 0 0 0
1791087462 2572, 13801, 48, 0x0000000000000000 | 2.92 3.52 3.61 | cpu  134321402 2730976 30358439 3927144305 152765 0 274616 0 0 0
1791087463 2572, 13801, 48, 0x0000000000000000 | 2.92 3.52 3.61 | cpu  134321469 2730976 30358516 3927172918 152765 0 274616 0 0 0
1791087464 2572, 13801, 48, 0x0000000000000000 | 2.92 3.52 3.61 | cpu  134321584 2730976 30358615 3927200954 152765 0 274616 0 0 0
1791087465 2572, 13801, 48, 0x0000000000000000 | 2.85 3.49 3.60 | cpu  134321747 2730976 30358693 3927229386 152765 0 274616 0 0 0
1791087466 2572, 13801, 47, 0x0000000000000000 | 2.85 3.49 3.60 | cpu  134321918 2730976 30358762 3927257398 152765 0 274616 0 0 0
1791087467 2572, 13801, 47, 0x0000000000000000 | 2.85 3.49 3.60 | cpu  134322085 2730976 30358831 3927285525 152765 0 274617 0 0 0
1791087468 2572, 13801, 47, 0x0000000000000000 | 2.85 3.49 3.60 | cpu  134322259 2730976 30358925 3927314020 152765 0 274617 0 0 0
1791087469 2572, 13801, 47, 0x0000000000000000 | 2.78 3.47 3.59 | cpu  134322440 2730976 30358996 3927341858 152765 0 274617 0 0 0
1791087470 2572, 13801, 47, 0x0000000000000000 | 2.78 3.47 3.59 | cpu  134322624 2730976 30359106 3927370412 152765 0 274618 0 0 0
1791087472 2572, 13801, 47, 0x0000000000000000 | 2.78 3.47 3.59 | cpu  134322738 2730976 30359191 3927398623 152765 0 274618 0 0 0
1791087473 2572, 13801, 47, 0x0000000000000000 | 2.78 3.47 3.59 | cpu  134322786 2730976 30359356 3927426788 152766 0 274623 0 0 0
1791087474 2572, 13801, 47, 0x0000000000000000 | 2.78 3.47 3.59 | cpu  134322862 2730976 30359515 3927455103 152766 0 274632 0 0 0
