1791086650 0, 0, 61.82
1791086651 0, 0, 59.08
1791086652 3, 0, 24.81
1791086653 3, 0, 23.44
1791086654 3, 0, 12.82
1791086656 3, 0, 12.87
1791086657 3, 0, 13.45
1791086658 3433, 0, 49.47
1791086659 4519, 37, 72.06
1791086660 5559, 30, 72.00
1791086661 6619, 32, 71.54
1791086662 6899, 27, 70.57
1791086663 7659, 23, 73.27
1791086665 8719, 0, 74.45
1791086666 9759, 38, 71.78
1791086667 10499, 38, 70.29
1791086668 11199, 37, 69.69
1791086669 11899, 37, 68.89
1791086670 12599, 38, 69.98
1791086671 13639, 38, 72.24
1791086672 14339, 38, 72.22
1791086673 15039, 38, 71.50
1791086675 15739, 38, 69.72
1791086676 16779, 38, 69.88
1791086677 17479, 38, 69.06
1791086678 18179, 32, 71.10
1791086679 19139, 39, 73.72
1791086680 19939, 4, 71.67
1791086681 20281, 0, 67.82
1791086682 21581, 34, 65.86
1791086684 21581, 0, 62.17
1791086685 21581, 0, 62.21
1791086686 21581, 11, 65.61
1791086687 21581, 16, 65.87
1791086688 21581, 20, 65.16
1791086689 21581, 20, 64.05
1791086690 21581, 27, 63.22
1791086691 21609, 0, 66.07
1791086692 21609, 23, 73.62
1791086694 21609, 0, 74.41
1791086695 21609, 10, 64.46
1791086696 21611, 15, 63.35
1791086697 21611, 14, 62.61
1791086698 21611, 27, 61.79
1791086699 21611, 33, 62.52
1791086700 21611, 34, 64.04
1791086701 21611, 29, 64.12
1791086702 21611, 10, 63.87
1791086704 21611, 1, 62.02
1791086705 21611, 3, 61.03
1791086706 21611, 15, 61.59
1791086707 21611, 24, 62.38
1791086708 21611, 40, 63.48
1791086709 21611, 24, 63.87
1791086710 21611, 41, 62.68
1791086711 21611, 43, 61.63
1791086712 21611, 10, 61.23
1791086714 21611, 19, 62.45
1791086715 21611, 7, 64.16
1791086716 21611, 0, 64.57
1791086717 21611, 0, 63.33
1791086718 21611, 0, 62.52
1791086719 21611, 17, 60.97
1791086720 21611, 14, 61.16
1791086721 21611, 8, 62.33
1791086722 21611, 7, 63.09
1791086724 21611, 0, 63.52
1791086725 21611, 0, 62.54
1791086726 21611, 0, 61.71
1791086727 21611, 0, 60.92
1791086728 21611, 14, 61.31
1791086729 21611, 28, 62.99
1791086730 21611, 7, 63.85
1791086731 21611, 0, 63.43
1791086733 21611, 2, 62.15
1791086734 21611, 19, 61.54
1791086735 21611, 56, 61.58
1791086736 21611, 37, 62.66
1791086737 21611, 10, 62.57
1791086738 21611, 3, 63.61
1791086739 21611, 0, 63.16
1791086740 21611, 23, 61.69
1791086741 21611, 13, 60.62
1791086743 21611, 18, 61.06
1791086744 21611, 0, 62.42
1791086745 21611, 2, 63.30
1791086746 21611, 10, 63.38
1791086747 21611, 12, 61.99
1791086748 21611, 6, 60.88
1791086749 21623, 18, 60.69
1791086750 21629, 33, 99.95
1791086751 21691, 31, 194.56
1791086753 23151, 18, 149.51
1791086754 24369, 29, 187.36
1791086755 25901, 54, 299.11
1791086756 25913, 30, 197.97
1791086757 28253, 63, 279.06
1791086758 28261, 34, 288.92
1791086759 28295, 29, 199.27
1791086760 28295, 51, 224.89
1791086761 28295, 30, 187.19
1791086763 28317, 48, 238.96
1791086764 28317, 35, 232.32
1791086765 28317, 67, 288.39
1791086766 28335, 38, 223.94
1791086767 28335, 40, 239.70
1791086768 28335, 33, 252.01
1791086769 28335, 66, 259.54
1791086770 28335, 57, 296.49
1791086771 28335, 31, 190.52
1791086773 28335, 42, 213.19
1791086774 28915, 72, 336.98
1791086775 28915, 86, 315.31
1791086776 28915, 34, 249.60
1791086777 28915, 60, 324.11
1791086778 28915, 38, 195.34
1791086779 28915, 28, 219.27
1791086780 28915, 72, 270.47
1791086782 28915, 33, 237.32
1791086783 28915, 64, 303.43
1791086784 28915, 41, 231.98
1791086785 28915, 65, 277.49
1791086786 28915, 32, 195.07
1791086787 28915, 56, 278.13
1791086788 28915, 36, 241.78
1791086789 28915, 61, 289.04
1791086790 28915, 20, 267.19
1791086792 28915, 33, 192.23
1791086793 28915, 48, 247.77
1791086794 28915, 43, 252.44
1791086795 28915, 55, 304.16
1791086796 28915, 40, 285.26
1791086797 28915, 34, 283.22
1791086798 28915, 60, 280.00
1791086799 28915, 47, 287.28
1791086800 28915, 67, 262.89
1791086802 28915, 38, 283.29
1791086803 28915, 35, 234.39
1791086804 28915, 35, 260.64
1791086805 28915, 28, 206.61
1791086806 28915, 50, 283.21
1791086807 28915, 37, 247.14
1791086808 28915, 46, 231.02
1791086809 28915, 46, 268.24
1791086811 28915, 45, 252.93
1791086812 28915, 46, 319.40
1791086813 28915, 62, 329.43
1791086814 28915, 46, 315.34
1791086815 28915, 69, 335.52
1791086816 29295, 45, 284.45
1791086817 29295, 64, 367.24
1791086818 29295, 52, 309.79
1791086819 29295, 51, 276.93
1791086821 29295, 82, 285.92
1791086822 29295, 73, 334.67
1791086823 29295, 68, 334.42
1791086824 29295, 71, 358.10
1791086825 29295, 60, 290.68
1791086826 29295, 63, 272.59
1791086827 29295, 32, 199.37
1791086828 29295, 0, 73.00
1791086829 29295, 8, 67.41
1791086831 29295, 34, 67.49
1791086832 29295, 12, 69.25
1791086833 29295, 1, 69.24
1791086834 29295, 7, 68.80
1791086835 29295, 17, 67.71
1791086836 29295, 17, 65.94
1791086837 29295, 0, 65.63
1791086838 29295, 0, 66.20
1791086839 29295, 0, 67.30
1791086841 29295, 21, 67.07
1791086842 29295, 34, 66.75
1791086843 29295, 6, 64.27
1791086844 29295, 1, 63.76
1791086845 29295, 16, 64.38
1791086846 29295, 24, 65.64
1791086847 29295, 6, 67.22
1791086848 29295, 0, 66.70
1791086849 29295, 0, 64.93
1791086851 29295, 0, 63.63
1791086852 29295, 14, 64.10
1791086853 29295, 17, 64.89
1791086854 29295, 20, 67.82
1791086855 29295, 0, 66.47
1791086856 29295, 0, 65.57
1791086857 29295, 0, 63.65
1791086858 29295, 0, 63.28
