1791041456 862, 7001, 46, 0x0000000000000000 | 4.90 6.53 9.21 | cpu  62481754 814 12894382 2469979945 477798 0 178531 0 0 0
1791041457 540, 7001, 46, 0x0000000000000000 | 5.23 6.57 9.21 | cpu  62484700 814 12894585 2470002594 477800 0 178532 0 0 0
1791041458 300, 810, 45, 0x0000000000000000 | 5.23 6.57 9.21 | cpu  62486147 814 12894711 2470025986 477800 0 178532 0 0 0
1791041459 300, 810, 45, 0x0000000000000000 | 5.23 6.57 9.21 | cpu  62488207 814 12894830 2470049597 477800 0 178533 0 0 0
1791041460 300, 405, 45, 0x0000000000000004 | 5.23 6.57 9.21 | cpu  62489969 814 12894966 2470071760 477800 0 178534 0 0 0
1791041461 300, 405, 45, 0x0000000000000004 | 5.23 6.57 9.21 | cpu  62491971 814 12895359 2470095275 477803 0 178540 0 0 0
1791041463 300, 405, 45, 0x0000000000000004 | 5.29 6.56 9.19 | cpu  62493960 814 12895604 2470118385 477805 0 178542 0 0 0
1791041464 2647, 13801, 46, 0x0000000000000000 | 5.29 6.56 9.19 | cpu  62495940 814 12895786 2470141344 477810 0 178542 0 0 0
1791041465 2647, 13801, 46, 0x0000000000000000 | 5.29 6.56 9.19 | cpu  62498869 815 12896744 2470162767 477812 0 178544 0 0 0
1791041466 2647, 13801, 46, 0x0000000000000000 | 5.29 6.56 9.19 | cpu  62502455 815 12896818 2470183860 477813 0 178544 0 0 0
1791041467 2647, 13801, 46, 0x0000000000000000 | 5.27 6.53 9.17 | cpu  62504036 815 12896921 2470207963 477815 0 178544 0 0 0
1791041468 2707, 13801, 46, 0x0000000000000000 | 5.27 6.53 9.17 | cpu  62505877 815 12897019 2470231805 477819 0 178544 0 0 0
1791041469 2700, 13801, 46, 0x0000000000000000 | 5.27 6.53 9.17 | cpu  62508039 815 12897167 2470254431 477819 0 178545 0 0 0
1791041470 2707, 13801, 46, 0x0000000000000000 | 5.27 6.53 9.17 | cpu  62508642 815 12897256 2470279840 477821 0 178545 0 0 0
1791041472 3022, 13801, 46, 0x0000000000000000 | 5.17 6.49 9.14 | cpu  62509033 815 12897363 2470306005 477822 0 178546 0 0 0
1791041473 3022, 13801, 46, 0x0000000000000000 | 5.17 6.49 9.14 | cpu  62509557 815 12897432 2470331009 477826 0 178546 0 0 0
1791041474 3022, 13801, 46, 0x0000000000000000 | 5.17 6.49 9.14 | cpu  62510280 815 12897523 2470355152 477826 0 178546 0 0 0
1791041475 2647, 13801, 45, 0x0000000000000000 | 5.17 6.49 9.14 | cpu  62510866 815 12897618 2470379420 477839 0 178547 0 0 0
1791041476 2947, 13801, 46, 0x0000000000000000 | 5.17 6.49 9.14 | cpu  62511654 815 12897660 2470403529 477845 0 178547 0 0 0
1791041477 3022, 13801, 46, 0x0000000000000000 | 5.07 6.45 9.11 | cpu  62512174 815 12897724 2470427844 477853 0 178547 0 0 0
1791041478 3022, 13801, 46, 0x0000000000000000 | 5.07 6.45 9.11 | cpu  62512775 815 12897811 2470452127 477871 0 178548 0 0 0
1791041480 3022, 13801, 46, 0x0000000000000000 | 5.07 6.45 9.11 | cpu  62513842 815 12897874 2470476630 477890 0 178549 0 0 0
1791041481 3022, 13801, 46, 0x0000000000000000 | 5.07 6.45 9.11 | cpu  62515095 815 12897964 2470500699 477916 0 178549 0 0 0
1791041482 3022, 13801, 46, 0x0000000000000000 | 4.91 6.39 9.08 | cpu  62518660 815 12898050 2470522179 477921 0 178549 0 0 0
1791041483 3022, 13801, 46, 0x0000000000000000 | 4.91 6.39 9.08 | cpu  62521471 815 12898150 2470545381 477921 0 178550 0 0 0
1791041484 3022, 13801, 46, 0x0000000000000000 | 4.91 6.39 9.08 | cpu  62523008 815 12898303 2470569426 477925 0 178550 0 0 0
1791041485 3022, 13801, 46, 0x0000000000000000 | 4.91 6.39 9.08 | cpu  62523994 815 12898474 2470592664 477937 0 178551 0 0 0
1791041486 3022, 13801, 46, 0x0000000000000000 | 4.91 6.39 9.08 | cpu  62527358 856 12898618 2470614117 477970 0 178552 0 0 0
1791041487 3022, 13801, 46, 0x0000000000000000 | 5.07 6.40 9.07 | cpu  62528521 856 12898744 2470638524 477992 0 178552 0 0 0
1791041489 3022, 13801, 46, 0x0000000000000000 | 5.07 6.40 9.07 | cpu  62529892 856 12898824 2470662718 477994 0 178553 0 0 0
1791041490 3022, 13801, 46, 0x0000000000000000 | 5.07 6.40 9.07 | cpu  62530817 859 12898885 2470686643 477995 0 178553 0 0 0
1791041491 3022, 13801, 46, 0x0000000000000000 | 5.07 6.40 9.07 | cpu  62531798 860 12899036 2470710362 477998 0 178554 0 0 0
1791041492 3022, 13801, 45, 0x0000000000000000 | 4.91 6.35 9.04 | cpu  62532278 860 12899107 2470735191 477999 0 178554 0 0 0
1791041493 3022, 13801, 45, 0x0000000000000000 | 4.91 6.35 9.04 | cpu  62532519 860 12899228 2470759779 477999 0 178557 0 0 0
1791041494 2647, 13801, 45, 0x0000000000000000 | 4.91 6.35 9.04 | cpu  62532706 860 12899362 2470784279 477999 0 178558 0 0 0
1791041495 2662, 13801, 45, 0x0000000000000000 | 4.91 6.35 9.04 | cpu  62532905 861 12899436 2470809005 478000 0 178560 0 0 0
1791041496 2662, 13801, 44, 0x0000000000000000 | 4.91 6.35 9.04 | cpu  62533097 861 12899493 2470833727 478000 0 178560 0 0 0
1791041498 2662, 13801, 44, 0x0000000000000000 | 4.67 6.27 9.00 | cpu  62534323 861 12899560 2470857388 478001 0 178561 0 0 0
1791041499 2662, 13801, 44, 0x0000000000000000 | 4.67 6.27 9.00 | cpu  62537444 862 12899628 2470879098 478001 0 178561 0 0 0
1791041500 2662, 13801, 44, 0x0000000000000000 | 4.67 6.27 9.00 | cpu  62538507 862 12899692 2470903402 478001 0 178561 0 0 0
1791041501 2692, 13801, 44, 0x0000000000000000 | 4.67 6.27 9.00 | cpu  62540165 862 12899773 2470926611 478003 0 178561 0 0 0
1791041502 2647, 13801, 44, 0x0000000000000000 | 4.70 6.25 8.98 | cpu  62542569 862 12899876 2470949691 478003 0 178562 0 0 0
1791041503 2647, 13801, 44, 0x0000000000000000 | 4.70 6.25 8.98 | cpu  62545499 862 12899986 2470974237 478003 0 178562 0 0 0
1791041504 2647, 13801, 44, 0x0000000000000000 | 4.70 6.25 8.98 | cpu  62549743 862 12900038 2470996796 478003 0 178564 0 0 0
1791041506 2647, 13801, 44, 0x0000000000000000 | 4.70 6.25 8.98 | cpu  62553847 863 12900092 2471019531 478004 0 178565 0 0 0
1791041507 2647, 13801, 44, 0x0000000000000000 | 4.64 6.21 8.95 | cpu  62558327 863 12900172 2471043640 478004 0 178565 0 0 0
1791041508 2647, 13801, 44, 0x0000000000000000 | 4.64 6.21 8.95 | cpu  62562646 863 12900240 2471066854 478004 0 178566 0 0 0
1791041509 2647, 13801, 44, 0x0000000000000000 | 4.64 6.21 8.95 | cpu  62563496 863 12900345 2471091013 478004 0 178567 0 0 0
1791041510 2647, 13801, 44, 0x0000000000000000 | 4.64 6.21 8.95 | cpu  62564231 863 12900439 2471115059 478004 0 178568 0 0 0
1791041512 2647, 13801, 44, 0x0000000000000000 | 4.51 6.16 8.92 | cpu  62564942 863 12900537 2471138943 478006 0 178570 0 0 0
1791041513 2647, 13801, 44, 0x0000000000000000 | 4.51 6.16 8.92 | cpu  62565476 863 12900659 2471163642 478006 0 178570 0 0 0
1791041514 2647, 13801, 44, 0x0000000000000000 | 4.51 6.16 8.92 | cpu  62566015 863 12900756 2471188719 478007 0 178574 0 0 0
1791041515 2647, 13801, 43, 0x0000000000000000 | 4.51 6.16 8.92 | cpu  62568655 863 12900854 2471211387 478008 0 178574 0 0 0
1791041516 2647, 13801, 43, 0x0000000000000000 | 4.51 6.16 8.92 | cpu  62570622 864 12900943 2471234945 478008 0 178577 0 0 0
1791041517 2647, 13801, 43, 0x0000000000000000 | 4.39 6.11 8.88 | cpu  62572011 864 12901022 2471258252 478008 0 178578 0 0 0
1791041518 2647, 13801, 43, 0x0000000000000000 | 4.39 6.11 8.88 | cpu  62572594 864 12901128 2471282360 478009 0 178580 0 0 0
1791041519 2647, 13801, 43, 0x0000000000000000 | 4.39 6.11 8.88 | cpu  62574910 864 12901238 2471304791 478009 0 178581 0 0 0
1791041521 2647, 13801, 43, 0x0000000000000000 | 4.39 6.11 8.88 | cpu  62575559 864 12901357 2471328759 478009 0 178581 0 0 0
1791041522 2647, 13801, 43, 0x0000000000000000 | 4.36 6.07 8.86 | cpu  62576534 864 12901460 2471352395 478009 0 178581 0 0 0
1791041523 2647, 13801, 43, 0x0000000000000000 | 4.36 6.07 8.86 | cpu  62577255 864 12901560 2471376471 478009 0 178582 0 0 0
1791041524 2647, 13801, 43, 0x0000000000000000 | 4.36 6.07 8.86 | cpu  62578179 864 12901674 2471400416 478010 0 178587 0 0 0
1791041525 2647, 13801, 43, 0x0000000000000000 | 4.36 6.07 8.86 | cpu  62578684 864 12901766 2471424854 478013 0 178588 0 0 0
1791041526 2647, 13801, 43, 0x0000000000000000 | 4.36 6.07 8.86 | cpu  62578972 864 12901833 2471449556 478013 0 178589 0 0 0
1791041527 2647, 13801, 43, 0x0000000000000000 | 4.17 6.00 8.82 | cpu  62579159 864 12901911 2471473829 478014 0 178590 0 0 0
1791041528 2647, 13801, 43, 0x0000000000000000 | 4.17 6.00 8.82 | cpu  62579335 864 12901983 2471498638 478014 0 178590 0 0 0
1791041529 2647, 13801, 43, 0x0000000000000000 | 4.17 6.00 8.82 | cpu  62580120 864 12902152 2471523741 478014 0 178591 0 0 0
1791041531 2647, 13801, 43, 0x0000000000000000 | 4.17 6.00 8.82 | cpu  62586602 864 12902328 2471542913 478016 0 178591 0 0 0
1791041532 2647, 13801, 43, 0x0000000000000000 | 4.00 5.94 8.78 | cpu  62591303 864 12902550 2471563515 478017 0 178593 0 0 0
1791041533 2647, 13801, 43, 0x0000000000000000 | 4.00 5.94 8.78 | cpu  62595239 864 12902816 2471584747 478017 0 178593 0 0 0
1791041534 2647, 13801, 43, 0x0000000000000000 | 4.00 5.94 8.78 | cpu  62598990 864 12903053 2471605775 478017 0 178593 0 0 0
1791041535 2647, 13801, 43, 0x0000000000000000 | 4.00 5.94 8.78 | cpu  62601580 864 12904932 2471626723 478017 0 178593 0 0 0
1791041536 2647, 13801, 43, 0x0000000000000000 | 4.00 5.94 8.78 | cpu  62603348 864 12906578 2471648149 478019 0 178595 0 0 0
1791041537 2647, 13801, 43, 0x0000000000000000 | 3.76 5.86 8.74 | cpu  62604214 864 12907096 2471671658 478019 0 178596 0 0 0
1791041539 2647, 13801, 43, 0x0000000000000000 | 3.76 5.86 8.74 | cpu  62604476 864 12907150 2471696236 478019 0 178596 0 0 0
1791041540 2647, 13801, 43, 0x0000000000000000 | 3.76 5.86 8.74 | cpu  62604780 864 12907211 2471721535 478019 0 178598 0 0 0
1791041541 2647, 13801, 42, 0x0000000000000000 | 3.76 5.86 8.74 | cpu  62605059 864 12907280 2471746028 478020 0 178598 0 0 0
1791041542 2647, 13801, 42, 0x0000000000000000 | 3.70 5.81 8.71 | cpu  62605347 864 12907360 2471770596 478020 0 178600 0 0 0
1791041543 2647, 13801, 42, 0x0000000000000000 | 3.70 5.81 8.71 | cpu  62605637 864 12907437 2471795061 478023 0 178601 0 0 0
1791041544 2647, 13801, 42, 0x0000000000000000 | 3.70 5.81 8.71 | cpu  62606188 864 12907542 2471820277 478023 0 178602 0 0 0
1791041545 2647, 13801, 42, 0x0000000000000000 | 3.70 5.81 8.71 | cpu  62606856 864 12907656 2471844047 478025 0 178603 0 0 0
1791041546 2647, 13801, 42, 0x0000000000000000 | 3.70 5.81 8.71 | cpu  62607532 864 12907773 2471868925 478027 0 178604 0 0 0
1791041548 2647, 13801, 42, 0x0000000000000000 | 3.80 5.79 8.69 | cpu  62608342 864 12907908 2471892862 478030 0 178604 0 0 0
1791041549 2647, 13801, 42, 0x0000000000000000 | 3.80 5.79 8.69 | cpu  62608664 864 12908033 2471917491 478035 0 178607 0 0 0
1791041550 2647, 13801, 42, 0x0000000000000000 | 3.80 5.79 8.69 | cpu  62609073 864 12908180 2471942670 478042 0 178608 0 0 0
1791041551 2647, 13801, 42, 0x0000000000000000 | 3.80 5.79 8.69 | cpu  62610500 864 12908433 2471966801 478047 0 178616 0 0 0
1791041552 2647, 13801, 42, 0x0000000000000000 | 4.06 5.81 8.68 | cpu  62615002 864 12908604 2471986246 478048 0 178616 0 0 0
1791041553 2647, 13801, 42, 0x0000000000000000 | 4.06 5.81 8.68 | cpu  62617574 864 12908802 2472009315 478052 0 178619 0 0 0
1791041554 2647, 13801, 42, 0x0000000000000000 | 4.06 5.81 8.68 | cpu  62620130 864 12908946 2472031382 478054 0 178620 0 0 0
1791041555 2647, 13801, 42, 0x0000000000000000 | 4.06 5.81 8.68 | cpu  62623364 864 12909096 2472053913 478056 0 178620 0 0 0
1791041557 2647, 13801, 42, 0x0000000000000000 | 4.06 5.81 8.68 | cpu  62625444 864 12909243 2472076583 478058 0 178620 0 0 0
1791041558 2647, 13801, 42, 0x0000000000000000 | 4.29 5.83 8.67 | cpu  62627220 864 12909630 2472101075 478063 0 178626 0 0 0
1791041559 2647, 13801, 42, 0x0000000000000000 | 4.29 5.83 8.67 | cpu  62628832 864 12909884 2472124024 478066 0 178627 0 0 0
1791041560 2647, 13801, 42, 0x0000000000000000 | 4.29 5.83 8.67 | cpu  62630664 864 12910032 2472146849 478070 0 178628 0 0 0
1791041561 2647, 13801, 42, 0x0000000000000000 | 4.29 5.83 8.67 | cpu  62631530 864 12910170 2472170874 478073 0 178634 0 0 0
1791041562 2647, 13801, 42, 0x0000000000000000 | 4.35 5.82 8.65 | cpu  62632521 864 12910844 2472193907 478078 0 178636 0 0 0
1791041563 2647, 13801, 42, 0x0000000000000000 | 4.35 5.82 8.65 | cpu  62633306 864 12911004 2472218139 478082 0 178642 0 0 0
1791041564 2647, 13801, 42, 0x0000000000000000 | 4.35 5.82 8.65 | cpu  62634077 864 12911134 2472242850 478085 0 178646 0 0 0
1791041566 2647, 13801, 42, 0x0000000000000000 | 4.35 5.82 8.65 | cpu  62634652 864 12911325 2472268094 478089 0 178660 0 0 0
1791041567 2647, 13801, 42, 0x0000000000000000 | 4.40 5.81 8.63 | cpu  62635494 864 12911435 2472292446 478093 0 178661 0 0 0
1791041568 2647, 13801, 42, 0x0000000000000000 | 4.40 5.81 8.63 | cpu  62636181 864 12911548 2472316505 478096 0 178662 0 0 0
1791041569 2647, 13801, 42, 0x0000000000000000 | 4.40 5.81 8.63 | cpu  62636790 864 12911660 2472341526 478101 0 178665 0 0 0
1791041570 2647, 13801, 42, 0x0000000000000000 | 4.40 5.81 8.63 | cpu  62637579 864 12911747 2472367021 478104 0 178666 0 0 0
1791041571 2647, 13801, 42, 0x0000000000000000 | 4.40 5.81 8.63 | cpu  62637855 864 12911818 2472391458 478108 0 178670 0 0 0
1791041572 2670, 13801, 42, 0x0000000000000000 | 13.26 7.62 9.20 | cpu  62641835 864 12911913 2472412894 478113 0 178676 0 0 0
1791041574 2955, 13801, 45, 0x0000000000000000 | 13.26 7.62 9.20 | cpu  62644230 865 12912056 2472437024 478119 0 178679 0 0 0
1791041575 3015, 13801, 45, 0x0000000000000000 | 13.26 7.62 9.20 | cpu  62645568 865 12912118 2472461466 478125 0 178686 0 0 0
1791041576 3015, 13801, 47, 0x0000000000000000 | 13.26 7.62 9.20 | cpu  62646626 865 12912180 2472485798 478126 0 178702 0 0 0
1791041577 2662, 13801, 43, 0x0000000000000000 | 12.76 7.61 9.19 | cpu  62648775 865 12912314 2472508305 478127 0 178713 0 0 0
1791041578 3015, 13801, 47, 0x0000000000000000 | 12.76 7.61 9.19 | cpu  62649498 865 12912460 2472533640 478131 0 178720 0 0 0
1791041579 3000, 13801, 50, 0x0000000000000000 | 12.76 7.61 9.19 | cpu  62650378 865 12912584 2472557240 478131 0 178733 0 0 0
1791041580 3007, 13801, 48, 0x0000000000000000 | 12.76 7.61 9.19 | cpu  62651408 865 12912681 2472581417 478131 0 178737 0 0 0
1791041582 3007, 13801, 50, 0x0000000000000000 | 12.76 7.61 9.19 | cpu  62652115 865 12912870 2472605577 478131 0 178746 0 0 0
1791041583 3015, 13801, 47, 0x0000000000000000 | 12.30 7.60 9.18 | cpu  62652943 866 12913013 2472629882 478134 0 178754 0 0 0
1791041584 3007, 13801, 47, 0x0000000000000000 | 12.30 7.60 9.18 | cpu  62653789 866 12913123 2472653479 478135 0 178762 0 0 0
1791041585 3015, 13801, 47, 0x0000000000000000 | 12.30 7.60 9.18 | cpu  62654729 866 12913252 2472677677 478140 0 178770 0 0 0
1791041586 3007, 13801, 50, 0x0000000000000000 | 12.30 7.60 9.18 | cpu  62655490 866 12913369 2472702714 478140 0 178781 0 0 0
1791041587 3000, 13801, 51, 0x0000000000000000 | 11.79 7.57 9.16 | cpu  62656764 866 12913496 2472727182 478147 0 178788 0 0 0
1791041588 3015, 13801, 50, 0x0000000000000000 | 11.79 7.57 9.16 | cpu  62660730 866 12913605 2472748000 478148 0 178811 0 0 0
1791041589 3015, 13801, 49, 0x0000000000000000 | 11.79 7.57 9.16 | cpu  62661679 866 12913704 2472771757 478152 0 178821 0 0 0
1791041591 3007, 13801, 50, 0x0000000000000000 | 11.79 7.57 9.16 | cpu  62662971 866 12913777 2472794481 478155 0 178830 0 0 0
1791041592 3007, 13801, 50, 0x0000000000000000 | 11.33 7.55 9.15 | cpu  62664626 866 12913885 2472817756 478159 0 178838 0 0 0
1791041593 3007, 13801, 51, 0x0000000000000000 | 11.33 7.55 9.15 | cpu  62666000 866 12913982 2472840236 478159 0 178847 0 0 0
1791041594 3015, 13801, 48, 0x0000000000000000 | 11.33 7.55 9.15 | cpu  62666859 866 12914156 2472864244 478163 0 178854 0 0 0
1791041595 3015, 13801, 49, 0x0000000000000000 | 11.33 7.55 9.15 | cpu  62667206 866 12914221 2472888731 478165 0 178861 0 0 0
1791041596 2992, 13801, 54, 0x0000000000000000 | 11.33 7.55 9.15 | cpu  62667603 866 12914264 2472912951 478165 0 178869 0 0 0
1791041597 3015, 13801, 49, 0x0000000000000000 | 10.90 7.52 9.13 | cpu  62668735 866 12914333 2472936794 478165 0 178874 0 0 0
1791041598 3007, 13801, 53, 0x0000000000000000 | 10.90 7.52 9.13 | cpu  62669602 866 12914412 2472961282 478165 0 178877 0 0 0
1791041599 3015, 13801, 49, 0x0000000000000000 | 10.90 7.52 9.13 | cpu  62670433 866 12914500 2472985423 478165 0 178879 0 0 0
1791041601 3015, 13801, 50, 0x0000000000000000 | 10.90 7.52 9.13 | cpu  62671697 866 12914554 2473008653 478165 0 178881 0 0 0
1791041602 3007, 13801, 51, 0x0000000000000000 | 10.43 7.48 9.11 | cpu  62672520 866 12914623 2473033729 478165 0 178881 0 0 0
1791041603 3000, 13801, 53, 0x0000000000000000 | 10.43 7.48 9.11 | cpu  62673480 866 12914690 2473057639 478166 0 178882 0 0 0
1791041604 3015, 13801, 50, 0x0000000000000000 | 10.43 7.48 9.11 | cpu  62676883 866 12914766 2473078313 478169 0 178882 0 0 0
1791041605 3000, 13801, 52, 0x0000000000000000 | 10.43 7.48 9.11 | cpu  62679663 866 12915117 2473100725 478170 0 178883 0 0 0
1791041606 3015, 13801, 49, 0x0000000000000000 | 10.43 7.48 9.11 | cpu  62680727 866 12915768 2473124960 478174 0 178884 0 0 0
1791041607 3000, 13801, 53, 0x0000000000000000 | 9.99 7.44 9.08 | cpu  62681641 866 12916434 2473149200 478177 0 178884 0 0 0
1791041608 3015, 13801, 51, 0x0000000000000000 | 9.99 7.44 9.08 | cpu  62682342 866 12917065 2473173120 478179 0 178888 0 0 0
1791041610 2992, 13801, 55, 0x0000000000000000 | 9.99 7.44 9.08 | cpu  62684270 866 12917308 2473194988 478186 0 178890 0 0 0
1791041611 3015, 13801, 50, 0x0000000000000000 | 9.99 7.44 9.08 | cpu  62686111 868 12917390 2473217914 478186 0 178893 0 0 0
1791041612 3015, 13801, 51, 0x0000000000000000 | 9.67 7.41 9.07 | cpu  62687482 868 12917462 2473240492 478186 0 178894 0 0 0
1791041613 3015, 13801, 51, 0x0000000000000000 | 9.67 7.41 9.07 | cpu  62689444 868 12917573 2473264260 478186 0 178896 0 0 0
1791041614 3015, 13801, 53, 0x0000000000000000 | 9.67 7.41 9.07 | cpu  62690687 868 12917705 2473288242 478186 0 178896 0 0 0
1791041615 3007, 13801, 52, 0x0000000000000000 | 9.67 7.41 9.07 | cpu  62693091 868 12917785 2473309623 478186 0 178898 0 0 0
1791041616 3000, 13801, 53, 0x0000000000000000 | 9.67 7.41 9.07 | cpu  62694195 868 12917870 2473333265 478187 0 178898 0 0 0
1791041617 2992, 13801, 54, 0x0000000000000000 | 9.22 7.35 9.04 | cpu  62694989 868 12917940 2473357459 478188 0 178900 0 0 0
1791041618 3015, 13801, 52, 0x0000000000000000 | 9.22 7.35 9.04 | cpu  62695820 868 12918021 2473382008 478189 0 178903 0 0 0
1791041620 3000, 13801, 56, 0x0000000000000000 | 9.22 7.35 9.04 | cpu  62696698 868 12918116 2473406263 478189 0 178903 0 0 0
1791041621 3015, 13801, 51, 0x0000000000000000 | 9.22 7.35 9.04 | cpu  62697466 868 12918230 2473431048 478190 0 178904 0 0 0
1791041622 3000, 13801, 54, 0x0000000000000000 | 8.96 7.33 9.02 | cpu  62698457 868 12918288 2473455076 478190 0 178904 0 0 0
1791041623 3015, 13801, 50, 0x0000000000000000 | 8.96 7.33 9.02 | cpu  62699276 868 12918351 2473478901 478190 0 178904 0 0 0
1791041624 3000, 13801, 53, 0x0000000000000000 | 8.96 7.33 9.02 | cpu  62700530 868 12918432 2473503933 478190 0 178904 0 0 0
1791041625 3015, 13801, 51, 0x0000000000000000 | 8.96 7.33 9.02 | cpu  62704582 868 12918614 2473523698 478191 0 178906 0 0 0
1791041626 3015, 13801, 52, 0x0000000000000000 | 8.96 7.33 9.02 | cpu  62706449 868 12919176 2473546613 478191 0 178906 0 0 0
1791041627 2910, 13801, 52, 0x0000000000000000 | 8.88 7.34 9.02 | cpu  62707273 868 12919899 2473570066 478191 0 178908 0 0 0
1791041629 3007, 13801, 54, 0x0000000000000000 | 8.88 7.34 9.02 | cpu  62708059 868 12920616 2473594646 478197 0 178910 0 0 0
1791041630 3000, 13801, 53, 0x0000000000000000 | 8.88 7.34 9.02 | cpu  62709774 868 12920980 2473616514 478214 0 178911 0 0 0
1791041631 2992, 13801, 57, 0x0000000000000000 | 8.88 7.34 9.02 | cpu  62711197 872 12921144 2473638836 478214 0 178912 0 0 0
1791041632 3000, 13801, 55, 0x0000000000000000 | 8.65 7.32 9.00 | cpu  62712835 872 12921267 2473663080 478215 0 178912 0 0 0
1791041633 3000, 13801, 53, 0x0000000000000000 | 8.65 7.32 9.00 | cpu  62714744 872 12921446 2473687394 478215 0 178916 0 0 0
1791041634 2992, 13801, 56, 0x0000000000000000 | 8.65 7.32 9.00 | cpu  62715189 872 12921692 2473712787 478215 0 178919 0 0 0
1791041635 2992, 13801, 54, 0x0000000000000000 | 8.65 7.32 9.00 | cpu  62715960 872 12921867 2473737663 478216 0 178919 0 0 0
1791041637 3000, 13801, 54, 0x0000000000000000 | 8.65 7.32 9.00 | cpu  62716848 872 12921988 2473761355 478217 0 178920 0 0 0
1791041638 2985, 13801, 58, 0x0000000000000000 | 8.52 7.32 8.99 | cpu  62717771 872 12922198 2473785820 478218 0 178922 0 0 0
1791041639 2992, 13801, 57, 0x0000000000000000 | 8.52 7.32 8.99 | cpu  62718770 872 12922291 2473809213 478218 0 178922 0 0 0
1791041640 2992, 13801, 59, 0x0000000000000000 | 8.52 7.32 8.99 | cpu  62719348 872 12922352 2473833367 478218 0 178923 0 0 0
1791041641 2992, 13801, 55, 0x0000000000000000 | 8.52 7.32 8.99 | cpu  62719846 872 12922400 2473857847 478220 0 178923 0 0 0
1791041642 3000, 13801, 54, 0x0000000000000000 | 8.40 7.31 8.98 | cpu  62720532 872 12922492 2473883303 478222 0 178926 0 0 0
1791041643 2992, 13801, 56, 0x0000000000000000 | 8.40 7.31 8.98 | cpu  62721407 872 12922575 2473907255 478222 0 178938 0 0 0
1791041644 3000, 13801, 56, 0x0000000000000000 | 8.40 7.31 8.98 | cpu  62722224 873 12922767 2473931920 478222 0 178952 0 0 0
1791041646 3000, 13801, 56, 0x0000000000000000 | 8.40 7.31 8.98 | cpu  62722946 873 12922898 2473955999 478222 0 178963 0 0 0
1791041647 2992, 13801, 57, 0x0000000000000000 | 8.40 7.31 8.98 | cpu  62727045 873 12923054 2473975688 478223 0 178980 0 0 0
1791041648 3000, 13801, 54, 0x0000000000000000 | 8.21 7.29 8.96 | cpu  62729365 873 12923182 2473998290 478227 0 178984 0 0 0
1791041649 3007, 13801, 51, 0x0000000000000000 | 8.21 7.29 8.96 | cpu  62730893 873 12923293 2474021602 478227 0 178997 0 0 0
1791041650 3000, 13801, 55, 0x0000000000000000 | 8.21 7.29 8.96 | cpu  62731840 873 12923416 2474045780 478227 0 179003 0 0 0
1791041651 2992, 13801, 58, 0x0000000000000000 | 8.21 7.29 8.96 | cpu  62734302 874 12923508 2474068087 478227 0 179009 0 0 0
1791041652 2992, 13801, 58, 0x0000000000000000 | 7.95 7.25 8.94 | cpu  62735424 874 12923641 2474092322 478228 0 179014 0 0 0
1791041653 3000, 13801, 53, 0x0000000000000000 | 7.95 7.25 8.94 | cpu  62736243 874 12923747 2474116589 478231 0 179021 0 0 0
1791041655 2992, 13801, 54, 0x0000000000000000 | 7.95 7.25 8.94 | cpu  62737012 874 12923876 2474140644 478233 0 179032 0 0 0
1791041656 2992, 13801, 58, 0x0000000000000000 | 7.95 7.25 8.94 | cpu  62737775 874 12923968 2474164606 478237 0 179040 0 0 0
1791041657 3000, 13801, 55, 0x0000000000000000 | 7.71 7.21 8.92 | cpu  62738690 874 12924116 2474189280 478238 0 179046 0 0 0
1791041658 3000, 13801, 55, 0x0000000000000000 | 7.71 7.21 8.92 | cpu  62739447 874 12924384 2474213623 478238 0 179052 0 0 0
1791041659 3000, 13801, 54, 0x0000000000000000 | 7.71 7.21 8.92 | cpu  62740359 874 12924568 2474237442 478239 0 179069 0 0 0
1791041660 3000, 13801, 56, 0x0000000000000000 | 7.71 7.21 8.92 | cpu  62741381 874 12924668 2474261271 478239 0 179082 0 0 0
1791041661 3000, 13801, 56, 0x0000000000000000 | 7.71 7.21 8.92 | cpu  62741826 874 12924715 2474285894 478239 0 179084 0 0 0
1791041662 3000, 13801, 55, 0x0000000000000000 | 7.25 7.13 8.88 | cpu  62742094 874 12924767 2474310760 478239 0 179090 0 0 0
1791041664 2992, 13801, 58, 0x0000000000000000 | 7.25 7.13 8.88 | cpu  62742355 874 12924854 2474335437 478239 0 179102 0 0 0
1791041665 2992, 13801, 56, 0x0000000000000000 | 7.25 7.13 8.88 | cpu  62742620 874 12924912 2474360471 478239 0 179110 0 0 0
1791041666 3000, 13801, 54, 0x0000000000000000 | 7.25 7.13 8.88 | cpu  62742891 874 12924983 2474385614 478239 0 179115 0 0 0
1791041667 3000, 13801, 58, 0x0000000000000000 | 6.91 7.06 8.85 | cpu  62743154 874 12925043 2474410380 478240 0 179124 0 0 0
1791041668 3000, 13801, 57, 0x0000000000000000 | 6.91 7.06 8.85 | cpu  62746789 874 12925230 2474430283 478244 0 179126 0 0 0
1791041669 2992, 13801, 56, 0x0000000000000000 | 6.91 7.06 8.85 | cpu  62748875 874 12925360 2474453833 478245 0 179130 0 0 0
1791041670 3000, 13801, 55, 0x0000000000000000 | 6.91 7.06 8.85 | cpu  62750516 874 12925517 2474476805 478245 0 179131 0 0 0
1791041671 3000, 13801, 57, 0x0000000000000000 | 6.91 7.06 8.85 | cpu  62751314 874 12925577 2474500526 478245 0 179132 0 0 0
1791041672 3000, 13801, 57, 0x0000000000000000 | 6.76 7.02 8.83 | cpu  62753885 874 12925647 2474523295 478245 0 179132 0 0 0
1791041674 3007, 13801, 55, 0x0000000000000000 | 6.76 7.02 8.83 | cpu  62754696 874 12925741 2474547661 478246 0 179132 0 0 0
1791041675 2992, 13801, 58, 0x0000000000000000 | 6.76 7.02 8.83 | cpu  62756213 874 12925845 2474571537 478272 0 179133 0 0 0
1791041676 3000, 13801, 59, 0x0000000000000000 | 6.76 7.02 8.83 | cpu  62757241 874 12925973 2474595166 478274 0 179134 0 0 0
1791041677 2992, 13801, 58, 0x0000000000000000 | 6.62 6.99 8.81 | cpu  62757764 874 12926024 2474619911 478306 0 179136 0 0 0
1791041678 3007, 13801, 53, 0x0000000000000000 | 6.62 6.99 8.81 | cpu  62758682 874 12926088 2474643836 478309 0 179136 0 0 0
1791041679 2992, 13801, 59, 0x0000000000000000 | 6.62 6.99 8.81 | cpu  62759593 874 12926228 2474667533 478315 0 179136 0 0 0
1791041680 3000, 13801, 56, 0x0000000000000000 | 6.62 6.99 8.81 | cpu  62761091 874 12926327 2474690409 478316 0 179136 0 0 0
1791041681 3000, 13801, 57, 0x0000000000000000 | 6.62 6.99 8.81 | cpu  62761891 874 12926433 2474713511 478316 0 179138 0 0 0
1791041682 3000, 13801, 56, 0x0000000000000000 | 6.49 6.96 8.79 | cpu  62762505 874 12926501 2474737293 478316 0 179139 0 0 0
1791041684 3000, 13801, 56, 0x0000000000000000 | 6.49 6.96 8.79 | cpu  62763272 874 12926549 2474762607 478317 0 179140 0 0 0
1791041685 3000, 13801, 56, 0x0000000000000000 | 6.49 6.96 8.79 | cpu  62767816 874 12926646 2474782495 478319 0 179140 0 0 0
1791041686 3000, 13801, 58, 0x0000000000000000 | 6.49 6.96 8.79 | cpu  62769438 874 12926724 2474805557 478321 0 179140 0 0 0
1791041687 3000, 13801, 57, 0x0000000000000000 | 6.37 6.92 8.77 | cpu  62770987 874 12926785 2474827929 478321 0 179141 0 0 0
1791041688 2992, 13801, 59, 0x0000000000000000 | 6.37 6.92 8.77 | cpu  62772011 874 12926842 2474851720 478321 0 179142 0 0 0
1791041689 2992, 13801, 61, 0x0000000000000000 | 6.37 6.92 8.77 | cpu  62773797 874 12926965 2474875842 478321 0 179186 0 0 0
1791041690 3000, 13801, 57, 0x0000000000000000 | 6.37 6.92 8.77 | cpu  62774802 874 12927177 2474900855 478321 0 179240 0 0 0
1791041691 3000, 13801, 57, 0x0000000000000000 | 6.37 6.92 8.77 | cpu  62775789 874 12927410 2474924839 478323 0 179290 0 0 0
1791041693 3000, 13801, 56, 0x0000000000000000 | 7.06 7.06 8.80 | cpu  62776875 874 12927664 2474950047 478324 0 179340 0 0 0
1791041694 3000, 13801, 57, 0x0000000000000000 | 7.06 7.06 8.80 | cpu  62778080 874 12927878 2474974097 478324 0 179395 0 0 0
1791041695 3000, 13801, 56, 0x0000000000000000 | 7.06 7.06 8.80 | cpu  62779387 874 12928087 2474998608 478324 0 179451 0 0 0
1791041696 2992, 13801, 59, 0x0000000000000000 | 7.06 7.06 8.80 | cpu  62780456 875 12928339 2475023400 478324 0 179514 0 0 0
1791041697 3000, 13801, 56, 0x0000000000000000 | 7.14 7.07 8.80 | cpu  62781532 875 12928547 2475047611 478326 0 179594 0 0 0
1791041698 3007, 13801, 55, 0x0000000000000000 | 7.14 7.07 8.80 | cpu  62782720 875 12928801 2475072487 478327 0 179664 0 0 0
1791041700 3007, 13801, 55, 0x0000000000000000 | 7.14 7.07 8.80 | cpu  62783300 875 12928966 2475098025 478327 0 179728 0 0 0
1791041701 3007, 13801, 56, 0x0000000000000000 | 7.14 7.07 8.80 | cpu  62783854 875 12929166 2475122330 478328 0 179808 0 0 0
1791041702 3000, 13801, 55, 0x0000000000000000 | 7.05 7.06 8.78 | cpu  62785155 875 12929510 2475145810 478328 0 179894 0 0 0
1791041703 3000, 13801, 55, 0x0000000000000000 | 7.05 7.06 8.78 | cpu  62786187 875 12929810 2475170889 478328 0 179981 0 0 0
1791041704 2992, 13801, 58, 0x0000000000000000 | 7.05 7.06 8.78 | cpu  62787053 875 12930001 2475194871 478328 0 180069 0 0 0
1791041705 3007, 13801, 56, 0x0000000000000000 | 7.05 7.06 8.78 | cpu  62790778 875 12930210 2475215356 478328 0 180159 0 0 0
1791041706 3007, 13801, 54, 0x0000000000000000 | 7.05 7.06 8.78 | cpu  62794114 875 12930393 2475235530 478328 0 180238 0 0 0
1791041708 3007, 13801, 54, 0x0000000000000000 | 23.22 10.41 9.86 | cpu  62796288 875 12930554 2475257481 478328 0 180323 0 0 0
1791041709 2992, 13801, 59, 0x0000000000000000 | 23.22 10.41 9.86 | cpu  62797390 875 12930808 2475282355 478328 0 180426 0 0 0
1791041710 3007, 13801, 55, 0x0000000000000000 | 23.22 10.41 9.86 | cpu  62800303 875 12930946 2475302953 478328 0 180501 0 0 0
1791041711 3000, 13801, 55, 0x0000000000000000 | 23.22 10.41 9.86 | cpu  62801340 875 12931128 2475327893 478328 0 180602 0 0 0
1791041712 3007, 13801, 54, 0x0000000000000000 | 22.48 10.47 9.88 | cpu  62802280 875 12931499 2475351553 478355 0 180710 0 0 0
1791041713 3000, 13801, 56, 0x0000000000000000 | 22.48 10.47 9.88 | cpu  62803338 875 12931904 2475375522 478361 0 180827 0 0 0
1791041714 3000, 13801, 56, 0x0000000000000000 | 22.48 10.47 9.88 | cpu  62804018 875 12932237 2475400364 478361 0 180957 0 0 0
1791041716 2992, 13801, 59, 0x0000000000000000 | 22.48 10.47 9.88 | cpu  62804737 875 12932402 2475425341 478361 0 181108 0 0 0
1791041717 3000, 13801, 57, 0x0000000000000000 | 21.24 10.41 9.86 | cpu  62805411 875 12932666 2475450279 478361 0 181230 0 0 0
1791041718 3000, 13801, 56, 0x0000000000000000 | 21.24 10.41 9.86 | cpu  62805914 875 12933086 2475475992 478368 0 181318 0 0 0
1791041719 3007, 13801, 55, 0x0000000000000000 | 21.24 10.41 9.86 | cpu  62806285 875 12933394 2475499949 478379 0 181353 0 0 0
1791041720 3007, 13801, 54, 0x0000000000000000 | 21.24 10.41 9.86 | cpu  62807257 875 12933622 2475524187 478379 0 181354 0 0 0
1791041721 3007, 13801, 54, 0x0000000000000000 | 21.24 10.41 9.86 | cpu  62811336 875 12933761 2475544303 478379 0 181356 0 0 0
1791041722 3000, 13801, 56, 0x0000000000000000 | 20.18 10.37 9.85 | cpu  62812781 875 12933957 2475568674 478379 0 181360 0 0 0
1791041724 3000, 13801, 57, 0x0000000000000000 | 20.18 10.37 9.85 | cpu  62814355 875 12934142 2475591528 478379 0 181360 0 0 0
1791041725 2992, 13801, 59, 0x0000000000000000 | 20.18 10.37 9.85 | cpu  62816522 875 12934246 2475614171 478415 0 181361 0 0 0
1791041726 2992, 13801, 58, 0x0000000000000000 | 20.18 10.37 9.85 | cpu  62818431 876 12934346 2475636658 478420 0 181363 0 0 0
1791041727 2992, 13801, 59, 0x0000000000000000 | 18.96 10.28 9.83 | cpu  62820129 876 12934417 2475659949 478420 0 181363 0 0 0
1791041728 2992, 13801, 60, 0x0000000000000000 | 18.96 10.28 9.83 | cpu  62820946 876 12934472 2475684111 478420 0 181364 0 0 0
1791041729 2992, 13801, 61, 0x0000000000000000 | 18.96 10.28 9.83 | cpu  62821419 876 12934513 2475709195 478421 0 181376 0 0 0
1791041730 3000, 13801, 59, 0x0000000000000000 | 18.96 10.28 9.83 | cpu  62821843 876 12934543 2475733940 478421 0 181378 0 0 0
1791041731 3007, 13801, 54, 0x0000000000000000 | 18.96 10.28 9.83 | cpu  62822275 876 12934580 2475758466 478421 0 181382 0 0 0
1791041733 3007, 13801, 55, 0x0000000000000000 | 17.85 10.19 9.80 | cpu  62823493 876 12934642 2475782300 478421 0 181385 0 0 0
1791041734 2992, 13801, 61, 0x0000000000000000 | 17.85 10.19 9.80 | cpu  62824295 876 12934713 2475805513 478421 0 181388 0 0 0
1791041735 3000, 13801, 56, 0x0000000000000000 | 17.85 10.19 9.80 | cpu  62825181 876 12934847 2475829161 478421 0 181389 0 0 0
1791041736 3000, 13801, 57, 0x0000000000000000 | 17.85 10.19 9.80 | cpu  62826294 876 12934919 2475853217 478422 0 181394 0 0 0
1791041737 3000, 13801, 58, 0x0000000000000000 | 16.90 10.12 9.78 | cpu  62828451 876 12935016 2475877143 478422 0 181398 0 0 0
1791041738 3000, 13801, 61, 0x0000000000000000 | 16.90 10.12 9.78 | cpu  62832060 876 12935138 2475897374 478422 0 181399 0 0 0
1791041739 3000, 13801, 59, 0x0000000000000000 | 16.90 10.12 9.78 | cpu  62834186 876 12935194 2475920013 478423 0 181401 0 0 0
1791041740 3007, 13801, 55, 0x0000000000000000 | 16.90 10.12 9.78 | cpu  62836026 876 12935304 2475943428 478425 0 181402 0 0 0
1791041741 3007, 13801, 56, 0x0000000000000000 | 16.90 10.12 9.78 | cpu  62837274 876 12935384 2475967105 478426 0 181404 0 0 0
1791041743 2992, 13801, 60, 0x0000000000000000 | 15.94 10.04 9.75 | cpu  62839525 876 12935453 2475989908 478427 0 181404 0 0 0
1791041744 2992, 13801, 62, 0x0000000000000000 | 15.94 10.04 9.75 | cpu  62840732 876 12935555 2476013496 478430 0 181410 0 0 0
1791041745 3000, 13801, 58, 0x0000000000000000 | 15.94 10.04 9.75 | cpu  62841672 876 12935723 2476037261 478443 0 181412 0 0 0
1791041746 3000, 13801, 57, 0x0000000000000000 | 15.94 10.04 9.75 | cpu  62842749 876 12935794 2476060937 478443 0 181413 0 0 0
1791041747 2992, 13801, 60, 0x0000000000000000 | 15.23 9.99 9.74 | cpu  62843783 876 12935853 2476084745 478443 0 181416 0 0 0
1791041748 3000, 13801, 57, 0x0000000000000000 | 15.23 9.99 9.74 | cpu  62844342 876 12935904 2476109250 478443 0 181416 0 0 0
1791041749 3000, 13801, 58, 0x0000000000000000 | 15.23 9.99 9.74 | cpu  62844848 876 12935976 2476134483 478443 0 181418 0 0 0
1791041750 2992, 13801, 62, 0x0000000000000000 | 15.23 9.99 9.74 | cpu  62845289 876 12936114 2476158808 478459 0 181420 0 0 0
1791041751 2992, 13801, 60, 0x0000000000000000 | 15.23 9.99 9.74 | cpu  62845721 876 12936155 2476182868 478459 0 181420 0 0 0
1791041753 3000, 13801, 58, 0x0000000000000000 | 14.41 9.90 9.71 | cpu  62846147 876 12936187 2476206829 478459 0 181421 0 0 0
1791041754 3007, 13801, 56, 0x0000000000000000 | 14.41 9.90 9.71 | cpu  62848206 876 12936247 2476229142 478459 0 181428 0 0 0
1791041755 3000, 13801, 57, 0x0000000000000000 | 14.41 9.90 9.71 | cpu  62851523 876 12936328 2476249861 478459 0 181428 0 0 0
1791041756 3000, 13801, 58, 0x0000000000000000 | 14.41 9.90 9.71 | cpu  62853078 876 12936391 2476273175 478459 0 181428 0 0 0
1791041757 3000, 13801, 59, 0x0000000000000000 | 13.65 9.82 9.69 | cpu  62854123 876 12936462 2476296662 478459 0 181429 0 0 0
1791041758 3000, 13801, 58, 0x0000000000000000 | 13.65 9.82 9.69 | cpu  62854922 876 12936509 2476320285 478460 0 181433 0 0 0
1791041759 3007, 13801, 56, 0x0000000000000000 | 13.65 9.82 9.69 | cpu  62857354 876 12936572 2476341752 478460 0 181434 0 0 0
1791041760 3000, 13801, 56, 0x0000000000000000 | 13.65 9.82 9.69 | cpu  62858273 876 12936656 2476366671 478460 0 181445 0 0 0
1791041761 3000, 13801, 61, 0x0000000000000000 | 13.65 9.82 9.69 | cpu  62859140 876 12936779 2476390959 478460 0 181446 0 0 0
1791041763 2992, 13801, 61, 0x0000000000000000 | 13.04 9.76 9.67 | cpu  62860002 876 12936840 2476414840 478464 0 181453 0 0 0
1791041764 3000, 13801, 58, 0x0000000000000000 | 13.04 9.76 9.67 | cpu  62861125 876 12936896 2476438519 478464 0 181454 0 0 0
1791041765 2992, 13801, 61, 0x0000000000000000 | 13.04 9.76 9.67 | cpu  62862156 876 12937006 2476462368 478466 0 181454 0 0 0
1791041766 3000, 13801, 58, 0x0000000000000000 | 13.04 9.76 9.67 | cpu  62863689 876 12937092 2476485442 478466 0 181455 0 0 0
1791041767 3000, 13801, 58, 0x0000000000000000 | 12.40 9.68 9.64 | cpu  62864550 876 12937162 2476509050 478466 0 181458 0 0 0
1791041768 3007, 13801, 55, 0x0000000000000000 | 12.40 9.68 9.64 | cpu  62865602 876 12937229 2476532508 478467 0 181460 0 0 0
1791041769 3000, 13801, 57, 0x0000000000000000 | 12.40 9.68 9.64 | cpu  62867118 876 12937332 2476556538 478467 0 181463 0 0 0
1791041770 3007, 13801, 55, 0x0000000000000000 | 12.40 9.68 9.64 | cpu  62870488 876 12937440 2476576938 478467 0 181463 0 0 0
1791041771 3000, 13801, 58, 0x0000000000000000 | 12.40 9.68 9.64 | cpu  62873630 876 12937630 2476597681 478467 0 181463 0 0 0
1791041772 3000, 13801, 58, 0x0000000000000000 | 11.88 9.62 9.62 | cpu  62874734 876 12937750 2476621773 478467 0 181464 0 0 0
1791041774 2992, 13801, 60, 0x0000000000000000 | 11.88 9.62 9.62 | cpu  62876486 876 12937816 2476644056 478467 0 181465 0 0 0
1791041775 3000, 13801, 56, 0x0000000000000000 | 11.88 9.62 9.62 | cpu  62879019 876 12937890 2476666892 478468 0 181465 0 0 0
1791041776 3000, 13801, 56, 0x0000000000000000 | 11.88 9.62 9.62 | cpu  62880210 876 12937954 2476690647 478469 0 181466 0 0 0
1791041777 2992, 13801, 60, 0x0000000000000000 | 11.49 9.57 9.61 | cpu  62881170 876 12937998 2476716257 478469 0 181467 0 0 0
1791041778 2992, 13801, 61, 0x0000000000000000 | 11.49 9.57 9.61 | cpu  62881650 876 12938032 2476740867 478469 0 181468 0 0 0
1791041779 3000, 13801, 56, 0x0000000000000000 | 11.49 9.57 9.61 | cpu  62882175 876 12938063 2476765239 478472 0 181469 0 0 0
1791041780 3000, 13801, 57, 0x0000000000000000 | 11.49 9.57 9.61 | cpu  62883294 876 12938111 2476788567 478472 0 181470 0 0 0
1791041781 3000, 13801, 56, 0x0000000000000000 | 11.49 9.57 9.61 | cpu  62884272 876 12938182 2476811948 478472 0 181472 0 0 0
1791041783 3000, 13801, 59, 0x0000000000000000 | 11.13 9.53 9.59 | cpu  62885120 876 12938240 2476835603 478472 0 181473 0 0 0
1791041784 3000, 13801, 59, 0x0000000000000000 | 11.13 9.53 9.59 | cpu  62886190 876 12938280 2476859533 478473 0 181476 0 0 0
1791041785 3000, 13801, 57, 0x0000000000000000 | 11.13 9.53 9.59 | cpu  62886740 877 12938326 2476884243 478476 0 181479 0 0 0
1791041786 3007, 13801, 55, 0x0000000000000000 | 11.13 9.53 9.59 | cpu  62887782 877 12938404 2476909813 478476 0 181481 0 0 0
1791041787 3000, 13801, 58, 0x0000000000000000 | 10.72 9.47 9.57 | cpu  62888646 877 12938519 2476933765 478476 0 181485 0 0 0
1791041788 3007, 13801, 55, 0x0000000000000000 | 10.72 9.47 9.57 | cpu  62889537 877 12938632 2476957258 478476 0 181488 0 0 0
1791041789 3000, 13801, 59, 0x0000000000000000 | 10.72 9.47 9.57 | cpu  62890300 877 12938689 2476981040 478478 0 181491 0 0 0
1791041790 3000, 13801, 58, 0x0000000000000000 | 10.72 9.47 9.57 | cpu  62890762 877 12938716 2477006385 478478 0 181493 0 0 0
1791041792 3000, 13801, 56, 0x0000000000000000 | 10.72 9.47 9.57 | cpu  62893287 877 12938748 2477028034 478479 0 181495 0 0 0
1791041793 2992, 13801, 58, 0x0000000000000000 | 10.18 9.38 9.54 | cpu  62896143 877 12938804 2477049192 478479 0 181498 0 0 0
1791041794 2992, 13801, 60, 0x0000000000000000 | 10.18 9.38 9.54 | cpu  62898251 877 12938874 2477072696 478479 0 181499 0 0 0
1791041795 2992, 13801, 62, 0x0000000000000000 | 10.18 9.38 9.54 | cpu  62899439 877 12938982 2477096050 478480 0 181500 0 0 0
1791041796 2992, 13801, 59, 0x0000000000000000 | 10.18 9.38 9.54 | cpu  62902038 877 12939050 2477117985 478480 0 181500 0 0 0
1791041797 3007, 13801, 57, 0x0000000000000000 | 9.77 9.31 9.52 | cpu  62903078 878 12939108 2477141631 478480 0 181516 0 0 0
1791041798 3000, 13801, 57, 0x0000000000000000 | 9.77 9.31 9.52 | cpu  62903905 878 12939208 2477165569 478480 0 181527 0 0 0
1791041799 3000, 13801, 57, 0x0000000000000000 | 9.77 9.31 9.52 | cpu  62904748 878 12939301 2477189035 478480 0 181534 0 0 0
1791041800 3000, 13801, 60, 0x0000000000000000 | 9.77 9.31 9.52 | cpu  62905696 878 12939387 2477212864 478485 0 181544 0 0 0
1791041801 3007, 13801, 57, 0x0000000000000000 | 9.77 9.31 9.52 | cpu  62906606 878 12939464 2477236843 478485 0 181552 0 0 0
1791041803 2992, 13801, 58, 0x0000000000000000 | 9.47 9.25 9.50 | cpu  62910561 878 12939710 2477257607 478485 0 181562 0 0 0
1791041804 2992, 13801, 59, 0x0000000000000000 | 9.47 9.25 9.50 | cpu  62914490 878 12939976 2477278481 478485 0 181573 0 0 0
1791041805 3007, 13801, 56, 0x0000000000000000 | 9.47 9.25 9.50 | cpu  62918550 878 12940203 2477299805 478486 0 181584 0 0 0
1791041806 3007, 13801, 55, 0x0000000000000000 | 9.47 9.25 9.50 | cpu  62920842 878 12941872 2477321982 478488 0 181601 0 0 0
1791041807 3000, 13801, 55, 0x0000000000000000 | 9.19 9.20 9.48 | cpu  62923120 878 12943530 2477343107 478488 0 181620 0 0 0
1791041808 2992, 13801, 61, 0x0000000000000000 | 9.19 9.20 9.48 | cpu  62924237 878 12943723 2477366889 478488 0 181635 0 0 0
1791041809 2992, 13801, 58, 0x0000000000000000 | 9.19 9.20 9.48 | cpu  62925059 878 12943843 2477390544 478488 0 181644 0 0 0
1791041811 3000, 13801, 55, 0x0000000000000000 | 9.19 9.20 9.48 | cpu  62925910 878 12943932 2477415331 478488 0 181653 0 0 0
1791041812 3007, 13801, 55, 0x0000000000000000 | 9.19 9.20 9.48 | cpu  62926804 878 12944026 2477439440 478489 0 181661 0 0 0
1791041813 3000, 13801, 56, 0x0000000000000000 | 9.25 9.21 9.48 | cpu  62928710 878 12944227 2477463907 478490 0 181668 0 0 0
1791041814 3000, 13801, 58, 0x0000000000000000 | 9.25 9.21 9.48 | cpu  62932422 878 12944313 2477485467 478490 0 181676 0 0 0
1791041815 3000, 13801, 56, 0x0000000000000000 | 9.25 9.21 9.48 | cpu  62933969 878 12944414 2477509408 478490 0 181680 0 0 0
1791041816 3000, 13801, 60, 0x0000000000000000 | 9.25 9.21 9.48 | cpu  62935679 878 12944487 2477531749 478490 0 181680 0 0 0
1791041817 3000, 13801, 56, 0x0000000000000000 | 8.99 9.16 9.47 | cpu  62937924 878 12944555 2477553545 478491 0 181685 0 0 0
1791041818 3007, 13801, 56, 0x0000000000000000 | 8.99 9.16 9.47 | cpu  62939124 878 12944637 2477576206 478491 0 181685 0 0 0
1791041819 3007, 13801, 56, 0x0000000000000000 | 8.99 9.16 9.47 | cpu  62939967 878 12944694 2477600150 478491 0 181686 0 0 0
1791041821 2992, 13801, 60, 0x0000000000000000 | 8.99 9.16 9.47 | cpu  62940948 878 12944786 2477623891 478493 0 181687 0 0 0
1791041822 3000, 13801, 58, 0x0000000000000000 | 8.99 9.16 9.47 | cpu  62941923 878 12944872 2477647353 478495 0 181691 0 0 0
1791041823 3000, 13801, 57, 0x0000000000000000 | 8.83 9.12 9.45 | cpu  62942947 878 12944948 2477671551 478496 0 181691 0 0 0
1791041824 3000, 13801, 57, 0x0000000000000000 | 8.83 9.12 9.45 | cpu  62944200 878 12945041 2477695156 478496 0 181693 0 0 0
1791041825 3000, 13801, 56, 0x0000000000000000 | 8.83 9.12 9.45 | cpu  62945045 878 12945176 2477719033 478498 0 181695 0 0 0
1791041826 2992, 13801, 61, 0x0000000000000000 | 8.83 9.12 9.45 | cpu  62945923 878 12945243 2477743107 478498 0 181696 0 0 0
1791041827 2992, 13801, 62, 0x0000000000000000 | 8.53 9.05 9.43 | cpu  62946805 878 12945305 2477767547 478498 0 181697 0 0 0
1791041828 3000, 13801, 58, 0x0000000000000000 | 8.53 9.05 9.43 | cpu  62947269 878 12945336 2477792314 478498 0 181697 0 0 0
1791041830 3000, 13801, 57, 0x0000000000000000 | 8.53 9.05 9.43 | cpu  62949784 878 12945381 2477814996 478499 0 181698 0 0 0
1791041831 2992, 13801, 62, 0x0000000000000000 | 8.53 9.05 9.43 | cpu  62951997 878 12945425 2477836624 478499 0 181698 0 0 0
1791041832 3000, 13801, 58, 0x0000000000000000 | 8.53 9.05 9.43 | cpu  62953602 878 12945464 2477859852 478503 0 181699 0 0 0
1791041833 3000, 13801, 61, 0x0000000000000000 | 8.32 9.00 9.41 | cpu  62954159 878 12945516 2477884574 478505 0 181704 0 0 0
1791041834 2992, 13801, 58, 0x0000000000000000 | 8.32 9.00 9.41 | cpu  62956283 878 12945569 2477907460 478507 0 181704 0 0 0
1791041835 3007, 13801, 56, 0x0000000000000000 | 8.32 9.00 9.41 | cpu  62957178 878 12945618 2477932328 478509 0 181706 0 0 0
1791041836 3000, 13801, 56, 0x0000000000000000 | 8.32 9.00 9.41 | cpu  62957940 878 12945723 2477956548 478512 0 181708 0 0 0
1791041837 3007, 13801, 55, 0x0000000000000000 | 8.14 8.95 9.39 | cpu  62958816 878 12945851 2477980543 478515 0 181713 0 0 0
1791041838 3007, 13801, 55, 0x0000000000000000 | 8.14 8.95 9.39 | cpu  62960110 878 12946024 2478003962 478516 0 181715 0 0 0
1791041840 3000, 13801, 56, 0x0000000000000000 | 8.14 8.95 9.39 | cpu  62961173 878 12946106 2478027634 478516 0 181716 0 0 0
1791041841 3007, 13801, 55, 0x0000000000000000 | 8.14 8.95 9.39 | cpu  62962521 878 12946170 2478050977 478516 0 181716 0 0 0
1791041842 3007, 13801, 53, 0x0000000000000000 | 8.14 8.95 9.39 | cpu  62963482 878 12946230 2478075206 478517 0 181716 0 0 0
1791041843 2992, 13801, 59, 0x0000000000000000 | 7.97 8.90 9.37 | cpu  62964302 878 12946295 2478099671 478524 0 181716 0 0 0
1791041844 3007, 13801, 56, 0x0000000000000000 | 7.97 8.90 9.37 | cpu  62965352 878 12946383 2478124238 478525 0 181720 0 0 0
1791041845 3000, 13801, 57, 0x0000000000000000 | 7.97 8.90 9.37 | cpu  62966549 878 12946491 2478147972 478525 0 181724 0 0 0
1791041846 3000, 13801, 56, 0x0000000000000000 | 7.97 8.90 9.37 | cpu  62970524 878 12946689 2478168000 478525 0 181725 0 0 0
1791041847 2992, 13801, 60, 0x0000000000000000 | 7.81 8.86 9.35 | cpu  62972960 878 12946861 2478189453 478527 0 181728 0 0 0
1791041848 3000, 13801, 57, 0x0000000000000000 | 7.81 8.86 9.35 | cpu  62974826 878 12947098 2478211714 478527 0 181730 0 0 0
1791041850 2992, 13801, 60, 0x0000000000000000 | 7.81 8.86 9.35 | cpu  62975968 880 12947348 2478235663 478527 0 181730 0 0 0
1791041851 2992, 13801, 59, 0x0000000000000000 | 7.81 8.86 9.35 | cpu  62978667 881 12947573 2478258818 478527 0 181731 0 0 0
1791041852 2992, 13801, 59, 0x0000000000000000 | 7.74 8.82 9.34 | cpu  62979817 881 12947790 2478282862 478527 0 181734 0 0 0
1791041853 3000, 13801, 56, 0x0000000000000000 | 7.74 8.82 9.34 | cpu  62980445 881 12947854 2478307057 478528 0 181736 0 0 0
1791041854 3000, 13801, 56, 0x0000000000000000 | 7.74 8.82 9.34 | cpu  62981932 881 12948138 2478330215 478539 0 181737 0 0 0
1791041855 3000, 13801, 56, 0x0000000000000000 | 7.74 8.82 9.34 | cpu  62982943 881 12948232 2478353811 478539 0 181739 0 0 0
1791041856 2992, 13801, 59, 0x0000000000000000 | 7.74 8.82 9.34 | cpu  62983956 881 12948310 2478378092 478540 0 181740 0 0 0
1791041857 3000, 13801, 60, 0x0000000000000000 | 7.60 8.78 9.32 | cpu  62985296 881 12948385 2478401611 478542 0 181742 0 0 0
1791041859 3007, 13801, 56, 0x0000000000000000 | 7.60 8.78 9.32 | cpu  62986278 881 12948476 2478425378 478543 0 181742 0 0 0
1791041860 2992, 13801, 60, 0x0000000000000000 | 7.60 8.78 9.32 | cpu  62987297 881 12948637 2478449826 478543 0 181746 0 0 0
1791041861 2992, 13801, 59, 0x0000000000000000 | 7.60 8.78 9.32 | cpu  62988681 881 12948970 2478472719 478543 0 181747 0 0 0
1791041862 2992, 13801, 58, 0x0000000000000000 | 7.39 8.71 9.30 | cpu  62989688 881 12949059 2478497470 478543 0 181747 0 0 0
1791041863 2992, 13801, 60, 0x0000000000000000 | 7.39 8.71 9.30 | cpu  62990584 881 12949148 2478520956 478543 0 181749 0 0 0
1791041864 3007, 13801, 56, 0x0000000000000000 | 7.39 8.71 9.30 | cpu  62991616 881 12949212 2478544302 478543 0 181750 0 0 0
1791041865 2992, 13801, 61, 0x0000000000000000 | 7.39 8.71 9.30 | cpu  62992167 881 12949267 2478568680 478545 0 181751 0 0 0
1791041866 3000, 13801, 58, 0x0000000000000000 | 7.39 8.71 9.30 | cpu  62992624 882 12949322 2478593265 478545 0 181752 0 0 0
1791041867 3007, 13801, 56, 0x0000000000000000 | 7.12 8.64 9.27 | cpu  62995495 882 12949399 2478614616 478566 0 181754 0 0 0
1791041869 3000, 13801, 56, 0x0000000000000000 | 7.12 8.64 9.27 | cpu  62998588 882 12949685 2478637993 478566 0 181758 0 0 0
1791041870 3000, 13801, 57, 0x0000000000000000 | 7.12 8.64 9.27 | cpu  63000164 882 12949799 2478661339 478567 0 181758 0 0 0
1791041871 2992, 13801, 59, 0x0000000000000000 | 7.12 8.64 9.27 | cpu  63001178 882 12949921 2478685507 478567 0 181760 0 0 0
1791041872 3007, 13801, 55, 0x0000000000000000 | 7.11 8.61 9.26 | cpu  63003564 882 12949990 2478706947 478567 0 181761 0 0 0
1791041873 3007, 13801, 55, 0x0000000000000000 | 7.11 8.61 9.26 | cpu  63004588 882 12950040 2478731296 478567 0 181762 0 0 0
1791041874 3000, 13801, 57, 0x0000000000000000 | 7.11 8.61 9.26 | cpu  63005342 882 12950132 2478755361 478568 0 181763 0 0 0
1791041875 3007, 13801, 55, 0x0000000000000000 | 7.11 8.61 9.26 | cpu  63006495 882 12950342 2478778132 478570 0 181764 0 0 0
1791041876 3000, 13801, 56, 0x0000000000000000 | 7.11 8.61 9.26 | cpu  63007576 882 12950420 2478802249 478575 0 181769 0 0 0
1791041878 2992, 13801, 58, 0x0000000000000000 | 7.02 8.56 9.24 | cpu  63008642 882 12950473 2478826066 478575 0 181770 0 0 0
1791041879 3000, 13801, 54, 0x0000000000000000 | 7.02 8.56 9.24 | cpu  63009731 882 12950580 2478850048 478575 0 181770 0 0 0
1791041880 3000, 13801, 57, 0x0000000000000000 | 7.02 8.56 9.24 | cpu  63010696 882 12950651 2478873483 478575 0 181770 0 0 0
1791041881 3000, 13801, 58, 0x0000000000000000 | 7.02 8.56 9.24 | cpu  63011582 882 12950797 2478898580 478575 0 181774 0 0 0
1791041882 3007, 13801, 55, 0x0000000000000000 | 6.86 8.50 9.22 | cpu  63012808 883 12951040 2478922603 478575 0 181774 0 0 0
1791041883 2992, 13801, 61, 0x0000000000000000 | 6.86 8.50 9.22 | cpu  63016206 883 12951142 2478945641 478575 0 181775 0 0 0
1791041884 3000, 13801, 58, 0x0000000000000000 | 6.86 8.50 9.22 | cpu  63018565 883 12951268 2478967770 478575 0 181775 0 0 0
1791041885 3000, 13801, 57, 0x0000000000000000 | 6.86 8.50 9.22 | cpu  63020861 883 12951463 2478990387 478575 0 181775 0 0 0
1791041887 3007, 13801, 53, 0x0000000000000000 | 6.86 8.50 9.22 | cpu  63022057 883 12951556 2479013920 478581 0 181776 0 0 0
1791041888 3000, 13801, 57, 0x0000000000000000 | 6.87 8.48 9.21 | cpu  63024657 883 12951645 2479035321 478581 0 181777 0 0 0
1791041889 3000, 13801, 55, 0x0000000000000000 | 6.87 8.48 9.21 | cpu  63025690 883 12951931 2479058613 478581 0 181778 0 0 0
1791041890 3000, 13801, 58, 0x0000000000000000 | 6.87 8.48 9.21 | cpu  63026558 883 12952120 2479082807 478581 0 181781 0 0 0
1791041891 3000, 13801, 56, 0x0000000000000000 | 6.87 8.48 9.21 | cpu  63027653 883 12952171 2479105695 478581 0 181782 0 0 0
1791041892 2992, 13801, 60, 0x0000000000000000 | 6.96 8.47 9.20 | cpu  63028680 883 12952330 2479129296 478581 0 181783 0 0 0
1791041893 3000, 13801, 56, 0x0000000000000000 | 6.96 8.47 9.20 | cpu  63029679 883 12952548 2479153519 478581 0 181786 0 0 0
1791041894 3000, 13801, 57, 0x0000000000000000 | 6.96 8.47 9.20 | cpu  63031202 883 12952687 2479176662 478582 0 181787 0 0 0
1791041895 3000, 13801, 60, 0x0000000000000000 | 6.96 8.47 9.20 | cpu  63032863 883 12952895 2479199597 478582 0 181790 0 0 0
1791041897 2992, 13801, 57, 0x0000000000000000 | 6.96 8.47 9.20 | cpu  63035437 883 12953206 2479222311 478582 0 181790 0 0 0
1791041898 2992, 13801, 58, 0x0000000000000000 | 7.21 8.50 9.20 | cpu  63037694 883 12953316 2479244320 478582 0 181790 0 0 0
1791041899 3000, 13801, 59, 0x0000000000000000 | 7.21 8.50 9.20 | cpu  63040382 883 12953467 2479266047 478582 0 181792 0 0 0
1791041900 3000, 13801, 57, 0x0000000000000000 | 7.21 8.50 9.20 | cpu  63042187 883 12953608 2479289076 478582 0 181793 0 0 0
1791041901 3007, 13801, 56, 0x0000000000000000 | 7.21 8.50 9.20 | cpu  63044010 883 12953945 2479310940 478585 0 181794 0 0 0
1791041902 2992, 13801, 60, 0x0000000000000000 | 7.19 8.47 9.19 | cpu  63046120 883 12954136 2479333171 478587 0 181796 0 0 0
1791041903 3000, 13801, 56, 0x0000000000000000 | 7.19 8.47 9.19 | cpu  63048428 883 12954528 2479355087 478587 0 181796 0 0 0
1791041904 2992, 13801, 60, 0x0000000000000000 | 7.19 8.47 9.19 | cpu  63052163 883 12954640 2479375319 478589 0 181797 0 0 0
1791041905 3000, 13801, 57, 0x0000000000000000 | 7.19 8.47 9.19 | cpu  63053338 883 12955206 2479399081 478589 0 181797 0 0 0
1791041906 3007, 13801, 55, 0x0000000000000000 | 7.19 8.47 9.19 | cpu  63054976 883 12955329 2479421953 478592 0 181799 0 0 0
1791041908 3000, 13801, 57, 0x0000000000000000 | 7.17 8.45 9.18 | cpu  63056616 883 12955468 2479444652 478592 0 181799 0 0 0
1791041909 3000, 13801, 57, 0x0000000000000000 | 7.17 8.45 9.18 | cpu  63058400 883 12955541 2479466843 478593 0 181800 0 0 0
1791041910 3000, 13801, 57, 0x0000000000000000 | 7.17 8.45 9.18 | cpu  63059562 883 12955678 2479490317 478593 0 181800 0 0 0
1791041911 3000, 13801, 58, 0x0000000000000000 | 7.17 8.45 9.18 | cpu  63061246 883 12955754 2479513622 478593 0 181802 0 0 0
1791041912 3007, 13801, 55, 0x0000000000000000 | 7.16 8.42 9.17 | cpu  63062365 883 12955830 2479536844 478594 0 181803 0 0 0
1791041913 3007, 13801, 55, 0x0000000000000000 | 7.16 8.42 9.17 | cpu  63063462 883 12955914 2479562024 478594 0 181805 0 0 0
1791041914 3000, 13801, 56, 0x0000000000000000 | 7.16 8.42 9.17 | cpu  63064204 883 12955998 2479586558 478594 0 181808 0 0 0
1791041915 3000, 13801, 58, 0x0000000000000000 | 7.16 8.42 9.17 | cpu  63064726 883 12956120 2479610314 478596 0 181812 0 0 0
1791041916 3007, 13801, 54, 0x0000000000000000 | 7.16 8.42 9.17 | cpu  63066145 883 12956418 2479633554 478596 0 181816 0 0 0
1791041918 3000, 13801, 55, 0x0000000000000000 | 7.07 8.38 9.15 | cpu  63067063 883 12956535 2479657393 478597 0 181820 0 0 0
1791041919 3000, 13801, 57, 0x0000000000000000 | 7.07 8.38 9.15 | cpu  63067970 883 12956620 2479682270 478599 0 181821 0 0 0
1791041920 3000, 13801, 58, 0x0000000000000000 | 7.07 8.38 9.15 | cpu  63071999 883 12956702 2479703680 478601 0 181822 0 0 0
1791041921 2992, 13801, 58, 0x0000000000000000 | 7.07 8.38 9.15 | cpu  63073500 883 12956753 2479727047 478604 0 181822 0 0 0
1791041922 3007, 13801, 53, 0x0000000000000000 | 6.98 8.34 9.13 | cpu  63074914 883 12956801 2479751251 478607 0 181824 0 0 0
1791041923 3000, 13801, 55, 0x0000000000000000 | 6.98 8.34 9.13 | cpu  63077220 883 12957056 2479774838 478610 0 181828 0 0 0
1791041924 2992, 13801, 60, 0x0000000000000000 | 6.98 8.34 9.13 | cpu  63078783 883 12957116 2479797550 478611 0 181830 0 0 0
1791041926 3007, 13801, 55, 0x0000000000000000 | 6.98 8.34 9.13 | cpu  63079837 883 12957172 2479821631 478614 0 181831 0 0 0
1791041927 3000, 13801, 59, 0x0000000000000000 | 6.98 8.34 9.13 | cpu  63080683 884 12957204 2479845586 478617 0 181832 0 0 0
1791041928 3007, 13801, 55, 0x0000000000000000 | 6.90 8.30 9.12 | cpu  63081676 884 12957258 2479869854 478619 0 181833 0 0 0
1791041929 3000, 13801, 57, 0x0000000000000000 | 6.90 8.30 9.12 | cpu  63082592 884 12957339 2479894738 478621 0 181834 0 0 0
1791041930 3000, 13801, 56, 0x0000000000000000 | 6.90 8.30 9.12 | cpu  63084104 884 12957601 2479917668 478622 0 181834 0 0 0
1791041931 2992, 13801, 60, 0x0000000000000000 | 6.90 8.30 9.12 | cpu  63085338 884 12957673 2479941063 478622 0 181834 0 0 0
1791041932 3007, 13801, 55, 0x0000000000000000 | 6.99 8.30 9.11 | cpu  63086298 884 12957789 2479965237 478624 0 181837 0 0 0
1791041933 3000, 13801, 56, 0x0000000000000000 | 6.99 8.30 9.11 | cpu  63087236 884 12957874 2479989106 478627 0 181838 0 0 0
1791041935 3000, 13801, 56, 0x0000000000000000 | 6.99 8.30 9.11 | cpu  63088712 884 12957917 2480012056 478629 0 181838 0 0 0
1791041936 3000, 13801, 56, 0x0000000000000000 | 6.99 8.30 9.11 | cpu  63089483 884 12957996 2480035716 478629 0 181841 0 0 0
1791041937 3000, 13801, 58, 0x0000000000000000 | 6.99 8.30 9.11 | cpu  63090623 884 12958147 2480058900 478630 0 181841 0 0 0
1791041938 2992, 13801, 61, 0x0000000000000000 | 6.91 8.26 9.09 | cpu  63091533 884 12958218 2480083300 478635 0 181846 0 0 0
1791041939 3000, 13801, 56, 0x0000000000000000 | 6.91 8.26 9.09 | cpu  63092290 884 12958293 2480107150 478636 0 181854 0 0 0
1791041940 3000, 13801, 57, 0x0000000000000000 | 6.91 8.26 9.09 | cpu  63092976 884 12958381 2480130813 478636 0 181860 0 0 0
1791041941 2992, 13801, 60, 0x0000000000000000 | 6.91 8.26 9.09 | cpu  63096226 884 12958510 2480151495 478637 0 181866 0 0 0
1791041942 2992, 13801, 59, 0x0000000000000000 | 6.84 8.22 9.08 | cpu  63098717 884 12958627 2480173803 478640 0 181870 0 0 0
1791041943 3000, 13801, 58, 0x0000000000000000 | 6.84 8.22 9.08 | cpu  63101079 884 12958867 2480195597 478640 0 181880 0 0 0
1791041944 3000, 13801, 56, 0x0000000000000000 | 6.84 8.22 9.08 | cpu  63101894 884 12958961 2480219864 478640 0 181888 0 0 0
1791041946 3000, 13801, 56, 0x0000000000000000 | 6.84 8.22 9.08 | cpu  63104298 884 12959090 2480241412 478642 0 181891 0 0 0
1791041947 3000, 13801, 55, 0x0000000000000000 | 6.84 8.22 9.08 | cpu  63105264 884 12959187 2480265174 478642 0 181899 0 0 0
1791041948 3000, 13801, 57, 0x0000000000000000 | 6.77 8.18 9.06 | cpu  63106312 884 12959306 2480289280 478644 0 181907 0 0 0
1791041949 3000, 13801, 58, 0x0000000000000000 | 6.77 8.18 9.06 | cpu  63107178 884 12959419 2480313160 478644 0 181918 0 0 0
1791041950 3000, 13801, 57, 0x0000000000000000 | 6.77 8.18 9.06 | cpu  63108380 884 12959722 2480336660 478646 0 181926 0 0 0
1791041951 3000, 13801, 56, 0x0000000000000000 | 6.77 8.18 9.06 | cpu  63109241 884 12959832 2480361059 478647 0 181938 0 0 0
1791041952 3000, 13801, 56, 0x0000000000000000 | 6.71 8.15 9.04 | cpu  63110368 884 12959943 2480385035 478648 0 181950 0 0 0
1791041953 3000, 13801, 57, 0x0000000000000000 | 6.71 8.15 9.04 | cpu  63111339 884 12960063 2480409267 478655 0 181960 0 0 0
1791041955 2992, 13801, 59, 0x0000000000000000 | 6.71 8.15 9.04 | cpu  63112245 884 12960202 2480433776 478656 0 181969 0 0 0
1791041956 3007, 13801, 56, 0x0000000000000000 | 6.71 8.15 9.04 | cpu  63113350 884 12960344 2480458310 478659 0 181978 0 0 0
1791041957 2992, 13801, 56, 0x0000000000000000 | 6.71 8.15 9.04 | cpu  63114267 884 12960466 2480482482 478668 0 181988 0 0 0
1791041958 2992, 13801, 53, 0x0000000000000000 | 12.10 9.24 9.39 | cpu  63115283 884 12960728 2480505695 478670 0 181994 0 0 0
1791041959 3000, 13801, 57, 0x0000000000000000 | 12.10 9.24 9.39 | cpu  63115927 884 12960798 2480529014 478671 0 182007 0 0 0
1791041960 3000, 13801, 58, 0x0000000000000000 | 12.10 9.24 9.39 | cpu  63116283 884 12960855 2480553913 478673 0 182016 0 0 0
1791041961 3000, 13801, 58, 0x0000000000000000 | 12.10 9.24 9.39 | cpu  63117270 884 12960934 2480577296 478674 0 182024 0 0 0
1791041962 3000, 13801, 58, 0x0000000000000000 | 11.61 9.19 9.37 | cpu  63120008 884 12961045 2480598483 478675 0 182027 0 0 0
1791041963 3000, 13801, 55, 0x0000000000000000 | 11.61 9.19 9.37 | cpu  63122754 884 12961138 2480619654 478675 0 182027 0 0 0
1791041964 3000, 13801, 58, 0x0000000000000000 | 11.61 9.19 9.37 | cpu  63125036 884 12961414 2480642268 478676 0 182028 0 0 0
1791041966 3000, 13801, 58, 0x0000000000000000 | 11.61 9.19 9.37 | cpu  63126291 884 12961577 2480665648 478676 0 182030 0 0 0
1791041967 3007, 13801, 55, 0x0000000000000000 | 11.61 9.19 9.37 | cpu  63128912 884 12961694 2480688221 478678 0 182032 0 0 0
1791041968 3007, 13801, 54, 0x0000000000000000 | 11.56 9.22 9.38 | cpu  63130026 885 12961819 2480712041 478679 0 182032 0 0 0
1791041969 3007, 13801, 56, 0x0000000000000000 | 11.56 9.22 9.38 | cpu  63131192 885 12961883 2480735595 478682 0 182033 0 0 0
1791041970 3000, 13801, 56, 0x0000000000000000 | 11.56 9.22 9.38 | cpu  63132088 885 12961974 2480759448 478684 0 182033 0 0 0
1791041971 2992, 13801, 59, 0x0000000000000000 | 11.56 9.22 9.38 | cpu  63133372 885 12962191 2480782402 478685 0 182034 0 0 0
1791041972 2992, 13801, 59, 0x0000000000000000 | 11.19 9.18 9.37 | cpu  63134388 885 12962274 2480806238 478685 0 182036 0 0 0
1791041973 2992, 13801, 60, 0x0000000000000000 | 11.19 9.18 9.37 | cpu  63135652 885 12962358 2480829919 478685 0 182041 0 0 0
1791041975 2992, 13801, 60, 0x0000000000000000 | 11.19 9.18 9.37 | cpu  63136782 885 12962430 2480855458 478685 0 182044 0 0 0
1791041976 3007, 13801, 55, 0x0000000000000000 | 11.19 9.18 9.37 | cpu  63137799 885 12962492 2480879292 478686 0 182050 0 0 0
1791041977 3000, 13801, 57, 0x0000000000000000 | 11.19 9.18 9.37 | cpu  63138796 886 12962548 2480903165 478686 0 182053 0 0 0
1791041978 3000, 13801, 58, 0x0000000000000000 | 10.70 9.11 9.34 | cpu  63139985 886 12962771 2480927737 478687 0 182054 0 0 0
1791041979 3000, 13801, 55, 0x0000000000000000 | 10.70 9.11 9.34 | cpu  63140762 886 12962888 2480952221 478687 0 182088 0 0 0
1791041980 3000, 13801, 58, 0x0000000000000000 | 10.70 9.11 9.34 | cpu  63141757 886 12963025 2480975548 478687 0 182094 0 0 0
1791041981 3000, 13801, 56, 0x0000000000000000 | 10.70 9.11 9.34 | cpu  63142244 886 12963186 2480999423 478687 0 182101 0 0 0
1791041982 2992, 13801, 61, 0x0000000000000000 | 10.16 9.03 9.32 | cpu  63142672 886 12963260 2481024349 478689 0 182101 0 0 0
1791041984 3000, 13801, 57, 0x0000000000000000 | 10.16 9.03 9.32 | cpu  63144296 886 12963356 2481046930 478691 0 182106 0 0 0
1791041985 3007, 13801, 55, 0x0000000000000000 | 10.16 9.03 9.32 | cpu  63147689 886 12963532 2481067270 478691 0 182106 0 0 0
1791041986 2992, 13801, 61, 0x0000000000000000 | 10.16 9.03 9.32 | cpu  63149403 886 12963589 2481089688 478693 0 182107 0 0 0
1791041987 2992, 13801, 56, 0x0000000000000000 | 10.16 9.03 9.32 | cpu  63150869 886 12963660 2481112336 478693 0 182107 0 0 0
1791041988 2992, 13801, 59, 0x0000000000000000 | 9.83 8.97 9.30 | cpu  63153338 886 12963749 2481134415 478693 0 182108 0 0 0
1791041989 2992, 13801, 59, 0x0000000000000000 | 9.83 8.97 9.30 | cpu  63154274 886 12963838 2481158282 478694 0 182113 0 0 0
1791041990 2992, 13801, 60, 0x0000000000000000 | 9.83 8.97 9.30 | cpu  63155397 886 12963919 2481181673 478694 0 182113 0 0 0
1791041991 2992, 13801, 59, 0x0000000000000000 | 9.83 8.97 9.30 | cpu  63156616 886 12964098 2481204762 478694 0 182114 0 0 0
1791041992 3000, 13801, 57, 0x0000000000000000 | 9.60 8.94 9.29 | cpu  63157624 886 12964168 2481228629 478695 0 182114 0 0 0
1791041993 3000, 13801, 55, 0x0000000000000000 | 9.60 8.94 9.29 | cpu  63158540 886 12964218 2481252575 478695 0 182114 0 0 0
1791041994 2992, 13801, 61, 0x0000000000000000 | 9.60 8.94 9.29 | cpu  63159648 886 12964286 2481276369 478695 0 182114 0 0 0
1791041996 3000, 13801, 57, 0x0000000000000000 | 9.60 8.94 9.29 | cpu  63160655 886 12964393 2481300563 478695 0 182115 0 0 0
1791041997 2992, 13801, 61, 0x0000000000000000 | 9.60 8.94 9.29 | cpu  63161456 886 12964490 2481324657 478695 0 182115 0 0 0
1791041998 3000, 13801, 61, 0x0000000000000000 | 9.23 8.88 9.26 | cpu  63163038 886 12964752 2481349248 478697 0 182116 0 0 0
1791041999 2992, 13801, 59, 0x0000000000000000 | 9.23 8.88 9.26 | cpu  63163948 886 12964845 2481373201 478697 0 182117 0 0 0
1791042000 3000, 13801, 60, 0x0000000000000000 | 9.23 8.88 9.26 | cpu  63166188 886 12964958 2481394884 478697 0 182118 0 0 0
1791042001 3000, 13801, 56, 0x0000000000000000 | 9.23 8.88 9.26 | cpu  63169310 886 12965028 2481416128 478697 0 182118 0 0 0
1791042002 3000, 13801, 60, 0x0000000000000000 | 8.97 8.83 9.24 | cpu  63172870 886 12965146 2481436558 478698 0 182118 0 0 0
1791042003 3007, 13801, 56, 0x0000000000000000 | 8.97 8.83 9.24 | cpu  63174412 886 12965268 2481460195 478701 0 182119 0 0 0
1791042005 2992, 13801, 57, 0x0000000000000000 | 8.97 8.83 9.24 | cpu  63176834 886 12965579 2481482638 478701 0 182121 0 0 0
1791042006 3000, 13801, 58, 0x0000000000000000 | 8.97 8.83 9.24 | cpu  63178482 886 12965653 2481505955 478701 0 182121 0 0 0
1791042007 3000, 13801, 58, 0x0000000000000000 | 8.97 8.83 9.24 | cpu  63180026 886 12965707 2481528375 478703 0 182121 0 0 0
1791042008 3000, 13801, 57, 0x0000000000000000 | 13.54 9.78 9.55 | cpu  63181608 886 12965785 2481551626 478706 0 182121 0 0 0
1791042009 2992, 13801, 60, 0x0000000000000000 | 13.54 9.78 9.55 | cpu  63184113 886 12965888 2481574501 478706 0 182121 0 0 0
1791042010 2992, 13801, 60, 0x0000000000000000 | 13.54 9.78 9.55 | cpu  63185314 886 12965961 2481598548 478707 0 182122 0 0 0
1791042011 3007, 13801, 58, 0x0000000000000000 | 13.54 9.78 9.55 | cpu  63186059 886 12966175 2481622897 478707 0 182122 0 0 0
1791042012 2992, 13801, 59, 0x0000000000000000 | 13.02 9.73 9.54 | cpu  63186575 886 12966231 2481647283 478707 0 182122 0 0 0
1791042013 3000, 13801, 59, 0x0000000000000000 | 13.02 9.73 9.54 | cpu  63187115 886 12966276 2481671777 478707 0 182123 0 0 0
1791042015 3000, 13801, 61, 0x0000000000000000 | 13.02 9.73 9.54 | cpu  63188070 886 12966423 2481695541 478707 0 182128 0 0 0
1791042016 2985, 13801, 60, 0x0000000000000000 | 13.02 9.73 9.54 | cpu  63188974 886 12966529 2481719969 478707 0 182128 0 0 0
1791042017 3000, 13801, 57, 0x0000000000000000 | 13.02 9.73 9.54 | cpu  63189923 886 12966640 2481743998 478708 0 182128 0 0 0
1791042018 3000, 13801, 57, 0x0000000000000000 | 21.34 11.51 10.11 | cpu  63191355 886 12966866 2481768159 478710 0 182129 0 0 0
1791042019 3007, 13801, 55, 0x0000000000000000 | 21.34 11.51 10.11 | cpu  63192519 887 12966973 2481792170 478710 0 182131 0 0 0
1791042020 3000, 13801, 57, 0x0000000000000000 | 21.34 11.51 10.11 | cpu  63193306 887 12967128 2481816131 478710 0 182131 0 0 0
1791042021 3000, 13801, 58, 0x0000000000000000 | 21.34 11.51 10.11 | cpu  63194888 887 12967242 2481839925 478710 0 182131 0 0 0
1791042022 3000, 13801, 57, 0x0000000000000000 | 20.04 11.40 10.08 | cpu  63198697 887 12967294 2481860650 478710 0 182131 0 0 0
1791042024 3007, 13801, 56, 0x0000000000000000 | 20.04 11.40 10.08 | cpu  63200642 887 12967664 2481883136 478711 0 182132 0 0 0
1791042025 3000, 13801, 58, 0x0000000000000000 | 20.04 11.40 10.08 | cpu  63201084 887 12968348 2481907739 478712 0 182136 0 0 0
1791042026 3000, 13801, 60, 0x0000000000000000 | 20.04 11.40 10.08 | cpu  63201949 887 12969162 2481931292 478715 0 182138 0 0 0
1791042027 2992, 13801, 59, 0x0000000000000000 | 19.47 11.43 10.10 | cpu  63202415 887 12969798 2481956153 478715 0 182140 0 0 0
1791042028 3000, 13801, 60, 0x0000000000000000 | 19.47 11.43 10.10 | cpu  63204299 887 12969950 2481978051 478715 0 182142 0 0 0
1791042029 3000, 13801, 58, 0x0000000000000000 | 19.47 11.43 10.10 | cpu  63206674 887 12970007 2482000582 478717 0 182142 0 0 0
1791042030 3000, 13801, 56, 0x0000000000000000 | 19.47 11.43 10.10 | cpu  63208509 887 12970072 2482023737 478717 0 182142 0 0 0
1791042031 2992, 13801, 57, 0x0000000000000000 | 19.47 11.43 10.10 | cpu  63210204 887 12970221 2482045871 478721 0 182144 0 0 0
1791042033 3000, 13801, 56, 0x0000000000000000 | 18.47 11.36 10.08 | cpu  63212182 887 12970407 2482067893 478721 0 182145 0 0 0
1791042034 3000, 13801, 58, 0x0000000000000000 | 18.47 11.36 10.08 | cpu  63213619 887 12970469 2482090697 478721 0 182145 0 0 0
1791042035 2992, 13801, 60, 0x0000000000000000 | 18.47 11.36 10.08 | cpu  63215772 887 12970536 2482112441 478723 0 182145 0 0 0
1791042036 3000, 13801, 60, 0x0000000000000000 | 18.47 11.36 10.08 | cpu  63216748 887 12970620 2482136806 478723 0 182145 0 0 0
1791042037 3000, 13801, 59, 0x0000000000000000 | 18.47 11.36 10.08 | cpu  63217684 887 12970704 2482161622 478723 0 182146 0 0 0
1791042038 2992, 13801, 61, 0x0000000000000000 | 17.39 11.25 10.06 | cpu  63218847 888 12970763 2482184842 478723 0 182146 0 0 0
1791042039 3000, 13801, 57, 0x0000000000000000 | 17.39 11.25 10.06 | cpu  63220086 888 12971026 2482208346 478723 0 182146 0 0 0
1791042040 3000, 13801, 57, 0x0000000000000000 | 17.39 11.25 10.06 | cpu  63220986 888 12971101 2482231812 478723 0 182146 0 0 0
1791042041 2992, 13801, 61, 0x0000000000000000 | 17.39 11.25 10.06 | cpu  63221993 888 12971175 2482255552 478725 0 182149 0 0 0
1791042042 3007, 13801, 55, 0x0000000000000000 | 16.48 11.16 10.03 | cpu  63223044 888 12971275 2482279019 478728 0 182156 0 0 0
1791042044 3000, 13801, 57, 0x0000000000000000 | 16.48 11.16 10.03 | cpu  63223957 888 12971429 2482302594 478728 0 182156 0 0 0
1791042045 2992, 13801, 59, 0x0000000000000000 | 16.48 11.16 10.03 | cpu  63224836 888 12971727 2482327817 478730 0 182158 0 0 0
1791042046 2992, 13801, 62, 0x0000000000000000 | 16.48 11.16 10.03 | cpu  63225999 888 12972051 2482351259 478731 0 182160 0 0 0
1791042047 3000, 13801, 56, 0x0000000000000000 | 16.48 11.16 10.03 | cpu  63227049 888 12972125 2482375169 478731 0 182160 0 0 0
1791042048 3000, 13801, 54, 0x0000000000000000 | 15.72 11.09 10.02 | cpu  63229390 888 12972236 2482396900 478731 0 182161 0 0 0
1791042049 3000, 13801, 58, 0x0000000000000000 | 15.72 11.09 10.02 | cpu  63232113 888 12972558 2482418768 478731 0 182162 0 0 0
1791042050 2992, 13801, 59, 0x0000000000000000 | 15.72 11.09 10.02 | cpu  63233001 888 12973228 2482442248 478731 0 182163 0 0 0
1791042051 3000, 13801, 59, 0x0000000000000000 | 15.72 11.09 10.02 | cpu  63234148 888 12973854 2482465687 478734 0 182165 0 0 0
1791042053 3007, 13801, 56, 0x0000000000000000 | 15.58 11.14 10.04 | cpu  63235211 888 12974717 2482490058 478735 0 182170 0 0 0
1791042054 3007, 13801, 55, 0x0000000000000000 | 15.58 11.14 10.04 | cpu  63237393 888 12975046 2482512585 478735 0 182171 0 0 0
1791042055 3000, 13801, 55, 0x0000000000000000 | 15.58 11.14 10.04 | cpu  63239281 888 12975110 2482535962 478735 0 182172 0 0 0
1791042056 3000, 13801, 58, 0x0000000000000000 | 15.58 11.14 10.04 | cpu  63241867 888 12975164 2482558442 478735 0 182172 0 0 0
1791042057 3000, 13801, 57, 0x0000000000000000 | 14.98 11.09 10.03 | cpu  63242892 888 12975256 2482582726 478736 0 182174 0 0 0
1791042058 2992, 13801, 61, 0x0000000000000000 | 14.98 11.09 10.03 | cpu  63243728 888 12975342 2482607753 478736 0 182183 0 0 0
1791042059 3007, 13801, 57, 0x0000000000000000 | 14.98 11.09 10.03 | cpu  63244170 888 12975406 2482632246 478736 0 182184 0 0 0
1791042060 2992, 13801, 59, 0x0000000000000000 | 14.98 11.09 10.03 | cpu  63244944 888 12975632 2482656158 478736 0 182186 0 0 0
1791042062 2992, 13801, 60, 0x0000000000000000 | 14.98 11.09 10.03 | cpu  63245533 888 12975782 2482680874 478736 0 182188 0 0 0
1791042063 3000, 13801, 56, 0x0000000000000000 | 14.26 11.01 10.01 | cpu  63246080 888 12975814 2482705197 478737 0 182189 0 0 0
1791042064 3000, 13801, 58, 0x0000000000000000 | 14.26 11.01 10.01 | cpu  63246626 888 12975870 2482729454 478741 0 182190 0 0 0
1791042065 3000, 13801, 57, 0x0000000000000000 | 14.26 11.01 10.01 | cpu  63247790 888 12975964 2482753607 478743 0 182192 0 0 0
1791042066 3007, 13801, 56, 0x0000000000000000 | 14.26 11.01 10.01 | cpu  63249712 888 12976288 2482777352 478743 0 182196 0 0 0
1791042067 2992, 13801, 56, 0x0000000000000000 | 13.60 10.92 9.98 | cpu  63250560 888 12976383 2482801371 478743 0 182197 0 0 0
1791042069 2992, 13801, 60, 0x0000000000000000 | 13.60 10.92 9.98 | cpu  63251593 888 12976473 2482829404 478745 0 182202 0 0 0
1791042070 3000, 13801, 57, 0x0000000000000000 | 13.60 10.92 9.98 | cpu  63252824 888 12976578 2482853351 478759 0 182206 0 0 0
1791042071 3007, 13801, 55, 0x0000000000000000 | 13.60 10.92 9.98 | cpu  63254303 888 12976659 2482876970 478759 0 182218 0 0 0
1791042072 3000, 13801, 58, 0x0000000000000000 | 13.60 10.92 9.98 | cpu  63255112 888 12976746 2482900910 478759 0 182220 0 0 0
1791042073 3000, 13801, 57, 0x0000000000000000 | 13.15 10.87 9.97 | cpu  63256009 888 12976990 2482924597 478759 0 182221 0 0 0
1791042074 3007, 13801, 55, 0x0000000000000000 | 13.15 10.87 9.97 | cpu  63258635 888 12977062 2482946747 478759 0 182222 0 0 0
1791042075 3000, 13801, 58, 0x0000000000000000 | 13.15 10.87 9.97 | cpu  63260944 888 12977127 2482969251 478763 0 182224 0 0 0
1791042076 3000, 13801, 56, 0x0000000000000000 | 13.15 10.87 9.97 | cpu  63262528 888 12977174 2482992160 478763 0 182225 0 0 0
1791042077 3000, 13801, 57, 0x0000000000000000 | 12.57 10.79 9.95 | cpu  63263082 888 12977229 2483016887 478764 0 182231 0 0 0
1791042079 3000, 13801, 56, 0x0000000000000000 | 12.57 10.79 9.95 | cpu  63265663 888 12977334 2483038654 478765 0 182232 0 0 0
1791042080 2992, 13801, 58, 0x0000000000000000 | 12.57 10.79 9.95 | cpu  63266763 888 12977581 2483062153 478770 0 182234 0 0 0
1791042081 3007, 13801, 55, 0x0000000000000000 | 12.57 10.79 9.95 | cpu  63267565 888 12977698 2483086478 478774 0 182236 0 0 0
1791042082 3000, 13801, 56, 0x0000000000000000 | 12.57 10.79 9.95 | cpu  63268388 888 12977799 2483111301 478774 0 182236 0 0 0
1791042083 3000, 13801, 56, 0x0000000000000000 | 12.13 10.73 9.94 | cpu  63270087 888 12977936 2483134349 478774 0 182240 0 0 0
1791042084 3000, 13801, 57, 0x0000000000000000 | 12.13 10.73 9.94 | cpu  63271398 888 12978005 2483157336 478774 0 182245 0 0 0
1791042085 3000, 13801, 60, 0x0000000000000000 | 12.13 10.73 9.94 | cpu  63272480 888 12978127 2483181079 478776 0 182247 0 0 0
1791042086 3007, 13801, 56, 0x0000000000000000 | 12.13 10.73 9.94 | cpu  63274102 888 12978447 2483204717 478779 0 182251 0 0 0
1791042088 3000, 13801, 57, 0x0000000000000000 | 11.56 10.63 9.91 | cpu  63275034 888 12979104 2483229074 478780 0 182252 0 0 0
1791042089 3000, 13801, 59, 0x0000000000000000 | 11.56 10.63 9.91 | cpu  63276511 888 12982010 2483249753 478781 0 182254 0 0 0
1791042090 3007, 13801, 55, 0x0000000000000000 | 11.56 10.63 9.91 | cpu  63279579 888 12984161 2483268662 478782 0 182254 0 0 0
1791042091 2992, 13801, 59, 0x0000000000000000 | 11.56 10.63 9.91 | cpu  63284812 888 12985880 2483286087 478783 0 182254 0 0 0
1791042092 3007, 13801, 56, 0x0000000000000000 | 11.56 10.63 9.91 | cpu  63290236 888 12987521 2483303057 478783 0 182254 0 0 0
1791042093 3000, 13801, 56, 0x0000000000000000 | 11.19 10.57 9.89 | cpu  63295221 888 12989706 2483320991 478784 0 182254 0 0 0
1791042094 3007, 13801, 55, 0x0000000000000000 | 11.19 10.57 9.89 | cpu  63302244 888 12991883 2483337418 478784 0 182254 0 0 0
1791042095 3000, 13801, 57, 0x0000000000000000 | 11.19 10.57 9.89 | cpu  63304969 888 12993196 2483357342 478786 0 182255 0 0 0
1791042096 3000, 13801, 55, 0x0000000000000000 | 11.19 10.57 9.89 | cpu  63310902 888 12994949 2483374872 478787 0 182257 0 0 0
1791042098 3007, 13801, 55, 0x0000000000000000 | 10.86 10.51 9.88 | cpu  63315698 888 12997062 2483392449 478789 0 182257 0 0 0
1791042099 3007, 13801, 54, 0x0000000000000000 | 10.86 10.51 9.88 | cpu  63320236 888 12999244 2483409869 478790 0 182260 0 0 0
1791042100 3007, 13801, 56, 0x0000000000000000 | 10.86 10.51 9.88 | cpu  63324439 889 13001180 2483429674 478791 0 182260 0 0 0
1791042101 2992, 13801, 58, 0x0000000000000000 | 10.86 10.51 9.88 | cpu  63328500 889 13002754 2483448734 478791 0 182260 0 0 0
1791042102 3007, 13801, 54, 0x0000000000000000 | 10.86 10.51 9.88 | cpu  63336435 889 13003706 2483464616 478791 0 182261 0 0 0
1791042103 3007, 13801, 54, 0x0000000000000000 | 10.31 10.41 9.85 | cpu  63343345 889 13004397 2483481532 478791 0 182261 0 0 0
1791042104 3000, 13801, 55, 0x0000000000000000 | 10.31 10.41 9.85 | cpu  63350417 889 13005014 2483499343 478791 0 182262 0 0 0
1791042105 3000, 13801, 56, 0x0000000000000000 | 10.31 10.41 9.85 | cpu  63356938 889 13005935 2483516229 478791 0 182263 0 0 0
1791042106 3000, 13801, 58, 0x0000000000000000 | 10.31 10.41 9.85 | cpu  63363704 889 13007374 2483533323 478793 0 182264 0 0 0
1791042108 3000, 13801, 56, 0x0000000000000000 | 9.80 10.30 9.81 | cpu  63369754 889 13008777 2483550857 478793 0 182264 0 0 0
1791042109 3000, 13801, 56, 0x0000000000000000 | 9.80 10.30 9.81 | cpu  63373955 889 13010345 2483570148 478794 0 182265 0 0 0
1791042110 3000, 13801, 58, 0x0000000000000000 | 9.80 10.30 9.81 | cpu  63378689 889 13012422 2483587844 478794 0 182266 0 0 0
1791042111 3000, 13801, 55, 0x0000000000000000 | 9.80 10.30 9.81 | cpu  63381437 889 13014748 2483607888 478794 0 182266 0 0 0
1791042112 3000, 13801, 60, 0x0000000000000000 | 10.06 10.34 9.83 | cpu  63384152 889 13017222 2483629049 478795 0 182267 0 0 0
1791042113 3007, 13801, 54, 0x0000000000000000 | 10.06 10.34 9.83 | cpu  63386947 889 13019267 2483649377 478795 0 182267 0 0 0
1791042114 2992, 13801, 57, 0x0000000000000000 | 10.06 10.34 9.83 | cpu  63390197 889 13021086 2483668660 478795 0 182268 0 0 0
1791042115 3000, 13801, 55, 0x0000000000000000 | 10.06 10.34 9.83 | cpu  63393790 889 13022742 2483689170 478797 0 182268 0 0 0
1791042117 3007, 13801, 54, 0x0000000000000000 | 10.06 10.34 9.83 | cpu  63397203 889 13024199 2483709227 478797 0 182268 0 0 0
1791042118 3007, 13801, 55, 0x0000000000000000 | 9.81 10.29 9.82 | cpu  63401386 889 13025928 2483729728 478801 0 182268 0 0 0
1791042119 3000, 13801, 54, 0x0000000000000000 | 9.81 10.29 9.82 | cpu  63406218 889 13026878 2483748192 478801 0 182269 0 0 0
1791042120 3000, 13801, 55, 0x0000000000000000 | 9.81 10.29 9.82 | cpu  63410062 889 13027520 2483768553 478801 0 182269 0 0 0
1791042121 2992, 13801, 56, 0x0000000000000000 | 9.81 10.29 9.82 | cpu  63414548 889 13028104 2483788288 478801 0 182270 0 0 0
1791042122 3000, 13801, 56, 0x0000000000000000 | 21.28 12.66 10.59 | cpu  63418390 889 13028770 2483809092 478804 0 182270 0 0 0
1791042123 3000, 13801, 56, 0x0000000000000000 | 21.28 12.66 10.59 | cpu  63421779 889 13029360 2483830187 478804 0 182270 0 0 0
1791042124 3000, 13801, 58, 0x0000000000000000 | 21.28 12.66 10.59 | cpu  63425056 889 13029956 2483850544 478804 0 182270 0 0 0
1791042125 3000, 13801, 57, 0x0000000000000000 | 21.28 12.66 10.59 | cpu  63428566 889 13030668 2483871337 478804 0 182270 0 0 0
1791042127 3007, 13801, 57, 0x0000000000000000 | 21.28 12.66 10.59 | cpu  63433542 889 13031264 2483890898 478805 0 182271 0 0 0
1791042128 3000, 13801, 59, 0x0000000000000000 | 30.63 14.74 11.27 | cpu  63437042 889 13031962 2483913041 478805 0 182272 0 0 0
1791042129 2992, 13801, 59, 0x0000000000000000 | 30.63 14.74 11.27 | cpu  63440494 889 13032502 2483934124 478806 0 182275 0 0 0
1791042130 3000, 13801, 57, 0x0000000000000000 | 30.63 14.74 11.27 | cpu  63444132 889 13032970 2483955083 478806 0 182276 0 0 0
1791042131 3000, 13801, 56, 0x0000000000000000 | 30.63 14.74 11.27 | cpu  63448450 889 13033372 2483975100 478807 0 182278 0 0 0
1791042132 2985, 13801, 58, 0x0000000000000000 | 37.14 16.35 11.81 | cpu  63452615 889 13033922 2483996337 478807 0 182283 0 0 0
1791042133 2992, 13801, 59, 0x0000000000000000 | 37.14 16.35 11.81 | cpu  63456750 889 13034256 2484017632 478807 0 182284 0 0 0
1791042135 3000, 13801, 59, 0x0000000000000000 | 37.14 16.35 11.81 | cpu  63461157 889 13034588 2484037995 478809 0 182286 0 0 0
1791042136 3000, 13801, 56, 0x0000000000000000 | 37.14 16.35 11.81 | cpu  63465016 889 13034995 2484058807 478809 0 182288 0 0 0
1791042137 3000, 13801, 56, 0x0000000000000000 | 37.14 16.35 11.81 | cpu  63468935 889 13035292 2484078942 478809 0 182289 0 0 0
1791042138 3000, 13801, 58, 0x0000000000000000 | 42.50 17.81 12.31 | cpu  63473507 889 13035578 2484099587 478809 0 182290 0 0 0
1791042139 2992, 13801, 59, 0x0000000000000000 | 42.50 17.81 12.31 | cpu  63477607 890 13035863 2484120313 478810 0 182290 0 0 0
1791042140 3000, 13801, 57, 0x0000000000000000 | 42.50 17.81 12.31 | cpu  63482048 890 13036247 2484139499 478812 0 182291 0 0 0
1791042141 2992, 13801, 60, 0x0000000000000000 | 42.50 17.81 12.31 | cpu  63486955 890 13036525 2484159529 478813 0 182292 0 0 0
1791042142 3000, 13801, 54, 0x0000000000000000 | 46.78 19.11 12.76 | cpu  63491192 890 13036695 2484180685 478813 0 182292 0 0 0
1791042143 3007, 13801, 54, 0x0000000000000000 | 46.78 19.11 12.76 | cpu  63495229 890 13036921 2484201302 478813 0 182294 0 0 0
1791042145 3000, 13801, 56, 0x0000000000000000 | 46.78 19.11 12.76 | cpu  63499475 890 13037148 2484221921 478813 0 182295 0 0 0
1791042146 3000, 13801, 56, 0x0000000000000000 | 46.78 19.11 12.76 | cpu  63503738 890 13037374 2484242112 478813 0 182304 0 0 0
1791042147 2992, 13801, 58, 0x0000000000000000 | 46.78 19.11 12.76 | cpu  63507786 890 13037643 2484262568 478814 0 182306 0 0 0
1791042148 3000, 13801, 56, 0x0000000000000000 | 50.32 20.30 13.18 | cpu  63514673 890 13038001 2484279611 478814 0 182307 0 0 0
1791042149 2992, 13801, 57, 0x0000000000000000 | 50.32 20.30 13.18 | cpu  63521925 890 13038189 2484296392 478814 0 182308 0 0 0
1791042150 3007, 13801, 55, 0x0000000000000000 | 50.32 20.30 13.18 | cpu  63529628 890 13038392 2484313016 478814 0 182308 0 0 0
1791042151 3000, 13801, 55, 0x0000000000000000 | 50.32 20.30 13.18 | cpu  63537752 890 13038584 2484329775 478816 0 182309 0 0 0
1791042152 3000, 13801, 56, 0x0000000000000000 | 56.46 22.07 13.79 | cpu  63544788 890 13038792 2484346923 478816 0 182309 0 0 0
1791042153 2992, 13801, 57, 0x0000000000000000 | 56.46 22.07 13.79 | cpu  63550835 890 13039030 2484364812 478816 0 182310 0 0 0
1791042155 3000, 13801, 55, 0x0000000000000000 | 56.46 22.07 13.79 | cpu  63558015 890 13039273 2484381847 478817 0 182311 0 0 0
1791042156 3000, 13801, 55, 0x0000000000000000 | 56.46 22.07 13.79 | cpu  63565260 890 13039630 2484398816 478817 0 182311 0 0 0
1791042157 3000, 13801, 55, 0x0000000000000000 | 56.46 22.07 13.79 | cpu  63572125 890 13039868 2484416283 478818 0 182311 0 0 0
1791042158 3000, 13801, 56, 0x0000000000000000 | 58.59 23.08 14.16 | cpu  63579554 890 13040069 2484433178 478818 0 182312 0 0 0
1791042159 3007, 13801, 56, 0x0000000000000000 | 58.59 23.08 14.16 | cpu  63587465 890 13040270 2484450631 478818 0 182312 0 0 0
1791042160 3000, 13801, 56, 0x0000000000000000 | 58.59 23.08 14.16 | cpu  63592140 890 13040983 2484469283 478866 0 182314 0 0 0
1791042161 3000, 13801, 55, 0x0000000000000000 | 58.59 23.08 14.16 | cpu  63597201 890 13041609 2484488141 478938 0 182315 0 0 0
1791042162 3000, 13801, 57, 0x0000000000000000 | 60.78 24.13 14.55 | cpu  63601098 890 13042270 2484508000 479010 0 182319 0 0 0
1791042163 2992, 13801, 57, 0x0000000000000000 | 60.78 24.13 14.55 | cpu  63605265 890 13043015 2484527969 479099 0 182327 0 0 0
1791042164 3007, 13801, 54, 0x0000000000000000 | 60.78 24.13 14.55 | cpu  63610850 890 13043724 2484545814 479161 0 182328 0 0 0
1791042166 3000, 13801, 54, 0x0000000000000000 | 60.78 24.13 14.55 | cpu  63617731 890 13044141 2484563981 479216 0 182328 0 0 0
1791042167 2962, 13801, 52, 0x0000000000000000 | 60.78 24.13 14.55 | cpu  63624510 890 13044397 2484581510 479240 0 182330 0 0 0
1791042168 3000, 13801, 56, 0x0000000000000000 | 61.84 24.96 14.87 | cpu  63631974 890 13044658 2484598352 479255 0 182330 0 0 0
1791042169 2992, 13801, 58, 0x0000000000000000 | 61.84 24.96 14.87 | cpu  63639354 890 13044928 2484614925 479266 0 182331 0 0 0
1791042170 3000, 13801, 56, 0x0000000000000000 | 61.84 24.96 14.87 | cpu  63646550 890 13045227 2484632624 479278 0 182333 0 0 0
1791042171 3000, 13801, 56, 0x0000000000000000 | 61.84 24.96 14.87 | cpu  63652907 890 13045665 2484651029 479286 0 182334 0 0 0
1791042172 3000, 13801, 59, 0x0000000000000000 | 62.58 25.72 15.17 | cpu  63658650 890 13046347 2484670813 479288 0 182334 0 0 0
1791042173 3000, 13801, 57, 0x0000000000000000 | 62.58 25.72 15.17 | cpu  63662192 890 13047516 2484690774 479290 0 182337 0 0 0
1791042174 3007, 13801, 55, 0x0000000000000000 | 62.58 25.72 15.17 | cpu  63666527 890 13048412 2484711304 479296 0 182338 0 0 0
1791042176 3022, 13801, 54, 0x0000000000000000 | 62.58 25.72 15.17 | cpu  63670684 890 13049424 2484732809 479299 0 182350 0 0 0
1791042177 3000, 13801, 56, 0x0000000000000000 | 62.58 25.72 15.17 | cpu  63674604 890 13050340 2484753739 479301 0 182357 0 0 0
1791042178 3000, 13801, 56, 0x0000000000000000 | 62.37 26.29 15.41 | cpu  63678654 890 13051342 2484774880 479304 0 182359 0 0 0
1791042179 2992, 13801, 58, 0x0000000000000000 | 62.37 26.29 15.41 | cpu  63682473 890 13052301 2484797090 479306 0 182360 0 0 0
1791042180 2992, 13801, 61, 0x0000000000000000 | 62.37 26.29 15.41 | cpu  63686585 890 13053189 2484818225 479308 0 182362 0 0 0
1791042182 3007, 13801, 55, 0x0000000000000000 | 62.37 26.29 15.41 | cpu  63690767 890 13053479 2484838941 479308 0 182373 0 0 0
1791042183 3000, 13801, 57, 0x0000000000000000 | 61.30 26.67 15.59 | cpu  63694930 890 13053713 2484860358 479308 0 182376 0 0 0
1791042184 3007, 13801, 54, 0x0000000000000000 | 61.30 26.67 15.59 | cpu  63698781 890 13053886 2484882298 479308 0 182380 0 0 0
1791042185 2992, 13801, 58, 0x0000000000000000 | 61.30 26.67 15.59 | cpu  63704372 890 13054103 2484901122 479308 0 182380 0 0 0
1791042186 3000, 13801, 57, 0x0000000000000000 | 61.30 26.67 15.59 | cpu  63708392 890 13054383 2484922805 479308 0 182381 0 0 0
1791042187 3000, 13801, 57, 0x0000000000000000 | 59.59 26.89 15.72 | cpu  63712343 890 13054629 2484943714 479310 0 182387 0 0 0
1791042188 2992, 13801, 60, 0x0000000000000000 | 59.59 26.89 15.72 | cpu  63716110 890 13054913 2484964208 479310 0 182393 0 0 0
1791042189 3000, 13801, 57, 0x0000000000000000 | 59.59 26.89 15.72 | cpu  63720383 890 13055104 2484986410 479310 0 182409 0 0 0
1791042191 3000, 13801, 58, 0x0000000000000000 | 59.59 26.89 15.72 | cpu  63724372 890 13055330 2485008019 479310 0 182413 0 0 0
1791042192 3000, 13801, 60, 0x0000000000000000 | 59.59 26.89 15.72 | cpu  63727657 890 13055570 2485028536 479311 0 182429 0 0 0
1791042193 3000, 13801, 57, 0x0000000000000000 | 56.82 26.86 15.77 | cpu  63730563 890 13055754 2485050200 479312 0 182432 0 0 0
1791042194 3000, 13801, 57, 0x0000000000000000 | 56.82 26.86 15.77 | cpu  63732744 890 13055845 2485072925 479312 0 182435 0 0 0
1791042195 3000, 13801, 56, 0x0000000000000000 | 56.82 26.86 15.77 | cpu  63737473 890 13056374 2485092392 479312 0 182436 0 0 0
1791042196 3000, 13801, 56, 0x0000000000000000 | 56.82 26.86 15.77 | cpu  63741210 890 13057380 2485112430 479312 0 182436 0 0 0
1791042197 3000, 13801, 57, 0x0000000000000000 | 53.23 26.61 15.75 | cpu  63744098 890 13057547 2485135155 479312 0 182440 0 0 0
1791042198 3007, 13801, 55, 0x0000000000000000 | 53.23 26.61 15.75 | cpu  63746486 890 13057951 2485157501 479312 0 182440 0 0 0
1791042200 3000, 13801, 60, 0x0000000000000000 | 53.23 26.61 15.75 | cpu  63748493 890 13058053 2485179745 479312 0 182441 0 0 0
1791042201 3000, 13801, 55, 0x0000000000000000 | 53.23 26.61 15.75 | cpu  63749370 890 13058096 2485203814 479312 0 182446 0 0 0
1791042202 3000, 13801, 60, 0x0000000000000000 | 53.23 26.61 15.75 | cpu  63750692 890 13058141 2485227808 479312 0 182452 0 0 0
1791042203 3007, 13801, 55, 0x0000000000000000 | 49.61 26.30 15.71 | cpu  63753565 890 13058240 2485249479 479312 0 182452 0 0 0
1791042204 3007, 13801, 55, 0x0000000000000000 | 49.61 26.30 15.71 | cpu  63754744 890 13058362 2485272672 479313 0 182452 0 0 0
1791042205 3000, 13801, 55, 0x0000000000000000 | 49.61 26.30 15.71 | cpu  63755860 890 13058504 2485296334 479313 0 182453 0 0 0
1791042206 3007, 13801, 59, 0x0000000000000000 | 49.61 26.30 15.71 | cpu  63757258 890 13058565 2485319736 479313 0 182454 0 0 0
1791042207 2992, 13801, 60, 0x0000000000000000 | 46.28 26.00 15.67 | cpu  63758497 890 13058632 2485343291 479316 0 182454 0 0 0
1791042208 2992, 13801, 61, 0x0000000000000000 | 46.28 26.00 15.67 | cpu  63759684 890 13058707 2485368118 479316 0 182456 0 0 0
1791042210 3007, 13801, 55, 0x0000000000000000 | 46.28 26.00 15.67 | cpu  63760851 890 13058785 2485392652 479317 0 182459 0 0 0
1791042211 3000, 13801, 55, 0x0000000000000000 | 46.28 26.00 15.67 | cpu  63761792 890 13058849 2485416914 479317 0 182459 0 0 0
1791042212 2992, 13801, 59, 0x0000000000000000 | 46.28 26.00 15.67 | cpu  63762987 890 13058916 2485440771 479318 0 182460 0 0 0
1791042213 3000, 13801, 57, 0x0000000000000000 | 51.86 27.49 16.21 | cpu  63764022 890 13059015 2485464554 479320 0 182463 0 0 0
1791042214 2992, 13801, 60, 0x0000000000000000 | 51.86 27.49 16.21 | cpu  63764620 890 13059330 2485489659 479321 0 182469 0 0 0
1791042215 3000, 13801, 60, 0x0000000000000000 | 51.86 27.49 16.21 | cpu  63767884 890 13059852 2485511270 479321 0 182470 0 0 0
1791042216 3000, 13801, 57, 0x0000000000000000 | 51.86 27.49 16.21 | cpu  63771932 890 13060070 2485532310 479322 0 182479 0 0 0
1791042218 3000, 13801, 58, 0x0000000000000000 | 49.31 27.37 16.23 | cpu  63774516 890 13060219 2485554489 479322 0 182479 0 0 0
1791042219 3000, 13801, 56, 0x0000000000000000 | 49.31 27.37 16.23 | cpu  63776416 890 13060322 2485577524 479325 0 182479 0 0 0
1791042220 3007, 13801, 55, 0x0000000000000000 | 49.31 27.37 16.23 | cpu  63778170 890 13060417 2485600577 479325 0 182485 0 0 0
1791042221 3015, 13801, 55, 0x0000000000000000 | 49.31 27.37 16.23 | cpu  63778958 890 13060477 2485624943 479325 0 182489 0 0 0
1791042222 3000, 13801, 56, 0x0000000000000000 | 49.31 27.37 16.23 | cpu  63783062 890 13060619 2485644818 479327 0 182491 0 0 0
1791042223 2992, 13801, 58, 0x0000000000000000 | 45.84 27.01 16.17 | cpu  63783941 890 13060835 2485668274 479327 0 182491 0 0 0
1791042224 2992, 13801, 57, 0x0000000000000000 | 45.84 27.01 16.17 | cpu  63785529 890 13061021 2485691411 479331 0 182491 0 0 0
1791042225 2992, 13801, 58, 0x0000000000000000 | 45.84 27.01 16.17 | cpu  63790300 890 13061964 2485710200 479331 0 182492 0 0 0
1791042226 2992, 13801, 59, 0x0000000000000000 | 45.84 27.01 16.17 | cpu  63793044 890 13062272 2485731535 479332 0 182505 0 0 0
1791042228 2992, 13801, 60, 0x0000000000000000 | 43.05 26.75 16.14 | cpu  63794526 890 13062347 2485754981 479332 0 182508 0 0 0
1791042229 3000, 13801, 60, 0x0000000000000000 | 43.05 26.75 16.14 | cpu  63796704 890 13062412 2485776813 479333 0 182512 0 0 0
1791042230 3000, 13801, 57, 0x0000000000000000 | 43.05 26.75 16.14 | cpu  63797447 890 13062510 2485800806 479336 0 182513 0 0 0
1791042231 3000, 13801, 57, 0x0000000000000000 | 43.05 26.75 16.14 | cpu  63799356 890 13062635 2485824019 479336 0 182515 0 0 0
1791042232 3007, 13801, 56, 0x0000000000000000 | 43.05 26.75 16.14 | cpu  63801849 890 13062819 2485846504 479338 0 182515 0 0 0
1791042233 2992, 13801, 61, 0x0000000000000000 | 40.56 26.50 16.12 | cpu  63804122 890 13063025 2485868249 479338 0 182516 0 0 0
1791042234 3000, 13801, 57, 0x0000000000000000 | 40.56 26.50 16.12 | cpu  63806069 890 13063204 2485890215 479339 0 182516 0 0 0
1791042235 3000, 13801, 57, 0x0000000000000000 | 40.56 26.50 16.12 | cpu  63807973 890 13063306 2485914051 479339 0 182516 0 0 0
1791042236 3000, 13801, 57, 0x0000000000000000 | 40.56 26.50 16.12 | cpu  63810073 890 13063761 2485935922 479340 0 182518 0 0 0
1791042238 3000, 13801, 59, 0x0000000000000000 | 37.96 26.19 16.08 | cpu  63813177 890 13063998 2485957961 479342 0 182518 0 0 0
1791042239 3000, 13801, 57, 0x0000000000000000 | 37.96 26.19 16.08 | cpu  63817129 890 13064229 2485978818 479342 0 182518 0 0 0
1791042240 3007, 13801, 56, 0x0000000000000000 | 37.96 26.19 16.08 | cpu  63818382 890 13065178 2486000702 479342 0 182520 0 0 0
1791042241 3007, 13801, 55, 0x0000000000000000 | 37.96 26.19 16.08 | cpu  63819526 890 13065485 2486024672 479343 0 182528 0 0 0
1791042242 3007, 13801, 55, 0x0000000000000000 | 35.72 25.93 16.05 | cpu  63824111 890 13066752 2486049915 479350 0 182530 0 0 0
1791042243 2775, 13801, 51, 0x0000000000000000 | 35.72 25.93 16.05 | cpu  63829347 890 13067130 2486069316 479353 0 182530 0 0 0
1791042245 2647, 13801, 51, 0x0000000000000000 | 35.72 25.93 16.05 | cpu  63834480 890 13067434 2486089358 479353 0 182534 0 0 0
1791042246 2647, 13801, 51, 0x0000000000000000 | 35.72 25.93 16.05 | cpu  63837302 890 13067684 2486111126 479353 0 182536 0 0 0
1791042247 2647, 13801, 50, 0x0000000000000000 | 35.72 25.93 16.05 | cpu  63838928 890 13067830 2486134318 479353 0 182540 0 0 0
1791042248 2647, 13801, 50, 0x0000000000000000 | 33.82 25.69 16.02 | cpu  63840163 890 13067954 2486158679 479355 0 182540 0 0 0
1791042249 2647, 13801, 50, 0x0000000000000000 | 33.82 25.69 16.02 | cpu  63841194 890 13068096 2486182525 479356 0 182540 0 0 0
1791042250 2647, 13801, 50, 0x0000000000000000 | 33.82 25.69 16.02 | cpu  63842137 890 13068229 2486206916 479356 0 182541 0 0 0
1791042251 2647, 13801, 49, 0x0000000000000000 | 33.82 25.69 16.02 | cpu  63842912 890 13068348 2486230955 479356 0 182541 0 0 0
1791042252 2647, 13801, 49, 0x0000000000000000 | 31.43 25.33 15.96 | cpu  63843846 890 13068543 2486255149 479356 0 182542 0 0 0
1791042253 2647, 13801, 49, 0x0000000000000000 | 31.43 25.33 15.96 | cpu  63844218 890 13068672 2486279376 479360 0 182544 0 0 0
1791042255 2647, 13801, 49, 0x0000000000000000 | 31.43 25.33 15.96 | cpu  63844487 890 13068750 2486303859 479360 0 182546 0 0 0
1791042256 2647, 13801, 49, 0x0000000000000000 | 31.43 25.33 15.96 | cpu  63844718 890 13068828 2486328312 479360 0 182546 0 0 0
1791042257 2647, 13801, 49, 0x0000000000000000 | 31.43 25.33 15.96 | cpu  63845812 890 13069065 2486352241 479361 0 182547 0 0 0
1791042258 2647, 13801, 48, 0x0000000000000000 | 29.87 25.11 15.94 | cpu  63847178 890 13069270 2486375529 479361 0 182548 0 0 0
1791042259 2647, 13801, 48, 0x0000000000000000 | 29.87 25.11 15.94 | cpu  63848706 890 13069422 2486399041 479362 0 182548 0 0 0
1791042260 2647, 13801, 48, 0x0000000000000000 | 29.87 25.11 15.94 | cpu  63851012 890 13069593 2486421582 479362 0 182551 0 0 0
1791042261 2647, 13801, 48, 0x0000000000000000 | 29.87 25.11 15.94 | cpu  63854050 890 13069782 2486443619 479363 0 182551 0 0 0
1791042262 2647, 13801, 48, 0x0000000000000000 | 27.96 24.79 15.88 | cpu  63855068 890 13069919 2486467280 479363 0 182551 0 0 0
1791042264 2647, 13801, 48, 0x0000000000000000 | 27.96 24.79 15.88 | cpu  63856118 890 13070002 2486490839 479363 0 182551 0 0 0
1791042265 2647, 13801, 48, 0x0000000000000000 | 27.96 24.79 15.88 | cpu  63857157 890 13070086 2486514571 479364 0 182551 0 0 0
1791042266 2647, 13801, 48, 0x0000000000000000 | 27.96 24.79 15.88 | cpu  63858434 890 13070194 2486538581 479364 0 182552 0 0 0
1791042267 2647, 13801, 47, 0x0000000000000000 | 27.96 24.79 15.88 | cpu  63860671 890 13070340 2486561256 479364 0 182552 0 0 0
1791042268 2647, 13801, 47, 0x0000000000000000 | 26.04 24.45 15.82 | cpu  63861273 890 13070459 2486585027 479364 0 182554 0 0 0
1791042269 2647, 13801, 47, 0x0000000000000000 | 26.04 24.45 15.82 | cpu  63862540 890 13070652 2486608783 479365 0 182555 0 0 0
1791042270 2647, 13801, 47, 0x0000000000000000 | 26.04 24.45 15.82 | cpu  63863314 890 13070788 2486632800 479366 0 182556 0 0 0
1791042271 2647, 13801, 47, 0x0000000000000000 | 26.04 24.45 15.82 | cpu  63864428 890 13070922 2486656873 479366 0 182556 0 0 0
1791042272 2647, 13801, 47, 0x0000000000000000 | 24.44 24.14 15.77 | cpu  63865720 890 13071030 2486680361 479366 0 182558 0 0 0
1791042274 2647, 13801, 47, 0x0000000000000000 | 24.44 24.14 15.77 | cpu  63866753 890 13071147 2486705459 479366 0 182558 0 0 0
1791042275 2647, 13801, 47, 0x0000000000000000 | 24.44 24.14 15.77 | cpu  63867513 890 13071234 2486730023 479366 0 182560 0 0 0
1791042276 2647, 13801, 47, 0x0000000000000000 | 24.44 24.14 15.77 | cpu  63868458 890 13071371 2486753975 479368 0 182560 0 0 0
1791042277 2647, 13801, 46, 0x0000000000000000 | 24.44 24.14 15.77 | cpu  63869291 890 13071512 2486777742 479368 0 182566 0 0 0
1791042278 2647, 13801, 46, 0x0000000000000000 | 22.72 23.79 15.70 | cpu  63869948 890 13071675 2486802505 479370 0 182566 0 0 0
1791042279 2647, 13801, 46, 0x0000000000000000 | 22.72 23.79 15.70 | cpu  63870584 890 13071898 2486826413 479370 0 182568 0 0 0
1791042280 2647, 13801, 46, 0x0000000000000000 | 22.72 23.79 15.70 | cpu  63871295 890 13072071 2486851074 479371 0 182584 0 0 0
