1791038863 0, 0, 31.56
1791038864 0, 0, 31.82
1791038865 3, 0, 35.23
1791038866 3, 0, 38.76
1791038867 3, 0, 35.37
1791038869 3, 0, 32.55
1791038870 3, 0, 31.35
1791038871 3211, 0, 40.57
1791038872 4519, 1, 89.38
1791038873 5559, 2, 89.12
1791038874 6619, 26, 89.08
1791038875 6899, 27, 91.65
1791038876 7939, 5, 91.01
1791038878 8999, 20, 90.25
1791038879 9759, 2, 92.47
1791038880 10839, 24, 90.61
1791038881 11539, 24, 91.02
1791038882 12599, 25, 93.91
1791038883 13299, 7, 92.68
1791038884 14339, 4, 90.23
1791038886 15039, 25, 89.22
1791038887 16079, 18, 93.45
1791038888 16779, 6, 92.03
1791038889 17839, 0, 90.58
1791038890 18539, 19, 89.76
1791038891 19579, 31, 90.29
1791038892 20279, 36, 89.68
1791038894 20881, 17, 82.06
1791038895 21581, 0, 86.15
1791038896 21581, 0, 82.43
1791038897 21581, 2, 83.77
1791038898 21581, 3, 84.53
1791038899 21581, 3, 84.76
1791038900 21581, 3, 84.96
1791038901 21581, 3, 85.28
1791038902 21609, 5, 84.57
1791038904 21609, 2, 82.04
1791038905 21611, 2, 83.10
1791038906 21611, 2, 82.11
1791038907 21611, 2, 82.75
1791038908 21611, 2, 81.81
1791038910 21611, 7, 82.32
1791038911 21611, 3, 82.61
1791038912 21611, 0, 83.35
1791038913 21611, 5, 82.17
1791038914 21611, 5, 82.65
1791038915 21611, 3, 82.96
1791038916 21611, 0, 83.88
1791038917 21611, 0, 83.73
1791038918 21611, 0, 82.32
1791038920 21611, 2, 82.55
1791038921 21611, 8, 82.80
1791038922 21611, 6, 83.17
1791038923 21611, 3, 81.94
1791038924 21611, 0, 82.71
1791038925 21611, 2, 83.32
1791038926 21611, 6, 83.78
1791038927 21611, 5, 83.78
1791038929 21611, 0, 83.83
1791038930 21611, 0, 82.49
1791038931 21611, 0, 83.04
1791038932 21611, 10, 83.06
1791038933 21611, 4, 83.91
1791038934 21611, 0, 83.46
1791038935 21611, 5, 83.03
1791038936 21611, 2, 82.27
1791038938 21611, 3, 82.82
1791038939 21611, 11, 84.56
1791038940 21611, 4, 83.11
1791038941 21611, 5, 82.45
1791038942 21611, 0, 82.34
1791038943 21611, 10, 84.13
1791038944 21611, 2, 82.80
1791038945 21611, 0, 82.71
1791038947 21611, 0, 82.90
1791038948 21611, 0, 82.08
1791038949 21611, 14, 82.72
1791038950 21611, 4, 82.66
1791038951 21611, 14, 83.62
1791038952 21611, 0, 83.58
1791038953 21611, 20, 84.34
1791038954 21611, 1, 84.13
1791038956 21611, 3, 82.26
1791038957 21611, 6, 82.34
1791038958 21611, 5, 82.94
1791038959 21611, 4, 83.98
1791038960 21611, 1, 82.33
1791038961 21611, 0, 82.49
1791038962 21611, 0, 82.91
1791038963 21611, 0, 84.34
1791038965 21611, 4, 82.68
1791038966 21611, 5, 82.28
1791038967 21611, 3, 82.52
1791038968 21621, 1, 84.72
1791038969 21625, 0, 84.77
1791038970 21625, 0, 84.66
1791038971 21625, 1, 86.99
1791038973 21625, 0, 89.15
1791038974 21629, 0, 98.58
1791038975 21629, 0, 84.88
1791038976 21629, 2, 83.49
1791038977 21629, 0, 84.49
1791038978 21629, 0, 128.74
1791038979 21629, 28, 218.87
1791038980 21629, 35, 228.84
1791038982 20061, 0, 130.11
1791038983 20063, 0, 91.57
1791038984 20065, 0, 91.70
1791038985 21287, 28, 124.14
1791038986 22331, 53, 300.51
1791038987 22369, 26, 216.08
1791038988 22369, 0, 105.48
1791038989 22369, 0, 85.71
1791038991 22369, 0, 86.47
1791038992 23289, 71, 157.65
1791038993 23295, 0, 169.22
1791038994 23295, 0, 106.98
1791038995 24117, 83, 290.81
1791038996 24141, 22, 192.50
1791038997 24141, 39, 251.31
1791038998 24141, 27, 222.87
1791038999 24151, 52, 262.59
1791039001 24151, 42, 277.04
1791039002 24165, 31, 256.06
1791039003 24165, 49, 265.56
1791039004 24165, 53, 265.08
1791039005 24165, 51, 304.62
1791039006 24165, 53, 290.02
1791039007 24165, 27, 208.14
1791039008 24165, 48, 294.55
1791039010 24425, 31, 331.00
1791039011 24425, 70, 263.35
1791039012 24425, 66, 350.57
1791039013 24425, 36, 220.82
1791039014 24425, 31, 235.34
1791039015 24425, 69, 309.26
1791039016 24425, 35, 291.90
1791039017 24425, 29, 275.38
1791039018 24425, 49, 283.49
1791039020 24425, 28, 211.32
1791039021 24425, 37, 318.06
1791039022 24425, 39, 263.49
1791039023 24425, 87, 344.15
1791039024 24425, 28, 197.53
1791039025 24425, 37, 240.78
1791039026 24425, 38, 266.56
1791039027 24425, 66, 342.52
1791039029 24425, 49, 285.66
1791039030 24425, 35, 301.96
1791039031 24425, 77, 306.43
1791039032 24425, 33, 285.21
1791039033 24425, 63, 316.15
1791039034 24425, 25, 219.17
1791039035 24425, 54, 289.60
1791039036 24425, 39, 231.33
1791039037 24425, 44, 271.13
1791039039 24425, 32, 259.83
1791039040 24425, 38, 218.11
1791039041 24425, 42, 279.89
1791039042 24425, 60, 305.08
1791039043 24427, 43, 283.07
1791039044 24427, 60, 357.01
1791039045 24427, 54, 306.99
1791039046 24427, 70, 330.40
1791039047 24607, 77, 301.96
1791039049 24607, 41, 325.78
1791039050 24607, 45, 288.46
1791039051 24607, 79, 357.99
1791039052 24607, 51, 347.66
1791039053 24607, 84, 395.61
1791039054 24607, 52, 290.54
1791039055 24607, 60, 285.93
1791039056 24607, 39, 300.97
1791039058 24607, 49, 335.56
1791039059 24607, 51, 296.27
1791039060 24607, 93, 399.12
1791039061 24607, 23, 328.86
1791039062 24607, 48, 276.85
1791039063 24607, 37, 226.19
1791039064 24607, 49, 288.95
1791039065 24607, 49, 297.15
1791039067 24607, 31, 298.50
1791039068 24607, 34, 225.73
1791039069 24607, 54, 258.63
1791039070 24607, 1, 345.92
1791039071 24607, 32, 285.26
1791039072 24607, 39, 250.11
1791039073 24607, 41, 241.64
1791039074 24607, 38, 264.01
1791039075 24607, 88, 403.47
1791039077 24607, 38, 248.57
1791039078 24607, 61, 275.87
1791039079 24607, 38, 334.15
1791039080 24607, 25, 256.89
1791039081 24607, 38, 262.71
1791039082 24607, 63, 329.39
1791039083 24607, 50, 333.96
1791039084 24607, 41, 283.05
1791039086 24607, 51, 287.34
1791039087 24607, 45, 364.51
1791039088 24607, 29, 282.92
1791039089 24607, 45, 251.79
1791039090 24607, 58, 347.48
1791039091 24607, 35, 282.31
1791039092 24607, 57, 311.71
1791039093 24807, 65, 363.82
1791039095 24807, 93, 349.21
1791039096 24807, 48, 281.89
1791039097 24807, 40, 271.99
1791039098 24807, 63, 316.73
1791039099 24807, 28, 283.23
1791039100 24807, 45, 283.10
1791039101 24807, 81, 364.68
1791039102 24807, 55, 320.17
1791039103 24807, 44, 339.48
1791039105 24807, 47, 370.37
1791039106 24807, 57, 307.79
1791039107 24807, 43, 248.91
1791039108 24807, 32, 248.02
1791039109 24807, 54, 298.91
1791039110 24807, 47, 260.28
1791039111 24807, 77, 324.24
1791039112 24807, 31, 286.30
1791039113 24807, 34, 255.63
1791039115 24807, 31, 254.48
1791039116 24807, 31, 240.19
1791039117 24807, 31, 223.31
1791039118 24807, 33, 229.20
1791039119 24807, 51, 382.16
1791039120 24807, 36, 260.55
1791039121 24807, 28, 216.33
1791039122 24807, 39, 218.66
1791039124 24807, 41, 299.85
1791039125 24807, 27, 227.12
1791039126 24807, 33, 243.07
1791039127 24807, 62, 238.50
1791039128 24807, 38, 266.37
1791039129 24807, 43, 303.48
1791039130 24807, 60, 388.07
1791039131 24807, 22, 265.36
1791039132 24807, 37, 257.86
1791039134 24807, 27, 260.73
1791039135 24807, 26, 245.04
1791039136 24807, 31, 216.09
1791039137 24807, 45, 251.23
1791039138 24807, 5, 294.59
1791039139 24807, 62, 352.75
1791039140 24807, 40, 269.78
1791039141 24807, 61, 339.95
1791039143 24807, 81, 344.62
1791039144 24807, 78, 393.65
1791039145 24807, 38, 287.15
1791039146 24807, 0, 340.96
1791039147 24807, 28, 236.70
1791039148 24807, 73, 347.57
1791039149 24807, 66, 310.24
1791039150 24807, 39, 259.20
1791039151 24807, 45, 297.81
1791039153 24807, 74, 334.64
1791039154 24807, 45, 263.00
1791039155 24807, 25, 325.90
1791039156 24807, 77, 262.27
1791039157 24807, 29, 265.57
1791039158 24807, 47, 380.22
1791039159 24807, 84, 412.25
1791039160 24807, 48, 271.53
1791039162 24807, 43, 252.78
1791039163 24807, 33, 365.67
1791039164 24807, 73, 298.48
1791039165 24807, 41, 294.58
1791039166 24807, 51, 393.05
1791039167 24807, 65, 336.86
1791039168 24807, 40, 242.98
1791039169 24807, 80, 326.58
1791039170 24807, 32, 234.83
1791039172 24807, 49, 285.57
1791039173 24807, 74, 348.83
1791039174 24807, 25, 270.99
1791039175 24807, 35, 204.81
1791039176 24807, 36, 260.18
1791039177 24807, 75, 365.84
1791039178 24867, 74, 407.84
1791039179 24867, 39, 315.06
1791039181 24867, 88, 344.19
1791039182 24867, 45, 274.01
1791039183 24867, 41, 274.14
1791039184 24867, 27, 256.29
1791039185 24867, 62, 294.18
1791039186 24867, 25, 225.89
1791039187 24867, 45, 274.48
1791039188 24867, 37, 257.67
1791039189 24867, 60, 285.90
1791039191 24867, 61, 291.82
1791039192 24867, 31, 232.68
1791039193 24867, 49, 252.86
1791039194 24867, 62, 333.08
1791039195 24867, 93, 396.37
1791039196 24867, 24, 225.35
1791039197 24867, 0, 250.12
1791039198 24867, 42, 274.83
1791039200 24867, 38, 268.66
1791039201 24867, 36, 364.58
1791039202 24867, 41, 267.78
1791039203 24867, 26, 223.17
1791039204 24867, 55, 296.09
1791039205 24867, 24, 255.82
1791039206 24867, 55, 291.44
1791039207 24867, 32, 259.16
1791039209 24867, 30, 288.69
1791039210 24867, 52, 322.07
1791039211 24867, 74, 363.96
1791039212 25647, 95, 387.50
1791039213 25647, 49, 371.30
1791039214 25647, 26, 235.77
1791039215 25647, 56, 297.77
1791039216 25647, 46, 292.23
1791039217 25647, 51, 348.45
1791039218 25647, 9, 241.11
1791039220 25647, 80, 363.80
1791039221 25647, 58, 360.61
1791039222 25647, 27, 226.72
1791039223 25647, 42, 249.27
1791039224 25647, 29, 276.70
1791039225 25647, 64, 416.22
1791039226 25647, 36, 265.21
1791039227 25647, 71, 326.99
1791039229 25647, 33, 241.40
1791039230 25647, 51, 260.77
1791039231 25647, 39, 273.82
1791039232 25647, 38, 256.29
1791039233 25647, 14, 321.78
1791039234 25647, 33, 271.36
1791039235 25647, 55, 281.34
1791039236 25647, 36, 275.34
1791039237 25647, 54, 358.00
1791039239 25647, 40, 278.28
1791039240 25647, 36, 299.48
1791039241 25647, 29, 237.38
1791039242 25647, 86, 286.65
1791039243 25647, 43, 299.24
1791039244 25647, 83, 339.04
1791039245 25647, 48, 307.51
1791039246 25647, 46, 304.73
1791039248 25647, 92, 350.55
1791039249 25647, 58, 315.87
1791039250 25647, 67, 361.44
1791039251 25647, 48, 317.68
1791039252 25647, 32, 250.58
1791039253 25647, 31, 233.20
1791039254 25647, 29, 212.28
1791039255 25647, 33, 235.04
1791039256 25647, 51, 284.76
1791039258 25647, 29, 235.11
1791039259 25647, 49, 230.09
1791039260 25647, 30, 299.41
1791039261 25647, 32, 225.57
1791039262 25647, 44, 290.70
1791039263 25647, 33, 281.60
1791039264 25647, 88, 346.23
1791039265 25647, 42, 256.36
1791039267 25647, 63, 373.79
1791039268 25647, 71, 357.89
1791039269 25647, 49, 317.84
1791039270 25647, 35, 245.56
1791039271 25647, 0, 270.08
1791039272 25647, 45, 282.73
1791039273 25647, 64, 356.60
1791039274 25647, 29, 302.10
1791039276 25647, 51, 292.34
1791039277 25647, 94, 410.20
1791039278 25647, 51, 310.36
1791039279 25647, 61, 310.38
1791039280 25647, 32, 327.57
1791039281 25647, 40, 311.52
1791039282 25647, 38, 342.51
1791039283 25647, 32, 254.87
1791039284 25647, 46, 267.71
1791039286 25647, 11, 239.29
1791039287 25647, 69, 332.36
1791039288 25647, 50, 336.44
1791039289 25647, 26, 222.94
1791039290 25647, 35, 294.08
1791039291 25647, 27, 221.31
1791039292 25647, 44, 285.93
1791039293 25647, 54, 322.55
1791039294 25647, 49, 351.05
1791039296 25647, 53, 270.77
1791039297 25647, 49, 305.10
1791039298 25647, 55, 251.64
1791039299 25647, 90, 372.01
1791039300 25647, 56, 275.55
1791039301 25647, 50, 277.93
1791039302 25647, 33, 260.71
1791039303 25647, 44, 266.43
1791039305 25647, 34, 248.88
1791039306 25647, 30, 290.77
1791039307 25647, 77, 305.77
1791039308 25647, 52, 295.97
1791039309 25647, 55, 295.38
1791039310 25647, 55, 313.16
1791039311 25647, 65, 351.36
1791039312 25647, 37, 266.13
1791039314 25647, 59, 289.66
1791039315 25647, 32, 301.76
1791039316 25647, 34, 237.69
1791039317 25647, 66, 304.08
1791039318 25647, 39, 351.93
1791039319 25647, 52, 323.27
1791039320 25647, 34, 246.13
1791039321 25647, 55, 257.38
1791039322 25647, 27, 227.89
1791039324 25647, 51, 277.63
1791039325 25647, 48, 285.45
1791039326 25647, 44, 262.75
1791039327 25647, 23, 306.59
1791039328 25647, 25, 216.98
1791039329 25647, 52, 257.71
1791039330 25647, 35, 257.81
1791039331 25647, 29, 258.77
1791039333 25647, 32, 233.02
1791039334 25647, 41, 290.73
1791039335 25647, 49, 345.01
1791039336 25647, 65, 338.67
1791039337 25647, 63, 310.67
1791039338 25647, 40, 258.15
1791039339 25647, 68, 335.56
1791039340 25647, 34, 233.24
1791039341 25647, 30, 269.46
1791039343 25647, 36, 235.46
1791039344 25647, 46, 231.42
1791039345 25647, 40, 265.93
1791039346 25647, 62, 344.56
1791039347 25647, 26, 322.31
1791039348 25647, 35, 235.28
1791039349 25647, 33, 251.19
1791039350 25647, 8, 235.66
1791039351 25647, 57, 318.54
1791039353 25647, 84, 363.08
1791039354 25647, 25, 276.13
1791039355 25647, 57, 238.55
1791039356 25647, 73, 344.84
1791039357 25647, 37, 292.36
1791039358 25647, 3, 294.35
1791039359 25647, 46, 308.03
1791039360 25647, 40, 258.87
1791039361 25647, 45, 253.88
1791039363 25647, 45, 269.94
1791039364 25647, 50, 294.20
1791039365 25647, 41, 354.70
1791039366 25647, 30, 234.18
1791039367 25647, 49, 287.40
1791039368 25647, 47, 283.73
1791039369 25647, 44, 328.06
1791039370 25647, 26, 250.86
1791039372 25647, 75, 386.90
1791039373 25647, 49, 190.89
1791039374 25647, 38, 319.36
1791039375 25647, 52, 284.38
1791039376 25647, 29, 245.43
1791039377 25647, 42, 301.97
1791039378 25647, 65, 328.40
1791039379 25647, 34, 212.83
1791039380 25647, 50, 294.85
1791039382 25647, 25, 253.35
1791039383 25647, 29, 223.00
1791039384 25647, 41, 230.22
1791039385 25647, 48, 236.94
1791039386 25647, 62, 320.89
1791039387 25647, 54, 332.07
1791039388 25647, 73, 363.29
1791039389 25647, 90, 346.97
1791039390 25647, 63, 315.79
1791039392 25647, 52, 277.52
1791039393 25647, 59, 314.42
1791039394 25647, 24, 276.52
1791039395 25647, 34, 213.30
1791039396 25647, 72, 298.17
1791039397 25647, 38, 274.02
1791039398 25647, 92, 353.11
1791039399 25647, 23, 220.20
1791039400 25647, 49, 274.22
1791039401 25647, 75, 362.95
1791039403 25647, 28, 225.15
1791039404 25647, 44, 308.73
1791039405 25647, 47, 299.41
1791039406 25647, 58, 335.39
1791039407 25647, 28, 217.23
1791039408 25647, 38, 245.01
1791039410 25647, 79, 266.36
1791039411 25647, 35, 360.82
1791039412 25647, 36, 228.53
1791039413 25647, 82, 369.25
1791039414 25647, 83, 357.33
1791039415 25647, 46, 280.89
1791039417 25647, 77, 347.49
1791039418 25647, 42, 257.98
1791039419 25647, 64, 338.60
1791039420 25647, 33, 210.70
1791039421 25647, 25, 317.15
1791039422 25647, 54, 279.10
1791039423 25647, 34, 267.18
1791039424 25647, 32, 295.84
1791039425 25647, 60, 333.91
1791039427 25647, 90, 332.86
1791039428 25647, 47, 277.37
1791039429 25647, 34, 391.46
1791039430 25647, 84, 306.33
1791039431 25647, 73, 327.70
1791039432 25647, 52, 324.38
1791039433 25647, 43, 284.91
1791039434 25647, 46, 245.74
1791039436 25647, 33, 251.66
1791039437 25647, 41, 258.01
1791039438 25647, 56, 300.82
1791039439 25647, 40, 279.23
1791039440 25647, 43, 285.73
1791039441 25647, 11, 268.45
1791039442 25647, 69, 350.38
1791039443 25647, 61, 352.61
1791039445 25647, 50, 265.29
1791039446 25647, 40, 273.33
1791039447 25647, 88, 389.03
1791039448 25647, 30, 242.32
1791039449 25647, 45, 228.60
1791039450 25647, 63, 323.57
1791039451 25647, 37, 279.98
1791039452 25647, 40, 327.35
1791039453 25647, 48, 327.82
1791039455 25647, 84, 365.43
1791039456 25647, 67, 286.55
1791039457 25647, 49, 266.05
1791039458 25647, 28, 354.54
1791039459 25647, 27, 221.57
1791039460 25647, 41, 235.26
1791039461 25647, 43, 300.78
1791039462 25647, 76, 398.87
1791039463 25647, 32, 270.59
1791039464 25647, 31, 211.25
1791039465 25647, 54, 295.47
1791039467 25647, 50, 357.92
1791039468 25647, 49, 329.33
1791039469 25647, 27, 246.28
1791039470 25647, 30, 209.79
1791039471 25647, 58, 249.78
1791039472 25647, 25, 266.12
1791039473 25647, 50, 309.94
1791039475 25647, 37, 269.99
1791039476 25647, 65, 376.77
1791039477 25647, 67, 226.64
1791039478 25647, 32, 355.71
1791039479 25647, 0, 274.87
1791039480 25647, 45, 325.29
1791039481 25647, 19, 213.07
1791039482 25647, 41, 249.84
1791039484 25647, 35, 217.84
1791039485 25647, 55, 252.79
1791039486 25647, 28, 280.02
1791039487 25647, 67, 239.52
1791039488 25647, 83, 381.08
1791039489 25647, 22, 259.92
1791039490 25647, 45, 270.58
1791039491 25647, 27, 219.05
1791039492 25647, 43, 257.22
1791039494 25647, 50, 303.98
1791039495 25647, 33, 260.17
1791039496 25647, 49, 266.47
1791039497 25647, 30, 291.21
1791039498 25647, 67, 275.53
1791039499 25647, 55, 271.01
1791039500 25647, 30, 228.94
1791039501 25647, 29, 282.96
1791039502 25647, 89, 401.90
1791039504 25647, 71, 322.17
1791039505 25647, 24, 320.86
1791039506 25647, 42, 222.66
1791039507 25647, 32, 235.58
1791039508 25647, 28, 315.33
1791039509 25647, 47, 275.13
1791039510 25647, 25, 263.93
1791039511 25647, 64, 306.49
1791039512 25647, 33, 221.38
1791039514 25647, 38, 275.36
1791039515 25647, 39, 267.26
1791039516 25647, 48, 239.01
1791039517 25647, 41, 223.96
1791039518 25647, 27, 231.75
1791039519 25647, 88, 325.96
1791039520 25647, 34, 214.85
1791039521 25647, 36, 239.16
1791039522 25647, 40, 266.48
1791039524 25647, 51, 337.11
1791039525 25647, 49, 287.52
1791039526 25647, 0, 283.81
1791039527 25647, 77, 293.07
1791039528 25647, 40, 292.27
1791039529 25647, 30, 298.01
1791039530 25647, 28, 222.82
1791039531 25647, 55, 282.45
1791039532 25647, 36, 227.74
1791039534 25647, 43, 278.77
1791039535 25647, 32, 275.89
1791039536 25647, 40, 242.18
1791039537 25647, 42, 279.90
1791039538 25647, 69, 312.44
1791039539 25647, 56, 319.50
1791039540 25647, 62, 343.99
1791039541 25647, 5, 295.25
1791039543 25647, 37, 314.00
1791039544 25647, 66, 382.04
1791039545 25647, 43, 309.86
1791039546 25647, 73, 301.98
1791039547 25647, 70, 377.67
1791039548 25647, 69, 328.81
1791039549 25647, 75, 372.83
1791039550 25647, 47, 325.78
1791039551 25647, 42, 285.76
1791039553 25647, 76, 369.24
1791039554 25647, 54, 299.49
1791039555 25647, 93, 385.49
1791039556 25647, 71, 351.22
1791039557 25647, 37, 247.46
1791039558 25647, 36, 267.66
1791039559 25647, 49, 296.47
1791039560 25647, 46, 301.37
1791039561 25647, 51, 320.36
1791039563 25647, 34, 227.34
1791039564 25647, 40, 255.57
1791039565 25647, 50, 356.07
1791039566 25647, 36, 304.76
1791039567 25647, 41, 249.85
1791039568 25647, 25, 256.56
1791039569 25647, 47, 281.44
1791039570 25647, 89, 362.89
1791039571 25647, 41, 268.27
1791039573 25647, 40, 285.59
1791039574 25647, 46, 324.47
1791039575 25647, 29, 241.60
1791039576 25647, 30, 239.88
1791039577 25647, 18, 325.31
1791039578 25647, 54, 340.33
1791039579 25647, 44, 274.50
1791039580 25647, 45, 275.38
1791039581 25647, 61, 353.38
1791039583 25647, 31, 261.46
1791039584 25647, 46, 263.90
1791039585 25647, 51, 292.69
1791039586 25647, 34, 322.72
1791039587 25647, 67, 298.60
1791039588 25647, 67, 376.89
1791039589 25647, 63, 314.04
1791039590 25647, 39, 256.66
1791039591 25647, 46, 277.95
1791039593 25647, 65, 298.29
1791039594 25647, 50, 310.09
1791039595 25647, 42, 234.12
1791039596 25647, 73, 319.36
1791039597 25647, 52, 356.08
1791039598 25647, 64, 296.16
1791039599 25647, 46, 362.11
1791039600 25647, 37, 344.51
1791039601 25647, 56, 300.90
1791039603 25647, 34, 255.55
1791039604 25647, 46, 259.45
1791039605 25647, 50, 305.45
1791039606 25647, 29, 241.40
1791039607 25647, 94, 351.71
1791039608 25647, 28, 232.84
1791039609 25647, 71, 319.41
1791039610 25647, 34, 228.87
1791039612 25647, 28, 232.77
1791039613 25647, 28, 217.14
1791039614 25647, 94, 293.06
1791039615 25647, 68, 385.56
1791039616 25647, 40, 366.19
1791039617 25647, 24, 223.42
1791039618 25647, 39, 238.08
1791039619 25647, 28, 265.09
1791039620 25647, 32, 292.97
1791039622 25647, 29, 240.40
1791039623 25647, 72, 374.58
1791039624 25647, 39, 294.81
1791039625 25647, 53, 261.70
1791039626 25647, 28, 218.76
1791039627 25647, 40, 236.60
1791039628 25647, 25, 185.40
1791039629 25647, 29, 227.98
1791039631 25647, 35, 273.67
1791039632 25647, 62, 341.88
1791039633 25647, 43, 281.20
1791039634 25647, 49, 336.51
1791039635 25647, 62, 334.78
1791039636 25647, 76, 343.34
1791039637 25647, 82, 339.72
1791039638 25647, 62, 327.52
1791039639 25647, 42, 294.14
1791039641 25647, 33, 258.45
1791039642 25647, 28, 333.29
1791039643 25647, 42, 221.18
1791039644 25647, 53, 295.83
1791039645 25647, 44, 285.05
1791039646 25647, 35, 307.93
1791039647 25647, 71, 328.03
1791039648 25647, 28, 224.21
1791039650 25647, 26, 210.83
1791039651 25647, 8, 175.53
1791039652 25647, 3, 85.99
1791039653 25647, 2, 86.76
1791039654 25647, 2, 87.53
1791039655 25647, 0, 85.23
1791039656 25647, 8, 86.25
1791039657 25647, 6, 86.68
1791039659 25647, 0, 86.54
1791039660 25647, 1, 85.72
1791039661 25647, 5, 85.64
1791039662 25647, 0, 85.67
1791039663 25647, 2, 86.15
1791039664 25647, 9, 86.45
1791039665 25647, 0, 85.55
1791039666 25647, 4, 84.36
1791039667 25647, 0, 85.18
1791039669 25647, 5, 85.19
1791039670 25647, 1, 84.19
1791039671 25647, 3, 84.36
1791039672 25647, 0, 85.79
1791039673 25647, 8, 84.95
1791039674 25647, 0, 84.01
1791039675 25647, 3, 85.74
1791039676 25647, 0, 86.11
1791039678 25647, 6, 83.77
1791039679 25647, 4, 84.27
1791039680 25647, 4, 84.50
1791039681 25647, 5, 84.72
1791039682 25647, 14, 84.70
1791039683 25647, 0, 84.01
1791039684 25647, 0, 83.91
