1791107168 0, 0, 91.87
1791107169 0, 0, 67.79
1791107170 4, 0, 66.30
1791107172 4, 0, 65.88
1791107173 4, 0, 65.68
1791107174 4, 0, 65.44
1791107175 4, 0, 65.27
1791107176 4, 0, 65.14
1791107177 4, 0, 64.97
1791107179 4, 0, 64.79
1791107180 22, 0, 100.60
1791107194 727, 0, 97.38
1791107195 727, 0, 97.35
1791107196 727, 0, 97.15
1791107198 795, 0, 97.15
1791107199 16257, 0, 97.05
1791107200 16261, 15, 100.97
1791107201 16275, 21, 104.04
1791107202 16283, 22, 105.31
1791107204 16297, 20, 106.27
1791107205 16311, 20, 107.12
1791107206 16323, 18, 106.23
1791107207 16757, 18, 105.17
1791107208 18929, 15, 105.89
1791107209 18931, 0, 97.36
1791107211 18931, 0, 97.24
1791107212 16869, 0, 97.16
1791107213 16869, 0, 96.97
1791107214 16869, 0, 96.91
1791107215 16915, 1, 96.94
1791107217 17175, 0, 96.80
1791107218 17375, 1, 96.66
1791107219 17675, 1, 96.65
1791107220 17975, 1, 96.63
1791107221 19301, 0, 97.18
1791107222 19301, 0, 96.64
1791107223 19301, 5, 96.92
1791107225 19301, 5, 96.87
1791107226 21041, 3, 97.12
1791107227 21041, 4, 96.71
1791107228 21041, 1, 96.54
1791107229 21041, 1, 96.53
1791107230 21041, 3, 96.58
1791107232 21041, 1, 96.54
1791107233 21041, 3, 96.46
1791107234 21041, 2, 96.47
1791107235 21041, 0, 96.41
1791107236 21041, 2, 96.42
1791107238 21041, 0, 96.32
1791107239 21041, 2, 96.33
1791107240 21041, 1, 96.34
1791107241 21041, 1, 96.27
1791107242 21041, 0, 96.28
1791107243 21041, 2, 96.23
1791107244 21041, 0, 96.17
1791107246 21041, 2, 96.16
1791107247 21041, 3, 96.11
1791107248 21041, 2, 96.07
1791107249 21041, 1, 96.06
1791107250 21041, 1, 96.10
1791107251 21041, 0, 96.09
1791107252 21041, 1, 96.09
1791107254 21041, 0, 96.12
1791107255 21041, 2, 96.04
1791107256 21041, 3, 96.05
1791107257 21041, 0, 96.02
1791107258 21041, 2, 96.01
1791107259 21041, 0, 95.99
1791107261 21041, 1, 95.97
1791107262 21041, 0, 95.97
1791107263 21041, 1, 95.91
1791107264 21041, 2, 95.96
1791107265 21041, 4, 95.89
1791107266 21041, 0, 95.88
1791107268 21041, 0, 95.95
1791107269 21041, 1, 95.87
1791107270 21041, 3, 95.74
1791107271 21041, 0, 95.91
1791107272 21041, 3, 95.79
1791107273 21041, 0, 95.74
1791107275 21041, 2, 95.75
1791107276 21041, 1, 95.71
1791107277 21041, 2, 95.69
1791107278 21041, 0, 95.65
1791107279 21041, 0, 95.52
1791107281 21051, 0, 95.73
1791107282 21051, 1, 97.29
1791107283 21055, 28, 193.22
1791107284 19311, 0, 178.72
1791107285 19333, 0, 97.60
1791107287 20203, 0, 118.91
1791107288 22723, 38, 156.76
1791107289 22845, 63, 215.82
1791107290 23823, 32, 198.70
1791107291 24211, 48, 242.67
1791107293 24239, 51, 202.85
1791107294 24241, 51, 219.58
1791107295 24251, 47, 214.14
1791107296 24251, 35, 236.73
1791107297 24267, 54, 212.70
1791107298 24269, 55, 230.53
1791107300 24269, 54, 198.74
1791107301 24269, 59, 232.87
1791107302 24269, 0, 200.36
1791107303 24273, 15, 235.98
1791107304 24273, 53, 228.93
1791107305 24273, 41, 248.34
1791107306 24273, 47, 234.70
1791107308 24273, 53, 218.41
1791107309 24275, 32, 240.57
1791107310 24277, 47, 233.85
1791107311 24277, 54, 258.49
1791107312 24277, 51, 227.56
1791107313 24277, 58, 250.49
1791107314 24279, 68, 244.94
1791107316 24279, 42, 222.13
1791107317 24281, 45, 224.73
1791107318 24281, 56, 249.58
1791107319 24281, 49, 247.81
1791107320 24283, 55, 239.58
1791107321 24283, 33, 247.29
1791107322 24283, 49, 238.23
1791107324 24283, 37, 233.68
1791107325 24287, 55, 236.48
1791107326 24287, 51, 230.00
1791107327 24287, 52, 228.45
1791107328 24287, 40, 242.56
1791107329 24287, 61, 252.00
1791107330 24289, 62, 254.25
1791107332 24309, 31, 256.77
1791107333 24311, 34, 254.56
1791107334 24311, 43, 268.43
1791107335 24313, 60, 251.79
1791107336 24313, 68, 260.47
1791107337 24313, 63, 251.01
1791107339 24313, 57, 259.68
1791107340 24315, 39, 254.16
1791107341 24315, 48, 236.62
1791107342 24315, 1, 112.92
1791107343 24315, 0, 110.07
1791107344 24315, 3, 108.08
1791107346 24315, 0, 106.70
1791107347 24315, 0, 106.53
1791107348 24315, 1, 105.96
1791107349 24315, 0, 105.31
1791107350 24315, 1, 104.56
1791107351 24315, 4, 104.08
1791107353 24315, 4, 103.59
1791107354 24315, 0, 103.13
1791107355 24315, 2, 102.85
1791107356 24315, 0, 102.48
1791107357 24315, 0, 102.09
1791107358 24315, 0, 101.97
1791107360 24315, 3, 101.72
1791107361 24315, 0, 101.48
1791107362 24315, 2, 101.20
1791107363 24315, 1, 101.02
1791107364 24315, 0, 100.84
1791107365 24315, 0, 100.60
1791107367 24315, 0, 100.41
1791107368 24315, 4, 100.35
1791107369 24315, 0, 100.20
1791107370 24315, 0, 99.91
1791107371 24315, 0, 99.75
1791107373 24315, 0, 99.50
