#Time         gpu     sm    mem    enc    dec    jpg    ofa  rxpci  txpci 
#HH:MM:SS     Idx      %      %      %      %      %      %   MB/s   MB/s 
 10:58:26       0      0      0      0      0      0      0      3     11 
 10:58:27       0      0      0      0      0      0      0      0     11 
 10:58:28       0      0      0      0      0      0      0      1      3 
 10:58:29       0      0      0      0      0      0      0     11      1 
 10:58:30       0      0      0      0      0      0      0      1      3 
 10:58:31       0      0      0      0      0      0      0     10     24 
 10:58:32       0      8      0      0      0      0      0   2821    188 
 10:58:33       0     15      1      0      0      0      0   3366    303 
 10:58:34       0     16      5      0      0      0      0      0      0 
 10:58:35       0      5      0      0      0      0      0   9174    585 
 10:58:36       0     21      4      0      0      0      0      0    443 
 10:58:37       0     13      4      0      0      0      0   9176    749 
 10:58:38       0      8      0      0      0      0      0      0      0 
 10:58:39       0     16      1      0      0      0      0   6131    492 
 10:58:40       0     19      1      0      0      0      0   9503    544 
 10:58:41       0     20      5      0      0      0      0   3907    607 
 10:58:42       0     21      5      0      0      0      0   8468    692 
 10:58:43       0     17      5      0      0      0      0   8817    722 
 10:58:44       0      0      0      0      0      0      0   6368      0 
 10:58:45       0      0      0      0      0      0      0    969   1217 
 10:58:46       0      2      0      0      0      0      0    966    974 
 10:58:48       0      3      0      0      0      0      0      0    280 
 10:58:49       0      0      0      0      0      0      0      5   1329 
 10:58:50       0      3      0      0      0      0      0      0   1460 
 10:58:51       0      3      0      0      0      0      0      0   3535 
 10:58:52       0      6      0      0      0      0      0      1      0 
 10:58:53       0      4      0      0      0      0      0      1   1738 
 10:58:54       0      3      0      0      0      0      0      1   3641 
 10:58:55       0      0      0      0      0      0      0      2   3530 
 10:58:56       0      2      0      0      0      0      0      0   3081 
 10:58:57       0      6      0      0      0      0      0      1   2804 
 10:58:58       0      4      0      0      0      0      0      1   3697 
 10:58:59       0      0      0      0      0      0      0      0      0 
 10:59:00       0      6      0      0      0      0      0      0      0 
 10:59:01       0      3      0      0      0      0      0      1      0 
 10:59:02       0      3      0      0      0      0      0      1   2184 
 10:59:03       0      0      0      0      0      0      0      0   3585 
 10:59:04       0      4      0      0      0      0      0      0   1178 
 10:59:05       0      3      0      0      0      0      0      0      0 
 10:59:06       0      6      0      0      0      0      0      0      2 
 10:59:07       0      4      0      0      0      0      0      1   1008 
 10:59:08       0      3      0      0      0      0      0      0   3585 
 10:59:09       0      1      0      0      0      0      0      0   2856 
 10:59:11       0      6      0      0      0      0      0      0    672 
#Time         gpu     sm    mem    enc    dec    jpg    ofa  rxpci  txpci 
#HH:MM:SS     Idx      %      %      %      %      %      %   MB/s   MB/s 
 10:59:12       0      3      0      0      0      0      0      0      0 
 10:59:13       0      3      0      0      0      0      0      0      0 
 10:59:14       0      1      0      0      0      0      0      0      2 
 10:59:15       0      6      0      0      0      0      0      0      0 
 10:59:16       0      3      0      0      0      0      0      0      2 
 10:59:17       0      3      0      0      0      0      0      0      0 
 10:59:18       0      4      0      0      0      0      0      0   2018 
 10:59:19       0      4      0      0      0      0      0      0      0 
 10:59:20       0      0      0      0      0      0      0      0      0 
 10:59:21       0      0      0      0      0      0      0      0      0 
 10:59:22       0      0      0      0      0      0      0      0      1 
 10:59:23       0      0      0      0      0      0      0      0      0 
 10:59:24       0      0      0      0      0      0      0      0      0 
 10:59:25       0      0      0      0      0      0      0      0      2 
 10:59:26       0      0      0      0      0      0      0      8      0 
 10:59:27       0     89     18      0      0      0      0     13      2 
 10:59:28       0      0      0      0      0      0      0      0      0 
 10:59:29       0     81     18      0      0      0      0     94     17 
 10:59:30       0     90     26      0      0      0      0    100     16 
 10:59:31       0     98     37      0      0      0      0    101     19 
 10:59:32       0     93     28      0      0      0      0    228     43 
 10:59:34       0     86     21      0      0      0      0    112     24 
 10:59:35       0     64     22      0      0      0      0     93     19 
 10:59:36       0     95     31      0      0      0      0    127     28 
 10:59:37       0     95     29      0      0      0      0      0      2 
 10:59:38       0     87     21      0      0      0      0    153     45 
 10:59:39       0     97     34      0      0      0      0    149     40 
 10:59:40       0     59     13      0      0      0      0     96     44 
 10:59:41       0     69     25      0      0      0      0    117     21 
 10:59:42       0     77     31      0      0      0      0      0      0 
 10:59:43       0      0      0      0      0      0      0      0      1 
 10:59:44       0      0      0      0      0      0      0      0      0 
 10:59:45       0      0      0      0      0      0      0      0      0 
 10:59:46       0      0      0      0      0      0      0      0      0 
 10:59:47       0      0      0      0      0      0      0      0      0 
 10:59:48       0      0      0      0      0      0      0      0      0 
 10:59:49       0      0      0      0      0      0      0      0      0 
 10:59:50       0      0      0      0      0      0      0      0      2 
 10:59:51       0      0      0      0      0      0      0      0      0 
 10:59:52       0      0      0      0      0      0      0      0      2 
 10:59:53       0      0      0      0      0      0      0      0      0 
 10:59:54       0      0      0      0      0      0      0      0      1 
 10:59:55       0      0      0      0      0      0      0     11      0 
 10:59:57       0      0      0      0      0      0      0      0      0 
#Time         gpu     sm    mem    enc    dec    jpg    ofa  rxpci  txpci 
#HH:MM:SS     Idx      %      %      %      %      %      %   MB/s   MB/s 
 10:59:58       0      0      0      0      0      0      0      0      0 
 10:59:59       0      0      0      0      0      0      0      0      0 
 11:00:00       0      0      0      0      0      0      0      0      2 
 11:00:01       0      0      0      0      0      0      0      0      0 
 11:00:02       0      0      0      0      0      0      0      0      2 
 11:00:03       0      0      0      0      0      0      0      0      8 
 11:00:04       0      0      0      0      0      0      0      2     12 
 11:00:05       0      0      0      0      0      0      0      0      0 
 11:00:06       0      0      0      0      0      0      0      0      1 
 11:00:07       0      0      0      0      0      0      0      2     10 
 11:00:08       0      0      0      0      0      0      0      0      0 
 11:00:09       0      0      0      0      0      0      0      0      0 
 11:00:10       0      0      0      0      0      0      0      1     10 
 11:00:11       0      0      0      0      0      0      0      0      0 
 11:00:12       0      0      0      0      0      0      0      0      0 
 11:00:13       0      0      0      0      0      0      0      0      2 
 11:00:14       0      0      0      0      0      0      0      0      0 
 11:00:15       0      0      0      0      0      0      0      0      2 
 11:00:16       0      0      0      0      0      0      0      0      0 
 11:00:17       0      0      0      0      0      0      0      8      0 
 11:00:19       0      0      0      0      0      0      0      0      0 
 11:00:20       0      0      0      0      0      0      0      0      0 
 11:00:21       0      0      0      0      0      0      0      0      0 
 11:00:22       0      0      0      0      0      0      0      0      0 
 11:00:23       0      0      0      0      0      0      0      0      0 
 11:00:24       0      0      0      0      0      0      0      0      0 
 11:00:25       0      0      0      0      0      0      0      8      4 
 11:00:26       0      0      0      0      0      0      0      0      0 
 11:00:27       0      0      0      0      0      0      0      0      2 
 11:00:28       0      0      0      0      0      0      0      0      1 
 11:00:29       0      0      0      0      0      0      0      0      2 
 11:00:30       0      0      0      0      0      0      0      0      0 
 11:00:31       0      0      0      0      0      0      0      2      7 
 11:00:32       0      0      0      0      0      0      0     10      2 
 11:00:33       0      0      0      0      0      0      0      1     15 
 11:00:34       0      0      0      0      0      0      0      0      0 
 11:00:35       0      0      0      0      0      0      0      0      0 
 11:00:36       0      0      0      0      0      0      0      0      0 
 11:00:37       0      0      0      0      0      0      0      0      0 
 11:00:38       0      0      0      0      0      0      0      0      2 
 11:00:39       0      0      0      0      0      0      0      0      0 
 11:00:41       0      0      0      0      0      0      0      0      2 
 11:00:42       0      0      0      0      0      0      0      0     10 
 11:00:43       0      0      0      0      0      0      0      0      0 
#Time         gpu     sm    mem    enc    dec    jpg    ofa  rxpci  txpci 
#HH:MM:SS     Idx      %      %      %      %      %      %   MB/s   MB/s 
 11:00:44       0      0      0      0      0      0      0      0      0 
 11:00:45       0      0      0      0      0      0      0      0      0 
 11:00:46       0      0      0      0      0      0      0      4      3 
 11:00:47       0      0      0      0      0      0      0      0      0 
 11:00:48       0      0      0      0      0      0      0      0      0 
 11:00:49       0      0      0      0      0      0      0      0      0 
 11:00:50       0      0      0      0      0      0      0      0      1 
 11:00:51       0      0      0      0      0      0      0      0      0 
 11:00:52       0      0      0      0      0      0      0      0      2 
 11:00:53       0      0      0      0      0      0      0      0     13 
 11:00:54       0      0      0      0      0      0      0      0      2 
 11:00:55       0      0      0      0      0      0      0      0      0 
 11:00:56       0      0      0      0      0      0      0      0      0 
 11:00:57       0      0      0      0      0      0      0      0      2 
 11:00:58       0      0      0      0      0      0      0      0      0 
 11:00:59       0      0      0      0      0      0      0      0      0 
 11:01:00       0      0      0      0      0      0      0      0      0 
 11:01:01       0      0      0      0      0      0      0     19     11 
 11:01:03       0      0      0      0      0      0      0      0     14 
 11:01:04       0      0      0      0      0      0      0      0      2 
 11:01:05       0      0      0      0      0      0      0      0      8 
 11:01:06       0     86     26      0      0      0      0    106     19 
 11:01:07       0     97     36      0      0      0      0    105     39 
 11:01:08       0     88     26      0      0      0      0    141     27 
 11:01:09       0     98     38      0      0      0      0    157     25 
 11:01:10       0     93     33      0      0      0      0    105     37 
 11:01:11       0     95     29      0      0      0      0    109     25 
 11:01:12       0     74     16      0      0      0      0     88     14 
 11:01:13       0     97     29      0      0      0      0    126     27 
 11:01:14       0     98     38      0      0      0      0     86     29 
 11:01:15       0     74     18      0      0      0      0    122     23 
 11:01:16       0     96     29      0      0      0      0    125     17 
 11:01:17       0     97     37      0      0      0      0    101     18 
 11:01:18       0     91     30      0      0      0      0    123     19 
 11:01:19       0     94     34      0      0      0      0    101     22 
 11:01:20       0     90     27      0      0      0      0     99     19 
 11:01:21       0     87     24      0      0      0      0    193     33 
 11:01:22       0     97     35      0      0      0      0    195     32 
 11:01:23       0     70     18      0      0      0      0    122     26 
 11:01:25       0     82     21      0      0      0      0    178     22 
 11:01:26       0     97     32      0      0      0      0    133     19 
 11:01:27       0     97     37      0      0      0      0    106     23 
 11:01:28       0     95     36      0      0      0      0     96     19 
 11:01:29       0     97     34      0      0      0      0     91     19 
#Time         gpu     sm    mem    enc    dec    jpg    ofa  rxpci  txpci 
#HH:MM:SS     Idx      %      %      %      %      %      %   MB/s   MB/s 
 11:01:30       0     94     26      0      0      0      0    162     31 
 11:01:31       0     98     42      0      0      0      0    102     16 
 11:01:32       0     83     29      0      0      0      0    143     27 
 11:01:33       0     97     31      0      0      0      0     90     32 
 11:01:34       0     95     30      0      0      0      0     65     18 
 11:01:35       0     97     40      0      0      0      0     88     17 
 11:01:36       0     97     36      0      0      0      0    121     22 
 11:01:37       0     89     22      0      0      0      0    111     37 
 11:01:38       0      9      0      0      0      0      0      0   3441 
 11:01:39       0      6      0      0      0      0      0      0   1120 
 11:01:40       0      6      0      0      0      0      0      1      0 
 11:01:41       0      6      0      0      0      0      0      0   2520 
 11:01:42       0      3      0      0      0      0      0      0      0 
 11:01:43       0     10      0      0      0      0      0      1   1699 
 11:01:44       0      6      0      0      0      0      0      0      0 
 11:01:45       0      1      0      0      0      0      0      0   1344 
 11:01:46       0      9      0      0      0      0      0      0      1 
 11:01:48       0      0      0      0      0      0      0      0      2 
 11:01:49       0      0      0      0      0      0      0      0      0 
 11:01:50       0      0      0      0      0      0      0      0      0 
 11:01:51       0      0      0      0      0      0      0      0      0 
 11:01:52       0      0      0      0      0      0      0      0      0 
 11:01:53       0      0      0      0      0      0      0      0      0 
 11:01:54       0      0      0      0      0      0      0      0      0 
 11:01:55       0      0      0      0      0      0      0      0      0 
 11:01:56       0      0      0      0      0      0      0      0      0 
 11:01:57       0      0      0      0      0      0      0      0      2 
 11:01:58       0      0      0      0      0      0      0      0      1 
 11:01:59       0      0      0      0      0      0      0      6     44 
 11:02:00       0      0      0      0      0      0      0      0      0 
 11:02:01       0      0      0      0      0      0      0      0      0 
