1791169868 2, 0, 43.98
1791169869 2, 0, 36.23
1791169870 4, 0, 29.88
1791169871 4, 0, 29.23
1791169873 4, 0, 19.46
1791169874 4, 0, 15.19
1791169875 4, 0, 16.00
1791169876 4, 0, 13.93
1791169877 4, 0, 13.81
1791169878 672, 0, 39.21
1791169879 672, 0, 68.60
1791169881 672, 0, 68.69
1791169882 740, 0, 68.51
1791169883 740, 0, 68.46
1791169884 16200, 0, 69.22
1791169885 16200, 26, 69.39
1791169886 16210, 28, 78.60
1791169887 16218, 28, 80.93
1791169889 16226, 25, 77.88
1791169890 16234, 27, 79.59
1791169891 16242, 29, 80.63
1791169892 16250, 27, 80.30
1791169893 16260, 23, 80.25
1791169894 16268, 25, 80.19
1791169895 16398, 25, 80.72
1791169896 17626, 28, 80.60
1791169897 18874, 25, 77.57
1791169899 18874, 0, 70.13
1791169900 18874, 0, 67.78
1791169901 18874, 0, 67.39
1791169902 18874, 0, 68.04
1791169903 18874, 0, 67.80
1791169904 16812, 0, 68.27
1791169905 16812, 0, 67.68
1791169906 16820, 0, 69.13
1791169908 16838, 0, 71.45
1791169909 17038, 1, 67.65
1791169910 17238, 2, 67.42
1791169911 17458, 1, 67.37
1791169912 17698, 2, 67.52
1791169913 17918, 1, 67.72
1791169914 19244, 0, 70.53
1791169916 19244, 0, 67.80
1791169917 19244, 7, 75.96
1791169918 19244, 2, 80.72
1791169919 20984, 5, 67.73
1791169920 20984, 15, 66.96
1791169921 20984, 0, 67.17
1791169922 20984, 2, 67.50
1791169923 20984, 9, 67.45
1791169924 20984, 22, 67.12
1791169925 20984, 16, 67.00
1791169927 20984, 0, 67.05
1791169928 20984, 4, 67.00
1791169929 20984, 21, 67.16
1791169930 20984, 1, 66.86
1791169931 20984, 0, 67.09
1791169932 20984, 0, 66.46
1791169933 20984, 27, 66.10
1791169934 20984, 0, 66.43
1791169935 20984, 0, 67.05
1791169937 20984, 27, 66.85
1791169938 20984, 4, 66.60
1791169939 20984, 0, 66.78
1791169940 20984, 0, 66.75
1791169941 20984, 10, 66.46
1791169942 20984, 20, 66.51
1791169943 20984, 11, 66.67
1791169944 20984, 1, 66.95
1791169945 20984, 34, 66.68
1791169947 20984, 9, 66.50
1791169948 20984, 0, 66.74
1791169949 20984, 3, 66.71
1791169950 20984, 28, 66.61
1791169951 20984, 11, 66.63
1791169952 20984, 0, 66.63
1791169953 20984, 3, 66.25
1791169954 20984, 33, 66.93
1791169956 20984, 0, 66.80
1791169957 20984, 0, 66.84
1791169958 20984, 1, 66.40
1791169959 20984, 16, 66.54
1791169960 20984, 18, 66.49
1791169961 20984, 1, 66.35
1791169962 20984, 13, 66.28
1791169963 20984, 13, 66.40
1791169964 20984, 0, 66.31
1791169966 20984, 0, 66.38
1791169967 20984, 1, 66.33
1791169968 20984, 11, 66.67
1791169969 20984, 23, 66.69
1791169970 20984, 1, 66.69
1791169971 20984, 3, 66.58
1791169972 20984, 10, 66.53
1791169973 20984, 0, 66.70
1791169974 20984, 0, 66.46
1791169976 20986, 0, 73.94
1791169977 20986, 0, 66.90
1791169978 20986, 0, 78.12
1791169979 20986, 0, 80.74
1791169980 20988, 6, 77.98
1791169981 20990, 55, 95.17
1791169982 20990, 56, 189.42
1791169983 20990, 0, 98.99
1791169984 20992, 47, 187.92
1791169986 20992, 48, 192.31
1791169987 20992, 47, 177.74
1791169988 20992, 48, 179.32
1791169989 19246, 0, 98.58
1791169990 19346, 0, 84.90
1791169991 19348, 0, 66.75
1791169992 19348, 0, 78.23
1791169993 20056, 7, 67.14
1791169994 20074, 0, 131.63
1791169996 20074, 0, 97.75
1791169997 20082, 0, 105.12
1791169998 20082, 0, 67.50
1791169999 20082, 0, 76.88
1791170000 20082, 0, 66.24
1791170001 20084, 0, 66.11
1791170002 20084, 0, 80.72
1791170003 20146, 34, 73.10
1791170004 22088, 41, 183.66
1791170006 22654, 45, 181.27
1791170007 22654, 40, 178.55
1791170008 22714, 45, 185.27
1791170009 22714, 45, 195.59
1791170010 22746, 41, 183.89
1791170011 23692, 42, 174.84
1791170012 23692, 44, 203.52
1791170013 23978, 44, 200.38
1791170014 24078, 47, 214.68
1791170016 24078, 47, 205.50
1791170017 24078, 41, 191.05
1791170018 24104, 47, 183.95
1791170019 24106, 39, 179.20
1791170020 24106, 42, 196.49
1791170021 24106, 43, 189.21
1791170022 24106, 44, 187.21
1791170023 24106, 42, 176.99
1791170024 24106, 40, 204.37
1791170026 24106, 49, 195.07
1791170027 24118, 40, 183.54
1791170028 24118, 52, 183.05
1791170029 24118, 46, 209.12
1791170030 24118, 52, 203.72
1791170031 24118, 44, 195.69
1791170032 24130, 47, 193.27
1791170033 24130, 40, 182.45
1791170034 24130, 52, 192.93
1791170035 24130, 43, 193.16
1791170037 24130, 44, 209.81
1791170038 24130, 43, 197.66
1791170039 24130, 43, 166.25
1791170040 24130, 40, 183.94
1791170041 24130, 44, 213.55
1791170042 24130, 46, 202.47
1791170043 24130, 44, 206.81
1791170044 24130, 42, 197.41
1791170045 24130, 40, 178.54
1791170047 24130, 46, 188.12
1791170048 24130, 42, 187.24
1791170049 24130, 55, 209.23
1791170050 24130, 41, 206.97
1791170051 24130, 47, 191.33
1791170052 24130, 49, 217.01
1791170053 24130, 44, 203.31
1791170054 24130, 38, 180.64
1791170055 24130, 46, 212.81
1791170057 24130, 45, 203.06
1791170058 24130, 46, 214.82
1791170059 24130, 46, 204.31
1791170060 24130, 41, 182.03
1791170061 24130, 44, 180.85
1791170062 24130, 42, 196.05
1791170063 24130, 47, 187.86
1791170064 24130, 35, 179.78
1791170065 24130, 52, 198.23
1791170067 24130, 42, 206.15
1791170068 24130, 49, 198.77
1791170069 24130, 41, 184.21
1791170070 24130, 56, 194.20
1791170071 24130, 46, 199.53
1791170072 24130, 29, 192.95
1791170073 24130, 32, 182.07
1791170074 24130, 38, 202.27
1791170075 24130, 41, 202.20
1791170077 24130, 40, 192.56
1791170078 24130, 39, 184.94
1791170079 24130, 41, 185.96
1791170080 24130, 56, 198.42
1791170081 24130, 46, 208.78
1791170082 24130, 49, 204.83
1791170083 24130, 42, 190.24
1791170085 24130, 39, 196.29
1791170086 24130, 43, 186.61
1791170087 24130, 59, 213.27
1791170088 24130, 46, 214.95
1791170089 24130, 41, 192.27
1791170090 24130, 42, 182.68
1791170091 24130, 41, 183.54
1791170092 24130, 44, 179.04
1791170093 24130, 41, 193.98
1791170094 24130, 47, 199.34
1791170096 24130, 40, 195.49
1791170097 24130, 51, 200.23
1791170098 24130, 43, 202.50
1791170099 24130, 45, 216.85
1791170100 24130, 46, 206.65
1791170101 24130, 41, 206.41
1791170102 24130, 41, 194.34
1791170103 24130, 44, 208.99
1791170104 24130, 46, 201.14
1791170106 24130, 41, 192.68
1791170107 24130, 58, 198.51
1791170108 24130, 46, 216.63
1791170109 24130, 45, 204.09
1791170110 24130, 40, 185.40
1791170111 24130, 55, 212.59
1791170112 24130, 46, 213.24
1791170113 24130, 47, 202.11
1791170114 24130, 40, 186.61
1791170115 24130, 40, 188.24
1791170117 24130, 42, 181.39
1791170118 24130, 39, 205.20
1791170119 24130, 44, 195.76
1791170120 24130, 40, 200.05
1791170121 24130, 49, 186.56
1791170122 24130, 42, 181.55
1791170123 24130, 54, 191.37
1791170124 24130, 37, 203.56
1791170125 24130, 56, 200.58
1791170126 24130, 45, 196.27
1791170128 24130, 38, 199.36
1791170129 24130, 40, 181.98
1791170130 24130, 42, 192.81
1791170131 24130, 41, 188.50
1791170132 24130, 42, 205.70
1791170133 24130, 43, 193.16
1791170134 24130, 46, 204.04
1791170135 24130, 57, 203.88
1791170136 24130, 36, 209.83
1791170138 24130, 43, 202.33
1791170139 24130, 38, 203.76
1791170140 24130, 45, 195.52
1791170141 24130, 46, 212.08
1791170142 24130, 56, 207.40
1791170143 24130, 45, 202.39
1791170144 24130, 57, 205.77
1791170145 24130, 41, 206.98
1791170147 24130, 48, 206.76
1791170148 24130, 43, 193.59
1791170149 24130, 55, 205.42
1791170150 24130, 50, 219.18
1791170151 24130, 43, 214.00
1791170152 24130, 37, 201.61
1791170153 24130, 39, 207.72
1791170154 24130, 41, 195.01
1791170155 24130, 40, 200.72
1791170157 24130, 43, 193.53
1791170158 24130, 47, 219.55
1791170159 24130, 47, 212.03
1791170160 24130, 45, 213.88
1791170161 24130, 56, 202.05
1791170162 24130, 44, 214.79
1791170163 24130, 48, 203.87
1791170164 24150, 47, 223.80
1791170165 24150, 48, 210.62
1791170166 24150, 43, 208.57
1791170168 24150, 55, 204.21
1791170169 24150, 44, 205.32
1791170170 24150, 38, 198.22
1791170171 24150, 44, 193.71
1791170172 24150, 49, 200.85
1791170173 24150, 49, 189.24
1791170174 24150, 46, 194.46
1791170175 24150, 41, 199.18
1791170176 24150, 44, 217.61
1791170178 24150, 47, 211.40
1791170179 24150, 44, 216.85
1791170180 24150, 45, 203.30
1791170181 24150, 43, 209.14
1791170182 24150, 39, 200.59
1791170183 24150, 42, 213.64
1791170184 24150, 41, 201.24
1791170185 24170, 48, 226.57
1791170186 24170, 57, 221.69
1791170188 24170, 46, 220.29
1791170189 24170, 49, 207.60
1791170190 24170, 39, 185.76
1791170191 24170, 44, 206.09
1791170192 24170, 45, 196.51
1791170193 24170, 44, 201.24
1791170194 24170, 41, 189.06
1791170195 24170, 43, 202.05
1791170196 24170, 53, 199.91
1791170198 24170, 43, 215.35
1791170199 24170, 38, 206.76
1791170200 24170, 38, 198.03
1791170201 24170, 56, 205.77
1791170202 24170, 46, 205.94
1791170203 24170, 47, 200.95
1791170204 24170, 39, 186.10
1791170205 24174, 40, 192.06
1791170207 24174, 40, 186.70
1791170208 24174, 41, 200.12
1791170209 24174, 42, 190.55
1791170210 24174, 45, 217.70
1791170211 24174, 56, 214.35
1791170212 24174, 43, 212.61
1791170213 24174, 47, 203.85
1791170214 24174, 39, 192.65
1791170215 24174, 37, 198.09
1791170217 24174, 38, 186.93
1791170218 24174, 43, 199.53
1791170219 24174, 41, 192.07
1791170220 24174, 42, 189.40
1791170221 24174, 45, 183.64
1791170222 24174, 42, 207.35
1791170223 24174, 41, 199.43
1791170224 24174, 46, 230.91
1791170226 24174, 48, 219.62
1791170227 24174, 42, 199.61
1791170228 24174, 48, 195.94
1791170229 24174, 41, 189.43
1791170230 24174, 42, 210.47
1791170231 24174, 45, 204.38
1791170232 24174, 45, 215.99
1791170233 24174, 49, 202.89
1791170235 24174, 37, 201.19
1791170236 24174, 42, 193.95
1791170237 24174, 41, 189.33
1791170238 24174, 47, 190.07
1791170239 24174, 36, 189.83
1791170240 24174, 52, 203.45
1791170241 24174, 44, 212.12
1791170242 24174, 41, 209.70
1791170244 24174, 42, 198.01
1791170245 24174, 42, 213.11
1791170246 24174, 44, 203.81
1791170247 24174, 41, 201.95
1791170248 24174, 34, 192.50
1791170249 24174, 43, 199.00
1791170250 24174, 45, 189.96
1791170251 24174, 42, 206.29
1791170252 24174, 54, 204.14
1791170254 24174, 46, 221.69
1791170255 24174, 52, 213.24
1791170256 24174, 43, 212.75
1791170257 24174, 41, 200.74
1791170258 24174, 36, 180.77
1791170259 24174, 42, 184.13
1791170260 24174, 38, 190.59
1791170261 24174, 46, 189.37
1791170262 24174, 34, 193.40
1791170264 24174, 45, 199.65
1791170265 24174, 43, 215.97
1791170266 24174, 48, 211.45
1791170267 24174, 39, 192.00
1791170268 24174, 53, 208.63
1791170269 24174, 43, 211.77
1791170270 24174, 52, 215.72
1791170271 24174, 46, 219.48
1791170272 24174, 46, 233.56
1791170274 24174, 49, 223.16
1791170275 24174, 41, 199.28
1791170276 24174, 40, 181.07
1791170277 24174, 42, 206.29
1791170278 24174, 52, 201.59
1791170279 24174, 42, 208.18
1791170280 24174, 49, 200.45
1791170281 24174, 44, 191.35
1791170283 24174, 55, 196.43
1791170284 24174, 47, 207.93
1791170285 24174, 54, 211.06
1791170286 24174, 45, 199.00
1791170287 24174, 40, 193.31
1791170288 24174, 52, 190.05
1791170289 24174, 42, 211.99
1791170290 24174, 37, 203.17
1791170291 24174, 45, 223.56
1791170293 24174, 48, 218.18
1791170294 24174, 44, 207.60
1791170295 24174, 53, 213.25
1791170296 24174, 44, 209.91
1791170297 24174, 43, 214.17
1791170298 24174, 44, 202.53
1791170299 24174, 47, 233.75
1791170300 24174, 47, 220.33
1791170302 24174, 40, 205.81
1791170303 24174, 54, 204.03
1791170304 24174, 43, 211.17
1791170305 24174, 47, 205.02
1791170306 24174, 41, 195.96
1791170307 24174, 41, 201.28
1791170308 24174, 40, 188.74
1791170309 24174, 42, 199.97
1791170310 24174, 54, 196.18
1791170312 24174, 42, 211.65
1791170313 24174, 51, 204.35
1791170314 24174, 42, 210.37
1791170315 24174, 42, 199.38
1791170316 24174, 41, 183.83
1791170317 24174, 50, 223.75
1791170318 24174, 48, 224.79
1791170319 24174, 40, 197.47
1791170321 24174, 49, 189.90
1791170322 24176, 39, 192.74
1791170323 24176, 56, 194.61
1791170324 24176, 44, 210.76
1791170325 24176, 50, 202.30
1791170326 24176, 40, 186.12
1791170327 24176, 48, 192.04
1791170328 24176, 39, 191.28
1791170330 24176, 41, 192.25
1791170331 24176, 41, 185.25
1791170332 24176, 40, 194.89
1791170333 24176, 41, 184.89
1791170334 24176, 40, 189.71
1791170335 24176, 61, 210.30
1791170336 24176, 48, 230.90
1791170337 24176, 56, 222.41
1791170339 24176, 46, 206.91
1791170340 24176, 47, 197.13
1791170341 24176, 48, 199.02
1791170342 24176, 50, 201.22
1791170343 24176, 50, 190.48
1791170344 24176, 46, 228.22
1791170345 24176, 46, 215.56
1791170346 24176, 43, 206.35
1791170347 24176, 49, 193.06
1791170349 24176, 40, 184.08
1791170350 24176, 47, 194.17
1791170351 24176, 41, 193.64
1791170352 24176, 42, 188.92
1791170353 24176, 48, 182.95
1791170354 24176, 45, 223.58
1791170355 24176, 44, 210.02
1791170356 24176, 40, 201.34
1791170357 24176, 50, 201.00
1791170359 24176, 42, 198.68
1791170360 24176, 59, 212.21
1791170361 24176, 46, 223.33
1791170362 24176, 46, 224.71
1791170363 24176, 47, 211.07
1791170364 24176, 41, 211.41
1791170365 24176, 42, 196.94
1791170366 24176, 41, 194.12
1791170368 24176, 56, 199.44
1791170369 24176, 46, 217.06
1791170370 24176, 50, 205.07
1791170371 24176, 43, 182.10
1791170372 24176, 39, 198.44
1791170373 24176, 40, 192.21
1791170374 24176, 38, 193.55
1791170375 24176, 50, 188.52
1791170377 24176, 42, 187.71
1791170378 24176, 48, 188.10
1791170379 24176, 42, 200.42
1791170380 24176, 42, 205.44
1791170381 24176, 44, 197.40
1791170382 24176, 43, 216.44
1791170383 24176, 45, 209.01
1791170384 24176, 53, 222.59
1791170386 24176, 48, 208.99
1791170387 24176, 40, 202.53
1791170388 24176, 55, 196.56
1791170389 24176, 44, 215.67
1791170390 24176, 55, 216.01
1791170391 24176, 45, 211.85
1791170392 24176, 54, 215.34
1791170393 24176, 44, 210.67
1791170394 24176, 47, 223.10
1791170396 24176, 47, 212.81
1791170397 24176, 48, 226.52
1791170398 24176, 48, 217.26
1791170399 24176, 41, 202.88
1791170400 24176, 57, 204.17
1791170401 24176, 44, 223.99
1791170402 24176, 45, 212.76
1791170403 24176, 42, 200.71
1791170405 24176, 44, 199.32
1791170406 24176, 42, 187.84
1791170407 24176, 51, 215.53
1791170408 24176, 46, 215.95
1791170409 24176, 45, 224.43
1791170410 24176, 46, 211.26
1791170411 24176, 42, 197.41
1791170412 24176, 41, 186.73
1791170413 24176, 45, 205.18
1791170415 24176, 53, 206.86
1791170416 24176, 43, 207.41
1791170417 24176, 48, 205.86
1791170418 24176, 42, 197.60
1791170419 24176, 46, 217.92
1791170420 24176, 46, 215.56
1791170421 24176, 40, 212.51
1791170422 24176, 42, 196.52
1791170423 24176, 46, 220.53
1791170425 24176, 44, 210.32
1791170426 24176, 40, 194.60
1791170427 24176, 43, 183.22
1791170428 24176, 46, 218.08
1791170429 24176, 49, 203.84
1791170430 24176, 39, 184.38
1791170431 24176, 58, 205.26
1791170432 24176, 47, 216.08
1791170434 24176, 45, 222.42
1791170435 24176, 44, 208.32
1791170436 24176, 47, 234.10
1791170437 24176, 49, 223.73
1791170438 24176, 41, 206.08
1791170439 24176, 50, 198.15
1791170440 24176, 40, 196.62
1791170441 24176, 47, 193.79
1791170442 24176, 41, 192.42
1791170444 24176, 56, 222.97
1791170445 24176, 47, 223.69
1791170446 24176, 47, 212.35
1791170447 24176, 43, 190.54
1791170448 24176, 45, 224.94
1791170449 24176, 45, 213.56
1791170450 24176, 40, 207.95
1791170451 24176, 62, 211.76
1791170453 24176, 49, 233.43
1791170454 24176, 55, 224.33
1791170455 24176, 44, 213.10
1791170456 24176, 44, 219.00
1791170457 24176, 45, 208.38
1791170458 24176, 44, 210.15
1791170459 24176, 41, 195.17
1791170460 24176, 47, 227.63
1791170462 24176, 46, 214.70
1791170463 24176, 41, 189.83
1791170464 24176, 46, 184.32
1791170465 24176, 39, 201.19
1791170466 24176, 43, 207.62
1791170467 24176, 42, 198.08
1791170468 24176, 52, 205.21
1791170469 24176, 43, 200.89
1791170470 24176, 47, 222.39
1791170472 24176, 46, 210.98
1791170473 24176, 41, 212.57
1791170474 24176, 42, 200.34
1791170475 24176, 42, 188.66
1791170476 24176, 50, 190.60
1791170477 24176, 42, 197.33
1791170478 24176, 48, 193.67
1791170480 24176, 43, 188.84
1791170481 24176, 46, 220.52
1791170482 24176, 46, 215.26
1791170483 24176, 59, 223.12
1791170484 24176, 47, 208.93
1791170485 24176, 47, 235.10
1791170486 24176, 48, 225.66
1791170487 24176, 41, 216.99
1791170488 24176, 48, 196.51
1791170490 24176, 39, 189.11
1791170491 24176, 61, 195.40
1791170492 24176, 47, 229.85
1791170493 24176, 47, 216.29
1791170494 24176, 43, 196.27
1791170495 24176, 46, 206.17
1791170496 24176, 42, 201.34
1791170497 24176, 49, 207.27
1791170498 24176, 41, 196.23
1791170500 24176, 41, 191.64
1791170501 24176, 52, 184.99
1791170502 24176, 44, 216.90
1791170503 24176, 44, 206.92
1791170504 24176, 42, 191.71
1791170505 24176, 45, 191.79
1791170506 24176, 42, 182.48
1791170507 24176, 47, 196.71
1791170509 24176, 46, 203.94
1791170510 24176, 49, 193.41
1791170511 24176, 49, 191.41
1791170512 24176, 27, 120.58
1791170513 24176, 1, 85.30
1791170514 24176, 3, 71.89
1791170515 24176, 17, 72.04
1791170516 24176, 8, 71.69
1791170517 24176, 0, 71.41
1791170519 24176, 3, 71.43
1791170520 24176, 11, 71.07
1791170521 24176, 28, 71.03
1791170522 24176, 0, 70.61
1791170523 24176, 17, 70.75
1791170524 24176, 9, 70.61
1791170525 24176, 0, 70.94
1791170526 24176, 0, 70.76
1791170528 24176, 0, 70.78
1791170529 24176, 8, 70.60
1791170530 24176, 20, 70.27
1791170531 24176, 18, 70.00
1791170532 24176, 0, 70.07
1791170533 24176, 14, 69.95
1791170534 24176, 8, 69.54
1791170535 24176, 5, 69.63
1791170536 24176, 18, 70.73
1791170538 24176, 53, 70.19
1791170539 24176, 0, 69.56
1791170540 24176, 0, 69.32
1791170541 24176, 0, 69.23
