1791140538 2, 0, 6.61
1791140540 2, 0, 6.82
1791140541 4, 0, 11.10
1791140542 4, 0, 11.03
1791140543 4, 0, 8.03
1791140545 4, 0, 7.68
1791140546 508, 0, 7.31
1791140547 508, 0, 57.27
1791140548 3312, 5, 63.36
1791140549 4272, 27, 64.20
1791140550 5232, 2, 65.82
1791140552 6192, 0, 65.89
1791140553 7172, 26, 64.89
1791140554 8132, 0, 65.89
1791140555 9052, 0, 66.61
1791140556 9992, 10, 66.93
1791140557 10952, 0, 65.29
1791140558 11892, 0, 66.25
1791140560 12852, 6, 67.35
1791140561 13792, 37, 63.08
1791140562 14752, 2, 66.72
1791140563 15712, 0, 66.00
1791140564 16672, 24, 64.65
1791140565 17612, 6, 64.89
1791140566 18572, 0, 66.78
1791140567 19512, 8, 66.30
1791140568 20472, 38, 65.49
1791140570 21412, 2, 66.07
1791140571 21892, 16, 62.64
1791140572 24572, 0, 61.35
1791140573 24572, 0, 57.44
1791140574 24572, 0, 57.51
1791140575 24612, 3, 58.76
1791140576 24612, 4, 59.81
1791140577 24612, 4, 59.76
1791140579 24612, 5, 59.68
1791140580 24612, 4, 60.04
1791140581 24612, 5, 59.89
1791140582 24612, 12, 65.27
1791140583 24612, 3, 65.79
1791140584 24612, 3, 68.01
1791140585 24612, 4, 60.97
1791140586 24612, 4, 58.37
1791140588 24612, 6, 58.48
1791140589 24612, 5, 58.26
1791140590 24612, 1, 58.05
1791140591 24612, 1, 57.64
1791140592 24612, 5, 57.44
1791140593 24612, 0, 58.21
1791140594 24612, 1, 58.08
1791140596 24612, 5, 57.97
1791140597 24612, 7, 57.76
1791140598 24612, 0, 57.74
1791140599 24612, 5, 57.63
1791140600 24612, 6, 57.88
1791140601 24612, 0, 58.29
1791140602 24612, 0, 57.74
1791140604 24612, 0, 58.21
1791140605 24612, 0, 58.25
1791140606 24612, 2, 57.82
1791140607 24612, 0, 57.87
1791140608 24612, 0, 58.20
1791140609 24612, 3, 57.79
1791140610 24612, 0, 58.54
1791140612 24612, 1, 58.08
1791140613 24612, 0, 58.22
1791140614 24612, 5, 58.09
1791140615 24612, 4, 58.02
1791140616 24612, 4, 57.97
1791140617 24612, 5, 58.29
1791140618 24612, 0, 58.24
1791140619 24612, 0, 57.95
1791140621 24612, 0, 58.02
1791140622 24612, 0, 58.33
1791140623 24612, 0, 58.30
1791140624 24612, 4, 58.45
1791140625 24612, 0, 58.23
1791140626 24612, 4, 57.92
1791140627 24612, 1, 57.90
1791140628 24612, 3, 58.12
1791140630 24612, 2, 58.06
1791140631 24612, 0, 57.96
1791140632 24612, 0, 58.08
1791140633 24612, 0, 58.30
1791140634 24612, 0, 58.85
1791140635 24612, 5, 58.04
1791140637 24612, 0, 58.03
1791140638 24612, 0, 57.89
1791140639 24612, 5, 58.10
1791140640 24612, 0, 57.75
1791140641 24612, 5, 58.03
1791140642 24612, 7, 58.24
1791140643 24612, 0, 58.47
1791140644 24612, 5, 58.40
1791140646 24624, 0, 59.01
1791140647 24624, 1, 59.38
1791140648 24624, 0, 62.77
1791140649 24624, 0, 58.76
1791140650 24624, 0, 76.71
1791140651 24624, 33, 100.58
1791140653 25126, 0, 155.30
1791140654 25126, 0, 65.62
1791140655 25426, 24, 132.53
1791140656 23402, 0, 121.87
1791140657 23428, 0, 60.96
1791140658 23648, 0, 64.90
1791140659 26656, 17, 111.46
1791140660 27024, 21, 142.11
1791140662 27030, 25, 154.58
1791140663 27832, 31, 181.80
1791140664 27832, 24, 219.84
1791140665 27832, 29, 172.86
1791140666 27832, 22, 140.24
1791140667 28492, 33, 174.45
1791140668 29258, 0, 65.60
1791140669 29270, 38, 212.94
1791140671 29556, 19, 152.60
1791140672 30216, 45, 227.84
1791140673 30226, 26, 169.77
1791140674 30226, 22, 156.44
1791140675 30230, 28, 157.73
1791140676 30230, 19, 158.05
1791140677 30230, 22, 149.63
1791140678 30236, 26, 197.21
1791140679 30236, 32, 185.25
1791140681 30236, 21, 156.24
1791140682 30236, 22, 152.02
1791140683 30236, 27, 183.53
1791140684 30236, 33, 204.41
1791140685 30236, 23, 157.11
1791140686 30236, 22, 157.46
1791140687 30236, 31, 177.23
1791140688 30236, 17, 226.82
1791140690 30236, 0, 145.06
1791140691 30236, 31, 200.23
1791140692 30236, 23, 157.15
1791140693 30236, 30, 181.90
1791140694 30236, 21, 196.34
1791140695 30236, 19, 178.29
1791140696 30236, 34, 189.31
1791140697 30236, 21, 179.81
1791140699 30236, 19, 171.66
1791140700 30236, 23, 163.78
1791140701 30236, 37, 203.05
1791140702 30236, 17, 207.30
1791140703 30236, 29, 171.17
1791140704 30236, 17, 209.34
1791140705 30236, 22, 152.67
1791140706 30236, 22, 155.70
1791140708 30236, 27, 172.12
1791140709 30240, 30, 186.61
1791140710 30240, 38, 231.79
1791140711 30240, 26, 196.38
1791140712 30340, 36, 184.95
1791140713 30340, 41, 254.17
1791140714 30340, 21, 163.71
1791140715 30340, 40, 190.25
1791140717 30340, 29, 228.04
1791140718 30340, 36, 216.49
1791140719 30340, 30, 174.56
1791140720 30340, 33, 222.66
1791140721 30340, 21, 147.61
1791140722 30340, 22, 154.17
1791140723 30340, 21, 149.27
1791140724 30340, 25, 178.64
1791140726 30340, 18, 161.90
1791140727 30340, 20, 149.84
1791140728 30340, 29, 154.36
1791140729 30340, 34, 170.31
1791140730 30340, 20, 198.15
1791140731 30340, 18, 162.04
1791140732 30340, 34, 185.62
1791140733 30340, 20, 212.78
1791140735 30340, 19, 157.32
1791140736 30340, 28, 169.36
1791140737 30340, 24, 162.61
1791140738 30340, 39, 208.34
1791140739 30340, 27, 197.02
1791140740 30340, 22, 172.43
1791140741 30340, 25, 158.46
1791140742 30340, 22, 157.65
1791140743 30340, 18, 152.22
1791140745 30340, 30, 183.44
1791140746 30340, 35, 183.86
1791140747 30340, 22, 162.41
1791140748 30342, 25, 183.05
1791140749 30342, 28, 182.88
1791140750 30342, 18, 169.89
1791140751 30342, 33, 212.36
1791140752 30342, 8, 208.20
1791140754 30342, 44, 223.86
1791140755 30342, 20, 178.50
1791140756 30342, 15, 152.47
1791140757 30342, 18, 154.31
1791140758 30342, 18, 148.29
1791140759 30342, 21, 160.87
1791140760 30342, 25, 196.00
1791140761 30342, 22, 185.92
1791140763 30342, 18, 167.15
1791140764 30342, 24, 155.96
1791140765 30342, 32, 199.75
1791140766 30342, 37, 220.54
1791140767 30342, 24, 162.35
1791140768 30342, 21, 169.43
1791140769 30344, 30, 169.70
1791140770 30344, 30, 202.37
1791140771 30344, 21, 178.49
1791140772 30344, 18, 155.49
1791140774 30344, 26, 161.94
1791140775 30344, 22, 164.91
1791140776 30344, 43, 189.76
1791140777 30344, 22, 212.08
1791140778 30344, 25, 181.38
1791140779 30344, 32, 190.26
1791140780 30344, 29, 227.57
1791140781 30344, 37, 241.46
1791140782 30344, 24, 172.55
1791140784 30344, 17, 158.09
1791140785 30344, 22, 141.17
1791140786 30344, 21, 166.87
1791140787 30344, 22, 159.03
1791140788 30344, 29, 193.52
1791140789 30344, 22, 205.51
1791140790 30344, 20, 151.48
1791140791 30344, 22, 156.00
1791140793 30344, 23, 145.31
1791140794 30344, 32, 186.45
1791140795 30344, 40, 233.58
1791140796 30344, 33, 211.44
1791140797 30344, 35, 210.89
1791140798 30344, 21, 188.07
1791140799 30344, 0, 159.12
1791140800 30344, 22, 181.76
1791140802 30344, 22, 160.48
1791140803 30344, 28, 186.76
1791140804 30344, 22, 187.86
1791140805 30344, 32, 184.94
1791140806 30344, 13, 209.41
1791140807 30344, 40, 215.68
1791140808 30344, 30, 192.49
1791140810 30344, 19, 223.79
1791140811 30344, 34, 167.32
1791140812 30344, 19, 210.97
1791140813 30344, 33, 177.03
1791140814 30344, 0, 195.53
1791140815 30344, 35, 171.16
1791140816 30344, 26, 226.16
1791140817 30344, 28, 199.06
1791140818 30344, 32, 201.94
1791140820 30344, 30, 199.16
1791140821 30344, 25, 176.98
1791140822 30724, 47, 243.36
1791140823 30724, 21, 201.72
1791140824 30724, 38, 195.46
1791140825 30724, 20, 206.09
1791140826 30724, 35, 209.66
1791140827 30724, 28, 198.51
1791140829 30724, 29, 192.53
1791140830 30724, 26, 171.55
1791140831 30724, 40, 222.29
1791140832 30724, 33, 234.67
1791140833 30724, 20, 227.34
1791140834 30724, 32, 180.13
1791140835 30724, 31, 225.13
1791140836 30724, 19, 219.06
1791140838 30724, 11, 146.88
1791140839 30724, 45, 249.88
1791140840 30724, 33, 183.03
1791140841 30724, 37, 223.83
1791140842 30724, 39, 225.82
1791140843 30724, 21, 181.74
1791140844 30724, 25, 217.04
1791140845 30724, 2, 153.41
1791140847 30724, 4, 80.30
1791140848 30724, 0, 60.91
1791140849 30724, 0, 60.09
1791140850 30724, 7, 60.28
1791140851 30724, 0, 60.09
1791140852 30724, 7, 60.33
1791140853 30724, 0, 60.14
1791140854 30724, 0, 59.73
1791140856 30724, 0, 59.71
1791140857 30724, 0, 59.75
1791140858 30724, 0, 60.05
1791140859 30724, 0, 59.72
1791140860 30724, 3, 59.92
1791140861 30724, 0, 59.74
1791140862 30724, 4, 59.49
1791140863 30724, 2, 59.61
1791140865 30724, 4, 59.56
1791140866 30724, 4, 59.83
1791140867 30724, 0, 59.82
1791140868 30724, 5, 59.51
1791140869 30724, 0, 59.39
1791140870 30724, 0, 59.22
1791140871 30724, 0, 59.43
1791140873 30724, 9, 60.62
1791140874 30724, 8, 60.54
1791140875 30724, 0, 58.86
1791140876 30724, 0, 58.71
1791140877 30724, 0, 58.89
1791140878 30724, 0, 59.01
1791140879 30724, 0, 59.20
