1788649806 65, 0, 68.29
1788649807 65, 0, 67.10
1788649808 68, 0, 37.48
1788649809 68, 0, 27.85
1788649810 68, 0, 26.41
1788649811 68, 0, 25.73
1788649812 3017, 0, 25.53
1788649813 4343, 25, 84.74
1788649814 5689, 23, 86.77
1788649815 6131, 0, 76.31
1788649816 6131, 5, 70.75
1788649817 6131, 2, 69.42
1788649819 6131, 4, 67.69
1788649820 6131, 0, 68.74
1788649821 6131, 1, 69.00
1788649822 6131, 0, 69.40
1788649823 6131, 3, 69.51
1788649824 6141, 0, 69.25
1788649825 6143, 0, 69.14
1788649826 6143, 3, 70.89
1788649827 6143, 0, 97.12
1788649828 6143, 27, 124.16
1788649829 6143, 27, 96.09
1788649830 6143, 0, 102.16
1788649831 6143, 28, 166.57
1788649832 6143, 28, 165.02
1788649833 6143, 28, 165.42
1788649834 5015, 0, 117.76
1788649835 5353, 19, 92.85
1788649836 5353, 20, 141.62
1788649837 5355, 21, 116.51
1788649838 5355, 22, 136.71
1788649839 5355, 21, 133.20
1788649840 5355, 18, 144.42
1788649841 5355, 22, 140.54
1788649842 5355, 20, 121.07
1788649843 5355, 6, 133.07
1788649844 5355, 22, 132.89
1788649845 5355, 21, 136.06
1788649846 5355, 20, 144.44
1788649847 5355, 20, 141.68
1788649848 5355, 20, 133.14
1788649849 5355, 28, 162.52
1788649850 5355, 28, 161.55
1788649851 5355, 28, 162.68
1788649852 5355, 27, 162.42
1788649853 5355, 28, 160.65
1788649854 5355, 22, 150.38
1788649856 5355, 19, 139.96
1788649857 5355, 19, 143.76
1788649858 5355, 20, 130.69
1788649859 5355, 17, 139.17
1788649860 5355, 19, 137.06
1788649861 5355, 21, 137.80
1788649862 5355, 5, 131.06
1788649863 5355, 18, 129.09
1788649864 5355, 19, 133.33
1788649865 5355, 21, 135.87
1788649866 5355, 6, 129.21
1788649867 5355, 19, 137.00
1788649868 5355, 21, 139.02
1788649869 5355, 27, 159.61
1788649870 5355, 29, 160.55
1788649871 5355, 28, 160.53
1788649872 5355, 28, 162.09
1788649873 5355, 27, 159.46
1788649874 5355, 27, 160.41
1788649875 5355, 19, 137.92
1788649876 5355, 18, 129.90
1788649877 5355, 20, 135.12
1788649878 5355, 20, 141.75
1788649879 5355, 20, 138.62
1788649880 5355, 17, 139.01
1788649881 5355, 18, 130.34
1788649882 5355, 22, 138.48
1788649883 5355, 22, 137.55
1788649884 5355, 18, 138.54
1788649885 5355, 20, 132.36
1788649886 5355, 21, 138.27
1788649887 5355, 19, 139.03
1788649888 5355, 19, 129.81
1788649889 5355, 30, 153.48
1788649890 5355, 28, 163.15
1788649892 5355, 29, 163.64
1788649893 5355, 27, 162.51
1788649894 5355, 28, 164.38
1788649895 5355, 30, 165.38
1788649896 5355, 1, 88.85
1788649897 5355, 0, 68.74
1788649898 5355, 4, 68.55
1788649899 5355, 2, 69.46
1788649900 5355, 6, 69.75
1788649901 5355, 3, 69.70
1788649902 5355, 0, 70.14
