1788649506 65, 0, 22.42
1788649507 65, 0, 21.99
1788649508 68, 0, 23.01
1788649509 68, 0, 22.68
1788649510 68, 0, 22.64
1788649511 68, 0, 22.86
1788649512 3017, 9, 40.34
1788649513 4343, 18, 83.34
1788649514 5689, 23, 82.16
1788649515 6131, 0, 75.10
1788649516 6131, 6, 69.25
1788649517 6131, 0, 68.94
1788649518 6131, 2, 67.24
1788649519 6131, 0, 67.17
1788649520 6131, 4, 67.10
1788649521 6131, 2, 67.08
1788649522 6131, 6, 67.10
1788649523 6143, 3, 66.71
1788649524 6143, 13, 94.33
1788649525 6143, 13, 121.36
1788649526 6143, 13, 121.84
1788649527 6143, 13, 122.44
1788649528 6143, 13, 122.67
1788649529 6143, 13, 123.08
1788649530 6143, 13, 123.17
1788649531 6143, 13, 123.62
1788649532 6143, 13, 123.70
1788649534 6143, 13, 122.66
1788649535 6143, 13, 122.78
1788649536 6143, 13, 123.52
1788649537 6143, 13, 124.02
1788649538 6143, 13, 123.87
1788649539 6143, 13, 124.00
1788649540 6143, 13, 123.54
1788649541 6143, 13, 124.71
1788649542 6143, 13, 124.34
1788649543 6143, 13, 124.78
1788649544 6143, 13, 125.17
1788649545 6143, 13, 126.13
1788649546 6143, 13, 126.39
1788649547 6143, 13, 125.60
1788649548 6143, 13, 125.18
1788649549 6143, 13, 124.83
1788649550 6143, 13, 125.85
1788649551 6143, 13, 125.41
1788649552 4997, 10, 117.87
1788649553 5037, 13, 118.24
1788649554 5333, 14, 123.64
1788649555 5333, 10, 111.89
1788649556 5333, 13, 120.82
1788649557 5335, 10, 122.39
1788649558 5335, 13, 114.30
1788649559 5335, 14, 124.64
1788649560 5335, 10, 120.95
1788649561 5335, 13, 120.83
1788649562 5335, 10, 122.76
1788649563 5335, 13, 121.86
1788649564 5335, 15, 123.83
1788649565 5335, 13, 114.66
1788649566 5335, 13, 123.84
1788649567 5335, 10, 121.33
1788649568 5335, 13, 114.37
1788649569 5335, 14, 122.76
1788649571 5335, 10, 120.41
1788649572 5335, 13, 121.96
1788649573 5335, 10, 123.26
1788649574 5335, 14, 114.95
1788649575 5335, 13, 123.16
1788649576 5335, 10, 119.81
1788649577 5335, 14, 114.04
1788649578 5335, 13, 123.03
1788649579 5335, 13, 118.94
1788649580 5335, 14, 122.96
1788649581 5335, 10, 116.11
1788649582 5335, 14, 123.37
1788649583 5335, 10, 122.68
1788649584 5335, 13, 115.04
1788649585 5335, 14, 123.68
1788649586 5335, 10, 121.55
1788649587 5335, 13, 121.04
1788649588 5337, 14, 116.66
1788649589 5337, 13, 118.53
1788649590 5337, 13, 122.85
1788649591 5337, 6, 115.96
1788649592 5337, 14, 119.04
1788649593 5337, 14, 123.96
1788649594 5337, 2, 114.50
1788649595 5337, 14, 121.13
1788649596 5337, 10, 122.01
1788649597 5337, 13, 120.03
1788649598 5337, 14, 123.23
1788649599 5337, 10, 116.01
1788649600 5337, 13, 122.74
1788649601 5337, 10, 120.76
1788649602 5337, 13, 114.94
1788649603 5337, 13, 123.22
1788649604 5337, 13, 125.25
1788649605 5337, 13, 125.89
1788649607 5337, 13, 125.59
1788649608 5337, 13, 124.76
1788649609 5337, 13, 124.82
1788649610 5337, 13, 125.29
1788649611 5337, 13, 125.73
1788649612 5337, 13, 126.14
1788649613 5337, 13, 126.55
1788649614 5337, 13, 126.42
1788649615 5337, 14, 124.99
1788649616 5337, 13, 124.94
1788649617 5337, 13, 125.46
1788649618 5337, 13, 126.25
1788649619 5337, 13, 125.16
1788649620 5337, 13, 124.88
1788649621 5337, 14, 125.02
1788649622 5337, 13, 125.83
1788649623 5337, 13, 126.05
1788649624 5337, 14, 125.81
1788649625 5337, 13, 126.17
1788649626 5337, 13, 126.11
1788649627 5337, 13, 125.05
1788649628 5337, 13, 124.42
1788649629 5337, 13, 124.68
1788649630 5337, 14, 124.91
1788649631 5337, 13, 125.42
1788649632 5337, 13, 125.66
1788649633 5337, 10, 120.53
1788649634 5337, 13, 120.65
1788649635 5337, 0, 117.12
1788649636 5337, 13, 112.87
1788649637 5337, 14, 123.47
1788649638 5337, 9, 112.75
1788649639 5337, 13, 121.27
1788649640 5337, 10, 120.89
1788649641 5337, 8, 113.98
1788649643 5337, 14, 123.08
1788649644 5337, 10, 120.41
1788649645 5337, 14, 121.77
1788649646 5337, 10, 122.96
1788649647 5337, 13, 113.05
1788649648 5337, 13, 122.04
1788649649 5337, 10, 119.93
1788649650 5337, 14, 113.38
1788649651 5337, 13, 122.08
1788649652 5337, 9, 119.15
1788649653 5337, 14, 123.01
1788649654 5337, 3, 118.10
1788649655 5337, 13, 120.10
1788649656 5337, 10, 121.56
1788649657 5337, 13, 113.42
1788649658 5337, 13, 122.60
1788649659 5337, 10, 119.46
1788649660 5337, 13, 119.77
1788649661 5337, 15, 122.43
1788649662 5337, 10, 112.49
1788649663 5337, 14, 123.02
1788649664 5337, 10, 121.76
1788649665 5337, 14, 114.54
1788649666 5337, 14, 121.95
1788649667 5337, 10, 118.95
1788649668 5337, 13, 120.71
1788649669 5337, 2, 117.35
1788649670 5337, 13, 114.61
1788649671 5337, 14, 122.93
1788649672 5337, 1, 115.46
1788649673 5337, 13, 122.11
1788649674 5337, 10, 120.14
1788649675 5337, 1, 114.12
1788649676 5337, 14, 123.00
1788649677 5337, 9, 119.89
1788649678 5337, 13, 121.99
1788649680 5337, 7, 119.94
1788649681 5337, 14, 113.64
1788649682 5337, 14, 123.40
1788649683 5337, 10, 120.57
1788649684 5337, 13, 114.76
1788649685 5337, 13, 123.46
1788649686 5337, 13, 125.40
1788649687 5337, 13, 124.89
1788649688 5337, 13, 124.63
1788649689 5337, 13, 125.04
1788649690 5337, 13, 125.34
1788649691 5337, 13, 126.11
1788649692 5337, 13, 126.25
1788649693 5337, 13, 125.32
1788649694 5337, 13, 124.77
1788649695 5337, 13, 124.50
1788649696 5337, 13, 125.75
1788649697 5337, 14, 126.09
1788649698 5337, 13, 125.69
1788649699 5337, 13, 124.87
1788649700 5337, 13, 124.65
1788649701 5337, 13, 125.63
1788649702 5337, 13, 125.89
1788649703 5337, 13, 126.08
1788649704 5337, 13, 125.78
1788649705 5337, 13, 126.24
1788649706 5337, 13, 125.21
1788649707 5337, 13, 124.96
1788649708 5337, 13, 125.03
1788649709 5337, 13, 125.63
1788649710 5337, 13, 125.99
1788649711 5337, 13, 126.45
1788649712 5337, 13, 125.82
1788649713 5337, 10, 120.61
1788649714 5337, 13, 120.33
1788649716 5337, 15, 122.83
1788649717 5337, 11, 112.94
1788649718 5337, 14, 122.98
1788649719 5337, 10, 120.37
1788649720 5337, 14, 112.89
1788649721 5337, 14, 122.19
1788649722 5337, 9, 119.79
1788649723 5337, 13, 121.41
1788649724 5337, 9, 121.66
1788649725 5337, 13, 113.46
1788649726 5337, 14, 122.09
1788649727 5337, 10, 119.48
1788649728 5337, 14, 114.17
1788649729 5337, 9, 120.61
1788649730 5337, 14, 120.58
1788649731 5337, 14, 123.16
1788649732 5337, 9, 114.09
1788649733 5337, 13, 121.06
1788649734 5337, 10, 120.85
1788649735 5337, 13, 113.16
1788649736 5337, 13, 122.83
1788649737 5337, 10, 120.77
1788649738 5337, 13, 113.90
1788649739 5337, 13, 121.74
1788649740 5337, 14, 118.44
1788649741 5337, 13, 123.13
1788649742 5337, 2, 117.11
1788649743 5337, 14, 113.64
1788649744 5337, 13, 122.87
1788649745 5337, 10, 118.96
1788649746 5337, 13, 121.32
1788649747 5337, 10, 119.87
1788649748 5337, 13, 119.09
1788649749 5337, 12, 121.51
1788649750 5337, 9, 113.65
1788649751 5337, 13, 120.75
1788649753 5337, 10, 119.42
1788649754 5337, 10, 109.37
1788649755 5337, 11, 115.44
1788649756 5337, 9, 114.41
1788649757 5337, 9, 116.49
1788649758 5337, 9, 113.31
1788649759 5337, 8, 112.55
1788649760 5337, 9, 109.67
1788649761 5337, 10, 114.59
1788649762 5337, 7, 115.82
1788649763 5337, 10, 114.14
1788649764 5337, 7, 110.82
1788649765 5337, 11, 113.17
1788649766 5337, 10, 115.08
1788649767 5337, 12, 117.42
1788649768 5337, 10, 116.23
1788649769 5337, 13, 119.19
1788649770 5337, 13, 125.31
1788649771 5337, 13, 125.58
1788649772 5337, 13, 125.01
1788649773 5337, 13, 124.82
1788649774 5337, 14, 124.61
1788649775 5337, 13, 125.46
1788649776 5337, 13, 125.53
1788649777 5337, 13, 125.00
1788649778 5337, 13, 124.27
1788649779 5337, 12, 119.82
1788649780 5337, 13, 122.08
1788649781 5337, 13, 125.90
1788649782 5337, 14, 126.16
1788649783 5337, 13, 126.06
1788649784 5337, 13, 125.43
1788649785 5337, 13, 124.46
1788649786 5337, 13, 124.42
1788649787 5337, 13, 124.85
1788649789 5337, 13, 125.22
1788649790 5337, 13, 125.57
1788649791 5337, 13, 126.24
1788649792 5337, 13, 125.86
1788649793 5337, 13, 124.82
1788649794 5337, 13, 124.86
1788649795 5337, 13, 125.94
1788649796 5337, 13, 126.70
1788649797 5337, 13, 126.18
1788649798 5337, 4, 112.14
1788649799 5337, 2, 69.43
1788649800 5337, 5, 70.07
1788649801 5337, 3, 70.30
1788649802 5337, 0, 70.27
1788649803 5337, 1, 70.02
1788649804 5337, 0, 70.69
