1788654890 65, 0, 68.10
1788654891 66, 0, 67.92
1788654892 68, 0, 39.56
1788654893 68, 0, 34.92
1788654894 68, 0, 25.32
1788654895 68, 0, 24.97
1788654896 68, 0, 23.50
1788654897 68, 0, 24.83
1788654898 685, 0, 40.15
1788654899 685, 0, 69.54
1788654900 685, 0, 69.81
1788654901 773, 0, 69.76
1788654902 773, 0, 69.57
1788654903 14953, 0, 69.01
1788654905 14959, 48, 87.71
1788654906 14967, 47, 111.85
1788654907 14977, 46, 111.44
1788654908 14983, 47, 111.34
1788654909 14993, 46, 112.12
1788654910 15003, 47, 112.19
1788654911 16005, 0, 108.38
1788654912 16005, 0, 101.25
1788654913 15405, 0, 86.37
1788654914 15405, 0, 69.86
1788654915 15407, 1, 69.86
1788654916 15445, 1, 74.40
1788654917 15745, 2, 72.33
1788654918 16363, 0, 71.07
1788654919 16363, 0, 69.85
1788654920 16363, 7, 70.54
1788654921 16363, 0, 70.35
1788654922 16363, 2, 70.45
1788654923 16363, 2, 70.66
1788654924 16363, 5, 71.12
1788654925 16363, 6, 70.82
1788654926 16363, 4, 71.13
1788654927 16363, 7, 71.35
1788654928 16363, 2, 70.86
1788654929 16363, 7, 70.79
1788654930 16363, 0, 70.74
1788654931 16363, 5, 69.82
1788654932 16363, 0, 70.34
1788654933 16363, 5, 71.08
1788654934 16363, 7, 71.33
1788654935 16363, 3, 71.15
1788654936 16363, 7, 71.44
1788654938 16363, 0, 71.17
1788654939 16363, 5, 71.03
1788654940 16363, 0, 70.73
1788654941 16363, 0, 70.63
1788654942 16363, 0, 70.91
1788654943 16463, 0, 70.14
1788654944 16463, 0, 91.27
1788654945 16463, 0, 89.95
1788654946 16463, 0, 72.50
1788654947 16473, 0, 71.50
1788654948 16473, 0, 92.25
1788654949 16473, 0, 71.59
1788654950 16477, 0, 91.68
1788654951 16477, 0, 71.33
1788654952 16477, 0, 71.51
1788654953 16477, 0, 71.57
1788654954 16477, 0, 71.40
1788654955 16477, 0, 71.34
1788654956 16477, 0, 71.42
1788654957 16477, 0, 71.57
1788654958 16477, 0, 71.29
1788654959 16477, 0, 70.70
1788654960 16477, 0, 70.68
1788654961 16477, 0, 71.23
1788654962 16477, 0, 71.69
1788654963 16477, 0, 71.49
1788654964 16477, 0, 71.34
1788654965 16477, 0, 71.43
1788654966 16477, 0, 71.19
1788654967 16477, 0, 71.53
1788654968 16477, 0, 71.84
1788654969 16477, 22, 89.78
1788654970 17901, 20, 101.18
1788654971 17901, 27, 123.61
1788654972 17901, 0, 84.81
1788654973 17901, 28, 156.66
1788654975 17901, 29, 157.08
1788654976 17901, 29, 155.34
1788654977 17901, 29, 156.84
1788654978 17901, 28, 158.49
1788654979 17901, 29, 159.15
1788654980 17901, 29, 159.39
1788654981 17901, 30, 158.00
1788654982 17903, 27, 159.05
1788654983 17903, 28, 160.49
1788654984 17903, 27, 158.76
1788654985 17903, 30, 158.14
1788654986 17903, 28, 156.09
1788654987 17903, 28, 157.72
1788654988 17903, 29, 158.30
1788654989 17903, 29, 158.58
1788654990 17903, 28, 160.73
1788654991 17903, 29, 159.42
1788654992 17903, 31, 159.92
1788654993 17903, 29, 158.14
1788654994 17903, 28, 158.14
1788654995 17903, 29, 161.15
1788654996 17903, 28, 159.64
1788654997 17903, 29, 157.68
1788654998 17903, 29, 157.31
1788654999 17903, 29, 158.51
1788655000 17903, 28, 161.03
1788655001 17903, 28, 159.30
1788655002 17903, 29, 159.40
1788655003 17903, 29, 158.02
1788655004 17903, 27, 157.78
1788655005 17903, 29, 157.93
1788655006 17903, 28, 156.92
1788655007 17903, 28, 159.45
1788655008 17903, 28, 159.85
1788655009 17903, 30, 159.34
1788655011 17903, 29, 158.12
1788655012 17903, 28, 157.25
1788655013 16375, 0, 118.06
1788655014 16375, 0, 74.41
1788655015 16375, 0, 74.61
1788655016 17905, 8, 76.04
1788655017 17915, 0, 139.66
1788655018 17915, 0, 73.73
1788655019 17923, 0, 75.45
1788655020 17923, 0, 73.79
1788655021 17923, 0, 80.83
1788655022 17923, 0, 74.11
1788655023 17923, 0, 73.54
1788655024 17923, 0, 72.32
1788655025 17923, 0, 104.94
1788655026 17923, 0, 103.29
1788655027 17923, 0, 91.49
1788655028 17923, 0, 72.39
1788655029 17923, 0, 73.07
1788655030 17923, 0, 72.35
1788655031 17923, 0, 71.46
1788655032 17963, 0, 93.31
1788655033 17963, 0, 167.12
1788655034 18335, 22, 122.15
1788655035 18725, 22, 141.27
1788655036 20231, 29, 138.70
1788655037 20231, 23, 152.84
1788655038 20711, 23, 143.01
1788655039 20751, 23, 138.55
1788655040 20751, 27, 157.83
1788655041 20751, 24, 142.07
1788655042 20751, 36, 141.79
1788655043 20751, 22, 153.11
1788655044 20751, 21, 140.54
1788655045 20751, 23, 139.08
1788655047 20751, 28, 151.90
1788655048 20751, 22, 143.88
1788655049 20751, 22, 140.90
1788655050 20753, 28, 148.21
1788655051 20753, 23, 147.08
1788655052 20753, 22, 140.09
1788655053 20753, 23, 137.49
1788655054 20753, 24, 155.38
1788655055 20753, 22, 141.75
1788655056 20753, 22, 139.08
1788655057 20753, 27, 148.07
1788655058 20753, 22, 146.22
1788655059 20753, 22, 141.57
1788655060 20753, 28, 148.67
1788655061 20753, 23, 147.19
1788655062 20753, 22, 140.84
1788655063 20753, 29, 141.23
1788655064 20753, 23, 151.82
1788655065 20753, 22, 138.77
1788655066 20753, 23, 139.10
1788655067 20753, 28, 149.63
1788655068 20753, 23, 143.93
1788655069 20753, 22, 140.88
1788655070 20753, 29, 141.76
1788655071 20753, 22, 150.42
1788655072 20753, 21, 138.52
1788655073 20753, 24, 140.51
1788655074 20753, 28, 151.30
1788655075 20753, 22, 143.82
1788655076 20753, 23, 139.53
1788655077 20753, 28, 140.00
1788655078 20753, 22, 145.80
1788655079 20753, 23, 140.74
1788655080 20753, 32, 140.79
1788655081 20753, 24, 154.51
1788655083 20753, 23, 139.71
1788655084 20753, 22, 138.94
1788655085 20753, 28, 145.33
1788655086 20753, 23, 147.49
1788655087 20753, 22, 140.39
1788655088 20753, 23, 138.47
1788655089 20753, 26, 156.49
1788655090 20753, 23, 140.55
1788655091 20753, 22, 138.45
1788655092 20753, 28, 145.24
1788655093 20753, 22, 146.79
1788655094 20753, 23, 141.18
1788655095 20753, 32, 140.61
1788655096 20753, 22, 144.87
1788655097 20753, 21, 139.98
1788655098 20753, 31, 139.90
1788655099 20753, 24, 155.42
1788655100 20753, 22, 140.93
1788655101 20753, 23, 115.84
1788655102 20753, 34, 140.78
1788655103 20753, 28, 155.25
1788655104 20753, 29, 153.43
1788655105 20753, 28, 154.14
1788655106 20753, 28, 155.52
1788655107 20753, 28, 156.15
1788655108 20753, 28, 155.63
1788655109 20753, 28, 156.21
1788655110 20753, 30, 155.07
1788655111 20753, 29, 153.11
1788655112 20753, 28, 154.12
1788655113 20753, 28, 155.20
1788655114 20753, 29, 155.44
1788655115 20753, 30, 154.23
1788655116 20753, 29, 153.77
1788655117 20753, 27, 155.84
1788655119 20753, 28, 156.46
1788655120 20753, 27, 155.41
1788655121 20753, 28, 155.95
1788655122 20753, 28, 155.58
1788655123 20753, 29, 154.98
1788655124 20753, 29, 155.17
1788655125 20753, 28, 155.10
1788655126 20753, 28, 155.02
1788655127 20753, 28, 156.55
1788655128 20753, 28, 156.51
1788655129 20753, 28, 156.13
1788655130 20753, 29, 154.78
1788655131 20753, 29, 155.15
1788655132 20753, 29, 156.60
1788655133 20753, 28, 155.49
1788655134 20753, 30, 156.61
1788655135 20753, 28, 154.10
1788655136 20753, 28, 154.79
1788655137 20753, 28, 154.31
1788655138 20753, 27, 157.22
1788655139 20753, 29, 156.77
1788655140 20753, 28, 156.53
1788655141 20753, 29, 156.16
1788655142 20753, 29, 155.04
1788655143 20753, 29, 154.72
1788655144 20753, 28, 155.01
1788655145 20753, 29, 154.29
1788655146 20753, 23, 150.28
1788655147 20753, 21, 140.58
1788655148 20753, 23, 139.75
1788655149 20753, 28, 152.33
1788655150 20753, 24, 138.87
1788655151 20753, 23, 139.24
1788655152 20753, 28, 151.53
1788655153 20753, 22, 145.55
1788655155 20753, 23, 140.01
1788655156 20753, 29, 142.26
1788655157 20753, 22, 151.37
1788655158 20753, 23, 140.91
1788655159 20753, 23, 140.77
1788655160 20753, 29, 151.98
1788655161 20753, 23, 145.59
1788655162 20753, 22, 139.89
1788655163 20753, 29, 142.50
1788655164 20753, 21, 149.63
1788655165 20753, 22, 139.48
1788655166 20753, 23, 139.50
1788655167 20753, 28, 151.93
1788655168 20753, 22, 140.61
1788655169 20753, 23, 139.99
1788655170 20753, 27, 148.81
1788655171 20753, 21, 142.54
1788655172 20753, 21, 140.73
1788655173 20753, 28, 142.73
1788655174 20753, 22, 150.84
1788655175 20753, 22, 139.84
1788655176 20753, 22, 138.32
1788655177 20753, 27, 151.65
1788655178 20753, 24, 143.44
1788655179 20753, 23, 139.90
1788655180 20753, 29, 144.56
1788655181 20753, 23, 150.07
1788655182 20753, 22, 138.82
1788655183 20753, 23, 137.41
1788655184 20753, 27, 152.09
1788655185 20753, 23, 142.85
1788655186 20753, 23, 139.54
1788655187 20753, 28, 151.16
1788655188 20753, 22, 144.53
1788655189 20753, 23, 139.33
1788655191 20753, 28, 143.30
1788655192 20753, 22, 150.28
1788655193 20753, 22, 140.03
1788655194 20753, 23, 139.62
1788655195 20753, 29, 149.86
1788655196 20753, 22, 142.26
1788655197 20753, 23, 140.43
1788655198 20753, 30, 144.11
1788655199 20753, 23, 150.77
1788655200 20753, 21, 140.71
1788655201 20753, 21, 138.74
1788655202 20753, 29, 150.97
1788655203 20753, 20, 138.53
1788655204 20753, 22, 138.10
1788655205 20753, 28, 150.17
1788655206 20753, 23, 142.43
1788655207 20753, 24, 139.82
1788655208 20753, 29, 143.05
1788655209 20753, 22, 150.98
1788655210 20753, 22, 139.12
1788655211 20753, 22, 138.50
1788655212 20753, 28, 152.46
1788655213 20753, 22, 143.32
1788655214 20753, 23, 139.80
1788655215 20753, 28, 142.21
1788655216 20753, 28, 155.09
1788655217 20753, 29, 156.75
1788655218 20753, 28, 157.64
1788655219 20753, 28, 156.85
1788655220 20753, 28, 156.43
1788655221 20753, 28, 156.42
1788655222 20753, 29, 155.51
1788655223 20753, 29, 155.36
1788655224 20753, 30, 156.58
1788655226 20753, 29, 155.74
1788655227 20753, 29, 155.83
1788655228 20753, 28, 155.95
1788655229 20753, 28, 155.29
1788655230 20753, 29, 155.65
1788655231 20753, 29, 155.64
1788655232 20753, 29, 156.48
1788655233 20753, 30, 156.49
1788655234 20753, 29, 155.11
1788655235 20753, 29, 154.49
1788655236 20753, 27, 155.14
1788655237 20753, 29, 157.89
1788655238 20753, 28, 157.60
1788655239 20753, 28, 156.80
1788655240 20753, 29, 156.90
1788655241 20753, 29, 156.29
1788655242 20753, 27, 155.32
1788655243 20753, 30, 155.97
1788655244 20753, 30, 154.83
1788655245 20753, 28, 155.59
1788655246 20753, 28, 155.72
1788655247 20753, 27, 156.80
1788655248 20753, 28, 156.32
1788655249 20753, 28, 155.21
1788655250 20753, 28, 155.33
1788655251 20753, 30, 156.42
1788655252 20753, 28, 156.22
1788655253 20753, 29, 155.04
1788655254 20753, 27, 155.02
1788655255 20753, 28, 155.51
1788655256 20753, 28, 157.37
1788655257 20753, 29, 155.44
1788655258 20753, 22, 150.57
1788655259 20753, 22, 141.54
1788655260 20753, 21, 138.11
1788655262 20753, 28, 150.54
1788655263 20753, 22, 142.61
1788655264 20753, 23, 140.20
1788655265 20753, 28, 143.02
1788655266 20753, 23, 151.91
1788655267 20753, 22, 141.24
1788655268 20753, 23, 139.00
1788655269 20753, 29, 151.23
1788655270 20753, 22, 141.69
1788655271 20753, 23, 140.60
1788655272 20753, 29, 145.57
1788655273 20753, 22, 149.29
1788655274 20753, 22, 139.95
1788655275 20753, 23, 138.09
1788655276 20753, 23, 150.07
1788655277 20753, 21, 141.13
1788655278 20753, 23, 139.35
1788655279 20753, 28, 154.33
1788655280 20753, 23, 142.11
1788655281 20753, 23, 139.04
1788655282 20753, 29, 143.76
1788655283 20753, 23, 149.81
1788655284 20753, 22, 140.62
1788655285 20753, 23, 139.25
1788655286 20753, 27, 151.91
1788655287 20753, 22, 143.31
1788655288 20753, 23, 140.27
1788655289 20753, 29, 141.18
1788655290 20753, 23, 151.87
1788655291 20753, 23, 140.12
1788655292 20753, 22, 139.67
1788655293 20753, 23, 152.61
1788655294 20753, 23, 139.83
1788655295 20753, 22, 140.45
1788655296 20753, 28, 149.64
1788655298 20753, 22, 147.20
1788655299 20753, 23, 142.27
1788655300 20753, 29, 143.72
1788655301 20753, 22, 151.26
1788655302 20753, 23, 139.82
1788655303 20753, 22, 139.43
1788655304 20753, 29, 150.14
1788655305 20753, 22, 144.24
1788655306 20753, 23, 141.32
1788655307 20753, 29, 143.43
1788655308 20753, 23, 151.43
1788655309 20753, 23, 139.94
1788655310 20753, 23, 138.56
1788655311 20753, 27, 152.11
1788655312 20753, 21, 140.93
1788655313 20753, 23, 138.97
1788655314 20753, 28, 152.11
1788655315 20753, 22, 142.79
1788655316 20753, 23, 140.89
1788655317 20753, 28, 145.62
1788655318 20753, 22, 150.91
1788655319 20753, 22, 141.92
1788655320 20753, 22, 137.95
1788655321 20753, 28, 155.34
1788655322 20753, 22, 139.76
1788655323 20753, 22, 139.35
1788655324 20753, 28, 144.68
1788655325 20753, 23, 150.23
1788655326 20753, 22, 141.37
1788655327 20753, 24, 138.04
1788655328 20753, 28, 151.92
1788655329 20753, 30, 154.77
1788655330 20753, 29, 155.82
1788655331 20753, 27, 155.62
1788655332 20753, 29, 155.18
1788655334 20753, 29, 154.51
1788655335 20753, 29, 155.25
1788655336 20753, 26, 157.19
1788655337 20753, 28, 157.54
1788655338 20753, 28, 156.51
1788655339 20753, 29, 156.68
1788655340 20753, 29, 155.78
1788655341 20753, 28, 154.16
1788655342 20753, 29, 153.77
1788655343 20753, 29, 155.37
1788655344 20753, 27, 155.64
1788655345 20753, 28, 157.02
1788655346 20753, 29, 156.13
1788655347 20753, 28, 156.34
1788655348 20753, 28, 155.31
1788655349 20753, 28, 155.63
1788655350 20753, 30, 156.33
1788655351 20753, 30, 156.65
1788655352 20753, 29, 155.21
1788655353 20753, 28, 154.57
1788655354 20753, 28, 154.99
1788655355 20753, 28, 157.01
1788655356 20753, 27, 157.30
1788655357 20753, 29, 156.98
1788655358 20753, 30, 156.50
1788655359 20753, 28, 155.82
1788655360 20753, 29, 153.86
1788655361 20753, 28, 155.04
1788655362 20753, 28, 155.63
1788655363 20753, 28, 156.35
1788655364 20753, 29, 155.77
1788655365 20753, 28, 156.95
1788655366 20753, 28, 156.87
1788655367 20753, 28, 154.35
1788655368 20753, 29, 155.43
1788655370 20753, 5, 149.54
1788655371 20753, 0, 74.97
1788655372 20753, 4, 72.39
1788655373 20753, 0, 71.34
1788655374 20753, 1, 70.84
1788655375 20753, 0, 72.48
1788655376 20753, 0, 72.43
1788655377 20753, 0, 72.32
1788655378 20753, 0, 72.10
1788655379 20753, 0, 72.25
1788655380 20753, 0, 70.98
1788655381 20753, 0, 70.51
1788655382 20753, 2, 70.53
1788655383 20753, 1, 70.68
1788655384 20753, 0, 72.02
1788655385 20753, 4, 72.07
1788655386 20753, 0, 71.25
1788655387 20753, 2, 69.87
1788655388 20753, 0, 70.22
1788655389 20753, 1, 70.69
1788655390 20753, 7, 72.35
1788655391 20753, 0, 72.01
1788655392 20753, 0, 70.15
