1791358011 10, 0, 63.75
1791358012 12, 0, 62.94
1791358013 12, 0, 36.33
1791358014 12, 0, 35.97
1791358016 12, 0, 27.09
1791358017 516, 2, 17.17
1791358018 5598, 13, 66.38
1791358019 6938, 17, 75.15
1791358020 9038, 15, 74.79
1791358021 10878, 22, 74.74
1791358022 12978, 25, 77.39
1791358023 14738, 17, 75.96
1791358024 16818, 15, 74.98
1791358025 18578, 21, 75.05
1791358026 20318, 22, 74.90
1791358027 21620, 2, 68.09
1791358028 21620, 4, 62.20
1791358029 21620, 4, 62.09
1791358030 21656, 13, 65.72
1791358031 21656, 2, 62.96
1791358032 21656, 3, 59.65
1791358033 21656, 6, 59.04
1791358034 21656, 3, 58.99
1791358035 21656, 5, 58.74
1791358036 21656, 0, 58.50
1791358037 21656, 3, 58.70
1791358038 21656, 6, 58.84
1791358039 21656, 3, 58.54
1791358040 21656, 4, 58.53
1791358041 21656, 0, 58.45
1791358042 21656, 3, 58.11
1791358044 21656, 6, 58.11
1791358045 21656, 2, 58.08
1791358046 21656, 3, 58.04
1791358047 21656, 1, 57.94
1791358048 21656, 0, 58.10
1791358049 21656, 3, 58.07
1791358050 21656, 6, 58.14
1791358051 21656, 1, 57.82
1791358052 21656, 2, 58.07
1791358053 21656, 2, 58.38
1791358054 21656, 3, 58.06
1791358055 21656, 6, 57.99
1791358056 21656, 0, 57.49
1791358057 21656, 3, 57.31
1791358058 21656, 6, 57.31
1791358059 21656, 1, 57.29
1791358060 21656, 2, 56.21
1791358061 21656, 3, 56.23
1791358062 21674, 70, 136.68
1791358063 20274, 56, 224.17
1791358064 21514, 60, 378.00
1791358065 22784, 95, 423.22
1791358066 22784, 86, 412.25
1791358067 22786, 79, 394.16
1791358068 22786, 70, 450.93
1791358069 22786, 76, 459.47
1791358070 22786, 56, 439.11
1791358072 23066, 93, 446.23
1791358073 23066, 91, 439.96
1791358074 23066, 59, 437.28
1791358075 23066, 95, 431.88
1791358076 23066, 94, 468.90
1791358077 23066, 95, 415.90
1791358078 23066, 95, 463.18
1791358079 23066, 79, 395.76
1791358080 23066, 89, 482.00
1791358081 23066, 94, 489.06
1791358082 23066, 79, 450.86
1791358083 23066, 73, 438.47
1791358084 23066, 82, 413.97
1791358085 23066, 94, 456.40
1791358086 23066, 93, 434.29
1791358087 23066, 89, 493.06
1791358088 23066, 93, 496.12
1791358089 23326, 97, 477.08
1791358090 23326, 87, 488.49
1791358091 23326, 94, 492.49
1791358092 23326, 95, 499.84
1791358093 23326, 88, 478.11
1791358094 23326, 88, 367.49
1791358095 23326, 91, 491.89
1791358096 23326, 97, 490.90
1791358097 23326, 55, 454.38
1791358099 23326, 92, 462.30
1791358100 23326, 89, 474.59
1791358101 23326, 82, 419.49
1791358102 23326, 94, 497.00
1791358103 23326, 92, 444.27
1791358104 23326, 87, 475.58
1791358105 23326, 88, 476.26
1791358106 23326, 79, 438.09
1791358107 23326, 93, 483.26
1791358108 23326, 91, 488.27
1791358109 23326, 92, 497.51
1791358110 23326, 90, 454.77
1791358111 23326, 84, 485.43
1791358112 23466, 95, 500.47
1791358113 23466, 59, 433.70
1791358114 23466, 91, 484.74
1791358115 23466, 66, 468.59
1791358116 23466, 91, 490.39
1791358117 23466, 93, 489.06
1791358118 23466, 93, 492.11
1791358119 23466, 82, 465.71
1791358120 23466, 57, 453.83
1791358121 23468, 74, 437.14
1791358122 23468, 64, 430.47
1791358123 23468, 64, 378.15
1791358124 23468, 97, 440.67
1791358126 23468, 50, 403.56
1791358127 23470, 90, 431.58
1791358128 23470, 77, 378.14
1791358129 23470, 92, 478.63
1791358130 23470, 82, 489.52
1791358131 23470, 61, 434.30
1791358132 23470, 85, 387.19
1791358133 23470, 83, 491.79
1791358134 23470, 94, 497.26
1791358135 23470, 94, 504.62
1791358136 23470, 96, 494.56
1791358137 23470, 87, 484.27
1791358138 23470, 95, 458.66
1791358139 23470, 92, 466.08
1791358140 23470, 91, 489.29
1791358141 23470, 94, 501.67
1791358142 23470, 72, 425.60
1791358143 23470, 95, 491.69
1791358144 23470, 80, 469.32
1791358145 23470, 90, 462.18
1791358146 23470, 87, 470.18
1791358147 23470, 94, 485.81
1791358148 23470, 90, 488.71
1791358149 23470, 78, 427.46
1791358150 23470, 95, 500.00
1791358151 23470, 87, 445.94
1791358153 23470, 90, 464.56
1791358154 23470, 96, 492.58
1791358155 23470, 96, 441.84
1791358156 23470, 91, 496.49
1791358157 23470, 56, 418.83
1791358158 23470, 0, 251.89
1791358159 23470, 3, 95.49
1791358160 23470, 6, 82.24
1791358161 23470, 0, 66.54
1791358162 23470, 2, 66.14
1791358163 23470, 5, 66.05
1791358164 23470, 2, 65.92
1791358165 23470, 2, 65.70
1791358166 23470, 4, 65.85
1791358167 23470, 3, 65.33
1791358168 23470, 2, 65.23
1791358169 23470, 3, 65.55
1791358170 23470, 0, 64.74
1791358171 23470, 3, 64.62
1791358172 23470, 28, 64.95
1791358173 23470, 0, 64.18
