1791357825 10, 0, 5.86
1791357826 12, 0, 6.89
1791357827 12, 0, 9.89
1791357828 12, 0, 8.14
1791357829 12, 0, 7.82
1791357830 516, 0, 6.38
1791357831 4838, 27, 33.02
1791357832 6938, 23, 68.73
1791357833 8758, 26, 71.88
1791357834 10878, 16, 70.26
1791357835 12638, 13, 68.93
1791357836 14738, 23, 67.84
1791357837 16478, 24, 71.56
1791357838 18578, 16, 69.92
1791357839 20318, 19, 69.80
1791357840 21620, 0, 63.33
1791357841 21620, 5, 57.14
1791357843 21620, 4, 56.98
1791357844 21656, 5, 57.45
1791357845 21656, 2, 57.85
1791357846 21656, 3, 54.02
1791357847 21656, 2, 54.17
1791357848 21656, 2, 54.36
1791357849 21656, 3, 54.56
1791357850 21656, 6, 54.48
1791357851 21656, 0, 54.31
1791357852 21656, 3, 54.32
1791357853 21656, 1, 54.39
1791357854 21656, 3, 54.24
1791357855 21656, 6, 54.31
1791357856 21656, 0, 54.22
1791357857 21656, 3, 54.19
1791357858 21656, 6, 54.13
1791357859 21656, 2, 54.26
1791357860 21656, 2, 54.43
1791357861 21656, 2, 54.62
1791357862 21656, 4, 54.47
1791357863 21656, 3, 54.61
1791357864 21656, 5, 54.58
1791357865 21656, 0, 54.57
1791357866 21656, 3, 54.56
1791357867 21656, 6, 54.56
1791357868 21656, 0, 54.65
1791357869 21656, 3, 54.47
1791357870 21656, 6, 54.57
1791357872 21656, 0, 54.48
1791357873 21656, 3, 54.36
1791357874 21656, 6, 54.31
1791357875 21656, 5, 54.72
1791357876 21668, 0, 54.95
1791357877 21672, 0, 56.08
1791357878 21672, 1, 55.71
1791357879 21672, 0, 58.24
1791357880 21674, 22, 67.28
1791357881 21674, 0, 63.66
1791357882 21674, 0, 66.29
1791357883 19556, 49, 174.34
1791357884 19788, 0, 118.75
1791357885 19788, 0, 81.86
1791357886 21492, 67, 200.35
1791357887 21514, 0, 334.89
1791357888 21514, 36, 100.91
1791357889 22100, 0, 88.70
1791357890 22904, 59, 107.14
1791357891 22928, 47, 379.88
1791357892 22928, 51, 289.30
1791357893 22936, 91, 388.19
1791357894 22950, 69, 410.72
1791357895 22950, 66, 422.05
1791357896 22950, 93, 398.35
1791357897 22950, 95, 368.56
1791357898 23230, 47, 441.03
1791357899 23230, 94, 451.85
1791357901 23230, 80, 317.65
1791357902 23230, 53, 393.74
1791357903 23230, 65, 403.30
1791357904 23230, 95, 364.99
1791357905 23230, 72, 351.63
1791357906 23230, 52, 397.50
1791357907 23230, 81, 357.93
1791357908 23230, 74, 466.12
1791357909 23230, 62, 369.98
1791357910 23230, 72, 418.65
1791357911 23230, 46, 405.84
1791357912 23230, 72, 391.32
1791357913 23230, 87, 321.87
1791357914 23230, 71, 395.19
1791357915 23230, 92, 463.07
1791357916 23230, 92, 413.86
1791357917 23230, 75, 398.20
1791357918 23390, 91, 463.54
1791357919 23390, 82, 465.69
1791357920 23390, 94, 480.58
1791357921 23390, 95, 498.48
1791357922 23390, 94, 419.04
1791357923 23390, 73, 336.17
1791357924 23390, 94, 464.88
1791357925 23390, 92, 480.29
1791357926 23390, 95, 493.25
1791357928 23390, 82, 310.85
1791357929 23390, 94, 441.11
1791357930 23392, 46, 423.16
1791357931 23392, 92, 439.72
1791357932 23392, 60, 361.18
1791357933 23392, 56, 364.47
1791357934 23392, 96, 461.11
1791357935 23392, 89, 421.44
1791357936 23392, 70, 394.19
1791357937 23392, 74, 362.57
1791357938 23392, 93, 478.78
1791357939 23392, 77, 436.65
1791357940 23392, 95, 413.77
1791357941 23392, 87, 415.48
1791357942 23392, 94, 488.99
1791357943 23652, 90, 457.95
1791357944 23652, 50, 336.61
1791357945 23652, 78, 421.13
1791357946 23652, 65, 459.04
1791357947 23652, 96, 431.38
1791357948 23652, 91, 409.81
1791357949 23652, 96, 478.04
1791357950 23652, 94, 473.54
1791357951 23652, 68, 412.68
1791357952 23652, 30, 443.18
1791357953 23652, 96, 334.78
1791357955 23652, 89, 370.90
1791357956 23652, 68, 396.90
1791357957 23652, 63, 312.70
1791357958 23652, 46, 468.91
1791357959 23652, 95, 372.56
1791357960 23654, 64, 378.68
1791357961 23654, 95, 393.94
1791357962 23654, 0, 394.72
1791357963 23654, 95, 421.02
1791357964 23654, 93, 440.85
1791357965 23654, 44, 364.03
1791357966 23654, 76, 328.24
1791357967 23654, 82, 399.51
1791357968 23654, 94, 465.33
1791357969 23654, 94, 501.46
1791357970 23654, 95, 494.31
1791357971 23654, 87, 397.76
1791357972 23654, 79, 430.93
1791357973 23654, 93, 432.18
1791357974 23654, 83, 457.06
1791357975 23654, 85, 392.41
1791357976 23654, 95, 423.93
1791357977 23654, 95, 431.43
1791357978 23654, 96, 488.34
1791357979 23654, 63, 427.26
1791357980 23654, 96, 360.58
1791357982 23654, 79, 445.46
1791357983 23654, 96, 445.12
1791357984 23654, 65, 398.45
1791357985 23654, 71, 372.85
1791357986 23654, 89, 447.99
1791357987 23654, 53, 433.32
1791357988 23654, 5, 372.03
1791357989 23654, 95, 421.83
1791357990 23654, 85, 467.59
1791357991 23654, 87, 417.42
1791357992 23654, 91, 453.29
1791357993 23654, 94, 341.12
1791357994 23654, 57, 343.93
1791357995 23654, 3, 203.51
1791357996 23654, 6, 89.88
1791357997 23654, 0, 70.58
1791357998 23654, 0, 62.57
1791357999 23654, 3, 62.74
1791358000 23654, 5, 62.62
1791358001 23654, 2, 62.27
1791358002 23654, 2, 61.85
1791358003 23654, 4, 61.80
1791358004 23654, 2, 61.96
1791358005 23654, 2, 61.51
1791358006 23654, 5, 61.16
1791358007 23654, 1, 61.23
1791358008 23654, 3, 60.96
1791358010 23654, 0, 61.72
