1791140843 34, 0, 77.61
1791140844 36, 0, 72.88
1791140845 36, 0, 62.06
1791140846 36, 0, 48.06
1791140848 36, 0, 32.93
1791140849 7796, 17, 48.21
1791140850 10140, 10, 92.89
1791140851 11686, 17, 88.62
1791140852 13992, 19, 92.40
1791140853 16298, 28, 92.67
1791140854 18604, 17, 92.68
1791140855 20910, 10, 93.92
1791140856 23216, 10, 94.07
1791140858 25522, 17, 88.33
1791140859 27828, 17, 92.22
1791140860 29352, 16, 88.22
1791140861 31658, 15, 87.24
1791140862 31660, 0, 74.75
1791140863 31660, 0, 72.26
1791140864 31666, 5, 73.62
1791140865 31670, 3, 74.45
1791140866 31676, 3, 74.00
1791140868 31680, 4, 73.79
1791140869 31732, 7, 77.84
1791140870 31732, 8, 73.16
1791140871 31732, 0, 72.06
1791140872 31732, 8, 72.35
1791140873 31732, 7, 71.86
1791140874 31732, 0, 71.86
1791140875 31732, 7, 71.63
1791140876 31732, 7, 71.36
1791140878 31732, 8, 71.75
1791140879 31732, 1, 71.93
1791140880 31732, 0, 71.91
1791140881 31732, 10, 71.65
1791140882 31732, 4, 71.62
1791140883 31732, 1, 71.64
1791140884 31732, 2, 71.87
1791140885 31732, 3, 72.00
1791140886 31732, 10, 71.86
1791140888 31732, 6, 71.62
1791140889 31732, 0, 71.42
1791140890 31732, 3, 71.62
1791140891 31732, 3, 71.09
1791140892 31732, 1, 71.41
1791140893 31732, 3, 70.79
1791140894 31732, 5, 71.46
1791140895 31732, 1, 71.35
1791140896 31732, 3, 71.03
1791140897 31732, 0, 71.16
1791140899 31732, 10, 70.88
1791140900 31732, 5, 70.63
1791140901 31732, 0, 71.50
1791140902 31732, 0, 71.08
1791140903 31732, 0, 71.31
1791140904 31732, 6, 71.52
1791140905 31732, 0, 70.98
1791140906 31732, 0, 71.23
1791140908 31732, 6, 71.16
1791140909 31732, 7, 71.03
1791140910 31732, 0, 71.28
1791140911 31732, 2, 70.78
1791140912 31732, 3, 70.74
1791140913 31742, 0, 71.04
1791140914 31744, 94, 354.61
1791140915 27634, 19, 381.70
1791140916 28554, 93, 380.95
1791140917 28994, 98, 397.50
1791140919 29078, 98, 422.83
1791140920 29868, 99, 459.69
1791140921 30148, 95, 471.76
1791140922 30148, 99, 441.36
1791140923 30148, 99, 439.66
1791140924 30148, 98, 449.70
1791140925 30148, 93, 462.69
1791140926 30148, 96, 470.08
1791140927 30148, 55, 452.71
1791140928 30148, 87, 458.23
1791140930 30148, 91, 465.92
1791140931 30148, 99, 444.74
1791140932 30148, 99, 478.62
1791140933 30148, 99, 454.55
1791140934 30148, 98, 468.88
1791140935 30148, 99, 475.33
1791140936 30148, 99, 464.25
1791140937 30148, 99, 462.59
1791140938 30148, 96, 468.68
1791140940 30148, 98, 449.74
1791140941 30148, 99, 421.66
1791140942 30148, 96, 477.35
1791140943 30148, 99, 466.27
1791140944 30148, 94, 463.92
1791140945 30148, 99, 478.17
1791140946 30148, 98, 455.52
1791140947 30148, 98, 471.47
1791140948 30148, 93, 465.78
1791140950 30148, 99, 468.12
1791140951 30148, 99, 466.76
1791140952 30148, 98, 453.91
1791140953 30148, 3, 432.58
1791140954 30148, 97, 477.37
1791140955 30148, 97, 473.87
1791140956 30148, 98, 468.05
1791140957 30148, 98, 474.21
1791140958 30148, 99, 469.74
1791140960 30148, 99, 467.75
1791140961 30148, 96, 474.17
1791140962 30148, 99, 464.99
1791140963 30148, 99, 474.97
1791140964 30148, 96, 466.18
1791140965 30148, 98, 478.11
1791140966 30148, 99, 433.24
1791140967 30148, 99, 466.37
1791140968 30148, 99, 474.76
1791140969 30148, 99, 475.02
1791140970 30148, 99, 470.34
1791140972 30148, 99, 470.52
1791140973 30148, 99, 469.05
1791140974 30148, 99, 470.39
1791140975 30148, 99, 469.24
1791140976 30808, 100, 471.73
1791140977 30808, 99, 468.93
1791140978 30808, 99, 469.85
1791140979 30808, 99, 468.35
1791140980 30808, 99, 445.74
1791140981 30808, 99, 473.85
1791140982 30808, 99, 473.45
1791140984 30808, 97, 468.96
1791140985 30808, 99, 469.21
1791140986 30808, 98, 461.11
1791140987 30808, 98, 462.00
1791140988 30808, 0, 125.52
1791140989 30808, 9, 100.21
1791140990 30808, 0, 80.58
1791140991 30808, 0, 80.22
1791140992 30808, 7, 79.67
1791140994 30808, 7, 78.90
1791140995 30808, 0, 78.64
1791140996 30808, 9, 77.82
1791140997 30808, 6, 77.85
1791140998 30808, 0, 77.46
1791140999 30808, 2, 76.97
1791141000 30808, 4, 76.71
1791141001 30808, 1, 76.21
1791141002 30808, 4, 75.80
1791141003 30808, 6, 76.17
1791141004 30808, 8, 75.60
1791141006 30808, 0, 74.89
1791141007 30808, 3, 74.99
1791141008 30808, 3, 74.78
1791141009 30808, 6, 75.04
1791141010 30808, 0, 74.33
