1791169566 2, 0, 84.74
1791169567 2, 0, 73.27
1791169568 4, 0, 53.52
1791169569 4, 0, 44.59
1791169570 4, 0, 35.13
1791169571 4, 0, 28.49
1791169573 508, 3, 37.35
1791169574 3770, 10, 88.68
1791169575 4830, 26, 94.78
1791169576 5870, 15, 96.14
1791169577 6930, 29, 92.88
1791169578 7690, 34, 92.17
1791169579 8750, 38, 91.96
1791169580 9790, 31, 95.09
1791169581 10170, 3, 95.38
1791169583 10870, 11, 92.63
1791169584 11570, 7, 91.94
1791169585 12630, 35, 91.79
1791169586 13330, 31, 92.59
1791169587 14370, 31, 92.39
1791169588 15070, 30, 94.06
1791169589 15770, 27, 93.49
1791169590 16810, 5, 93.74
1791169591 17510, 12, 93.04
1791169593 18470, 37, 92.59
1791169594 19270, 26, 92.82
1791169595 19970, 38, 91.75
1791169596 20312, 0, 91.47
1791169597 21612, 20, 87.64
1791169598 21612, 0, 84.14
1791169599 21612, 0, 84.03
1791169600 21612, 3, 85.29
1791169601 21612, 13, 85.35
1791169602 21612, 8, 85.46
1791169604 21612, 3, 85.56
1791169605 21612, 17, 85.50
1791169606 21640, 0, 88.89
1791169607 21640, 2, 83.96
1791169608 21642, 4, 84.11
1791169609 21642, 4, 83.87
1791169610 21642, 6, 83.78
1791169612 21642, 4, 83.84
1791169613 21642, 1, 83.82
1791169614 21642, 18, 83.81
1791169615 21642, 2, 83.84
1791169617 21642, 19, 83.98
1791169618 21642, 28, 83.91
1791169619 21642, 27, 83.87
1791169620 21642, 4, 83.91
1791169621 21642, 0, 83.86
1791169622 21642, 5, 83.76
1791169623 21642, 15, 83.72
1791169624 21642, 20, 83.73
1791169625 21642, 0, 83.75
1791169626 21642, 19, 83.83
1791169628 21642, 0, 83.79
1791169629 21642, 0, 83.77
1791169630 21642, 12, 83.70
1791169631 21642, 27, 83.74
1791169632 21642, 2, 83.70
1791169633 21642, 34, 83.72
1791169634 21642, 22, 83.64
1791169635 21642, 0, 83.60
1791169636 21642, 0, 83.54
1791169637 21642, 53, 83.58
1791169639 21642, 16, 83.65
1791169640 21642, 16, 83.63
1791169641 21642, 5, 83.58
1791169642 21642, 18, 83.68
1791169643 21642, 0, 83.53
1791169644 21642, 7, 83.62
1791169645 21642, 20, 83.55
1791169646 21642, 18, 83.54
1791169647 21642, 14, 83.53
1791169648 21642, 10, 83.54
1791169650 21642, 3, 83.54
1791169651 21642, 0, 83.48
1791169652 21642, 12, 83.47
1791169653 21642, 18, 83.40
1791169654 21642, 0, 83.52
1791169655 21642, 18, 83.45
1791169656 21642, 8, 83.57
1791169657 21642, 0, 83.58
1791169658 21642, 10, 83.56
1791169659 21642, 22, 83.49
1791169661 21642, 0, 83.56
1791169662 21642, 0, 83.48
1791169663 21642, 0, 83.49
1791169664 21642, 0, 83.58
1791169665 21642, 3, 83.46
1791169666 21642, 6, 83.39
1791169667 21642, 12, 83.42
1791169668 21642, 8, 83.42
1791169669 21652, 0, 83.64
1791169671 21660, 25, 130.51
1791169672 21660, 23, 211.95
1791169673 20878, 25, 165.33
1791169674 22402, 50, 235.85
1791169675 22440, 51, 226.04
1791169676 24128, 78, 376.33
1791169677 24152, 37, 321.95
1791169678 24152, 14, 186.89
1791169679 24152, 23, 263.59
1791169681 24162, 28, 267.60
1791169682 24162, 62, 306.89
1791169683 24176, 23, 282.02
1791169684 24176, 46, 261.01
1791169685 24176, 34, 275.07
1791169686 24176, 60, 327.91
1791169687 24176, 20, 298.83
1791169688 24176, 37, 229.97
1791169690 24456, 90, 424.73
1791169691 24456, 51, 291.45
1791169692 24456, 53, 333.68
1791169693 24456, 26, 297.21
1791169694 24456, 28, 245.43
1791169695 24456, 27, 334.07
1791169696 24456, 63, 273.52
1791169697 24456, 32, 240.70
1791169699 24456, 32, 284.97
1791169700 24456, 35, 213.60
1791169701 24456, 34, 342.14
1791169702 24456, 38, 275.62
1791169703 24456, 30, 332.23
1791169704 24456, 34, 211.02
1791169705 24456, 16, 247.78
1791169706 24456, 47, 277.70
1791169707 24456, 66, 357.18
1791169708 24456, 43, 301.32
1791169710 24456, 50, 277.24
1791169711 24456, 37, 336.56
1791169712 24456, 74, 314.69
1791169713 24456, 21, 282.79
1791169714 24456, 27, 296.52
1791169715 24456, 23, 238.45
1791169716 24456, 55, 277.88
1791169717 24456, 29, 266.92
1791169719 24456, 36, 230.53
1791169720 24456, 40, 296.18
1791169721 24456, 63, 343.00
1791169722 24456, 73, 357.64
1791169723 24456, 42, 352.39
1791169724 24456, 40, 353.30
1791169725 24616, 94, 338.22
1791169726 24616, 49, 351.40
1791169728 24616, 43, 308.19
1791169729 24616, 53, 392.84
1791169730 24616, 66, 388.00
1791169731 24616, 51, 361.05
1791169732 24616, 56, 349.48
1791169733 24616, 24, 259.30
1791169734 24616, 39, 230.12
1791169736 24616, 67, 402.06
1791169737 24616, 37, 335.31
1791169738 24616, 85, 363.17
1791169739 24616, 65, 451.92
1791169740 24616, 49, 245.56
1791169741 24616, 37, 284.27
1791169742 24616, 50, 305.90
1791169743 24616, 35, 319.42
1791169745 24616, 29, 303.02
1791169746 24618, 14, 233.20
1791169747 24618, 58, 275.95
1791169748 24618, 61, 400.05
1791169749 24618, 39, 267.71
1791169750 24618, 24, 275.44
1791169751 24618, 48, 255.37
1791169752 24618, 95, 361.68
1791169754 24618, 38, 276.35
1791169755 24618, 40, 337.77
1791169756 24618, 42, 350.81
1791169757 24618, 27, 260.55
1791169758 24618, 66, 336.38
1791169759 24618, 45, 305.20
1791169760 24618, 37, 352.02
1791169761 24618, 41, 290.27
1791169762 24618, 71, 380.35
1791169764 24618, 22, 348.50
1791169765 24618, 43, 249.39
1791169766 24618, 61, 347.53
1791169767 24618, 38, 337.01
1791169768 24618, 50, 363.36
1791169769 24818, 93, 415.95
1791169770 24818, 25, 339.85
1791169772 24818, 48, 316.78
1791169773 24818, 33, 267.80
1791169774 24818, 42, 347.24
1791169775 24818, 29, 276.66
1791169776 24818, 83, 391.02
1791169777 24818, 50, 356.35
1791169778 24818, 49, 364.16
1791169779 24818, 39, 390.22
1791169781 24818, 53, 325.00
1791169782 24818, 29, 312.33
1791169783 24818, 37, 267.93
1791169784 24818, 46, 330.29
1791169785 24818, 26, 254.51
1791169786 24818, 59, 388.71
1791169787 24818, 30, 249.45
1791169788 24818, 67, 322.88
1791169790 24818, 35, 253.05
1791169791 24818, 23, 236.48
1791169792 24818, 22, 208.74
1791169793 24818, 94, 379.45
1791169794 24818, 32, 297.58
1791169795 24818, 66, 246.73
1791169796 24818, 40, 373.30
1791169797 24818, 39, 238.62
1791169799 24818, 30, 234.67
1791169800 24818, 9, 337.61
1791169801 24818, 43, 269.66
1791169802 24818, 70, 423.52
1791169803 24818, 43, 349.84
1791169804 24818, 52, 286.64
1791169805 24818, 25, 320.03
1791169806 24818, 27, 261.28
1791169808 24818, 27, 226.35
1791169809 24818, 37, 279.03
1791169810 24818, 60, 347.73
1791169811 24818, 48, 382.67
1791169812 24818, 46, 354.61
1791169813 24818, 40, 328.93
1791169814 24818, 72, 389.89
1791169815 24818, 77, 437.64
1791169816 24818, 64, 374.84
1791169818 24818, 25, 283.32
1791169819 24818, 72, 330.06
1791169820 24818, 22, 390.75
1791169821 24818, 48, 301.65
1791169822 24818, 34, 312.91
1791169823 24818, 69, 341.68
1791169824 24818, 45, 323.93
1791169825 24818, 53, 281.07
1791169827 24818, 20, 327.03
1791169828 24818, 76, 325.90
1791169829 24818, 63, 409.86
1791169830 24818, 30, 363.53
1791169831 24818, 33, 266.95
1791169832 24818, 88, 387.46
1791169833 24818, 36, 296.37
1791169834 24818, 46, 321.97
1791169836 24818, 56, 429.07
1791169837 24818, 61, 387.39
1791169838 24818, 52, 305.02
1791169839 24818, 25, 351.27
1791169840 24818, 36, 271.08
1791169841 24818, 47, 315.05
1791169842 24818, 35, 374.58
1791169843 24818, 25, 280.47
1791169844 24818, 34, 274.93
1791169846 24818, 75, 318.20
1791169847 24818, 71, 422.26
1791169848 24818, 44, 425.60
1791169849 24818, 27, 261.02
1791169850 24818, 40, 367.51
1791169851 24818, 38, 300.51
1791169852 24818, 0, 253.91
1791169853 24818, 60, 279.41
1791169855 24818, 26, 243.54
1791169856 24818, 23, 244.74
1791169857 24818, 4, 171.87
1791169858 24818, 0, 92.61
1791169859 24818, 1, 91.98
1791169860 24818, 9, 91.56
1791169861 24818, 18, 90.90
1791169862 24818, 44, 90.48
1791169864 24818, 20, 89.88
1791169865 24818, 31, 89.64
1791169866 24818, 0, 89.76
1791169867 24818, 35, 89.22
1791169868 24818, 0, 88.88
1791169869 24818, 0, 88.14
1791169870 24818, 9, 88.23
1791169871 24818, 49, 87.76
1791169873 24818, 21, 87.75
1791169874 24818, 7, 87.50
1791169875 24818, 1, 87.11
1791169876 24818, 15, 87.21
1791169877 24818, 34, 87.11
1791169878 24818, 30, 86.70
1791169879 24818, 10, 86.42
1791169880 24818, 0, 86.54
1791169882 24818, 12, 86.32
1791169883 24818, 16, 86.36
1791169884 24818, 13, 86.44
1791169885 24818, 0, 87.39
1791169886 24818, 0, 85.70
1791169887 24818, 0, 85.86
