1791149133 2, 0, 43.51
1791149134 2, 0, 36.13
1791149135 4, 0, 19.07
1791149136 4, 0, 8.27
1791149137 4, 0, 7.96
1791149138 4, 0, 8.57
1791149139 21, 0, 8.07
1791149141 3322, 44, 42.42
1791149142 4550, 48, 77.28
1791149143 5590, 16, 97.00
1791149144 6650, 9, 95.20
1791149145 6930, 26, 66.59
1791149146 7690, 26, 67.14
1791149147 8750, 27, 67.10
1791149148 9030, 29, 67.68
1791149149 10170, 27, 66.72
1791149151 10870, 29, 67.84
1791149152 11570, 12, 66.44
1791149153 12270, 0, 67.36
1791149154 12970, 0, 66.90
1791149155 13670, 3, 67.29
1791149156 14370, 2, 67.85
1791149157 15070, 25, 67.18
1791149158 16110, 28, 68.14
1791149160 16810, 24, 68.67
1791149161 17510, 27, 66.72
1791149162 18210, 27, 66.67
1791149163 18910, 29, 66.79
1791149164 19610, 21, 66.01
1791149165 20310, 0, 66.00
1791149166 21612, 18, 60.87
1791149167 21612, 0, 59.59
1791149168 21612, 0, 57.86
1791149170 21612, 3, 59.52
1791149171 21612, 3, 60.38
1791149172 21612, 3, 60.17
1791149173 21612, 2, 59.67
1791149174 21612, 2, 60.18
1791149175 21640, 4, 63.89
1791149176 21640, 3, 71.62
1791149177 21640, 4, 60.28
1791149179 21642, 5, 59.26
1791149180 21642, 5, 59.01
1791149181 21642, 2, 58.83
1791149182 21642, 3, 58.35
1791149183 21642, 4, 58.38
1791149184 21642, 4, 58.37
1791149185 21642, 4, 58.55
1791149186 21642, 4, 58.19
1791149188 21642, 4, 58.22
1791149189 21642, 4, 58.36
1791149190 21642, 0, 58.35
1791149191 21642, 5, 58.07
1791149192 21642, 4, 58.13
1791149193 21642, 1, 58.09
1791149194 21642, 0, 58.03
1791149195 21642, 5, 58.25
1791149197 21642, 0, 58.19
1791149198 21642, 0, 58.14
1791149199 21642, 0, 58.37
1791149200 21642, 4, 58.22
1791149201 21642, 0, 58.37
1791149202 21642, 0, 57.80
1791149203 21642, 6, 57.67
1791149204 21642, 5, 58.08
1791149206 21642, 1, 57.95
1791149207 21642, 3, 57.83
1791149208 21642, 3, 58.12
1791149209 21642, 5, 58.17
1791149210 21642, 0, 58.11
1791149211 21642, 0, 58.29
1791149212 21642, 2, 58.19
1791149213 21642, 4, 58.15
1791149215 21642, 0, 58.44
1791149216 21642, 0, 58.46
1791149217 21642, 0, 58.31
1791149218 21642, 3, 58.79
1791149219 21642, 7, 58.74
1791149220 21642, 3, 58.67
1791149221 21642, 0, 58.85
1791149222 21642, 0, 58.76
1791149223 21642, 4, 58.69
1791149225 21642, 2, 58.66
1791149226 21642, 0, 58.85
1791149227 21642, 0, 58.75
1791149228 21642, 3, 59.08
1791149229 21642, 6, 58.66
1791149230 21642, 4, 58.38
1791149231 21642, 0, 58.08
1791149232 21642, 4, 58.46
1791149234 21642, 3, 58.60
1791149235 21642, 2, 58.76
1791149236 21652, 2, 59.28
1791149237 21660, 21, 116.49
1791149238 21720, 26, 192.20
1791149239 21944, 20, 146.82
1791149240 23800, 25, 164.22
1791149241 24680, 41, 255.41
1791149243 24710, 30, 219.74
1791149244 25480, 51, 236.36
1791149245 26626, 2, 277.90
1791149246 26626, 30, 296.80
1791149247 26652, 26, 166.39
1791149248 26652, 48, 205.52
1791149249 26652, 24, 219.13
1791149250 26652, 39, 213.89
1791149251 26662, 23, 178.25
1791149253 26662, 51, 257.50
1791149254 26662, 42, 252.57
1791149255 26676, 29, 211.21
1791149256 26676, 28, 254.43
1791149257 26676, 53, 242.83
1791149258 26676, 33, 228.51
1791149259 26676, 49, 298.46
1791149261 26676, 22, 244.62
1791149262 26676, 38, 201.73
1791149263 26676, 57, 269.69
1791149264 26856, 81, 358.23
1791149265 26856, 33, 224.91
1791149266 26856, 64, 276.86
1791149267 26856, 64, 332.94
1791149268 26856, 36, 204.24
1791149270 26856, 33, 225.93
1791149271 26856, 67, 257.93
1791149272 26856, 41, 213.70
1791149273 26856, 38, 311.33
1791149274 26856, 34, 219.26
1791149275 26856, 60, 278.36
1791149276 26856, 27, 199.09
1791149278 26856, 66, 276.87
1791149279 26856, 48, 285.07
1791149280 26856, 38, 239.71
1791149281 26856, 27, 329.53
1791149282 26856, 25, 196.17
1791149283 26856, 43, 187.66
1791149284 26856, 43, 249.95
1791149285 26856, 49, 266.61
1791149287 26856, 66, 323.83
1791149288 26856, 38, 258.35
1791149289 26856, 43, 308.45
1791149290 26856, 70, 284.93
1791149291 26856, 37, 264.88
1791149292 26856, 71, 278.35
1791149293 26856, 37, 304.03
1791149294 26856, 33, 209.10
1791149296 26856, 33, 274.09
1791149297 26856, 24, 221.05
1791149298 26856, 57, 228.04
1791149299 26856, 56, 293.17
1791149300 26856, 34, 187.79
1791149301 26856, 38, 233.85
1791149302 26856, 41, 269.81
1791149303 26856, 65, 309.57
1791149305 26856, 57, 324.83
1791149306 26856, 68, 329.49
1791149307 26856, 47, 284.45
1791149308 26856, 38, 329.97
1791149309 27176, 50, 245.83
1791149310 27176, 87, 385.09
1791149312 27176, 40, 306.27
1791149313 27176, 40, 276.39
1791149314 27176, 77, 303.46
1791149315 27176, 70, 361.96
1791149316 27176, 62, 324.34
1791149317 27176, 74, 357.00
1791149318 27176, 56, 272.89
1791149319 27176, 58, 303.26
1791149321 27176, 30, 215.65
1791149322 27176, 0, 160.46
1791149323 27176, 0, 81.37
1791149324 27176, 0, 61.60
1791149325 27176, 0, 61.06
1791149326 27176, 0, 61.07
1791149327 27176, 0, 60.96
1791149328 27176, 1, 60.53
1791149330 27176, 1, 60.93
1791149331 27176, 2, 60.59
1791149332 27176, 1, 60.49
1791149333 27176, 1, 60.46
1791149334 27176, 2, 60.78
1791149335 27176, 3, 60.04
1791149336 27176, 4, 59.44
1791149337 27176, 4, 59.90
1791149339 27176, 4, 59.81
1791149340 27176, 4, 59.71
1791149341 27176, 4, 59.62
1791149342 27176, 4, 59.99
1791149343 27176, 4, 59.71
1791149344 27176, 3, 59.80
1791149345 27176, 3, 59.92
1791149346 27176, 3, 59.92
1791149348 27176, 3, 59.35
1791149349 27176, 8, 61.67
1791149350 27176, 0, 59.54
1791149351 27176, 0, 59.45
1791149352 27176, 0, 59.59
1791149353 27176, 0, 59.46
