1791148699 2, 0, 58.24
1791148700 2, 0, 37.93
1791148702 4, 0, 19.49
1791148703 4, 0, 14.35
1791148704 4, 0, 7.82
1791148705 4, 0, 7.57
1791148706 4, 0, 7.15
1791148707 508, 1, 12.49
1791148708 3770, 7, 62.25
1791148709 4550, 9, 67.76
1791148711 5590, 19, 65.77
1791148712 6650, 6, 67.89
1791148713 7690, 19, 67.57
1791148714 8750, 14, 68.13
1791148715 9790, 14, 65.57
1791148716 10170, 17, 65.29
1791148717 11230, 10, 65.44
1791148718 11930, 9, 68.23
1791148720 12970, 20, 69.25
1791148721 13670, 13, 70.28
1791148722 14730, 6, 66.85
1791148723 15770, 22, 70.19
1791148724 16470, 3, 69.32
1791148725 17510, 17, 66.78
1791148726 18570, 22, 66.34
1791148727 19270, 17, 67.51
1791148729 19970, 20, 65.83
1791148730 20312, 0, 62.08
1791148731 21612, 1, 61.59
1791148732 21612, 0, 58.20
1791148733 21612, 0, 58.17
1791148734 21612, 0, 58.15
1791148735 21612, 0, 58.00
1791148736 21612, 3, 59.41
1791148738 21612, 3, 60.04
1791148739 21612, 3, 59.97
1791148740 21612, 3, 59.89
1791148741 21640, 3, 60.23
1791148742 21640, 4, 64.83
1791148743 21640, 4, 71.27
1791148744 21642, 4, 63.17
1791148745 21642, 5, 58.67
1791148747 21642, 1, 58.44
1791148748 21642, 6, 57.94
1791148749 21642, 4, 58.11
1791148750 21642, 0, 58.18
1791148751 21642, 0, 58.26
1791148752 21642, 3, 57.72
1791148753 21642, 0, 57.92
1791148754 21642, 0, 57.90
1791148756 21642, 0, 57.89
1791148757 21642, 1, 57.94
1791148758 21642, 3, 57.82
1791148759 21642, 1, 57.99
1791148760 21642, 0, 58.56
1791148761 21642, 0, 58.47
1791148762 21642, 3, 58.60
1791148764 21642, 7, 58.94
1791148765 21642, 4, 58.38
1791148766 21642, 3, 58.30
1791148767 21642, 0, 58.40
1791148768 21642, 1, 58.06
1791148769 21642, 4, 58.20
1791148770 21642, 2, 58.07
1791148771 21642, 0, 58.07
1791148772 21642, 2, 57.96
1791148774 21642, 3, 58.05
1791148775 21642, 3, 57.91
1791148776 21642, 0, 58.06
1791148777 21642, 0, 57.97
1791148778 21642, 4, 57.96
1791148779 21642, 7, 57.79
1791148780 21642, 6, 58.08
1791148781 21642, 0, 58.06
1791148783 21642, 2, 58.36
1791148784 21642, 4, 58.18
1791148785 21642, 0, 58.28
1791148786 21642, 0, 58.16
1791148787 21642, 0, 58.30
1791148788 21642, 0, 57.79
1791148789 21642, 6, 57.75
1791148791 21642, 7, 57.85
1791148792 21642, 5, 58.16
1791148793 21642, 0, 57.89
1791148794 21642, 1, 58.01
1791148795 21642, 4, 57.99
1791148796 21642, 2, 58.60
1791148797 21642, 0, 58.35
1791148798 21642, 0, 58.53
1791148800 21642, 0, 58.15
1791148801 21642, 3, 58.38
1791148802 21642, 3, 58.28
1791148803 21654, 0, 58.36
1791148804 21656, 0, 58.87
1791148805 21656, 0, 58.41
1791148806 21656, 0, 58.37
1791148807 21656, 0, 59.80
1791148809 21656, 0, 64.42
1791148810 21660, 0, 72.92
1791148811 21660, 0, 60.59
1791148812 21660, 0, 58.87
1791148813 21660, 7, 64.72
1791148814 21660, 0, 58.07
1791148815 21720, 24, 197.02
1791148817 21112, 0, 116.01
1791148818 21112, 4, 64.11
1791148819 21194, 5, 62.33
1791148820 23838, 25, 135.45
1791148821 24720, 51, 232.42
1791148822 24754, 26, 275.56
1791148823 24780, 2, 119.08
1791148824 24920, 0, 103.14
1791148826 24920, 0, 59.28
1791148827 24920, 0, 59.10
1791148828 25740, 0, 59.39
1791148829 26628, 82, 391.80
1791148830 26654, 19, 229.40
1791148831 26654, 23, 191.86
1791148832 26654, 21, 212.86
1791148833 26654, 50, 257.28
1791148835 26662, 42, 200.91
1791148836 26662, 41, 332.41
1791148837 26676, 29, 224.39
1791148838 26676, 38, 259.98
1791148839 26676, 29, 288.40
1791148840 26676, 0, 211.07
1791148841 26676, 54, 316.94
1791148842 26676, 24, 198.85
1791148844 26676, 59, 238.63
1791148845 26956, 83, 373.43
1791148846 26956, 29, 254.12
1791148847 26956, 45, 363.90
1791148848 26956, 22, 314.08
1791148849 26956, 2, 176.91
1791148850 26956, 24, 217.88
1791148851 26956, 27, 333.46
1791148853 26956, 53, 233.41
1791148854 26956, 31, 312.80
1791148855 26956, 61, 275.09
1791148856 26956, 20, 201.48
1791148857 26956, 72, 271.95
1791148858 26956, 46, 289.26
1791148859 26956, 37, 258.21
1791148860 26956, 27, 354.46
1791148862 26956, 26, 194.22
1791148863 26956, 43, 243.04
1791148864 26956, 39, 262.52
1791148865 26956, 68, 346.73
1791148866 26956, 45, 292.54
1791148867 26956, 31, 315.52
1791148868 26956, 44, 205.18
1791148869 26956, 39, 309.97
1791148871 26956, 76, 359.37
1791148872 26956, 22, 217.22
1791148873 26956, 55, 286.80
1791148874 26956, 22, 240.50
1791148875 26956, 46, 208.40
1791148876 26956, 45, 279.27
1791148877 26956, 27, 233.17
1791148879 26956, 39, 240.02
1791148880 26956, 46, 292.77
1791148881 26956, 67, 320.45
1791148882 26956, 56, 256.18
1791148883 26956, 62, 389.00
1791148884 26956, 56, 315.57
1791148885 26956, 28, 318.67
1791148886 27336, 96, 431.90
1791148888 27336, 48, 355.70
1791148889 27336, 36, 301.17
1791148890 27336, 77, 312.68
1791148891 27336, 54, 353.02
1791148892 27336, 74, 396.16
1791148893 27336, 0, 370.76
1791148894 27336, 58, 294.59
1791148895 27336, 32, 215.86
1791148897 27336, 6, 152.85
1791148898 27336, 3, 83.99
1791148899 27336, 2, 61.07
1791148900 27336, 3, 60.54
1791148901 27336, 3, 60.16
1791148902 27336, 4, 59.99
1791148903 27336, 2, 60.10
1791148905 27336, 2, 60.16
1791148906 27336, 2, 60.02
1791148907 27336, 2, 59.83
1791148908 27336, 0, 59.88
1791148909 27336, 0, 60.04
1791148910 27336, 0, 59.45
1791148911 27336, 3, 59.44
1791148913 27336, 4, 59.61
1791148914 27336, 4, 59.42
1791148915 27336, 4, 59.01
1791148916 27336, 4, 58.95
1791148917 27336, 4, 58.89
1791148918 27336, 4, 59.40
1791148919 27336, 4, 59.02
1791148920 27336, 4, 59.01
1791148921 27336, 3, 59.07
1791148923 27336, 3, 59.20
1791148924 27336, 9, 60.35
1791148925 27336, 0, 58.96
1791148926 27336, 0, 58.89
1791148927 27336, 0, 59.15
