#Time         gpu     sm    mem    enc    dec    jpg    ofa  rxpci  txpci 
#HH:MM:SS     Idx      %      %      %      %      %      %   MB/s   MB/s 
 09:54:27       0      0      0      0      0      0      0      0     17 
 09:54:28       0      0      0      0      0      0      0      0      0 
 09:54:29       0      0      0      0      0      0      0      0     16 
 09:54:30       0      0      0      0      0      0      0      0      0 
 09:54:31       0      0      0      0      0      0      0     12      0 
 09:54:32       0      0      0      0      0      0      0     10      2 
 09:54:33       0      0      0      0      0      0      0      0      0 
 09:54:34       0     10      0      0      0      0      0     21     10 
 09:54:35       0      8      0      0      0      0      0   5495     17 
 09:54:36       0      3      0      0      0      0      0   5796    504 
 09:54:37       0     18      2      0      0      0      0   6128    535 
 09:54:38       0      0      0      0      0      0      0   5799    504 
 09:54:39       0     14      2      0      0      0      0      0    136 
 09:54:40       0      0      0      0      0      0      0   5631    490 
 09:54:41       0      9      0      0      0      0      0   2705    476 
 09:54:42       0     20      2      0      0      0      0      0      0 
 09:54:43       0     10      0      0      0      0      0     80      0 
 09:54:45       0      6      0      0      0      0      0   5796    504 
 09:54:46       0     10      0      0      0      0      0   5743    519 
 09:54:47       0     10      0      0      0      0      0      0      0 
 09:54:48       0     10      0      0      0      0      0     52      0 
 09:54:49       0      5      0      0      0      0      0   6459    562 
 09:54:50       0     15      2      0      0      0      0   5830    504 
 09:54:51       0      6      0      0      0      0      0      0      0 
 09:54:52       0      9      0      0      0      0      0   5672    461 
 09:54:53       0      0      0      0      0      0      0      0      0 
 09:54:54       0      0      0      0      0      0      0      0      0 
 09:54:55       0      0      0      0      0      0      0      0      0 
 09:54:56       0      0      0      0      0      0      0      0      0 
 09:54:57       0      2      0      0      0      0      0      0    896 
 09:54:58       0      2      0      0      0      0      0      0    897 
 09:54:59       0      2      0      0      0      0      0      0    703 
 09:55:00       0      2      0      0      0      0      0    884      0 
 09:55:01       0      2      0      0      0      0      0      0    730 
 09:55:02       0      0      0      0      0      0      0   1068     95 
 09:55:03       0      5      0      0      0      0      0   1068     96 
 09:55:04       0      5      0      0      0      0      0      3   1311 
 09:55:06       0      4      0      0      0      0      0      0   1906 
 09:55:07       0      3      0      0      0      0      0      0    896 
 09:55:08       0      0      0      0      0      0      0      0    226 
 09:55:09       0      2      0      0      0      0      0      0    224 
 09:55:10       0      2      0      0      0      0      0      2    226 
 09:55:11       0      0      0      0      0      0      0      0      0 
 09:55:12       0      1      0      0      0      0      0      1      2 
#Time         gpu     sm    mem    enc    dec    jpg    ofa  rxpci  txpci 
#HH:MM:SS     Idx      %      %      %      %      %      %   MB/s   MB/s 
 09:55:13       0      0      0      0      0      0      0      0      0 
 09:55:14       0      0      0      0      0      0      0      0    116 
 09:55:15       0      0      0      0      0      0      0      0      0 
 09:55:16       0      0      0      0      0      0      0      0      2 
 09:55:17       0      3      0      0      0      0      0      0      0 
 09:55:18       0      4      0      0      0      0      0      0      0 
 09:55:19       0      1      0      0      0      0      0      0      0 
 09:55:20       0      2      0      0      0      0      0      1   2240 
 09:55:21       0      0      0      0      0      0      0      0   2184 
 09:55:22       0      1      0      0      0      0      0      9   2240 
 09:55:23       0      2      0      0      0      0      0      1   2214 
 09:55:24       0      0      0      0      0      0      0      0   2296 
 09:55:25       0      2      0      0      0      0      0      0      0 
 09:55:26       0      0      0      0      0      0      0      0      0 
 09:55:28       0      0      0      0      0      0      0      0      0 
 09:55:29       0      1      0      0      0      0      0      0      0 
 09:55:30       0      3      0      0      0      0      0      0    897 
 09:55:31       0      3      0      0      0      0      0      0      0 
 09:55:32       0      3      0      0      0      0      0      0      0 
 09:55:33       0      1      0      0      0      0      0      0   1120 
 09:55:34       0      2      0      0      0      0      0      2   1346 
 09:55:35       0      0      0      0      0      0      0      0    672 
 09:55:36       0      1      0      0      0      0      0      0      2 
 09:55:37       0      0      0      0      0      0      0      0      0 
 09:55:38       0      2      0      0      0      0      0      0      2 
 09:55:39       0      2      0      0      0      0      0      0      0 
 09:55:40       0      2      0      0      0      0      0      0   2074 
 09:55:41       0      0      0      0      0      0      0      0    896 
 09:55:42       0      0      0      0      0      0      0      6    224 
 09:55:43       0      2      0      0      0      0      0      0    224 
 09:55:44       0      2      0      0      0      0      0      0      0 
 09:55:45       0      1      0      0      0      0      0      0   2128 
 09:55:46       0      4      0      0      0      0      0      0      0 
 09:55:47       0      0      0      0      0      0      0      0      0 
 09:55:48       0      3      0      0      0      0      0      0      0 
 09:55:50       0      3      0      0      0      0      0      0      0 
 09:55:51       0      2      0      0      0      0      0      1      2 
 09:55:52       0      2      0      0      0      0      0      0      0 
 09:55:53       0      0      0      0      0      0      0      0      2 
 09:55:54       0      2      0      0      0      0      0      0   1966 
 09:55:55       0      2      0      0      0      0      0      0      2 
 09:55:56       0      2      0      0      0      0      0      0      0 
 09:55:57       0      0      0      0      0      0      0      0      1 
 09:55:58       0      0      0      0      0      0      0      0      0 
#Time         gpu     sm    mem    enc    dec    jpg    ofa  rxpci  txpci 
#HH:MM:SS     Idx      %      %      %      %      %      %   MB/s   MB/s 
 09:55:59       0      0      0      0      0      0      0      0      0 
 09:56:00       0      0      0      0      0      0      0      0   2128 
 09:56:01       0      0      0      0      0      0      0      0   2408 
 09:56:02       0      1      0      0      0      0      0      0      0 
 09:56:03       0      1      0      0      0      0      0      0      0 
 09:56:04       0      0      0      0      0      0      0      0      0 
 09:56:05       0     59     29      0      0      0      0     75     16 
 09:56:06       0     23     11      0      0      0      0     75     30 
 09:56:07       0     57     31      0      0      0      0     93     20 
 09:56:08       0     74     39      0      0      0      0     81     21 
 09:56:09       0     43     19      0      0      0      0     57      4 
 09:56:11       0     52     25      0      0      0      0     36     17 
 09:56:12       0     50     24      0      0      0      0     81     16 
 09:56:13       0     52     27      0      0      0      0      0      8 
 09:56:14       0     32     14      0      0      0      0     59     10 
 09:56:15       0      0      0      0      0      0      0     59     15 
 09:56:16       0     33     14      0      0      0      0     65     11 
 09:56:17       0     44     22      0      0      0      0     62     14 
 09:56:18       0     28     12      0      0      0      0     51     13 
 09:56:19       0     63     32      0      0      0      0     64     15 
 09:56:20       0     79     41      0      0      0      0      0      0 
 09:56:21       0      0      0      0      0      0      0      0      0 
 09:56:22       0      0      0      0      0      0      0      0      0 
 09:56:23       0      0      0      0      0      0      0      0      0 
 09:56:24       0      0      0      0      0      0      0      0      0 
 09:56:25       0      0      0      0      0      0      0      0      0 
 09:56:26       0      0      0      0      0      0      0      0      1 
 09:56:27       0      0      0      0      0      0      0      0      2 
 09:56:28       0      0      0      0      0      0      0      0      2 
 09:56:29       0      0      0      0      0      0      0      0      0 
 09:56:30       0      0      0      0      0      0      0      0      2 
 09:56:31       0      0      0      0      0      0      0      0      0 
 09:56:33       0      0      0      0      0      0      0      0      2 
 09:56:34       0      0      0      0      0      0      0      0      0 
 09:56:35       0      0      0      0      0      0      0      0      2 
 09:56:36       0      0      0      0      0      0      0      0      0 
 09:56:37       0      0      0      0      0      0      0      0      2 
 09:56:38       0      0      0      0      0      0      0      0      0 
 09:56:39       0      0      0      0      0      0      0      9      8 
 09:56:40       0      0      0      0      0      0      0      0      0 
 09:56:41       0      0      0      0      0      0      0      0      0 
 09:56:42       0      0      0      0      0      0      0      0      0 
 09:56:43       0      0      0      0      0      0      0      0      0 
 09:56:44       0      0      0      0      0      0      0      0      0 
#Time         gpu     sm    mem    enc    dec    jpg    ofa  rxpci  txpci 
#HH:MM:SS     Idx      %      %      %      %      %      %   MB/s   MB/s 
 09:56:45       0      0      0      0      0      0      0      0      0 
 09:56:46       0      0      0      0      0      0      0      0      0 
 09:56:47       0      0      0      0      0      0      0      0      0 
 09:56:48       0      0      0      0      0      0      0      0      0 
 09:56:49       0      0      0      0      0      0      0      0      0 
 09:56:50       0      0      0      0      0      0      0      2     13 
 09:56:51       0      0      0      0      0      0      0      0      0 
 09:56:52       0      0      0      0      0      0      0      0      0 
 09:56:54       0      0      0      0      0      0      0      0      0 
 09:56:55       0      0      0      0      0      0      0      1     10 
 09:56:56       0      0      0      0      0      0      0      0      0 
 09:56:57       0      0      0      0      0      0      0      0      2 
 09:56:58       0      0      0      0      0      0      0      0      0 
 09:56:59       0      0      0      0      0      0      0      0      2 
 09:57:00       0      0      0      0      0      0      0      0      0 
 09:57:01       0      0      0      0      0      0      0      0      2 
 09:57:02       0      0      0      0      0      0      0      0      0 
 09:57:03       0      0      0      0      0      0      0      7      0 
 09:57:04       0      0      0      0      0      0      0      2     11 
 09:57:05       0      0      0      0      0      0      0      0      0 
 09:57:06       0      0      0      0      0      0      0      0      0 
 09:57:07       0      0      0      0      0      0      0      0      0 
 09:57:08       0      0      0      0      0      0      0      0      0 
 09:57:09       0      0      0      0      0      0      0      0      0 
 09:57:10       0      0      0      0      0      0      0      0      0 
 09:57:11       0      0      0      0      0      0      0      0      0 
 09:57:12       0      0      0      0      0      0      0      0      4 
 09:57:13       0      0      0      0      0      0      0      0      0 
 09:57:14       0      0      0      0      0      0      0      8      4 
 09:57:16       0      0      0      0      0      0      0      0      0 
 09:57:17       0      0      0      0      0      0      0      0      2 
 09:57:18       0      0      0      0      0      0      0      0      0 
 09:57:19       0      0      0      0      0      0      0      0      2 
 09:57:20       0      0      0      0      0      0      0      0      0 
 09:57:21       0      0      0      0      0      0      0      0      0 
 09:57:22       0      0      0      0      0      0      0      0      0 
 09:57:23       0      0      0      0      0      0      0      0      0 
 09:57:24       0      0      0      0      0      0      0      0      0 
 09:57:25       0      0      0      0      0      0      0      0      0 
 09:57:26       0      0      0      0      0      0      0      0      0 
 09:57:27       0      0      0      0      0      0      0      0      6 
 09:57:28       0      0      0      0      0      0      0      0      0 
 09:57:29       0      0      0      0      0      0      0      0      0 
 09:57:30       0      0      0      0      0      0      0      0      0 
#Time         gpu     sm    mem    enc    dec    jpg    ofa  rxpci  txpci 
#HH:MM:SS     Idx      %      %      %      %      %      %   MB/s   MB/s 
 09:57:31       0      0      0      0      0      0      0      0      0 
 09:57:32       0      0      0      0      0      0      0      0      2 
 09:57:33       0      0      0      0      0      0      0      0      0 
 09:57:34       0      0      0      0      0      0      0      0      2 
 09:57:35       0      0      0      0      0      0      0      0      2 
 09:57:36       0      0      0      0      0      0      0      1      2 
 09:57:37       0      0      0      0      0      0      0      0      0 
 09:57:39       0      0      0      0      0      0      0      0      0 
 09:57:40       0      0      0      0      0      0      0     12      0 
 09:57:41       0      0      0      0      0      0      0      0      0 
 09:57:42       0      0      0      0      0      0      0      0      0 
 09:57:43       0      0      0      0      0      0      0      0      0 
 09:57:44       0      0      0      0      0      0      0      8      0 
 09:57:45       0      0      0      0      0      0      0      0      0 
 09:57:46       0      0      0      0      0      0      0      0      2 
 09:57:47       0      0      0      0      0      0      0      0      0 
 09:57:48       0      0      0      0      0      0      0      0     11 
 09:57:49       0      0      0      0      0      0      0      2      6 
 09:57:50       0      0      0      0      0      0      0     10      7 
 09:57:51       0      0      0      0      0      0      0      0      0 
 09:57:52       0      0      0      0      0      0      0      0      2 
 09:57:53       0      0      0      0      0      0      0      0      0 
 09:57:54       0     46     20      0      0      0      0     66     18 
 09:57:55       0     48     24      0      0      0      0     63     15 
 09:57:56       0     49     23      0      0      0      0     59     10 
 09:57:57       0     72     37      0      0      0      0     74     17 
 09:57:59       0     49     25      0      0      0      0     83     15 
 09:58:00       0     56     29      0      0      0      0     62      8 
 09:58:01       0     38     16      0      0      0      0     72      7 
 09:58:02       0     61     30      0      0      0      0     33     14 
 09:58:03       0     88     46      0      0      0      0     18     15 
 09:58:04       0     56     29      0      0      0      0     76     15 
 09:58:05       0     57     27      0      0      0      0     69     29 
 09:58:06       0     80     41      0      0      0      0     64     10 
 09:58:07       0     72     36      0      0      0      0     63     13 
 09:58:08       0     53     27      0      0      0      0     49     10 
 09:58:09       0     68     35      0      0      0      0     34     12 
 09:58:10       0     46     20      0      0      0      0     66     15 
 09:58:11       0     54     25      0      0      0      0     60      9 
 09:58:12       0     61     31      0      0      0      0     67     23 
 09:58:13       0     46     20      0      0      0      0     66     15 
 09:58:14       0     66     32      0      0      0      0     70     26 
 09:58:15       0     77     40      0      0      0      0     67     17 
 09:58:16       0     79     42      0      0      0      0     68     15 
#Time         gpu     sm    mem    enc    dec    jpg    ofa  rxpci  txpci 
#HH:MM:SS     Idx      %      %      %      %      %      %   MB/s   MB/s 
 09:58:17       0     81     41      0      0      0      0     64     17 
 09:58:18       0    100     54      0      0      0      0     70     15 
 09:58:19       0     29     14      0      0      0      0     63     14 
 09:58:21       0     71     38      0      0      0      0     69     16 
 09:58:22       0     82     43      0      0      0      0     74     28 
 09:58:23       0     70     35      0      0      0      0     70     16 
 09:58:24       0     51     25      0      0      0      0     75     13 
 09:58:25       0     46     21      0      0      0      0      0      0 
 09:58:26       0      2      0      0      0      0      0     12      0 
 09:58:27       0      0      0      0      0      0      0      0      0 
 09:58:28       0      1      0      0      0      0      0      0      0 
 09:58:29       0      2      0      0      0      0      0      0      0 
 09:58:30       0      2      0      0      0      0      0      1   2072 
 09:58:31       0      2      0      0      0      0      0      1   2186 
 09:58:32       0      0      0      0      0      0      0      0   2184 
 09:58:33       0      0      0      0      0      0      0      0   2242 
 09:58:34       0      2      0      0      0      0      0      0      0 
 09:58:35       0      0      0      0      0      0      0      0      0 
 09:58:36       0      1      0      0      0      0      0      1    224 
 09:58:37       0      4      0      0      0      0      0      1   1400 
 09:58:38       0      0      0      0      0      0      0     12   2128 
 09:58:39       0      2      0      0      0      0      0      0      0 
 09:58:40       0      0      0      0      0      0      0      0      0 
 09:58:41       0      2      0      0      0      0      0      0      0 
 09:58:43       0      0      0      0      0      0      0      0      0 
 09:58:44       0      3      0      0      0      0      0      0      0 
 09:58:45       0      0      0      0      0      0      0      1   2184 
 09:58:46       0      2      0      0      0      0      0      0   2184 
 09:58:47       0      1      0      0      0      0      0      0   2186 
 09:58:48       0      0      0      0      0      0      0      0   2296 
 09:58:49       0      1      0      0      0      0      0      6   2130 
 09:58:50       0      0      0      0      0      0      0      0      7 
 09:58:51       0      2      0      0      0      0      0      0    450 
 09:58:52       0      2      0      0      0      0      0      0      0 
 09:58:53       0      2      0      0      0      0      0      7   2191 
 09:58:54       0      4      0      0      0      0      0      1   2240 
 09:58:55       0      0      0      0      0      0      0      0      0 
 09:58:56       0      0      0      0      0      0      0      0      0 
 09:58:57       0      0      0      0      0      0      0      0      0 
 09:58:58       0      0      0      0      0      0      0      0      0 
 09:58:59       0      0      0      0      0      0      0      0      0 
 09:59:00       0      0      0      0      0      0      0      0      0 
 09:59:01       0      0      0      0      0      0      0      1      2 
 09:59:02       0      0      0      0      0      0      0      3     10 
#Time         gpu     sm    mem    enc    dec    jpg    ofa  rxpci  txpci 
#HH:MM:SS     Idx      %      %      %      %      %      %   MB/s   MB/s 
 09:59:03       0      0      0      0      0      0      0      0      2 
 09:59:05       0      0      0      0      0      0      0      0      0 
 09:59:06       0      0      0      0      0      0      0      0      2 
 09:59:07       0      0      0      0      0      0      0      0      0 
 09:59:08       0      0      0      0      0      0      0      0      2 
 09:59:09       0      0      0      0      0      0      0      0      0 
 09:59:10       0      0      0      0      0      0      0      0      2 
 09:59:11       0      0      0      0      0      0      0      0      0 
 09:59:12       0      0      0      0      0      0      0      0      0 
