1791420137 2647, 14001, 41, 0x0000000000000000 | 2.62 2.96 3.58 | cpu  166272789 11708114 65279200 3621721717 214308 0 908517 0 0 0
1791420138 840, 7001, 40, 0x0000000000000000 | 2.62 2.96 3.58 | cpu  166273290 11708114 65279318 3621732133 214308 0 908517 0 0 0
1791420139 390, 810, 39, 0x0000000000000000 | 2.62 2.96 3.58 | cpu  166273395 11708114 65279437 3621742679 214308 0 908517 0 0 0
1791420140 945, 810, 39, 0x0000000000000000 | 2.49 2.93 3.57 | cpu  166273453 11708114 65279527 3621753226 214308 0 908517 0 0 0
1791420141 930, 405, 39, 0x0000000000000000 | 2.49 2.93 3.57 | cpu  166273574 11708114 65279690 3621763767 214308 0 908517 0 0 0
1791420142 300, 405, 39, 0x0000000000000000 | 2.49 2.93 3.57 | cpu  166273721 11708114 65279869 3621774318 214308 0 908517 0 0 0
1791420143 300, 405, 39, 0x0000000000000000 | 2.49 2.93 3.57 | cpu  166273857 11708114 65279984 3621784795 214308 0 908517 0 0 0
1791420145 300, 405, 39, 0x0000000000000000 | 2.45 2.91 3.56 | cpu  166274348 11708114 65280074 3621794931 214308 0 908517 0 0 0
1791420146 300, 405, 39, 0x0000000000000000 | 2.45 2.91 3.56 | cpu  166274485 11708114 65280176 3621805403 214308 0 908517 0 0 0
1791420147 300, 405, 39, 0x0000000000000000 | 2.45 2.91 3.56 | cpu  166274632 11708114 65280270 3621815870 214308 0 908517 0 0 0
1791420148 300, 405, 39, 0x0000000000000000 | 2.45 2.91 3.56 | cpu  166274803 11708114 65280366 3621826301 214309 0 908518 0 0 0
1791420149 2647, 13801, 40, 0x0000000000000000 | 2.49 2.91 3.55 | cpu  166274920 11708114 65280485 3621836701 214309 0 908518 0 0 0
1791420150 2647, 13801, 41, 0x0000000000000000 | 2.49 2.91 3.55 | cpu  166275083 11708114 65280559 3621847061 214309 0 908518 0 0 0
1791420151 2647, 13801, 41, 0x0000000000000000 | 2.49 2.91 3.55 | cpu  166275247 11708115 65280631 3621857444 214309 0 908518 0 0 0
1791420152 2647, 13801, 41, 0x0000000000000000 | 2.49 2.91 3.55 | cpu  166275409 11708115 65280702 3621867748 214309 0 908518 0 0 0
1791420153 2647, 13801, 41, 0x0000000000000000 | 2.49 2.91 3.55 | cpu  166275595 11708115 65280847 3621877978 214310 0 908518 0 0 0
1791420155 2647, 13801, 41, 0x0000000000000000 | 2.53 2.91 3.55 | cpu  166275765 11708115 65281009 3621888367 214310 0 908518 0 0 0
1791420156 2647, 13801, 41, 0x0000000000000000 | 2.53 2.91 3.55 | cpu  166275927 11708115 65281142 3621898697 214310 0 908518 0 0 0
1791420157 2647, 13801, 41, 0x0000000000000000 | 2.53 2.91 3.55 | cpu  166276080 11708115 65281289 3621909025 214310 0 908518 0 0 0
1791420158 2647, 13801, 41, 0x0000000000000000 | 2.53 2.91 3.55 | cpu  166276247 11708115 65281363 3621919418 214310 0 908518 0 0 0
1791420159 2685, 13801, 42, 0x0000000000000000 | 2.53 2.91 3.55 | cpu  166276384 11708115 65281460 3621929772 214311 0 908518 0 0 0
1791420160 2677, 13801, 41, 0x0000000000000000 | 2.57 2.91 3.55 | cpu  166276519 11708115 65281572 3621940134 214311 0 908518 0 0 0
1791420161 2692, 13801, 41, 0x0000000000000000 | 2.57 2.91 3.55 | cpu  166276715 11708115 65281729 3621950381 214311 0 908518 0 0 0
1791420162 2692, 13801, 42, 0x0000000000000000 | 2.57 2.91 3.55 | cpu  166276848 11708115 65281837 3621960715 214311 0 908518 0 0 0
1791420163 2692, 13801, 42, 0x0000000000000000 | 2.57 2.91 3.55 | cpu  166276979 11708116 65281944 3621971094 214311 0 908518 0 0 0
1791420165 2677, 13801, 41, 0x0000000000000000 | 2.61 2.92 3.54 | cpu  166277114 11708116 65282114 3621981407 214312 0 908518 0 0 0
1791420166 2677, 13801, 41, 0x0000000000000000 | 2.61 2.92 3.54 | cpu  166277269 11708116 65282395 3621991494 214312 0 908518 0 0 0
1791420167 2677, 13801, 41, 0x0000000000000000 | 2.61 2.92 3.54 | cpu  166277406 11708116 65282674 3622001724 214312 0 908518 0 0 0
1791420168 2655, 13801, 41, 0x0000000000000000 | 2.61 2.92 3.54 | cpu  166277493 11708116 65282991 3622011929 214312 0 908518 0 0 0
1791420169 2647, 13801, 41, 0x0000000000000000 | 2.61 2.92 3.54 | cpu  166277552 11708116 65283310 3622022111 214312 0 908518 0 0 0
1791420170 2647, 13801, 41, 0x0000000000000000 | 2.64 2.92 3.54 | cpu  166277669 11708116 65283580 3622032279 214314 0 908518 0 0 0
1791420171 2647, 13801, 41, 0x0000000000000000 | 2.64 2.92 3.54 | cpu  166277875 11708116 65283751 3622042419 214315 0 908519 0 0 0
1791420172 2647, 13801, 41, 0x0000000000000000 | 2.64 2.92 3.54 | cpu  166278055 11708116 65283912 3622052706 214315 0 908519 0 0 0
1791420173 2647, 13801, 41, 0x0000000000000000 | 2.64 2.92 3.54 | cpu  166278220 11708116 65283983 3622063101 214315 0 908519 0 0 0
1791420174 2647, 13801, 41, 0x0000000000000000 | 2.59 2.90 3.53 | cpu  166278382 11708116 65284055 3622073505 214315 0 908519 0 0 0
1791420176 2647, 13801, 41, 0x0000000000000000 | 2.59 2.90 3.53 | cpu  166278557 11708116 65284128 3622083897 214316 0 908519 0 0 0
1791420177 2647, 13801, 41, 0x0000000000000000 | 2.59 2.90 3.53 | cpu  166279679 11708116 65284214 3622094354 214316 0 908519 0 0 0
1791420178 2707, 13801, 41, 0x0000000000000000 | 2.59 2.90 3.53 | cpu  166281282 11708116 65284397 3622103145 214316 0 908519 0 0 0
1791420179 2647, 13801, 41, 0x0000000000000000 | 2.59 2.90 3.53 | cpu  166282853 11708116 65284537 3622112009 214316 0 908520 0 0 0
1791420180 2647, 13801, 41, 0x0000000000000000 | 6.38 3.68 3.78 | cpu  166284348 11708116 65284634 3622120985 214317 0 908520 0 0 0
1791420181 2647, 13801, 41, 0x0000000000000000 | 6.38 3.68 3.78 | cpu  166285818 11708116 65284806 3622129955 214317 0 908520 0 0 0
1791420182 2647, 13801, 41, 0x0000000000000000 | 6.38 3.68 3.78 | cpu  166287317 11708116 65284985 3622138900 214317 0 908520 0 0 0
1791420183 2647, 13801, 41, 0x0000000000000000 | 6.38 3.68 3.78 | cpu  166288786 11708116 65285082 3622147935 214318 0 908520 0 0 0
1791420185 2647, 13801, 41, 0x0000000000000000 | 6.03 3.66 3.77 | cpu  166289283 11708116 65285153 3622158015 214318 0 908520 0 0 0
1791420186 2647, 13801, 41, 0x0000000000000000 | 6.03 3.66 3.77 | cpu  166289447 11708116 65285226 3622168393 214319 0 908521 0 0 0
1791420187 2647, 13801, 41, 0x0000000000000000 | 6.03 3.66 3.77 | cpu  166289616 11708116 65285301 3622178792 214319 0 908521 0 0 0
1791420188 2647, 13801, 41, 0x0000000000000000 | 6.03 3.66 3.77 | cpu  166289782 11708116 65285381 3622189192 214319 0 908521 0 0 0
1791420189 2797, 13801, 41, 0x0000000000000000 | 6.03 3.66 3.77 | cpu  166289944 11708116 65285473 3622199618 214319 0 908521 0 0 0
1791420190 2647, 13801, 41, 0x0000000000000000 | 5.71 3.63 3.76 | cpu  166290128 11708116 65285635 3622209978 214320 0 908521 0 0 0
1791420191 2647, 13801, 41, 0x0000000000000000 | 5.71 3.63 3.76 | cpu  166290285 11708116 65285762 3622220282 214320 0 908521 0 0 0
1791420192 2647, 13801, 41, 0x0000000000000000 | 5.71 3.63 3.76 | cpu  166290479 11708116 65285851 3622230589 214320 0 908521 0 0 0
1791420193 2647, 13801, 41, 0x0000000000000000 | 5.71 3.63 3.76 | cpu  166290651 11708116 65285969 3622240922 214320 0 908521 0 0 0
1791420195 2647, 13801, 41, 0x0000000000000000 | 5.41 3.60 3.75 | cpu  166290759 11708116 65286113 3622251312 214320 0 908521 0 0 0
1791420196 2647, 13801, 41, 0x0000000000000000 | 5.41 3.60 3.75 | cpu  166290855 11708116 65286253 3622261734 214320 0 908521 0 0 0
1791420197 2647, 13801, 41, 0x0000000000000000 | 5.41 3.60 3.75 | cpu  166290954 11708116 65286394 3622272144 214320 0 908521 0 0 0
1791420198 2647, 13801, 41, 0x0000000000000000 | 5.41 3.60 3.75 | cpu  166291061 11708117 65286536 3622282554 214320 0 908521 0 0 0
1791420199 2647, 13801, 41, 0x0000000000000000 | 5.41 3.60 3.75 | cpu  166291511 11708117 65286712 3622292502 214320 0 908521 0 0 0
1791420200 2647, 13801, 41, 0x0000000000000000 | 9.70 4.52 4.05 | cpu  166291780 11708117 65286952 3622302627 214327 0 908521 0 0 0
1791420201 2647, 13801, 41, 0x0000000000000000 | 9.70 4.52 4.05 | cpu  166291916 11708118 65287212 3622312840 214333 0 908522 0 0 0
1791420202 2647, 13801, 41, 0x0000000000000000 | 9.70 4.52 4.05 | cpu  166292089 11708118 65287610 3622322951 214333 0 908522 0 0 0
1791420203 2647, 13801, 41, 0x0000000000000000 | 9.70 4.52 4.05 | cpu  166292235 11708118 65287986 3622333061 214333 0 908522 0 0 0
1791420205 2647, 13801, 42, 0x0000000000000000 | 9.25 4.51 4.05 | cpu  166292365 11708118 65288315 3622343274 214333 0 908522 0 0 0
1791420206 2647, 13801, 42, 0x0000000000000000 | 9.25 4.51 4.05 | cpu  166292685 11708118 65288643 3622353248 214333 0 908522 0 0 0
1791420207 2647, 13801, 42, 0x0000000000000000 | 9.25 4.51 4.05 | cpu  166292894 11708118 65288896 3622363425 214333 0 908522 0 0 0
1791420208 2647, 13801, 42, 0x0000000000000000 | 9.25 4.51 4.05 | cpu  166293108 11708118 65289142 3622373607 214334 0 908522 0 0 0
1791420209 2647, 13801, 42, 0x0000000000000000 | 9.25 4.51 4.05 | cpu  166293463 11708118 65289410 3622383755 214334 0 908522 0 0 0
1791420210 2647, 13801, 42, 0x0000000000000000 | 8.83 4.50 4.05 | cpu  166293659 11708118 65289634 3622393923 214334 0 908522 0 0 0
1791420211 2647, 13801, 42, 0x0000000000000000 | 8.83 4.50 4.05 | cpu  166293780 11708118 65289860 3622404238 214334 0 908522 0 0 0
1791420212 2647, 13801, 42, 0x0000000000000000 | 8.83 4.50 4.05 | cpu  166293967 11708118 65290081 3622414477 214335 0 908522 0 0 0
1791420213 2647, 13801, 42, 0x0000000000000000 | 8.83 4.50 4.05 | cpu  166294161 11708118 65290337 3622424625 214335 0 908522 0 0 0
1791420214 2647, 13801, 42, 0x0000000000000000 | 8.44 4.49 4.05 | cpu  166294376 11708118 65290629 3622434751 214335 0 908523 0 0 0
1791420216 2647, 13801, 42, 0x0000000000000000 | 8.44 4.49 4.05 | cpu  166294761 11708118 65290917 3622444738 214335 0 908523 0 0 0
1791420217 2647, 13801, 43, 0x0000000000000000 | 8.44 4.49 4.05 | cpu  166295086 11708118 65291170 3622454825 214335 0 908523 0 0 0
1791420218 2647, 13801, 42, 0x0000000000000000 | 8.44 4.49 4.05 | cpu  166295527 11708118 65291470 3622464683 214335 0 908523 0 0 0
1791420219 2647, 13801, 43, 0x0000000000000000 | 8.44 4.49 4.05 | cpu  166295729 11708118 65291638 3622474960 214335 0 908523 0 0 0
1791420220 2647, 13801, 42, 0x0000000000000000 | 8.00 4.47 4.04 | cpu  166295981 11708118 65291925 3622485069 214335 0 908523 0 0 0
1791420221 2647, 13801, 42, 0x0000000000000000 | 8.00 4.47 4.04 | cpu  166297913 11708118 65292565 3622493108 214335 0 908524 0 0 0
1791420222 2647, 13801, 42, 0x0000000000000000 | 8.00 4.47 4.04 | cpu  166300561 11708118 65292701 3622500775 214335 0 908524 0 0 0
1791420223 2647, 13801, 42, 0x0000000000000000 | 8.00 4.47 4.04 | cpu  166302717 11708119 65292845 3622509060 214335 0 908524 0 0 0
1791420224 2647, 13801, 42, 0x0000000000000000 | 7.60 4.45 4.04 | cpu  166302924 11708119 65292990 3622519341 214336 0 908524 0 0 0
1791420226 2647, 13801, 42, 0x0000000000000000 | 7.60 4.45 4.04 | cpu  166303383 11708119 65293428 3622529027 214336 0 908524 0 0 0
1791420227 2647, 13801, 41, 0x0000000000000000 | 7.60 4.45 4.04 | cpu  166304134 11708119 65293683 3622538689 214336 0 908524 0 0 0
1791420228 2647, 13801, 41, 0x0000000000000000 | 7.60 4.45 4.04 | cpu  166304390 11708119 65293866 3622548868 214337 0 908525 0 0 0
1791420229 2647, 13801, 41, 0x0000000000000000 | 7.60 4.45 4.04 | cpu  166304540 11708119 65294033 3622559194 214337 0 908525 0 0 0
1791420230 2647, 13801, 41, 0x0000000000000000 | 7.23 4.42 4.03 | cpu  166304675 11708119 65294253 3622569474 214338 0 908525 0 0 0
1791420231 2647, 13801, 41, 0x0000000000000000 | 7.23 4.42 4.03 | cpu  166304804 11708119 65294484 3622579721 214338 0 908525 0 0 0
1791420232 2647, 13801, 41, 0x0000000000000000 | 7.23 4.42 4.03 | cpu  166304934 11708119 65294695 3622590000 214338 0 908525 0 0 0
1791420233 2647, 13801, 41, 0x0000000000000000 | 7.23 4.42 4.03 | cpu  166305034 11708119 65294837 3622600397 214338 0 908525 0 0 0
1791420234 2647, 13801, 41, 0x0000000000000000 | 6.81 4.38 4.02 | cpu  166305128 11708120 65294991 3622610798 214338 0 908525 0 0 0
1791420236 2647, 13801, 41, 0x0000000000000000 | 6.81 4.38 4.02 | cpu  166305227 11708120 65295128 3622621215 214339 0 908525 0 0 0
1791420237 2647, 13801, 41, 0x0000000000000000 | 6.81 4.38 4.02 | cpu  166305319 11708120 65295277 3622631618 214339 0 908525 0 0 0
1791420238 2647, 13801, 41, 0x0000000000000000 | 6.81 4.38 4.02 | cpu  166305448 11708120 65295467 3622641886 214339 0 908525 0 0 0
1791420239 2647, 13801, 41, 0x0000000000000000 | 6.81 4.38 4.02 | cpu  166305555 11708120 65295688 3622652230 214339 0 908526 0 0 0
1791420240 2647, 13801, 41, 0x0000000000000000 | 6.43 4.34 4.01 | cpu  166305664 11708120 65295847 3622662618 214340 0 908526 0 0 0
1791420241 2647, 13801, 41, 0x0000000000000000 | 6.43 4.34 4.01 | cpu  166305764 11708120 65296076 3622672912 214340 0 908526 0 0 0
1791420242 2647, 13801, 41, 0x0000000000000000 | 6.43 4.34 4.01 | cpu  166305860 11708120 65296331 3622683229 214340 0 908526 0 0 0
1791420243 2647, 13801, 41, 0x0000000000000000 | 6.43 4.34 4.01 | cpu  166305962 11708120 65296587 3622693491 214341 0 908526 0 0 0
1791420244 2647, 13801, 41, 0x0000000000000000 | 6.15 4.32 4.00 | cpu  166306057 11708120 65296843 3622703804 214341 0 908526 0 0 0
1791420246 2647, 13801, 41, 0x0000000000000000 | 6.15 4.32 4.00 | cpu  166306158 11708120 65297050 3622714158 214341 0 908526 0 0 0
1791420247 2647, 13801, 41, 0x0000000000000000 | 6.15 4.32 4.00 | cpu  166306251 11708120 65297198 3622724563 214342 0 908526 0 0 0
1791420248 2647, 13801, 41, 0x0000000000000000 | 6.15 4.32 4.00 | cpu  166306357 11708120 65297334 3622734996 214342 0 908526 0 0 0
1791420249 2647, 13801, 41, 0x0000000000000000 | 6.15 4.32 4.00 | cpu  166306527 11708120 65297610 3622745170 214342 0 908526 0 0 0
1791420250 2647, 13801, 41, 0x0000000000000000 | 5.90 4.30 4.00 | cpu  166306653 11708120 65297889 3622755329 214342 0 908526 0 0 0
1791420251 2647, 13801, 41, 0x0000000000000000 | 5.90 4.30 4.00 | cpu  166306768 11708120 65298107 3622765718 214342 0 908526 0 0 0
1791420252 2647, 13801, 41, 0x0000000000000000 | 5.90 4.30 4.00 | cpu  166306866 11708120 65298261 3622776014 214342 0 908526 0 0 0
1791420253 2647, 13801, 41, 0x0000000000000000 | 5.90 4.30 4.00 | cpu  166306960 11708120 65298403 3622786443 214342 0 908526 0 0 0
1791420254 2647, 13801, 41, 0x0000000000000000 | 5.67 4.27 3.99 | cpu  166307056 11708120 65298550 3622796876 214344 0 908526 0 0 0
1791420256 2647, 13801, 41, 0x0000000000000000 | 5.67 4.27 3.99 | cpu  166307164 11708120 65298692 3622807286 214344 0 908526 0 0 0
1791420257 2647, 13801, 41, 0x0000000000000000 | 5.67 4.27 3.99 | cpu  166307258 11708120 65298838 3622817713 214344 0 908526 0 0 0
1791420258 2647, 13801, 41, 0x0000000000000000 | 5.67 4.27 3.99 | cpu  166307359 11708120 65298975 3622828114 214344 0 908527 0 0 0
1791420259 2647, 13801, 41, 0x0000000000000000 | 5.67 4.27 3.99 | cpu  166307717 11708121 65299129 3622838182 214344 0 908527 0 0 0
1791420260 2647, 13801, 41, 0x0000000000000000 | 5.45 4.25 3.99 | cpu  166308177 11708121 65299353 3622848165 214346 0 908527 0 0 0
1791420261 2647, 13801, 41, 0x0000000000000000 | 5.45 4.25 3.99 | cpu  166308304 11708121 65299603 3622858403 214351 0 908527 0 0 0
1791420262 2647, 13801, 41, 0x0000000000000000 | 5.45 4.25 3.99 | cpu  166308492 11708121 65299891 3622868423 214357 0 908528 0 0 0
1791420263 2655, 13801, 41, 0x0000000000000000 | 5.45 4.25 3.99 | cpu  166309149 11708121 65300155 3622878057 214358 0 908528 0 0 0
1791420264 2647, 13801, 42, 0x0000000000000000 | 5.42 4.27 3.99 | cpu  166309425 11708121 65300349 3622888253 214358 0 908528 0 0 0
1791420265 2700, 13801, 42, 0x0000000000000000 | 5.42 4.27 3.99 | cpu  166309722 11708121 65300581 3622898246 214359 0 908528 0 0 0
1791420267 2827, 13801, 51, 0x0000000000000000 | 5.42 4.27 3.99 | cpu  166309900 11708121 65300762 3622908594 214359 0 908528 0 0 0
1791420268 3030, 13801, 52, 0x0000000000000000 | 5.42 4.27 3.99 | cpu  166310141 11708121 65300934 3622918911 214360 0 908528 0 0 0
1791420269 3030, 13801, 48, 0x0000000000000000 | 5.42 4.27 3.99 | cpu  166310379 11708121 65301110 3622929103 214360 0 908528 0 0 0
1791420270 3030, 13801, 54, 0x0000000000000000 | 5.22 4.24 3.99 | cpu  166310547 11708121 65301294 3622939470 214360 0 908528 0 0 0
1791420271 3022, 13801, 55, 0x0000000000000000 | 5.22 4.24 3.99 | cpu  166310781 11708121 65301470 3622949692 214360 0 908528 0 0 0
1791420272 3000, 13801, 56, 0x0000000000000000 | 5.22 4.24 3.99 | cpu  166311024 11708121 65301654 3622959947 214361 0 908528 0 0 0
1791420273 3000, 13801, 58, 0x0000000000000000 | 5.22 4.24 3.99 | cpu  166311333 11708121 65301794 3622970203 214361 0 908528 0 0 0
1791420274 2992, 13801, 57, 0x0000000000000000 | 5.13 4.24 3.99 | cpu  166311618 11708122 65301971 3622980416 214361 0 908528 0 0 0
1791420275 2992, 13801, 56, 0x0000000000000000 | 5.13 4.24 3.99 | cpu  166312106 11708122 65302154 3622990452 214361 0 908528 0 0 0
1791420277 3030, 13801, 47, 0x0000000000000000 | 5.13 4.24 3.99 | cpu  166312731 11708122 65302314 3623000379 214362 0 908528 0 0 0
1791420278 3030, 13801, 51, 0x0000000000000000 | 5.13 4.24 3.99 | cpu  166312867 11708122 65302577 3623010690 214365 0 908529 0 0 0
1791420279 2992, 13801, 50, 0x0000000000000000 | 5.13 4.24 3.99 | cpu  166313026 11708122 65302912 3623020840 214367 0 908529 0 0 0
1791420280 2662, 13801, 44, 0x0000000000000000 | 5.04 4.24 3.99 | cpu  166313197 11708122 65303239 3623030957 214369 0 908530 0 0 0
1791420281 2692, 13801, 44, 0x0000000000000000 | 5.04 4.24 3.99 | cpu  166313354 11708122 65303571 3623041120 214371 0 908531 0 0 0
1791420282 3030, 13801, 53, 0x0000000000000000 | 5.04 4.24 3.99 | cpu  166313614 11708122 65303901 3623051214 214372 0 908531 0 0 0
1791420283 3022, 13801, 52, 0x0000000000000000 | 5.04 4.24 3.99 | cpu  166313782 11708122 65304219 3623061526 214372 0 908531 0 0 0
1791420284 3022, 13801, 56, 0x0000000000000000 | 5.03 4.25 3.99 | cpu  166313965 11708122 65304608 3623071669 214373 0 908531 0 0 0
1791420286 3015, 13801, 56, 0x0000000000000000 | 5.03 4.25 3.99 | cpu  166314157 11708122 65304984 3623081792 214373 0 908531 0 0 0
1791420287 3015, 13801, 54, 0x0000000000000000 | 5.03 4.25 3.99 | cpu  166314436 11708123 65305385 3623091895 214373 0 908531 0 0 0
1791420288 3007, 13801, 57, 0x0000000000000000 | 5.03 4.25 3.99 | cpu  166314629 11708123 65305670 3623102095 214373 0 908531 0 0 0
1791420289 3007, 13801, 56, 0x0000000000000000 | 5.03 4.25 3.99 | cpu  166314821 11708123 65305870 3623112458 214374 0 908531 0 0 0
1791420290 3007, 13801, 56, 0x0000000000000000 | 4.95 4.24 3.99 | cpu  166315108 11708123 65306143 3623122453 214375 0 908531 0 0 0
1791420291 3007, 13801, 56, 0x0000000000000000 | 4.95 4.24 3.99 | cpu  166315324 11708123 65306430 3623132680 214376 0 908531 0 0 0
1791420292 3007, 13801, 55, 0x0000000000000000 | 4.95 4.24 3.99 | cpu  166315520 11708123 65306671 3623142972 214377 0 908531 0 0 0
1791420293 2992, 13801, 57, 0x0000000000000000 | 4.95 4.24 3.99 | cpu  166315697 11708123 65306868 3623153375 214377 0 908531 0 0 0
1791420294 3007, 13801, 55, 0x0000000000000000 | 4.87 4.24 4.00 | cpu  166316099 11708123 65307071 3623163472 214377 0 908532 0 0 0
1791420296 3007, 13801, 54, 0x0000000000000000 | 4.87 4.24 4.00 | cpu  166316513 11708123 65307318 3623173529 214377 0 908532 0 0 0
1791420297 3007, 13801, 53, 0x0000000000000000 | 4.87 4.24 4.00 | cpu  166317005 11708123 65307601 3623183379 214377 0 908532 0 0 0
1791420298 3000, 13801, 58, 0x0000000000000000 | 4.87 4.24 4.00 | cpu  166317431 11708123 65307857 3623193544 214380 0 908532 0 0 0
1791420299 3007, 13801, 55, 0x0000000000000000 | 4.87 4.24 4.00 | cpu  166317926 11708123 65308229 3623203302 214380 0 908532 0 0 0
1791420300 3007, 13801, 57, 0x0000000000000000 | 4.80 4.23 4.00 | cpu  166318345 11708123 65308511 3623213271 214380 0 908532 0 0 0
1791420301 3000, 13801, 57, 0x0000000000000000 | 4.80 4.23 4.00 | cpu  166318824 11708123 65308822 3623223223 214380 0 908532 0 0 0
1791420302 3007, 13801, 57, 0x0000000000000000 | 4.80 4.23 4.00 | cpu  166319112 11708123 65309002 3623233474 214381 0 908533 0 0 0
1791420303 3007, 13801, 55, 0x0000000000000000 | 4.80 4.23 4.00 | cpu  166319376 11708123 65309126 3623243680 214381 0 908533 0 0 0
1791420305 3007, 13801, 57, 0x0000000000000000 | 4.74 4.23 4.00 | cpu  166319642 11708123 65309249 3623253987 214381 0 908533 0 0 0
1791420306 2992, 13801, 56, 0x0000000000000000 | 4.74 4.23 4.00 | cpu  166319912 11708123 65309371 3623264295 214381 0 908533 0 0 0
1791420307 3007, 13801, 55, 0x0000000000000000 | 4.74 4.23 4.00 | cpu  166320872 11708123 65310253 3623273147 214381 0 908533 0 0 0
1791420308 3007, 13801, 57, 0x0000000000000000 | 4.74 4.23 4.00 | cpu  166322439 11708123 65310766 3623281683 214382 0 908533 0 0 0
1791420309 3007, 13801, 56, 0x0000000000000000 | 4.74 4.23 4.00 | cpu  166324689 11708123 65310873 3623289845 214382 0 908533 0 0 0
1791420310 3000, 13801, 56, 0x0000000000000000 | 4.60 4.21 3.99 | cpu  166324951 11708123 65311021 3623299982 214382 0 908536 0 0 0
1791420311 3007, 13801, 54, 0x0000000000000000 | 4.60 4.21 3.99 | cpu  166325224 11708123 65311234 3623310168 214382 0 908536 0 0 0
1791420312 3000, 13801, 56, 0x0000000000000000 | 4.60 4.21 3.99 | cpu  166325532 11708123 65311418 3623320316 214383 0 908536 0 0 0
1791420313 2992, 13801, 56, 0x0000000000000000 | 4.60 4.21 3.99 | cpu  166325783 11708123 65311587 3623330552 214383 0 908537 0 0 0
1791420314 3000, 13801, 55, 0x0000000000000000 | 4.55 4.21 3.99 | cpu  166326025 11708123 65311829 3623340770 214383 0 908537 0 0 0
1791420316 3007, 13801, 56, 0x0000000000000000 | 4.55 4.21 3.99 | cpu  166326269 11708123 65311948 3623351069 214383 0 908537 0 0 0
1791420317 3007, 13801, 55, 0x0000000000000000 | 4.55 4.21 3.99 | cpu  166326525 11708123 65312058 3623361349 214383 0 908537 0 0 0
1791420318 2985, 13801, 54, 0x0000000000000000 | 4.55 4.21 3.99 | cpu  166326779 11708124 65312177 3623371620 214389 0 908539 0 0 0
1791420319 3000, 13801, 57, 0x0000000000000000 | 4.55 4.21 3.99 | cpu  166326989 11708124 65312380 3623381883 214389 0 908539 0 0 0
1791420320 3015, 13801, 56, 0x0000000000000000 | 4.67 4.24 4.00 | cpu  166327486 11708124 65313780 3623390507 214389 0 908539 0 0 0
1791420321 2992, 13801, 54, 0x0000000000000000 | 4.67 4.24 4.00 | cpu  166328354 11708124 65314054 3623399897 214390 0 908539 0 0 0
1791420322 3007, 13801, 53, 0x0000000000000000 | 4.67 4.24 4.00 | cpu  166331010 11708124 65314332 3623407436 214390 0 908539 0 0 0
1791420323 3022, 13801, 53, 0x0000000000000000 | 4.67 4.24 4.00 | cpu  166333708 11708124 65314654 3623415105 214390 0 908540 0 0 0
1791420324 3007, 13801, 54, 0x0000000000000000 | 8.86 5.11 4.29 | cpu  166336337 11708124 65314899 3623422754 214390 0 908540 0 0 0
1791420326 2992, 13801, 54, 0x0000000000000000 | 8.86 5.11 4.29 | cpu  166339032 11708124 65315138 3623430383 214390 0 908540 0 0 0
1791420327 3015, 13801, 56, 0x0000000000000000 | 8.86 5.11 4.29 | cpu  166341691 11708124 65315375 3623438086 214390 0 908540 0 0 0
1791420328 3007, 13801, 56, 0x0000000000000000 | 8.86 5.11 4.29 | cpu  166344345 11708124 65315616 3623445767 214391 0 908540 0 0 0
1791420329 3007, 13801, 53, 0x0000000000000000 | 8.86 5.11 4.29 | cpu  166347008 11708124 65315860 3623453457 214391 0 908540 0 0 0
1791420330 2985, 13801, 53, 0x0000000000000000 | 12.79 5.99 4.58 | cpu  166349678 11708124 65316098 3623461118 214393 0 908540 0 0 0
1791420331 3007, 13801, 55, 0x0000000000000000 | 12.79 5.99 4.58 | cpu  166352345 11708124 65316348 3623468704 214393 0 908540 0 0 0
1791420332 3015, 13801, 55, 0x0000000000000000 | 12.79 5.99 4.58 | cpu  166355006 11708124 65316478 3623476436 214393 0 908540 0 0 0
1791420333 3015, 13801, 53, 0x0000000000000000 | 12.79 5.99 4.58 | cpu  166356587 11708124 65316607 3623485382 214393 0 908540 0 0 0
1791420334 2977, 13801, 56, 0x0000000000000000 | 12.09 5.96 4.57 | cpu  166356859 11708124 65316784 3623495566 214394 0 908540 0 0 0
1791420335 3007, 13801, 56, 0x0000000000000000 | 12.09 5.96 4.57 | cpu  166357102 11708124 65316964 3623505746 214394 0 908541 0 0 0
1791420337 3007, 13801, 53, 0x0000000000000000 | 12.09 5.96 4.57 | cpu  166357243 11708124 65317095 3623516088 214394 0 908541 0 0 0
1791420338 2992, 13801, 56, 0x0000000000000000 | 12.09 5.96 4.57 | cpu  166357391 11708124 65317203 3623526564 214394 0 908541 0 0 0
1791420339 3007, 13801, 55, 0x0000000000000000 | 12.09 5.96 4.57 | cpu  166357533 11708124 65317326 3623537010 214394 0 908541 0 0 0
1791420340 3015, 13801, 53, 0x0000000000000000 | 11.28 5.89 4.56 | cpu  166357740 11708124 65317489 3623547311 214395 0 908541 0 0 0
1791420341 3000, 13801, 54, 0x0000000000000000 | 11.28 5.89 4.56 | cpu  166357895 11708124 65317609 3623557720 214395 0 908542 0 0 0
1791420342 2985, 13801, 56, 0x0000000000000000 | 11.28 5.89 4.56 | cpu  166358053 11708124 65317748 3623568229 214395 0 908543 0 0 0
1791420343 3000, 13801, 55, 0x0000000000000000 | 11.28 5.89 4.56 | cpu  166358202 11708124 65317859 3623578705 214395 0 908544 0 0 0
1791420344 3007, 13801, 53, 0x0000000000000000 | 10.54 5.83 4.54 | cpu  166358347 11708125 65317977 3623589162 214395 0 908544 0 0 0
1791420346 3015, 13801, 55, 0x0000000000000000 | 10.54 5.83 4.54 | cpu  166358493 11708125 65318085 3623599632 214396 0 908544 0 0 0
1791420347 3015, 13801, 53, 0x0000000000000000 | 10.54 5.83 4.54 | cpu  166358667 11708125 65318282 3623609945 214396 0 908544 0 0 0
1791420348 3007, 13801, 54, 0x0000000000000000 | 10.54 5.83 4.54 | cpu  166358875 11708125 65318535 3623620121 214396 0 908544 0 0 0
1791420349 3015, 13801, 54, 0x0000000000000000 | 10.54 5.83 4.54 | cpu  166359030 11708125 65318692 3623630564 214396 0 908544 0 0 0
1791420350 2992, 13801, 53, 0x0000000000000000 | 9.93 5.78 4.54 | cpu  166359195 11708125 65318886 3623640819 214397 0 908545 0 0 0
1791420351 3007, 13801, 52, 0x0000000000000000 | 9.93 5.78 4.54 | cpu  166359554 11708125 65319089 3623650833 214397 0 908545 0 0 0
1791420352 3000, 13801, 55, 0x0000000000000000 | 9.93 5.78 4.54 | cpu  166360118 11708125 65319322 3623660657 214398 0 908545 0 0 0
1791420353 3000, 13801, 54, 0x0000000000000000 | 9.93 5.78 4.54 | cpu  166360321 11708125 65319568 3623670759 214407 0 908546 0 0 0
1791420354 3000, 13801, 56, 0x0000000000000000 | 9.38 5.73 4.53 | cpu  166360499 11708125 65319781 3623681115 214411 0 908546 0 0 0
1791420356 3007, 13801, 54, 0x0000000000000000 | 9.38 5.73 4.53 | cpu  166360680 11708125 65320077 3623691180 214411 0 908547 0 0 0
1791420357 3000, 13801, 53, 0x0000000000000000 | 9.38 5.73 4.53 | cpu  166360858 11708125 65320276 3623701576 214411 0 908547 0 0 0
1791420358 2992, 13801, 56, 0x0000000000000000 | 9.38 5.73 4.53 | cpu  166361111 11708125 65320458 3623711863 214411 0 908547 0 0 0
1791420359 3007, 13801, 57, 0x0000000000000000 | 9.38 5.73 4.53 | cpu  166361459 11708125 65320663 3623721946 214411 0 908547 0 0 0
1791420360 3007, 13801, 55, 0x0000000000000000 | 8.95 5.70 4.52 | cpu  166361863 11708125 65320847 3623732083 214412 0 908547 0 0 0
1791420361 3015, 13801, 56, 0x0000000000000000 | 8.95 5.70 4.52 | cpu  166362287 11708125 65321017 3623742239 214412 0 908547 0 0 0
1791420362 2985, 13801, 56, 0x0000000000000000 | 8.95 5.70 4.52 | cpu  166362815 11708125 65321229 3623752204 214417 0 908548 0 0 0
1791420363 3000, 13801, 54, 0x0000000000000000 | 8.95 5.70 4.52 | cpu  166362998 11708125 65321468 3623762708 214423 0 908548 0 0 0
1791420364 3007, 13801, 55, 0x0000000000000000 | 8.55 5.68 4.52 | cpu  166363263 11708125 65321787 3623772925 214425 0 908548 0 0 0
1791420366 3000, 13801, 55, 0x0000000000000000 | 8.55 5.68 4.52 | cpu  166363559 11708125 65322099 3623783000 214426 0 908548 0 0 0
1791420367 3007, 13801, 55, 0x0000000000000000 | 8.55 5.68 4.52 | cpu  166363770 11708125 65322436 3623793152 214426 0 908548 0 0 0
1791420368 3015, 13801, 56, 0x0000000000000000 | 8.55 5.68 4.52 | cpu  166364024 11708125 65322742 3623803321 214426 0 908548 0 0 0
1791420369 3007, 13801, 57, 0x0000000000000000 | 8.55 5.68 4.52 | cpu  166364368 11708125 65323022 3623813447 214426 0 908548 0 0 0
1791420370 2985, 13801, 56, 0x0000000000000000 | 8.19 5.65 4.52 | cpu  166364804 11708125 65323424 3623823351 214426 0 908548 0 0 0
1791420371 3007, 13801, 55, 0x0000000000000000 | 8.19 5.65 4.52 | cpu  166365195 11708125 65323829 3623833235 214427 0 908548 0 0 0
1791420372 3007, 13801, 55, 0x0000000000000000 | 8.19 5.65 4.52 | cpu  166365564 11708125 65324085 3623843297 214427 0 908548 0 0 0
1791420373 2992, 13801, 57, 0x0000000000000000 | 8.19 5.65 4.52 | cpu  166365822 11708125 65324192 3623853580 214427 0 908548 0 0 0
1791420375 3000, 13801, 57, 0x0000000000000000 | 7.77 5.60 4.51 | cpu  166366198 11708125 65324816 3623863308 214427 0 908549 0 0 0
1791420376 3007, 13801, 56, 0x0000000000000000 | 7.77 5.60 4.51 | cpu  166367019 11708125 65324971 3623872896 214427 0 908549 0 0 0
1791420377 2992, 13801, 54, 0x0000000000000000 | 7.77 5.60 4.51 | cpu  166367848 11708125 65325311 3623882357 214428 0 908550 0 0 0
1791420378 2992, 13801, 55, 0x0000000000000000 | 7.77 5.60 4.51 | cpu  166368106 11708125 65325428 3623892711 214428 0 908550 0 0 0
1791420379 3007, 13801, 56, 0x0000000000000000 | 7.77 5.60 4.51 | cpu  166368364 11708125 65325648 3623902946 214428 0 908550 0 0 0
1791420380 3007, 13801, 55, 0x0000000000000000 | 7.39 5.56 4.50 | cpu  166368520 11708125 65325841 3623913292 214428 0 908550 0 0 0
1791420381 3007, 13801, 55, 0x0000000000000000 | 7.39 5.56 4.50 | cpu  166368668 11708125 65325948 3623923755 214428 0 908551 0 0 0
1791420382 2985, 13801, 55, 0x0000000000000000 | 7.39 5.56 4.50 | cpu  166368816 11708125 65326085 3623934211 214429 0 908551 0 0 0
1791420383 3015, 13801, 56, 0x0000000000000000 | 7.39 5.56 4.50 | cpu  166368986 11708125 65326285 3623944663 214429 0 908551 0 0 0
1791420385 3007, 13801, 54, 0x0000000000000000 | 6.96 5.50 4.49 | cpu  166369133 11708126 65326443 3623955067 214429 0 908551 0 0 0
1791420386 2992, 13801, 55, 0x0000000000000000 | 6.96 5.50 4.49 | cpu  166369279 11708126 65326554 3623965501 214429 0 908551 0 0 0
1791420387 2992, 13801, 54, 0x0000000000000000 | 6.96 5.50 4.49 | cpu  166369423 11708126 65326668 3623975975 214429 0 908551 0 0 0
1791420388 3007, 13801, 55, 0x0000000000000000 | 6.96 5.50 4.49 | cpu  166369572 11708126 65326788 3623986357 214430 0 908551 0 0 0
1791420389 3000, 13801, 56, 0x0000000000000000 | 6.64 5.46 4.48 | cpu  166369716 11708126 65326902 3623996816 214430 0 908551 0 0 0
1791420390 2985, 13801, 55, 0x0000000000000000 | 6.64 5.46 4.48 | cpu  166369861 11708126 65327015 3624007293 214430 0 908551 0 0 0
1791420391 3007, 13801, 54, 0x0000000000000000 | 6.64 5.46 4.48 | cpu  166370008 11708126 65327133 3624017717 214430 0 908551 0 0 0
1791420392 3000, 13801, 54, 0x0000000000000000 | 6.64 5.46 4.48 | cpu  166370150 11708126 65327250 3624028157 214430 0 908551 0 0 0
1791420394 2985, 13801, 55, 0x0000000000000000 | 6.64 5.46 4.48 | cpu  166370296 11708126 65327361 3624038605 214430 0 908551 0 0 0
1791420395 2992, 13801, 54, 0x0000000000000000 | 6.35 5.42 4.47 | cpu  166370461 11708126 65327529 3624048997 214430 0 908551 0 0 0
1791420396 3015, 13801, 53, 0x0000000000000000 | 6.35 5.42 4.47 | cpu  166370628 11708126 65327740 3624059444 214430 0 908552 0 0 0
1791420397 3000, 13801, 53, 0x0000000000000000 | 6.35 5.42 4.47 | cpu  166370783 11708126 65327913 3624069827 214431 0 908552 0 0 0
1791420398 2985, 13801, 53, 0x0000000000000000 | 6.35 5.42 4.47 | cpu  166370931 11708126 65328043 3624080246 214431 0 908552 0 0 0
1791420399 3000, 13801, 53, 0x0000000000000000 | 6.08 5.38 4.46 | cpu  166371077 11708126 65328168 3624090664 214431 0 908552 0 0 0
1791420400 3015, 13801, 53, 0x0000000000000000 | 6.08 5.38 4.46 | cpu  166371220 11708126 65328284 3624101118 214431 0 908552 0 0 0
1791420401 3007, 13801, 55, 0x0000000000000000 | 6.08 5.38 4.46 | cpu  166371366 11708127 65328392 3624111579 214431 0 908553 0 0 0
1791420402 2992, 13801, 55, 0x0000000000000000 | 6.08 5.38 4.46 | cpu  166371511 11708127 65328509 3624122048 214431 0 908553 0 0 0
1791420404 3000, 13801, 55, 0x0000000000000000 | 6.08 5.38 4.46 | cpu  166371655 11708127 65328633 3624132546 214432 0 908553 0 0 0
1791420405 3022, 13801, 54, 0x0000000000000000 | 5.83 5.34 4.45 | cpu  166371806 11708127 65328856 3624142752 214433 0 908553 0 0 0
1791420406 2992, 13801, 54, 0x0000000000000000 | 5.83 5.34 4.45 | cpu  166371960 11708127 65329076 3624153079 214433 0 908553 0 0 0
1791420407 3015, 13801, 55, 0x0000000000000000 | 5.83 5.34 4.45 | cpu  166372122 11708127 65329344 3624163323 214433 0 908553 0 0 0
1791420408 3007, 13801, 53, 0x0000000000000000 | 5.83 5.34 4.45 | cpu  166372305 11708127 65329676 3624173607 214433 0 908553 0 0 0
1791420409 3015, 13801, 54, 0x0000000000000000 | 5.77 5.33 4.46 | cpu  166372462 11708127 65329973 3624183859 214434 0 908553 0 0 0
1791420410 2992, 13801, 55, 0x0000000000000000 | 5.77 5.33 4.46 | cpu  166372665 11708127 65330309 3624194005 214436 0 908554 0 0 0
1791420411 3000, 13801, 54, 0x0000000000000000 | 5.77 5.33 4.46 | cpu  166372856 11708127 65330622 3624204039 214437 0 908554 0 0 0
1791420413 3015, 13801, 54, 0x0000000000000000 | 5.77 5.33 4.46 | cpu  166373003 11708127 65330784 3624214459 214437 0 908554 0 0 0
1791420414 2992, 13801, 54, 0x0000000000000000 | 5.77 5.33 4.46 | cpu  166373159 11708127 65330947 3624224850 214437 0 908554 0 0 0
1791420415 3000, 13801, 53, 0x0000000000000000 | 5.46 5.28 4.44 | cpu  166373299 11708127 65331063 3624235325 214437 0 908554 0 0 0
1791420416 3007, 13801, 53, 0x0000000000000000 | 5.46 5.28 4.44 | cpu  166373440 11708127 65331180 3624245838 214439 0 908554 0 0 0
1791420417 3015, 13801, 54, 0x0000000000000000 | 5.46 5.28 4.44 | cpu  166373583 11708127 65331293 3624256278 214439 0 908554 0 0 0
1791420418 2985, 13801, 55, 0x0000000000000000 | 5.46 5.28 4.44 | cpu  166373731 11708127 65331403 3624266738 214439 0 908554 0 0 0
1791420419 3007, 13801, 55, 0x0000000000000000 | 5.35 5.25 4.44 | cpu  166373894 11708127 65331574 3624277099 214441 0 908554 0 0 0
1791420420 3000, 13801, 55, 0x0000000000000000 | 5.35 5.25 4.44 | cpu  166374048 11708127 65331766 3624287612 214441 0 908554 0 0 0
1791420421 2992, 13801, 55, 0x0000000000000000 | 5.35 5.25 4.44 | cpu  166374193 11708127 65331891 3624297972 214441 0 908554 0 0 0
1791420423 3000, 13801, 54, 0x0000000000000000 | 5.35 5.25 4.44 | cpu  166374349 11708127 65332023 3624308445 214441 0 908554 0 0 0
1791420424 3007, 13801, 53, 0x0000000000000000 | 5.35 5.25 4.44 | cpu  166374493 11708127 65332142 3624318912 214441 0 908555 0 0 0
1791420425 3007, 13801, 53, 0x0000000000000000 | 5.08 5.20 4.43 | cpu  166374637 11708127 65332255 3624329358 214443 0 908555 0 0 0
1791420426 3015, 13801, 56, 0x0000000000000000 | 5.08 5.20 4.43 | cpu  166374785 11708127 65332372 3624339776 214444 0 908555 0 0 0
1791420427 3007, 13801, 54, 0x0000000000000000 | 5.08 5.20 4.43 | cpu  166374931 11708127 65332496 3624350235 214444 0 908555 0 0 0
1791420428 3007, 13801, 54, 0x0000000000000000 | 5.08 5.20 4.43 | cpu  166375076 11708127 65332611 3624360726 214444 0 908555 0 0 0
1791420429 3007, 13801, 53, 0x0000000000000000 | 4.83 5.15 4.42 | cpu  166375300 11708127 65332776 3624371016 214444 0 908555 0 0 0
1791420430 2992, 13801, 54, 0x0000000000000000 | 4.83 5.15 4.42 | cpu  166375455 11708127 65332893 3624381473 214444 0 908555 0 0 0
1791420432 3007, 13801, 53, 0x0000000000000000 | 4.83 5.15 4.42 | cpu  166375618 11708127 65333070 3624391759 214444 0 908555 0 0 0
1791420433 3007, 13801, 52, 0x0000000000000000 | 4.83 5.15 4.42 | cpu  166375773 11708127 65333263 3624402323 214444 0 908555 0 0 0
1791420434 3007, 13801, 54, 0x0000000000000000 | 4.83 5.15 4.42 | cpu  166375931 11708127 65333386 3624412761 214444 0 908555 0 0 0
1791420435 2992, 13801, 55, 0x0000000000000000 | 4.60 5.09 4.40 | cpu  166376090 11708127 65333509 3624423214 214445 0 908555 0 0 0
1791420436 3007, 13801, 55, 0x0000000000000000 | 4.60 5.09 4.40 | cpu  166376232 11708127 65333624 3624433676 214445 0 908555 0 0 0
1791420437 3007, 13801, 54, 0x0000000000000000 | 4.60 5.09 4.40 | cpu  166376375 11708127 65333738 3624444144 214446 0 908555 0 0 0
1791420438 3007, 13801, 55, 0x0000000000000000 | 4.60 5.09 4.40 | cpu  166376523 11708128 65333850 3624454654 214446 0 908555 0 0 0
1791420439 3000, 13801, 55, 0x0000000000000000 | 4.40 5.04 4.39 | cpu  166376672 11708128 65333960 3624465110 214446 0 908555 0 0 0
1791420440 3015, 13801, 54, 0x0000000000000000 | 4.40 5.04 4.39 | cpu  166376821 11708128 65334073 3624475583 214448 0 908555 0 0 0
1791420442 3000, 13801, 54, 0x0000000000000000 | 4.40 5.04 4.39 | cpu  166376985 11708128 65334223 3624486003 214448 0 908555 0 0 0
1791420443 2992, 13801, 54, 0x0000000000000000 | 4.40 5.04 4.39 | cpu  166377148 11708128 65334358 3624496432 214448 0 908555 0 0 0
1791420444 3007, 13801, 55, 0x0000000000000000 | 4.40 5.04 4.39 | cpu  166377324 11708128 65334645 3624506618 214448 0 908555 0 0 0
1791420445 3015, 13801, 54, 0x0000000000000000 | 4.44 5.04 4.39 | cpu  166377508 11708128 65335002 3624516774 214448 0 908556 0 0 0
1791420446 3015, 13801, 53, 0x0000000000000000 | 4.44 5.04 4.39 | cpu  166377671 11708128 65335244 3624527083 214449 0 908556 0 0 0
1791420447 3015, 13801, 54, 0x0000000000000000 | 4.44 5.04 4.39 | cpu  166377829 11708128 65335456 3624537432 214449 0 908556 0 0 0
1791420448 3007, 13801, 53, 0x0000000000000000 | 4.44 5.04 4.39 | cpu  166377979 11708128 65335680 3624547826 214449 0 908556 0 0 0
1791420449 3015, 13801, 55, 0x0000000000000000 | 4.25 4.99 4.38 | cpu  166378126 11708128 65335856 3624558222 214449 0 908556 0 0 0
1791420451 2992, 13801, 55, 0x0000000000000000 | 4.25 4.99 4.38 | cpu  166378273 11708129 65335967 3624568679 214449 0 908556 0 0 0
1791420452 3015, 13801, 55, 0x0000000000000000 | 4.25 4.99 4.38 | cpu  166378420 11708129 65336075 3624579136 214451 0 908556 0 0 0
1791420453 3007, 13801, 54, 0x0000000000000000 | 4.25 4.99 4.38 | cpu  166378568 11708129 65336185 3624589612 214451 0 908556 0 0 0
1791420454 3015, 13801, 55, 0x0000000000000000 | 4.25 4.99 4.38 | cpu  166378721 11708129 65336295 3624600084 214451 0 908556 0 0 0
1791420455 3000, 13801, 53, 0x0000000000000000 | 4.07 4.94 4.37 | cpu  166378876 11708129 65336417 3624610545 214452 0 908556 0 0 0
1791420456 3007, 13801, 53, 0x0000000000000000 | 4.07 4.94 4.37 | cpu  166379054 11708129 65336618 3624620877 214452 0 908556 0 0 0
1791420457 3007, 13801, 55, 0x0000000000000000 | 4.07 4.94 4.37 | cpu  166379205 11708129 65336789 3624631279 214452 0 908556 0 0 0
1791420458 3007, 13801, 54, 0x0000000000000000 | 4.07 4.94 4.37 | cpu  166379350 11708129 65336898 3624641649 214453 0 908556 0 0 0
1791420459 3007, 13801, 52, 0x0000000000000000 | 3.90 4.89 4.35 | cpu  166379518 11708129 65337030 3624652068 214453 0 908556 0 0 0
1791420461 3007, 13801, 54, 0x0000000000000000 | 3.90 4.89 4.35 | cpu  166379673 11708129 65337205 3624662456 214453 0 908556 0 0 0
1791420462 3007, 13801, 55, 0x0000000000000000 | 3.90 4.89 4.35 | cpu  166379839 11708129 65337405 3624672805 214453 0 908557 0 0 0
1791420463 2992, 13801, 55, 0x0000000000000000 | 3.90 4.89 4.35 | cpu  166379990 11708129 65337515 3624683304 214453 0 908557 0 0 0
1791420464 3007, 13801, 55, 0x0000000000000000 | 3.90 4.89 4.35 | cpu  166380135 11708129 65337630 3624693769 214453 0 908557 0 0 0
1791420465 3007, 13801, 54, 0x0000000000000000 | 3.75 4.84 4.34 | cpu  166380279 11708129 65337738 3624704133 214453 0 908557 0 0 0
1791420466 2992, 13801, 54, 0x0000000000000000 | 3.75 4.84 4.34 | cpu  166380430 11708129 65337843 3624714537 214454 0 908557 0 0 0
1791420467 3000, 13801, 54, 0x0000000000000000 | 3.75 4.84 4.34 | cpu  166380598 11708129 65337985 3624724935 214454 0 908557 0 0 0
1791420468 3000, 13801, 53, 0x0000000000000000 | 3.75 4.84 4.34 | cpu  166380799 11708129 65338209 3624735244 214454 0 908557 0 0 0
1791420470 3015, 13801, 54, 0x0000000000000000 | 3.77 4.83 4.34 | cpu  166380959 11708129 65338414 3624745522 214455 0 908558 0 0 0
1791420471 2992, 13801, 54, 0x0000000000000000 | 3.77 4.83 4.34 | cpu  166381137 11708129 65338617 3624755844 214455 0 908558 0 0 0
1791420472 3007, 13801, 53, 0x0000000000000000 | 3.77 4.83 4.34 | cpu  166381322 11708129 65338828 3624766084 214455 0 908558 0 0 0
1791420473 3007, 13801, 53, 0x0000000000000000 | 3.77 4.83 4.34 | cpu  166381473 11708129 65338958 3624776517 214457 0 908558 0 0 0
1791420474 2992, 13801, 55, 0x0000000000000000 | 3.77 4.83 4.34 | cpu  166381624 11708129 65339066 3624786968 214457 0 908558 0 0 0
1791420475 3007, 13801, 53, 0x0000000000000000 | 3.63 4.78 4.33 | cpu  166381775 11708129 65339189 3624797415 214457 0 908558 0 0 0
1791420476 3007, 13801, 53, 0x0000000000000000 | 3.63 4.78 4.33 | cpu  166381925 11708129 65339313 3624807850 214457 0 908558 0 0 0
1791420477 3007, 13801, 54, 0x0000000000000000 | 3.63 4.78 4.33 | cpu  166382073 11708129 65339425 3624818321 214459 0 908558 0 0 0
1791420478 2992, 13801, 57, 0x0000000000000000 | 3.63 4.78 4.33 | cpu  166382232 11708129 65339538 3624828763 214459 0 908558 0 0 0
1791420480 3000, 13801, 53, 0x0000000000000000 | 3.50 4.74 4.31 | cpu  166382387 11708129 65339686 3624839187 214461 0 908558 0 0 0
1791420481 3015, 13801, 52, 0x0000000000000000 | 3.50 4.74 4.31 | cpu  166382565 11708129 65339885 3624849566 214461 0 908558 0 0 0
1791420482 3007, 13801, 53, 0x0000000000000000 | 3.50 4.74 4.31 | cpu  166382721 11708129 65340088 3624859895 214461 0 908558 0 0 0
1791420483 3007, 13801, 54, 0x0000000000000000 | 3.50 4.74 4.31 | cpu  166382876 11708129 65340316 3624870265 214461 0 908559 0 0 0
1791420484 3015, 13801, 52, 0x0000000000000000 | 3.50 4.74 4.31 | cpu  166383031 11708129 65340533 3624880593 214461 0 908559 0 0 0
1791420485 3022, 13801, 54, 0x0000000000000000 | 3.54 4.72 4.31 | cpu  166383177 11708129 65340758 3624890971 214462 0 908559 0 0 0
1791420486 3007, 13801, 54, 0x0000000000000000 | 3.54 4.72 4.31 | cpu  166383329 11708129 65340976 3624901329 214462 0 908559 0 0 0
1791420487 2985, 13801, 55, 0x0000000000000000 | 3.54 4.72 4.31 | cpu  166383474 11708129 65341095 3624911794 214462 0 908559 0 0 0
1791420489 3007, 13801, 53, 0x0000000000000000 | 3.54 4.72 4.31 | cpu  166383620 11708129 65341210 3624922304 214462 0 908559 0 0 0
1791420490 3015, 13801, 53, 0x0000000000000000 | 3.41 4.68 4.30 | cpu  166383767 11708129 65341321 3624932747 214463 0 908559 0 0 0
1791420491 2992, 13801, 54, 0x0000000000000000 | 3.41 4.68 4.30 | cpu  166383924 11708129 65341442 3624943182 214464 0 908559 0 0 0
1791420492 3000, 13801, 54, 0x0000000000000000 | 3.41 4.68 4.30 | cpu  166384074 11708129 65341574 3624953485 214464 0 908559 0 0 0
1791420493 3015, 13801, 54, 0x0000000000000000 | 3.41 4.68 4.30 | cpu  166384243 11708129 65341767 3624963991 214464 0 908559 0 0 0
1791420494 3007, 13801, 53, 0x0000000000000000 | 3.38 4.65 4.29 | cpu  166384396 11708129 65341915 3624974424 214464 0 908559 0 0 0
1791420495 3000, 13801, 53, 0x0000000000000000 | 3.38 4.65 4.29 | cpu  166384542 11708129 65342026 3624984882 214464 0 908559 0 0 0
1791420496 3007, 13801, 52, 0x0000000000000000 | 3.38 4.65 4.29 | cpu  166384689 11708129 65342136 3624995351 214466 0 908559 0 0 0
1791420497 3015, 13801, 52, 0x0000000000000000 | 3.38 4.65 4.29 | cpu  166384834 11708129 65342245 3625005812 214466 0 908559 0 0 0
1791420499 3000, 13801, 55, 0x0000000000000000 | 3.38 4.65 4.29 | cpu  166384984 11708129 65342355 3625016310 214466 0 908559 0 0 0
1791420500 3000, 13801, 52, 0x0000000000000000 | 3.27 4.60 4.28 | cpu  166385131 11708130 65342468 3625026771 214466 0 908559 0 0 0
1791420501 3007, 13801, 52, 0x0000000000000000 | 3.27 4.60 4.28 | cpu  166385279 11708130 65342578 3625037234 214466 0 908559 0 0 0
1791420502 3007, 13801, 52, 0x0000000000000000 | 3.27 4.60 4.28 | cpu  166385432 11708130 65342696 3625047670 214466 0 908559 0 0 0
1791420503 2985, 13801, 54, 0x0000000000000000 | 3.27 4.60 4.28 | cpu  166385582 11708130 65342804 3625058160 214467 0 908559 0 0 0
1791420504 3000, 13801, 53, 0x0000000000000000 | 3.25 4.58 4.27 | cpu  166385738 11708130 65342949 3625068447 214467 0 908559 0 0 0
1791420505 3000, 13801, 53, 0x0000000000000000 | 3.25 4.58 4.27 | cpu  166385914 11708130 65343143 3625078825 214467 0 908559 0 0 0
1791420506 3015, 13801, 53, 0x0000000000000000 | 3.25 4.58 4.27 | cpu  166386070 11708130 65343286 3625089254 214467 0 908559 0 0 0
1791420508 3007, 13801, 53, 0x0000000000000000 | 3.25 4.58 4.27 | cpu  166386223 11708130 65343405 3625099697 214467 0 908559 0 0 0
1791420509 3007, 13801, 53, 0x0000000000000000 | 3.25 4.58 4.27 | cpu  166386367 11708130 65343612 3625110005 214467 0 908559 0 0 0
1791420510 3000, 13801, 52, 0x0000000000000000 | 3.31 4.57 4.27 | cpu  166386518 11708130 65343784 3625120341 214467 0 908559 0 0 0
1791420511 2992, 13801, 55, 0x0000000000000000 | 3.31 4.57 4.27 | cpu  166386668 11708130 65343895 3625130857 214468 0 908559 0 0 0
1791420512 3007, 13801, 52, 0x0000000000000000 | 3.31 4.57 4.27 | cpu  166386815 11708130 65344004 3625141345 214468 0 908559 0 0 0
1791420513 3015, 13801, 52, 0x0000000000000000 | 3.31 4.57 4.27 | cpu  166386982 11708130 65344124 3625151729 214469 0 908559 0 0 0
1791420514 3015, 13801, 54, 0x0000000000000000 | 3.20 4.53 4.26 | cpu  166387131 11708130 65344242 3625162161 214477 0 908560 0 0 0
1791420515 2992, 13801, 55, 0x0000000000000000 | 3.20 4.53 4.26 | cpu  166387276 11708130 65344355 3625172661 214478 0 908560 0 0 0
1791420516 3000, 13801, 55, 0x0000000000000000 | 3.20 4.53 4.26 | cpu  166387434 11708130 65344508 3625182877 214478 0 908560 0 0 0
1791420518 3007, 13801, 53, 0x0000000000000000 | 3.20 4.53 4.26 | cpu  166387594 11708130 65344697 3625193287 214478 0 908560 0 0 0
1791420519 3007, 13801, 54, 0x0000000000000000 | 3.20 4.53 4.26 | cpu  166387757 11708130 65344871 3625203640 214478 0 908560 0 0 0
1791420520 3007, 13801, 54, 0x0000000000000000 | 3.59 4.58 4.28 | cpu  166387976 11708130 65345146 3625213803 214478 0 908560 0 0 0
1791420521 3015, 13801, 52, 0x0000000000000000 | 3.59 4.58 4.28 | cpu  166388128 11708131 65345362 3625224167 214478 0 908560 0 0 0
1791420522 3015, 13801, 52, 0x0000000000000000 | 3.59 4.58 4.28 | cpu  166388277 11708131 65345582 3625234503 214480 0 908560 0 0 0
1791420523 3015, 13801, 55, 0x0000000000000000 | 3.59 4.58 4.28 | cpu  166388457 11708131 65345823 3625244761 214480 0 908560 0 0 0
1791420524 3000, 13801, 55, 0x0000000000000000 | 3.46 4.54 4.27 | cpu  166388608 11708131 65346002 3625255130 214480 0 908560 0 0 0
1791420525 3015, 13801, 55, 0x0000000000000000 | 3.46 4.54 4.27 | cpu  166388788 11708131 65346242 3625265453 214481 0 908560 0 0 0
1791420526 3007, 13801, 54, 0x0000000000000000 | 3.46 4.54 4.27 | cpu  166388936 11708131 65346376 3625275886 214481 0 908560 0 0 0
1791420528 3007, 13801, 53, 0x0000000000000000 | 3.46 4.54 4.27 | cpu  166389102 11708131 65346525 3625286270 214482 0 908560 0 0 0
1791420529 3007, 13801, 52, 0x0000000000000000 | 3.46 4.54 4.27 | cpu  166389270 11708131 65346695 3625296592 214483 0 908560 0 0 0
1791420530 3007, 13801, 53, 0x0000000000000000 | 3.50 4.53 4.26 | cpu  166389450 11708131 65346970 3625306766 214484 0 908561 0 0 0
1791420531 3015, 13801, 54, 0x0000000000000000 | 3.50 4.53 4.26 | cpu  166389645 11708131 65347195 3625317104 214484 0 908561 0 0 0
1791420532 3007, 13801, 52, 0x0000000000000000 | 3.50 4.53 4.26 | cpu  166389811 11708131 65347359 3625327470 214484 0 908561 0 0 0
1791420533 3007, 13801, 55, 0x0000000000000000 | 3.50 4.53 4.26 | cpu  166389956 11708131 65347474 3625337937 214484 0 908561 0 0 0
1791420534 3000, 13801, 53, 0x0000000000000000 | 3.46 4.51 4.26 | cpu  166390103 11708131 65347581 3625348389 214484 0 908561 0 0 0
1791420535 2985, 13801, 54, 0x0000000000000000 | 3.46 4.51 4.26 | cpu  166390261 11708131 65347696 3625358868 214485 0 908561 0 0 0
1791420537 3007, 13801, 56, 0x0000000000000000 | 3.46 4.51 4.26 | cpu  166390410 11708131 65347818 3625369305 214485 0 908561 0 0 0
1791420538 3007, 13801, 53, 0x0000000000000000 | 3.46 4.51 4.26 | cpu  166390555 11708131 65347932 3625379790 214485 0 908561 0 0 0
1791420539 2992, 13801, 55, 0x0000000000000000 | 3.46 4.51 4.26 | cpu  166390720 11708131 65348059 3625390070 214485 0 908561 0 0 0
1791420540 3007, 13801, 53, 0x0000000000000000 | 3.43 4.48 4.25 | cpu  166390925 11708131 65348212 3625400404 214485 0 908561 0 0 0
1791420541 3007, 13801, 52, 0x0000000000000000 | 3.43 4.48 4.25 | cpu  166391108 11708131 65348452 3625410573 214485 0 908561 0 0 0
1791420542 3007, 13801, 54, 0x0000000000000000 | 3.43 4.48 4.25 | cpu  166391292 11708131 65348715 3625420863 214485 0 908562 0 0 0
1791420543 2992, 13801, 53, 0x0000000000000000 | 3.43 4.48 4.25 | cpu  166391444 11708131 65348842 3625431348 214485 0 908562 0 0 0
1791420544 3007, 13801, 53, 0x0000000000000000 | 3.31 4.44 4.24 | cpu  166391588 11708131 65348952 3625441736 214486 0 908562 0 0 0
1791420545 3007, 13801, 53, 0x0000000000000000 | 3.31 4.44 4.24 | cpu  166391742 11708131 65349073 3625452173 214486 0 908562 0 0 0
1791420547 3022, 13801, 55, 0x0000000000000000 | 3.31 4.44 4.24 | cpu  166391891 11708131 65349180 3625462607 214487 0 908562 0 0 0
1791420548 3007, 13801, 56, 0x0000000000000000 | 3.31 4.44 4.24 | cpu  166392046 11708131 65349304 3625473065 214487 0 908562 0 0 0
1791420549 3007, 13801, 54, 0x0000000000000000 | 3.31 4.44 4.24 | cpu  166392326 11708131 65349419 3625483414 214487 0 908562 0 0 0
1791420550 3015, 13801, 52, 0x0000000000000000 | 3.37 4.43 4.24 | cpu  166392748 11708131 65349609 3625493512 214491 0 908562 0 0 0
1791420551 3000, 13801, 55, 0x0000000000000000 | 3.37 4.43 4.24 | cpu  166392939 11708131 65349828 3625503762 214500 0 908562 0 0 0
1791420552 3007, 13801, 55, 0x0000000000000000 | 3.37 4.43 4.24 | cpu  166393123 11708131 65350021 3625514102 214502 0 908562 0 0 0
1791420553 3007, 13801, 53, 0x0000000000000000 | 3.37 4.43 4.24 | cpu  166393325 11708131 65350272 3625524347 214502 0 908562 0 0 0
1791420554 3007, 13801, 55, 0x0000000000000000 | 3.42 4.42 4.23 | cpu  166393519 11708131 65350531 3625534735 214502 0 908562 0 0 0
1791420556 3015, 13801, 55, 0x0000000000000000 | 3.42 4.42 4.23 | cpu  166393881 11708131 65350740 3625544826 214502 0 908562 0 0 0
1791420557 3007, 13801, 54, 0x0000000000000000 | 3.42 4.42 4.23 | cpu  166394127 11708132 65350914 3625555126 214502 0 908562 0 0 0
1791420558 3007, 13801, 56, 0x0000000000000000 | 3.42 4.42 4.23 | cpu  166394387 11708132 65351142 3625565423 214502 0 908563 0 0 0
1791420559 3007, 13801, 55, 0x0000000000000000 | 3.42 4.42 4.23 | cpu  166394830 11708132 65351428 3625575392 214503 0 908563 0 0 0
1791420560 3007, 13801, 55, 0x0000000000000000 | 3.46 4.42 4.23 | cpu  166395082 11708132 65351726 3625585468 214503 0 908563 0 0 0
1791420561 3007, 13801, 56, 0x0000000000000000 | 3.46 4.42 4.23 | cpu  166395260 11708132 65352029 3625595708 214503 0 908563 0 0 0
1791420562 3015, 13801, 56, 0x0000000000000000 | 3.46 4.42 4.23 | cpu  166395509 11708132 65352330 3625605886 214503 0 908563 0 0 0
1791420563 2985, 13801, 56, 0x0000000000000000 | 3.46 4.42 4.23 | cpu  166395761 11708132 65352630 3625616138 214503 0 908563 0 0 0
1791420564 3007, 13801, 58, 0x0000000000000000 | 3.43 4.39 4.23 | cpu  166396071 11708133 65352824 3625626324 214504 0 908563 0 0 0
1791420566 3007, 13801, 55, 0x0000000000000000 | 3.43 4.39 4.23 | cpu  166396459 11708133 65353134 3625636395 214504 0 908563 0 0 0
1791420567 2992, 13801, 57, 0x0000000000000000 | 3.43 4.39 4.23 | cpu  166396904 11708133 65353468 3625646398 214504 0 908563 0 0 0
1791420568 3007, 13801, 56, 0x0000000000000000 | 3.43 4.39 4.23 | cpu  166397343 11708133 65353698 3625656433 214504 0 908563 0 0 0
1791420569 3007, 13801, 58, 0x0000000000000000 | 3.43 4.39 4.23 | cpu  166397598 11708133 65353810 3625666788 214504 0 908563 0 0 0
1791420570 3007, 13801, 54, 0x0000000000000000 | 3.39 4.37 4.22 | cpu  166398219 11708133 65354550 3625675945 214504 0 908563 0 0 0
1791420571 2992, 13801, 55, 0x0000000000000000 | 3.39 4.37 4.22 | cpu  166400878 11708133 65354673 3625683859 214505 0 908563 0 0 0
1791420572 3000, 13801, 55, 0x0000000000000000 | 3.39 4.37 4.22 | cpu  166403547 11708133 65354793 3625691590 214505 0 908563 0 0 0
1791420573 3000, 13801, 56, 0x0000000000000000 | 3.39 4.37 4.22 | cpu  166404815 11708133 65355077 3625700738 214505 0 908563 0 0 0
1791420574 2992, 13801, 57, 0x0000000000000000 | 3.52 4.38 4.22 | cpu  166405212 11708133 65355423 3625710630 214505 0 908563 0 0 0
1791420576 3015, 13801, 55, 0x0000000000000000 | 3.52 4.38 4.22 | cpu  166406093 11708133 65355643 3625720248 214505 0 908563 0 0 0
1791420577 3015, 13801, 53, 0x0000000000000000 | 3.52 4.38 4.22 | cpu  166406348 11708133 65355763 3625730623 214506 0 908564 0 0 0
1791420578 3007, 13801, 56, 0x0000000000000000 | 3.52 4.38 4.22 | cpu  166406579 11708133 65355950 3625740890 214506 0 908564 0 0 0
1791420579 2985, 13801, 54, 0x0000000000000000 | 3.52 4.38 4.22 | cpu  166406745 11708133 65356099 3625751301 214506 0 908564 0 0 0
1791420580 3007, 13801, 56, 0x0000000000000000 | 3.40 4.34 4.21 | cpu  166406899 11708133 65356217 3625761748 214506 0 908564 0 0 0
1791420581 3007, 13801, 55, 0x0000000000000000 | 3.40 4.34 4.21 | cpu  166407046 11708133 65356331 3625772230 214506 0 908564 0 0 0
1791420582 3015, 13801, 56, 0x0000000000000000 | 3.40 4.34 4.21 | cpu  166407209 11708133 65356450 3625782644 214507 0 908564 0 0 0
1791420583 2992, 13801, 56, 0x0000000000000000 | 3.40 4.34 4.21 | cpu  166407358 11708133 65356561 3625793111 214507 0 908565 0 0 0
1791420585 3007, 13801, 56, 0x0000000000000000 | 3.29 4.30 4.20 | cpu  166407505 11708133 65356676 3625803577 214507 0 908565 0 0 0
1791420586 3007, 13801, 56, 0x0000000000000000 | 3.29 4.30 4.20 | cpu  166407653 11708133 65356788 3625814036 214507 0 908565 0 0 0
1791420587 2992, 13801, 56, 0x0000000000000000 | 3.29 4.30 4.20 | cpu  166407806 11708133 65356906 3625824475 214508 0 908565 0 0 0
1791420588 3000, 13801, 54, 0x0000000000000000 | 3.29 4.30 4.20 | cpu  166407996 11708133 65357064 3625834797 214508 0 908565 0 0 0
1791420589 3007, 13801, 54, 0x0000000000000000 | 3.29 4.30 4.20 | cpu  166408161 11708133 65357235 3625845192 214508 0 908566 0 0 0
1791420590 3000, 13801, 54, 0x0000000000000000 | 3.50 4.33 4.21 | cpu  166408354 11708133 65357514 3625855446 214509 0 908566 0 0 0
1791420591 2992, 13801, 54, 0x0000000000000000 | 3.50 4.33 4.21 | cpu  166408540 11708133 65357758 3625865720 214512 0 908566 0 0 0
1791420592 3000, 13801, 56, 0x0000000000000000 | 3.50 4.33 4.21 | cpu  166408709 11708133 65357924 3625876085 214513 0 908566 0 0 0
1791420593 3007, 13801, 55, 0x0000000000000000 | 3.50 4.33 4.21 | cpu  166408859 11708133 65358044 3625886518 214513 0 908566 0 0 0
1791420595 2992, 13801, 56, 0x0000000000000000 | 3.46 4.31 4.20 | cpu  166409011 11708133 65358153 3625896972 214513 0 908566 0 0 0
1791420596 2992, 13801, 54, 0x0000000000000000 | 3.46 4.31 4.20 | cpu  166409164 11708133 65358322 3625907467 214513 0 908566 0 0 0
1791420597 3015, 13801, 54, 0x0000000000000000 | 3.46 4.31 4.20 | cpu  166409321 11708133 65358553 3625917858 214513 0 908566 0 0 0
1791420598 3015, 13801, 54, 0x0000000000000000 | 3.46 4.31 4.20 | cpu  166409473 11708133 65358769 3625928210 214514 0 908566 0 0 0
1791420599 2992, 13801, 55, 0x0000000000000000 | 3.46 4.31 4.20 | cpu  166409624 11708133 65358988 3625938560 214514 0 908566 0 0 0
1791420600 3015, 13801, 52, 0x0000000000000000 | 3.43 4.29 4.20 | cpu  166409772 11708133 65359211 3625948891 214514 0 908566 0 0 0
1791420601 3007, 13801, 52, 0x0000000000000000 | 3.43 4.29 4.20 | cpu  166409931 11708134 65359467 3625959121 214514 0 908566 0 0 0
1791420602 3015, 13801, 54, 0x0000000000000000 | 3.43 4.29 4.20 | cpu  166410152 11708134 65359806 3625969250 214514 0 908566 0 0 0
1791420604 3000, 13801, 54, 0x0000000000000000 | 3.43 4.29 4.20 | cpu  166410322 11708134 65359966 3625979618 214514 0 908566 0 0 0
1791420605 3007, 13801, 54, 0x0000000000000000 | 3.31 4.25 4.18 | cpu  166410483 11708134 65360126 3625989973 214514 0 908566 0 0 0
1791420606 3015, 13801, 55, 0x0000000000000000 | 3.31 4.25 4.18 | cpu  166410645 11708134 65360307 3626000349 214514 0 908566 0 0 0
1791420607 2992, 13801, 55, 0x0000000000000000 | 3.31 4.25 4.18 | cpu  166410795 11708134 65360416 3626010792 214514 0 908566 0 0 0
1791420608 3000, 13801, 56, 0x0000000000000000 | 3.31 4.25 4.18 | cpu  166410942 11708134 65360524 3626021254 214515 0 908566 0 0 0
1791420609 3015, 13801, 56, 0x0000000000000000 | 3.29 4.23 4.18 | cpu  166411152 11708134 65360684 3626031618 214515 0 908566 0 0 0
1791420610 3007, 13801, 56, 0x0000000000000000 | 3.29 4.23 4.18 | cpu  166411306 11708134 65360803 3626042060 214515 0 908566 0 0 0
1791420611 3000, 13801, 56, 0x0000000000000000 | 3.29 4.23 4.18 | cpu  166411453 11708134 65360914 3626052508 214515 0 908566 0 0 0
1791420612 3007, 13801, 53, 0x0000000000000000 | 3.29 4.23 4.18 | cpu  166411602 11708134 65361027 3626063045 214515 0 908567 0 0 0
1791420614 3007, 13801, 53, 0x0000000000000000 | 3.29 4.23 4.18 | cpu  166411760 11708134 65361178 3626073333 214515 0 908567 0 0 0
1791420615 3000, 13801, 54, 0x0000000000000000 | 3.26 4.21 4.17 | cpu  166411927 11708134 65361367 3626083761 214516 0 908567 0 0 0
1791420616 2992, 13801, 55, 0x0000000000000000 | 3.26 4.21 4.17 | cpu  166412082 11708134 65361505 3626094183 214516 0 908567 0 0 0
1791420617 3015, 13801, 56, 0x0000000000000000 | 3.26 4.21 4.17 | cpu  166412229 11708134 65361628 3626104659 214516 0 908567 0 0 0
1791420618 3007, 13801, 54, 0x0000000000000000 | 3.26 4.21 4.17 | cpu  166412375 11708134 65361738 3626115102 214516 0 908567 0 0 0
1791420619 2992, 13801, 56, 0x0000000000000000 | 3.24 4.19 4.16 | cpu  166412532 11708134 65361853 3626125545 214519 0 908567 0 0 0
1791420620 3007, 13801, 53, 0x0000000000000000 | 3.24 4.19 4.16 | cpu  166412678 11708134 65361970 3626136008 214519 0 908567 0 0 0
1791420621 3007, 13801, 52, 0x0000000000000000 | 3.24 4.19 4.16 | cpu  166412840 11708134 65362170 3626146324 214519 0 908567 0 0 0
1791420623 2992, 13801, 54, 0x0000000000000000 | 3.24 4.19 4.16 | cpu  166412990 11708134 65362279 3626156835 214519 0 908567 0 0 0
1791420624 3000, 13801, 53, 0x0000000000000000 | 3.24 4.19 4.16 | cpu  166413139 11708134 65362385 3626167314 214519 0 908567 0 0 0
1791420625 3015, 13801, 52, 0x0000000000000000 | 3.14 4.15 4.15 | cpu  166413284 11708134 65362502 3626177771 214522 0 908567 0 0 0
1791420626 3007, 13801, 53, 0x0000000000000000 | 3.14 4.15 4.15 | cpu  166413446 11708134 65362665 3626188107 214522 0 908567 0 0 0
1791420627 2992, 13801, 55, 0x0000000000000000 | 3.14 4.15 4.15 | cpu  166413620 11708134 65362858 3626198590 214522 0 908567 0 0 0
1791420628 3015, 13801, 54, 0x0000000000000000 | 3.14 4.15 4.15 | cpu  166413769 11708134 65362982 3626209031 214522 0 908567 0 0 0
1791420629 3000, 13801, 55, 0x0000000000000000 | 3.05 4.11 4.14 | cpu  166413916 11708134 65363094 3626219465 214522 0 908567 0 0 0
1791420630 3007, 13801, 55, 0x0000000000000000 | 3.05 4.11 4.14 | cpu  166414073 11708134 65363214 3626229860 214522 0 908567 0 0 0
1791420631 2992, 13801, 55, 0x0000000000000000 | 3.05 4.11 4.14 | cpu  166414219 11708135 65363323 3626240304 214523 0 908567 0 0 0
1791420633 3007, 13801, 54, 0x0000000000000000 | 3.05 4.11 4.14 | cpu  166414366 11708135 65363437 3626250821 214523 0 908567 0 0 0
1791420634 3015, 13801, 53, 0x0000000000000000 | 3.05 4.11 4.14 | cpu  166414512 11708135 65363547 3626261276 214523 0 908567 0 0 0
1791420635 3007, 13801, 55, 0x0000000000000000 | 2.97 4.08 4.13 | cpu  166414671 11708135 65363701 3626271675 214524 0 908567 0 0 0
1791420636 3007, 13801, 53, 0x0000000000000000 | 2.97 4.08 4.13 | cpu  166414823 11708135 65363921 3626282022 214524 0 908567 0 0 0
1791420637 3015, 13801, 54, 0x0000000000000000 | 2.97 4.08 4.13 | cpu  166414978 11708135 65364145 3626292380 214524 0 908567 0 0 0
1791420638 3015, 13801, 53, 0x0000000000000000 | 2.97 4.08 4.13 | cpu  166415155 11708135 65364509 3626302529 214524 0 908567 0 0 0
1791420639 2992, 13801, 53, 0x0000000000000000 | 2.97 4.06 4.12 | cpu  166415326 11708135 65364870 3626312786 214524 0 908567 0 0 0
1791420640 3015, 13801, 54, 0x0000000000000000 | 2.97 4.06 4.12 | cpu  166415474 11708135 65365006 3626323224 214524 0 908567 0 0 0
1791420642 3000, 13801, 53, 0x0000000000000000 | 2.97 4.06 4.12 | cpu  166415623 11708135 65365137 3626333670 214524 0 908567 0 0 0
1791420643 3007, 13801, 55, 0x0000000000000000 | 2.97 4.06 4.12 | cpu  166415774 11708136 65365247 3626344120 214524 0 908567 0 0 0
1791420644 2985, 13801, 55, 0x0000000000000000 | 2.97 4.06 4.12 | cpu  166415920 11708136 65365357 3626354608 214524 0 908567 0 0 0
1791420645 3015, 13801, 55, 0x0000000000000000 | 2.97 4.04 4.12 | cpu  166416069 11708136 65365471 3626365062 214524 0 908567 0 0 0
1791420646 3007, 13801, 52, 0x0000000000000000 | 2.97 4.04 4.12 | cpu  166416214 11708136 65365582 3626375493 214525 0 908567 0 0 0
1791420647 2992, 13801, 55, 0x0000000000000000 | 2.97 4.04 4.12 | cpu  166416377 11708136 65365721 3626385937 214525 0 908568 0 0 0
1791420648 3000, 13801, 53, 0x0000000000000000 | 2.97 4.04 4.12 | cpu  166416533 11708136 65365856 3626396362 214525 0 908568 0 0 0
1791420649 3015, 13801, 52, 0x0000000000000000 | 2.89 4.01 4.10 | cpu  166416693 11708136 65366030 3626406842 214526 0 908568 0 0 0
1791420650 3022, 13801, 54, 0x0000000000000000 | 2.89 4.01 4.10 | cpu  166416917 11708136 65366317 3626416895 214528 0 908568 0 0 0
1791420652 2985, 13801, 55, 0x0000000000000000 | 2.89 4.01 4.10 | cpu  166417109 11708136 65366590 3626427214 214528 0 908568 0 0 0
1791420653 3015, 13801, 54, 0x0000000000000000 | 2.89 4.01 4.10 | cpu  166417269 11708136 65366777 3626437576 214528 0 908568 0 0 0
1791420654 3007, 13801, 53, 0x0000000000000000 | 2.89 4.01 4.10 | cpu  166417423 11708136 65366898 3626448093 214528 0 908568 0 0 0
1791420655 2985, 13801, 55, 0x0000000000000000 | 2.90 3.99 4.10 | cpu  166417591 11708136 65367022 3626458499 214528 0 908568 0 0 0
1791420656 3015, 13801, 54, 0x0000000000000000 | 2.90 3.99 4.10 | cpu  166417758 11708136 65367190 3626468910 214533 0 908569 0 0 0
1791420657 3015, 13801, 54, 0x0000000000000000 | 2.90 3.99 4.10 | cpu  166417923 11708136 65367311 3626479293 214534 0 908569 0 0 0
1791420658 3007, 13801, 53, 0x0000000000000000 | 2.90 3.99 4.10 | cpu  166418112 11708136 65367473 3626489602 214553 0 908570 0 0 0
1791420659 2985, 13801, 54, 0x0000000000000000 | 3.23 4.04 4.11 | cpu  166418375 11708136 65367686 3626499907 214567 0 908570 0 0 0
1791420661 3015, 13801, 53, 0x0000000000000000 | 3.23 4.04 4.11 | cpu  166418599 11708136 65367936 3626509876 214576 0 908570 0 0 0
1791420662 3015, 13801, 54, 0x0000000000000000 | 3.23 4.04 4.11 | cpu  166418831 11708136 65368172 3626519999 214582 0 908571 0 0 0
1791420663 2992, 13801, 54, 0x0000000000000000 | 3.23 4.04 4.11 | cpu  166419070 11708136 65368333 3626530358 214582 0 908573 0 0 0
1791420664 2992, 13801, 55, 0x0000000000000000 | 3.23 4.04 4.11 | cpu  166419343 11708136 65368544 3626540675 214583 0 908573 0 0 0
1791420665 3015, 13801, 53, 0x0000000000000000 | 3.29 4.04 4.11 | cpu  166419599 11708136 65368792 3626550847 214583 0 908573 0 0 0
1791420666 3015, 13801, 54, 0x0000000000000000 | 3.29 4.04 4.11 | cpu  166419804 11708136 65368915 3626561220 214583 0 908573 0 0 0
1791420667 3000, 13801, 55, 0x0000000000000000 | 3.29 4.04 4.11 | cpu  166419994 11708136 65369067 3626571563 214584 0 908573 0 0 0
1791420668 3015, 13801, 55, 0x0000000000000000 | 3.29 4.04 4.11 | cpu  166420226 11708136 65369206 3626581766 214589 0 908574 0 0 0
1791420669 3007, 13801, 54, 0x0000000000000000 | 3.27 4.02 4.11 | cpu  166420444 11708136 65369363 3626592083 214590 0 908574 0 0 0
1791420671 2992, 13801, 55, 0x0000000000000000 | 3.27 4.02 4.11 | cpu  166420711 11708136 65369566 3626602218 214590 0 908574 0 0 0
1791420672 3000, 13801, 56, 0x0000000000000000 | 3.27 4.02 4.11 | cpu  166420897 11708136 65369725 3626612580 214591 0 908574 0 0 0
1791420673 3015, 13801, 52, 0x0000000000000000 | 3.27 4.02 4.11 | cpu  166421080 11708136 65369969 3626623103 214593 0 908574 0 0 0
1791420674 3022, 13801, 54, 0x0000000000000000 | 3.27 4.02 4.11 | cpu  166421309 11708136 65370239 3626633309 214597 0 908574 0 0 0
1791420675 3007, 13801, 54, 0x0000000000000000 | 3.25 4.00 4.10 | cpu  166421526 11708136 65370502 3626643674 214598 0 908574 0 0 0
1791420676 3015, 13801, 53, 0x0000000000000000 | 3.25 4.00 4.10 | cpu  166421782 11708137 65370833 3626653823 214601 0 908574 0 0 0
1791420677 3015, 13801, 53, 0x0000000000000000 | 3.25 4.00 4.10 | cpu  166421965 11708137 65371065 3626664156 214601 0 908574 0 0 0
1791420678 3015, 13801, 55, 0x0000000000000000 | 3.25 4.00 4.10 | cpu  166422110 11708137 65371173 3626674608 214602 0 908574 0 0 0
1791420680 2985, 13801, 54, 0x0000000000000000 | 3.15 3.97 4.09 | cpu  166422311 11708138 65371296 3626684965 214602 0 908574 0 0 0
1791420681 3015, 13801, 53, 0x0000000000000000 | 3.15 3.97 4.09 | cpu  166422496 11708138 65371443 3626695364 214603 0 908574 0 0 0
1791420682 3007, 13801, 53, 0x0000000000000000 | 3.15 3.97 4.09 | cpu  166422665 11708138 65371588 3626705665 214604 0 908574 0 0 0
1791420683 3015, 13801, 53, 0x0000000000000000 | 3.15 3.97 4.09 | cpu  166422819 11708138 65371706 3626716117 214604 0 908574 0 0 0
1791420684 3000, 13801, 54, 0x0000000000000000 | 3.15 3.97 4.09 | cpu  166422992 11708138 65371843 3626726491 214604 0 908574 0 0 0
1791420685 3007, 13801, 52, 0x0000000000000000 | 3.13 3.95 4.08 | cpu  166423146 11708138 65371969 3626736935 214604 0 908575 0 0 0
1791420686 3015, 13801, 53, 0x0000000000000000 | 3.13 3.95 4.08 | cpu  166423319 11708138 65372202 3626747215 214605 0 908575 0 0 0
1791420687 3015, 13801, 55, 0x0000000000000000 | 3.13 3.95 4.08 | cpu  166423481 11708138 65372372 3626757641 214605 0 908575 0 0 0
1791420688 3015, 13801, 53, 0x0000000000000000 | 3.13 3.95 4.08 | cpu  166423653 11708138 65372580 3626768054 214606 0 908575 0 0 0
1791420690 3007, 13801, 53, 0x0000000000000000 | 3.04 3.92 4.07 | cpu  166423809 11708138 65372737 3626778512 214606 0 908575 0 0 0
1791420691 3007, 13801, 53, 0x0000000000000000 | 3.04 3.92 4.07 | cpu  166423966 11708138 65372854 3626788946 214606 0 908575 0 0 0
1791420692 2985, 13801, 55, 0x0000000000000000 | 3.04 3.92 4.07 | cpu  166424115 11708138 65372963 3626799372 214606 0 908575 0 0 0
1791420693 3000, 13801, 52, 0x0000000000000000 | 3.04 3.92 4.07 | cpu  166424262 11708138 65373079 3626809841 214606 0 908575 0 0 0
1791420694 3007, 13801, 52, 0x0000000000000000 | 3.04 3.92 4.07 | cpu  166424409 11708138 65373188 3626820302 214607 0 908576 0 0 0
1791420695 2992, 13801, 54, 0x0000000000000000 | 2.96 3.89 4.06 | cpu  166424567 11708138 65373306 3626830723 214607 0 908576 0 0 0
1791420696 3015, 13801, 54, 0x0000000000000000 | 2.96 3.89 4.06 | cpu  166424714 11708138 65373414 3626841195 214607 0 908576 0 0 0
1791420697 3015, 13801, 54, 0x0000000000000000 | 2.96 3.89 4.06 | cpu  166424859 11708138 65373527 3626851644 214607 0 908576 0 0 0
1791420699 3007, 13801, 53, 0x0000000000000000 | 2.96 3.89 4.06 | cpu  166425005 11708138 65373636 3626862117 214607 0 908576 0 0 0
1791420700 2985, 13801, 55, 0x0000000000000000 | 3.04 3.89 4.06 | cpu  166425178 11708138 65373782 3626872533 214608 0 908577 0 0 0
1791420701 3015, 13801, 53, 0x0000000000000000 | 3.04 3.89 4.06 | cpu  166425349 11708138 65373985 3626882911 214608 0 908577 0 0 0
1791420702 3015, 13801, 54, 0x0000000000000000 | 3.04 3.89 4.06 | cpu  166425506 11708138 65374141 3626893307 214608 0 908577 0 0 0
1791420703 3000, 13801, 55, 0x0000000000000000 | 3.04 3.89 4.06 | cpu  166425663 11708138 65374331 3626903678 214608 0 908577 0 0 0
1791420704 3007, 13801, 55, 0x0000000000000000 | 3.04 3.88 4.05 | cpu  166425815 11708138 65374511 3626914035 214609 0 908577 0 0 0
1791420705 3007, 13801, 55, 0x0000000000000000 | 3.04 3.88 4.05 | cpu  166425971 11708138 65374640 3626924562 214609 0 908577 0 0 0
1791420706 3015, 13801, 54, 0x0000000000000000 | 3.04 3.88 4.05 | cpu  166426141 11708138 65374764 3626934976 214609 0 908578 0 0 0
1791420707 2992, 13801, 55, 0x0000000000000000 | 3.04 3.88 4.05 | cpu  166426323 11708138 65374899 3626945364 214609 0 908578 0 0 0
1791420709 3007, 13801, 53, 0x0000000000000000 | 3.04 3.88 4.05 | cpu  166426483 11708138 65375030 3626955772 214611 0 908579 0 0 0
1791420710 3007, 13801, 53, 0x0000000000000000 | 3.12 3.88 4.05 | cpu  166426644 11708138 65375269 3626966145 214612 0 908579 0 0 0
1791420711 3030, 13801, 53, 0x0000000000000000 | 3.12 3.88 4.05 | cpu  166426846 11708139 65375574 3626976325 214612 0 908581 0 0 0
1791420712 3000, 13801, 53, 0x0000000000000000 | 3.12 3.88 4.05 | cpu  166427044 11708139 65375906 3626986369 214612 0 908582 0 0 0
1791420713 3015, 13801, 54, 0x0000000000000000 | 3.12 3.88 4.05 | cpu  166427294 11708139 65376283 3626996491 214614 0 908598 0 0 0
1791420714 3015, 13801, 52, 0x0000000000000000 | 3.35 3.91 4.06 | cpu  166427461 11708139 65376568 3627006658 214614 0 908602 0 0 0
1791420715 3022, 13801, 55, 0x0000000000000000 | 3.35 3.91 4.06 | cpu  166427639 11708139 65376727 3627016921 214615 0 908606 0 0 0
1791420716 2992, 13801, 53, 0x0000000000000000 | 3.35 3.91 4.06 | cpu  166427805 11708139 65376873 3627027274 214615 0 908611 0 0 0
1791420718 3015, 13801, 54, 0x0000000000000000 | 3.35 3.91 4.06 | cpu  166428038 11708139 65377032 3627037588 214615 0 908615 0 0 0
1791420719 3015, 13801, 55, 0x0000000000000000 | 3.35 3.91 4.06 | cpu  166428320 11708139 65377305 3627047712 214616 0 908615 0 0 0
1791420720 2992, 13801, 54, 0x0000000000000000 | 3.32 3.90 4.06 | cpu  166428619 11708139 65377452 3627057933 214618 0 908615 0 0 0
1791420721 3015, 13801, 54, 0x0000000000000000 | 3.32 3.90 4.06 | cpu  166428873 11708139 65377598 3627068239 214618 0 908615 0 0 0
1791420722 3007, 13801, 54, 0x0000000000000000 | 3.32 3.90 4.06 | cpu  166429134 11708139 65377722 3627078579 214618 0 908615 0 0 0
1791420723 3007, 13801, 54, 0x0000000000000000 | 3.32 3.90 4.06 | cpu  166429392 11708139 65377855 3627088907 214618 0 908615 0 0 0
1791420724 2985, 13801, 54, 0x0000000000000000 | 3.29 3.88 4.05 | cpu  166429665 11708139 65378026 3627099174 214618 0 908615 0 0 0
1791420725 3007, 13801, 53, 0x0000000000000000 | 3.29 3.88 4.05 | cpu  166429941 11708139 65378247 3627109402 214619 0 908615 0 0 0
1791420726 3015, 13801, 53, 0x0000000000000000 | 3.29 3.88 4.05 | cpu  166430200 11708139 65378423 3627119636 214619 0 908615 0 0 0
1791420728 3000, 13801, 55, 0x0000000000000000 | 3.29 3.88 4.05 | cpu  166430452 11708139 65378587 3627129936 214619 0 908616 0 0 0
1791420729 3007, 13801, 53, 0x0000000000000000 | 3.29 3.88 4.05 | cpu  166430707 11708139 65378744 3627140222 214619 0 908616 0 0 0
1791420730 3015, 13801, 53, 0x0000000000000000 | 3.27 3.87 4.05 | cpu  166430967 11708139 65378897 3627150478 214619 0 908616 0 0 0
1791420731 3007, 13801, 55, 0x0000000000000000 | 3.27 3.87 4.05 | cpu  166431219 11708139 65379033 3627160761 214619 0 908616 0 0 0
1791420732 2985, 13801, 54, 0x0000000000000000 | 3.27 3.87 4.05 | cpu  166431489 11708139 65379185 3627170997 214619 0 908616 0 0 0
1791420733 3015, 13801, 53, 0x0000000000000000 | 3.27 3.87 4.05 | cpu  166431732 11708139 65379357 3627181242 214619 0 908616 0 0 0
1791420734 3015, 13801, 55, 0x0000000000000000 | 3.33 3.87 4.05 | cpu  166432000 11708139 65379555 3627191450 214619 0 908616 0 0 0
1791420735 3007, 13801, 53, 0x0000000000000000 | 3.33 3.87 4.05 | cpu  166432266 11708139 65379720 3627201744 214619 0 908616 0 0 0
1791420737 3007, 13801, 54, 0x0000000000000000 | 3.33 3.87 4.05 | cpu  166432526 11708140 65379888 3627211979 214621 0 908616 0 0 0
1791420738 3015, 13801, 54, 0x0000000000000000 | 3.33 3.87 4.05 | cpu  166432796 11708140 65380089 3627222347 214621 0 908617 0 0 0
1791420739 3015, 13801, 53, 0x0000000000000000 | 3.33 3.87 4.05 | cpu  166433040 11708140 65380242 3627232601 214622 0 908617 0 0 0
1791420740 3007, 13801, 55, 0x0000000000000000 | 3.30 3.86 4.04 | cpu  166433283 11708140 65380376 3627242883 214622 0 908617 0 0 0
1791420741 3007, 13801, 53, 0x0000000000000000 | 3.30 3.86 4.04 | cpu  166433507 11708140 65380495 3627253210 214623 0 908617 0 0 0
1791420742 3007, 13801, 52, 0x0000000000000000 | 3.30 3.86 4.04 | cpu  166433668 11708140 65380622 3627263598 214623 0 908621 0 0 0
1791420743 3007, 13801, 53, 0x0000000000000000 | 3.30 3.86 4.04 | cpu  166433828 11708140 65380746 3627274019 214624 0 908623 0 0 0
1791420744 2985, 13801, 53, 0x0000000000000000 | 3.36 3.86 4.04 | cpu  166433985 11708140 65380874 3627284421 214624 0 908625 0 0 0
1791420745 3007, 13801, 52, 0x0000000000000000 | 3.36 3.86 4.04 | cpu  166434136 11708140 65380998 3627294808 214624 0 908626 0 0 0
1791420747 3015, 13801, 54, 0x0000000000000000 | 3.36 3.86 4.04 | cpu  166434290 11708140 65381127 3627305261 214624 0 908628 0 0 0
1791420748 3015, 13801, 52, 0x0000000000000000 | 3.36 3.86 4.04 | cpu  166434531 11708140 65381380 3627315496 214625 0 908628 0 0 0
1791420749 3015, 13801, 53, 0x0000000000000000 | 3.36 3.86 4.04 | cpu  166434801 11708140 65381659 3627325579 214625 0 908629 0 0 0
1791420750 3015, 13801, 52, 0x0000000000000000 | 3.49 3.88 4.04 | cpu  166435065 11708140 65382009 3627335732 214625 0 908629 0 0 0
1791420751 3015, 13801, 51, 0x0000000000000000 | 3.49 3.88 4.04 | cpu  166435332 11708140 65382328 3627345826 214625 0 908629 0 0 0
1791420752 3000, 13801, 55, 0x0000000000000000 | 3.49 3.88 4.04 | cpu  166435597 11708140 65382569 3627355987 214625 0 908629 0 0 0
1791420753 3015, 13801, 54, 0x0000000000000000 | 3.49 3.88 4.04 | cpu  166435847 11708140 65382688 3627366310 214626 0 908629 0 0 0
1791420754 3007, 13801, 54, 0x0000000000000000 | 3.37 3.85 4.03 | cpu  166436057 11708140 65382813 3627376679 214626 0 908630 0 0 0
1791420755 3007, 13801, 54, 0x0000000000000000 | 3.37 3.85 4.03 | cpu  166436225 11708140 65382942 3627387071 214626 0 908631 0 0 0
1791420757 3015, 13801, 54, 0x0000000000000000 | 3.37 3.85 4.03 | cpu  166436371 11708140 65383064 3627397496 214628 0 908631 0 0 0
1791420758 3007, 13801, 53, 0x0000000000000000 | 3.37 3.85 4.03 | cpu  166436514 11708140 65383201 3627407846 214629 0 908631 0 0 0
1791420759 3007, 13801, 54, 0x0000000000000000 | 3.37 3.85 4.03 | cpu  166436661 11708140 65383314 3627418292 214629 0 908631 0 0 0
1791420760 3022, 13801, 54, 0x0000000000000000 | 3.26 3.82 4.02 | cpu  166436846 11708140 65383435 3627428685 214629 0 908631 0 0 0
1791420761 3007, 13801, 53, 0x0000000000000000 | 3.26 3.82 4.02 | cpu  166437006 11708140 65383597 3627438970 214629 0 908631 0 0 0
1791420762 3015, 13801, 52, 0x0000000000000000 | 3.26 3.82 4.02 | cpu  166437168 11708141 65383789 3627449379 214632 0 908631 0 0 0
1791420763 3007, 13801, 52, 0x0000000000000000 | 3.26 3.82 4.02 | cpu  166437331 11708141 65383997 3627459632 214634 0 908632 0 0 0
1791420764 2992, 13801, 54, 0x0000000000000000 | 3.16 3.79 4.01 | cpu  166437484 11708141 65384105 3627470067 214634 0 908632 0 0 0
1791420766 3015, 13801, 52, 0x0000000000000000 | 3.16 3.79 4.01 | cpu  166437646 11708141 65384308 3627480399 214634 0 908633 0 0 0
1791420767 3015, 13801, 52, 0x0000000000000000 | 3.16 3.79 4.01 | cpu  166437799 11708141 65384428 3627490862 214636 0 908633 0 0 0
1791420768 3022, 13801, 54, 0x0000000000000000 | 3.16 3.79 4.01 | cpu  166437972 11708141 65384648 3627501193 214636 0 908634 0 0 0
1791420769 3007, 13801, 54, 0x0000000000000000 | 3.16 3.79 4.01 | cpu  166438130 11708141 65384869 3627511494 214637 0 908635 0 0 0
1791420770 3015, 13801, 53, 0x0000000000000000 | 3.15 3.77 4.01 | cpu  166438298 11708141 65385078 3627521766 214639 0 908636 0 0 0
1791420771 3015, 13801, 52, 0x0000000000000000 | 3.15 3.77 4.01 | cpu  166438478 11708141 65385275 3627531973 214639 0 908639 0 0 0
1791420772 2992, 13801, 54, 0x0000000000000000 | 3.15 3.77 4.01 | cpu  166438652 11708141 65385437 3627542329 214639 0 908641 0 0 0
1791420773 3007, 13801, 53, 0x0000000000000000 | 3.15 3.77 4.01 | cpu  166438810 11708141 65385599 3627552662 214639 0 908642 0 0 0
1791420774 3007, 13801, 51, 0x0000000000000000 | 3.13 3.76 4.00 | cpu  166438979 11708141 65385805 3627562996 214640 0 908643 0 0 0
1791420776 3000, 13801, 53, 0x0000000000000000 | 3.13 3.76 4.00 | cpu  166439133 11708141 65385944 3627573418 214642 0 908643 0 0 0
1791420777 3007, 13801, 54, 0x0000000000000000 | 3.13 3.76 4.00 | cpu  166439279 11708141 65386050 3627583869 214642 0 908643 0 0 0
1791420778 3007, 13801, 55, 0x0000000000000000 | 3.13 3.76 4.00 | cpu  166439426 11708141 65386164 3627594353 214642 0 908644 0 0 0
1791420779 3015, 13801, 55, 0x0000000000000000 | 3.13 3.76 4.00 | cpu  166439569 11708141 65386273 3627604726 214642 0 908644 0 0 0
1791420780 3007, 13801, 54, 0x0000000000000000 | 3.04 3.73 3.99 | cpu  166439735 11708141 65386427 3627615094 214646 0 908644 0 0 0
1791420781 3015, 13801, 52, 0x0000000000000000 | 3.04 3.73 3.99 | cpu  166439884 11708141 65386547 3627625543 214646 0 908644 0 0 0
1791420782 3015, 13801, 53, 0x0000000000000000 | 3.04 3.73 3.99 | cpu  166440031 11708141 65386664 3627635973 214646 0 908644 0 0 0
1791420783 3015, 13801, 52, 0x0000000000000000 | 3.04 3.73 3.99 | cpu  166440181 11708141 65386773 3627646441 214646 0 908644 0 0 0
1791420784 3022, 13801, 55, 0x0000000000000000 | 2.96 3.70 3.98 | cpu  166440330 11708141 65386883 3627656936 214646 0 908644 0 0 0
1791420786 3022, 13801, 53, 0x0000000000000000 | 2.96 3.70 3.98 | cpu  166440508 11708141 65387197 3627667114 214647 0 908644 0 0 0
1791420787 3022, 13801, 51, 0x0000000000000000 | 2.96 3.70 3.98 | cpu  166440674 11708141 65387486 3627677448 214647 0 908644 0 0 0
1791420788 3022, 13801, 53, 0x0000000000000000 | 2.96 3.70 3.98 | cpu  166440827 11708141 65387722 3627687721 214647 0 908644 0 0 0
1791420789 2985, 13801, 57, 0x0000000000000000 | 2.96 3.70 3.98 | cpu  166440976 11708141 65387940 3627698051 214647 0 908644 0 0 0
1791420790 3015, 13801, 52, 0x0000000000000000 | 3.04 3.71 3.98 | cpu  166441126 11708141 65388106 3627708458 214647 0 908644 0 0 0
1791420791 3015, 13801, 52, 0x0000000000000000 | 3.04 3.71 3.98 | cpu  166441278 11708142 65388221 3627718918 214649 0 908644 0 0 0
1791420792 2992, 13801, 54, 0x0000000000000000 | 3.04 3.71 3.98 | cpu  166441430 11708142 65388325 3627729363 214649 0 908645 0 0 0
1791420793 3000, 13801, 53, 0x0000000000000000 | 3.04 3.71 3.98 | cpu  166441576 11708142 65388439 3627739807 214649 0 908645 0 0 0
1791420795 3007, 13801, 54, 0x0000000000000000 | 2.96 3.68 3.97 | cpu  166441730 11708142 65388558 3627750252 214649 0 908645 0 0 0
1791420796 3015, 13801, 54, 0x0000000000000000 | 2.96 3.68 3.97 | cpu  166441894 11708142 65388687 3627760721 214649 0 908645 0 0 0
1791420797 3000, 13801, 54, 0x0000000000000000 | 2.96 3.68 3.97 | cpu  166442046 11708142 65388799 3627771122 214649 0 908645 0 0 0
1791420798 3015, 13801, 54, 0x0000000000000000 | 2.96 3.68 3.97 | cpu  166442241 11708142 65389090 3627781104 214651 0 908645 0 0 0
1791420799 3015, 13801, 53, 0x0000000000000000 | 2.96 3.68 3.97 | cpu  166442405 11708143 65389293 3627791483 214651 0 908645 0 0 0
1791420800 3015, 13801, 55, 0x0000000000000000 | 2.96 3.67 3.96 | cpu  166442555 11708143 65389416 3627801910 214651 0 908645 0 0 0
1791420801 3007, 13801, 55, 0x0000000000000000 | 2.96 3.67 3.96 | cpu  166442702 11708143 65389527 3627812406 214651 0 908645 0 0 0
1791420802 3015, 13801, 52, 0x0000000000000000 | 2.96 3.67 3.96 | cpu  166442846 11708143 65389639 3627822851 214651 0 908646 0 0 0
1791420803 3015, 13801, 53, 0x0000000000000000 | 2.96 3.67 3.96 | cpu  166442994 11708143 65389752 3627833285 214653 0 908646 0 0 0
1791420805 2985, 13801, 55, 0x0000000000000000 | 3.05 3.67 3.96 | cpu  166443143 11708143 65389867 3627843730 214653 0 908646 0 0 0
1791420806 3007, 13801, 54, 0x0000000000000000 | 3.05 3.67 3.96 | cpu  166443308 11708143 65390015 3627854102 214654 0 908646 0 0 0
1791420807 3007, 13801, 53, 0x0000000000000000 | 3.05 3.67 3.96 | cpu  166443520 11708143 65390170 3627864417 214654 0 908646 0 0 0
1791420808 3007, 13801, 54, 0x0000000000000000 | 3.05 3.67 3.96 | cpu  166443767 11708143 65390293 3627874729 214654 0 908646 0 0 0
1791420809 3007, 13801, 53, 0x0000000000000000 | 3.05 3.67 3.96 | cpu  166444023 11708143 65390418 3627885050 214656 0 908646 0 0 0
1791420810 3007, 13801, 51, 0x0000000000000000 | 3.04 3.66 3.96 | cpu  166444251 11708143 65390618 3627895356 214656 0 908646 0 0 0
1791420811 3015, 13801, 52, 0x0000000000000000 | 3.04 3.66 3.96 | cpu  166444430 11708143 65390831 3627905702 214656 0 908647 0 0 0
1791420812 3030, 13801, 53, 0x0000000000000000 | 3.04 3.66 3.96 | cpu  166444579 11708143 65390949 3627916137 214656 0 908647 0 0 0
1791420813 3015, 13801, 53, 0x0000000000000000 | 3.04 3.66 3.96 | cpu  166444737 11708143 65391127 3627926536 214656 0 908647 0 0 0
1791420815 3015, 13801, 52, 0x0000000000000000 | 3.04 3.65 3.95 | cpu  166444893 11708143 65391276 3627936979 214659 0 908647 0 0 0
1791420816 3007, 13801, 54, 0x0000000000000000 | 3.04 3.65 3.95 | cpu  166445039 11708143 65391391 3627947449 214659 0 908647 0 0 0
1791420817 3000, 13801, 53, 0x0000000000000004 | 3.04 3.65 3.95 | cpu  166445186 11708143 65391502 3627957901 214659 0 908647 0 0 0
1791420818 3007, 13801, 51, 0x0000000000000000 | 3.04 3.65 3.95 | cpu  166445331 11708143 65391614 3627968339 214659 0 908647 0 0 0
1791420819 3015, 13801, 51, 0x0000000000000000 | 3.04 3.65 3.95 | cpu  166445478 11708143 65391726 3627978815 214660 0 908648 0 0 0
1791420820 2992, 13801, 55, 0x0000000000000000 | 2.95 3.62 3.94 | cpu  166445637 11708143 65391844 3627989277 214660 0 908649 0 0 0
1791420821 3007, 13801, 52, 0x0000000000000000 | 2.95 3.62 3.94 | cpu  166445782 11708143 65391955 3627999675 214660 0 908649 0 0 0
1791420822 3015, 13801, 52, 0x0000000000000000 | 2.95 3.62 3.94 | cpu  166445951 11708143 65392200 3628009905 214660 0 908649 0 0 0
1791420824 3015, 13801, 52, 0x0000000000000000 | 2.95 3.62 3.94 | cpu  166446110 11708143 65392486 3628020183 214660 0 908649 0 0 0
1791420825 3007, 13801, 53, 0x0000000000000000 | 2.96 3.61 3.94 | cpu  166446262 11708143 65392706 3628030502 214660 0 908649 0 0 0
1791420826 3022, 13801, 53, 0x0000000000000000 | 2.96 3.61 3.94 | cpu  166446411 11708143 65392930 3628040828 214661 0 908650 0 0 0
1791420827 3015, 13801, 54, 0x0000000000000000 | 2.96 3.61 3.94 | cpu  166446561 11708143 65393151 3628051165 214661 0 908651 0 0 0
1791420828 3015, 13801, 53, 0x0000000000000000 | 2.96 3.61 3.94 | cpu  166446771 11708143 65393355 3628061508 214662 0 908651 0 0 0
1791420829 3000, 13801, 54, 0x0000000000000000 | 2.96 3.61 3.94 | cpu  166446935 11708144 65393514 3628071896 214662 0 908652 0 0 0
1791420830 3015, 13801, 53, 0x0000000000000000 | 3.12 3.63 3.94 | cpu  166447116 11708144 65393736 3628082179 214663 0 908653 0 0 0
1791420831 3015, 13801, 55, 0x0000000000000000 | 3.12 3.63 3.94 | cpu  166447297 11708144 65393947 3628092408 214663 0 908654 0 0 0
1791420832 3000, 13801, 53, 0x0000000000000000 | 3.12 3.63 3.94 | cpu  166447483 11708144 65394169 3628102695 214663 0 908654 0 0 0
1791420834 3007, 13801, 52, 0x0000000000000000 | 3.12 3.63 3.94 | cpu  166447634 11708144 65394374 3628113038 214663 0 908654 0 0 0
1791420835 3015, 13801, 53, 0x0000000000000000 | 3.11 3.62 3.94 | cpu  166447805 11708144 65394561 3628123255 214663 0 908654 0 0 0
1791420836 3015, 13801, 54, 0x0000000000000000 | 3.11 3.62 3.94 | cpu  166447965 11708144 65394742 3628133808 214664 0 908654 0 0 0
1791420837 3015, 13801, 55, 0x0000000000000000 | 3.11 3.62 3.94 | cpu  166448116 11708144 65394842 3628144164 214664 0 908654 0 0 0
1791420838 3015, 13801, 55, 0x0000000000000000 | 3.11 3.62 3.94 | cpu  166448272 11708144 65394965 3628154602 214664 0 908654 0 0 0
1791420839 3015, 13801, 55, 0x0000000000000000 | 3.26 3.65 3.94 | cpu  166448418 11708144 65395077 3628165060 214664 0 908654 0 0 0
1791420840 3000, 13801, 53, 0x0000000000000000 | 3.26 3.65 3.94 | cpu  166448568 11708144 65395188 3628175490 214666 0 908655 0 0 0
1791420841 3000, 13801, 52, 0x0000000000000000 | 3.26 3.65 3.94 | cpu  166449459 11708144 65395316 3628185182 214666 0 908655 0 0 0
1791420842 3015, 13801, 54, 0x0000000000000000 | 3.26 3.65 3.94 | cpu  166449911 11708144 65395437 3628195259 214666 0 908655 0 0 0
1791420844 3007, 13801, 53, 0x0000000000000000 | 3.26 3.65 3.94 | cpu  166450187 11708144 65395570 3628205523 214666 0 908656 0 0 0
1791420845 2985, 13801, 53, 0x0000000000000000 | 3.24 3.64 3.94 | cpu  166450429 11708144 65395700 3628215832 214666 0 908656 0 0 0
1791420846 3007, 13801, 53, 0x0000000000000000 | 3.24 3.64 3.94 | cpu  166450679 11708144 65395858 3628226007 214667 0 908656 0 0 0
1791420847 3015, 13801, 52, 0x0000000000000000 | 3.24 3.64 3.94 | cpu  166450933 11708144 65396154 3628236277 214667 0 908656 0 0 0
1791420848 3000, 13801, 53, 0x0000000000000000 | 3.24 3.64 3.94 | cpu  166451297 11708144 65396367 3628246361 214669 0 908656 0 0 0
1791420849 3007, 13801, 54, 0x0000000000000000 | 5.22 4.04 4.07 | cpu  166452514 11708144 65396591 3628255442 214669 0 908656 0 0 0
1791420850 3015, 13801, 51, 0x0000000000000000 | 5.22 4.04 4.07 | cpu  166453946 11708144 65396834 3628264330 214669 0 908657 0 0 0
1791420851 3015, 13801, 52, 0x0000000000000000 | 5.22 4.04 4.07 | cpu  166456273 11708144 65396992 3628272445 214670 0 908657 0 0 0
1791420852 3000, 13801, 54, 0x0000000000000000 | 5.22 4.04 4.07 | cpu  166458368 11708144 65397170 3628280866 214670 0 908657 0 0 0
1791420854 3015, 13801, 52, 0x0000000000000000 | 5.22 4.04 4.07 | cpu  166458832 11708145 65397365 3628290897 214670 0 908657 0 0 0
1791420855 3007, 13801, 55, 0x0000000000000000 | 5.05 4.02 4.06 | cpu  166458989 11708145 65397491 3628301237 214670 0 908658 0 0 0
1791420856 3022, 13801, 52, 0x0000000000000000 | 5.05 4.02 4.06 | cpu  166459136 11708145 65397600 3628311716 214671 0 908658 0 0 0
1791420857 2985, 13801, 56, 0x0000000000000000 | 5.05 4.02 4.06 | cpu  166459285 11708145 65397712 3628322216 214671 0 908659 0 0 0
1791420858 3015, 13801, 55, 0x0000000000000000 | 5.05 4.02 4.06 | cpu  166459432 11708145 65397828 3628332667 214672 0 908659 0 0 0
1791420859 3015, 13801, 55, 0x0000000000000000 | 4.96 4.02 4.06 | cpu  166459599 11708145 65398016 3628342867 214672 0 908659 0 0 0
1791420860 3007, 13801, 53, 0x0000000000000000 | 4.96 4.02 4.06 | cpu  166459773 11708145 65398314 3628353235 214672 0 908659 0 0 0
1791420861 3022, 13801, 51, 0x0000000000000000 | 4.96 4.02 4.06 | cpu  166459934 11708145 65398550 3628363543 214672 0 908659 0 0 0
1791420863 3015, 13801, 51, 0x0000000000000000 | 4.96 4.02 4.06 | cpu  166460085 11708145 65398770 3628373890 214672 0 908659 0 0 0
1791420864 3015, 13801, 53, 0x0000000000000000 | 4.96 4.02 4.06 | cpu  166460232 11708145 65398991 3628384225 214674 0 908660 0 0 0
1791420865 3022, 13801, 54, 0x0000000000000000 | 4.81 4.01 4.05 | cpu  166460388 11708145 65399162 3628394680 214674 0 908660 0 0 0
1791420866 3015, 13801, 54, 0x0000000000000000 | 4.81 4.01 4.05 | cpu  166460542 11708145 65399280 3628405118 214674 0 908661 0 0 0
1791420867 3015, 13801, 53, 0x0000000000000000 | 4.81 4.01 4.05 | cpu  166460690 11708145 65399391 3628415581 214674 0 908661 0 0 0
1791420868 3007, 13801, 52, 0x0000000000000000 | 4.81 4.01 4.05 | cpu  166460839 11708145 65399502 3628426019 214674 0 908661 0 0 0
1791420869 2992, 13801, 55, 0x0000000000000000 | 4.66 3.99 4.05 | cpu  166460985 11708145 65399615 3628436520 214674 0 908661 0 0 0
1791420870 3015, 13801, 52, 0x0000000000000000 | 4.66 3.99 4.05 | cpu  166461132 11708145 65399730 3628446987 214675 0 908661 0 0 0
1791420871 3015, 13801, 52, 0x0000000000000000 | 4.66 3.99 4.05 | cpu  166461306 11708146 65399915 3628457297 214675 0 908661 0 0 0
1791420873 3000, 13801, 53, 0x0000000000000000 | 4.66 3.99 4.05 | cpu  166461470 11708146 65400092 3628467842 214675 0 908661 0 0 0
1791420874 3007, 13801, 54, 0x0000000000000000 | 4.66 3.99 4.05 | cpu  166461612 11708146 65400205 3628478271 214675 0 908662 0 0 0
1791420875 3015, 13801, 53, 0x0000000000000000 | 4.45 3.95 4.04 | cpu  166461759 11708146 65400316 3628488728 214675 0 908662 0 0 0
1791420876 3007, 13801, 53, 0x0000000000000000 | 4.45 3.95 4.04 | cpu  166461908 11708146 65400429 3628499172 214678 0 908662 0 0 0
1791420877 2985, 13801, 52, 0x0000000000000000 | 4.45 3.95 4.04 | cpu  166462061 11708146 65400546 3628509579 214678 0 908662 0 0 0
1791420878 3015, 13801, 53, 0x0000000000000000 | 4.45 3.95 4.04 | cpu  166462207 11708146 65400658 3628520041 214678 0 908662 0 0 0
1791420879 3007, 13801, 53, 0x0000000000000000 | 4.25 3.92 4.03 | cpu  166462354 11708146 65400769 3628530490 214678 0 908662 0 0 0
1791420880 3015, 13801, 53, 0x0000000000000000 | 4.25 3.92 4.03 | cpu  166462511 11708146 65400894 3628541016 214678 0 908662 0 0 0
1791420882 3007, 13801, 55, 0x0000000000000000 | 4.25 3.92 4.03 | cpu  166462911 11708146 65401013 3628551186 214679 0 908662 0 0 0
1791420883 3007, 13801, 54, 0x0000000000000000 | 4.25 3.92 4.03 | cpu  166463679 11708147 65401143 3628560910 214679 0 908662 0 0 0
1791420884 3015, 13801, 52, 0x0000000000000000 | 4.25 3.92 4.03 | cpu  166463958 11708147 65401330 3628571113 214679 0 908662 0 0 0
1791420885 3022, 13801, 54, 0x0000000000000000 | 4.23 3.92 4.03 | cpu  166464166 11708147 65401512 3628581402 214679 0 908662 0 0 0
1791420886 3015, 13801, 53, 0x0000000000000000 | 4.23 3.92 4.03 | cpu  166464346 11708147 65401648 3628591684 214679 0 908663 0 0 0
1791420887 3015, 13801, 53, 0x0000000000000000 | 4.23 3.92 4.03 | cpu  166464507 11708147 65401774 3628601882 214680 0 908663 0 0 0
1791420888 2992, 13801, 54, 0x0000000000000000 | 4.23 3.92 4.03 | cpu  166464671 11708147 65401921 3628612310 214680 0 908663 0 0 0
1791420889 2992, 13801, 55, 0x0000000000000000 | 4.13 3.91 4.02 | cpu  166464833 11708147 65402092 3628622615 214682 0 908664 0 0 0
1791420890 3015, 13801, 52, 0x0000000000000000 | 4.13 3.91 4.02 | cpu  166465014 11708147 65402299 3628632958 214682 0 908664 0 0 0
1791420892 3015, 13801, 52, 0x0000000000000000 | 4.13 3.91 4.02 | cpu  166465196 11708147 65402506 3628643278 214684 0 908664 0 0 0
1791420893 2985, 13801, 53, 0x0000000000000000 | 4.13 3.91 4.02 | cpu  166465351 11708147 65402629 3628653747 214684 0 908664 0 0 0
1791420894 3007, 13801, 53, 0x0000000000000000 | 4.13 3.91 4.02 | cpu  166465494 11708147 65402756 3628664164 214684 0 908664 0 0 0
1791420895 3015, 13801, 53, 0x0000000000000000 | 3.96 3.88 4.01 | cpu  166465645 11708147 65402882 3628674691 214684 0 908664 0 0 0
1791420896 2992, 13801, 54, 0x0000000000000000 | 3.96 3.88 4.01 | cpu  166465836 11708147 65403080 3628685034 214684 0 908664 0 0 0
1791420897 3007, 13801, 54, 0x0000000000000000 | 3.96 3.88 4.01 | cpu  166465997 11708147 65403353 3628695309 214685 0 908665 0 0 0
1791420898 3015, 13801, 51, 0x0000000000000000 | 3.96 3.88 4.01 | cpu  166466157 11708147 65403683 3628705575 214685 0 908665 0 0 0
1791420899 3015, 13801, 52, 0x0000000000000000 | 3.88 3.86 4.00 | cpu  166466307 11708147 65403905 3628715904 214685 0 908665 0 0 0
1791420901 3015, 13801, 53, 0x0000000000000000 | 3.88 3.86 4.00 | cpu  166466465 11708147 65404139 3628726249 214685 0 908665 0 0 0
1791420902 3007, 13801, 54, 0x0000000000000000 | 3.88 3.86 4.00 | cpu  166466651 11708147 65404415 3628736348 214686 0 908665 0 0 0
1791420903 3015, 13801, 55, 0x0000000000000000 | 3.88 3.86 4.00 | cpu  166466813 11708147 65404549 3628746748 214686 0 908665 0 0 0
1791420904 3015, 13801, 55, 0x0000000000000000 | 3.88 3.86 4.00 | cpu  166466957 11708147 65404659 3628757211 214686 0 908666 0 0 0
1791420905 3000, 13801, 53, 0x0000000000000000 | 3.73 3.83 3.99 | cpu  166467113 11708147 65404773 3628767509 214686 0 908666 0 0 0
1791420906 3007, 13801, 53, 0x0000000000000000 | 3.73 3.83 3.99 | cpu  166467271 11708147 65404922 3628777897 214686 0 908666 0 0 0
1791420907 3015, 13801, 52, 0x0000000000000000 | 3.73 3.83 3.99 | cpu  166467419 11708147 65405049 3628788379 214686 0 908666 0 0 0
1791420908 3015, 13801, 52, 0x0000000000000000 | 3.73 3.83 3.99 | cpu  166467596 11708147 65405247 3628798704 214686 0 908667 0 0 0
1791420909 2985, 13801, 54, 0x0000000000000000 | 3.67 3.82 3.99 | cpu  166467753 11708147 65405418 3628809129 214686 0 908667 0 0 0
1791420911 3015, 13801, 51, 0x0000000000000000 | 3.67 3.82 3.99 | cpu  166467906 11708147 65405532 3628819623 214686 0 908667 0 0 0
1791420912 3015, 13801, 51, 0x0000000000000000 | 3.67 3.82 3.99 | cpu  166468058 11708148 65405656 3628830070 214686 0 908668 0 0 0
1791420913 3022, 13801, 55, 0x0000000000000000 | 3.67 3.82 3.99 | cpu  166468210 11708148 65405766 3628840521 214689 0 908668 0 0 0
1791420914 3007, 13801, 54, 0x0000000000000000 | 3.67 3.82 3.99 | cpu  166468356 11708148 65405879 3628850977 214689 0 908669 0 0 0
1791420915 3007, 13801, 51, 0x0000000000000000 | 3.54 3.79 3.97 | cpu  166468500 11708148 65405993 3628861485 214689 0 908669 0 0 0
1791420916 3015, 13801, 52, 0x0000000000000000 | 3.54 3.79 3.97 | cpu  166468646 11708148 65406111 3628871925 214689 0 908669 0 0 0
1791420917 3000, 13801, 53, 0x0000000000000000 | 3.54 3.79 3.97 | cpu  166468833 11708148 65406232 3628882324 214689 0 908669 0 0 0
1791420918 3000, 13801, 51, 0x0000000000000000 | 3.54 3.79 3.97 | cpu  166469023 11708148 65406398 3628892727 214690 0 908671 0 0 0
1791420919 3015, 13801, 55, 0x0000000000000000 | 3.42 3.76 3.96 | cpu  166469167 11708148 65406521 3628903287 214690 0 908671 0 0 0
1791420921 3007, 13801, 53, 0x0000000000000000 | 3.42 3.76 3.96 | cpu  166469346 11708148 65406713 3628913659 214690 0 908672 0 0 0
1791420922 3000, 13801, 53, 0x0000000000000000 | 3.42 3.76 3.96 | cpu  166469502 11708148 65406891 3628924115 214690 0 908673 0 0 0
1791420923 3015, 13801, 52, 0x0000000000000000 | 3.42 3.76 3.96 | cpu  166469671 11708148 65407023 3628934517 214690 0 908673 0 0 0
1791420924 3015, 13801, 52, 0x0000000000000000 | 3.42 3.76 3.96 | cpu  166469818 11708148 65407140 3628944967 214690 0 908673 0 0 0
1791420925 2985, 13801, 56, 0x0000000000000000 | 3.30 3.73 3.95 | cpu  166469966 11708148 65407249 3628955415 214690 0 908673 0 0 0
1791420926 2985, 13801, 55, 0x0000000000000000 | 3.30 3.73 3.95 | cpu  166470122 11708148 65407366 3628965831 214693 0 908673 0 0 0
1791420927 2985, 13801, 55, 0x0000000000000000 | 3.30 3.73 3.95 | cpu  166470275 11708148 65407474 3628976280 214693 0 908673 0 0 0
1791420928 2985, 13801, 54, 0x0000000000000000 | 3.30 3.73 3.95 | cpu  166470426 11708149 65407588 3628986714 214693 0 908673 0 0 0
1791420930 2992, 13801, 55, 0x0000000000000000 | 3.20 3.70 3.94 | cpu  166470576 11708149 65407701 3628997154 214693 0 908673 0 0 0
1791420931 3000, 13801, 54, 0x0000000000000000 | 3.20 3.70 3.94 | cpu  166470733 11708149 65407824 3629007649 214694 0 908673 0 0 0
1791420932 2992, 13801, 55, 0x0000000000000000 | 3.20 3.70 3.94 | cpu  166470872 11708149 65407940 3629018094 214694 0 908673 0 0 0
1791420933 3030, 13801, 44, 0x0000000000000000 | 3.20 3.70 3.94 | cpu  166471000 11708149 65408163 3629028440 214694 0 908674 0 0 0
1791420934 2647, 13801, 42, 0x0000000000000000 | 3.20 3.70 3.94 | cpu  166471112 11708149 65408376 3629038779 214694 0 908674 0 0 0
1791420935 2647, 13801, 41, 0x0000000000000000 | 3.18 3.69 3.94 | cpu  166471217 11708149 65408620 3629049126 214694 0 908674 0 0 0
1791420936 2647, 13801, 41, 0x0000000000000000 | 3.18 3.69 3.94 | cpu  166471319 11708149 65408874 3629059479 214695 0 908674 0 0 0
1791420937 2647, 13801, 40, 0x0000000000000000 | 3.18 3.69 3.94 | cpu  166471421 11708149 65409121 3629069780 214695 0 908674 0 0 0
1791420938 2647, 13801, 40, 0x0000000000000000 | 3.18 3.69 3.94 | cpu  166471521 11708149 65409370 3629080112 214695 0 908674 0 0 0
1791420940 2647, 13801, 40, 0x0000000000000000 | 3.17 3.67 3.93 | cpu  166471621 11708149 65409589 3629090422 214695 0 908674 0 0 0
1791420941 2647, 13801, 40, 0x0000000000000000 | 3.17 3.67 3.93 | cpu  166471806 11708149 65409785 3629100593 214695 0 908674 0 0 0
1791420942 2647, 13801, 40, 0x0000000000000000 | 3.17 3.67 3.93 | cpu  166471919 11708149 65409944 3629110943 214696 0 908674 0 0 0
1791420943 2647, 13801, 40, 0x0000000000000000 | 3.17 3.67 3.93 | cpu  166472016 11708149 65410085 3629121354 214696 0 908674 0 0 0
1791420944 2647, 13801, 40, 0x0000000000000000 | 3.17 3.67 3.93 | cpu  166472119 11708149 65410230 3629131826 214696 0 908675 0 0 0
1791420945 2647, 13801, 40, 0x0000000000000000 | 3.15 3.66 3.93 | cpu  166472249 11708149 65410455 3629142169 214697 0 908675 0 0 0
1791420946 2647, 13801, 40, 0x0000000000000000 | 3.15 3.66 3.93 | cpu  166472369 11708149 65410660 3629152454 214697 0 908675 0 0 0
1791420947 2647, 13801, 40, 0x0000000000000000 | 3.15 3.66 3.93 | cpu  166472487 11708149 65410835 3629162769 214698 0 908675 0 0 0
1791420948 2647, 13801, 40, 0x0000000000000000 | 3.15 3.66 3.93 | cpu  166472615 11708149 65410990 3629173128 214698 0 908676 0 0 0
1791420950 2647, 13801, 40, 0x0000000000000000 | 3.14 3.65 3.92 | cpu  166472725 11708149 65411179 3629183450 214699 0 908676 0 0 0
1791420951 2647, 13801, 40, 0x0000000000000000 | 3.14 3.65 3.92 | cpu  166472858 11708149 65411409 3629193722 214700 0 908676 0 0 0
1791420952 2647, 13801, 40, 0x0000000000000000 | 3.14 3.65 3.92 | cpu  166472998 11708149 65411643 3629203958 214700 0 908676 0 0 0
1791420953 2647, 13801, 40, 0x0000000000000000 | 3.14 3.65 3.92 | cpu  166473102 11708149 65411811 3629214296 214700 0 908676 0 0 0
1791420954 2647, 13801, 40, 0x0000000000000000 | 3.14 3.65 3.92 | cpu  166473203 11708149 65411947 3629224716 214700 0 908676 0 0 0
1791420955 2647, 13801, 40, 0x0000000000000000 | 3.05 3.62 3.91 | cpu  166473308 11708149 65412095 3629235089 214701 0 908676 0 0 0
1791420956 2647, 13801, 40, 0x0000000000000000 | 3.05 3.62 3.91 | cpu  166473419 11708149 65412248 3629245509 214701 0 908676 0 0 0
1791420957 2647, 13801, 40, 0x0000000000000000 | 3.05 3.62 3.91 | cpu  166473562 11708149 65412487 3629255698 214701 0 908676 0 0 0
1791420958 2647, 13801, 40, 0x0000000000000000 | 3.05 3.62 3.91 | cpu  166473673 11708149 65412676 3629265977 214701 0 908676 0 0 0
1791420960 2647, 13801, 40, 0x0000000000000000 | 2.96 3.60 3.90 | cpu  166473778 11708149 65412814 3629276391 214701 0 908677 0 0 0
1791420961 2647, 13801, 40, 0x0000000000000000 | 2.96 3.60 3.90 | cpu  166473880 11708149 65412963 3629286787 214702 0 908677 0 0 0
1791420962 2647, 13801, 40, 0x0000000000000000 | 2.96 3.60 3.90 | cpu  166473986 11708149 65413134 3629297172 214702 0 908678 0 0 0
1791420963 2647, 13801, 40, 0x0000000000000000 | 2.96 3.60 3.90 | cpu  166474092 11708149 65413395 3629307478 214702 0 908678 0 0 0
1791420964 2647, 13801, 40, 0x0000000000000000 | 2.96 3.60 3.90 | cpu  166474193 11708149 65413558 3629317839 214702 0 908679 0 0 0
1791420965 2647, 13801, 40, 0x0000000000000000 | 2.97 3.59 3.89 | cpu  166474288 11708149 65413700 3629328267 214702 0 908680 0 0 0
1791420966 2647, 13801, 40, 0x0000000000000000 | 2.97 3.59 3.89 | cpu  166474394 11708150 65413834 3629338679 214704 0 908680 0 0 0
1791420967 2647, 13801, 40, 0x0000000000000000 | 2.97 3.59 3.89 | cpu  166474482 11708150 65413981 3629349102 214704 0 908680 0 0 0
1791420968 2647, 13801, 40, 0x0000000000000000 | 2.97 3.59 3.89 | cpu  166474561 11708150 65414163 3629359496 214704 0 908680 0 0 0
1791420970 2647, 13801, 40, 0x0000000000000000 | 2.97 3.58 3.89 | cpu  166474746 11708150 65414334 3629369760 214705 0 908681 0 0 0
1791420971 2647, 13801, 40, 0x0000000000000000 | 2.97 3.58 3.89 | cpu  166474904 11708150 65414465 3629380074 214705 0 908681 0 0 0
1791420972 2647, 13801, 40, 0x0000000000000000 | 2.97 3.58 3.89 | cpu  166475088 11708150 65414598 3629390411 214705 0 908681 0 0 0
1791420973 2647, 13801, 40, 0x0000000000000000 | 2.97 3.58 3.89 | cpu  166475224 11708150 65414838 3629400673 214705 0 908682 0 0 0
