1791419036 2, 0, 66.00
1791419037 2, 0, 59.13
1791419038 4, 0, 34.72
1791419039 4, 0, 33.32
1791419041 4, 0, 27.55
1791419042 4, 0, 20.22
1791419043 4, 0, 19.41
1791419044 4, 0, 19.32
1791419045 508, 0, 18.08
1791419046 3770, 0, 43.80
1791419047 5590, 33, 77.50
1791419048 6650, 34, 79.03
1791419050 7690, 35, 78.00
1791419051 8750, 33, 79.01
1791419052 10170, 34, 77.89
1791419053 11230, 34, 78.09
1791419054 12270, 32, 79.16
1791419055 13670, 20, 78.95
1791419056 14730, 11, 77.82
1791419057 16110, 35, 77.76
1791419058 17170, 35, 77.03
1791419060 18470, 32, 79.40
1791419061 19610, 22, 79.99
1791419062 20310, 11, 78.21
1791419063 21612, 8, 68.16
1791419064 21612, 0, 64.14
1791419065 21612, 0, 64.42
1791419066 21612, 3, 64.66
1791419067 21612, 2, 65.94
1791419068 21612, 3, 66.00
1791419069 21612, 3, 66.95
1791419071 21612, 2, 66.75
1791419072 21612, 2, 67.08
1791419073 21612, 2, 67.39
1791419074 21648, 0, 72.71
1791419075 21648, 4, 72.69
1791419076 21648, 4, 76.15
1791419077 21648, 4, 68.18
1791419078 21648, 6, 65.93
1791419079 21648, 6, 66.19
1791419081 21648, 3, 65.79
1791419082 21648, 0, 65.68
1791419083 21648, 2, 65.00
1791419084 21648, 6, 65.41
1791419085 21648, 0, 66.22
1791419086 21648, 0, 66.20
1791419087 21648, 0, 64.94
1791419088 21648, 0, 65.46
1791419089 21648, 1, 66.05
1791419091 21648, 0, 65.49
1791419092 21648, 1, 64.19
1791419093 21648, 0, 63.30
1791419094 21648, 0, 63.52
1791419095 21648, 5, 63.67
1791419096 21648, 0, 63.93
1791419097 21648, 6, 65.30
1791419098 21648, 6, 64.30
1791419099 21648, 0, 64.16
1791419101 21648, 3, 64.47
1791419102 21648, 7, 64.22
1791419103 21648, 2, 64.88
1791419104 21648, 5, 64.64
1791419105 21648, 7, 64.93
1791419106 21648, 0, 64.98
1791419107 21648, 0, 64.50
1791419108 21648, 6, 64.84
1791419109 21648, 0, 65.26
1791419111 21648, 0, 63.75
1791419112 21648, 0, 64.39
1791419113 21648, 0, 63.97
1791419114 21648, 0, 64.36
1791419115 21648, 5, 64.72
1791419116 21648, 7, 64.54
1791419117 21648, 0, 64.81
1791419118 21648, 5, 64.57
1791419119 21648, 7, 64.61
1791419121 21648, 0, 64.53
1791419122 21648, 0, 64.80
1791419123 21648, 5, 64.73
1791419124 21648, 0, 64.22
1791419125 21648, 0, 64.61
1791419126 21648, 0, 64.42
1791419127 21648, 5, 63.77
1791419128 21648, 0, 63.95
1791419129 21648, 2, 63.99
1791419131 21648, 4, 64.01
1791419132 21648, 6, 64.23
1791419133 21648, 4, 64.11
1791419134 21648, 0, 64.38
1791419135 21648, 0, 64.03
1791419136 21648, 6, 63.52
1791419137 21648, 0, 63.65
1791419138 21648, 0, 63.12
1791419139 21648, 4, 62.58
1791419141 21648, 7, 62.81
1791419142 21648, 0, 62.62
1791419143 21648, 5, 63.31
1791419144 21648, 7, 63.04
1791419145 21648, 0, 63.38
1791419146 21648, 0, 63.10
1791419147 21648, 6, 62.97
1791419148 21648, 0, 62.95
1791419149 21664, 0, 64.42
1791419151 23206, 95, 293.88
1791419152 23206, 95, 470.37
1791419153 23206, 95, 476.45
1791419154 23206, 95, 476.14
1791419155 23206, 95, 475.40
1791419156 21166, 53, 251.48
1791419157 22230, 77, 320.16
1791419158 23812, 98, 477.96
1791419160 23916, 95, 478.40
1791419161 23966, 98, 503.71
1791419162 23966, 98, 469.21
1791419163 24010, 98, 467.55
1791419164 24010, 87, 500.44
1791419165 24010, 98, 483.87
1791419166 24010, 98, 508.73
1791419167 24210, 98, 484.86
1791419169 24790, 91, 516.70
1791419170 24902, 86, 470.83
1791419171 24906, 97, 497.34
1791419172 24932, 100, 450.64
1791419173 24952, 92, 463.47
1791419174 24952, 83, 474.39
1791419175 24952, 96, 498.52
1791419176 24952, 95, 466.45
1791419178 24952, 96, 509.93
1791419179 24952, 94, 509.62
1791419180 24972, 98, 470.10
1791419181 24992, 95, 517.27
1791419182 25012, 97, 472.14
1791419183 25012, 98, 521.09
1791419184 25012, 98, 484.22
1791419185 25012, 97, 519.96
1791419187 25012, 99, 478.58
1791419188 25012, 97, 502.86
1791419189 25012, 89, 508.95
1791419190 25012, 98, 490.52
1791419191 25012, 95, 510.11
1791419192 25032, 98, 501.45
1791419193 25032, 95, 530.43
1791419194 25032, 99, 500.37
1791419195 25032, 95, 511.30
1791419197 25032, 98, 481.15
1791419198 25032, 98, 520.88
1791419199 25036, 98, 473.17
1791419200 25036, 97, 536.11
1791419201 25036, 98, 484.70
1791419202 25036, 98, 487.62
1791419203 25036, 98, 483.89
1791419205 25036, 98, 488.55
1791419206 25036, 95, 502.32
1791419207 25036, 98, 478.58
1791419208 25036, 95, 510.61
1791419209 25036, 98, 486.64
1791419210 25036, 95, 532.24
1791419211 25036, 83, 479.27
1791419212 25036, 94, 512.29
1791419213 25036, 98, 478.02
1791419215 25036, 98, 510.30
1791419216 25036, 95, 471.44
1791419217 25036, 91, 513.62
1791419218 25036, 95, 491.18
1791419219 25036, 98, 521.49
1791419220 25036, 95, 511.61
1791419221 25036, 98, 524.44
1791419222 25036, 88, 490.86
1791419224 25036, 86, 501.67
1791419225 25036, 95, 506.93
1791419226 25036, 89, 505.31
1791419227 25036, 95, 521.23
1791419228 25036, 98, 494.06
1791419229 25036, 97, 540.68
1791419230 25036, 98, 488.87
1791419231 25036, 97, 521.29
1791419233 25036, 97, 492.45
1791419234 25036, 98, 507.96
1791419235 25036, 95, 490.17
1791419236 25036, 97, 524.16
1791419237 25036, 79, 484.76
1791419238 25036, 88, 483.53
1791419239 25036, 93, 511.64
1791419240 25036, 89, 502.42
1791419241 25036, 95, 517.77
1791419243 25036, 98, 495.04
1791419244 25036, 98, 540.96
1791419245 25036, 98, 501.88
1791419246 25036, 98, 518.60
1791419247 25056, 97, 495.05
1791419248 25096, 98, 522.33
1791419249 25096, 90, 485.66
1791419250 25096, 95, 519.76
1791419252 25116, 94, 486.31
1791419253 25116, 99, 481.97
1791419254 25116, 93, 489.48
1791419255 25116, 87, 497.59
1791419256 25116, 95, 515.38
1791419257 25116, 98, 482.76
1791419258 25116, 98, 520.39
1791419259 25116, 98, 475.25
1791419260 25116, 98, 522.11
1791419262 25118, 98, 481.69
1791419263 25118, 98, 485.24
1791419264 25118, 97, 477.10
1791419265 25118, 98, 522.70
1791419266 25118, 95, 506.31
1791419267 25118, 97, 507.47
1791419268 25118, 89, 497.25
1791419270 25118, 98, 512.20
1791419271 25118, 95, 519.08
1791419272 25118, 98, 489.14
1791419273 25118, 95, 501.25
1791419274 25118, 97, 496.67
1791419275 25118, 93, 535.71
1791419276 25118, 86, 489.60
1791419277 25118, 95, 530.57
1791419278 25118, 99, 481.00
1791419280 25118, 98, 510.75
1791419281 25118, 98, 489.42
1791419282 25118, 98, 519.01
1791419283 25118, 96, 469.58
1791419284 25118, 97, 487.44
1791419285 25118, 95, 523.44
1791419286 25118, 97, 500.91
1791419287 25118, 95, 519.19
1791419289 25118, 98, 492.29
1791419290 25118, 94, 540.09
1791419291 25118, 95, 487.80
1791419292 25118, 61, 495.42
1791419293 25118, 89, 473.63
1791419294 25118, 98, 515.33
1791419295 25118, 98, 481.68
1791419296 25118, 98, 535.27
1791419298 25118, 97, 493.61
1791419299 25118, 97, 521.56
1791419300 25118, 88, 487.70
1791419301 25118, 98, 506.50
1791419302 25118, 89, 486.33
1791419303 25118, 98, 515.46
1791419304 25118, 99, 496.80
1791419305 25118, 98, 522.19
1791419307 25118, 95, 510.70
1791419308 25118, 98, 507.39
1791419309 25118, 96, 492.60
1791419310 25118, 97, 519.73
1791419311 25118, 95, 509.07
1791419312 25118, 98, 476.18
1791419313 25118, 97, 541.45
1791419314 25118, 98, 497.73
1791419316 25118, 93, 521.64
1791419317 25118, 97, 500.11
1791419318 25118, 98, 526.26
1791419319 25118, 98, 491.75
1791419320 25118, 97, 544.35
1791419321 25118, 98, 486.20
1791419322 25118, 98, 524.49
1791419323 25118, 89, 496.08
1791419324 25138, 98, 528.05
1791419326 25138, 97, 500.01
1791419327 25138, 98, 512.27
1791419328 25138, 97, 495.46
1791419329 25138, 95, 521.94
1791419330 25138, 94, 487.63
1791419331 25138, 96, 495.01
1791419332 25138, 74, 482.68
1791419333 25138, 94, 495.12
1791419335 25138, 90, 507.92
1791419336 25138, 85, 483.58
1791419337 25138, 98, 504.35
1791419338 25138, 88, 476.30
1791419339 25138, 98, 526.60
1791419340 25138, 96, 479.11
1791419341 25138, 97, 541.69
1791419342 25138, 98, 497.02
1791419344 25138, 98, 524.18
1791419345 25138, 87, 500.27
1791419346 25138, 97, 514.91
1791419347 25138, 99, 497.39
1791419348 25138, 98, 523.58
1791419349 25138, 95, 498.05
1791419350 25138, 98, 500.23
1791419351 25138, 88, 503.93
1791419353 25138, 98, 515.63
1791419354 25138, 95, 523.87
1791419355 25138, 98, 491.04
1791419356 25138, 95, 507.75
1791419357 25138, 98, 500.83
1791419358 25138, 59, 509.01
1791419359 25138, 98, 493.75
1791419360 25138, 95, 527.34
1791419361 25138, 100, 470.60
1791419363 25138, 98, 536.03
1791419364 25138, 99, 494.69
1791419365 25138, 93, 542.05
1791419366 25138, 97, 495.92
1791419367 25138, 98, 505.42
1791419368 25138, 95, 493.20
1791419369 25138, 92, 482.16
1791419370 25138, 85, 490.88
1791419372 25138, 93, 486.40
1791419373 25138, 94, 519.74
1791419374 25138, 97, 512.75
1791419375 25138, 94, 510.70
1791419376 25138, 98, 494.23
1791419377 25138, 90, 538.99
1791419378 25138, 98, 501.51
1791419379 25138, 95, 530.93
1791419381 25138, 99, 484.30
1791419382 25138, 97, 540.83
1791419383 25138, 98, 498.95
1791419384 25138, 92, 538.77
1791419385 25138, 88, 494.24
1791419386 25138, 98, 526.78
1791419387 25138, 100, 472.07
1791419388 25138, 97, 539.09
1791419390 25138, 99, 489.06
1791419391 25138, 98, 502.67
1791419392 25138, 87, 514.17
1791419393 25138, 98, 504.93
1791419394 25138, 95, 509.57
1791419395 25138, 98, 486.13
1791419396 25138, 60, 525.01
1791419397 25138, 97, 507.12
1791419399 25138, 95, 525.83
1791419400 25138, 99, 470.06
1791419401 25138, 98, 528.35
1791419402 25138, 98, 497.02
1791419403 25138, 93, 538.32
1791419404 25138, 96, 496.43
1791419405 25138, 98, 524.35
1791419406 25138, 99, 485.74
1791419407 25138, 98, 529.80
1791419409 25138, 97, 492.20
1791419410 25138, 93, 488.44
1791419411 25138, 97, 490.72
1791419412 25138, 94, 513.99
1791419413 25138, 94, 508.94
1791419414 25138, 97, 507.74
1791419415 25138, 87, 484.50
1791419416 25138, 98, 519.98
1791419418 25138, 95, 524.45
1791419419 25138, 98, 497.79
1791419420 25138, 95, 514.86
1791419421 25138, 98, 508.97
1791419422 25138, 95, 532.84
1791419423 25138, 100, 476.27
1791419424 25138, 98, 520.22
1791419425 25138, 98, 486.61
1791419427 25138, 97, 542.53
1791419428 25138, 97, 499.04
1791419429 25138, 98, 500.39
1791419430 25138, 98, 495.16
1791419431 25138, 98, 522.72
1791419432 25138, 95, 500.13
1791419433 25138, 98, 519.16
1791419434 25138, 99, 486.12
1791419435 25138, 98, 524.15
1791419437 25138, 94, 510.86
1791419438 25138, 98, 486.94
1791419439 25138, 95, 500.46
1791419440 25138, 98, 512.04
1791419441 25138, 95, 525.48
1791419442 25138, 98, 494.39
1791419443 25138, 98, 542.82
1791419444 25138, 98, 501.14
1791419446 25138, 95, 536.85
1791419447 25138, 88, 487.84
1791419448 25138, 98, 539.57
1791419449 25138, 96, 494.17
1791419450 25138, 96, 537.43
1791419451 25138, 90, 491.93
1791419452 25138, 95, 513.93
1791419453 25138, 86, 480.33
1791419454 25138, 97, 522.10
1791419456 25138, 97, 494.10
1791419457 25138, 98, 521.66
1791419458 25138, 95, 519.57
1791419459 25138, 96, 526.03
1791419460 25138, 89, 504.21
1791419461 25138, 98, 518.46
1791419462 25138, 95, 518.93
1791419463 25138, 98, 503.83
1791419465 25138, 95, 519.76
1791419466 25138, 97, 496.16
1791419467 25138, 98, 540.68
1791419468 25138, 97, 498.11
1791419469 25138, 95, 523.97
1791419470 25138, 98, 490.78
1791419471 25138, 98, 542.46
1791419472 25138, 98, 480.01
1791419473 25138, 91, 536.78
1791419475 25138, 88, 490.54
1791419476 25138, 98, 531.76
1791419477 25138, 98, 494.45
1791419478 25138, 97, 541.30
1791419479 25138, 97, 494.82
1791419480 25138, 98, 523.67
1791419481 25138, 88, 485.97
1791419482 25138, 97, 535.53
1791419483 25138, 99, 494.40
1791419485 25138, 98, 524.37
1791419486 25138, 95, 511.25
1791419487 25138, 98, 525.01
1791419488 25138, 95, 496.98
1791419489 25138, 97, 522.46
1791419490 25138, 95, 506.42
1791419491 25138, 96, 485.34
1791419492 25138, 93, 500.85
1791419494 25138, 94, 487.34
1791419495 25138, 92, 527.17
1791419496 25138, 88, 488.97
1791419497 25138, 95, 523.15
1791419498 25138, 98, 489.23
1791419499 25138, 97, 543.16
1791419500 25138, 98, 476.09
1791419501 25138, 98, 524.13
1791419503 25138, 98, 498.37
1791419504 25138, 98, 523.38
1791419505 25138, 95, 499.57
1791419506 25138, 98, 530.08
1791419507 25138, 98, 498.78
1791419508 25138, 98, 522.88
1791419509 25138, 95, 495.40
1791419510 25138, 98, 524.06
1791419512 25138, 95, 495.56
1791419513 25138, 98, 487.84
1791419514 25138, 95, 500.01
1791419515 25138, 98, 524.59
1791419516 25138, 88, 504.96
1791419517 25138, 98, 508.47
1791419518 25138, 95, 514.38
1791419519 25138, 98, 519.28
1791419521 25138, 95, 516.87
1791419522 25138, 97, 478.87
1791419523 25138, 98, 512.87
1791419524 25138, 97, 507.21
1791419525 25138, 95, 533.22
1791419526 25138, 99, 486.23
1791419527 25138, 98, 542.40
1791419528 25138, 98, 470.80
1791419530 25138, 98, 517.20
1791419531 25138, 98, 493.16
1791419532 25138, 91, 504.09
1791419533 25138, 92, 485.00
1791419534 25138, 97, 508.51
1791419535 25138, 94, 506.86
1791419536 25138, 97, 500.65
1791419537 25138, 95, 497.61
1791419538 25138, 95, 501.40
1791419540 25138, 94, 500.20
1791419541 25138, 95, 503.02
1791419542 25138, 88, 500.45
1791419543 25138, 2, 156.60
1791419544 25138, 0, 93.90
1791419545 25138, 1, 72.09
1791419546 25138, 4, 71.21
1791419547 25138, 0, 70.19
1791419549 25138, 4, 69.53
1791419550 25138, 7, 69.50
1791419551 25138, 0, 69.14
1791419552 25138, 4, 69.14
1791419553 25138, 5, 69.16
1791419554 25138, 0, 68.96
1791419555 25138, 0, 68.67
1791419556 25138, 2, 67.79
1791419557 25138, 0, 68.56
1791419559 25138, 2, 67.90
1791419560 25138, 6, 67.65
1791419561 25138, 1, 67.77
1791419562 25138, 5, 67.14
1791419563 25138, 7, 67.62
1791419564 25138, 0, 67.82
1791419565 25138, 0, 67.23
1791419566 25138, 4, 67.10
1791419567 25138, 0, 67.59
1791419569 25138, 0, 67.39
1791419570 25138, 4, 68.20
1791419571 25138, 0, 67.63
1791419572 25138, 6, 67.89
1791419573 25138, 0, 67.60
1791419574 25138, 2, 67.57
1791419575 25138, 0, 67.21
1791419576 25138, 0, 67.04
1791419577 25138, 6, 67.83
1791419579 25138, 8, 69.57
1791419580 25138, 0, 67.84
1791419581 25138, 0, 67.21
1791419582 25138, 0, 67.08
1791419583 25138, 0, 68.34
