1791417636 2, 0, 17.99
1791417637 2, 0, 18.90
1791417638 4, 0, 21.41
1791417639 4, 0, 21.11
1791417640 4, 0, 18.06
1791417641 4, 0, 18.34
1791417643 4, 0, 18.76
1791417644 4, 0, 17.93
1791417645 508, 0, 20.33
1791417646 3770, 25, 63.32
1791417647 4830, 5, 75.55
1791417648 6650, 31, 77.05
1791417649 7690, 22, 78.70
1791417650 8750, 8, 79.46
1791417651 9790, 5, 79.09
1791417653 10870, 18, 77.08
1791417654 12270, 19, 77.58
1791417655 13330, 6, 77.72
1791417656 14730, 8, 78.50
1791417657 15770, 22, 76.77
1791417658 17170, 34, 77.44
1791417659 18210, 3, 78.75
1791417660 19610, 15, 77.24
1791417661 20310, 1, 76.19
1791417663 21612, 25, 64.95
1791417664 21612, 0, 63.11
1791417665 21612, 0, 63.49
1791417666 21612, 3, 63.81
1791417667 21612, 2, 65.10
1791417668 21612, 3, 65.18
1791417669 21612, 3, 64.85
1791417670 21612, 2, 64.54
1791417671 21612, 3, 65.27
1791417673 21612, 3, 65.44
1791417674 21648, 0, 71.29
1791417675 21648, 4, 69.91
1791417676 21648, 4, 75.34
1791417677 21648, 4, 68.26
1791417678 21648, 6, 64.54
1791417679 21648, 7, 64.45
1791417680 21648, 1, 64.60
1791417681 21648, 1, 63.71
1791417682 21648, 4, 63.81
1791417684 21648, 5, 63.51
1791417685 21648, 0, 64.17
1791417686 21648, 0, 64.60
1791417687 21648, 1, 64.22
1791417688 21648, 4, 64.06
1791417689 21648, 0, 64.33
1791417690 21648, 0, 64.34
1791417691 21648, 0, 63.38
1791417692 21648, 0, 63.49
1791417694 21648, 3, 63.66
1791417695 21648, 1, 64.19
1791417696 21648, 0, 64.14
1791417697 21648, 0, 64.52
1791417698 21648, 0, 64.59
1791417699 21648, 0, 63.61
1791417700 21648, 1, 63.76
1791417701 21648, 0, 63.89
1791417702 21648, 0, 63.77
1791417704 21648, 6, 63.64
1791417705 21648, 6, 64.76
1791417706 21648, 0, 64.41
1791417707 21648, 4, 64.38
1791417708 21648, 3, 64.79
1791417709 21648, 0, 65.83
1791417710 21648, 2, 65.56
1791417711 21648, 4, 65.86
1791417712 21648, 0, 65.76
1791417713 21648, 0, 65.52
1791417715 21648, 3, 66.02
1791417716 21648, 0, 65.86
1791417717 21648, 0, 66.66
1791417718 21648, 1, 65.97
1791417719 21648, 3, 65.83
1791417720 21648, 0, 65.84
1791417721 21648, 0, 66.03
1791417722 21648, 1, 66.77
1791417723 21648, 5, 65.15
1791417725 21648, 3, 64.69
1791417726 21648, 0, 65.08
1791417727 21648, 1, 64.78
1791417728 21648, 3, 65.02
1791417729 21648, 3, 65.04
1791417730 21648, 6, 65.04
1791417731 21648, 5, 65.93
1791417732 21648, 2, 65.69
1791417733 21648, 4, 64.88
1791417735 21648, 0, 65.12
1791417736 21648, 0, 64.23
1791417737 21648, 3, 64.70
1791417738 21648, 0, 64.75
1791417739 21648, 0, 64.71
1791417740 21648, 2, 64.78
1791417741 21648, 4, 64.48
1791417742 21648, 0, 63.72
1791417743 21648, 4, 64.21
1791417745 21648, 7, 64.92
1791417746 21648, 2, 65.27
1791417747 21648, 4, 65.19
1791417748 21648, 6, 64.75
1791417749 21664, 0, 65.69
1791417750 22024, 0, 65.99
1791417751 22024, 0, 66.31
1791417752 22024, 0, 66.66
1791417753 22024, 0, 66.49
1791417755 22024, 0, 66.35
1791417756 22064, 94, 127.72
1791417757 23206, 80, 461.48
1791417758 23206, 95, 472.82
1791417759 23206, 88, 472.67
1791417760 23206, 94, 474.26
1791417761 21244, 40, 358.02
1791417762 22178, 16, 345.55
1791417763 22300, 0, 101.41
1791417765 22422, 0, 91.18
1791417766 22546, 5, 109.19
1791417767 23070, 98, 232.19
1791417768 23910, 98, 504.90
1791417769 24664, 98, 496.88
1791417770 24664, 98, 519.73
1791417771 24708, 99, 468.13
1791417772 24708, 98, 506.00
1791417773 24708, 99, 504.33
1791417775 24708, 98, 504.11
1791417776 24708, 97, 466.98
1791417777 24708, 95, 518.79
1791417778 25528, 93, 495.58
1791417779 25544, 97, 488.56
1791417780 25544, 98, 496.57
1791417781 25570, 97, 485.21
1791417782 25570, 95, 524.69
1791417784 25570, 98, 522.36
1791417785 25570, 87, 501.28
1791417786 25570, 97, 527.15
1791417787 25570, 86, 537.98
1791417788 25610, 97, 490.23
1791417789 25610, 87, 531.48
1791417790 25610, 98, 500.10
1791417791 25610, 94, 536.21
1791417793 25610, 76, 507.49
1791417794 25610, 77, 520.12
1791417795 25610, 86, 502.40
1791417796 25610, 98, 529.69
1791417797 25610, 99, 513.06
1791417798 25610, 98, 534.05
1791417799 25610, 98, 522.85
1791417800 25610, 98, 537.27
1791417801 25610, 92, 516.03
1791417803 25610, 98, 508.54
1791417804 25610, 99, 498.32
1791417805 25610, 95, 496.19
1791417806 25610, 94, 530.25
1791417807 25614, 98, 489.88
1791417808 25614, 95, 525.47
1791417809 25614, 98, 504.21
1791417810 25614, 94, 528.16
1791417812 25614, 99, 489.43
1791417813 25614, 94, 520.57
1791417814 25614, 100, 483.27
1791417815 25614, 97, 532.24
1791417816 25634, 98, 509.58
1791417817 25634, 97, 552.38
1791417818 25634, 95, 516.92
1791417819 25634, 98, 536.20
1791417821 25634, 99, 516.17
1791417822 25634, 97, 532.12
1791417823 25634, 98, 496.82
1791417824 25634, 97, 493.14
1791417825 25634, 95, 531.28
1791417826 25634, 98, 519.81
1791417827 25634, 99, 521.25
1791417828 25634, 97, 533.69
1791417829 25634, 94, 525.47
1791417831 25634, 85, 513.80
1791417832 25634, 95, 499.76
1791417833 25634, 98, 512.45
1791417834 25634, 94, 534.09
1791417835 25634, 98, 512.58
1791417836 25634, 78, 513.37
1791417837 25634, 86, 497.84
1791417838 25634, 95, 526.52
1791417840 25634, 98, 502.24
1791417841 25634, 95, 523.66
1791417842 25634, 98, 512.67
1791417843 25634, 90, 550.29
1791417844 25634, 79, 492.17
1791417845 25634, 94, 524.83
1791417846 25634, 98, 505.53
1791417847 25634, 98, 553.93
1791417849 25634, 98, 520.60
1791417850 25634, 94, 522.24
1791417851 25634, 98, 488.74
1791417852 25634, 97, 517.53
1791417853 25634, 99, 520.33
1791417854 25634, 98, 532.74
1791417855 25634, 87, 509.29
1791417856 25634, 98, 524.19
1791417857 25634, 98, 516.71
1791417859 25634, 98, 511.05
1791417860 25634, 97, 497.20
1791417861 25634, 97, 519.66
1791417862 25634, 92, 523.82
1791417863 25634, 97, 503.14
1791417864 25634, 79, 517.43
1791417865 25634, 88, 504.69
1791417866 25634, 94, 536.73
1791417868 25634, 99, 486.33
1791417869 25634, 94, 526.50
1791417870 25634, 97, 512.37
1791417871 25634, 93, 554.80
1791417872 25634, 87, 512.27
1791417873 25634, 94, 526.86
1791417874 25634, 94, 509.06
1791417875 25634, 97, 554.98
1791417877 25634, 97, 517.54
1791417878 25634, 94, 519.72
1791417879 25634, 99, 504.04
1791417880 25634, 97, 544.25
1791417881 25634, 97, 519.71
1791417882 25634, 95, 549.19
1791417883 25634, 98, 505.56
1791417884 25634, 98, 536.01
1791417886 25634, 96, 504.44
1791417887 25634, 97, 525.90
1791417888 25634, 98, 490.79
1791417889 25634, 98, 496.74
1791417890 25634, 94, 528.42
1791417891 25634, 97, 516.38
1791417892 25634, 89, 523.37
1791417893 25634, 97, 533.71
1791417894 25634, 94, 537.11
1791417896 25634, 97, 520.02
1791417897 25634, 94, 510.88
1791417898 25634, 98, 534.12
1791417899 25634, 95, 537.14
1791417900 25634, 97, 518.75
1791417901 25634, 96, 524.99
1791417902 25634, 98, 537.25
1791417903 25634, 95, 532.02
1791417905 25634, 96, 523.41
1791417906 25634, 87, 507.19
1791417907 25634, 98, 534.13
1791417908 25634, 94, 538.48
1791417909 25634, 97, 519.08
1791417910 25634, 94, 524.78
1791417911 25634, 93, 524.52
1791417912 25634, 95, 525.35
1791417913 25634, 98, 516.30
1791417915 25634, 88, 536.41
1791417916 25634, 98, 513.80
1791417917 25634, 95, 543.24
1791417918 25634, 98, 508.69
1791417919 25634, 97, 536.90
1791417920 25634, 97, 522.37
1791417921 25634, 95, 545.80
1791417922 25634, 98, 510.85
1791417924 25634, 92, 556.45
1791417925 25634, 97, 520.38
1791417926 25634, 94, 544.74
1791417927 25634, 98, 510.76
1791417928 25634, 93, 556.03
1791417929 25634, 86, 513.88
1791417930 25634, 95, 542.09
1791417931 25634, 98, 514.37
1791417932 25634, 58, 540.69
1791417934 25634, 88, 500.81
1791417935 25634, 95, 540.55
1791417936 25634, 98, 510.23
1791417937 25634, 98, 536.70
1791417938 25634, 98, 520.32
1791417939 25634, 95, 530.85
1791417940 25634, 100, 491.54
1791417941 25634, 98, 552.47
1791417943 25634, 98, 509.04
1791417944 25634, 92, 554.22
1791417945 25634, 87, 509.14
1791417946 25634, 98, 553.73
1791417947 25634, 98, 521.17
1791417948 25634, 95, 553.70
1791417949 25634, 99, 509.51
1791417950 25634, 98, 559.21
1791417951 25634, 98, 509.80
1791417953 25634, 97, 537.41
1791417954 25634, 97, 529.39
1791417955 25634, 97, 558.59
1791417956 25634, 94, 524.42
1791417957 25634, 98, 536.27
1791417958 25634, 93, 501.36
1791417959 25634, 95, 527.87
1791417960 25634, 95, 500.94
1791417962 25634, 96, 529.27
1791417963 25634, 74, 497.89
1791417964 25634, 98, 511.45
1791417965 25634, 99, 523.08
1791417966 25634, 98, 539.38
1791417967 25634, 86, 507.82
1791417968 25634, 98, 519.18
1791417969 25634, 95, 504.37
1791417971 25634, 98, 512.91
1791417972 25654, 98, 519.86
1791417973 25654, 97, 538.53
1791417974 25654, 95, 521.36
1791417975 25654, 97, 532.62
1791417976 25654, 98, 521.37
1791417977 25654, 98, 536.20
1791417978 25654, 94, 508.91
1791417980 25654, 98, 534.20
1791417981 25654, 98, 522.09
1791417982 25654, 97, 537.68
1791417983 25654, 97, 519.18
1791417984 25654, 97, 538.58
1791417985 25654, 97, 520.39
1791417986 25654, 98, 536.47
1791417987 25654, 98, 504.54
1791417989 25654, 97, 521.45
1791417990 25654, 98, 517.33
1791417991 25654, 98, 522.05
1791417992 25654, 87, 520.75
1791417993 25654, 99, 513.10
1791417994 25654, 99, 520.11
1791417995 25654, 97, 520.95
1791417996 25654, 95, 519.98
1791417998 25654, 97, 521.88
1791417999 25654, 98, 522.01
1791418000 25654, 97, 518.42
1791418001 25654, 93, 535.16
1791418002 25654, 95, 514.71
1791418003 25654, 84, 540.20
1791418004 25654, 97, 527.42
1791418005 25654, 94, 527.05
1791418006 25654, 95, 511.05
1791418008 25654, 92, 544.81
1791418009 25654, 85, 510.72
1791418010 25654, 95, 528.02
1791418011 25654, 98, 513.45
1791418012 25654, 96, 556.79
1791418013 25654, 85, 518.28
1791418014 25654, 94, 531.68
1791418015 25654, 98, 511.38
1791418017 25654, 95, 556.03
1791418018 25654, 85, 517.65
1791418019 25654, 95, 542.75
1791418020 25654, 97, 512.75
1791418021 25654, 93, 554.42
1791418022 25654, 77, 504.88
1791418023 25654, 95, 532.33
1791418024 25654, 97, 507.18
1791418025 25654, 98, 554.69
1791418027 25654, 98, 519.10
1791418028 25654, 94, 527.51
1791418029 25654, 98, 505.09
1791418030 25654, 98, 555.79
1791418031 25654, 97, 523.17
1791418032 25654, 95, 533.14
1791418033 25654, 98, 503.48
1791418034 25654, 97, 547.72
1791418036 25654, 98, 518.11
1791418037 25654, 98, 517.23
1791418038 25654, 99, 502.75
1791418039 25654, 97, 543.10
1791418040 25654, 94, 513.10
1791418041 25654, 90, 516.26
1791418042 25654, 85, 507.04
1791418043 25654, 95, 533.44
1791418044 25654, 98, 515.62
1791418046 25654, 98, 535.11
1791418047 25654, 88, 510.51
1791418048 25654, 97, 550.38
1791418049 25654, 97, 518.10
1791418050 25654, 97, 538.02
1791418051 25654, 87, 493.72
1791418052 25654, 97, 536.04
1791418053 25654, 97, 518.82
1791418055 25654, 98, 537.81
1791418056 25654, 99, 501.69
1791418057 25654, 98, 554.16
1791418058 25654, 98, 521.71
1791418059 25654, 97, 537.84
1791418060 25654, 87, 498.30
1791418061 25654, 98, 534.99
1791418062 25654, 99, 521.33
1791418063 25654, 98, 539.20
1791418065 25654, 95, 525.58
1791418066 25654, 98, 553.66
1791418067 25654, 97, 518.08
1791418068 25654, 97, 535.33
1791418069 25654, 95, 507.51
1791418070 25654, 98, 551.22
1791418071 25654, 98, 518.28
1791418072 25654, 97, 536.13
1791418074 25654, 98, 518.46
1791418075 25654, 96, 555.52
1791418076 25654, 86, 517.36
1791418077 25654, 97, 539.42
1791418078 25654, 98, 506.92
1791418079 25654, 96, 540.84
1791418080 25654, 95, 509.83
1791418081 25654, 98, 526.25
1791418083 25654, 97, 514.73
1791418084 25654, 97, 554.24
1791418085 25654, 97, 523.02
1791418086 25654, 98, 536.00
1791418087 25654, 96, 502.43
1791418088 25654, 96, 532.37
1791418089 25654, 98, 520.94
1791418090 25654, 97, 537.24
1791418092 25654, 99, 518.81
1791418093 25654, 97, 538.91
1791418094 25654, 86, 513.46
1791418095 25654, 98, 537.66
1791418096 25654, 99, 497.25
1791418097 25654, 98, 517.34
1791418098 25654, 98, 522.50
1791418099 25654, 97, 537.10
1791418100 25654, 98, 524.06
1791418102 25654, 98, 536.81
1791418103 25654, 97, 521.22
1791418104 25654, 98, 539.79
1791418105 25654, 97, 507.26
1791418106 25654, 97, 536.21
1791418107 25654, 97, 524.41
1791418108 25654, 98, 537.34
1791418109 25654, 99, 521.73
1791418111 25654, 98, 519.78
1791418112 25654, 97, 521.25
1791418113 25654, 98, 540.07
1791418114 25654, 95, 510.38
1791418115 25654, 98, 537.26
1791418116 25654, 97, 519.94
1791418117 25654, 97, 517.72
1791418118 25654, 85, 519.49
1791418120 25654, 97, 517.83
1791418121 25654, 94, 536.54
1791418122 25654, 97, 532.92
1791418123 25654, 83, 504.16
1791418124 25654, 97, 501.26
1791418125 25654, 94, 526.94
1791418126 25654, 98, 530.55
1791418127 25654, 95, 538.37
1791418128 25654, 97, 521.50
1791418130 25654, 94, 549.65
1791418131 25654, 98, 535.35
1791418132 25654, 95, 519.80
1791418133 25654, 94, 498.49
1791418134 25654, 94, 501.27
1791418135 25654, 93, 498.96
1791418136 25654, 95, 500.90
1791418137 25654, 0, 281.21
1791418138 25654, 0, 94.49
1791418140 25654, 0, 79.15
1791418141 25654, 0, 69.61
1791418142 25654, 0, 69.08
1791418143 25654, 0, 68.61
1791418144 25654, 3, 68.22
1791418145 25654, 6, 68.11
1791418146 25654, 0, 67.63
1791418147 25654, 5, 67.71
1791418148 25654, 7, 67.81
1791418150 25654, 0, 67.38
1791418151 25654, 3, 66.93
1791418152 25654, 6, 67.13
1791418153 25654, 0, 66.61
1791418154 25654, 0, 66.53
1791418155 25654, 0, 66.82
1791418156 25654, 0, 66.26
1791418157 25654, 0, 66.55
1791418158 25654, 6, 66.00
1791418160 25654, 0, 66.48
1791418161 25654, 4, 66.30
1791418162 25654, 0, 66.73
1791418163 25654, 0, 65.85
1791418164 25654, 3, 65.66
1791418165 25654, 4, 65.35
1791418166 25654, 1, 65.59
1791418167 25654, 4, 65.85
1791418168 25654, 3, 65.47
1791418170 25654, 6, 65.65
1791418171 25654, 0, 65.44
1791418172 25654, 9, 66.29
1791418173 25654, 8, 66.50
1791418174 25654, 0, 65.89
1791418175 25654, 0, 65.05
1791418176 25654, 0, 64.90
1791418177 25649, 0, 65.34
