1791260576 2475, 14001, 49, 0x0000000000000000 | 1.22 1.25 0.91 | cpu  2770272086 3772758 291133037 28028346199 12363177 0 10384499 0 45514 0
1791260577 990, 7001, 48, 0x0000000000000000 | 1.28 1.26 0.92 | cpu  2770272251 3772758 291133068 28028349442 12363177 0 10384500 0 45514 0
1791260578 622, 7001, 47, 0x0000000000000000 | 1.28 1.26 0.92 | cpu  2770272311 3772758 291133084 28028352763 12363177 0 10384501 0 45514 0
1791260579 390, 7001, 47, 0x0000000000000000 | 1.28 1.26 0.92 | cpu  2770272314 3772758 291133094 28028356215 12363179 0 10384501 0 45514 0
1791260580 240, 810, 47, 0x0000000000000000 | 1.28 1.26 0.92 | cpu  2770272373 3772758 291133107 28028359605 12363179 0 10384501 0 45514 0
1791260581 2475, 13801, 47, 0x0000000000000000 | 1.28 1.26 0.92 | cpu  2770272578 3772758 291133177 28028362759 12363179 0 10384501 0 45514 0
1791260582 2505, 13801, 48, 0x0000000000000000 | 1.26 1.26 0.92 | cpu  2770272709 3772758 291133196 28028366051 12363179 0 10384501 0 45514 0
1791260583 2505, 13801, 48, 0x0000000000000000 | 1.26 1.26 0.92 | cpu  2770272846 3772758 291133216 28028369338 12363179 0 10384501 0 45514 0
1791260584 2505, 13801, 48, 0x0000000000000000 | 1.26 1.26 0.92 | cpu  2770272981 3772758 291133246 28028372612 12363181 0 10384501 0 45514 0
1791260585 2512, 13801, 48, 0x0000000000000000 | 1.26 1.26 0.92 | cpu  2770273130 3772758 291133272 28028375883 12363181 0 10384501 0 45514 0
1791260587 2505, 13801, 47, 0x0000000000000000 | 1.26 1.26 0.92 | cpu  2770273262 3772758 291133293 28028379172 12363181 0 10384501 0 45514 0
1791260588 2505, 13801, 47, 0x0000000000000000 | 1.24 1.25 0.92 | cpu  2770273400 3772758 291133324 28028382447 12363181 0 10384502 0 45514 0
1791260589 2505, 13801, 47, 0x0000000000000000 | 1.24 1.25 0.92 | cpu  2770273530 3772758 291133351 28028385758 12363181 0 10384502 0 45514 0
1791260590 2505, 13801, 47, 0x0000000000000000 | 1.24 1.25 0.92 | cpu  2770273672 3772758 291133375 28028389037 12363181 0 10384505 0 45514 0
1791260591 2505, 13801, 47, 0x0000000000000000 | 1.24 1.25 0.92 | cpu  2770273810 3772758 291133398 28028392313 12363181 0 10384505 0 45514 0
1791260592 2520, 13801, 47, 0x0000000000000000 | 1.22 1.25 0.92 | cpu  2770273936 3772758 291133426 28028395588 12363181 0 10384506 0 45514 0
1791260593 2505, 13801, 46, 0x0000000000000000 | 1.22 1.25 0.92 | cpu  2770274023 3772758 291133475 28028398896 12363181 0 10384508 0 45514 0
1791260594 2467, 13801, 46, 0x0000000000000000 | 1.22 1.25 0.92 | cpu  2770274038 3772758 291133572 28028402222 12363182 0 10384508 0 45514 0
1791260595 2497, 13801, 46, 0x0000000000000000 | 1.22 1.25 0.92 | cpu  2770274083 3772758 291133640 28028405554 12363183 0 10384508 0 45514 0
1791260596 2497, 13801, 46, 0x0000000000000000 | 1.22 1.25 0.92 | cpu  2770274154 3772758 291133680 28028408888 12363183 0 10384508 0 45514 0
1791260597 2497, 13801, 46, 0x0000000000000000 | 1.20 1.24 0.92 | cpu  2770274226 3772758 291133719 28028412216 12363183 0 10384508 0 45514 0
1791260598 2580, 13801, 46, 0x0000000000000000 | 1.20 1.24 0.92 | cpu  2770274317 3772758 291133740 28028415542 12363183 0 10384508 0 45514 0
1791260599 2647, 13801, 46, 0x0000000000000000 | 1.20 1.24 0.92 | cpu  2770274426 3772758 291133747 28028418868 12363184 0 10384508 0 45514 0
1791260601 2482, 13801, 45, 0x0000000000000000 | 1.20 1.24 0.92 | cpu  2770274534 3772758 291133753 28028422259 12363184 0 10384508 0 45514 0
1791260602 2467, 13801, 45, 0x0000000000000000 | 1.20 1.24 0.92 | cpu  2770274631 3772758 291133767 28028425592 12363184 0 10384508 0 45514 0
1791260603 2467, 13801, 45, 0x0000000000000000 | 1.18 1.24 0.92 | cpu  2770274687 3772758 291133822 28028428924 12363184 0 10384508 0 45514 0
1791260604 2467, 13801, 45, 0x0000000000000000 | 1.18 1.24 0.92 | cpu  2770274744 3772758 291133875 28028432256 12363184 0 10384508 0 45514 0
1791260605 2467, 13801, 45, 0x0000000000000000 | 1.18 1.24 0.92 | cpu  2770274798 3772758 291133932 28028435582 12363186 0 10384510 0 45514 0
1791260606 2467, 13801, 45, 0x0000000000000000 | 1.18 1.24 0.92 | cpu  2770274855 3772758 291133986 28028438913 12363186 0 10384510 0 45514 0
1791260607 2467, 13801, 45, 0x0000000000000000 | 1.17 1.23 0.92 | cpu  2770274910 3772758 291134042 28028442244 12363186 0 10384511 0 45514 0
1791260608 2467, 13801, 44, 0x0000000000000000 | 1.17 1.23 0.92 | cpu  2770274964 3772758 291134099 28028445577 12363186 0 10384511 0 45514 0
1791260609 2467, 13801, 44, 0x0000000000000000 | 1.17 1.23 0.92 | cpu  2770275025 3772758 291134150 28028448906 12363186 0 10384511 0 45514 0
1791260610 2467, 13801, 44, 0x0000000000000000 | 1.17 1.23 0.92 | cpu  2770275083 3772758 291134208 28028452231 12363187 0 10384511 0 45514 0
1791260611 2467, 13801, 44, 0x0000000000000000 | 1.17 1.23 0.92 | cpu  2770275144 3772758 291134265 28028455556 12363187 0 10384516 0 45514 0
1791260612 2467, 13801, 44, 0x0000000000000000 | 1.15 1.23 0.92 | cpu  2770275202 3772758 291134319 28028458884 12363187 0 10384516 0 45514 0
1791260613 2467, 13801, 44, 0x0000000000000000 | 1.15 1.23 0.92 | cpu  2770275270 3772758 291134444 28028462149 12363187 0 10384525 0 45514 0
1791260615 2467, 13801, 44, 0x0000000000000000 | 1.15 1.23 0.92 | cpu  2770275329 3772758 291134548 28028465421 12363188 0 10384526 0 45514 0
1791260616 2467, 13801, 44, 0x0000000000000000 | 1.15 1.23 0.92 | cpu  2770275386 3772758 291134606 28028468746 12363188 0 10384532 0 45514 0
1791260617 2467, 13801, 44, 0x0000000000000000 | 1.15 1.23 0.92 | cpu  2770275442 3772758 291134662 28028472073 12363188 0 10384533 0 45514 0
1791260618 2467, 13801, 44, 0x0000000000000000 | 1.14 1.23 0.92 | cpu  2770275508 3772758 291134706 28028475394 12363188 0 10384534 0 45514 0
1791260619 2467, 13801, 44, 0x0000000000000000 | 1.14 1.23 0.92 | cpu  2770275579 3772758 291134748 28028478725 12363188 0 10384538 0 45514 0
1791260620 2467, 13801, 44, 0x0000000000000000 | 1.14 1.23 0.92 | cpu  2770275632 3772758 291134807 28028482052 12363189 0 10384543 0 45514 0
1791260621 2467, 13801, 43, 0x0000000000000000 | 1.14 1.23 0.92 | cpu  2770275690 3772758 291134862 28028485379 12363192 0 10384544 0 45514 0
1791260622 2467, 13801, 43, 0x0000000000000000 | 1.13 1.22 0.92 | cpu  2770275744 3772758 291134921 28028488709 12363192 0 10384547 0 45514 0
1791260623 2467, 13801, 43, 0x0000000000000000 | 1.13 1.22 0.92 | cpu  2770275798 3772758 291134977 28028492040 12363192 0 10384548 0 45514 0
1791260624 2467, 13801, 43, 0x0000000000000000 | 1.13 1.22 0.92 | cpu  2770275857 3772758 291135029 28028495372 12363192 0 10384548 0 45514 0
1791260625 2467, 13801, 43, 0x0000000000000000 | 1.13 1.22 0.92 | cpu  2770275913 3772758 291135085 28028498702 12363192 0 10384550 0 45514 0
1791260626 2467, 13801, 43, 0x0000000000000000 | 1.13 1.22 0.92 | cpu  2770275968 3772758 291135140 28028502030 12363196 0 10384551 0 45514 0
1791260627 2467, 13801, 43, 0x0000000000000000 | 1.12 1.22 0.92 | cpu  2770276028 3772758 291135196 28028505417 12363197 0 10384554 0 45514 0
1791260629 2467, 13801, 43, 0x0000000000000000 | 1.12 1.22 0.92 | cpu  2770276089 3772758 291135249 28028508746 12363197 0 10384558 0 45514 0
1791260630 2467, 13801, 43, 0x0000000000000000 | 1.12 1.22 0.92 | cpu  2770276143 3772758 291135309 28028512074 12363197 0 10384563 0 45514 0
1791260631 2467, 13801, 43, 0x0000000000000000 | 1.12 1.22 0.92 | cpu  2770276203 3772758 291135380 28028515408 12363204 0 10384571 0 45514 0
1791260632 2467, 13801, 43, 0x0000000000000000 | 1.12 1.22 0.92 | cpu  2770276261 3772758 291135514 28028518690 12363231 0 10384578 0 45514 0
1791260633 2467, 13801, 43, 0x0000000000000000 | 1.19 1.23 0.93 | cpu  2770276320 3772758 291135636 28028521926 12363262 0 10384578 0 45514 0
1791260634 2467, 13801, 43, 0x0000000000000000 | 1.19 1.23 0.93 | cpu  2770276380 3772758 291135781 28028525170 12363280 0 10384582 0 45514 0
1791260635 2467, 13801, 43, 0x0000000000000000 | 1.19 1.23 0.93 | cpu  2770276440 3772758 291135854 28028528485 12363281 0 10384582 0 45514 0
1791260636 2467, 13801, 42, 0x0000000000000000 | 1.19 1.23 0.93 | cpu  2770276518 3772758 291135889 28028531816 12363281 0 10384582 0 45514 0
1791260637 2482, 13801, 42, 0x0000000000000000 | 1.17 1.23 0.93 | cpu  2770276592 3772758 291135926 28028535144 12363281 0 10384582 0 45514 0
1791260638 2872, 13801, 58, 0x0000000000000000 | 1.17 1.23 0.93 | cpu  2770276699 3772758 291135932 28028538484 12363281 0 10384582 0 45514 0
1791260639 2857, 13801, 59, 0x0000000000000000 | 1.17 1.23 0.93 | cpu  2770276807 3772758 291135935 28028541823 12363283 0 10384582 0 45514 0
1791260640 2872, 13801, 60, 0x0000000000000000 | 1.17 1.23 0.93 | cpu  2770276916 3772758 291135939 28028545176 12363283 0 10384582 0 45514 0
1791260642 2865, 13801, 60, 0x0000000000000000 | 1.17 1.23 0.93 | cpu  2770277024 3772758 291135944 28028548517 12363283 0 10384582 0 45514 0
1791260643 2842, 13801, 61, 0x0000000000000000 | 1.16 1.22 0.93 | cpu  2770277134 3772758 291135947 28028551864 12363283 0 10384582 0 45514 0
1791260644 2850, 13801, 64, 0x0000000000000000 | 1.16 1.22 0.93 | cpu  2770277244 3772758 291135950 28028555183 12363283 0 10384582 0 45514 0
1791260645 2842, 13801, 61, 0x0000000000000000 | 1.16 1.22 0.93 | cpu  2770277350 3772758 291135986 28028558517 12363284 0 10384582 0 45514 0
1791260646 2827, 13801, 58, 0x0000000000000000 | 1.16 1.22 0.93 | cpu  2770277450 3772758 291136034 28028561766 12363284 0 10384582 0 45514 0
1791260647 2827, 13801, 62, 0x0000000000000000 | 1.16 1.22 0.93 | cpu  2770277557 3772758 291136044 28028565055 12363285 0 10384582 0 45514 0
1791260648 2827, 13801, 63, 0x0000000000000000 | 1.23 1.24 0.94 | cpu  2770277666 3772758 291136054 28028568402 12363285 0 10384582 0 45514 0
1791260649 2827, 13801, 64, 0x0000000000000000 | 1.23 1.24 0.94 | cpu  2770277776 3772758 291136063 28028571775 12363285 0 10384582 0 45514 0
1791260650 2842, 13801, 65, 0x0000000000000004 | 1.23 1.24 0.94 | cpu  2770277884 3772758 291136071 28028575107 12363285 0 10384589 0 45514 0
1791260651 2835, 13801, 60, 0x0000000000000000 | 1.23 1.24 0.94 | cpu  2770277983 3772758 291136090 28028578398 12363285 0 10384592 0 45514 0
1791260652 2820, 13801, 64, 0x0000000000000004 | 1.21 1.23 0.94 | cpu  2770278094 3772758 291136099 28028581743 12363286 0 10384592 0 45514 0
1791260653 2820, 13801, 66, 0x0000000000000004 | 1.21 1.23 0.94 | cpu  2770278196 3772758 291136113 28028585076 12363286 0 10384592 0 45514 0
1791260654 2842, 13801, 66, 0x0000000000000004 | 1.21 1.23 0.94 | cpu  2770278300 3772758 291136130 28028588423 12363286 0 10384592 0 45514 0
1791260656 2842, 13801, 64, 0x0000000000000000 | 1.21 1.23 0.94 | cpu  2770278408 3772758 291136138 28028591706 12363286 0 10384592 0 45514 0
1791260657 2827, 13801, 65, 0x0000000000000000 | 1.21 1.23 0.94 | cpu  2770278515 3772758 291136151 28028595050 12363287 0 10384592 0 45514 0
1791260658 2820, 13801, 66, 0x0000000000000000 | 1.19 1.23 0.94 | cpu  2770278626 3772758 291136158 28028598460 12363288 0 10384592 0 45514 0
1791260659 2820, 13801, 65, 0x0000000000000000 | 1.19 1.23 0.94 | cpu  2770278752 3772758 291136176 28028601794 12363288 0 10384592 0 45514 0
1791260660 2835, 13801, 67, 0x0000000000000004 | 1.19 1.23 0.94 | cpu  2770278861 3772758 291136194 28028605112 12363289 0 10384594 0 45514 0
1791260661 2827, 13801, 65, 0x0000000000000000 | 1.19 1.23 0.94 | cpu  2770278975 3772758 291136235 28028608415 12363289 0 10384597 0 45514 0
1791260662 2827, 13801, 62, 0x0000000000000000 | 1.18 1.22 0.94 | cpu  2770279081 3772758 291136263 28028611753 12363289 0 10384598 0 45514 0
1791260663 2820, 13801, 67, 0x0000000000000000 | 1.18 1.22 0.94 | cpu  2770279189 3772758 291136286 28028615032 12363289 0 10384598 0 45514 0
1791260664 2835, 13801, 66, 0x0000000000000000 | 1.18 1.22 0.94 | cpu  2770279298 3772758 291136294 28028618390 12363289 0 10384605 0 45514 0
1791260665 2827, 13801, 68, 0x0000000000000004 | 1.18 1.22 0.94 | cpu  2770279406 3772758 291136306 28028621738 12363289 0 10384607 0 45514 0
1791260666 2835, 13801, 67, 0x0000000000000000 | 1.18 1.22 0.94 | cpu  2770279515 3772758 291136314 28028625081 12363289 0 10384612 0 45514 0
1791260667 2827, 13801, 64, 0x0000000000000000 | 1.16 1.22 0.94 | cpu  2770279621 3772758 291136327 28028628419 12363289 0 10384613 0 45514 0
1791260669 2827, 13801, 67, 0x0000000000000004 | 1.16 1.22 0.94 | cpu  2770279735 3772758 291136336 28028631819 12363289 0 10384615 0 45514 0
1791260670 2820, 13801, 69, 0x0000000000000004 | 1.16 1.22 0.94 | cpu  2770279841 3772758 291136351 28028635197 12363289 0 10384615 0 45514 0
1791260671 2842, 13801, 69, 0x0000000000000004 | 1.16 1.22 0.94 | cpu  2770279944 3772758 291136367 28028638568 12363289 0 10384615 0 45514 0
1791260672 2850, 13801, 68, 0x0000000000000000 | 1.16 1.22 0.94 | cpu  2770280052 3772758 291136375 28028641859 12363289 0 10384616 0 45514 0
1791260673 2850, 13801, 64, 0x0000000000000000 | 1.15 1.22 0.94 | cpu  2770280154 3772758 291136390 28028645205 12363291 0 10384616 0 45514 0
1791260674 2835, 13801, 68, 0x0000000000000004 | 1.15 1.22 0.94 | cpu  2770280260 3772758 291136405 28028648545 12363292 0 10384616 0 45514 0
1791260675 2842, 13801, 68, 0x0000000000000000 | 1.15 1.22 0.94 | cpu  2770280369 3772758 291136414 28028651896 12363292 0 10384616 0 45514 0
1791260676 2835, 13801, 68, 0x0000000000000004 | 1.15 1.22 0.94 | cpu  2770280472 3772758 291136432 28028655227 12363292 0 10384616 0 45514 0
1791260677 2842, 13801, 67, 0x0000000000000000 | 1.22 1.23 0.95 | cpu  2770280588 3772758 291136486 28028658595 12363292 0 10384616 0 45514 0
1791260678 2827, 13801, 66, 0x0000000000000004 | 1.22 1.23 0.95 | cpu  2770280694 3772758 291136499 28028661950 12363293 0 10384616 0 45514 0
1791260679 2827, 13801, 70, 0x0000000000000004 | 1.22 1.23 0.95 | cpu  2770280802 3772758 291136515 28028665298 12363293 0 10384618 0 45514 0
1791260680 2857, 13801, 68, 0x0000000000000000 | 1.22 1.23 0.95 | cpu  2770280911 3772758 291136522 28028668623 12363295 0 10384618 0 45514 0
1791260682 2857, 13801, 68, 0x0000000000000004 | 1.22 1.23 0.95 | cpu  2770281011 3772758 291136543 28028671958 12363295 0 10384622 0 45514 0
1791260683 2820, 13801, 61, 0x0000000000000000 | 1.20 1.23 0.95 | cpu  2770281122 3772758 291136550 28028675283 12363295 0 10384622 0 45514 0
1791260684 2820, 13801, 70, 0x0000000000000004 | 1.20 1.23 0.95 | cpu  2770281230 3772758 291136566 28028678652 12363295 0 10384624 0 45514 0
1791260685 2827, 13801, 70, 0x0000000000000004 | 1.20 1.23 0.95 | cpu  2770281342 3772758 291136647 28028681861 12363295 0 10384624 0 45514 0
1791260686 2850, 13801, 69, 0x0000000000000000 | 1.20 1.23 0.95 | cpu  2770281453 3772758 291136654 28028685213 12363296 0 10384625 0 45514 0
1791260687 2835, 13801, 69, 0x0000000000000000 | 1.26 1.24 0.95 | cpu  2770281556 3772758 291136672 28028688602 12363296 0 10384626 0 45514 0
1791260688 2820, 13801, 69, 0x0000000000000004 | 1.26 1.24 0.95 | cpu  2770281669 3772758 291136682 28028691961 12363298 0 10384627 0 45514 0
1791260689 2812, 13801, 71, 0x0000000000000004 | 1.26 1.24 0.95 | cpu  2770281778 3772758 291136694 28028695342 12363299 0 10384627 0 45514 0
1791260690 2842, 13801, 69, 0x0000000000000004 | 1.26 1.24 0.95 | cpu  2770281880 3772758 291136712 28028698611 12363299 0 10384627 0 45514 0
1791260691 2827, 13801, 70, 0x0000000000000000 | 1.26 1.24 0.95 | cpu  2770281989 3772758 291136723 28028701945 12363299 0 10384628 0 45514 0
1791260692 2827, 13801, 65, 0x0000000000000000 | 1.24 1.23 0.95 | cpu  2770282090 3772758 291136739 28028705298 12363299 0 10384630 0 45514 0
1791260693 2812, 13801, 70, 0x0000000000000004 | 1.24 1.23 0.95 | cpu  2770282201 3772758 291136752 28028708630 12363301 0 10384634 0 45514 0
1791260695 2827, 13801, 70, 0x0000000000000000 | 1.24 1.23 0.95 | cpu  2770282310 3772758 291136761 28028711971 12363301 0 10384634 0 45514 0
1791260696 2835, 13801, 71, 0x0000000000000000 | 1.24 1.23 0.95 | cpu  2770282411 3772758 291136780 28028715323 12363301 0 10384634 0 45514 0
1791260697 2820, 13801, 69, 0x0000000000000000 | 1.24 1.23 0.95 | cpu  2770282520 3772758 291136791 28028718650 12363301 0 10384634 0 45514 0
1791260698 2820, 13801, 70, 0x0000000000000004 | 1.22 1.23 0.95 | cpu  2770282620 3772758 291136808 28028721984 12363301 0 10384634 0 45514 0
1791260699 2835, 13801, 72, 0x0000000000000004 | 1.22 1.23 0.95 | cpu  2770282727 3772758 291136820 28028725326 12363301 0 10384637 0 45514 0
1791260700 2850, 13801, 69, 0x0000000000000000 | 1.22 1.23 0.95 | cpu  2770282837 3772758 291136829 28028728672 12363301 0 10384637 0 45514 0
1791260701 2820, 13801, 66, 0x0000000000000004 | 1.22 1.23 0.95 | cpu  2770282948 3772758 291136854 28028731992 12363301 0 10384642 0 45514 0
1791260702 2827, 13801, 71, 0x0000000000000004 | 1.20 1.23 0.95 | cpu  2770283069 3772758 291136870 28028735372 12363301 0 10384646 0 45514 0
1791260703 2865, 13801, 68, 0x0000000000000000 | 1.20 1.23 0.95 | cpu  2770283180 3772758 291136879 28028738709 12363301 0 10384646 0 45514 0
1791260704 2820, 13801, 70, 0x0000000000000004 | 1.20 1.23 0.95 | cpu  2770283284 3772758 291136898 28028742056 12363302 0 10384646 0 45514 0
1791260705 2820, 13801, 70, 0x0000000000000004 | 1.20 1.23 0.95 | cpu  2770283393 3772758 291136906 28028745395 12363302 0 10384646 0 45514 0
1791260706 2827, 13801, 72, 0x0000000000000004 | 1.20 1.23 0.95 | cpu  2770283496 3772758 291136922 28028748748 12363302 0 10384646 0 45514 0
1791260708 2820, 13801, 71, 0x0000000000000004 | 1.19 1.22 0.95 | cpu  2770283608 3772758 291136935 28028752104 12363302 0 10384650 0 45514 0
1791260709 2850, 13801, 71, 0x0000000000000004 | 1.19 1.22 0.95 | cpu  2770283723 3772758 291136950 28028755568 12363303 0 10384650 0 45514 0
1791260710 2827, 13801, 71, 0x0000000000000000 | 1.19 1.22 0.95 | cpu  2770283826 3772758 291137007 28028758823 12363305 0 10384650 0 45514 0
1791260711 2820, 13801, 70, 0x0000000000000000 | 1.19 1.22 0.95 | cpu  2770283935 3772758 291137014 28028762120 12363305 0 10384650 0 45514 0
1791260712 2820, 13801, 72, 0x0000000000000004 | 1.19 1.22 0.95 | cpu  2770284038 3772758 291137030 28028765471 12363305 0 10384650 0 45514 0
1791260713 2850, 13801, 70, 0x0000000000000004 | 1.17 1.22 0.95 | cpu  2770284144 3772758 291137046 28028768889 12363305 0 10384650 0 45514 0
1791260714 2827, 13801, 70, 0x0000000000000000 | 1.17 1.22 0.95 | cpu  2770284254 3772758 291137059 28028772236 12363305 0 10384650 0 45514 0
1791260715 2827, 13801, 72, 0x0000000000000004 | 1.17 1.22 0.95 | cpu  2770284358 3772758 291137074 28028775582 12363307 0 10384650 0 45514 0
1791260716 2827, 13801, 71, 0x0000000000000004 | 1.17 1.22 0.95 | cpu  2770284468 3772758 291137084 28028778930 12363307 0 10384650 0 45514 0
1791260717 2827, 13801, 72, 0x0000000000000004 | 1.16 1.22 0.95 | cpu  2770284571 3772758 291137098 28028782218 12363307 0 10384650 0 45514 0
1791260718 2820, 13801, 73, 0x0000000000000004 | 1.16 1.22 0.95 | cpu  2770284684 3772758 291137106 28028785566 12363307 0 10384654 0 45514 0
1791260719 2842, 13801, 70, 0x0000000000000000 | 1.16 1.22 0.95 | cpu  2770284792 3772758 291137118 28028788844 12363308 0 10384654 0 45514 0
1791260721 2842, 13801, 71, 0x0000000000000000 | 1.16 1.22 0.95 | cpu  2770284896 3772758 291137137 28028792253 12363308 0 10384654 0 45514 0
1791260722 2835, 13801, 71, 0x0000000000000000 | 1.16 1.22 0.95 | cpu  2770285004 3772758 291137145 28028795594 12363308 0 10384654 0 45514 0
1791260723 2842, 13801, 72, 0x0000000000000004 | 1.15 1.21 0.95 | cpu  2770285111 3772758 291137161 28028798985 12363308 0 10384654 0 45514 0
1791260724 2842, 13801, 71, 0x0000000000000004 | 1.15 1.21 0.95 | cpu  2770285218 3772758 291137175 28028802329 12363309 0 10384654 0 45514 0
1791260725 2850, 13801, 71, 0x0000000000000000 | 1.15 1.21 0.95 | cpu  2770285334 3772758 291137211 28028805709 12363309 0 10384654 0 45514 0
1791260726 2820, 13801, 68, 0x0000000000000004 | 1.15 1.21 0.95 | cpu  2770285441 3772758 291137244 28028809030 12363309 0 10384654 0 45514 0
1791260727 2827, 13801, 73, 0x0000000000000004 | 1.13 1.21 0.96 | cpu  2770285555 3772758 291137256 28028812538 12363309 0 10384654 0 45514 0
1791260728 2827, 13801, 72, 0x0000000000000004 | 1.13 1.21 0.96 | cpu  2770285664 3772758 291137266 28028815888 12363309 0 10384654 0 45514 0
1791260729 2842, 13801, 70, 0x0000000000000000 | 1.13 1.21 0.96 | cpu  2770285762 3772758 291137288 28028819235 12363310 0 10384654 0 45514 0
1791260730 2812, 13801, 72, 0x0000000000000000 | 1.13 1.21 0.96 | cpu  2770285872 3772758 291137297 28028822568 12363312 0 10384655 0 45514 0
1791260732 2812, 13801, 74, 0x0000000000000004 | 1.13 1.21 0.96 | cpu  2770285977 3772758 291137310 28028825914 12363312 0 10384655 0 45514 0
1791260733 2835, 13801, 72, 0x0000000000000004 | 1.12 1.20 0.96 | cpu  2770286081 3772758 291137324 28028829194 12363312 0 10384655 0 45514 0
1791260734 2850, 13801, 71, 0x0000000000000000 | 1.12 1.20 0.96 | cpu  2770286190 3772758 291137333 28028832533 12363312 0 10384658 0 45514 0
1791260735 2812, 13801, 72, 0x0000000000000004 | 1.12 1.20 0.96 | cpu  2770286294 3772758 291137347 28028835861 12363312 0 10384660 0 45514 0
1791260736 2820, 13801, 71, 0x0000000000000000 | 1.12 1.20 0.96 | cpu  2770286403 3772758 291137356 28028839209 12363314 0 10384666 0 45514 0
1791260737 2812, 13801, 73, 0x0000000000000004 | 1.12 1.20 0.96 | cpu  2770286508 3772758 291137371 28028842560 12363314 0 10384672 0 45514 0
1791260738 2842, 13801, 72, 0x0000000000000004 | 1.11 1.20 0.96 | cpu  2770286614 3772758 291137384 28028845915 12363314 0 10384680 0 45514 0
1791260739 2842, 13801, 71, 0x0000000000000000 | 1.11 1.20 0.96 | cpu  2770286723 3772758 291137393 28028849275 12363314 0 10384690 0 45514 0
1791260740 2820, 13801, 71, 0x0000000000000004 | 1.11 1.20 0.96 | cpu  2770286830 3772758 291137417 28028852632 12363314 0 10384693 0 45514 0
1791260741 2820, 13801, 71, 0x0000000000000000 | 1.11 1.20 0.96 | cpu  2770286940 3772758 291137427 28028855981 12363315 0 10384698 0 45514 0
1791260742 2812, 13801, 72, 0x0000000000000004 | 1.10 1.20 0.96 | cpu  2770287044 3772758 291137440 28028859324 12363315 0 10384705 0 45514 0
1791260743 2805, 13801, 73, 0x0000000000000004 | 1.10 1.20 0.96 | cpu  2770287153 3772758 291137452 28028862613 12363315 0 10384711 0 45514 0
1791260744 2850, 13801, 72, 0x0000000000000000 | 1.10 1.20 0.96 | cpu  2770287261 3772758 291137462 28028865934 12363315 0 10384711 0 45514 0
1791260746 2812, 13801, 68, 0x0000000000000004 | 1.10 1.20 0.96 | cpu  2770287367 3772758 291137476 28028869281 12363315 0 10384711 0 45514 0
1791260747 2820, 13801, 73, 0x0000000000000004 | 1.10 1.20 0.96 | cpu  2770287474 3772758 291137493 28028872693 12363316 0 10384713 0 45514 0
1791260748 2842, 13801, 73, 0x0000000000000004 | 1.10 1.19 0.96 | cpu  2770287584 3772758 291137504 28028876047 12363316 0 10384721 0 45514 0
1791260749 2820, 13801, 72, 0x0000000000000000 | 1.10 1.19 0.96 | cpu  2770287688 3772758 291137519 28028879406 12363316 0 10384723 0 45514 0
1791260750 2827, 13801, 72, 0x0000000000000000 | 1.10 1.19 0.96 | cpu  2770287798 3772758 291137552 28028882722 12363316 0 10384732 0 45514 0
1791260751 2820, 13801, 67, 0x0000000000000000 | 1.10 1.19 0.96 | cpu  2770287903 3772758 291137613 28028885961 12363316 0 10384736 0 45514 0
1791260752 2812, 13801, 73, 0x0000000000000004 | 1.09 1.19 0.96 | cpu  2770288008 3772758 291137626 28028889303 12363317 0 10384738 0 45514 0
1791260753 2820, 13801, 72, 0x0000000000000004 | 1.09 1.19 0.96 | cpu  2770288116 3772758 291137634 28028892587 12363317 0 10384738 0 45514 0
1791260754 2842, 13801, 72, 0x0000000000000004 | 1.09 1.19 0.96 | cpu  2770288220 3772758 291137649 28028895933 12363317 0 10384738 0 45514 0
1791260755 2850, 13801, 71, 0x0000000000000000 | 1.09 1.19 0.96 | cpu  2770288330 3772758 291137658 28028899282 12363317 0 10384738 0 45514 0
1791260756 2805, 13801, 68, 0x0000000000000004 | 1.09 1.19 0.96 | cpu  2770288437 3772758 291137674 28028902702 12363317 0 10384738 0 45514 0
1791260757 2812, 13801, 71, 0x0000000000000004 | 1.08 1.19 0.96 | cpu  2770288542 3772758 291137688 28028906048 12363318 0 10384738 0 45514 0
1791260759 2827, 13801, 71, 0x0000000000000000 | 1.08 1.19 0.96 | cpu  2770288649 3772758 291137697 28028909334 12363318 0 10384738 0 45514 0
1791260760 2827, 13801, 70, 0x0000000000000000 | 1.08 1.19 0.96 | cpu  2770288747 3772758 291137722 28028912654 12363319 0 10384741 0 45514 0
1791260761 2820, 13801, 72, 0x0000000000000000 | 1.08 1.19 0.96 | cpu  2770288856 3772758 291137732 28028916004 12363319 0 10384741 0 45514 0
1791260762 2812, 13801, 72, 0x0000000000000004 | 1.08 1.19 0.96 | cpu  2770288959 3772758 291137752 28028919362 12363319 0 10384741 0 45514 0
1791260763 2842, 13801, 72, 0x0000000000000004 | 1.07 1.18 0.96 | cpu  2770289064 3772758 291137768 28028922706 12363320 0 10384741 0 45514 0
1791260764 2842, 13801, 71, 0x0000000000000000 | 1.07 1.18 0.96 | cpu  2770289173 3772758 291137776 28028926048 12363322 0 10384741 0 45514 0
1791260765 2827, 13801, 66, 0x0000000000000000 | 1.07 1.18 0.96 | cpu  2770289275 3772758 291137797 28028929406 12363322 0 10384748 0 45514 0
1791260766 2805, 13801, 74, 0x0000000000000004 | 1.07 1.18 0.96 | cpu  2770289384 3772758 291137808 28028932801 12363322 0 10384750 0 45514 0
1791260767 2872, 13801, 70, 0x0000000000000000 | 1.07 1.18 0.96 | cpu  2770289496 3772758 291137815 28028936146 12363322 0 10384752 0 45514 0
1791260768 2820, 13801, 73, 0x0000000000000004 | 1.07 1.18 0.96 | cpu  2770289599 3772758 291137830 28028939410 12363323 0 10384752 0 45514 0
1791260769 2805, 13801, 73, 0x0000000000000000 | 1.07 1.18 0.96 | cpu  2770289709 3772758 291137839 28028942764 12363323 0 10384753 0 45514 0
1791260770 2820, 13801, 73, 0x0000000000000004 | 1.07 1.18 0.96 | cpu  2770289815 3772758 291137854 28028946104 12363325 0 10384759 0 45514 0
1791260772 2820, 13801, 71, 0x0000000000000004 | 1.07 1.18 0.96 | cpu  2770289921 3772758 291137869 28028949415 12363325 0 10384759 0 45514 0
1791260773 2835, 13801, 71, 0x0000000000000004 | 1.06 1.18 0.96 | cpu  2770290029 3772758 291137879 28028952762 12363325 0 10384763 0 45514 0
1791260774 2812, 13801, 72, 0x0000000000000004 | 1.06 1.18 0.96 | cpu  2770290142 3772758 291137933 28028956060 12363326 0 10384772 0 45514 0
1791260775 2805, 13801, 72, 0x0000000000000000 | 1.06 1.18 0.96 | cpu  2770290252 3772758 291137942 28028959399 12363326 0 10384773 0 45514 0
1791260776 2812, 13801, 69, 0x0000000000000004 | 1.06 1.18 0.96 | cpu  2770290360 3772758 291137957 28028962841 12363328 0 10384777 0 45514 0
1791260777 2812, 13801, 73, 0x0000000000000004 | 1.06 1.18 0.96 | cpu  2770290466 3772758 291137970 28028966184 12363328 0 10384778 0 45514 0
1791260778 2842, 13801, 72, 0x0000000000000000 | 1.06 1.17 0.96 | cpu  2770290576 3772758 291137979 28028969531 12363328 0 10384783 0 45514 0
1791260779 2805, 13801, 73, 0x0000000000000004 | 1.06 1.17 0.96 | cpu  2770290680 3772758 291137996 28028972876 12363330 0 10384790 0 45514 0
1791260780 2835, 13801, 71, 0x0000000000000000 | 1.06 1.17 0.96 | cpu  2770290789 3772758 291138005 28028976224 12363330 0 10384791 0 45514 0
1791260781 2812, 13801, 69, 0x0000000000000004 | 1.06 1.17 0.96 | cpu  2770290889 3772758 291138022 28028979518 12363330 0 10384794 0 45514 0
1791260782 2805, 13801, 74, 0x0000000000000004 | 1.05 1.17 0.96 | cpu  2770291000 3772758 291138034 28028982815 12363330 0 10384802 0 45514 0
1791260783 2835, 13801, 72, 0x0000000000000000 | 1.05 1.17 0.96 | cpu  2770291111 3772758 291138042 28028986179 12363330 0 10384806 0 45514 0
1791260785 2835, 13801, 74, 0x0000000000000004 | 1.05 1.17 0.96 | cpu  2770291212 3772758 291138062 28028989542 12363331 0 10384806 0 45514 0
1791260786 2835, 13801, 71, 0x0000000000000000 | 1.05 1.17 0.96 | cpu  2770291321 3772758 291138070 28028992884 12363331 0 10384806 0 45514 0
1791260787 2812, 13801, 68, 0x0000000000000004 | 1.05 1.17 0.96 | cpu  2770291426 3772758 291138085 28028996250 12363331 0 10384806 0 45514 0
1791260788 2827, 13801, 72, 0x0000000000000004 | 1.05 1.17 0.96 | cpu  2770291533 3772758 291138101 28028999600 12363333 0 10384806 0 45514 0
1791260789 2842, 13801, 72, 0x0000000000000000 | 1.05 1.17 0.96 | cpu  2770291642 3772758 291138107 28029002918 12363333 0 10384806 0 45514 0
1791260790 2812, 13801, 70, 0x0000000000000004 | 1.05 1.17 0.96 | cpu  2770291745 3772758 291138124 28029006262 12363334 0 10384806 0 45514 0
1791260791 2827, 13801, 72, 0x0000000000000004 | 1.05 1.17 0.96 | cpu  2770291854 3772758 291138137 28029009604 12363334 0 10384810 0 45514 0
1791260792 2835, 13801, 74, 0x0000000000000000 | 1.04 1.16 0.96 | cpu  2770291962 3772758 291138148 28029012936 12363334 0 10384810 0 45514 0
1791260793 2805, 13801, 72, 0x0000000000000004 | 1.04 1.16 0.96 | cpu  2770292066 3772758 291138167 28029016281 12363335 0 10384812 0 45514 0
1791260794 2805, 13801, 74, 0x0000000000000004 | 1.04 1.16 0.96 | cpu  2770292177 3772758 291138177 28029019646 12363335 0 10384812 0 45514 0
1791260795 2835, 13801, 72, 0x0000000000000004 | 1.04 1.16 0.96 | cpu  2770292281 3772758 291138193 28029023002 12363336 0 10384815 0 45514 0
1791260796 2812, 13801, 72, 0x0000000000000004 | 1.04 1.16 0.96 | cpu  2770292391 3772758 291138201 28029026348 12363336 0 10384816 0 45514 0
1791260798 2835, 13801, 72, 0x0000000000000000 | 1.04 1.16 0.96 | cpu  2770292500 3772758 291138210 28029029699 12363336 0 10384818 0 45514 0
1791260799 2812, 13801, 74, 0x0000000000000004 | 1.04 1.16 0.96 | cpu  2770292606 3772758 291138223 28029033068 12363336 0 10384818 0 45514 0
1791260800 2812, 13801, 72, 0x0000000000000004 | 1.04 1.16 0.96 | cpu  2770292714 3772758 291138234 28029036405 12363336 0 10384818 0 45514 0
1791260801 2812, 13801, 72, 0x0000000000000004 | 1.04 1.16 0.96 | cpu  2770292819 3772758 291138248 28029039749 12363337 0 10384818 0 45514 0
1791260802 2812, 13801, 73, 0x0000000000000004 | 1.04 1.16 0.96 | cpu  2770292928 3772758 291138256 28029043100 12363337 0 10384818 0 45514 0
1791260803 2842, 13801, 73, 0x0000000000000000 | 1.04 1.16 0.96 | cpu  2770293038 3772758 291138265 28029046451 12363337 0 10384818 0 45514 0
1791260804 2835, 13801, 71, 0x0000000000000004 | 1.04 1.16 0.96 | cpu  2770293142 3772758 291138280 28029049800 12363337 0 10384818 0 45514 0
1791260805 2827, 13801, 73, 0x0000000000000000 | 1.04 1.16 0.96 | cpu  2770293252 3772758 291138291 28029053143 12363337 0 10384819 0 45514 0
1791260806 2812, 13801, 69, 0x0000000000000004 | 1.04 1.16 0.96 | cpu  2770293356 3772758 291138305 28029056491 12363338 0 10384819 0 45514 0
1791260807 2805, 13801, 73, 0x0000000000000004 | 1.03 1.16 0.96 | cpu  2770293464 3772758 291138314 28029059843 12363338 0 10384821 0 45514 0
1791260808 2842, 13801, 72, 0x0000000000000000 | 1.03 1.16 0.96 | cpu  2770293574 3772758 291138324 28029063191 12363338 0 10384826 0 45514 0
1791260809 2827, 13801, 72, 0x0000000000000004 | 1.03 1.16 0.96 | cpu  2770293675 3772758 291138344 28029066547 12363339 0 10384828 0 45514 0
1791260811 2812, 13801, 73, 0x0000000000000004 | 1.03 1.16 0.96 | cpu  2770293784 3772758 291138352 28029069879 12363339 0 10384828 0 45514 0
1791260812 2805, 13801, 65, 0x0000000000000004 | 1.03 1.16 0.96 | cpu  2770293894 3772758 291138360 28029073197 12363340 0 10384830 0 45514 0
1791260813 2812, 13801, 72, 0x0000000000000004 | 1.03 1.15 0.96 | cpu  2770294001 3772758 291138374 28029076542 12363340 0 10384834 0 45514 0
1791260814 2820, 13801, 72, 0x0000000000000000 | 1.03 1.15 0.96 | cpu  2770294111 3772758 291138385 28029079886 12363340 0 10384839 0 45514 0
1791260815 2827, 13801, 70, 0x0000000000000000 | 1.03 1.15 0.96 | cpu  2770294217 3772758 291138401 28029083220 12363340 0 10384840 0 45514 0
1791260816 2797, 13801, 74, 0x0000000000000004 | 1.03 1.15 0.96 | cpu  2770294328 3772758 291138440 28029086489 12363340 0 10384841 0 45514 0
1791260817 2842, 13801, 72, 0x0000000000000000 | 1.03 1.15 0.96 | cpu  2770294443 3772758 291138500 28029089711 12363340 0 10384854 0 45514 0
1791260818 2805, 13801, 74, 0x0000000000000004 | 1.03 1.15 0.96 | cpu  2770294548 3772758 291138516 28029093061 12363340 0 10384857 0 45514 0
1791260819 2812, 13801, 72, 0x0000000000000000 | 1.03 1.15 0.96 | cpu  2770294658 3772758 291138527 28029096474 12363340 0 10384869 0 45514 0
1791260820 2820, 13801, 72, 0x0000000000000004 | 1.03 1.15 0.96 | cpu  2770294765 3772758 291138544 28029099819 12363341 0 10384871 0 45514 0
1791260821 2805, 13801, 72, 0x0000000000000004 | 1.03 1.15 0.96 | cpu  2770294881 3772758 291138578 28029103208 12363341 0 10384880 0 45514 0
1791260823 2842, 13801, 72, 0x0000000000000000 | 1.02 1.15 0.96 | cpu  2770294994 3772758 291138607 28029106542 12363341 0 10384881 0 45514 0
1791260824 2835, 13801, 70, 0x0000000000000000 | 1.02 1.15 0.96 | cpu  2770295096 3772758 291138624 28029109880 12363341 0 10384881 0 45514 0
1791260825 2812, 13801, 72, 0x0000000000000000 | 1.02 1.15 0.96 | cpu  2770295208 3772758 291138634 28029113283 12363343 0 10384882 0 45514 0
1791260826 2812, 13801, 73, 0x0000000000000004 | 1.02 1.15 0.96 | cpu  2770295316 3772758 291138647 28029116668 12363343 0 10384882 0 45514 0
1791260827 2835, 13801, 72, 0x0000000000000004 | 1.02 1.15 0.96 | cpu  2770295419 3772758 291138660 28029119946 12363343 0 10384882 0 45514 0
1791260828 2835, 13801, 73, 0x0000000000000000 | 1.02 1.14 0.97 | cpu  2770295529 3772758 291138670 28029123296 12363343 0 10384884 0 45514 0
1791260829 2827, 13801, 71, 0x0000000000000000 | 1.02 1.14 0.97 | cpu  2770295637 3772758 291138683 28029126720 12363343 0 10384884 0 45514 0
1791260830 2805, 13801, 73, 0x0000000000000000 | 1.02 1.14 0.97 | cpu  2770295749 3772758 291138694 28029130073 12363345 0 10384884 0 45514 0
1791260831 2812, 13801, 74, 0x0000000000000004 | 1.02 1.14 0.97 | cpu  2770295854 3772758 291138708 28029133396 12363345 0 10384885 0 45514 0
1791260832 2812, 13801, 73, 0x0000000000000004 | 1.02 1.14 0.97 | cpu  2770295976 3772758 291138722 28029136788 12363346 0 10384894 0 45514 0
1791260833 2812, 13801, 73, 0x0000000000000000 | 1.02 1.14 0.97 | cpu  2770296087 3772758 291138728 28029140143 12363346 0 10384896 0 45514 0
1791260834 2835, 13801, 74, 0x0000000000000004 | 1.02 1.14 0.97 | cpu  2770296192 3772758 291138744 28029143429 12363346 0 10384901 0 45514 0
1791260836 2820, 13801, 74, 0x0000000000000004 | 1.02 1.14 0.97 | cpu  2770296302 3772758 291138754 28029146751 12363351 0 10384906 0 45514 0
1791260837 2857, 13801, 71, 0x0000000000000000 | 1.02 1.14 0.97 | cpu  2770296409 3772758 291138765 28029150027 12363351 0 10384908 0 45514 0
1791260838 2805, 13801, 73, 0x0000000000000004 | 1.02 1.14 0.97 | cpu  2770296524 3772758 291138820 28029153330 12363351 0 10384913 0 45514 0
1791260839 2842, 13801, 72, 0x0000000000000000 | 1.02 1.14 0.97 | cpu  2770296633 3772758 291138828 28029156662 12363351 0 10384916 0 45514 0
1791260840 2835, 13801, 72, 0x0000000000000004 | 1.02 1.14 0.97 | cpu  2770296738 3772758 291138847 28029159935 12363352 0 10384928 0 45514 0
1791260841 2812, 13801, 74, 0x0000000000000004 | 1.02 1.14 0.97 | cpu  2770296848 3772758 291138856 28029163292 12363353 0 10384933 0 45514 0
1791260842 2842, 13801, 71, 0x0000000000000000 | 1.02 1.14 0.97 | cpu  2770296958 3772758 291138864 28029166639 12363353 0 10384936 0 45514 0
1791260843 2812, 13801, 73, 0x0000000000000004 | 1.02 1.14 0.97 | cpu  2770297062 3772758 291138878 28029169946 12363353 0 10384936 0 45514 0
1791260844 2842, 13801, 72, 0x0000000000000000 | 1.02 1.14 0.97 | cpu  2770297173 3772758 291138887 28029173301 12363353 0 10384939 0 45514 0
1791260845 2835, 13801, 74, 0x0000000000000004 | 1.02 1.14 0.97 | cpu  2770297278 3772758 291138902 28029176649 12363353 0 10384940 0 45514 0
1791260846 2805, 13801, 75, 0x0000000000000004 | 1.02 1.14 0.97 | cpu  2770297384 3772758 291138914 28029179885 12363353 0 10384943 0 45514 0
1791260847 2842, 13801, 72, 0x0000000000000000 | 1.02 1.13 0.97 | cpu  2770297492 3772758 291138924 28029183228 12363353 0 10384946 0 45514 0
1791260848 2812, 13801, 70, 0x0000000000000000 | 1.02 1.13 0.97 | cpu  2770297591 3772758 291138945 28029186642 12363353 0 10384948 0 45514 0
1791260850 2812, 13801, 74, 0x0000000000000004 | 1.02 1.13 0.97 | cpu  2770297701 3772758 291138956 28029189982 12363353 0 10384948 0 45514 0
1791260851 2842, 13801, 72, 0x0000000000000004 | 1.02 1.13 0.97 | cpu  2770297805 3772758 291138971 28029193271 12363354 0 10384952 0 45514 0
1791260852 2805, 13801, 73, 0x0000000000000004 | 1.02 1.13 0.97 | cpu  2770297909 3772758 291138985 28029196613 12363355 0 10384956 0 45514 0
1791260853 2827, 13801, 72, 0x0000000000000000 | 1.01 1.13 0.97 | cpu  2770298022 3772758 291138995 28029199960 12363355 0 10384956 0 45514 0
1791260854 2805, 13801, 74, 0x0000000000000004 | 1.01 1.13 0.97 | cpu  2770298132 3772758 291139056 28029203256 12363355 0 10384965 0 45514 0
1791260855 2805, 13801, 74, 0x0000000000000004 | 1.01 1.13 0.97 | cpu  2770298242 3772758 291139067 28029206621 12363355 0 10384968 0 45514 0
1791260856 2865, 13801, 72, 0x0000000000000000 | 1.01 1.13 0.97 | cpu  2770298347 3772758 291139080 28029209962 12363356 0 10384971 0 45514 0
1791260857 2812, 13801, 74, 0x0000000000000004 | 1.01 1.13 0.97 | cpu  2770298454 3772758 291139089 28029213234 12363357 0 10384973 0 45514 0
1791260858 2842, 13801, 72, 0x0000000000000000 | 1.01 1.13 0.97 | cpu  2770298564 3772758 291139098 28029216574 12363357 0 10384978 0 45514 0
1791260859 2812, 13801, 73, 0x0000000000000004 | 1.01 1.13 0.97 | cpu  2770298668 3772758 291139113 28029219920 12363357 0 10384980 0 45514 0
1791260860 2812, 13801, 75, 0x0000000000000004 | 1.01 1.13 0.97 | cpu  2770298776 3772758 291139121 28029223212 12363357 0 10384980 0 45514 0
1791260861 2812, 13801, 74, 0x0000000000000004 | 1.01 1.13 0.97 | cpu  2770298880 3772758 291139136 28029226583 12363357 0 10384980 0 45514 0
1791260862 2820, 13801, 74, 0x0000000000000004 | 1.01 1.13 0.97 | cpu  2770298990 3772758 291139147 28029229890 12363358 0 10384980 0 45514 0
1791260864 2820, 13801, 72, 0x0000000000000000 | 1.01 1.13 0.97 | cpu  2770299099 3772758 291139157 28029233237 12363358 0 10384980 0 45514 0
1791260865 2812, 13801, 73, 0x0000000000000004 | 1.01 1.13 0.97 | cpu  2770299210 3772758 291139172 28029236695 12363358 0 10384984 0 45514 0
1791260866 2820, 13801, 72, 0x0000000000000004 | 1.01 1.13 0.97 | cpu  2770299318 3772758 291139180 28029240046 12363358 0 10384986 0 45514 0
1791260867 2827, 13801, 73, 0x0000000000000004 | 1.01 1.13 0.97 | cpu  2770299426 3772758 291139195 28029243452 12363358 0 10384986 0 45514 0
1791260868 2812, 13801, 74, 0x0000000000000004 | 1.01 1.12 0.97 | cpu  2770299535 3772758 291139206 28029246798 12363359 0 10384987 0 45514 0
1791260869 2827, 13801, 72, 0x0000000000000000 | 1.01 1.12 0.97 | cpu  2770299645 3772758 291139216 28029250146 12363359 0 10384991 0 45514 0
1791260870 2812, 13801, 73, 0x0000000000000004 | 1.01 1.12 0.97 | cpu  2770299757 3772758 291139226 28029253562 12363359 0 10384992 0 45514 0
1791260871 2827, 13801, 72, 0x0000000000000000 | 1.01 1.12 0.97 | cpu  2770299869 3772758 291139235 28029256960 12363359 0 10384992 0 45514 0
1791260872 2805, 13801, 69, 0x0000000000000004 | 1.01 1.12 0.97 | cpu  2770299974 3772758 291139247 28029260284 12363359 0 10384992 0 45514 0
1791260873 2820, 13801, 74, 0x0000000000000004 | 1.01 1.12 0.97 | cpu  2770300088 3772758 291139258 28029263739 12363360 0 10384996 0 45514 0
1791260875 2842, 13801, 72, 0x0000000000000000 | 1.01 1.12 0.97 | cpu  2770300199 3772758 291139269 28029267089 12363360 0 10385000 0 45514 0
1791260876 2827, 13801, 73, 0x0000000000000004 | 1.01 1.12 0.97 | cpu  2770300302 3772758 291139285 28029270439 12363360 0 10385000 0 45514 0
1791260877 2827, 13801, 73, 0x0000000000000000 | 1.01 1.12 0.97 | cpu  2770300410 3772758 291139294 28029273785 12363360 0 10385000 0 45514 0
1791260878 2805, 13801, 73, 0x0000000000000000 | 1.09 1.14 0.98 | cpu  2770300518 3772758 291139310 28029277179 12363361 0 10385001 0 45514 0
1791260879 2820, 13801, 75, 0x0000000000000004 | 1.09 1.14 0.98 | cpu  2770300629 3772758 291139317 28029280512 12363361 0 10385002 0 45514 0
1791260880 2842, 13801, 72, 0x0000000000000000 | 1.09 1.14 0.98 | cpu  2770300739 3772758 291139328 28029283912 12363361 0 10385004 0 45514 0
1791260881 2820, 13801, 67, 0x0000000000000000 | 1.09 1.14 0.98 | cpu  2770300845 3772758 291139343 28029287256 12363361 0 10385005 0 45514 0
1791260882 2812, 13801, 72, 0x0000000000000000 | 1.16 1.15 0.98 | cpu  2770300960 3772758 291139401 28029290616 12363361 0 10385036 0 45514 0
1791260883 2827, 13801, 73, 0x0000000000000004 | 1.16 1.15 0.98 | cpu  2770301066 3772758 291139436 28029293895 12363361 0 10385046 0 45514 0
1791260884 2805, 13801, 73, 0x0000000000000004 | 1.16 1.15 0.98 | cpu  2770301176 3772758 291139448 28029297236 12363362 0 10385046 0 45514 0
1791260885 2842, 13801, 72, 0x0000000000000000 | 1.16 1.15 0.98 | cpu  2770301293 3772758 291139471 28029300658 12363362 0 10385046 0 45514 0
1791260887 2820, 13801, 71, 0x0000000000000000 | 1.16 1.15 0.98 | cpu  2770301401 3772758 291139525 28029304022 12363362 0 10385048 0 45514 0
1791260888 2805, 13801, 72, 0x0000000000000000 | 1.15 1.15 0.98 | cpu  2770301511 3772758 291139534 28029307367 12363362 0 10385059 0 45514 0
1791260889 2820, 13801, 74, 0x0000000000000004 | 1.15 1.15 0.98 | cpu  2770301620 3772758 291139544 28029310745 12363362 0 10385060 0 45514 0
1791260890 2835, 13801, 74, 0x0000000000000004 | 1.15 1.15 0.98 | cpu  2770301722 3772758 291139562 28029314083 12363364 0 10385063 0 45514 0
1791260891 2835, 13801, 73, 0x0000000000000000 | 1.15 1.15 0.98 | cpu  2770301831 3772758 291139570 28029317427 12363364 0 10385063 0 45514 0
1791260892 2820, 13801, 73, 0x0000000000000000 | 1.15 1.15 0.98 | cpu  2770301937 3772758 291139585 28029320778 12363364 0 10385063 0 45514 0
1791260893 2812, 13801, 74, 0x0000000000000004 | 1.14 1.15 0.98 | cpu  2770302047 3772758 291139595 28029324131 12363364 0 10385066 0 45514 0
1791260894 2812, 13801, 72, 0x0000000000000004 | 1.14 1.15 0.98 | cpu  2770302155 3772758 291139608 28029327534 12363364 0 10385070 0 45514 0
1791260895 2805, 13801, 73, 0x0000000000000004 | 1.14 1.15 0.98 | cpu  2770302270 3772758 291139624 28029330887 12363366 0 10385071 0 45514 0
1791260896 2835, 13801, 72, 0x0000000000000000 | 1.14 1.15 0.98 | cpu  2770302381 3772758 291139634 28029334285 12363366 0 10385072 0 45514 0
1791260897 2835, 13801, 73, 0x0000000000000004 | 1.12 1.14 0.98 | cpu  2770302484 3772758 291139647 28029337564 12363366 0 10385072 0 45514 0
1791260898 2805, 13801, 74, 0x0000000000000004 | 1.12 1.14 0.98 | cpu  2770302595 3772758 291139655 28029340905 12363366 0 10385072 0 45514 0
1791260900 2842, 13801, 72, 0x0000000000000000 | 1.12 1.14 0.98 | cpu  2770302703 3772758 291139665 28029344263 12363367 0 10385074 0 45514 0
1791260901 2805, 13801, 73, 0x0000000000000004 | 1.12 1.14 0.98 | cpu  2770302811 3772758 291139680 28029347607 12363367 0 10385079 0 45514 0
1791260902 2835, 13801, 73, 0x0000000000000000 | 1.12 1.14 0.98 | cpu  2770302924 3772758 291139718 28029350915 12363367 0 10385088 0 45514 0
1791260903 2827, 13801, 70, 0x0000000000000000 | 1.11 1.14 0.98 | cpu  2770303030 3772758 291139748 28029354259 12363367 0 10385091 0 45514 0
1791260904 2805, 13801, 73, 0x0000000000000004 | 1.11 1.14 0.98 | cpu  2770303139 3772758 291139758 28029357584 12363367 0 10385095 0 45514 0
1791260905 2842, 13801, 72, 0x0000000000000000 | 1.11 1.14 0.98 | cpu  2770303246 3772758 291139766 28029360877 12363367 0 10385099 0 45514 0
1791260906 2827, 13801, 72, 0x0000000000000004 | 1.11 1.14 0.98 | cpu  2770303351 3772758 291139779 28029364209 12363367 0 10385099 0 45514 0
1791260907 2827, 13801, 72, 0x0000000000000000 | 1.11 1.14 0.98 | cpu  2770303460 3772758 291139788 28029367547 12363368 0 10385099 0 45514 0
1791260908 2835, 13801, 72, 0x0000000000000004 | 1.11 1.14 0.98 | cpu  2770303569 3772758 291139801 28029370953 12363368 0 10385109 0 45514 0
1791260909 2805, 13801, 73, 0x0000000000000004 | 1.11 1.14 0.98 | cpu  2770303679 3772758 291139810 28029374289 12363368 0 10385110 0 45514 0
1791260910 2842, 13801, 72, 0x0000000000000000 | 1.11 1.14 0.98 | cpu  2770303788 3772758 291139819 28029377587 12363369 0 10385110 0 45514 0
1791260911 2812, 13801, 72, 0x0000000000000004 | 1.11 1.14 0.98 | cpu  2770303889 3772758 291139834 28029380866 12363369 0 10385114 0 45514 0
1791260913 2820, 13801, 73, 0x0000000000000004 | 1.18 1.15 0.99 | cpu  2770304008 3772758 291139860 28029384231 12363370 0 10385130 0 45514 0
1791260914 2827, 13801, 74, 0x0000000000000004 | 1.18 1.15 0.99 | cpu  2770304112 3772758 291139879 28029387549 12363372 0 10385142 0 45514 0
1791260915 2805, 13801, 72, 0x0000000000000004 | 1.18 1.15 0.99 | cpu  2770304219 3772758 291139888 28029390890 12363372 0 10385144 0 45514 0
1791260916 2842, 13801, 73, 0x0000000000000000 | 1.18 1.15 0.99 | cpu  2770304334 3772758 291139900 28029394229 12363372 0 10385147 0 45514 0
1791260917 2820, 13801, 74, 0x0000000000000004 | 1.18 1.15 0.99 | cpu  2770304438 3772758 291139917 28029397579 12363372 0 10385154 0 45514 0
1791260918 2805, 13801, 73, 0x0000000000000004 | 1.16 1.15 0.99 | cpu  2770304550 3772758 291139927 28029400909 12363374 0 10385155 0 45514 0
1791260919 2842, 13801, 72, 0x0000000000000004 | 1.16 1.15 0.99 | cpu  2770304657 3772758 291139939 28029404281 12363374 0 10385160 0 45514 0
1791260920 2805, 13801, 73, 0x0000000000000004 | 1.16 1.15 0.99 | cpu  2770304764 3772758 291139953 28029407619 12363374 0 10385165 0 45514 0
1791260921 2835, 13801, 72, 0x0000000000000000 | 1.16 1.15 0.99 | cpu  2770304876 3772758 291139961 28029411025 12363375 0 10385169 0 45514 0
1791260922 2835, 13801, 71, 0x0000000000000004 | 1.15 1.15 0.99 | cpu  2770304982 3772758 291139977 28029414369 12363375 0 10385173 0 45514 0
1791260923 2805, 13801, 72, 0x0000000000000004 | 1.15 1.15 0.99 | cpu  2770305091 3772758 291139986 28029417704 12363375 0 10385181 0 45514 0
1791260924 2850, 13801, 72, 0x0000000000000000 | 1.15 1.15 0.99 | cpu  2770305203 3772758 291139996 28029421131 12363376 0 10385188 0 45514 0
1791260926 2835, 13801, 73, 0x0000000000000004 | 1.15 1.15 0.99 | cpu  2770305307 3772758 291140009 28029424462 12363376 0 10385192 0 45514 0
1791260927 2835, 13801, 71, 0x0000000000000000 | 1.15 1.15 0.99 | cpu  2770305416 3772758 291140017 28029427807 12363377 0 10385203 0 45514 0
1791260928 2827, 13801, 71, 0x0000000000000000 | 1.14 1.14 0.99 | cpu  2770305520 3772758 291140032 28029431134 12363377 0 10385210 0 45514 0
1791260929 2797, 13801, 73, 0x0000000000000004 | 1.14 1.14 0.99 | cpu  2770305631 3772758 291140042 28029434487 12363377 0 10385211 0 45514 0
1791260930 2850, 13801, 72, 0x0000000000000000 | 1.14 1.14 0.99 | cpu  2770305741 3772758 291140050 28029437848 12363377 0 10385222 0 45514 0
1791260931 2812, 13801, 72, 0x0000000000000004 | 1.14 1.14 0.99 | cpu  2770305846 3772758 291140067 28029441197 12363377 0 10385232 0 45514 0
1791260932 2812, 13801, 72, 0x0000000000000004 | 1.14 1.14 0.99 | cpu  2770305957 3772758 291140077 28029444524 12363378 0 10385235 0 45514 0
1791260933 2835, 13801, 73, 0x0000000000000004 | 1.13 1.14 0.99 | cpu  2770306061 3772758 291140093 28029447873 12363378 0 10385241 0 45514 0
1791260934 2805, 13801, 72, 0x0000000000000004 | 1.13 1.14 0.99 | cpu  2770306174 3772758 291140146 28029451105 12363378 0 10385267 0 45514 0
1791260935 2835, 13801, 74, 0x0000000000000000 | 1.13 1.14 0.99 | cpu  2770306283 3772758 291140154 28029454439 12363378 0 10385274 0 45514 0
1791260936 2805, 13801, 69, 0x0000000000000004 | 1.13 1.14 0.99 | cpu  2770306386 3772758 291140170 28029457800 12363378 0 10385279 0 45514 0
1791260937 2805, 13801, 72, 0x0000000000000004 | 1.20 1.16 1.00 | cpu  2770306498 3772758 291140180 28029461197 12363382 0 10385290 0 45514 0
1791260939 2820, 13801, 73, 0x0000000000000004 | 1.20 1.16 1.00 | cpu  2770306603 3772758 291140193 28029464548 12363382 0 10385294 0 45514 0
1791260940 2805, 13801, 72, 0x0000000000000004 | 1.20 1.16 1.00 | cpu  2770306714 3772758 291140202 28029467964 12363382 0 10385304 0 45514 0
1791260941 2827, 13801, 74, 0x0000000000000004 | 1.20 1.16 1.00 | cpu  2770306823 3772758 291140213 28029471316 12363382 0 10385307 0 45514 0
1791260942 2805, 13801, 72, 0x0000000000000004 | 1.20 1.16 1.00 | cpu  2770306927 3772758 291140226 28029474596 12363382 0 10385309 0 45514 0
1791260943 2827, 13801, 72, 0x0000000000000000 | 1.26 1.17 1.00 | cpu  2770307039 3772758 291140236 28029477945 12363383 0 10385317 0 45514 0
1791260944 2812, 13801, 72, 0x0000000000000004 | 1.26 1.17 1.00 | cpu  2770307147 3772758 291140255 28029481292 12363383 0 10385324 0 45514 0
1791260945 2812, 13801, 73, 0x0000000000000000 | 1.26 1.17 1.00 | cpu  2770307261 3772758 291140267 28029484761 12363383 0 10385333 0 45514 0
1791260946 2827, 13801, 72, 0x0000000000000004 | 1.26 1.17 1.00 | cpu  2770307372 3772758 291140278 28029488119 12363384 0 10385341 0 45514 0
1791260947 2812, 13801, 74, 0x0000000000000004 | 1.24 1.17 1.00 | cpu  2770307479 3772758 291140294 28029491501 12363384 0 10385351 0 45514 0
1791260948 2835, 13801, 73, 0x0000000000000000 | 1.24 1.17 1.00 | cpu  2770307592 3772758 291140377 28029494693 12363385 0 10385384 0 45514 0
1791260950 2805, 13801, 73, 0x0000000000000004 | 1.24 1.17 1.00 | cpu  2770307704 3772758 291140399 28029498117 12363385 0 10385404 0 45514 0
1791260951 2805, 13801, 72, 0x0000000000000004 | 1.24 1.17 1.00 | cpu  2770307820 3772758 291140442 28029501431 12363385 0 10385426 0 45514 0
1791260952 2827, 13801, 73, 0x0000000000000004 | 1.24 1.17 1.00 | cpu  2770307930 3772758 291140451 28029504714 12363387 0 10385438 0 45514 0
1791260953 2812, 13801, 72, 0x0000000000000004 | 1.22 1.16 1.00 | cpu  2770308033 3772758 291140466 28029508059 12363387 0 10385441 0 45514 0
1791260954 2827, 13801, 73, 0x0000000000000000 | 1.22 1.16 1.00 | cpu  2770308144 3772758 291140477 28029511391 12363388 0 10385449 0 45514 0
1791260955 2805, 13801, 72, 0x0000000000000004 | 1.22 1.16 1.00 | cpu  2770308249 3772758 291140492 28029514754 12363388 0 10385452 0 45514 0
1791260956 2805, 13801, 73, 0x0000000000000004 | 1.22 1.16 1.00 | cpu  2770308364 3772758 291140502 28029518225 12363388 0 10385458 0 45514 0
1791260957 2850, 13801, 71, 0x0000000000000000 | 1.22 1.16 1.00 | cpu  2770308474 3772758 291140511 28029521585 12363388 0 10385462 0 45514 0
1791260958 2827, 13801, 70, 0x0000000000000000 | 1.20 1.16 1.00 | cpu  2770308575 3772758 291140531 28029524946 12363389 0 10385468 0 45514 0
1791260959 2812, 13801, 73, 0x0000000000000000 | 1.20 1.16 1.00 | cpu  2770308685 3772758 291140544 28029528282 12363392 0 10385475 0 45514 0
1791260960 2805, 13801, 73, 0x0000000000000004 | 1.20 1.16 1.00 | cpu  2770308789 3772758 291140559 28029531569 12363392 0 10385482 0 45514 0
1791260961 2805, 13801, 73, 0x0000000000000004 | 1.20 1.16 1.00 | cpu  2770308897 3772758 291140568 28029534919 12363392 0 10385486 0 45514 0
1791260962 2842, 13801, 72, 0x0000000000000000 | 1.19 1.16 1.00 | cpu  2770309004 3772758 291140578 28029538205 12363392 0 10385492 0 45514 0
1791260964 2827, 13801, 71, 0x0000000000000004 | 1.19 1.16 1.00 | cpu  2770309107 3772758 291140590 28029541485 12363392 0 10385492 0 45514 0
1791260965 2835, 13801, 72, 0x0000000000000000 | 1.19 1.16 1.00 | cpu  2770309217 3772758 291140600 28029544823 12363395 0 10385492 0 45514 0
1791260966 2812, 13801, 70, 0x0000000000000004 | 1.19 1.16 1.00 | cpu  2770309323 3772758 291140616 28029548161 12363395 0 10385499 0 45514 0
1791260967 2820, 13801, 73, 0x0000000000000004 | 1.19 1.16 1.00 | cpu  2770309432 3772758 291140627 28029551446 12363396 0 10385499 0 45514 0
1791260968 2842, 13801, 71, 0x0000000000000000 | 1.17 1.16 1.00 | cpu  2770309540 3772758 291140634 28029554780 12363396 0 10385504 0 45514 0
1791260969 2827, 13801, 72, 0x0000000000000004 | 1.17 1.16 1.00 | cpu  2770309642 3772758 291140652 28029558119 12363396 0 10385512 0 45514 0
1791260970 2820, 13801, 73, 0x0000000000000004 | 1.17 1.16 1.00 | cpu  2770309749 3772758 291140661 28029561389 12363397 0 10385515 0 45514 0
1791260971 2865, 13801, 71, 0x0000000000000004 | 1.17 1.16 1.00 | cpu  2770309854 3772758 291140674 28029564698 12363397 0 10385515 0 45514 0
1791260972 2812, 13801, 73, 0x0000000000000004 | 1.17 1.16 1.00 | cpu  2770309964 3772758 291140692 28029568054 12363397 0 10385528 0 45514 0
1791260973 2842, 13801, 72, 0x0000000000000000 | 1.24 1.17 1.01 | cpu  2770310074 3772758 291140700 28029571413 12363397 0 10385530 0 45514 0
1791260974 2827, 13801, 74, 0x0000000000000004 | 1.24 1.17 1.01 | cpu  2770310182 3772758 291140718 28029574767 12363399 0 10385532 0 45514 0
1791260975 2805, 13801, 72, 0x0000000000000004 | 1.24 1.17 1.01 | cpu  2770310291 3772758 291140729 28029578114 12363401 0 10385532 0 45514 0
1791260977 2842, 13801, 73, 0x0000000000000004 | 1.24 1.17 1.01 | cpu  2770310399 3772758 291140747 28029581561 12363401 0 10385533 0 45514 0
1791260978 2805, 13801, 72, 0x0000000000000004 | 1.22 1.17 1.01 | cpu  2770310509 3772758 291140759 28029584932 12363401 0 10385534 0 45514 0
1791260979 2842, 13801, 71, 0x0000000000000000 | 1.22 1.17 1.01 | cpu  2770310618 3772758 291140767 28029588294 12363401 0 10385534 0 45514 0
1791260980 2812, 13801, 74, 0x0000000000000004 | 1.22 1.17 1.01 | cpu  2770310723 3772758 291140783 28029591650 12363401 0 10385534 0 45514 0
1791260981 2820, 13801, 73, 0x0000000000000004 | 1.22 1.17 1.01 | cpu  2770310834 3772758 291140794 28029595062 12363401 0 10385534 0 45514 0
1791260982 2812, 13801, 74, 0x0000000000000004 | 1.22 1.17 1.01 | cpu  2770310944 3772758 291140808 28029598528 12363401 0 10385534 0 45514 0
1791260983 2805, 13801, 74, 0x0000000000000004 | 1.28 1.18 1.01 | cpu  2770311054 3772758 291140817 28029601875 12363401 0 10385534 0 45514 0
1791260984 2842, 13801, 72, 0x0000000000000004 | 1.28 1.18 1.01 | cpu  2770311164 3772758 291140827 28029605237 12363401 0 10385534 0 45514 0
1791260985 2805, 13801, 73, 0x0000000000000004 | 1.28 1.18 1.01 | cpu  2770311271 3772758 291140841 28029608594 12363402 0 10385540 0 45514 0
1791260986 2827, 13801, 72, 0x0000000000000000 | 1.28 1.18 1.01 | cpu  2770311381 3772758 291140850 28029611954 12363402 0 10385543 0 45514 0
1791260987 2812, 13801, 72, 0x0000000000000004 | 1.26 1.18 1.01 | cpu  2770311484 3772758 291140865 28029615282 12363402 0 10385545 0 45514 0
1791260989 2805, 13801, 73, 0x0000000000000004 | 1.26 1.18 1.01 | cpu  2770311596 3772758 291140876 28029618627 12363404 0 10385548 0 45514 0
1791260990 2827, 13801, 74, 0x0000000000000004 | 1.26 1.18 1.01 | cpu  2770311706 3772758 291140885 28029621988 12363404 0 10385555 0 45514 0
1791260991 2820, 13801, 75, 0x0000000000000004 | 1.26 1.18 1.01 | cpu  2770311812 3772758 291140899 28029625333 12363404 0 10385558 0 45514 0
1791260992 2835, 13801, 73, 0x0000000000000000 | 1.26 1.18 1.01 | cpu  2770311922 3772758 291140908 28029628682 12363404 0 10385562 0 45514 0
1791260993 2827, 13801, 71, 0x0000000000000004 | 1.24 1.17 1.01 | cpu  2770312028 3772758 291140923 28029632039 12363404 0 10385563 0 45514 0
1791260994 2805, 13801, 74, 0x0000000000000004 | 1.24 1.17 1.01 | cpu  2770312139 3772758 291140935 28029635392 12363405 0 10385567 0 45514 0
1791260995 2865, 13801, 71, 0x0000000000000000 | 1.24 1.17 1.01 | cpu  2770312248 3772758 291140942 28029638732 12363405 0 10385568 0 45514 0
1791260996 2805, 13801, 73, 0x0000000000000004 | 1.24 1.17 1.01 | cpu  2770312352 3772758 291140956 28029642083 12363405 0 10385568 0 45514 0
1791260997 2842, 13801, 72, 0x0000000000000000 | 1.30 1.19 1.02 | cpu  2770312462 3772758 291140965 28029645422 12363405 0 10385568 0 45514 0
1791260998 2835, 13801, 72, 0x0000000000000004 | 1.30 1.19 1.02 | cpu  2770312566 3772758 291140979 28029648771 12363405 0 10385568 0 45514 0
1791260999 2820, 13801, 73, 0x0000000000000004 | 1.30 1.19 1.02 | cpu  2770312676 3772758 291140994 28029652171 12363405 0 10385568 0 45514 0
1791261000 2842, 13801, 72, 0x0000000000000000 | 1.30 1.19 1.02 | cpu  2770312786 3772758 291141004 28029655451 12363408 0 10385568 0 45514 0
1791261002 2812, 13801, 73, 0x0000000000000004 | 1.30 1.19 1.02 | cpu  2770312910 3772758 291141036 28029658763 12363408 0 10385589 0 45514 0
1791261003 2842, 13801, 72, 0x0000000000000000 | 1.27 1.19 1.02 | cpu  2770313018 3772758 291141046 28029662046 12363408 0 10385592 0 45514 0
1791261004 2805, 13801, 73, 0x0000000000000004 | 1.27 1.19 1.02 | cpu  2770313126 3772758 291141054 28029665327 12363408 0 10385593 0 45514 0
1791261005 2827, 13801, 73, 0x0000000000000004 | 1.27 1.19 1.02 | cpu  2770313236 3772758 291141065 28029668736 12363408 0 10385594 0 45514 0
1791261006 2842, 13801, 73, 0x0000000000000000 | 1.27 1.19 1.02 | cpu  2770313356 3772758 291141080 28029672109 12363409 0 10385598 0 45514 0
1791261007 2805, 13801, 72, 0x0000000000000004 | 1.27 1.19 1.02 | cpu  2770313465 3772758 291141094 28029675507 12363411 0 10385599 0 45514 0
1791261008 2805, 13801, 73, 0x0000000000000000 | 1.25 1.18 1.01 | cpu  2770313573 3772758 291141104 28029678843 12363411 0 10385606 0 45514 0
1791261009 2827, 13801, 74, 0x0000000000000004 | 1.25 1.18 1.01 | cpu  2770313680 3772758 291141120 28029682177 12363411 0 10385607 0 45514 0
1791261010 2805, 13801, 74, 0x0000000000000004 | 1.25 1.18 1.01 | cpu  2770313788 3772758 291141129 28029685469 12363411 0 10385608 0 45514 0
1791261011 2835, 13801, 73, 0x0000000000000004 | 1.25 1.18 1.01 | cpu  2770313901 3772758 291141142 28029688819 12363412 0 10385623 0 45514 0
1791261012 2812, 13801, 73, 0x0000000000000004 | 1.23 1.18 1.01 | cpu  2770314006 3772758 291141158 28029692112 12363413 0 10385624 0 45514 0
1791261013 2805, 13801, 72, 0x0000000000000000 | 1.23 1.18 1.01 | cpu  2770314117 3772758 291141166 28029695462 12363413 0 10385629 0 45514 0
1791261015 2812, 13801, 73, 0x0000000000000004 | 1.23 1.18 1.01 | cpu  2770314228 3772758 291141253 28029698746 12363413 0 10385657 0 45514 0
1791261016 2812, 13801, 75, 0x0000000000000004 | 1.23 1.18 1.01 | cpu  2770314335 3772758 291141262 28029702035 12363413 0 10385657 0 45514 0
1791261017 2865, 13801, 68, 0x0000000000000004 | 1.23 1.18 1.01 | cpu  2770314444 3772758 291141270 28029705391 12363413 0 10385657 0 45514 0
1791261018 2805, 13801, 74, 0x0000000000000004 | 1.21 1.18 1.01 | cpu  2770314550 3772758 291141284 28029708738 12363415 0 10385658 0 45514 0
1791261019 2820, 13801, 72, 0x0000000000000000 | 1.21 1.18 1.01 | cpu  2770314660 3772758 291141295 28029712076 12363415 0 10385669 0 45514 0
1791261020 2820, 13801, 73, 0x0000000000000004 | 1.21 1.18 1.01 | cpu  2770314767 3772758 291141310 28029715475 12363416 0 10385669 0 45514 0
1791261021 2805, 13801, 74, 0x0000000000000004 | 1.21 1.18 1.01 | cpu  2770314876 3772758 291141322 28029718833 12363416 0 10385670 0 45514 0
1791261022 2842, 13801, 74, 0x0000000000000004 | 1.21 1.18 1.01 | cpu  2770314987 3772758 291141332 28029722191 12363416 0 10385670 0 45514 0
1791261023 2812, 13801, 74, 0x0000000000000004 | 1.20 1.17 1.01 | cpu  2770315092 3772758 291141344 28029725526 12363416 0 10385678 0 45514 0
1791261024 2812, 13801, 72, 0x0000000000000000 | 1.20 1.17 1.01 | cpu  2770315202 3772758 291141355 28029728878 12363416 0 10385678 0 45514 0
1791261025 2812, 13801, 71, 0x0000000000000000 | 1.20 1.17 1.01 | cpu  2770315307 3772758 291141374 28029732240 12363418 0 10385679 0 45514 0
1791261026 2812, 13801, 73, 0x0000000000000004 | 1.20 1.17 1.01 | cpu  2770315417 3772758 291141383 28029735545 12363418 0 10385679 0 45514 0
1791261028 2842, 13801, 72, 0x0000000000000000 | 1.18 1.17 1.01 | cpu  2770315526 3772758 291141390 28029738899 12363419 0 10385686 0 45514 0
1791261029 2827, 13801, 73, 0x0000000000000004 | 1.18 1.17 1.01 | cpu  2770315628 3772758 291141406 28029742176 12363419 0 10385686 0 45514 0
1791261030 2842, 13801, 73, 0x0000000000000000 | 1.18 1.17 1.01 | cpu  2770315740 3772758 291141416 28029745519 12363422 0 10385687 0 45514 0
1791261031 2827, 13801, 72, 0x0000000000000004 | 1.18 1.17 1.01 | cpu  2770315846 3772758 291141428 28029748861 12363422 0 10385687 0 45514 0
1791261032 2805, 13801, 73, 0x0000000000000004 | 1.18 1.17 1.01 | cpu  2770315956 3772758 291141437 28029752218 12363422 0 10385687 0 45514 0
1791261033 2842, 13801, 71, 0x0000000000000000 | 1.16 1.17 1.01 | cpu  2770316065 3772758 291141446 28029755577 12363422 0 10385690 0 45514 0
1791261034 2820, 13801, 73, 0x0000000000000004 | 1.16 1.17 1.01 | cpu  2770316169 3772758 291141461 28029758909 12363423 0 10385691 0 45514 0
1791261035 2812, 13801, 73, 0x0000000000000000 | 1.16 1.17 1.01 | cpu  2770316279 3772758 291141470 28029762247 12363424 0 10385694 0 45514 0
1791261036 2827, 13801, 73, 0x0000000000000004 | 1.16 1.17 1.01 | cpu  2770316384 3772758 291141484 28029765599 12363424 0 10385696 0 45514 0
1791261037 2812, 13801, 74, 0x0000000000000004 | 1.15 1.16 1.01 | cpu  2770316493 3772758 291141494 28029768942 12363424 0 10385697 0 45514 0
1791261038 2842, 13801, 72, 0x0000000000000004 | 1.15 1.16 1.01 | cpu  2770316603 3772758 291141502 28029772228 12363424 0 10385698 0 45514 0
1791261039 2805, 13801, 75, 0x0000000000000004 | 1.15 1.16 1.01 | cpu  2770316709 3772758 291141515 28029775574 12363424 0 10385699 0 45514 0
1791261040 2827, 13801, 72, 0x0000000000000000 | 1.15 1.16 1.01 | cpu  2770316816 3772758 291141524 28029778861 12363424 0 10385700 0 45514 0
1791261042 2805, 13801, 72, 0x0000000000000004 | 1.15 1.16 1.01 | cpu  2770316918 3772758 291141538 28029782156 12363425 0 10385700 0 45514 0
1791261043 2835, 13801, 73, 0x0000000000000004 | 1.14 1.16 1.01 | cpu  2770317022 3772758 291141551 28029785430 12363426 0 10385700 0 45514 0
1791261044 2850, 13801, 74, 0x0000000000000000 | 1.14 1.16 1.01 | cpu  2770317129 3772758 291141562 28029788701 12363426 0 10385704 0 45514 0
1791261045 2812, 13801, 74, 0x0000000000000004 | 1.14 1.16 1.01 | cpu  2770317236 3772758 291141577 28029792064 12363426 0 10385706 0 45514 0
1791261046 2820, 13801, 73, 0x0000000000000000 | 1.14 1.16 1.01 | cpu  2770317348 3772758 291141588 28029795409 12363426 0 10385708 0 45514 0
1791261047 2812, 13801, 72, 0x0000000000000004 | 1.14 1.16 1.01 | cpu  2770317452 3772758 291141604 28029798756 12363426 0 10385708 0 45514 0
1791261048 2805, 13801, 73, 0x0000000000000004 | 1.13 1.16 1.01 | cpu  2770317563 3772758 291141611 28029802110 12363426 0 10385710 0 45514 0
1791261049 2835, 13801, 72, 0x0000000000000004 | 1.13 1.16 1.01 | cpu  2770317676 3772758 291141622 28029805525 12363426 0 10385715 0 45514 0
1791261050 2797, 13801, 74, 0x0000000000000004 | 1.13 1.16 1.01 | cpu  2770317781 3772758 291141644 28029808798 12363426 0 10385717 0 45514 0
1791261051 2812, 13801, 72, 0x0000000000000000 | 1.13 1.16 1.01 | cpu  2770317888 3772758 291141654 28029812087 12363426 0 10385717 0 45514 0
1791261052 2805, 13801, 73, 0x0000000000000004 | 1.12 1.15 1.01 | cpu  2770317996 3772758 291141666 28029815446 12363426 0 10385717 0 45514 0
1791261053 2812, 13801, 73, 0x0000000000000004 | 1.12 1.15 1.01 | cpu  2770318106 3772758 291141675 28029818806 12363427 0 10385717 0 45514 0
1791261054 2842, 13801, 72, 0x0000000000000000 | 1.12 1.15 1.01 | cpu  2770318214 3772758 291141683 28029822106 12363427 0 10385717 0 45514 0
1791261056 2835, 13801, 73, 0x0000000000000004 | 1.12 1.15 1.01 | cpu  2770318317 3772758 291141698 28029825348 12363427 0 10385717 0 45514 0
1791261057 2835, 13801, 72, 0x0000000000000000 | 1.12 1.15 1.01 | cpu  2770318428 3772758 291141705 28029828681 12363427 0 10385718 0 45514 0
1791261058 2805, 13801, 68, 0x0000000000000000 | 1.11 1.15 1.01 | cpu  2770318536 3772758 291141720 28029832045 12363427 0 10385719 0 45514 0
1791261059 2812, 13801, 72, 0x0000000000000004 | 1.11 1.15 1.01 | cpu  2770318640 3772758 291141736 28029835388 12363427 0 10385721 0 45514 0
1791261060 2842, 13801, 72, 0x0000000000000000 | 1.11 1.15 1.01 | cpu  2770318749 3772758 291141746 28029838734 12363428 0 10385722 0 45514 0
1791261061 2835, 13801, 73, 0x0000000000000004 | 1.11 1.15 1.01 | cpu  2770318854 3772758 291141762 28029842078 12363430 0 10385725 0 45514 0
1791261062 2805, 13801, 73, 0x0000000000000004 | 1.11 1.15 1.01 | cpu  2770318964 3772758 291141772 28029845417 12363430 0 10385726 0 45514 0
1791261063 2857, 13801, 63, 0x0000000000000000 | 1.10 1.15 1.01 | cpu  2770319071 3772758 291141780 28029848709 12363430 0 10385726 0 45514 0
1791261064 2805, 13801, 72, 0x0000000000000004 | 1.10 1.15 1.01 | cpu  2770319176 3772758 291141795 28029852066 12363430 0 10385727 0 45514 0
1791261065 2842, 13801, 72, 0x0000000000000000 | 1.10 1.15 1.01 | cpu  2770319287 3772758 291141804 28029855427 12363431 0 10385733 0 45514 0
1791261066 2827, 13801, 66, 0x0000000000000000 | 1.10 1.15 1.01 | cpu  2770319389 3772758 291141822 28029858804 12363431 0 10385736 0 45514 0
1791261067 2812, 13801, 74, 0x0000000000000004 | 1.09 1.15 1.01 | cpu  2770319500 3772758 291141832 28029862217 12363431 0 10385736 0 45514 0
1791261069 2850, 13801, 72, 0x0000000000000000 | 1.09 1.15 1.01 | cpu  2770319613 3772758 291141843 28029865445 12363431 0 10385737 0 45514 0
1791261070 2835, 13801, 72, 0x0000000000000004 | 1.09 1.15 1.01 | cpu  2770319718 3772758 291141860 28029868800 12363431 0 10385737 0 45514 0
1791261071 2842, 13801, 72, 0x0000000000000000 | 1.09 1.15 1.01 | cpu  2770319826 3772758 291141868 28029872135 12363431 0 10385737 0 45514 0
1791261072 2827, 13801, 73, 0x0000000000000004 | 1.09 1.15 1.01 | cpu  2770319932 3772758 291141880 28029875493 12363432 0 10385737 0 45514 0
1791261073 2812, 13801, 74, 0x0000000000000004 | 1.08 1.14 1.01 | cpu  2770320040 3772758 291141887 28029878777 12363432 0 10385742 0 45514 0
1791261074 2812, 13801, 71, 0x0000000000000000 | 1.08 1.14 1.01 | cpu  2770320148 3772758 291141897 28029882117 12363432 0 10385742 0 45514 0
1791261075 2835, 13801, 72, 0x0000000000000004 | 1.08 1.14 1.01 | cpu  2770320247 3772758 291141920 28029885476 12363432 0 10385743 0 45514 0
1791261076 2805, 13801, 72, 0x0000000000000004 | 1.08 1.14 1.01 | cpu  2770320359 3772758 291141928 28029888833 12363432 0 10385744 0 45514 0
1791261077 2805, 13801, 70, 0x0000000000000000 | 1.08 1.14 1.01 | cpu  2770320466 3772758 291141942 28029892187 12363432 0 10385745 0 45514 0
1791261078 2820, 13801, 72, 0x0000000000000004 | 1.08 1.14 1.01 | cpu  2770320581 3772758 291141953 28029895649 12363435 0 10385745 0 45514 0
1791261079 2835, 13801, 72, 0x0000000000000000 | 1.08 1.14 1.01 | cpu  2770320691 3772758 291141966 28029898996 12363436 0 10385745 0 45514 0
1791261080 2820, 13801, 74, 0x0000000000000004 | 1.08 1.14 1.01 | cpu  2770320799 3772758 291142053 28029902186 12363436 0 10385768 0 45514 0
1791261082 2805, 13801, 74, 0x0000000000000004 | 1.08 1.14 1.01 | cpu  2770320909 3772758 291142060 28029905528 12363436 0 10385774 0 45514 0
1791261083 2827, 13801, 74, 0x0000000000000004 | 1.07 1.14 1.01 | cpu  2770321012 3772758 291142072 28029908817 12363436 0 10385774 0 45514 0
1791261084 2805, 13801, 72, 0x0000000000000004 | 1.07 1.14 1.01 | cpu  2770321121 3772758 291142082 28029912172 12363436 0 10385776 0 45514 0
1791261085 2842, 13801, 71, 0x0000000000000000 | 1.07 1.14 1.01 | cpu  2770321228 3772758 291142091 28029915471 12363437 0 10385777 0 45514 0
1791261086 2835, 13801, 73, 0x0000000000000000 | 1.07 1.14 1.01 | cpu  2770321340 3772758 291142100 28029918810 12363437 0 10385778 0 45514 0
1791261087 2842, 13801, 73, 0x0000000000000000 | 1.07 1.14 1.01 | cpu  2770321448 3772758 291142110 28029922100 12363439 0 10385780 0 45514 0
1791261088 2842, 13801, 71, 0x0000000000000000 | 1.14 1.15 1.01 | cpu  2770321557 3772758 291142120 28029925448 12363439 0 10385781 0 45514 0
1791261089 2827, 13801, 72, 0x0000000000000000 | 1.14 1.15 1.01 | cpu  2770321666 3772758 291142130 28029928792 12363439 0 10385784 0 45514 0
1791261090 2835, 13801, 71, 0x0000000000000004 | 1.14 1.15 1.01 | cpu  2770321770 3772758 291142138 28029932130 12363439 0 10385784 0 45514 0
1791261091 2887, 13801, 58, 0x0000000000000000 | 1.14 1.15 1.01 | cpu  2770321827 3772758 291142194 28029935451 12363439 0 10385785 0 45514 0
1791261092 2887, 13801, 56, 0x0000000000000000 | 1.21 1.17 1.02 | cpu  2770321884 3772758 291142249 28029938781 12363441 0 10385786 0 45514 0
1791261093 2475, 13801, 55, 0x0000000000000000 | 1.21 1.17 1.02 | cpu  2770321942 3772758 291142306 28029942106 12363441 0 10385786 0 45514 0
1791261094 2475, 13801, 54, 0x0000000000000000 | 1.21 1.17 1.02 | cpu  2770321996 3772758 291142364 28029945436 12363441 0 10385786 0 45514 0
1791261096 2475, 13801, 54, 0x0000000000000000 | 1.21 1.17 1.02 | cpu  2770322052 3772758 291142420 28029948767 12363441 0 10385786 0 45514 0
1791261097 2475, 13801, 53, 0x0000000000000000 | 1.21 1.17 1.02 | cpu  2770322111 3772758 291142475 28029952096 12363441 0 10385786 0 45514 0
1791261098 2475, 13801, 53, 0x0000000000000000 | 1.20 1.16 1.02 | cpu  2770322167 3772758 291142529 28029955427 12363444 0 10385786 0 45514 0
1791261099 2475, 13801, 52, 0x0000000000000000 | 1.20 1.16 1.02 | cpu  2770322226 3772758 291142581 28029958756 12363444 0 10385786 0 45514 0
1791261100 2475, 13801, 52, 0x0000000000000000 | 1.20 1.16 1.02 | cpu  2770322280 3772758 291142639 28029962087 12363444 0 10385786 0 45514 0
1791261101 2475, 13801, 52, 0x0000000000000000 | 1.20 1.16 1.02 | cpu  2770322337 3772758 291142693 28029965429 12363444 0 10385786 0 45514 0
1791261102 2475, 13801, 51, 0x0000000000000000 | 1.20 1.16 1.02 | cpu  2770322392 3772758 291142748 28029968763 12363444 0 10385787 0 45514 0
1791261103 2475, 13801, 51, 0x0000000000000000 | 1.18 1.16 1.02 | cpu  2770322452 3772758 291142800 28029972103 12363445 0 10385788 0 45514 0
1791261104 2475, 13801, 51, 0x0000000000000000 | 1.18 1.16 1.02 | cpu  2770322508 3772758 291142858 28029975495 12363445 0 10385788 0 45514 0
1791261105 2475, 13801, 51, 0x0000000000000000 | 1.18 1.16 1.02 | cpu  2770322563 3772758 291142914 28029978825 12363445 0 10385791 0 45514 0
1791261106 2475, 13801, 50, 0x0000000000000000 | 1.18 1.16 1.02 | cpu  2770322625 3772758 291142964 28029982160 12363445 0 10385792 0 45514 0
1791261107 2475, 13801, 50, 0x0000000000000000 | 1.17 1.16 1.02 | cpu  2770322695 3772758 291143004 28029985491 12363445 0 10385792 0 45514 0
1791261108 2475, 13801, 50, 0x0000000000000000 | 1.17 1.16 1.02 | cpu  2770322750 3772758 291143063 28029988818 12363447 0 10385793 0 45514 0
1791261110 2475, 13801, 50, 0x0000000000000000 | 1.17 1.16 1.02 | cpu  2770322788 3772758 291143135 28029992145 12363447 0 10385793 0 45514 0
1791261111 2475, 13801, 49, 0x0000000000000000 | 1.17 1.16 1.02 | cpu  2770322860 3772758 291143175 28029995478 12363447 0 10385793 0 45514 0
