1791187658 2, 0, 75.30
1791187660 2, 0, 62.08
1791187661 4, 0, 43.61
1791187662 4, 0, 36.11
1791187663 4, 0, 18.66
1791187664 4, 0, 18.08
1791187665 4, 0, 18.62
1791187666 2188, 0, 33.46
1791187667 8566, 27, 92.52
1791187668 10108, 21, 92.22
1791187670 10892, 10, 92.83
1791187671 12416, 17, 86.44
1791187672 13960, 17, 91.55
1791187673 14722, 21, 86.30
1791187674 16266, 13, 91.35
1791187675 17810, 17, 86.23
1791187676 19334, 21, 91.83
1791187677 20878, 19, 85.95
1791187679 22420, 20, 91.68
1791187680 23924, 17, 91.08
1791187681 24708, 17, 90.78
1791187682 26252, 13, 91.12
1791187683 27796, 15, 85.85
1791187684 29320, 19, 91.25
1791187685 30102, 31, 90.51
1791187686 31626, 0, 92.32
1791187688 31628, 0, 77.65
1791187689 31628, 0, 75.40
1791187690 31628, 0, 75.36
1791187691 31628, 0, 75.32
1791187692 31632, 3, 75.86
1791187693 31634, 3, 76.32
1791187694 31636, 3, 76.12
1791187695 31640, 1, 76.17
1791187696 31642, 4, 76.25
1791187698 31644, 1, 76.13
1791187699 31648, 3, 76.28
1791187700 31700, 1, 76.07
1791187701 31700, 5, 80.37
1791187702 31700, 2, 75.62
1791187703 31700, 5, 75.39
1791187704 31700, 4, 75.28
1791187705 31700, 5, 75.57
1791187707 31700, 0, 75.28
1791187708 31700, 4, 75.28
1791187709 31700, 0, 75.29
1791187710 31700, 7, 75.34
1791187711 31700, 0, 75.32
1791187712 31700, 0, 75.37
1791187713 31700, 7, 75.42
1791187714 31700, 2, 75.34
1791187716 31700, 6, 75.29
1791187717 31700, 0, 75.35
1791187718 31700, 6, 75.32
1791187719 31700, 0, 75.37
1791187720 31700, 7, 75.33
1791187721 31700, 0, 75.32
1791187722 31700, 0, 75.41
1791187723 31700, 0, 75.36
1791187724 31700, 0, 75.41
1791187726 31700, 6, 75.49
1791187727 31700, 2, 75.42
1791187728 31700, 2, 75.40
1791187729 31700, 1, 75.32
1791187730 31700, 0, 75.38
1791187731 31700, 1, 75.29
1791187732 31700, 0, 75.37
1791187733 31700, 3, 75.24
1791187735 31700, 0, 75.43
1791187736 31700, 0, 75.50
1791187737 31700, 0, 75.28
1791187738 31700, 0, 75.34
1791187739 31700, 8, 75.28
1791187740 31700, 0, 75.29
1791187741 31700, 3, 75.33
1791187742 31700, 1, 75.26
1791187744 31700, 1, 75.29
1791187745 31700, 1, 75.32
1791187746 31700, 1, 75.25
1791187747 31700, 2, 75.28
1791187748 31700, 3, 75.33
1791187749 31700, 0, 75.30
1791187750 31700, 6, 75.29
1791187751 31700, 0, 75.29
1791187753 31700, 0, 75.10
1791187754 31700, 0, 75.19
1791187755 31700, 0, 75.21
1791187756 31700, 7, 75.33
1791187757 31700, 0, 75.26
1791187758 31700, 7, 75.18
1791187759 31700, 0, 75.24
1791187761 31700, 7, 75.24
1791187762 31700, 0, 75.18
1791187763 31700, 0, 75.14
1791187764 31700, 0, 75.11
1791187765 31700, 0, 75.20
1791187766 31700, 7, 75.13
1791187767 31700, 0, 75.10
1791187768 31700, 7, 75.25
1791187770 31700, 0, 75.14
1791187771 31700, 7, 75.26
1791187772 31700, 0, 75.31
1791187773 31700, 5, 75.24
1791187774 31700, 0, 75.26
1791187775 31700, 0, 75.22
1791187776 31700, 8, 75.20
1791187777 31700, 0, 75.19
1791187778 31700, 7, 75.23
1791187780 31700, 2, 75.14
1791187781 31700, 0, 75.15
1791187782 31700, 3, 75.22
1791187783 31700, 0, 75.54
1791187784 31700, 7, 75.18
1791187785 31700, 0, 75.15
1791187786 31700, 0, 75.21
1791187787 31700, 3, 75.12
1791187788 31700, 2, 75.16
1791187790 31700, 1, 75.21
1791187791 31700, 1, 75.13
1791187792 31710, 0, 75.54
1791187793 31712, 0, 75.81
1791187794 31712, 91, 247.26
1791187795 31712, 95, 403.71
1791187796 27582, 4, 213.93
1791187797 28342, 58, 232.51
1791187799 28522, 35, 286.00
1791187800 28962, 61, 277.41
1791187801 28962, 97, 361.58
1791187802 29046, 53, 344.20
1791187803 29306, 54, 327.89
1791187804 30116, 63, 344.95
1791187805 30116, 53, 336.82
1791187806 30116, 48, 332.13
1791187808 30116, 80, 402.33
1791187809 30116, 74, 389.86
1791187810 30116, 63, 416.48
1791187811 30116, 53, 404.36
1791187812 30116, 70, 397.69
1791187813 30116, 72, 368.09
1791187814 30116, 0, 329.78
1791187815 30116, 85, 322.27
1791187817 30116, 63, 425.31
1791187818 30116, 71, 388.05
1791187819 30116, 85, 396.65
1791187820 30116, 84, 422.33
1791187821 30116, 68, 428.83
1791187822 30116, 95, 436.73
1791187823 30116, 57, 447.28
1791187824 30116, 65, 433.06
1791187826 30116, 53, 381.25
1791187827 30116, 99, 403.77
1791187828 30116, 71, 453.06
1791187829 30116, 77, 450.19
1791187830 30116, 76, 453.54
1791187831 30116, 95, 450.55
1791187832 30116, 77, 434.01
1791187834 30116, 99, 378.36
1791187835 30116, 56, 381.22
1791187836 30116, 95, 472.89
1791187837 30116, 93, 504.88
1791187838 30116, 96, 471.74
1791187839 30116, 87, 453.75
1791187840 30116, 99, 479.34
1791187841 30116, 91, 462.77
1791187842 30116, 99, 516.41
1791187844 30116, 96, 494.82
1791187845 30116, 99, 501.13
1791187846 30116, 98, 434.31
1791187847 30116, 99, 501.82
1791187848 30116, 91, 478.89
1791187849 30116, 98, 484.32
1791187850 30116, 71, 455.62
1791187851 30116, 60, 432.72
1791187853 30116, 99, 476.98
1791187854 30116, 99, 511.34
1791187855 30116, 99, 479.31
1791187856 30116, 99, 522.59
1791187857 30116, 95, 491.24
1791187858 30116, 98, 496.04
1791187859 30116, 77, 497.94
1791187860 30116, 97, 442.41
1791187862 30116, 99, 513.44
1791187863 30116, 99, 506.43
1791187864 30116, 99, 510.10
1791187865 30116, 99, 500.50
1791187866 30116, 99, 444.22
1791187867 30116, 85, 492.68
1791187868 30116, 99, 529.49
1791187869 30116, 69, 482.93
1791187870 30776, 57, 372.93
1791187872 30776, 50, 382.08
1791187873 30776, 72, 519.86
1791187874 30776, 97, 531.50
1791187875 30776, 99, 538.99
1791187876 30776, 99, 452.06
1791187877 30776, 99, 526.34
1791187878 30776, 44, 453.60
1791187879 30776, 98, 408.75
1791187880 30776, 99, 538.13
1791187882 30776, 98, 511.95
1791187883 30776, 97, 493.69
1791187884 30776, 95, 507.90
1791187885 30776, 99, 528.89
1791187886 30776, 98, 496.61
1791187887 30776, 99, 526.25
1791187888 31236, 82, 497.65
1791187889 31236, 56, 394.47
1791187891 31236, 99, 491.23
1791187892 31236, 73, 496.30
1791187893 31236, 99, 525.63
1791187894 31236, 99, 470.20
1791187895 31236, 99, 534.66
1791187896 31236, 98, 522.48
1791187897 31236, 96, 518.46
1791187898 31236, 99, 508.08
1791187900 31236, 76, 468.43
1791187901 31236, 47, 399.81
1791187902 31236, 95, 522.33
1791187903 31236, 94, 512.46
1791187904 31236, 95, 519.19
1791187905 31236, 99, 518.84
1791187906 31236, 99, 548.05
1791187907 31236, 98, 490.62
1791187909 31236, 99, 532.47
1791187910 31236, 99, 534.88
1791187911 31236, 99, 530.94
1791187912 31236, 99, 512.59
1791187913 31236, 77, 519.46
1791187914 31236, 99, 513.36
1791187915 31236, 99, 544.52
1791187916 31236, 99, 518.26
1791187917 31236, 99, 530.61
1791187919 31236, 99, 525.20
1791187920 31236, 99, 461.17
1791187921 31236, 99, 517.13
1791187922 31236, 99, 540.05
1791187923 31236, 99, 541.09
1791187924 31236, 99, 512.30
1791187925 31236, 99, 546.69
1791187926 31236, 58, 495.97
1791187928 31236, 59, 394.70
1791187929 31236, 99, 422.36
1791187930 31236, 99, 531.28
1791187931 31236, 99, 528.14
1791187932 31236, 99, 530.30
1791187933 31236, 99, 536.22
1791187934 31236, 47, 502.51
1791187935 31236, 49, 465.41
1791187937 31236, 94, 436.40
1791187938 31236, 98, 534.07
1791187939 31236, 98, 545.11
1791187940 31236, 51, 468.75
1791187941 31236, 69, 406.96
1791187942 31236, 98, 520.84
1791187943 31236, 98, 537.24
1791187944 31236, 96, 517.61
1791187946 31236, 99, 527.41
1791187947 31236, 99, 532.69
1791187948 31236, 70, 488.87
1791187949 31236, 58, 425.09
1791187950 31236, 98, 500.80
1791187951 31236, 98, 445.61
1791187952 31236, 99, 531.60
1791187953 31236, 99, 518.83
1791187955 31236, 97, 502.52
1791187956 31236, 83, 510.46
1791187957 31236, 94, 474.07
1791187958 31236, 96, 513.68
1791187959 31236, 95, 493.96
1791187960 31236, 99, 538.62
1791187961 31236, 94, 532.10
1791187962 31236, 97, 509.16
1791187964 31236, 99, 519.22
1791187965 31236, 99, 527.23
1791187966 31236, 99, 451.93
1791187967 31236, 94, 505.63
1791187968 31236, 99, 521.48
1791187969 31236, 94, 530.01
1791187970 31236, 98, 528.07
1791187971 31236, 98, 512.52
1791187973 31236, 99, 516.62
1791187974 31236, 98, 497.22
1791187975 31236, 99, 530.86
1791187976 31236, 73, 538.41
1791187977 31236, 95, 524.28
1791187978 31236, 26, 475.20
1791187979 31236, 98, 511.69
1791187980 31236, 99, 531.67
1791187982 31236, 99, 547.08
1791187983 31236, 89, 519.86
1791187984 31236, 97, 475.02
1791187985 31236, 99, 550.47
1791187986 31236, 97, 527.45
1791187987 31236, 99, 529.53
1791187988 31236, 99, 542.65
1791187989 31236, 98, 523.58
1791187990 31236, 98, 539.36
1791187992 31236, 99, 527.03
1791187993 31236, 99, 469.11
1791187994 31236, 99, 540.98
1791187995 31236, 97, 530.56
1791187996 31236, 99, 522.71
1791187997 31236, 99, 520.63
1791187998 31236, 83, 478.84
1791187999 31236, 99, 532.55
1791188001 31236, 99, 497.01
1791188002 31236, 98, 506.91
1791188003 31236, 99, 529.50
1791188004 31236, 95, 516.88
1791188005 31236, 99, 549.50
1791188006 31236, 99, 539.57
1791188007 31236, 99, 525.18
1791188008 31236, 78, 462.75
1791188009 31236, 95, 541.03
1791188011 31236, 73, 529.43
1791188012 31236, 98, 533.76
1791188013 31236, 83, 533.79
1791188014 31236, 98, 519.40
1791188015 31236, 99, 529.76
1791188016 31236, 99, 539.66
1791188017 31236, 99, 527.21
1791188018 31236, 99, 513.99
1791188020 31236, 98, 528.87
1791188021 31236, 80, 540.59
1791188022 31236, 99, 551.78
1791188023 31236, 0, 479.47
1791188024 31236, 94, 482.42
1791188025 31236, 74, 511.10
1791188026 31236, 99, 542.72
1791188027 31236, 98, 532.83
1791188029 31236, 99, 505.66
1791188030 31236, 99, 529.03
1791188031 31236, 97, 521.31
1791188032 31236, 97, 507.12
1791188033 31236, 7, 343.50
1791188034 31236, 0, 115.98
1791188035 31236, 4, 95.95
1791188036 31236, 0, 81.00
1791188037 31236, 1, 80.48
1791188039 31236, 0, 79.68
1791188040 31236, 0, 79.50
1791188041 31236, 3, 79.28
1791188042 31236, 0, 78.54
1791188043 31236, 0, 78.42
1791188044 31236, 7, 78.07
1791188045 31236, 0, 78.06
1791188046 31236, 7, 77.78
1791188048 31236, 0, 77.50
1791188049 31236, 2, 77.57
1791188050 31236, 0, 77.20
1791188051 31236, 0, 77.05
1791188052 31236, 1, 76.91
1791188053 31236, 0, 76.76
1791188054 31236, 0, 76.79
1791188055 31236, 7, 76.64
1791188056 31236, 0, 76.63
1791188058 31236, 7, 76.61
1791188059 31236, 0, 76.45
1791188060 31236, 3, 76.50
1791188061 31236, 1, 76.31
1791188062 31236, 0, 76.53
1791188063 31236, 0, 76.21
1791188064 31236, 0, 76.21
1791188065 31236, 0, 76.28
1791188066 31236, 0, 76.32
1791188068 31236, 0, 76.26
1791188069 31236, 7, 76.16
1791188070 31236, 0, 76.17
1791188071 31236, 7, 76.01
1791188072 31236, 0, 76.12
1791188073 31236, 1, 76.04
1791188074 31236, 1, 75.94
1791188075 31236, 2, 75.92
1791188076 31236, 2, 76.03
1791188078 31236, 9, 76.62
1791188079 31236, 0, 75.98
1791188080 31236, 0, 75.93
