1791218392 2, 0, 77.58
1791218393 2, 0, 41.34
1791218394 4, 0, 31.89
1791218395 4, 0, 31.20
1791218396 4, 0, 22.49
1791218397 4, 0, 23.71
1791218398 4, 0, 23.25
1791218400 4, 0, 22.47
1791218401 508, 0, 44.12
1791218402 4550, 21, 85.40
1791218403 5590, 22, 86.36
1791218404 6650, 4, 89.07
1791218405 6930, 28, 86.35
1791218407 7970, 5, 87.82
1791218408 9030, 23, 85.59
1791218409 10170, 19, 88.25
1791218410 10870, 26, 85.68
1791218411 11930, 22, 88.47
1791218412 12970, 25, 86.97
1791218413 13670, 20, 87.35
1791218414 14730, 22, 85.87
1791218416 15770, 3, 88.79
1791218417 16810, 25, 85.71
1791218418 17510, 6, 88.83
1791218419 18210, 8, 82.40
1791218420 18910, 29, 85.06
1791218421 19970, 26, 86.11
1791218422 20310, 0, 84.47
1791218423 21612, 21, 79.92
1791218425 21612, 0, 78.03
1791218426 21612, 0, 77.55
1791218427 21612, 9, 77.52
1791218428 21612, 4, 78.47
1791218429 21612, 7, 78.76
1791218430 21612, 4, 78.91
1791218431 21612, 5, 78.93
1791218433 21640, 0, 82.10
1791218434 21640, 6, 83.27
1791218435 21640, 5, 87.34
1791218436 21642, 6, 77.60
1791218437 21642, 11, 77.41
1791218439 21642, 9, 76.66
1791218440 21642, 11, 77.30
1791218441 21642, 2, 77.26
1791218442 21642, 0, 76.93
1791218443 21642, 1, 77.03
1791218444 21642, 10, 76.54
1791218445 21642, 17, 76.55
1791218447 21642, 37, 76.96
1791218448 21642, 5, 77.34
1791218449 21642, 9, 77.41
1791218450 21642, 0, 78.18
1791218451 21642, 61, 77.89
1791218452 21642, 28, 78.20
1791218453 21642, 0, 77.73
1791218454 21642, 0, 77.34
1791218456 21642, 22, 78.29
1791218457 21642, 6, 78.36
1791218458 21642, 0, 77.60
1791218460 21642, 2, 77.65
1791218461 21642, 6, 76.96
1791218462 21642, 0, 76.97
1791218463 21642, 13, 76.99
1791218464 21642, 0, 77.48
1791218465 21642, 4, 76.79
1791218466 21642, 10, 76.77
1791218467 21642, 6, 76.99
1791218469 21642, 14, 77.55
1791218470 21642, 0, 77.61
1791218471 21642, 9, 77.55
1791218472 21642, 4, 77.39
1791218473 21642, 0, 77.20
1791218474 21642, 15, 77.77
1791218475 21642, 1, 77.21
1791218477 21642, 9, 77.65
1791218478 21642, 0, 78.03
1791218479 21642, 18, 78.18
1791218480 21642, 0, 77.61
1791218481 21642, 24, 77.94
1791218482 21642, 6, 78.09
1791218484 21642, 0, 76.57
1791218485 21642, 0, 77.53
1791218486 21642, 5, 77.44
1791218487 21642, 27, 77.39
1791218488 21642, 11, 76.57
1791218489 21642, 2, 76.14
1791218490 21642, 0, 76.55
1791218492 21642, 0, 77.61
1791218493 21642, 5, 77.08
1791218494 21642, 11, 77.01
1791218495 21642, 8, 77.01
1791218496 21654, 0, 77.35
1791218497 25118, 65, 77.43
1791218499 27358, 96, 457.90
1791218500 27358, 96, 479.23
1791218501 27358, 91, 479.98
1791218502 27358, 90, 477.28
1791218503 27358, 96, 476.22
1791218504 25458, 96, 342.87
1791218505 28220, 74, 438.42
1791218507 29080, 99, 493.50
1791218508 29080, 99, 492.14
1791218509 30394, 98, 516.63
1791218510 30394, 96, 519.82
1791218511 30440, 98, 493.52
1791218512 30440, 98, 518.89
1791218513 30440, 98, 493.42
1791218515 30440, 90, 508.31
1791218516 30440, 96, 483.06
1791218517 30440, 98, 502.76
1791218518 30440, 99, 539.58
1791218519 30850, 93, 493.96
1791218520 30854, 99, 505.53
1791218521 30854, 96, 513.61
1791218522 30882, 69, 399.89
1791218524 30882, 99, 485.57
1791218525 30882, 99, 502.97
1791218526 31762, 99, 521.34
1791218527 31762, 96, 516.44
1791218528 31762, 99, 530.44
1791218529 31762, 87, 546.74
1791218530 31762, 98, 507.91
1791218532 31762, 98, 500.43
1791218533 31762, 78, 505.95
1791218534 31762, 98, 515.09
1791218535 31762, 98, 536.01
1791218536 31762, 100, 490.46
1791218537 31762, 98, 529.03
1791218539 31762, 83, 521.88
1791218540 31762, 88, 503.22
1791218541 31762, 87, 545.54
1791218542 31762, 98, 509.69
1791218543 31762, 99, 539.02
1791218544 31762, 96, 413.10
1791218545 31762, 98, 517.39
1791218547 31762, 98, 557.62
1791218548 31762, 75, 509.61
1791218549 31762, 99, 509.78
1791218550 31762, 96, 528.98
1791218551 31762, 99, 519.41
1791218552 31762, 98, 541.95
1791218553 31764, 99, 512.11
1791218555 31886, 98, 523.34
1791218556 31886, 95, 531.12
1791218557 31886, 98, 501.84
1791218558 31886, 98, 541.59
1791218559 31886, 98, 516.34
1791218560 31966, 98, 521.23
1791218561 31966, 96, 536.49
1791218563 31966, 98, 524.95
1791218564 31966, 99, 560.75
1791218565 31966, 96, 444.57
1791218566 31966, 98, 503.82
1791218567 31966, 96, 545.74
1791218568 31966, 99, 517.04
1791218569 31966, 98, 560.67
1791218571 31966, 85, 525.64
1791218572 31966, 99, 521.33
1791218573 31966, 96, 537.10
1791218574 31966, 99, 521.84
1791218575 31966, 98, 542.15
1791218576 31966, 96, 526.20
1791218577 31966, 98, 542.89
1791218579 31966, 96, 555.95
1791218580 31966, 99, 529.21
1791218581 31966, 98, 562.87
1791218582 31966, 99, 517.05
1791218583 31966, 98, 525.85
1791218584 31966, 94, 520.31
1791218585 31966, 99, 424.75
1791218586 31966, 98, 544.52
1791218588 31966, 98, 526.26
1791218589 31966, 97, 541.12
1791218590 31966, 76, 519.13
1791218591 31966, 99, 512.16
1791218593 31966, 99, 542.88
1791218594 31966, 99, 517.10
1791218595 31966, 98, 544.15
1791218596 31966, 96, 531.49
1791218597 31966, 98, 521.92
1791218598 31966, 96, 550.40
1791218599 31966, 75, 513.12
1791218600 31966, 99, 509.84
1791218602 31966, 98, 529.06
1791218603 31966, 99, 543.09
1791218604 31966, 97, 555.99
1791218605 31966, 98, 537.22
1791218606 31966, 99, 563.08
1791218608 31966, 13, 475.48
1791218609 31966, 99, 522.56
1791218610 31966, 96, 553.08
1791218611 31966, 88, 529.63
1791218612 31986, 93, 560.52
1791218613 31986, 98, 524.69
1791218614 31986, 98, 527.04
1791218616 31986, 96, 549.73
1791218617 31986, 87, 533.50
1791218618 31986, 89, 543.56
1791218619 31986, 99, 510.06
1791218620 31986, 99, 547.54
1791218621 31986, 95, 533.12
1791218622 31986, 98, 530.95
1791218624 31986, 96, 548.93
1791218625 31986, 84, 506.56
1791218626 31986, 98, 512.83
1791218627 31986, 84, 541.33
1791218628 31988, 87, 515.70
1791218629 31988, 78, 547.48
1791218630 31988, 97, 427.40
1791218632 31988, 99, 545.62
1791218633 31988, 96, 534.28
1791218634 31988, 98, 528.60
1791218635 31988, 98, 545.71
1791218636 31988, 87, 527.62
1791218637 31988, 98, 553.82
1791218638 31988, 96, 533.87
1791218640 31988, 98, 527.50
1791218641 31988, 96, 540.19
1791218642 31988, 87, 530.02
1791218643 31988, 98, 548.84
1791218644 31988, 99, 523.56
1791218645 31988, 98, 522.84
1791218647 31988, 96, 556.10
1791218648 31988, 98, 539.45
1791218649 31988, 99, 545.79
1791218650 31988, 100, 503.41
1791218651 31988, 99, 535.34
1791218652 31988, 21, 462.50
1791218654 31988, 99, 485.79
1791218655 31988, 98, 546.56
1791218656 31988, 93, 525.44
1791218657 31988, 98, 533.08
1791218658 31988, 96, 549.95
1791218659 31988, 99, 519.22
1791218660 31988, 98, 551.58
1791218662 31988, 96, 537.03
1791218663 31988, 99, 548.26
1791218664 31988, 96, 537.75
1791218665 31988, 99, 519.40
1791218666 31988, 96, 556.54
1791218667 31988, 99, 532.16
1791218668 31988, 98, 544.45
1791218670 31988, 99, 525.41
1791218671 31988, 99, 545.79
1791218672 31988, 96, 553.27
1791218673 31988, 98, 541.56
1791218674 31988, 98, 547.65
1791218675 31988, 96, 410.42
1791218677 31988, 98, 547.75
1791218678 31988, 96, 548.35
1791218679 31988, 92, 524.57
1791218680 31988, 99, 561.95
1791218681 31988, 99, 528.21
1791218682 31988, 98, 548.53
1791218683 31988, 95, 555.71
1791218685 31988, 99, 533.14
1791218686 31988, 98, 564.62
1791218687 31988, 96, 508.09
1791218688 31988, 98, 524.29
1791218689 31988, 95, 546.84
1791218690 31988, 98, 518.60
1791218691 31988, 98, 544.38
1791218693 31988, 96, 541.17
1791218694 31988, 99, 545.67
1791218695 31988, 96, 547.33
1791218696 31988, 69, 521.11
1791218699 31988, 99, 456.58
1791218700 31988, 96, 553.77
1791218701 31988, 88, 533.08
1791218703 31988, 98, 546.75
1791218704 31988, 99, 529.09
1791218705 31988, 98, 546.09
1791218706 31988, 96, 552.41
1791218707 31988, 99, 545.10
1791218708 31988, 59, 552.12
1791218709 31988, 98, 517.10
1791218711 31988, 98, 546.15
1791218712 31988, 96, 520.19
1791218713 31988, 91, 543.93
1791218714 31988, 84, 539.59
1791218715 31988, 98, 566.34
1791218721 31988, 99, 405.79
1791218722 31988, 99, 545.63
1791218723 31988, 96, 550.51
1791218724 31988, 98, 543.99
1791218725 31988, 89, 561.14
1791218726 31988, 98, 529.03
1791218728 31988, 98, 546.40
1791218729 31988, 97, 528.24
1791218730 31988, 98, 543.46
1791218731 31988, 58, 550.57
1791218732 31988, 98, 526.99
1791218733 31988, 99, 564.76
1791218734 31988, 96, 527.91
1791218735 31988, 99, 542.46
1791218737 31988, 88, 560.72
1791218738 31988, 99, 532.03
1791218739 31988, 99, 565.84
1791218740 31988, 97, 525.74
1791218741 31988, 89, 542.45
1791218742 31988, 98, 550.13
1791218743 31988, 98, 525.57
1791218744 31988, 99, 563.23
1791218745 31988, 91, 455.80
1791218747 31988, 99, 498.12
1791218748 31988, 96, 555.77
1791218749 31988, 99, 531.62
1791218750 31988, 99, 544.79
1791218751 31988, 81, 537.35
1791218752 31988, 99, 526.05
1791218753 31988, 56, 545.13
1791218754 31988, 98, 512.65
1791218756 31988, 98, 527.65
1791218757 31988, 97, 529.94
1791218758 31988, 99, 542.83
1791218759 31988, 96, 556.75
1791218760 31988, 98, 532.80
1791218761 31988, 98, 563.98
1791218762 31988, 97, 527.03
1791218763 31988, 98, 544.56
1791218765 31988, 86, 561.98
1791218766 31988, 98, 526.42
1791218767 31988, 98, 563.89
1791218768 31988, 96, 438.48
1791218769 31988, 98, 527.87
1791218770 31988, 96, 552.28
1791218771 31988, 88, 529.37
1791218773 31988, 98, 549.09
1791218774 31988, 96, 542.66
1791218775 31988, 99, 545.68
1791218776 31988, 96, 537.76
1791218777 31988, 99, 527.81
1791218778 31988, 98, 528.09
1791218779 31988, 98, 522.59
1791218780 31988, 89, 530.34
1791218781 31988, 89, 553.51
1791218783 31988, 98, 523.49
1791218784 31988, 98, 542.00
1791218785 31988, 96, 537.69
1791218786 31988, 98, 508.06
1791218787 31988, 99, 563.93
1791218788 31988, 85, 529.38
1791218789 31988, 98, 544.04
1791218791 31988, 0, 490.99
1791218792 31988, 98, 518.77
1791218793 31988, 98, 561.47
1791218794 31988, 99, 521.58
1791218795 31988, 98, 544.51
1791218796 31988, 84, 530.27
1791218797 31988, 98, 539.77
1791218799 31988, 98, 563.71
1791218800 31988, 99, 515.02
1791218801 31988, 98, 563.42
1791218802 31988, 96, 523.15
1791218803 31988, 99, 541.78
1791218804 31988, 98, 542.97
1791218805 31988, 98, 525.79
1791218806 31988, 98, 562.71
1791218808 31988, 96, 529.96
1791218809 31988, 98, 554.68
1791218810 31988, 96, 531.00
1791218811 31988, 98, 527.92
1791218812 31988, 98, 563.75
1791218813 31988, 98, 438.36
1791218814 31988, 98, 544.31
1791218815 31988, 96, 545.69
1791218817 31988, 99, 521.39
1791218818 31988, 96, 555.25
1791218819 31988, 98, 523.83
1791218820 31988, 98, 528.88
1791218821 31988, 96, 535.07
1791218822 31988, 98, 540.27
1791218823 31988, 98, 562.91
1791218824 31988, 99, 518.62
1791218826 31988, 99, 526.89
1791218827 31988, 94, 534.04
1791218828 31988, 98, 523.35
1791218829 31988, 98, 562.41
1791218830 31988, 99, 523.40
1791218831 31988, 98, 562.83
1791218832 31988, 90, 516.56
1791218833 31988, 98, 533.16
1791218835 31988, 89, 558.07
1791218836 31988, 99, 503.24
1791218837 31988, 98, 562.85
1791218838 31988, 96, 416.93
1791218839 31988, 99, 524.30
1791218840 31988, 98, 550.14
1791218841 31988, 87, 526.54
1791218842 31988, 98, 552.70
1791218844 31988, 96, 529.92
1791218845 31988, 98, 523.48
1791218846 31988, 96, 551.18
1791218847 31988, 87, 527.13
1791218848 31988, 98, 551.56
1791218849 31988, 98, 527.28
1791218850 31988, 98, 544.75
1791218851 31988, 96, 544.85
1791218853 31988, 98, 521.32
1791218854 31988, 93, 536.24
1791218855 31988, 98, 528.99
1791218856 31988, 98, 541.35
1791218857 31988, 96, 541.53
1791218858 31988, 98, 540.58
1791218859 31988, 96, 549.85
1791218860 31988, 98, 448.17
1791218861 31988, 98, 543.28
1791218863 31988, 96, 544.13
1791218864 31988, 98, 543.27
1791218865 31988, 96, 541.85
1791218866 31988, 99, 525.64
1791218867 31988, 98, 521.30
1791218868 31988, 98, 525.93
1791218869 31988, 98, 540.73
1791218871 31988, 96, 551.96
1791218872 32048, 99, 552.59
1791218873 32048, 99, 561.56
1791218874 32048, 99, 522.73
1791218875 32048, 98, 541.03
1791218876 32048, 95, 523.46
1791218877 32048, 99, 527.72
1791218878 32048, 99, 561.08
1791218880 32048, 99, 523.75
1791218881 32048, 99, 560.81
1791218882 32048, 87, 529.57
1791218883 32048, 98, 542.39
1791218884 32048, 92, 554.84
1791218885 32048, 96, 428.59
1791218886 32048, 98, 551.96
1791218887 32048, 96, 524.69
1791218888 32048, 99, 527.94
1791218890 32048, 98, 563.09
1791218891 32048, 88, 518.39
1791218892 32048, 99, 549.56
1791218893 32048, 96, 533.70
1791218894 32048, 98, 535.12
1791218895 32048, 97, 544.72
1791218896 32048, 99, 524.65
1791218897 32048, 98, 562.44
1791218899 32048, 96, 520.80
1791218900 32048, 98, 543.17
1791218901 32048, 96, 540.93
1791218902 32048, 98, 527.51
1791218903 32048, 98, 562.11
1791218904 32048, 88, 522.48
1791218905 32048, 98, 552.26
1791218907 32048, 96, 531.48
1791218908 32048, 98, 533.21
1791218909 32048, 82, 492.93
1791218910 32048, 88, 444.37
1791218911 32048, 99, 529.28
1791218912 32048, 96, 542.76
1791218913 32048, 98, 544.47
1791218914 32048, 96, 551.13
1791218915 32048, 88, 530.32
1791218917 32048, 99, 549.71
1791218918 32048, 99, 524.79
1791218919 32048, 99, 543.66
1791218920 32048, 96, 544.70
1791218921 32048, 98, 531.26
1791218922 32048, 98, 563.60
1791218923 32048, 99, 524.86
1791218924 32048, 98, 545.52
1791218926 32048, 96, 552.73
1791218927 32048, 99, 535.66
1791218928 32048, 99, 544.47
1791218929 32048, 100, 524.65
1791218930 32048, 98, 545.12
1791218931 32048, 96, 461.38
1791218932 32048, 99, 523.65
1791218933 32048, 99, 561.20
1791218935 32048, 71, 526.58
1791218936 32048, 98, 529.22
1791218937 32048, 96, 552.46
1791218938 32048, 89, 520.04
1791218939 32048, 98, 556.69
1791218940 32048, 99, 529.85
1791218941 32048, 98, 545.07
1791218942 32048, 96, 536.13
1791218944 32048, 76, 512.84
1791218945 32048, 97, 545.02
1791218946 32048, 97, 527.14
1791218947 32048, 98, 542.62
1791218948 32048, 85, 533.73
1791218949 32048, 98, 536.74
1791218950 32048, 98, 562.22
1791218952 32048, 98, 529.83
1791218953 32048, 98, 542.38
1791218954 32048, 96, 518.65
1791218955 32048, 97, 522.83
1791218956 32048, 96, 522.02
1791218957 32048, 97, 522.09
1791218958 32048, 96, 522.83
1791218959 32048, 91, 520.57
1791218961 32048, 0, 171.67
1791218962 32048, 2, 117.30
1791218963 32048, 61, 83.04
1791218964 32048, 28, 81.93
1791218965 32048, 1, 81.08
1791218966 32048, 16, 80.59
1791218967 32048, 34, 80.03
1791218968 32048, 0, 80.48
1791218969 32048, 0, 79.54
1791218971 32048, 4, 79.36
1791218972 32048, 26, 78.30
1791218973 32048, 14, 78.37
1791218974 32048, 9, 78.08
1791218975 32048, 0, 77.79
1791218976 32048, 17, 77.92
1791218977 32048, 25, 77.46
1791218978 32048, 0, 77.21
1791218979 32048, 21, 77.05
1791218981 32048, 21, 77.12
1791218982 32048, 0, 76.72
1791218983 32048, 6, 76.33
1791218984 32048, 45, 76.33
1791218985 32048, 8, 77.15
1791218986 32048, 9, 75.94
1791218987 32048, 10, 75.79
1791218988 32048, 20, 76.65
1791218990 32048, 0, 76.42
1791218991 32048, 0, 75.38
1791218992 32048, 0, 76.22
1791218993 32048, 0, 75.57
