1791221718 2, 0, 76.60
1791221720 2, 0, 53.25
1791221721 4, 0, 39.08
1791221722 4, 0, 21.55
1791221723 4, 0, 21.21
1791221724 4, 0, 21.38
1791221726 4, 0, 21.00
1791221727 1488, 0, 48.57
1791221728 4550, 35, 82.28
1791221729 5590, 20, 84.91
1791221730 6650, 0, 84.84
1791221731 6930, 6, 84.03
1791221733 7690, 22, 85.24
1791221734 8750, 25, 84.54
1791221735 9790, 29, 85.02
1791221736 10170, 37, 84.90
1791221737 11230, 35, 85.18
1791221738 11930, 29, 85.33
1791221739 12970, 26, 85.11
1791221741 13670, 11, 88.98
1791221742 14610, 18, 88.10
1791221743 15430, 37, 85.22
1791221744 16110, 36, 85.61
1791221745 16810, 37, 84.46
1791221746 17770, 25, 85.31
1791221747 18570, 27, 85.43
1791221748 19270, 36, 85.00
1791221750 20310, 36, 84.92
1791221751 20912, 1, 80.38
1791221752 21612, 0, 80.98
1791221753 21612, 0, 77.26
1791221754 21612, 0, 77.21
1791221755 21612, 4, 78.05
1791221756 21612, 6, 78.44
1791221757 21612, 3, 78.60
1791221759 21612, 19, 79.04
1791221760 21612, 14, 78.97
1791221761 21640, 21, 79.42
1791221762 21640, 14, 83.99
1791221763 21640, 12, 87.18
1791221764 21640, 11, 79.37
1791221765 21642, 14, 78.81
1791221766 21642, 14, 78.14
1791221768 21642, 37, 77.88
1791221769 21642, 5, 77.79
1791221770 21642, 23, 77.42
1791221771 21642, 18, 77.29
1791221772 21642, 0, 77.12
1791221773 21642, 39, 77.09
1791221774 21642, 38, 76.58
1791221775 21642, 0, 76.45
1791221777 21642, 33, 75.82
1791221778 21642, 0, 76.34
1791221779 21642, 0, 75.84
1791221780 21642, 54, 75.65
1791221781 21642, 1, 76.23
1791221782 21642, 17, 75.57
1791221783 21642, 0, 76.32
1791221785 21642, 9, 76.26
1791221786 21642, 18, 76.15
1791221787 21642, 0, 75.61
1791221788 21642, 14, 75.82
1791221789 21642, 0, 75.51
1791221790 21642, 29, 75.76
1791221791 21642, 32, 74.72
1791221792 21642, 0, 74.99
1791221794 21642, 3, 75.33
1791221795 21642, 8, 75.60
1791221796 21642, 10, 75.12
1791221797 21642, 0, 75.20
1791221798 21642, 6, 76.39
1791221799 21642, 43, 76.32
1791221800 21642, 4, 76.32
1791221801 21642, 12, 75.52
1791221803 21642, 28, 74.72
1791221804 21642, 0, 74.99
1791221805 21642, 11, 74.50
1791221806 21642, 6, 74.47
1791221807 21642, 20, 73.90
1791221808 21642, 0, 73.88
1791221809 21642, 0, 74.47
1791221811 21642, 9, 74.97
1791221812 21642, 6, 74.29
1791221813 21642, 29, 74.24
1791221814 21642, 8, 74.40
1791221815 21642, 0, 74.85
1791221816 21642, 5, 74.66
1791221817 21642, 20, 74.15
1791221818 21642, 0, 74.42
1791221820 21642, 12, 73.99
1791221821 21642, 0, 74.20
1791221822 21642, 0, 74.12
1791221823 21642, 11, 74.62
1791221824 21642, 10, 75.00
1791221825 23998, 2, 75.89
1791221826 27360, 95, 365.26
1791221828 27360, 95, 440.27
1791221829 27360, 96, 442.60
1791221830 27360, 96, 446.63
1791221831 27360, 91, 448.17
1791221832 22838, 95, 439.01
1791221834 26236, 98, 440.24
1791221835 28278, 99, 464.67
1791221836 29240, 87, 491.45
1791221837 29354, 98, 466.28
1791221838 30354, 99, 502.86
1791221839 30354, 97, 465.03
1791221841 30402, 90, 463.02
1791221842 30402, 99, 496.14
1791221843 30402, 98, 459.65
1791221844 30402, 99, 478.78
1791221845 30402, 97, 461.72
1791221846 30402, 95, 478.30
1791221848 30462, 99, 508.98
1791221849 30462, 96, 458.33
1791221850 30594, 98, 492.61
1791221851 30594, 31, 474.77
1791221852 30642, 98, 386.27
1791221853 30642, 89, 469.73
1791221855 30642, 96, 485.86
1791221856 30642, 99, 467.18
1791221857 31622, 99, 510.98
1791221858 31622, 99, 470.21
1791221859 31622, 99, 505.41
1791221861 31622, 96, 487.93
1791221862 31624, 99, 464.66
1791221863 31624, 99, 502.84
1791221864 31624, 98, 470.32
1791221865 31624, 99, 491.61
1791221866 31624, 98, 509.17
1791221868 31624, 99, 482.23
1791221869 31624, 98, 479.63
1791221870 31624, 94, 502.46
1791221871 31624, 89, 449.52
1791221872 31624, 98, 499.21
1791221873 31624, 97, 508.56
1791221875 31624, 98, 488.72
1791221876 31624, 99, 508.87
1791221877 31624, 84, 483.00
1791221878 31624, 98, 508.11
1791221879 31624, 95, 510.10
1791221881 31624, 98, 499.55
1791221882 31624, 98, 508.83
1791221883 31624, 96, 473.89
1791221884 31624, 100, 476.75
1791221885 31624, 98, 515.05
1791221886 31628, 99, 474.57
1791221888 31668, 99, 498.76
1791221889 31668, 96, 510.48
1791221890 31668, 99, 484.14
1791221891 31668, 99, 482.45
1791221892 31668, 94, 421.28
1791221893 31668, 76, 476.07
1791221894 31768, 99, 508.03
1791221895 31768, 96, 499.02
1791221897 31768, 99, 480.61
1791221898 31768, 99, 528.34
1791221899 31768, 96, 498.41
1791221900 31768, 99, 470.25
1791221901 31768, 99, 523.57
1791221902 31768, 99, 484.94
1791221903 31768, 99, 509.48
1791221904 31768, 97, 527.40
1791221906 31768, 99, 490.14
1791221907 31768, 98, 512.47
1791221908 31768, 95, 491.80
1791221909 31768, 76, 479.74
1791221910 31768, 99, 512.15
1791221911 31768, 96, 421.26
1791221912 31768, 99, 487.39
1791221913 31768, 99, 518.41
1791221915 31768, 99, 484.31
1791221916 31848, 98, 510.43
1791221917 31848, 89, 519.55
1791221918 31848, 99, 480.24
1791221919 31848, 99, 509.58
1791221920 31848, 85, 485.91
1791221921 31848, 98, 491.11
1791221923 31848, 99, 514.14
1791221924 31848, 99, 481.10
1791221925 31848, 98, 512.25
1791221926 31848, 99, 529.16
1791221927 31848, 74, 479.72
1791221928 31848, 98, 481.42
1791221929 31848, 96, 513.94
1791221930 31848, 99, 389.68
1791221932 31848, 99, 511.32
1791221933 31848, 96, 501.94
1791221934 31848, 89, 491.93
1791221935 31848, 98, 526.48
1791221936 31848, 94, 472.00
1791221937 31848, 99, 494.99
1791221939 31848, 94, 517.79
1791221940 31848, 99, 486.97
1791221941 31848, 99, 510.72
1791221942 31848, 92, 497.45
1791221943 31848, 99, 499.79
1791221944 31848, 99, 527.80
1791221946 31848, 99, 485.65
1791221947 31848, 99, 496.17
1791221948 31848, 99, 528.66
1791221949 31848, 100, 485.37
1791221950 31646, 98, 508.74
1791221951 31646, 86, 502.63
1791221952 31664, 99, 410.32
1791221954 31664, 99, 513.38
1791221955 31664, 85, 478.64
1791221956 31790, 98, 506.10
1791221957 31790, 99, 511.42
1791221958 31790, 99, 487.04
1791221959 31790, 99, 497.81
1791221961 31790, 85, 497.64
1791221962 31822, 99, 466.92
1791221963 31822, 99, 501.85
1791221964 31822, 94, 470.94
1791221965 31822, 99, 493.93
1791221966 31822, 98, 511.74
1791221968 31822, 73, 476.14
1791221969 31828, 99, 483.17
1791221970 31828, 67, 518.16
1791221971 31828, 99, 490.99
1791221972 31828, 99, 527.64
1791221973 31828, 0, 467.89
1791221975 31828, 98, 510.59
1791221976 31828, 99, 513.33
1791221977 31828, 85, 486.00
1791221978 31828, 99, 514.99
1791221979 31828, 96, 516.50
1791221980 31828, 99, 488.08
1791221982 31828, 99, 498.20
1791221983 31828, 96, 483.92
1791221984 31828, 99, 497.22
1791221985 31828, 96, 519.42
1791221986 31828, 99, 488.03
1791221987 31828, 99, 499.92
1791221988 31828, 87, 523.32
1791221990 31828, 98, 497.56
1791221991 31828, 99, 515.05
1791221992 31828, 84, 496.55
1791221993 31828, 99, 498.32
1791221994 31828, 99, 515.81
1791221995 31828, 94, 407.43
1791221997 31828, 90, 494.06
1791221998 31828, 99, 521.11
1791221999 31828, 94, 479.66
1791222000 31828, 99, 501.61
1791222001 31828, 95, 520.39
1791222002 31828, 98, 496.14
1791222003 31828, 98, 516.00
1791222005 31828, 86, 492.26
1791222006 31828, 98, 505.26
1791222007 31828, 99, 530.92
1791222008 31828, 98, 491.32
1791222009 31828, 99, 513.34
1791222010 31828, 96, 516.68
1791222012 31828, 99, 507.54
1791222013 31828, 99, 530.07
1791222014 31828, 84, 487.43
1791222015 31828, 98, 516.13
1791222016 31828, 97, 514.70
1791222017 31828, 99, 407.50
1791222019 31828, 99, 515.93
1791222020 31828, 96, 492.46
1791222021 31828, 91, 493.51
1791222022 31828, 99, 532.16
1791222023 31828, 96, 483.57
1791222024 31828, 98, 511.59
1791222026 31828, 95, 513.77
1791222027 31828, 99, 499.17
1791222028 31828, 99, 517.27
1791222029 31828, 97, 497.00
1791222030 31828, 99, 500.77
1791222031 31828, 99, 532.54
1791222032 31828, 94, 494.71
1791222034 31828, 99, 498.55
1791222035 31828, 98, 532.37
1791222036 31828, 95, 477.01
1791222037 31828, 98, 515.21
1791222038 31828, 95, 512.55
1791222039 31828, 99, 411.01
1791222040 31828, 99, 515.04
1791222042 31828, 96, 503.24
1791222043 31828, 98, 500.40
1791222044 31828, 98, 530.88
1791222045 31828, 99, 477.14
1791222046 31828, 99, 515.65
1791222047 31828, 87, 524.35
1791222049 31828, 98, 496.16
1791222050 31828, 98, 532.62
1791222051 31828, 94, 499.66
1791222052 31828, 99, 496.29
1791222053 31828, 96, 522.68
1791222054 31828, 99, 494.00
1791222055 31828, 99, 516.55
1791222057 31828, 95, 491.01
1791222058 31828, 99, 497.98
1791222059 31828, 98, 530.89
1791222060 31828, 95, 494.34
1791222061 31828, 99, 497.58
1791222062 31828, 99, 516.39
1791222063 31828, 85, 481.42
1791222065 31828, 99, 497.72
1791222066 31828, 95, 520.78
1791222067 31828, 98, 491.49
1791222068 31828, 99, 531.48
1791222069 31828, 96, 489.90
1791222070 31828, 98, 496.28
1791222072 31828, 95, 522.34
1791222073 31828, 99, 492.94
1791222074 31828, 98, 516.27
1791222075 31828, 96, 523.98
1791222076 31828, 98, 499.02
1791222077 31828, 99, 532.96
1791222078 31828, 96, 504.63
1791222080 31828, 99, 516.72
1791222081 31828, 79, 512.75
1791222082 31828, 99, 483.05
1791222083 31828, 99, 516.34
1791222084 31828, 73, 426.81
1791222085 31948, 99, 508.75
1791222087 31948, 98, 532.37
1791222088 31948, 100, 492.28
1791222089 31948, 98, 515.66
1791222090 31948, 99, 524.00
1791222091 31948, 99, 497.07
1791222092 31948, 99, 518.29
1791222093 31948, 95, 497.54
1791222095 31948, 99, 515.89
1791222096 31948, 99, 532.72
1791222097 31948, 70, 474.10
1791222098 31948, 99, 482.80
1791222099 31948, 87, 521.10
1791222100 31948, 99, 494.72
1791222101 31948, 99, 518.25
1791222103 31948, 95, 494.30
1791222104 31948, 98, 500.63
1791222105 31948, 98, 516.03
1791222106 31948, 3, 436.83
1791222107 31948, 98, 512.98
1791222108 31948, 99, 514.62
1791222109 31948, 85, 480.65
1791222111 31948, 98, 515.27
1791222112 31948, 97, 508.04
1791222113 31948, 90, 495.01
1791222114 31948, 99, 523.81
1791222115 31948, 95, 488.76
1791222116 31948, 99, 517.16
1791222117 31948, 99, 533.40
1791222119 31948, 85, 474.57
1791222120 31948, 98, 517.85
1791222121 31948, 94, 513.88
1791222122 31948, 99, 511.57
1791222123 31948, 98, 531.57
1791222124 31948, 90, 488.06
1791222126 31948, 98, 516.94
1791222127 31948, 93, 515.21
1791222128 31948, 99, 411.24
1791222129 31948, 90, 525.97
1791222130 31948, 93, 488.67
1791222131 31948, 100, 469.31
1791222132 31948, 99, 526.59
1791222134 31948, 92, 476.61
1791222135 31948, 98, 516.47
1791222136 31948, 99, 520.13
1791222137 31948, 83, 490.30
1791222138 31948, 98, 504.34
1791222139 31948, 85, 526.16
1791222141 31948, 99, 482.05
1791222142 31948, 98, 534.37
1791222143 31948, 96, 496.30
1791222144 31948, 99, 493.16
1791222145 31948, 99, 532.91
1791222146 31948, 99, 484.98
1791222147 31948, 99, 499.91
1791222149 31948, 33, 493.12
1791222150 31948, 98, 444.38
1791222151 31948, 98, 516.23
1791222152 31948, 84, 495.95
1791222153 31948, 99, 510.30
1791222154 31948, 98, 533.34
1791222156 31948, 99, 496.26
1791222157 31948, 99, 515.95
1791222158 31948, 96, 518.07
1791222159 31948, 99, 493.03
1791222160 31948, 98, 517.39
1791222161 31948, 96, 500.04
1791222163 31948, 99, 502.75
1791222164 31948, 96, 520.38
1791222165 31948, 99, 489.99
1791222166 31948, 99, 518.80
1791222167 31948, 96, 482.34
1791222168 31948, 99, 500.54
1791222169 31948, 98, 532.20
1791222171 31948, 100, 409.47
1791222172 31948, 98, 518.53
1791222173 31948, 99, 532.45
1791222174 31948, 99, 492.48
1791222175 31948, 98, 527.48
1791222176 31948, 96, 507.34
1791222177 31948, 100, 474.18
1791222179 31948, 99, 533.28
1791222180 31948, 96, 477.01
1791222181 31948, 99, 513.61
1791222182 31948, 96, 517.41
1791222183 31948, 99, 498.61
1791222184 31948, 98, 501.83
1791222185 31948, 96, 522.78
1791222187 31948, 99, 500.51
1791222188 31948, 98, 531.30
1791222189 31948, 85, 492.52
1791222190 31948, 99, 509.91
1791222191 31948, 96, 506.46
1791222192 31948, 99, 420.64
1791222193 31948, 98, 513.36
1791222195 31948, 96, 499.24
1791222196 31948, 99, 476.01
1791222197 31948, 98, 531.85
1791222198 31948, 99, 489.80
1791222199 31948, 99, 517.76
1791222200 31948, 86, 523.57
1791222202 31948, 98, 497.48
1791222203 31948, 98, 531.88
1791222204 31948, 97, 497.02
1791222205 31948, 98, 517.77
1791222206 31948, 88, 528.71
1791222207 31948, 99, 489.99
1791222209 31948, 99, 517.86
1791222210 31948, 92, 504.98
1791222211 31948, 99, 499.00
1791222212 31948, 99, 531.23
1791222213 31948, 99, 495.71
1791222214 31948, 99, 515.37
1791222216 31948, 96, 513.33
1791222217 31948, 99, 440.58
1791222218 31948, 99, 525.42
1791222219 31948, 96, 506.17
1791222220 31948, 98, 517.89
1791222221 31948, 85, 526.25
1791222222 31948, 99, 485.60
1791222224 31948, 99, 531.54
1791222225 31948, 96, 501.48
1791222226 31948, 99, 492.64
1791222227 31948, 97, 511.56
1791222228 31948, 99, 486.83
1791222229 31948, 99, 499.14
1791222231 31948, 96, 503.97
1791222232 31948, 99, 495.05
1791222233 31948, 98, 531.69
1791222234 31948, 93, 501.33
1791222235 31886, 99, 531.08
1791222236 31886, 90, 531.94
1791222237 31916, 99, 487.64
1791222239 31916, 99, 533.70
1791222240 31916, 20, 474.25
1791222241 31916, 98, 429.91
1791222242 31916, 98, 531.24
1791222243 31916, 96, 488.29
1791222244 31916, 99, 509.48
1791222246 31916, 99, 532.76
1791222247 31916, 91, 496.64
1791222248 31916, 99, 519.90
1791222249 31916, 96, 511.66
1791222250 31916, 98, 515.47
1791222251 31916, 98, 532.77
1791222252 31916, 96, 472.75
1791222254 31916, 99, 519.69
1791222255 31916, 95, 515.69
1791222256 31916, 89, 495.59
1791222257 31916, 99, 517.69
1791222258 31916, 96, 484.63
1791222259 31916, 99, 509.75
1791222260 31916, 98, 531.87
1791222262 31916, 99, 429.28
1791222263 31916, 98, 517.44
1791222264 31916, 96, 512.78
1791222265 31916, 99, 495.42
1791222266 31916, 99, 532.09
1791222267 31916, 85, 489.73
1791222268 31916, 99, 509.51
1791222270 31916, 98, 531.86
1791222271 31916, 99, 501.13
1791222272 31916, 98, 517.40
1791222273 31916, 96, 513.77
1791222274 31916, 99, 512.05
1791222275 31916, 99, 531.39
1791222276 31916, 96, 468.40
1791222278 31916, 99, 501.59
1791222279 31916, 96, 516.71
1791222280 31916, 89, 497.43
1791222281 31916, 99, 516.27
1791222282 31916, 91, 481.10
1791222283 31916, 99, 512.22
1791222285 31916, 98, 516.24
1791222286 31916, 99, 434.78
1791222287 31918, 99, 515.48
1791222288 31918, 58, 518.66
1791222289 31918, 99, 494.30
1791222290 31918, 97, 530.56
1791222291 31918, 95, 526.50
1791222293 31918, 99, 495.66
1791222294 31918, 96, 523.79
1791222295 31918, 98, 486.56
1791222296 31918, 99, 498.27
1791222297 31918, 96, 506.52
1791222298 31918, 99, 493.60
1791222299 31918, 99, 532.22
1791222301 31918, 99, 472.52
1791222302 31918, 99, 516.41
1791222303 31918, 99, 532.11
1791222304 31984, 98, 483.49
1791222305 31984, 99, 503.04
1791222306 31984, 96, 519.80
1791222307 31984, 99, 417.36
1791222309 31984, 99, 531.36
1791222310 31984, 96, 501.08
1791222311 31984, 98, 499.69
1791222312 31984, 98, 533.48
1791222313 31984, 99, 472.45
1791222314 31984, 99, 497.74
1791222315 31984, 99, 517.22
1791222317 31984, 96, 500.30
1791222318 31984, 99, 517.84
1791222319 31984, 96, 510.07
1791222320 31984, 89, 493.58
1791222321 31984, 98, 532.15
1791222322 31984, 99, 491.03
1791222323 31984, 99, 515.97
1791222324 31984, 98, 534.12
1791222326 28984, 97, 462.24
1791222327 28984, 95, 485.68
1791222328 28984, 90, 481.11
1791222329 28984, 97, 478.67
1791222330 28984, 97, 486.27
1791222331 28984, 96, 483.66
1791222333 28984, 0, 145.48
1791222334 28984, 36, 97.05
1791222335 28984, 0, 82.87
1791222336 28984, 0, 82.72
1791222337 28984, 17, 82.38
1791222338 28984, 34, 82.27
1791222340 28984, 0, 81.99
1791222341 28984, 17, 81.68
1791222342 28984, 1, 81.37
1791222343 28984, 0, 81.14
1791222344 28984, 53, 80.74
1791222345 28984, 37, 80.76
1791222347 28984, 3, 80.73
1791222348 28984, 20, 80.27
1791222349 28984, 34, 80.11
1791222350 28984, 0, 79.75
1791222351 28984, 0, 79.39
1791222352 28984, 2, 79.47
1791222353 28984, 41, 79.22
1791222355 28984, 5, 78.54
1791222356 28984, 0, 78.86
1791222357 28984, 16, 78.62
1791222358 28984, 7, 78.86
1791222359 28984, 16, 78.32
1791222360 28984, 18, 79.12
1791222362 28984, 0, 78.66
1791222363 28984, 0, 77.81
1791222364 28984, 0, 78.03
1791222365 28984, 0, 78.04
1791222366 28984, 0, 77.63
