1791254655 2, 0, 63.08
1791254656 2, 0, 53.44
1791254657 4, 0, 33.24
1791254659 4, 0, 32.48
1791254660 4, 0, 20.62
1791254661 4, 0, 20.62
1791254662 4, 0, 20.33
1791254663 4, 0, 19.76
1791254664 4, 0, 19.83
1791254666 672, 0, 38.61
1791254667 672, 0, 72.88
1791254668 672, 0, 73.69
1791254669 672, 0, 73.95
1791254670 740, 0, 73.51
1791254671 16200, 0, 74.36
1791254672 16200, 36, 73.58
1791254673 16208, 32, 84.11
1791254675 16216, 31, 86.65
1791254676 16222, 28, 85.09
1791254677 16232, 29, 85.89
1791254678 16240, 30, 85.30
1791254679 16248, 28, 84.75
1791254680 16256, 31, 85.87
1791254681 16266, 29, 85.23
1791254683 16274, 31, 84.35
1791254684 17022, 30, 84.90
1791254685 18250, 30, 84.62
1791254686 18874, 0, 78.90
1791254687 18874, 0, 71.47
1791254688 16812, 0, 71.35
1791254689 16812, 0, 72.06
1791254690 16812, 0, 71.21
1791254692 16828, 0, 71.73
1791254693 16938, 5, 75.14
1791254694 17158, 2, 72.46
1791254695 17378, 2, 71.23
1791254697 17578, 5, 71.13
1791254698 17778, 4, 71.47
1791254699 17998, 5, 70.94
1791254700 19244, 0, 73.05
1791254701 19244, 0, 71.13
1791254702 19244, 15, 83.44
1791254703 19244, 11, 77.67
1791254705 20984, 8, 72.23
1791254706 20984, 13, 74.49
1791254707 20984, 3, 71.84
1791254708 20984, 16, 71.32
1791254709 20984, 30, 71.36
1791254710 20984, 2, 71.90
1791254711 20984, 0, 72.68
1791254712 20984, 10, 71.75
1791254714 20984, 1, 71.97
1791254715 20984, 15, 71.85
1791254716 20984, 22, 71.42
1791254717 20984, 24, 71.96
1791254718 20984, 0, 71.35
1791254719 20984, 0, 71.66
1791254720 20984, 1, 71.66
1791254722 20984, 19, 71.75
1791254723 20984, 22, 71.97
1791254724 20984, 10, 71.59
1791254725 20984, 19, 71.84
1791254726 20984, 17, 72.24
1791254727 20984, 1, 70.71
1791254728 20984, 0, 70.83
1791254729 20984, 68, 70.63
1791254731 20984, 0, 70.40
1791254732 20984, 0, 71.76
1791254733 20984, 0, 71.88
1791254734 20984, 0, 71.49
1791254735 20984, 24, 70.59
1791254736 20984, 34, 70.65
1791254737 20984, 4, 70.43
1791254739 20984, 0, 70.88
1791254740 20984, 7, 71.07
1791254741 20984, 16, 70.16
1791254742 20984, 53, 70.59
1791254743 20984, 21, 69.93
1791254744 20984, 0, 70.96
1791254745 20984, 34, 70.80
1791254747 20984, 10, 70.54
1791254748 20984, 0, 70.49
1791254749 20984, 0, 71.26
1791254750 20984, 14, 70.73
1791254751 20984, 40, 70.86
1791254752 20984, 48, 70.61
1791254753 20984, 15, 70.92
1791254754 20984, 3, 70.45
1791254756 20984, 12, 70.46
1791254757 20984, 0, 70.73
1791254758 20984, 0, 70.26
1791254759 20984, 0, 69.92
1791254760 20984, 0, 71.05
1791254761 20984, 0, 70.22
1791254762 20986, 0, 70.17
1791254764 20986, 0, 88.99
1791254765 20986, 0, 86.72
1791254766 20988, 0, 70.95
1791254767 20988, 0, 93.54
1791254768 20990, 0, 85.10
1791254769 20990, 70, 167.48
1791254770 20990, 45, 320.62
1791254771 20990, 0, 114.42
1791254773 20990, 72, 247.67
1791254774 20990, 71, 349.10
1791254775 20990, 73, 345.34
1791254776 20990, 73, 348.74
1791254777 20990, 72, 348.55
1791254778 19266, 0, 246.80
1791254779 20370, 49, 151.38
1791254781 20372, 47, 246.39
1791254782 20372, 0, 115.80
1791254783 20380, 0, 92.08
1791254784 20380, 14, 87.60
1791254785 20380, 0, 71.80
1791254786 20380, 0, 71.11
1791254787 20380, 0, 93.30
1791254788 20866, 20, 82.79
1791254790 21884, 78, 249.29
1791254791 22846, 79, 314.79
1791254792 23416, 0, 255.13
1791254793 23416, 0, 100.21
1791254794 23478, 71, 301.90
1791254795 23478, 77, 324.90
1791254796 23478, 74, 328.74
1791254797 23478, 0, 121.24
1791254799 23478, 78, 280.05
1791254800 23478, 74, 335.25
1791254801 23478, 75, 330.45
1791254802 23478, 76, 339.44
1791254803 23478, 76, 341.14
1791254804 23478, 70, 330.56
1791254805 23734, 76, 322.51
1791254807 23734, 75, 343.25
1791254808 24356, 72, 334.86
1791254809 24660, 0, 190.32
1791254810 24660, 0, 100.48
1791254811 24662, 74, 211.44
1791254812 24722, 76, 344.49
1791254813 24722, 73, 335.56
1791254814 24722, 0, 226.40
1791254816 24722, 0, 100.55
1791254817 24722, 76, 147.58
1791254818 24722, 73, 343.60
1791254819 24722, 69, 332.03
1791254820 24722, 75, 324.86
1791254821 24722, 73, 349.88
1791254822 24722, 72, 337.25
1791254824 24722, 76, 336.34
1791254825 24722, 76, 342.54
1791254826 24722, 73, 339.64
1791254827 24722, 71, 339.82
1791254828 24722, 76, 350.90
1791254829 24722, 71, 351.53
1791254830 24722, 77, 340.60
1791254831 24722, 78, 348.00
1791254833 24722, 74, 351.35
1791254834 24722, 72, 341.65
1791254835 24722, 76, 349.16
1791254836 24722, 70, 353.06
1791254837 24722, 76, 341.79
1791254838 24722, 54, 334.67
1791254839 24722, 77, 355.94
1791254840 24722, 76, 341.86
1791254842 24722, 74, 339.54
1791254843 24722, 68, 361.66
1791254844 24722, 77, 343.49
1791254845 24722, 75, 343.89
1791254846 24722, 71, 362.83
1791254847 24722, 72, 346.05
1791254848 24722, 76, 344.90
1791254849 24722, 78, 361.12
1791254851 24722, 71, 350.19
1791254852 24722, 74, 344.46
1791254853 24722, 78, 359.27
1791254854 24722, 74, 350.92
1791254855 24722, 71, 346.50
1791254856 24722, 74, 348.27
1791254857 24722, 77, 352.96
1791254858 24722, 74, 343.63
1791254860 24722, 77, 349.43
1791254861 24722, 72, 360.98
1791254862 24722, 75, 345.94
1791254863 24722, 76, 348.48
1791254864 24722, 77, 364.53
1791254865 24722, 76, 346.66
1791254866 24722, 75, 344.97
1791254867 24722, 73, 359.84
1791254869 24722, 71, 347.68
1791254870 24722, 77, 346.50
1791254871 24722, 77, 365.48
1791254872 24722, 70, 348.77
1791254873 24722, 74, 351.01
1791254874 24722, 74, 358.35
1791254875 24722, 75, 350.98
1791254876 24722, 76, 347.89
1791254878 24722, 76, 358.27
1791254879 24722, 75, 357.30
1791254880 24722, 72, 347.42
1791254881 24722, 76, 348.78
1791254882 24722, 71, 355.57
1791254883 24722, 73, 346.67
1791254884 24722, 77, 355.79
1791254886 24722, 71, 361.53
1791254887 24722, 77, 350.58
1791254888 24722, 77, 357.73
1791254889 24722, 75, 363.06
1791254890 24722, 72, 350.26
1791254891 24722, 69, 351.84
1791254892 24722, 72, 361.69
1791254894 24722, 74, 353.45
1791254895 24722, 70, 348.05
1791254896 24722, 77, 364.42
1791254897 24722, 77, 355.48
1791254898 24722, 68, 348.98
1791254899 24722, 76, 365.55
1791254900 24722, 73, 348.06
1791254901 24722, 71, 348.81
1791254903 24722, 69, 368.22
1791254904 24722, 72, 350.37
1791254905 24722, 71, 349.11
1791254906 24722, 80, 365.94
1791254907 24722, 72, 356.95
1791254908 24722, 77, 351.79
1791254909 24722, 77, 351.44
1791254910 24722, 74, 355.04
1791254912 24722, 71, 350.13
1791254913 24722, 74, 357.48
1791254914 24722, 73, 360.01
1791254915 24722, 76, 350.29
1791254916 24722, 74, 351.67
1791254917 24722, 76, 363.10
1791254918 24722, 70, 352.91
1791254920 24722, 74, 353.27
1791254921 24722, 73, 367.35
1791254922 24722, 76, 351.36
1791254923 24722, 62, 344.34
1791254924 24722, 77, 370.36
1791254925 24722, 71, 349.58
1791254926 24722, 70, 352.61
1791254927 24722, 70, 368.04
1791254928 24722, 76, 352.53
1791254930 24722, 76, 350.39
1791254931 24722, 75, 371.89
1791254932 24722, 75, 356.12
1791254933 24722, 77, 352.37
1791254934 24722, 77, 357.84
1791254935 24722, 73, 354.61
1791254936 24722, 71, 355.97
1791254938 24722, 78, 352.56
1791254939 24722, 76, 367.59
1791254940 24722, 70, 349.90
1791254941 24722, 69, 352.83
1791254942 24722, 76, 362.69
1791254943 24722, 76, 349.50
1791254944 24722, 76, 353.05
1791254945 24722, 76, 369.50
1791254947 24722, 75, 349.95
1791254948 24722, 76, 350.64
1791254949 24722, 73, 359.01
1791254950 24722, 71, 349.61
1791254951 24722, 63, 351.54
1791254952 24722, 77, 354.92
1791254953 24722, 74, 356.60
1791254954 24722, 71, 354.40
1791254956 24722, 77, 361.49
1791254957 24722, 77, 354.95
1791254958 24722, 76, 351.97
1791254959 24722, 79, 362.30
1791254960 24722, 73, 366.27
1791254961 24722, 72, 352.27
1791254963 24722, 74, 366.44
1791254964 24722, 72, 365.98
1791254965 24722, 76, 356.32
1791254966 24722, 76, 356.35
1791254967 24722, 75, 363.86
1791254968 24722, 75, 351.70
1791254969 24722, 76, 359.24
1791254970 24722, 71, 366.28
1791254972 24722, 75, 353.02
1791254973 24722, 77, 358.58
1791254974 24722, 76, 367.42
1791254975 24722, 75, 350.96
1791254976 24722, 71, 354.42
1791254977 24722, 72, 364.77
1791254978 24722, 72, 353.68
1791254980 24722, 77, 354.22
1791254981 24722, 75, 368.10
1791254982 24722, 71, 350.45
1791254983 24722, 73, 350.15
1791254984 24722, 70, 366.18
1791254985 24722, 74, 348.84
1791254986 24722, 77, 351.77
1791254988 24722, 80, 363.33
1791254989 24722, 76, 359.79
1791254990 24722, 78, 351.85
1791254991 24722, 78, 365.94
1791254992 24722, 75, 363.89
1791254993 24722, 77, 352.37
1791254994 24722, 77, 350.83
1791254995 24722, 69, 361.90
1791254997 24722, 71, 350.42
1791254998 24722, 74, 354.15
1791254999 24722, 76, 363.61
1791255000 24722, 77, 352.26
1791255001 24722, 76, 353.34
1791255002 24722, 71, 374.51
1791255003 24722, 76, 356.10
1791255004 24722, 76, 354.00
1791255006 24722, 76, 374.96
1791255007 24722, 72, 356.84
1791255008 24722, 53, 347.70
1791255009 24722, 75, 369.99
1791255010 24722, 76, 351.36
1791255011 24722, 70, 351.13
1791255012 24722, 65, 373.20
1791255014 24722, 70, 354.68
1791255015 24722, 76, 351.32
1791255016 24722, 76, 371.66
1791255017 24722, 73, 360.83
1791255018 24722, 77, 353.31
1791255019 24722, 76, 359.37
1791255020 24722, 76, 356.84
1791255021 24722, 72, 354.26
1791255023 24722, 74, 352.48
1791255024 24722, 73, 365.45
1791255025 24722, 71, 353.02
1791255026 24722, 77, 357.74
1791255027 24722, 72, 370.38
1791255028 24722, 71, 354.71
1791255029 24722, 75, 360.80
1791255031 24722, 75, 372.19
1791255032 24722, 76, 356.20
1791255033 24722, 77, 357.31
1791255034 24722, 72, 370.06
1791255035 24722, 69, 355.82
1791255036 24722, 76, 350.67
1791255037 24722, 76, 372.98
1791255038 24722, 74, 351.60
1791255040 24722, 71, 351.45
1791255041 24722, 73, 359.39
1791255042 24722, 73, 345.44
1791255043 24722, 77, 355.71
1791255044 24722, 77, 363.13
1791255045 24722, 68, 356.12
1791255046 24722, 75, 355.15
1791255048 24722, 77, 361.25
1791255049 24722, 76, 373.47
1791255050 24722, 72, 352.43
1791255051 24722, 77, 354.98
1791255052 24722, 77, 369.59
1791255053 24722, 75, 349.45
1791255054 24722, 76, 358.05
1791255055 24722, 76, 368.71
1791255057 24722, 77, 355.15
1791255058 24722, 71, 353.21
1791255059 24722, 72, 367.60
1791255060 24722, 72, 353.83
1791255061 24722, 72, 353.36
1791255062 24722, 80, 371.45
1791255063 24722, 76, 354.89
1791255064 24722, 74, 352.23
1791255066 24722, 75, 362.46
1791255067 24722, 76, 364.13
1791255068 24722, 70, 353.73
1791255069 24722, 78, 366.11
1791255070 24722, 76, 362.82
1791255071 24722, 77, 352.18
1791255072 24722, 77, 365.76
1791255074 24722, 72, 363.01
1791255075 24722, 69, 353.00
1791255076 24722, 78, 366.27
1791255077 24722, 72, 366.55
1791255078 24722, 77, 355.34
1791255079 24722, 72, 354.17
1791255080 24722, 69, 379.85
1791255082 24722, 70, 377.57
1791255083 24722, 76, 385.85
1791255084 24722, 66, 376.03
1791255085 24722, 67, 364.29
1791255086 24722, 72, 376.21
1791255087 24722, 3, 104.10
1791255088 24722, 0, 89.28
1791255090 24722, 0, 80.77
1791255091 24722, 6, 80.60
1791255092 24722, 47, 80.50
1791255093 24722, 6, 80.12
1791255094 24722, 9, 79.74
1791255095 24722, 34, 79.21
1791255096 24722, 0, 79.17
1791255098 24722, 0, 78.55
1791255099 24722, 5, 78.74
1791255100 24722, 26, 78.36
1791255101 24722, 18, 78.09
1791255102 24722, 0, 78.52
1791255103 24722, 31, 77.82
1791255104 24722, 33, 77.67
1791255105 24722, 0, 77.91
1791255107 24722, 0, 77.60
1791255108 24722, 10, 77.20
1791255109 24722, 32, 77.30
1791255110 24722, 0, 76.02
1791255111 24722, 34, 75.86
1791255112 24722, 21, 75.67
1791255113 24722, 1, 76.18
1791255115 24722, 0, 74.75
1791255116 24722, 0, 75.08
1791255117 24722, 0, 74.46
