1791174467 915, 7001, 45, 0x0000000000000000 | 2.13 6.14 8.19 | cpu  355455283 194333604 89914262 11311232980 457987 0 2095076 0 0 0
1791174468 577, 7001, 45, 0x0000000000000000 | 12.29 8.18 8.84 | cpu  355456919 194333604 89914374 11311259905 457987 0 2095076 0 0 0
1791174470 270, 810, 45, 0x0000000000000000 | 12.29 8.18 8.84 | cpu  355457908 194333604 89914444 11311287721 457987 0 2095077 0 0 0
1791174471 210, 810, 45, 0x0000000000000000 | 12.29 8.18 8.84 | cpu  355459215 194333604 89914536 11311315661 457987 0 2095078 0 0 0
1791174472 180, 405, 44, 0x0000000000000000 | 12.29 8.18 8.84 | cpu  355459376 194333604 89914571 11311345012 457987 0 2095078 0 0 0
1791174473 180, 405, 44, 0x0000000000000000 | 12.29 8.18 8.84 | cpu  355459403 194333604 89914592 11311373773 457987 0 2095078 0 0 0
1791174474 180, 405, 44, 0x0000000000000000 | 11.39 8.06 8.80 | cpu  355459928 194333604 89914631 11311402060 457988 0 2095078 0 0 0
1791174475 2460, 13801, 45, 0x0000000000000000 | 11.39 8.06 8.80 | cpu  355460084 194333604 89914690 11311431180 457988 0 2095078 0 0 0
1791174476 2527, 13801, 46, 0x0000000000000000 | 11.39 8.06 8.80 | cpu  355461236 194333604 89914845 11311459387 457988 0 2095085 0 0 0
1791174478 2527, 13801, 45, 0x0000000000000000 | 11.39 8.06 8.80 | cpu  355461810 194333604 89914953 11311487740 457988 0 2095085 0 0 0
1791174479 2520, 13801, 46, 0x0000000000000000 | 10.71 7.98 8.77 | cpu  355462866 194333604 89915076 11311515437 457988 0 2095088 0 0 0
1791174480 2460, 13801, 45, 0x0000000000000000 | 10.71 7.98 8.77 | cpu  355464398 194333604 89915259 11311543720 457988 0 2095089 0 0 0
1791174481 2707, 13801, 45, 0x0000000000000000 | 10.71 7.98 8.77 | cpu  355465938 194333604 89915395 11311570863 457988 0 2095093 0 0 0
1791174482 2707, 13801, 46, 0x0000000000000000 | 10.71 7.98 8.77 | cpu  355467741 194333604 89915649 11311597784 457989 0 2095099 0 0 0
1791174483 2460, 13801, 45, 0x0000000000000000 | 10.10 7.89 8.74 | cpu  355469428 194333604 89915848 11311624852 457989 0 2095100 0 0 0
1791174484 2460, 13801, 45, 0x0000000000000000 | 10.10 7.89 8.74 | cpu  355470987 194333604 89915934 11311651576 457989 0 2095100 0 0 0
1791174486 2527, 13801, 45, 0x0000000000000000 | 10.10 7.89 8.74 | cpu  355473812 194333604 89916076 11311676871 457989 0 2095100 0 0 0
1791174487 2460, 13801, 45, 0x0000000000000000 | 10.10 7.89 8.74 | cpu  355475900 194333604 89916342 11311703020 457989 0 2095100 0 0 0
1791174488 2527, 13801, 45, 0x0000000000000000 | 10.10 7.89 8.74 | cpu  355478452 194333604 89916456 11311728908 457989 0 2095100 0 0 0
1791174489 2505, 13801, 45, 0x0000000000000000 | 9.61 7.83 8.71 | cpu  355481586 194333604 89916610 11311756894 457989 0 2095101 0 0 0
1791174490 2535, 13801, 45, 0x0000000000000000 | 9.61 7.83 8.71 | cpu  355483845 194333604 89916778 11311784079 457989 0 2095101 0 0 0
1791174491 2460, 13801, 45, 0x0000000000000000 | 9.61 7.83 8.71 | cpu  355485792 194333604 89916962 11311810699 457989 0 2095101 0 0 0
1791174492 2460, 13801, 44, 0x0000000000000000 | 9.61 7.83 8.71 | cpu  355488313 194333604 89917127 11311837639 457989 0 2095101 0 0 0
1791174494 2527, 13801, 44, 0x0000000000000000 | 19.25 9.86 9.36 | cpu  355490968 194333604 89917216 11311863836 457989 0 2095102 0 0 0
1791174495 2527, 13801, 45, 0x0000000000000000 | 19.25 9.86 9.36 | cpu  355491938 194333604 89917275 11311891696 457989 0 2095102 0 0 0
1791174496 2467, 13801, 44, 0x0000000000000000 | 19.25 9.86 9.36 | cpu  355493174 194333604 89917563 11311920740 457990 0 2095111 0 0 0
1791174497 2460, 13801, 44, 0x0000000000000000 | 19.25 9.86 9.36 | cpu  355493740 194333604 89917768 11311948747 457990 0 2095111 0 0 0
1791174498 2460, 13801, 44, 0x0000000000000000 | 19.25 9.86 9.36 | cpu  355495468 194333604 89918102 11311975501 457995 0 2095112 0 0 0
1791174499 2460, 13801, 44, 0x0000000000000000 | 17.95 9.74 9.33 | cpu  355496380 194333604 89918306 11312002756 457995 0 2095112 0 0 0
1791174500 2482, 13801, 44, 0x0000000000000000 | 17.95 9.74 9.33 | cpu  355497164 194333604 89918963 11312029813 457995 0 2095114 0 0 0
1791174501 2482, 13801, 44, 0x0000000000000000 | 17.95 9.74 9.33 | cpu  355498181 194333605 89919075 11312057078 457995 0 2095115 0 0 0
1791174503 2490, 13801, 44, 0x0000000000000000 | 17.95 9.74 9.33 | cpu  355500200 194333605 89919180 11312083619 457995 0 2095115 0 0 0
1791174504 2482, 13801, 44, 0x0000000000000000 | 16.59 9.60 9.28 | cpu  355500928 194333605 89919256 11312111631 457995 0 2095116 0 0 0
1791174505 2482, 13801, 44, 0x0000000000000000 | 16.59 9.60 9.28 | cpu  355502160 194333605 89919356 11312138662 457995 0 2095116 0 0 0
1791174506 2632, 13801, 44, 0x0000000000000000 | 16.59 9.60 9.28 | cpu  355502940 194333605 89919396 11312166172 457995 0 2095116 0 0 0
1791174507 2632, 13801, 44, 0x0000000000000000 | 16.59 9.60 9.28 | cpu  355503867 194333605 89919460 11312194006 457995 0 2095116 0 0 0
1791174508 2460, 13801, 43, 0x0000000000000000 | 15.58 9.51 9.25 | cpu  355504386 194333605 89919485 11312221916 457995 0 2095116 0 0 0
1791174509 2460, 13801, 43, 0x0000000000000000 | 15.58 9.51 9.25 | cpu  355505598 194333605 89919546 11312249068 457996 0 2095118 0 0 0
1791174510 2460, 13801, 43, 0x0000000000000000 | 15.58 9.51 9.25 | cpu  355505693 194333605 89919584 11312277403 457996 0 2095118 0 0 0
1791174511 2460, 13801, 43, 0x0000000000000000 | 15.58 9.51 9.25 | cpu  355505752 194333605 89919660 11312305628 457996 0 2095118 0 0 0
1791174513 2460, 13801, 43, 0x0000000000000000 | 15.58 9.51 9.25 | cpu  355505804 194333605 89919726 11312333848 457996 0 2095118 0 0 0
1791174514 2460, 13801, 43, 0x0000000000000000 | 14.41 9.36 9.21 | cpu  355505856 194333605 89919794 11312362167 457996 0 2095118 0 0 0
1791174515 2460, 13801, 43, 0x0000000000000000 | 14.41 9.36 9.21 | cpu  355505920 194333605 89919866 11312390541 457996 0 2095118 0 0 0
1791174516 2460, 13801, 43, 0x0000000000000000 | 14.41 9.36 9.21 | cpu  355505968 194333605 89919937 11312418831 457996 0 2095118 0 0 0
1791174517 2460, 13801, 43, 0x0000000000000000 | 14.41 9.36 9.21 | cpu  355506058 194333605 89920001 11312447052 457996 0 2095119 0 0 0
1791174518 2460, 13801, 43, 0x0000000000000000 | 14.41 9.36 9.21 | cpu  355506128 194333605 89920076 11312475386 457996 0 2095119 0 0 0
1791174519 2460, 13801, 43, 0x0000000000000000 | 13.42 9.24 9.17 | cpu  355506179 194333605 89920156 11312503543 457996 0 2095119 0 0 0
1791174520 2460, 13801, 43, 0x0000000000000000 | 13.42 9.24 9.17 | cpu  355506231 194333605 89920224 11312531804 457996 0 2095119 0 0 0
1791174521 2460, 13801, 43, 0x0000000000000000 | 13.42 9.24 9.17 | cpu  355506290 194333605 89920298 11312560169 457996 0 2095119 0 0 0
1791174523 2460, 13801, 42, 0x0000000000000000 | 13.42 9.24 9.17 | cpu  355506340 194333605 89920368 11312588454 457996 0 2095119 0 0 0
1791174524 2460, 13801, 42, 0x0000000000000000 | 12.43 9.10 9.13 | cpu  355506394 194333605 89920434 11312616902 457996 0 2095119 0 0 0
1791174525 2460, 13801, 42, 0x0000000000000000 | 12.43 9.10 9.13 | cpu  355506453 194333605 89920507 11312645148 457997 0 2095119 0 0 0
1791174526 2460, 13801, 42, 0x0000000000000000 | 12.43 9.10 9.13 | cpu  355506509 194333605 89920582 11312674337 457997 0 2095119 0 0 0
1791174527 2460, 13801, 42, 0x0000000000000000 | 12.43 9.10 9.13 | cpu  355506569 194333605 89920648 11312702645 457997 0 2095119 0 0 0
1791174528 2460, 13801, 42, 0x0000000000000000 | 11.59 8.99 9.09 | cpu  355506623 194333605 89920716 11312730927 457997 0 2095119 0 0 0
1791174529 2460, 13801, 42, 0x0000000000000000 | 11.59 8.99 9.09 | cpu  355506682 194333605 89920778 11312759281 457997 0 2095119 0 0 0
1791174530 2460, 13801, 42, 0x0000000000000000 | 11.59 8.99 9.09 | cpu  355506732 194333606 89920851 11312787596 457997 0 2095119 0 0 0
1791174532 2460, 13801, 42, 0x0000000000000000 | 11.59 8.99 9.09 | cpu  355506798 194333606 89920944 11312816294 457997 0 2095119 0 0 0
1791174533 2460, 13801, 42, 0x0000000000000000 | 11.59 8.99 9.09 | cpu  355506865 194333606 89921069 11312844539 457998 0 2095120 0 0 0
1791174534 2460, 13801, 42, 0x0000000000000000 | 10.98 8.90 9.06 | cpu  355507933 194333606 89921176 11312871795 457998 0 2095120 0 0 0
1791174535 2460, 13801, 42, 0x0000000000000000 | 10.98 8.90 9.06 | cpu  355508806 194333606 89921262 11312900174 457998 0 2095120 0 0 0
1791174536 2460, 13801, 42, 0x0000000000000000 | 10.98 8.90 9.06 | cpu  355510436 194333606 89921433 11312927359 457998 0 2095121 0 0 0
1791174537 2460, 13801, 42, 0x0000000000000000 | 10.98 8.90 9.06 | cpu  355511608 194333606 89921506 11312954452 457998 0 2095121 0 0 0
1791174538 2460, 13801, 42, 0x0000000000000000 | 10.42 8.82 9.03 | cpu  355512596 194333606 89921603 11312981717 457998 0 2095121 0 0 0
1791174539 2460, 13801, 42, 0x0000000000000000 | 10.42 8.82 9.03 | cpu  355514194 194333606 89921731 11313009462 457998 0 2095121 0 0 0
1791174541 2460, 13801, 42, 0x0000000000000000 | 10.42 8.82 9.03 | cpu  355515883 194333606 89921862 11313036559 457998 0 2095122 0 0 0
1791174542 2460, 13801, 42, 0x0000000000000000 | 10.42 8.82 9.03 | cpu  355517849 194333606 89922045 11313063808 457999 0 2095122 0 0 0
1791174543 2460, 13801, 42, 0x0000000000000000 | 10.42 8.82 9.03 | cpu  355519729 194333606 89922229 11313090061 457999 0 2095124 0 0 0
1791174544 2460, 13801, 41, 0x0000000000000000 | 9.91 8.74 9.01 | cpu  355521625 194333606 89922364 11313116311 457999 0 2095125 0 0 0
1791174545 2460, 13801, 41, 0x0000000000000000 | 9.91 8.74 9.01 | cpu  355523896 194333606 89922618 11313143547 457999 0 2095126 0 0 0
1791174546 2460, 13801, 41, 0x0000000000000000 | 9.91 8.74 9.01 | cpu  355525808 194333606 89922888 11313170482 457999 0 2095127 0 0 0
1791174547 2460, 13801, 41, 0x0000000000000000 | 9.91 8.74 9.01 | cpu  355526789 194333606 89923004 11313198325 457999 0 2095127 0 0 0
1791174548 2460, 13801, 41, 0x0000000000000000 | 9.52 8.68 8.98 | cpu  355527735 194333606 89923096 11313226419 457999 0 2095129 0 0 0
1791174550 2460, 13801, 41, 0x0000000000000000 | 9.52 8.68 8.98 | cpu  355528958 194333606 89923402 11313253310 457999 0 2095131 0 0 0
1791174551 2460, 13801, 41, 0x0000000000000000 | 9.52 8.68 8.98 | cpu  355529716 194333606 89923553 11313280792 457999 0 2095131 0 0 0
1791174552 2460, 13801, 41, 0x0000000000000000 | 9.52 8.68 8.98 | cpu  355530963 194333606 89923846 11313307657 457999 0 2095132 0 0 0
1791174553 2460, 13801, 41, 0x0000000000000000 | 9.52 8.68 8.98 | cpu  355532026 194333606 89924548 11313334382 458000 0 2095132 0 0 0
1791174554 2460, 13801, 41, 0x0000000000000000 | 9.07 8.60 8.96 | cpu  355533250 194333606 89924845 11313361113 458000 0 2095134 0 0 0
1791174555 2460, 13801, 41, 0x0000000000000000 | 9.07 8.60 8.96 | cpu  355534221 194333606 89924951 11313388504 458000 0 2095135 0 0 0
1791174556 2460, 13801, 41, 0x0000000000000000 | 9.07 8.60 8.96 | cpu  355534936 194333606 89925047 11313416123 458000 0 2095135 0 0 0
1791174557 2460, 13801, 41, 0x0000000000000000 | 9.07 8.60 8.96 | cpu  355535766 194333606 89925161 11313443672 458000 0 2095135 0 0 0
1791174558 2460, 13801, 41, 0x0000000000000000 | 8.51 8.49 8.92 | cpu  355537001 194333606 89925251 11313470937 458005 0 2095135 0 0 0
1791174560 2460, 13801, 41, 0x0000000000000000 | 8.51 8.49 8.92 | cpu  355537081 194333606 89925320 11313499235 458005 0 2095135 0 0 0
1791174561 2460, 13801, 41, 0x0000000000000000 | 8.51 8.49 8.92 | cpu  355537133 194333606 89925399 11313527571 458005 0 2095135 0 0 0
1791174562 2460, 13801, 41, 0x0000000000000000 | 8.51 8.49 8.92 | cpu  355537203 194333606 89925565 11313556799 458005 0 2095135 0 0 0
1791174563 2460, 13801, 41, 0x0000000000000000 | 8.51 8.49 8.92 | cpu  355537269 194333606 89925619 11313585242 458005 0 2095135 0 0 0
1791174564 2460, 13801, 41, 0x0000000000000000 | 7.90 8.37 8.88 | cpu  355537326 194333606 89925682 11313613798 458005 0 2095135 0 0 0
1791174565 2460, 13801, 41, 0x0000000000000000 | 7.90 8.37 8.88 | cpu  355538304 194333606 89925766 11313642248 458006 0 2095136 0 0 0
1791174566 2460, 13801, 41, 0x0000000000000000 | 7.90 8.37 8.88 | cpu  355539116 194333606 89925817 11313669799 458006 0 2095136 0 0 0
1791174567 2460, 13801, 41, 0x0000000000000000 | 7.90 8.37 8.88 | cpu  355540073 194333606 89925870 11313697413 458006 0 2095136 0 0 0
1791174569 2460, 13801, 41, 0x0000000000000000 | 7.35 8.24 8.83 | cpu  355541007 194333606 89925910 11313724952 458006 0 2095136 0 0 0
1791174570 2460, 13801, 40, 0x0000000000000000 | 7.35 8.24 8.83 | cpu  355542263 194333606 89925973 11313752157 458006 0 2095136 0 0 0
1791174571 2617, 13801, 41, 0x0000000000000000 | 7.35 8.24 8.83 | cpu  355543226 194333606 89926016 11313780117 458006 0 2095136 0 0 0
1791174572 2490, 13801, 41, 0x0000000000000000 | 7.35 8.24 8.83 | cpu  355544290 194333606 89926082 11313807495 458006 0 2095136 0 0 0
1791174573 2460, 13801, 40, 0x0000000000000000 | 7.35 8.24 8.83 | cpu  355544406 194333606 89926096 11313835825 458006 0 2095136 0 0 0
1791174574 2467, 13801, 40, 0x0000000000000000 | 6.84 8.12 8.79 | cpu  355544521 194333606 89926111 11313864110 458006 0 2095137 0 0 0
1791174575 2460, 13801, 40, 0x0000000000000000 | 6.84 8.12 8.79 | cpu  355544629 194333606 89926126 11313892505 458006 0 2095137 0 0 0
1791174576 2880, 13801, 45, 0x0000000000000000 | 6.84 8.12 8.79 | cpu  355544768 194333606 89926139 11313920886 458006 0 2095137 0 0 0
1791174577 2542, 13801, 43, 0x0000000000000000 | 6.84 8.12 8.79 | cpu  355544869 194333606 89926164 11313949252 458006 0 2095137 0 0 0
1791174579 2467, 13801, 41, 0x0000000000000000 | 6.37 8.00 8.75 | cpu  355544974 194333606 89926188 11313977589 458006 0 2095137 0 0 0
1791174580 2460, 13801, 41, 0x0000000000000000 | 6.37 8.00 8.75 | cpu  355545073 194333606 89926215 11314005436 458006 0 2095137 0 0 0
1791174581 2460, 13801, 40, 0x0000000000000000 | 6.37 8.00 8.75 | cpu  355545180 194333607 89926239 11314033682 458007 0 2095138 0 0 0
1791174582 2872, 13801, 46, 0x0000000000000000 | 6.37 8.00 8.75 | cpu  355545291 194333607 89926267 11314062096 458007 0 2095138 0 0 0
1791174583 2880, 13801, 51, 0x0000000000000000 | 6.37 8.00 8.75 | cpu  355545408 194333607 89926288 11314090945 458007 0 2095138 0 0 0
1791174584 2887, 13801, 46, 0x0000000000000000 | 5.94 7.89 8.71 | cpu  355545530 194333607 89926357 11314118690 458007 0 2095139 0 0 0
1791174585 2917, 13801, 43, 0x0000000000000000 | 5.94 7.89 8.71 | cpu  355546034 194333607 89926410 11314146386 458008 0 2095140 0 0 0
1791174586 2460, 13801, 41, 0x0000000000000000 | 5.94 7.89 8.71 | cpu  355547643 194333607 89926484 11314172654 458008 0 2095140 0 0 0
1791174587 2460, 13801, 41, 0x0000000000000000 | 5.94 7.89 8.71 | cpu  355548509 194333607 89926571 11314200576 458008 0 2095140 0 0 0
1791174589 2460, 13801, 41, 0x0000000000000000 | 5.71 7.81 8.68 | cpu  355550293 194333607 89926706 11314226907 458008 0 2095140 0 0 0
1791174590 2460, 13801, 43, 0x0000000000000000 | 5.71 7.81 8.68 | cpu  355551618 194333607 89926760 11314253562 458008 0 2095143 0 0 0
1791174591 2887, 13801, 52, 0x0000000000000000 | 5.71 7.81 8.68 | cpu  355553362 194333607 89926877 11314280167 458008 0 2095156 0 0 0
1791174592 2887, 13801, 46, 0x0000000000000000 | 5.71 7.81 8.68 | cpu  355555449 194333607 89926962 11314305768 458008 0 2095156 0 0 0
1791174593 2880, 13801, 48, 0x0000000000000000 | 5.71 7.81 8.68 | cpu  355557252 194333607 89927083 11314331814 458008 0 2095160 0 0 0
1791174594 2887, 13801, 47, 0x0000000000000000 | 5.97 7.83 8.68 | cpu  355559068 194333607 89927300 11314358634 458008 0 2095162 0 0 0
1791174595 2880, 13801, 48, 0x0000000000000000 | 5.97 7.83 8.68 | cpu  355561009 194333607 89927419 11314385139 458008 0 2095163 0 0 0
1791174596 2895, 13801, 47, 0x0000000000000000 | 5.97 7.83 8.68 | cpu  355562807 194333607 89927504 11314411332 458009 0 2095164 0 0 0
1791174597 2880, 13801, 50, 0x0000000000000000 | 5.97 7.83 8.68 | cpu  355565460 194333607 89927664 11314436032 458009 0 2095164 0 0 0
1791174598 2887, 13801, 48, 0x0000000000000000 | 5.73 7.75 8.65 | cpu  355566747 194333607 89927714 11314462287 458009 0 2095166 0 0 0
1791174600 2880, 13801, 49, 0x0000000000000000 | 5.73 7.75 8.65 | cpu  355568088 194333607 89927764 11314488681 458009 0 2095166 0 0 0
1791174601 2880, 13801, 51, 0x0000000000000000 | 5.73 7.75 8.65 | cpu  355569306 194333607 89927984 11314517281 458009 0 2095170 0 0 0
1791174602 2887, 13801, 49, 0x0000000000000000 | 5.73 7.75 8.65 | cpu  355570583 194333607 89928110 11314543230 458009 0 2095170 0 0 0
1791174603 2872, 13801, 52, 0x0000000000000000 | 5.73 7.75 8.65 | cpu  355571755 194333607 89928319 11314569864 458009 0 2095172 0 0 0
1791174604 2887, 13801, 48, 0x0000000000000000 | 5.51 7.67 8.62 | cpu  355572511 194333607 89928434 11314597280 458009 0 2095172 0 0 0
1791174605 2887, 13801, 50, 0x0000000000000000 | 5.51 7.67 8.62 | cpu  355573799 194333607 89929023 11314624267 458009 0 2095173 0 0 0
1791174606 2880, 13801, 54, 0x0000000000000000 | 5.51 7.67 8.62 | cpu  355574594 194333607 89929116 11314651857 458010 0 2095177 0 0 0
1791174607 2887, 13801, 50, 0x0000000000000000 | 5.51 7.67 8.62 | cpu  355576016 194333607 89929162 11314677905 458010 0 2095178 0 0 0
1791174608 2872, 13801, 55, 0x0000000000000000 | 5.31 7.59 8.59 | cpu  355577106 194333607 89929202 11314704768 458010 0 2095178 0 0 0
1791174610 2865, 13801, 55, 0x0000000000000000 | 5.31 7.59 8.59 | cpu  355578884 194333607 89929369 11314731719 458010 0 2095178 0 0 0
1791174611 2887, 13801, 50, 0x0000000000000000 | 5.31 7.59 8.59 | cpu  355579059 194333607 89929388 11314759609 458010 0 2095178 0 0 0
1791174612 2880, 13801, 52, 0x0000000000000000 | 5.31 7.59 8.59 | cpu  355579174 194333607 89929413 11314787979 458010 0 2095178 0 0 0
1791174613 2865, 13801, 56, 0x0000000000000000 | 5.31 7.59 8.59 | cpu  355579286 194333607 89929430 11314816321 458010 0 2095178 0 0 0
1791174614 2887, 13801, 51, 0x0000000000000000 | 4.97 7.48 8.55 | cpu  355579404 194333607 89929449 11314844739 458010 0 2095178 0 0 0
1791174615 2865, 13801, 56, 0x0000000000000000 | 4.97 7.48 8.55 | cpu  355579520 194333607 89929470 11314873145 458010 0 2095178 0 0 0
1791174616 2887, 13801, 52, 0x0000000000000000 | 4.97 7.48 8.55 | cpu  355579638 194333607 89929490 11314901680 458010 0 2095179 0 0 0
1791174617 2865, 13801, 52, 0x0000000000000000 | 4.97 7.48 8.55 | cpu  355579760 194333607 89929586 11314929422 458010 0 2095180 0 0 0
1791174618 2895, 13801, 50, 0x0000000000000000 | 4.73 7.39 8.51 | cpu  355580334 194333607 89929683 11314957808 458015 0 2095180 0 0 0
1791174620 2865, 13801, 55, 0x0000000000000000 | 4.73 7.39 8.51 | cpu  355581558 194333607 89929754 11314984924 458015 0 2095181 0 0 0
1791174621 2865, 13801, 54, 0x0000000000000000 | 4.73 7.39 8.51 | cpu  355581745 194333607 89929770 11315013312 458015 0 2095181 0 0 0
1791174622 2887, 13801, 51, 0x0000000000000000 | 4.73 7.39 8.51 | cpu  355582954 194333607 89929842 11315040814 458015 0 2095182 0 0 0
1791174623 2872, 13801, 52, 0x0000000000000000 | 4.73 7.39 8.51 | cpu  355583928 194333607 89929954 11315068376 458015 0 2095182 0 0 0
1791174624 2895, 13801, 51, 0x0000000000000000 | 4.59 7.31 8.48 | cpu  355585168 194333607 89930030 11315095469 458015 0 2095182 0 0 0
1791174625 2872, 13801, 53, 0x0000000000000000 | 4.59 7.31 8.48 | cpu  355586038 194333607 89930120 11315122869 458015 0 2095182 0 0 0
1791174626 2872, 13801, 53, 0x0000000000000000 | 4.59 7.31 8.48 | cpu  355587076 194333607 89930217 11315149841 458015 0 2095184 0 0 0
1791174627 2865, 13801, 58, 0x0000000000000000 | 4.59 7.31 8.48 | cpu  355587216 194333607 89930249 11315178294 458015 0 2095184 0 0 0
1791174629 2872, 13801, 54, 0x0000000000000000 | 4.30 7.21 8.44 | cpu  355587335 194333607 89930271 11315207583 458016 0 2095184 0 0 0
1791174630 2872, 13801, 54, 0x0000000000000000 | 4.30 7.21 8.44 | cpu  355587461 194333607 89930297 11315235941 458016 0 2095184 0 0 0
1791174631 2872, 13801, 56, 0x0000000000000000 | 4.30 7.21 8.44 | cpu  355587616 194333607 89930315 11315263842 458016 0 2095184 0 0 0
1791174632 2872, 13801, 55, 0x0000000000000000 | 4.30 7.21 8.44 | cpu  355587736 194333607 89930342 11315292838 458016 0 2095184 0 0 0
1791174633 2865, 13801, 56, 0x0000000000000000 | 4.30 7.21 8.44 | cpu  355587849 194333607 89930360 11315321215 458016 0 2095184 0 0 0
1791174634 2880, 13801, 53, 0x0000000000000000 | 4.20 7.14 8.41 | cpu  355587981 194333607 89930428 11315349538 458016 0 2095184 0 0 0
1791174635 2865, 13801, 56, 0x0000000000000000 | 4.20 7.14 8.41 | cpu  355588753 194333607 89930517 11315377693 458016 0 2095184 0 0 0
1791174636 2872, 13801, 53, 0x0000000000000000 | 4.20 7.14 8.41 | cpu  355590284 194333607 89930632 11315404772 458016 0 2095185 0 0 0
1791174637 2872, 13801, 55, 0x0000000000000000 | 4.20 7.14 8.41 | cpu  355591452 194333607 89930680 11315432021 458016 0 2095185 0 0 0
1791174639 2887, 13801, 55, 0x0000000000000000 | 4.10 7.07 8.38 | cpu  355592635 194333607 89930714 11315459659 458016 0 2095186 0 0 0
1791174640 2880, 13801, 53, 0x0000000000000000 | 4.10 7.07 8.38 | cpu  355594289 194333607 89930784 11315486200 458017 0 2095187 0 0 0
1791174641 2872, 13801, 54, 0x0000000000000000 | 4.10 7.07 8.38 | cpu  355595544 194333607 89930887 11315512270 458017 0 2095187 0 0 0
1791174642 2865, 13801, 55, 0x0000000000000000 | 4.10 7.07 8.38 | cpu  355596506 194333607 89930961 11315540185 458017 0 2095188 0 0 0
1791174643 2865, 13801, 58, 0x0000000000000000 | 4.10 7.07 8.38 | cpu  355597594 194333607 89931005 11315567459 458017 0 2095190 0 0 0
1791174644 2865, 13801, 56, 0x0000000000000000 | 4.01 7.00 8.35 | cpu  355598434 194333607 89931056 11315595578 458017 0 2095190 0 0 0
1791174645 2865, 13801, 59, 0x0000000000000000 | 4.01 7.00 8.35 | cpu  355599922 194333607 89931167 11315623020 458017 0 2095190 0 0 0
1791174646 2865, 13801, 58, 0x0000000000000000 | 4.01 7.00 8.35 | cpu  355602111 194333607 89931292 11315649317 458017 0 2095190 0 0 0
1791174647 2865, 13801, 56, 0x0000000000000000 | 4.01 7.00 8.35 | cpu  355604338 194333607 89931405 11315676155 458017 0 2095190 0 0 0
1791174649 2865, 13801, 57, 0x0000000000000000 | 4.01 6.95 8.33 | cpu  355606315 194333607 89931528 11315702491 458017 0 2095190 0 0 0
1791174650 2865, 13801, 59, 0x0000000000000000 | 4.01 6.95 8.33 | cpu  355608376 194333607 89931671 11315728103 458018 0 2095191 0 0 0
1791174651 2865, 13801, 57, 0x0000000000000000 | 4.01 6.95 8.33 | cpu  355611295 194333607 89931957 11315756777 458018 0 2095191 0 0 0
1791174652 2865, 13801, 56, 0x0000000000000000 | 4.01 6.95 8.33 | cpu  355612660 194333607 89932098 11315782883 458018 0 2095191 0 0 0
1791174653 2865, 13801, 61, 0x0000000000000000 | 4.01 6.95 8.33 | cpu  355613676 194333607 89932254 11315809911 458018 0 2095192 0 0 0
1791174654 2865, 13801, 58, 0x0000000000000000 | 4.01 6.90 8.31 | cpu  355615129 194333607 89932405 11315835962 458018 0 2095192 0 0 0
1791174655 2842, 13801, 64, 0x0000000000000000 | 4.01 6.90 8.31 | cpu  355616308 194333607 89932951 11315862807 458018 0 2095195 0 0 0
1791174656 2865, 13801, 59, 0x0000000000000000 | 4.01 6.90 8.31 | cpu  355616979 194333608 89933084 11315890762 458018 0 2095196 0 0 0
1791174658 2865, 13801, 60, 0x0000000000000000 | 4.01 6.90 8.31 | cpu  355618769 194333608 89933152 11315916415 458019 0 2095196 0 0 0
1791174659 2872, 13801, 57, 0x0000000000000000 | 3.85 6.82 8.27 | cpu  355620027 194333608 89933220 11315943071 458019 0 2095196 0 0 0
1791174660 2880, 13801, 56, 0x0000000000000000 | 3.85 6.82 8.27 | cpu  355621192 194333608 89933289 11315970372 458019 0 2095196 0 0 0
1791174661 2872, 13801, 61, 0x0000000000000000 | 3.85 6.82 8.27 | cpu  355621321 194333608 89933314 11315998294 458019 0 2095202 0 0 0
1791174662 2865, 13801, 60, 0x0000000000000000 | 3.85 6.82 8.27 | cpu  355621999 194333608 89933350 11316025983 458019 0 2095203 0 0 0
1791174663 2872, 13801, 58, 0x0000000000000000 | 3.85 6.82 8.27 | cpu  355623098 194333608 89933421 11316053822 458019 0 2095206 0 0 0
1791174664 2865, 13801, 62, 0x0000000000000000 | 3.78 6.76 8.24 | cpu  355624223 194333608 89933480 11316081721 458019 0 2095206 0 0 0
1791174665 2865, 13801, 62, 0x0000000000000000 | 3.78 6.76 8.24 | cpu  355625175 194333608 89933531 11316109470 458019 0 2095206 0 0 0
1791174666 2880, 13801, 56, 0x0000000000000000 | 3.78 6.76 8.24 | cpu  355626250 194333608 89933604 11316136969 458019 0 2095206 0 0 0
1791174668 2865, 13801, 57, 0x0000000000000000 | 3.78 6.76 8.24 | cpu  355626705 194333608 89933648 11316165146 458019 0 2095206 0 0 0
1791174669 2880, 13801, 53, 0x0000000000000000 | 3.64 6.68 8.21 | cpu  355627968 194333608 89933706 11316192510 458019 0 2095208 0 0 0
1791174670 2865, 13801, 61, 0x0000000000000000 | 3.64 6.68 8.21 | cpu  355628535 194333608 89933748 11316220561 458019 0 2095208 0 0 0
1791174671 2872, 13801, 57, 0x0000000000000000 | 3.64 6.68 8.21 | cpu  355628650 194333608 89933770 11316248868 458019 0 2095208 0 0 0
1791174672 2872, 13801, 57, 0x0000000000000000 | 3.64 6.68 8.21 | cpu  355628760 194333608 89933794 11316276791 458020 0 2095208 0 0 0
1791174673 2872, 13801, 56, 0x0000000000000000 | 3.64 6.68 8.21 | cpu  355628878 194333608 89933816 11316305274 458020 0 2095208 0 0 0
1791174674 2865, 13801, 57, 0x0000000000000000 | 3.51 6.60 8.18 | cpu  355629004 194333608 89933847 11316333275 458020 0 2095209 0 0 0
1791174675 2857, 13801, 60, 0x0000000000000000 | 3.51 6.60 8.18 | cpu  355629117 194333608 89933868 11316362241 458020 0 2095209 0 0 0
1791174677 2872, 13801, 57, 0x0000000000000000 | 3.51 6.60 8.18 | cpu  355629228 194333608 89933889 11316390216 458020 0 2095210 0 0 0
1791174678 2872, 13801, 57, 0x0000000000000000 | 3.51 6.60 8.18 | cpu  355629376 194333608 89933912 11316418509 458025 0 2095210 0 0 0
1791174679 2865, 13801, 58, 0x0000000000000000 | 3.31 6.51 8.14 | cpu  355629492 194333608 89933930 11316446912 458025 0 2095210 0 0 0
1791174680 2865, 13801, 57, 0x0000000000000000 | 3.31 6.51 8.14 | cpu  355629608 194333608 89933951 11316475373 458025 0 2095210 0 0 0
1791174681 2872, 13801, 63, 0x0000000000000000 | 3.31 6.51 8.14 | cpu  355629722 194333608 89933981 11316503809 458025 0 2095210 0 0 0
1791174682 2865, 13801, 59, 0x0000000000000000 | 3.31 6.51 8.14 | cpu  355629842 194333608 89934088 11316532611 458025 0 2095211 0 0 0
1791174683 2872, 13801, 57, 0x0000000000000000 | 3.31 6.51 8.14 | cpu  355630389 194333608 89934163 11316560508 458025 0 2095211 0 0 0
1791174684 2865, 13801, 60, 0x0000000000000000 | 3.28 6.45 8.11 | cpu  355631689 194333608 89934232 11316587068 458025 0 2095211 0 0 0
1791174685 2865, 13801, 59, 0x0000000000000000 | 3.28 6.45 8.11 | cpu  355632514 194333608 89934275 11316613786 458025 0 2095212 0 0 0
1791174686 2880, 13801, 56, 0x0000000000000000 | 3.28 6.45 8.11 | cpu  355633490 194333608 89934329 11316640881 458025 0 2095212 0 0 0
1791174688 2872, 13801, 57, 0x0000000000000000 | 3.28 6.45 8.11 | cpu  355634756 194333608 89934390 11316668059 458025 0 2095212 0 0 0
1791174689 2865, 13801, 61, 0x0000000000000000 | 3.26 6.39 8.08 | cpu  355635406 194333608 89934428 11316696022 458025 0 2095213 0 0 0
1791174690 2865, 13801, 62, 0x0000000000000000 | 3.26 6.39 8.08 | cpu  355636690 194333608 89934486 11316723289 458025 0 2095214 0 0 0
1791174691 2872, 13801, 59, 0x0000000000000000 | 3.26 6.39 8.08 | cpu  355637261 194333608 89934527 11316751116 458025 0 2095214 0 0 0
1791174692 2872, 13801, 59, 0x0000000000000000 | 3.26 6.39 8.08 | cpu  355637373 194333608 89934546 11316779065 458026 0 2095214 0 0 0
1791174693 2865, 13801, 60, 0x0000000000000000 | 3.26 6.39 8.08 | cpu  355637489 194333608 89934572 11316807670 458026 0 2095214 0 0 0
1791174694 2857, 13801, 57, 0x0000000000000000 | 3.08 6.30 8.04 | cpu  355637601 194333608 89934590 11316835664 458026 0 2095215 0 0 0
1791174695 2872, 13801, 57, 0x0000000000000000 | 3.08 6.30 8.04 | cpu  355637714 194333608 89934610 11316864007 458026 0 2095215 0 0 0
1791174697 2865, 13801, 60, 0x0000000000000000 | 3.08 6.30 8.04 | cpu  355637828 194333608 89934629 11316892448 458026 0 2095215 0 0 0
1791174698 2865, 13801, 61, 0x0000000000000000 | 3.08 6.30 8.04 | cpu  355637946 194333608 89934654 11316920372 458026 0 2095215 0 0 0
1791174699 2865, 13801, 59, 0x0000000000000000 | 2.99 6.23 8.01 | cpu  355638092 194333608 89934680 11316948364 458026 0 2095216 0 0 0
1791174700 2850, 13801, 64, 0x0000000000000000 | 2.99 6.23 8.01 | cpu  355638216 194333610 89934759 11316977198 458026 0 2095216 0 0 0
1791174701 2857, 13801, 64, 0x0000000000000000 | 2.99 6.23 8.01 | cpu  355638335 194333610 89934806 11317005588 458026 0 2095216 0 0 0
1791174702 2872, 13801, 58, 0x0000000000000000 | 2.99 6.23 8.01 | cpu  355638442 194333610 89934835 11317033968 458026 0 2095216 0 0 0
1791174703 2887, 13801, 55, 0x0000000000000000 | 2.99 6.23 8.01 | cpu  355638556 194333610 89934855 11317061882 458027 0 2095217 0 0 0
1791174704 2865, 13801, 59, 0x0000000000000000 | 2.83 6.14 7.97 | cpu  355638670 194333610 89934872 11317090237 458027 0 2095217 0 0 0
1791174705 2872, 13801, 59, 0x0000000000000000 | 2.83 6.14 7.97 | cpu  355638782 194333610 89934893 11317118672 458027 0 2095217 0 0 0
1791174706 2865, 13801, 59, 0x0000000000000000 | 2.83 6.14 7.97 | cpu  355638894 194333610 89934910 11317146573 458027 0 2095217 0 0 0
1791174708 2872, 13801, 58, 0x0000000000000000 | 2.83 6.14 7.97 | cpu  355639008 194333610 89934932 11317174904 458027 0 2095217 0 0 0
1791174709 2865, 13801, 61, 0x0000000000000000 | 2.76 6.07 7.94 | cpu  355639124 194333610 89934956 11317203328 458027 0 2095217 0 0 0
1791174710 2857, 13801, 60, 0x0000000000000000 | 2.76 6.07 7.94 | cpu  355639235 194333610 89934977 11317231640 458027 0 2095217 0 0 0
1791174711 2865, 13801, 62, 0x0000000000000000 | 2.76 6.07 7.94 | cpu  355639349 194333610 89934996 11317259125 458027 0 2095217 0 0 0
1791174712 2880, 13801, 59, 0x0000000000000000 | 2.76 6.07 7.94 | cpu  355639458 194333610 89935017 11317287483 458027 0 2095217 0 0 0
1791174713 2865, 13801, 65, 0x0000000000000004 | 2.76 6.07 7.94 | cpu  355639569 194333610 89935043 11317316057 458027 0 2095217 0 0 0
1791174714 2865, 13801, 61, 0x0000000000000000 | 2.62 5.99 7.90 | cpu  355639688 194333610 89935062 11317344860 458028 0 2095218 0 0 0
1791174715 2865, 13801, 59, 0x0000000000000000 | 2.62 5.99 7.90 | cpu  355639799 194333610 89935079 11317372813 458028 0 2095218 0 0 0
1791174716 2872, 13801, 58, 0x0000000000000000 | 2.62 5.99 7.90 | cpu  355639914 194333610 89935097 11317401314 458028 0 2095218 0 0 0
1791174718 2872, 13801, 59, 0x0000000000000000 | 2.62 5.99 7.90 | cpu  355640032 194333610 89935122 11317429705 458028 0 2095218 0 0 0
1791174719 2865, 13801, 61, 0x0000000000000000 | 2.49 5.91 7.87 | cpu  355640147 194333610 89935140 11317457184 458028 0 2095218 0 0 0
1791174720 2865, 13801, 59, 0x0000000000000000 | 2.49 5.91 7.87 | cpu  355640271 194333610 89935174 11317485457 458028 0 2095218 0 0 0
1791174721 2857, 13801, 65, 0x0000000000000004 | 2.49 5.91 7.87 | cpu  355640392 194333610 89935231 11317515278 458028 0 2095223 0 0 0
1791174722 2872, 13801, 58, 0x0000000000000000 | 2.49 5.91 7.87 | cpu  355640516 194333610 89935310 11317543604 458028 0 2095223 0 0 0
1791174723 2872, 13801, 57, 0x0000000000000000 | 2.49 5.91 7.87 | cpu  355640629 194333610 89935332 11317572042 458028 0 2095223 0 0 0
1791174724 2857, 13801, 63, 0x0000000000000000 | 2.45 5.84 7.83 | cpu  355640748 194333610 89935356 11317600350 458028 0 2095223 0 0 0
1791174725 2872, 13801, 58, 0x0000000000000000 | 2.45 5.84 7.83 | cpu  355640865 194333610 89935372 11317628692 458029 0 2095223 0 0 0
1791174727 2872, 13801, 57, 0x0000000000000000 | 2.45 5.84 7.83 | cpu  355640978 194333610 89935393 11317656590 458029 0 2095223 0 0 0
1791174728 2872, 13801, 57, 0x0000000000000000 | 2.45 5.84 7.83 | cpu  355641090 194333610 89935416 11317684958 458029 0 2095223 0 0 0
1791174729 2872, 13801, 62, 0x0000000000000000 | 2.34 5.76 7.80 | cpu  355641199 194333610 89935440 11317712885 458029 0 2095223 0 0 0
1791174730 2857, 13801, 60, 0x0000000000000000 | 2.34 5.76 7.80 | cpu  355641310 194333610 89935462 11317741284 458029 0 2095223 0 0 0
1791174731 2865, 13801, 57, 0x0000000000000000 | 2.34 5.76 7.80 | cpu  355641434 194333610 89935489 11317770241 458029 0 2095223 0 0 0
1791174732 2887, 13801, 60, 0x0000000000000000 | 2.34 5.76 7.80 | cpu  355641548 194333610 89935508 11317798649 458029 0 2095227 0 0 0
1791174733 2865, 13801, 59, 0x0000000000000000 | 2.34 5.76 7.80 | cpu  355641662 194333610 89935534 11317827076 458029 0 2095227 0 0 0
1791174734 2872, 13801, 58, 0x0000000000000000 | 2.23 5.68 7.76 | cpu  355641779 194333610 89935551 11317855483 458029 0 2095227 0 0 0
1791174735 2880, 13801, 56, 0x0000000000000000 | 2.23 5.68 7.76 | cpu  355641897 194333610 89935582 11317883852 458029 0 2095228 0 0 0
1791174737 2872, 13801, 62, 0x0000000000000000 | 2.23 5.68 7.76 | cpu  355642010 194333610 89935602 11317912345 458030 0 2095228 0 0 0
1791174738 2872, 13801, 58, 0x0000000000000000 | 2.23 5.68 7.76 | cpu  355642132 194333610 89935706 11317939616 458030 0 2095228 0 0 0
1791174739 2872, 13801, 59, 0x0000000000000000 | 2.21 5.62 7.73 | cpu  355642888 194333610 89935760 11317967218 458034 0 2095230 0 0 0
1791174740 2865, 13801, 63, 0x0000000000000000 | 2.21 5.62 7.73 | cpu  355644004 194333610 89935818 11317994035 458034 0 2095230 0 0 0
1791174741 2865, 13801, 59, 0x0000000000000000 | 2.21 5.62 7.73 | cpu  355644739 194333610 89935855 11318021327 458034 0 2095230 0 0 0
1791174742 2872, 13801, 58, 0x0000000000000000 | 2.21 5.62 7.73 | cpu  355645930 194333610 89935918 11318049593 458035 0 2095230 0 0 0
1791174743 2857, 13801, 63, 0x0000000000000000 | 2.21 5.62 7.73 | cpu  355647066 194333610 89935980 11318076905 458035 0 2095231 0 0 0
1791174744 2872, 13801, 58, 0x0000000000000000 | 2.19 5.56 7.70 | cpu  355648121 194333610 89936028 11318105022 458035 0 2095232 0 0 0
1791174745 2872, 13801, 57, 0x0000000000000000 | 2.19 5.56 7.70 | cpu  355649391 194333610 89936096 11318131772 458035 0 2095232 0 0 0
1791174747 2872, 13801, 57, 0x0000000000000000 | 2.19 5.56 7.70 | cpu  355649710 194333610 89936216 11318160036 458035 0 2095232 0 0 0
1791174748 2865, 13801, 59, 0x0000000000000000 | 2.19 5.56 7.70 | cpu  355649857 194333610 89936324 11318188705 458035 0 2095232 0 0 0
1791174749 2865, 13801, 59, 0x0000000000000000 | 2.26 5.52 7.67 | cpu  355650686 194333610 89936404 11318216418 458036 0 2095232 0 0 0
1791174750 2865, 13801, 61, 0x0000000000000000 | 2.26 5.52 7.67 | cpu  355651529 194333611 89936450 11318243970 458036 0 2095233 0 0 0
1791174751 2872, 13801, 58, 0x0000000000000000 | 2.26 5.52 7.67 | cpu  355653163 194333611 89936524 11318271025 458036 0 2095238 0 0 0
1791174752 2865, 13801, 61, 0x0000000000000000 | 2.26 5.52 7.67 | cpu  355654167 194333611 89936555 11318298655 458036 0 2095242 0 0 0
1791174753 2865, 13801, 60, 0x0000000000000000 | 2.26 5.52 7.67 | cpu  355655279 194333611 89936672 11318325186 458037 0 2095242 0 0 0
1791174754 2857, 13801, 64, 0x0000000000000000 | 2.32 5.47 7.65 | cpu  355657696 194333611 89936744 11318352089 458037 0 2095244 0 0 0
1791174755 2850, 13801, 61, 0x0000000000000000 | 2.32 5.47 7.65 | cpu  355658915 194333611 89936878 11318378317 458037 0 2095244 0 0 0
1791174757 2872, 13801, 62, 0x0000000000000000 | 2.32 5.47 7.65 | cpu  355660242 194333611 89936926 11318405934 458037 0 2095245 0 0 0
1791174758 2865, 13801, 60, 0x0000000000000000 | 2.32 5.47 7.65 | cpu  355661127 194333611 89936977 11318433504 458037 0 2095249 0 0 0
1791174759 2872, 13801, 58, 0x0000000000000000 | 2.37 5.43 7.62 | cpu  355661757 194333611 89937086 11318461228 458037 0 2095250 0 0 0
1791174760 2850, 13801, 62, 0x0000000000000000 | 2.37 5.43 7.62 | cpu  355663219 194333611 89937166 11318488040 458038 0 2095250 0 0 0
1791174761 2857, 13801, 60, 0x0000000000000000 | 2.37 5.43 7.62 | cpu  355664544 194333611 89937212 11318515059 458038 0 2095253 0 0 0
1791174762 2865, 13801, 59, 0x0000000000000000 | 2.37 5.43 7.62 | cpu  355665424 194333611 89937245 11318541601 458038 0 2095254 0 0 0
1791174763 2865, 13801, 60, 0x0000000000000000 | 2.37 5.43 7.62 | cpu  355666414 194333611 89937322 11318569048 458038 0 2095254 0 0 0
1791174764 2872, 13801, 60, 0x0000000000000000 | 2.42 5.39 7.60 | cpu  355667703 194333611 89937557 11318595939 458038 0 2095254 0 0 0
1791174765 2857, 13801, 60, 0x0000000000000000 | 2.42 5.39 7.60 | cpu  355669031 194333611 89937699 11318622760 458038 0 2095254 0 0 0
1791174767 2865, 13801, 62, 0x0000000000000000 | 2.42 5.39 7.60 | cpu  355670007 194333611 89937862 11318650645 458038 0 2095254 0 0 0
1791174768 2880, 13801, 57, 0x0000000000000000 | 2.42 5.39 7.60 | cpu  355671368 194333611 89938746 11318676851 458038 0 2095256 0 0 0
1791174769 2872, 13801, 63, 0x0000000000000000 | 2.55 5.37 7.58 | cpu  355671982 194333611 89938860 11318704105 458038 0 2095256 0 0 0
1791174770 2865, 13801, 62, 0x0000000000000000 | 2.55 5.37 7.58 | cpu  355673020 194333611 89939054 11318730960 458038 0 2095256 0 0 0
1791174771 2865, 13801, 63, 0x0000000000000000 | 2.55 5.37 7.58 | cpu  355674382 194333612 89939168 11318758128 458038 0 2095257 0 0 0
1791174772 2865, 13801, 66, 0x0000000000000000 | 2.55 5.37 7.58 | cpu  355675496 194333612 89939214 11318785045 458038 0 2095257 0 0 0
1791174773 2865, 13801, 61, 0x0000000000000000 | 2.55 5.37 7.58 | cpu  355676648 194333612 89939244 11318811301 458038 0 2095257 0 0 0
1791174774 2872, 13801, 59, 0x0000000000000000 | 2.50 5.31 7.55 | cpu  355676788 194333612 89939268 11318839089 458038 0 2095257 0 0 0
1791174775 2857, 13801, 65, 0x0000000000000000 | 2.50 5.31 7.55 | cpu  355677443 194333612 89939310 11318867407 458039 0 2095258 0 0 0
1791174777 2872, 13801, 59, 0x0000000000000000 | 2.50 5.31 7.55 | cpu  355678577 194333612 89939382 11318895842 458039 0 2095258 0 0 0
1791174778 2865, 13801, 63, 0x0000000000000000 | 2.50 5.31 7.55 | cpu  355679286 194333612 89939486 11318922707 458039 0 2095258 0 0 0
1791174779 2872, 13801, 60, 0x0000000000000000 | 2.46 5.26 7.52 | cpu  355680358 194333612 89939552 11318950395 458039 0 2095258 0 0 0
1791174780 2857, 13801, 62, 0x0000000000000000 | 2.46 5.26 7.52 | cpu  355681453 194333612 89939615 11318977915 458039 0 2095258 0 0 0
1791174781 2857, 13801, 63, 0x0000000000000000 | 2.46 5.26 7.52 | cpu  355682410 194333612 89939672 11319006235 458039 0 2095259 0 0 0
1791174782 2872, 13801, 60, 0x0000000000000000 | 2.46 5.26 7.52 | cpu  355683586 194333612 89939749 11319033630 458039 0 2095259 0 0 0
1791174783 2865, 13801, 59, 0x0000000000000000 | 2.46 5.26 7.52 | cpu  355683834 194333612 89939770 11319062088 458039 0 2095260 0 0 0
1791174784 2872, 13801, 59, 0x0000000000000000 | 2.35 5.19 7.48 | cpu  355683950 194333612 89939796 11319090092 458039 0 2095261 0 0 0
1791174786 2865, 13801, 60, 0x0000000000000000 | 2.35 5.19 7.48 | cpu  355684077 194333612 89939868 11319118604 458040 0 2095261 0 0 0
1791174787 2865, 13801, 61, 0x0000000000000000 | 2.35 5.19 7.48 | cpu  355684224 194333612 89939916 11319147120 458040 0 2095261 0 0 0
1791174788 2865, 13801, 59, 0x0000000000000000 | 2.35 5.19 7.48 | cpu  355684346 194333612 89939941 11319175640 458040 0 2095261 0 0 0
1791174789 2880, 13801, 58, 0x0000000000000000 | 2.24 5.12 7.45 | cpu  355684464 194333612 89939969 11319204196 458040 0 2095262 0 0 0
1791174790 2872, 13801, 58, 0x0000000000000000 | 2.24 5.12 7.45 | cpu  355684578 194333612 89939987 11319232733 458040 0 2095262 0 0 0
1791174791 2872, 13801, 62, 0x0000000000000000 | 2.24 5.12 7.45 | cpu  355684694 194333612 89940012 11319261287 458040 0 2095262 0 0 0
1791174792 2857, 13801, 64, 0x0000000000000000 | 2.24 5.12 7.45 | cpu  355684805 194333612 89940033 11319289804 458040 0 2095263 0 0 0
1791174793 2857, 13801, 62, 0x0000000000000000 | 2.22 5.07 7.42 | cpu  355684920 194333612 89940060 11319318509 458040 0 2095263 0 0 0
1791174794 2872, 13801, 58, 0x0000000000000000 | 2.22 5.07 7.42 | cpu  355685034 194333612 89940083 11319347230 458040 0 2095263 0 0 0
1791174796 2872, 13801, 64, 0x0000000000000000 | 2.22 5.07 7.42 | cpu  355685155 194333612 89940115 11319376209 458040 0 2095263 0 0 0
1791174797 2865, 13801, 60, 0x0000000000000000 | 2.22 5.07 7.42 | cpu  355685270 194333612 89940134 11319404662 458040 0 2095264 0 0 0
1791174798 2865, 13801, 60, 0x0000000000000000 | 2.22 5.07 7.42 | cpu  355685387 194333612 89940160 11319433234 458045 0 2095264 0 0 0
1791174799 2880, 13801, 58, 0x0000000000000000 | 2.12 5.00 7.38 | cpu  355685504 194333612 89940186 11319461726 458045 0 2095265 0 0 0
1791174800 2865, 13801, 62, 0x0000000000000000 | 2.12 5.00 7.38 | cpu  355685626 194333612 89940216 11319490340 458045 0 2095265 0 0 0
1791174801 2872, 13801, 59, 0x0000000000000000 | 2.12 5.00 7.38 | cpu  355685746 194333612 89940250 11319518815 458045 0 2095265 0 0 0
1791174802 2872, 13801, 57, 0x0000000000000000 | 2.12 5.00 7.38 | cpu  355685856 194333612 89940271 11319546804 458045 0 2095265 0 0 0
1791174803 2880, 13801, 56, 0x0000000000000000 | 1.95 4.91 7.34 | cpu  355685960 194333612 89940291 11319575373 458045 0 2095265 0 0 0
1791174805 2887, 13801, 53, 0x0000000000000000 | 1.95 4.91 7.34 | cpu  355686009 194333612 89940365 11319603803 458046 0 2095265 0 0 0
1791174806 2460, 13801, 52, 0x0000000000000000 | 1.95 4.91 7.34 | cpu  355686060 194333612 89940445 11319632329 458046 0 2095265 0 0 0
1791174807 2460, 13801, 51, 0x0000000000000000 | 1.95 4.91 7.34 | cpu  355686119 194333612 89940509 11319660749 458046 0 2095267 0 0 0
1791174808 2460, 13801, 51, 0x0000000000000000 | 1.95 4.91 7.34 | cpu  355686179 194333612 89940578 11319689198 458046 0 2095268 0 0 0
1791174809 2460, 13801, 51, 0x0000000000000000 | 1.87 4.85 7.31 | cpu  355686234 194333612 89940652 11319717621 458046 0 2095270 0 0 0
1791174810 2460, 13801, 50, 0x0000000000000000 | 1.87 4.85 7.31 | cpu  355686292 194333612 89940747 11319746074 458046 0 2095271 0 0 0
1791174811 2460, 13801, 50, 0x0000000000000000 | 1.87 4.85 7.31 | cpu  355686354 194333612 89940928 11319774262 458046 0 2095274 0 0 0
1791174812 2460, 13801, 50, 0x0000000000000000 | 1.87 4.85 7.31 | cpu  355686410 194333612 89941000 11319802657 458046 0 2095275 0 0 0
1791174813 2460, 13801, 49, 0x0000000000000000 | 1.80 4.79 7.27 | cpu  355686466 194333612 89941066 11319831124 458046 0 2095275 0 0 0
1791174815 2460, 13801, 49, 0x0000000000000000 | 1.80 4.79 7.27 | cpu  355686566 194333612 89941164 11319859481 458046 0 2095275 0 0 0
1791174816 2460, 13801, 49, 0x0000000000000000 | 1.80 4.79 7.27 | cpu  355686716 194333612 89941260 11319887838 458052 0 2095275 0 0 0
1791174817 2460, 13801, 49, 0x0000000000000000 | 1.80 4.79 7.27 | cpu  355687898 194333612 89941377 11319915031 458052 0 2095275 0 0 0
1791174818 2460, 13801, 49, 0x0000000000000000 | 1.80 4.79 7.27 | cpu  355688378 194333612 89941558 11319943035 458052 0 2095276 0 0 0
1791174819 2460, 13801, 48, 0x0000000000000000 | 1.90 4.76 7.25 | cpu  355689332 194333612 89941666 11319970503 458052 0 2095276 0 0 0
1791174820 2460, 13801, 48, 0x0000000000000000 | 1.90 4.76 7.25 | cpu  355690225 194333613 89941755 11319998990 458052 0 2095277 0 0 0
1791174821 2460, 13801, 48, 0x0000000000000000 | 1.90 4.76 7.25 | cpu  355691396 194333613 89941886 11320026760 458052 0 2095278 0 0 0
1791174823 2460, 13801, 48, 0x0000000000000000 | 1.90 4.76 7.25 | cpu  355692539 194333613 89942041 11320055794 458052 0 2095278 0 0 0
1791174824 2460, 13801, 48, 0x0000000000000000 | 1.91 4.71 7.22 | cpu  355693500 194333613 89942202 11320083355 458053 0 2095278 0 0 0
1791174825 2460, 13801, 48, 0x0000000000000000 | 1.91 4.71 7.22 | cpu  355693565 194333613 89942278 11320111778 458053 0 2095278 0 0 0
1791174826 2460, 13801, 47, 0x0000000000000000 | 1.91 4.71 7.22 | cpu  355693621 194333613 89942346 11320140146 458053 0 2095278 0 0 0
1791174827 2460, 13801, 47, 0x0000000000000000 | 1.91 4.71 7.22 | cpu  355693670 194333613 89942417 11320168614 458053 0 2095279 0 0 0
1791174828 2460, 13801, 47, 0x0000000000000000 | 1.91 4.71 7.22 | cpu  355693758 194333613 89942508 11320197036 458053 0 2095279 0 0 0
1791174829 2460, 13801, 47, 0x0000000000000000 | 1.84 4.65 7.19 | cpu  355693824 194333613 89942572 11320225520 458053 0 2095280 0 0 0
1791174830 2460, 13801, 47, 0x0000000000000000 | 1.84 4.65 7.19 | cpu  355693890 194333613 89942627 11320253886 458053 0 2095280 0 0 0
1791174832 2460, 13801, 47, 0x0000000000000000 | 1.84 4.65 7.19 | cpu  355693937 194333613 89942730 11320283330 458053 0 2095280 0 0 0
1791174833 2460, 13801, 47, 0x0000000000000000 | 1.84 4.65 7.19 | cpu  355693978 194333613 89942820 11320311828 458053 0 2095280 0 0 0
1791174834 2460, 13801, 46, 0x0000000000000000 | 1.85 4.60 7.16 | cpu  355694022 194333613 89942984 11320340171 458054 0 2095282 0 0 0
1791174835 2460, 13801, 46, 0x0000000000000000 | 1.85 4.60 7.16 | cpu  355694057 194333613 89943101 11320368602 458054 0 2095282 0 0 0
1791174836 2460, 13801, 46, 0x0000000000000000 | 1.85 4.60 7.16 | cpu  355694122 194333613 89943158 11320396963 458054 0 2095282 0 0 0
