1791036156 0, 0, 81.79
1791036157 0, 0, 53.15
1791036158 3, 0, 32.58
1791036159 3, 0, 32.19
1791036160 3, 0, 28.78
1791036161 3, 0, 28.99
1791036162 3, 0, 28.78
1791036164 947, 0, 55.24
1791036165 4519, 36, 86.81
1791036166 5559, 30, 89.52
1791036167 5839, 27, 93.60
1791036168 6899, 8, 92.00
1791036169 7659, 45, 89.79
1791036170 8719, 40, 98.71
1791036171 9759, 29, 107.45
1791036172 10139, 40, 101.93
1791036174 10839, 29, 92.97
1791036175 11899, 17, 93.12
1791036176 12599, 12, 90.04
1791036177 13299, 0, 91.88
1791036178 13999, 1, 91.32
1791036179 15039, 0, 91.12
1791036180 15739, 13, 89.56
1791036181 16779, 37, 90.08
1791036183 17479, 27, 90.57
1791036184 18179, 35, 90.86
1791036185 19239, 29, 93.81
1791036186 19939, 35, 89.61
1791036187 20281, 0, 85.42
1791036188 21581, 0, 84.44
1791036189 21581, 0, 79.94
1791036190 21581, 0, 80.91
1791036191 21581, 8, 81.59
1791036193 21581, 4, 81.78
1791036194 21581, 6, 82.96
1791036195 21581, 4, 82.75
1791036196 21581, 4, 81.96
1791036197 21609, 0, 83.32
1791036198 21609, 22, 93.07
1791036200 21609, 18, 91.43
1791036201 21609, 11, 84.57
1791036202 21611, 19, 81.93
1791036203 21611, 12, 81.21
1791036204 21611, 0, 80.91
1791036205 21611, 0, 81.57
1791036206 21611, 16, 81.43
1791036208 21611, 9, 80.09
1791036209 21611, 4, 81.15
1791036210 21611, 11, 81.54
1791036211 21611, 7, 81.24
1791036212 21611, 0, 81.03
1791036213 21611, 0, 81.49
1791036215 21611, 4, 80.98
1791036216 21611, 12, 80.49
1791036217 21611, 9, 81.58
1791036218 21611, 2, 80.93
1791036219 21611, 0, 80.30
1791036220 21611, 10, 80.63
1791036222 21611, 11, 80.26
1791036223 21611, 9, 80.07
1791036224 21611, 10, 79.99
1791036225 21611, 6, 81.02
1791036226 21611, 10, 80.60
1791036227 21611, 0, 80.93
1791036229 21611, 7, 81.02
1791036230 21611, 7, 80.69
1791036231 21611, 7, 80.23
1791036232 21611, 5, 81.86
1791036233 21611, 7, 82.15
1791036234 21611, 7, 80.44
1791036235 21611, 0, 103.35
1791036237 21611, 3, 104.18
1791036238 21611, 5, 80.36
1791036239 21611, 5, 81.55
1791036240 21611, 9, 81.37
1791036241 21611, 0, 80.25
1791036242 21611, 3, 80.80
1791036244 21611, 22, 81.45
1791036245 21611, 3, 80.79
1791036246 21611, 0, 80.23
1791036247 21611, 16, 81.40
1791036248 21611, 8, 81.09
1791036249 21611, 4, 80.72
1791036251 21611, 0, 81.09
1791036252 21611, 0, 81.12
1791036253 21611, 8, 80.70
1791036254 21611, 2, 80.82
1791036255 21611, 34, 82.24
1791036256 21611, 7, 80.93
1791036257 21611, 0, 80.40
1791036259 21611, 6, 81.82
1791036260 21611, 0, 80.93
1791036261 21611, 0, 80.60
1791036262 21611, 6, 80.94
1791036263 21611, 5, 81.03
1791036264 21611, 5, 79.59
1791036266 21629, 0, 98.14
1791036267 21689, 31, 219.61
1791036268 21611, 11, 157.97
1791036269 23787, 27, 193.21
1791036270 24669, 47, 242.35
1791036271 24699, 25, 245.04
1791036272 25449, 48, 271.59
1791036274 26595, 58, 336.51
1791036275 26595, 71, 313.93
1791036276 26623, 29, 179.96
1791036277 26623, 48, 265.63
1791036278 26623, 27, 216.99
1791036279 26631, 48, 273.38
1791036280 26633, 30, 217.51
1791036281 26633, 60, 320.65
1791036283 26643, 51, 274.69
1791036284 26643, 33, 232.58
1791036285 26643, 50, 250.98
1791036286 26643, 33, 272.12
1791036287 26643, 62, 271.76
1791036288 26643, 51, 320.83
1791036289 26643, 24, 217.84
1791036291 26643, 37, 242.35
1791036292 26643, 63, 322.52
1791036293 26783, 29, 374.94
1791036294 26783, 8, 222.93
1791036295 26783, 67, 327.68
1791036296 26783, 65, 346.51
1791036297 26783, 30, 228.50
1791036298 26783, 44, 245.40
1791036300 26783, 31, 267.42
1791036301 26783, 64, 309.61
1791036302 26783, 58, 321.76
1791036303 26783, 36, 241.49
1791036304 26783, 58, 283.87
1791036305 26783, 35, 237.90
1791036306 26783, 26, 218.57
1791036308 26783, 61, 345.36
1791036309 26783, 45, 274.60
1791036310 26783, 37, 252.09
1791036311 26785, 29, 324.49
1791036312 26785, 25, 196.33
1791036313 26785, 37, 222.48
1791036314 26785, 37, 268.98
1791036315 26785, 41, 281.32
1791036317 26785, 55, 330.76
1791036318 26785, 37, 296.95
1791036319 26785, 47, 311.08
1791036320 26785, 62, 259.79
1791036321 26785, 69, 317.78
1791036322 26785, 40, 273.67
1791036323 26785, 68, 344.09
1791036324 26785, 35, 230.47
1791036326 26785, 34, 241.62
1791036327 26785, 51, 290.20
1791036328 26785, 40, 242.88
1791036329 26785, 54, 311.14
1791036330 26785, 55, 276.17
1791036331 26785, 31, 256.63
1791036332 26785, 40, 257.85
1791036333 26785, 51, 295.09
1791036335 26785, 51, 305.80
1791036336 26785, 66, 343.56
1791036337 26785, 54, 302.93
1791036338 26785, 28, 332.44
1791036339 26785, 39, 276.02
1791036340 26785, 64, 342.55
1791036341 26785, 44, 283.20
1791036342 27385, 74, 353.82
1791036343 27385, 56, 331.16
1791036344 27385, 45, 299.11
1791036346 27385, 35, 274.69
1791036347 27385, 60, 345.17
1791036348 27385, 48, 346.17
1791036349 27385, 60, 284.30
1791036350 27385, 67, 356.77
1791036351 27385, 45, 346.72
1791036352 27385, 43, 303.23
1791036353 27385, 28, 263.00
1791036354 27385, 30, 225.62
1791036356 27385, 8, 140.19
1791036357 27385, 4, 89.51
1791036358 27385, 0, 85.34
1791036359 27385, 40, 85.13
1791036360 27385, 0, 83.67
1791036361 27385, 0, 84.46
1791036362 27385, 15, 84.69
1791036364 27385, 19, 84.71
1791036365 27385, 15, 84.03
1791036366 27385, 2, 84.88
1791036367 27385, 19, 85.36
1791036368 27385, 0, 84.45
1791036369 27385, 2, 84.17
1791036370 27385, 3, 84.67
1791036371 27385, 9, 83.26
1791036373 27385, 0, 82.83
1791036374 27385, 15, 84.07
1791036375 27385, 5, 84.55
1791036376 27385, 11, 84.10
1791036377 27385, 0, 84.06
1791036378 27385, 0, 84.11
1791036379 27385, 6, 83.50
1791036380 27385, 19, 83.30
1791036381 27385, 7, 84.41
1791036383 27385, 3, 84.09
1791036384 27385, 8, 83.17
1791036385 27385, 9, 83.56
1791036386 27385, 8, 83.69
1791036387 27385, 17, 83.86
1791036388 27385, 0, 83.12
1791036389 27385, 0, 82.79
1791036390 27385, 0, 81.98
1791036391 27385, 0, 81.43
1791036393 27385, 0, 82.61
