1791138816 1785, 2619, 41, 0x0000000000000000 | 1.40 1.36 1.35 | cpu  274617 61 74890 10760958 87753 0 7354 0 0 0
1791138817 480, 2619, 40, 0x0000000000000001 | 1.40 1.36 1.35 | cpu  275121 61 74944 10764853 87759 0 7355 0 0 0
1791138818 345, 2619, 40, 0x0000000000000001 | 1.40 1.36 1.35 | cpu  275226 61 74994 10768838 87806 0 7355 0 0 0
1791138819 345, 2619, 40, 0x0000000000000001 | 1.36 1.36 1.35 | cpu  275782 61 75039 10772441 87806 0 7355 0 0 0
1791138820 345, 2619, 39, 0x0000000000000001 | 1.36 1.36 1.35 | cpu  275832 61 75079 10776532 87807 0 7356 0 0 0
1791138821 345, 2619, 39, 0x0000000000000001 | 1.36 1.36 1.35 | cpu  275920 61 75224 10780421 87858 0 7357 0 0 0
1791138822 1785, 2619, 40, 0x0000000000000000 | 1.36 1.36 1.35 | cpu  276158 61 75283 10784311 87858 0 7358 0 0 0
1791138823 1785, 2619, 40, 0x0000000000000000 | 1.36 1.36 1.35 | cpu  276381 61 75302 10788260 87858 0 7358 0 0 0
1791138824 1785, 2619, 40, 0x0000000000000000 | 1.33 1.35 1.34 | cpu  276606 61 75332 10792163 87875 0 7358 0 0 0
1791138825 1785, 2619, 40, 0x0000000000000000 | 1.33 1.35 1.34 | cpu  276907 61 75370 10795969 87905 0 7359 0 0 0
1791138826 1785, 2619, 40, 0x0000000000000000 | 1.33 1.35 1.34 | cpu  277160 61 75393 10799882 87905 0 7359 0 0 0
1791138827 1785, 2619, 39, 0x0000000000000000 | 1.33 1.35 1.34 | cpu  277404 61 75418 10803804 87906 0 7359 0 0 0
1791138829 1785, 2619, 39, 0x0000000000000000 | 1.33 1.35 1.34 | cpu  277633 61 75461 10807659 87954 0 7361 0 0 0
1791138830 1785, 2619, 39, 0x0000000000000000 | 1.31 1.34 1.34 | cpu  277891 61 75486 10811565 87954 0 7361 0 0 0
1791138831 1785, 2619, 39, 0x0000000000000000 | 1.31 1.34 1.34 | cpu  278111 61 75503 10815513 87954 0 7361 0 0 0
1791138832 1785, 2619, 39, 0x0000000000000000 | 1.31 1.34 1.34 | cpu  278434 61 75541 10819299 87996 0 7362 0 0 0
1791138833 1785, 2619, 39, 0x0000000000000000 | 1.31 1.34 1.34 | cpu  278726 61 75573 10823170 88005 0 7362 0 0 0
1791138834 1785, 2619, 39, 0x0000000000000000 | 1.36 1.35 1.35 | cpu  278932 61 75590 10827137 88005 0 7362 0 0 0
1791138835 1785, 2619, 39, 0x0000000000000000 | 1.36 1.35 1.35 | cpu  279209 61 75618 10830992 88017 0 7362 0 0 0
1791138836 1785, 2619, 38, 0x0000000000000000 | 1.36 1.35 1.35 | cpu  279335 61 75689 10834929 88053 0 7364 0 0 0
1791138837 1785, 2619, 38, 0x0000000000000000 | 1.36 1.35 1.35 | cpu  279435 61 75724 10838967 88057 0 7364 0 0 0
1791138838 1785, 2619, 38, 0x0000000000000000 | 1.36 1.35 1.35 | cpu  279531 61 75737 10843043 88057 0 7365 0 0 0
1791138839 1785, 2619, 38, 0x0000000000000000 | 1.41 1.37 1.35 | cpu  279652 61 75781 10846988 88109 0 7366 0 0 0
1791138840 1785, 2619, 38, 0x0000000000000000 | 1.41 1.37 1.35 | cpu  279756 62 75798 10851042 88118 0 7366 0 0 0
1791138841 1785, 2619, 38, 0x0000000000000000 | 1.41 1.37 1.35 | cpu  279863 62 75803 10855121 88120 0 7366 0 0 0
1791138842 1785, 2619, 38, 0x0000000000000000 | 1.41 1.37 1.35 | cpu  279974 62 75826 10859134 88154 0 7367 0 0 0
1791138843 1785, 2619, 38, 0x0000000000000000 | 1.41 1.37 1.35 | cpu  280075 62 75851 10863161 88176 0 7367 0 0 0
1791138844 1785, 2619, 38, 0x0000000000000000 | 1.38 1.36 1.35 | cpu  280173 62 75867 10867232 88176 0 7367 0 0 0
1791138845 1785, 2619, 38, 0x0000000000000000 | 1.38 1.36 1.35 | cpu  280267 62 75882 10871300 88177 0 7367 0 0 0
1791138846 1785, 2619, 37, 0x0000000000000000 | 1.38 1.36 1.35 | cpu  280371 62 75920 10875286 88232 0 7369 0 0 0
1791138847 1785, 2619, 37, 0x0000000000000000 | 1.38 1.36 1.35 | cpu  280467 62 75936 10879362 88232 0 7369 0 0 0
1791138848 1785, 2619, 37, 0x0000000000000000 | 1.38 1.36 1.35 | cpu  280573 62 75962 10883394 88234 0 7369 0 0 0
1791138849 1785, 2619, 37, 0x0000000000000000 | 1.35 1.35 1.35 | cpu  280672 62 75987 10887414 88268 0 7370 0 0 0
1791138850 1785, 2619, 37, 0x0000000000000000 | 1.35 1.35 1.35 | cpu  280772 62 76022 10891442 88285 0 7370 0 0 0
1791138852 1785, 2619, 37, 0x0000000000000000 | 1.35 1.35 1.35 | cpu  280868 62 76037 10895502 88285 0 7370 0 0 0
1791138853 1785, 2619, 37, 0x0000000000000000 | 1.35 1.35 1.35 | cpu  280971 62 76062 10899555 88285 0 7371 0 0 0
1791138854 1785, 2619, 37, 0x0000000000000000 | 1.35 1.35 1.35 | cpu  281071 62 76096 10903546 88342 0 7371 0 0 0
1791138855 1785, 2619, 37, 0x0000000000000000 | 1.32 1.35 1.34 | cpu  281176 62 76116 10907590 88342 0 7371 0 0 0
1791138856 1785, 2619, 37, 0x0000000000000000 | 1.32 1.35 1.34 | cpu  281270 62 76131 10911654 88342 0 7371 0 0 0
1791138857 1785, 2619, 37, 0x0000000000000000 | 1.32 1.35 1.34 | cpu  281370 62 76159 10915662 88390 0 7372 0 0 0
1791138858 1785, 2619, 37, 0x0000000000000000 | 1.32 1.35 1.34 | cpu  281468 62 76188 10919713 88394 0 7372 0 0 0
1791138859 1785, 2619, 36, 0x0000000000000000 | 1.30 1.34 1.34 | cpu  281562 62 76204 10923786 88395 0 7372 0 0 0
1791138860 1785, 2619, 36, 0x0000000000000000 | 1.30 1.34 1.34 | cpu  281676 62 76234 10927820 88403 0 7373 0 0 0
1791138861 1785, 2619, 36, 0x0000000000000000 | 1.30 1.34 1.34 | cpu  281797 62 76272 10931800 88447 0 7374 0 0 0
1791138862 1785, 2619, 36, 0x0000000000000000 | 1.30 1.34 1.34 | cpu  281896 62 76303 10935842 88447 0 7374 0 0 0
1791138863 1785, 2619, 36, 0x0000000000000000 | 1.30 1.34 1.34 | cpu  281993 62 76319 10939918 88447 0 7374 0 0 0
1791138864 1785, 2619, 36, 0x0000000000000000 | 1.35 1.35 1.35 | cpu  282114 62 76360 10943882 88498 0 7375 0 0 0
1791138865 1785, 2619, 36, 0x0000000000000000 | 1.35 1.35 1.35 | cpu  282211 62 76382 10947937 88499 0 7375 0 0 0
1791138866 1785, 2619, 36, 0x0000000000000000 | 1.35 1.35 1.35 | cpu  282308 62 76394 10952009 88499 0 7375 0 0 0
1791138867 1785, 2619, 36, 0x0000000000000000 | 1.35 1.35 1.35 | cpu  282405 62 76416 10956055 88516 0 7376 0 0 0
1791138868 1785, 2619, 36, 0x0000000000000000 | 1.35 1.35 1.35 | cpu  282505 62 76445 10960086 88552 0 7377 0 0 0
1791138869 1785, 2619, 39, 0x0000000000000000 | 1.32 1.35 1.34 | cpu  282631 62 76468 10964134 88552 0 7377 0 0 0
1791138870 1785, 2619, 38, 0x0000000000000000 | 1.32 1.35 1.34 | cpu  282733 62 76479 10968203 88552 0 7377 0 0 0
1791138871 1785, 2619, 40, 0x0000000000000000 | 1.32 1.35 1.34 | cpu  282861 62 76521 10972164 88611 0 7378 0 0 0
1791138872 1785, 2619, 40, 0x0000000000000000 | 1.32 1.35 1.34 | cpu  282968 62 76543 10976245 88611 0 7378 0 0 0
1791138874 1785, 2619, 43, 0x0000000000000000 | 1.32 1.35 1.34 | cpu  283075 62 76555 10980328 88611 0 7378 0 0 0
1791138875 1785, 2619, 40, 0x0000000000000000 | 1.30 1.34 1.34 | cpu  283189 62 76579 10984349 88649 0 7379 0 0 0
1791138876 1785, 2619, 41, 0x0000000000000000 | 1.30 1.34 1.34 | cpu  283303 62 76601 10988391 88662 0 7379 0 0 0
1791138877 1785, 2619, 41, 0x0000000000000000 | 1.30 1.34 1.34 | cpu  283408 62 76612 10992460 88662 0 7379 0 0 0
1791138878 1785, 2619, 42, 0x0000000000000000 | 1.30 1.34 1.34 | cpu  283519 62 76627 10996530 88667 0 7379 0 0 0
1791138879 1785, 2619, 41, 0x0000000000000000 | 1.35 1.35 1.35 | cpu  283630 62 76652 11000522 88715 0 7380 0 0 0
1791138880 1785, 2619, 41, 0x0000000000000000 | 1.35 1.35 1.35 | cpu  283739 62 76665 11004591 88715 0 7380 0 0 0
1791138881 1785, 2619, 42, 0x0000000000000000 | 1.35 1.35 1.35 | cpu  283845 62 76675 11008671 88715 0 7380 0 0 0
1791138882 1785, 2619, 42, 0x0000000000000000 | 1.35 1.35 1.35 | cpu  283959 62 76708 11012667 88763 0 7381 0 0 0
1791138883 1785, 2619, 43, 0x0000000000000000 | 1.35 1.35 1.35 | cpu  284083 62 76740 11016702 88765 0 7381 0 0 0
1791138884 1785, 2619, 42, 0x0000000000000000 | 1.33 1.35 1.34 | cpu  284188 62 76752 11020776 88765 0 7381 0 0 0
1791138885 1785, 2619, 42, 0x0000000000000000 | 1.33 1.35 1.34 | cpu  284302 62 76769 11024806 88788 0 7382 0 0 0
1791138886 1785, 2619, 44, 0x0000000000000000 | 1.33 1.35 1.34 | cpu  284416 62 76796 11028817 88815 0 7382 0 0 0
1791138887 1785, 2619, 41, 0x0000000000000000 | 1.33 1.35 1.34 | cpu  284526 62 76885 11032788 88815 0 7382 0 0 0
1791138888 1785, 2619, 40, 0x0000000000000000 | 1.33 1.35 1.34 | cpu  284627 62 76924 11036830 88815 0 7382 0 0 0
1791138889 1785, 2619, 40, 0x0000000000000000 | 1.38 1.36 1.35 | cpu  284756 62 76967 11040791 88865 0 7384 0 0 0
1791138890 1785, 2619, 40, 0x0000000000000000 | 1.38 1.36 1.35 | cpu  284861 62 76974 11044848 88865 0 7384 0 0 0
1791138891 1785, 2619, 40, 0x0000000000000000 | 1.38 1.36 1.35 | cpu  284965 62 76983 11048917 88865 0 7384 0 0 0
1791138892 1785, 2619, 40, 0x0000000000000000 | 1.38 1.36 1.35 | cpu  285068 62 77010 11052927 88903 0 7384 0 0 0
1791138893 1785, 2619, 39, 0x0000000000000000 | 1.38 1.36 1.35 | cpu  285170 62 77037 11056969 88914 0 7384 0 0 0
1791138894 1785, 2619, 39, 0x0000000000000000 | 1.43 1.37 1.35 | cpu  285273 62 77067 11060997 88916 0 7385 0 0 0
1791138896 1785, 2619, 39, 0x0000000000000000 | 1.43 1.37 1.35 | cpu  285376 62 77083 11065046 88919 0 7385 0 0 0
1791138897 1785, 2619, 39, 0x0000000000000000 | 1.43 1.37 1.35 | cpu  285482 62 77109 11069038 88966 0 7386 0 0 0
1791138898 1785, 2619, 39, 0x0000000000000000 | 1.43 1.37 1.35 | cpu  285587 62 77125 11073087 88966 0 7386 0 0 0
1791138899 1785, 2619, 39, 0x0000000000000000 | 1.43 1.37 1.35 | cpu  285695 62 77143 11077129 88966 0 7386 0 0 0
1791138900 1785, 2619, 38, 0x0000000000000000 | 1.40 1.36 1.35 | cpu  285805 63 77184 11081092 89022 0 7387 0 0 0
1791138901 1785, 2619, 38, 0x0000000000000000 | 1.40 1.36 1.35 | cpu  285916 63 77208 11085117 89029 0 7387 0 0 0
1791138902 1785, 2619, 38, 0x0000000000000000 | 1.40 1.36 1.35 | cpu  286050 63 77244 11089120 89030 0 7387 0 0 0
1791138903 1785, 2619, 38, 0x0000000000000000 | 1.40 1.36 1.35 | cpu  286157 63 77271 11093136 89050 0 7387 0 0 0
1791138904 1785, 2619, 38, 0x0000000000000000 | 1.36 1.35 1.35 | cpu  286262 63 77297 11097156 89079 0 7387 0 0 0
1791138905 1785, 2619, 38, 0x0000000000000000 | 1.36 1.35 1.35 | cpu  286365 63 77314 11101234 89080 0 7387 0 0 0
1791138906 1785, 2619, 38, 0x0000000000000000 | 1.36 1.35 1.35 | cpu  286480 63 77332 11105266 89081 0 7387 0 0 0
1791138907 1785, 2619, 38, 0x0000000000000000 | 1.36 1.35 1.35 | cpu  286586 63 77371 11109256 89127 0 7388 0 0 0
1791138908 1785, 2619, 38, 0x0000000000000000 | 1.36 1.35 1.35 | cpu  286689 63 77381 11113312 89127 0 7388 0 0 0
1791138909 1785, 2619, 38, 0x0000000000000000 | 1.33 1.35 1.35 | cpu  286792 63 77396 11117371 89127 0 7388 0 0 0
1791138910 1785, 2619, 37, 0x0000000000000000 | 1.33 1.35 1.35 | cpu  286896 63 77428 11121380 89166 0 7389 0 0 0
1791138911 1785, 2619, 37, 0x0000000000000000 | 1.33 1.35 1.35 | cpu  287006 63 77445 11125406 89177 0 7389 0 0 0
1791138912 1785, 2619, 37, 0x0000000000000000 | 1.33 1.35 1.35 | cpu  287104 63 77460 11129472 89177 0 7389 0 0 0
1791138913 1785, 2619, 37, 0x0000000000000000 | 1.33 1.35 1.35 | cpu  287205 63 77488 11133520 89181 0 7389 0 0 0
1791138914 1785, 2619, 37, 0x0000000000000000 | 1.39 1.36 1.35 | cpu  287332 63 77523 11137480 89228 0 7391 0 0 0
1791138915 1785, 2619, 37, 0x0000000000000000 | 1.39 1.36 1.35 | cpu  287433 63 77538 11141548 89228 0 7391 0 0 0
1791138916 1785, 2619, 37, 0x0000000000000000 | 1.39 1.36 1.35 | cpu  287529 63 77555 11145606 89228 0 7391 0 0 0
1791138917 1785, 2619, 37, 0x0000000000000000 | 1.39 1.36 1.35 | cpu  287646 63 77599 11149571 89282 0 7392 0 0 0
1791138918 1785, 2619, 37, 0x0000000000000000 | 1.39 1.36 1.35 | cpu  287755 63 77613 11153615 89282 0 7392 0 0 0
1791138920 1785, 2619, 37, 0x0000000000000000 | 1.36 1.35 1.35 | cpu  287858 63 77622 11157682 89282 0 7392 0 0 0
1791138921 1785, 2619, 37, 0x0000000000000000 | 1.36 1.35 1.35 | cpu  287965 63 77645 11161701 89298 0 7392 0 0 0
1791138922 1785, 2619, 37, 0x0000000000000000 | 1.36 1.35 1.35 | cpu  288066 63 77678 11165718 89328 0 7393 0 0 0
1791138923 1785, 2619, 36, 0x0000000000000000 | 1.36 1.35 1.35 | cpu  288165 63 77704 11169772 89328 0 7393 0 0 0
1791138924 1785, 2619, 36, 0x0000000000000000 | 1.36 1.35 1.35 | cpu  288270 63 77709 11173831 89328 0 7393 0 0 0
1791138925 1785, 2619, 36, 0x0000000000000000 | 1.33 1.35 1.35 | cpu  288384 63 77736 11177812 89379 0 7394 0 0 0
1791138926 1785, 2619, 36, 0x0000000000000000 | 1.33 1.35 1.35 | cpu  288482 63 77756 11181870 89379 0 7394 0 0 0
1791138927 1785, 2619, 36, 0x0000000000000000 | 1.33 1.35 1.35 | cpu  288602 63 77784 11185886 89381 0 7394 0 0 0
1791138928 1785, 2619, 36, 0x0000000000000000 | 1.33 1.35 1.35 | cpu  288704 63 77809 11189913 89407 0 7395 0 0 0
1791138929 1785, 2619, 36, 0x0000000000000000 | 1.30 1.34 1.34 | cpu  288821 63 77849 11193908 89431 0 7396 0 0 0
1791138930 1785, 2619, 36, 0x0000000000000000 | 1.30 1.34 1.34 | cpu  288927 63 77857 11197979 89431 0 7396 0 0 0
1791138931 1785, 2619, 36, 0x0000000000000000 | 1.30 1.34 1.34 | cpu  289032 63 77862 11202040 89443 0 7396 0 0 0
1791138932 1785, 2619, 36, 0x0000000000000000 | 1.30 1.34 1.34 | cpu  289149 63 77893 11206027 89494 0 7397 0 0 0
1791138933 1785, 2619, 36, 0x0000000000000000 | 1.30 1.34 1.34 | cpu  289249 63 77919 11210087 89494 0 7397 0 0 0
1791138934 1785, 2619, 36, 0x0000000000000000 | 1.28 1.34 1.34 | cpu  289346 63 77935 11214149 89494 0 7397 0 0 0
1791138935 1785, 2619, 36, 0x0000000000000000 | 1.28 1.34 1.34 | cpu  289448 63 77964 11218149 89539 0 7397 0 0 0
1791138936 1785, 2619, 36, 0x0000000000000000 | 1.28 1.34 1.34 | cpu  289549 63 77994 11222183 89544 0 7397 0 0 0
1791138937 1785, 2619, 36, 0x0000000000000000 | 1.28 1.34 1.34 | cpu  289647 63 78009 11226238 89544 0 7397 0 0 0
1791138938 1785, 2619, 36, 0x0000000000000000 | 1.28 1.34 1.34 | cpu  289756 63 78019 11230278 89553 0 7398 0 0 0
1791138939 1785, 2619, 35, 0x0000000000000000 | 1.34 1.35 1.35 | cpu  289883 63 78049 11234247 89591 0 7398 0 0 0
1791138940 1785, 2619, 35, 0x0000000000000000 | 1.34 1.35 1.35 | cpu  290003 63 78065 11238287 89594 0 7399 0 0 0
1791138941 1785, 2619, 35, 0x0000000000000000 | 1.34 1.35 1.35 | cpu  290108 63 78073 11242346 89594 0 7399 0 0 0
1791138943 1785, 2619, 35, 0x0000000000000000 | 1.34 1.35 1.35 | cpu  290231 63 78109 11246305 89644 0 7399 0 0 0
1791138944 1785, 2619, 35, 0x0000000000000000 | 1.34 1.35 1.35 | cpu  290336 63 78132 11250362 89645 0 7399 0 0 0
1791138945 1785, 2619, 35, 0x0000000000000000 | 1.31 1.34 1.34 | cpu  290437 63 78144 11254419 89645 0 7399 0 0 0
1791138946 1785, 2619, 35, 0x0000000000000000 | 1.31 1.34 1.34 | cpu  290548 63 78160 11258446 89672 0 7400 0 0 0
1791138947 1785, 2619, 35, 0x0000000000000000 | 1.31 1.34 1.34 | cpu  290656 63 78182 11262473 89693 0 7400 0 0 0
1791138948 1785, 2619, 35, 0x0000000000000000 | 1.31 1.34 1.34 | cpu  290765 63 78192 11266543 89693 0 7400 0 0 0
1791138949 1785, 2619, 35, 0x0000000000000000 | 1.28 1.33 1.34 | cpu  290868 63 78206 11270628 89693 0 7400 0 0 0
1791138950 1785, 2619, 35, 0x0000000000000000 | 1.28 1.33 1.34 | cpu  290982 63 78235 11274613 89747 0 7401 0 0 0
1791138951 1785, 2619, 35, 0x0000000000000000 | 1.28 1.33 1.34 | cpu  291098 63 78254 11278660 89747 0 7401 0 0 0
1791138952 1785, 2619, 35, 0x0000000000000000 | 1.28 1.33 1.34 | cpu  291210 63 78269 11282714 89749 0 7402 0 0 0
1791138953 1785, 2619, 35, 0x0000000000000000 | 1.28 1.33 1.34 | cpu  291329 63 78383 11286610 89791 0 7403 0 0 0
1791138954 1785, 2619, 35, 0x0000000000000000 | 1.26 1.33 1.34 | cpu  291443 63 78415 11290638 89802 0 7403 0 0 0
1791138955 1785, 2619, 35, 0x0000000000000000 | 1.26 1.33 1.34 | cpu  291550 63 78426 11294703 89802 0 7403 0 0 0
1791138956 1785, 2619, 35, 0x0000000000000000 | 1.26 1.33 1.34 | cpu  291660 63 78439 11298757 89812 0 7403 0 0 0
1791138957 1785, 2619, 35, 0x0000000000000000 | 1.26 1.33 1.34 | cpu  291771 63 78464 11302755 89852 0 7404 0 0 0
1791138958 1785, 2619, 35, 0x0000000000000000 | 1.26 1.33 1.34 | cpu  291880 63 78473 11306806 89853 0 7404 0 0 0
1791138959 1785, 2619, 35, 0x0000000000000000 | 1.24 1.32 1.34 | cpu  291986 63 78481 11310877 89853 0 7404 0 0 0
1791138960 1785, 2619, 35, 0x0000000000000000 | 1.24 1.32 1.34 | cpu  292103 64 78515 11314861 89906 0 7405 0 0 0
1791138961 1785, 2619, 35, 0x0000000000000000 | 1.24 1.32 1.34 | cpu  292212 64 78526 11318916 89906 0 7405 0 0 0
1791138962 1785, 2619, 35, 0x0000000000000000 | 1.24 1.32 1.34 | cpu  292332 64 78542 11322951 89907 0 7405 0 0 0
1791138963 1785, 2619, 35, 0x0000000000000000 | 1.24 1.32 1.34 | cpu  292446 64 78566 11326973 89930 0 7405 0 0 0
1791138964 1785, 2619, 35, 0x0000000000000000 | 1.30 1.33 1.34 | cpu  292558 64 78589 11330988 89960 0 7406 0 0 0
1791138966 1785, 2619, 35, 0x0000000000000000 | 1.30 1.33 1.34 | cpu  292680 64 78612 11335013 89962 0 7407 0 0 0
1791138967 1785, 2619, 34, 0x0000000000000000 | 1.30 1.33 1.34 | cpu  292787 64 78622 11339067 89963 0 7407 0 0 0
1791138968 1785, 2619, 34, 0x0000000000000000 | 1.30 1.33 1.34 | cpu  292903 64 78652 11343057 90012 0 7408 0 0 0
1791138969 1785, 2619, 34, 0x0000000000000000 | 1.30 1.33 1.34 | cpu  293011 64 78662 11347114 90012 0 7408 0 0 0
1791138970 1785, 2619, 34, 0x0000000000000000 | 1.28 1.33 1.34 | cpu  293117 64 78672 11351169 90012 0 7408 0 0 0
1791138971 1785, 2619, 34, 0x0000000000000000 | 1.28 1.33 1.34 | cpu  293229 64 78695 11355169 90048 0 7409 0 0 0
1791138972 1785, 2619, 34, 0x0000000000000000 | 1.28 1.33 1.34 | cpu  293343 64 78719 11359200 90063 0 7409 0 0 0
1791138973 1785, 2619, 34, 0x0000000000000000 | 1.28 1.33 1.34 | cpu  293449 64 78729 11363276 90063 0 7409 0 0 0
1791138974 1785, 2619, 34, 0x0000000000000000 | 1.33 1.34 1.34 | cpu  293570 64 78758 11367300 90067 0 7410 0 0 0
1791138975 1785, 2619, 34, 0x0000000000000000 | 1.33 1.34 1.34 | cpu  293683 64 78784 11371303 90114 0 7411 0 0 0
1791138976 1785, 2619, 34, 0x0000000000000000 | 1.33 1.34 1.34 | cpu  293791 64 78795 11375373 90114 0 7411 0 0 0
1791138977 1785, 2619, 34, 0x0000000000000000 | 1.33 1.34 1.34 | cpu  293898 64 78804 11379444 90114 0 7411 0 0 0
1791138978 1785, 2619, 34, 0x0000000000000000 | 1.33 1.34 1.34 | cpu  294011 64 78826 11383421 90168 0 7412 0 0 0
1791138979 1785, 2619, 34, 0x0000000000000000 | 1.31 1.33 1.34 | cpu  294121 64 78845 11387481 90168 0 7412 0 0 0
1791138980 1785, 2619, 34, 0x0000000000000000 | 1.31 1.33 1.34 | cpu  294227 64 78853 11391553 90169 0 7412 0 0 0
1791138981 1785, 2619, 34, 0x0000000000000000 | 1.31 1.33 1.34 | cpu  294340 64 78869 11395590 90187 0 7413 0 0 0
1791138982 1785, 2619, 34, 0x0000000000000000 | 1.31 1.33 1.34 | cpu  294450 64 78892 11399598 90216 0 7414 0 0 0
1791138983 1785, 2619, 34, 0x0000000000000000 | 1.31 1.33 1.34 | cpu  294558 64 78909 11403671 90216 0 7414 0 0 0
1791138984 1785, 2619, 34, 0x0000000000000000 | 1.28 1.33 1.34 | cpu  294664 64 78918 11407748 90216 0 7414 0 0 0
1791138985 1785, 2619, 34, 0x0000000000000000 | 1.28 1.33 1.34 | cpu  294791 64 78958 11411684 90275 0 7414 0 0 0
1791138986 1785, 2619, 34, 0x0000000000000000 | 1.28 1.33 1.34 | cpu  294910 64 78975 11415724 90275 0 7415 0 0 0
1791138988 1785, 2619, 34, 0x0000000000000000 | 1.28 1.33 1.34 | cpu  295017 64 78984 11419794 90276 0 7415 0 0 0
1791138989 1785, 2619, 34, 0x0000000000000000 | 1.28 1.33 1.34 | cpu  295130 64 79004 11423821 90312 0 7415 0 0 0
1791138990 1785, 2619, 39, 0x0000000000000000 | 1.50 1.37 1.35 | cpu  295259 64 79041 11427844 90325 0 7416 0 0 0
1791138991 1785, 2619, 37, 0x0000000000000000 | 1.50 1.37 1.35 | cpu  295406 64 79084 11431821 90337 0 7416 0 0 0
1791138992 1785, 2619, 38, 0x0000000000000000 | 1.50 1.37 1.35 | cpu  295526 64 79113 11435861 90345 0 7416 0 0 0
1791138993 1785, 2619, 40, 0x0000000000000000 | 1.50 1.37 1.35 | cpu  295637 64 79141 11439866 90388 0 7416 0 0 0
1791138994 1785, 2619, 36, 0x0000000000000000 | 1.46 1.37 1.35 | cpu  295751 64 79164 11443909 90389 0 7416 0 0 0
1791138995 1785, 2619, 36, 0x0000000000000000 | 1.46 1.37 1.35 | cpu  295857 64 79168 11447982 90389 0 7416 0 0 0
1791138996 1785, 2619, 36, 0x0000000000000000 | 1.46 1.37 1.35 | cpu  295971 64 79185 11451966 90441 0 7417 0 0 0
1791138997 1785, 2619, 35, 0x0000000000000000 | 1.46 1.37 1.35 | cpu  296092 64 79210 11455996 90443 0 7417 0 0 0
1791138998 1785, 2619, 35, 0x0000000000000000 | 1.46 1.37 1.35 | cpu  296198 64 79214 11460079 90443 0 7417 0 0 0
1791138999 1785, 2619, 35, 0x0000000000000000 | 1.42 1.36 1.35 | cpu  296309 64 79223 11464137 90448 0 7417 0 0 0
1791139000 1785, 2619, 35, 0x0000000000000000 | 1.42 1.36 1.35 | cpu  296420 64 79246 11468143 90494 0 7418 0 0 0
1791139001 1785, 2619, 35, 0x0000000000000000 | 1.42 1.36 1.35 | cpu  296526 64 79253 11472219 90495 0 7418 0 0 0
1791139002 1785, 2619, 35, 0x0000000000000000 | 1.42 1.36 1.35 | cpu  296625 64 79265 11476300 90495 0 7418 0 0 0
1791139003 1785, 2619, 38, 0x0000000000000000 | 1.42 1.36 1.35 | cpu  296736 64 79299 11480303 90541 0 7419 0 0 0
1791139004 1785, 2619, 39, 0x0000000000000000 | 1.39 1.35 1.35 | cpu  296846 64 79320 11484365 90541 0 7419 0 0 0
1791139005 1785, 2619, 39, 0x0000000000000000 | 1.39 1.35 1.35 | cpu  296952 64 79331 11488448 90541 0 7419 0 0 0
1791139006 1785, 2619, 39, 0x0000000000000000 | 1.39 1.35 1.35 | cpu  297064 64 79351 11492476 90569 0 7420 0 0 0
1791139007 1785, 2619, 41, 0x0000000000000000 | 1.39 1.35 1.35 | cpu  297175 64 79373 11496521 90590 0 7420 0 0 0
1791139008 1785, 2619, 38, 0x0000000000000000 | 1.39 1.35 1.35 | cpu  297297 64 79397 11500569 90591 0 7420 0 0 0
1791139010 1785, 2619, 40, 0x0000000000000000 | 1.36 1.35 1.35 | cpu  297407 64 79409 11504636 90591 0 7421 0 0 0
1791139011 1785, 2619, 41, 0x0000000000000000 | 1.36 1.35 1.35 | cpu  297520 64 79438 11508627 90640 0 7421 0 0 0
1791139012 1785, 2619, 41, 0x0000000000000000 | 1.36 1.35 1.35 | cpu  297632 64 79451 11512705 90640 0 7421 0 0 0
1791139013 1785, 2619, 43, 0x0000000000000000 | 1.36 1.35 1.35 | cpu  297738 64 79462 11516795 90640 0 7421 0 0 0
1791139014 1785, 2619, 42, 0x0000000000000000 | 1.36 1.35 1.35 | cpu  297855 64 79496 11520811 90688 0 7423 0 0 0
1791139015 1785, 2619, 42, 0x0000000000000000 | 1.41 1.36 1.35 | cpu  297980 64 79524 11524839 90689 0 7424 0 0 0
1791139016 1785, 2619, 42, 0x0000000000000000 | 1.41 1.36 1.35 | cpu  298089 64 79535 11528919 90689 0 7424 0 0 0
1791139017 1785, 2619, 43, 0x0000000000000000 | 1.41 1.36 1.35 | cpu  298205 64 79648 11532860 90709 0 7424 0 0 0
1791139018 1785, 2619, 42, 0x0000000000000000 | 1.41 1.36 1.35 | cpu  298333 64 79717 11536827 90738 0 7425 0 0 0
1791139019 1785, 2619, 43, 0x0000000000000000 | 1.38 1.35 1.35 | cpu  298445 64 79760 11540879 90739 0 7425 0 0 0
1791139020 1785, 2619, 42, 0x0000000000000000 | 1.38 1.35 1.35 | cpu  298575 65 79786 11544890 90746 0 7425 0 0 0
1791139021 1785, 2619, 44, 0x0000000000000000 | 1.38 1.35 1.35 | cpu  298691 65 79820 11548879 90800 0 7425 0 0 0
1791139022 1785, 2619, 43, 0x0000000000000000 | 1.38 1.35 1.35 | cpu  298799 65 79833 11552945 90800 0 7425 0 0 0
1791139023 1785, 2619, 44, 0x0000000000000000 | 1.38 1.35 1.35 | cpu  298909 65 79844 11557030 90800 0 7425 0 0 0
1791139024 1785, 2619, 45, 0x0000000000000000 | 1.43 1.36 1.35 | cpu  299022 65 79872 11561042 90831 0 7426 0 0 0
1791139025 1785, 2619, 45, 0x0000000000000000 | 1.43 1.36 1.35 | cpu  299133 65 79895 11565089 90850 0 7427 0 0 0
1791139026 1785, 2619, 45, 0x0000000000000000 | 1.43 1.36 1.35 | cpu  299241 65 79907 11569159 90850 0 7427 0 0 0
1791139027 1785, 2619, 46, 0x0000000000000000 | 1.43 1.36 1.35 | cpu  299350 65 79919 11573229 90850 0 7427 0 0 0
1791139028 1785, 2619, 48, 0x0000000000000000 | 1.43 1.36 1.35 | cpu  299464 65 79948 11577234 90908 0 7428 0 0 0
1791139029 1785, 2619, 46, 0x0000000000000000 | 1.39 1.36 1.35 | cpu  299574 65 79961 11581300 90923 0 7428 0 0 0
1791139031 1785, 2619, 46, 0x0000000000000000 | 1.39 1.36 1.35 | cpu  299690 65 79983 11585361 90923 0 7429 0 0 0
1791139032 1785, 2619, 46, 0x0000000000000000 | 1.39 1.36 1.35 | cpu  299817 65 80015 11589348 90963 0 7430 0 0 0
1791139033 1785, 2619, 48, 0x0000000000000000 | 1.39 1.36 1.35 | cpu  299927 65 80042 11593340 91027 0 7430 0 0 0
1791139034 1785, 2619, 48, 0x0000000000000000 | 1.39 1.36 1.35 | cpu  300034 65 80061 11597317 91123 0 7431 0 0 0
1791139035 1785, 2619, 47, 0x0000000000000000 | 1.44 1.37 1.35 | cpu  300148 65 80094 11601267 91222 0 7431 0 0 0
1791139036 1785, 2619, 46, 0x0000000000000000 | 1.44 1.37 1.35 | cpu  300261 65 80128 11605218 91306 0 7432 0 0 0
1791139037 1785, 2619, 44, 0x0000000000000000 | 1.44 1.37 1.35 | cpu  300350 65 80135 11609309 91306 0 7432 0 0 0
1791139038 1785, 2619, 44, 0x0000000000000000 | 1.44 1.37 1.35 | cpu  300458 65 80142 11613386 91306 0 7432 0 0 0
1791139039 1785, 2619, 43, 0x0000000000000000 | 1.57 1.40 1.36 | cpu  300583 65 80166 11617385 91338 0 7433 0 0 0
1791139040 1785, 2619, 43, 0x0000000000000000 | 1.57 1.40 1.36 | cpu  300695 65 80186 11621411 91357 0 7433 0 0 0
1791139041 1785, 2619, 43, 0x0000000000000000 | 1.57 1.40 1.36 | cpu  300806 65 80192 11625485 91358 0 7433 0 0 0
1791139042 1785, 2619, 43, 0x0000000000000000 | 1.57 1.40 1.36 | cpu  300913 65 80196 11629548 91358 0 7434 0 0 0
1791139043 1785, 2619, 42, 0x0000000000000000 | 1.57 1.40 1.36 | cpu  301061 65 80244 11633484 91408 0 7435 0 0 0
1791139044 1785, 2619, 42, 0x0000000000000000 | 1.52 1.39 1.36 | cpu  301168 65 80258 11637547 91408 0 7435 0 0 0
1791139045 1785, 2619, 42, 0x0000000000000000 | 1.52 1.39 1.36 | cpu  301274 65 80262 11641630 91408 0 7435 0 0 0
1791139046 1785, 2619, 42, 0x0000000000000000 | 1.52 1.39 1.36 | cpu  301386 65 80280 11645634 91456 0 7436 0 0 0
1791139047 1785, 2619, 42, 0x0000000000000000 | 1.52 1.39 1.36 | cpu  301498 65 80296 11649702 91460 0 7436 0 0 0
1791139048 1785, 2619, 41, 0x0000000000000000 | 1.52 1.39 1.36 | cpu  301570 65 80334 11653784 91460 0 7436 0 0 0
1791139049 1785, 2619, 41, 0x0000000000000000 | 1.48 1.38 1.36 | cpu  301668 65 80401 11657786 91476 0 7436 0 0 0
