1790984901 2, 0, 8.99
1790984902 2, 0, 8.82
1790984903 4, 0, 11.01
1790984904 4, 0, 13.40
1790984905 4, 0, 8.90
1790984906 4, 0, 10.43
1790984907 4, 0, 9.21
1790984908 22, 0, 9.12
1790984909 1528, 11, 35.38
1790984910 4550, 12, 69.93
1790984912 5590, 28, 70.22
1790984913 5870, 37, 70.43
1790984914 6650, 37, 70.56
1790984915 7690, 36, 70.78
1790984916 8750, 37, 70.38
1790984917 9030, 36, 70.82
1790984918 9790, 36, 70.87
1790984919 10530, 33, 71.07
1790984920 11230, 35, 70.53
1790984921 11930, 15, 70.95
1790984922 12630, 8, 70.58
1790984923 13330, 37, 69.24
1790984924 14030, 30, 71.76
1790984926 14730, 29, 70.80
1790984927 15430, 29, 71.00
1790984928 16110, 33, 70.73
1790984929 16810, 34, 70.51
1790984930 17510, 24, 70.47
1790984931 18210, 2, 70.95
1790984932 18910, 0, 71.59
1790984933 19610, 10, 71.05
1790984934 20310, 28, 71.03
1790984935 21612, 13, 68.25
1790984936 21612, 5, 67.27
1790984937 21612, 4, 67.29
1790984938 21612, 5, 67.30
1790984940 21612, 4, 67.02
1790984941 21612, 4, 67.09
1790984942 21612, 4, 66.86
1790984943 21612, 4, 66.83
1790984944 21640, 0, 66.60
1790984945 21640, 1, 66.05
1790984946 21640, 1, 66.52
1790984947 21640, 1, 66.68
1790984948 21642, 1, 66.73
1790984949 21642, 2, 66.78
1790984950 21642, 2, 66.50
1790984951 21642, 2, 66.13
1790984952 21642, 2, 66.19
1790984953 21642, 2, 66.62
1790984955 21642, 2, 66.70
1790984956 21642, 0, 66.75
1790984957 21642, 0, 66.42
1790984958 21642, 0, 66.62
1790984959 21642, 4, 67.10
1790984960 21642, 6, 67.45
1790984961 21642, 0, 67.98
1790984962 21642, 11, 67.55
1790984963 21642, 0, 67.79
1790984964 21642, 0, 67.72
1790984965 21642, 2, 67.41
1790984966 21642, 0, 67.49
1790984967 21642, 0, 67.62
1790984969 21642, 0, 67.66
1790984970 21642, 6, 67.39
1790984971 21642, 0, 67.57
1790984972 21642, 0, 67.93
1790984973 21642, 13, 67.75
1790984974 21642, 3, 67.76
1790984975 21642, 0, 67.57
1790984976 21642, 0, 67.73
1790984977 21642, 5, 67.71
1790984978 21642, 0, 68.30
1790984979 21642, 0, 68.28
1790984980 21642, 0, 68.19
1790984981 21642, 15, 67.91
1790984983 21642, 0, 68.12
1790984984 21642, 0, 67.85
1790984985 21642, 0, 67.80
1790984986 21642, 3, 67.93
1790984987 21642, 12, 68.04
1790984988 21642, 16, 68.28
1790984989 21642, 8, 68.26
1790984990 21642, 0, 68.57
1790984991 21642, 0, 68.67
1790984992 21642, 0, 68.18
1790984993 21642, 0, 68.70
1790984994 21642, 0, 68.60
1790984995 21642, 10, 68.24
1790984996 21642, 19, 68.27
1790984998 21642, 7, 68.39
1790984999 21642, 0, 68.02
1790985000 21642, 0, 68.14
1790985001 21642, 0, 68.48
1790985002 21642, 11, 68.69
1790985003 21642, 0, 68.39
1790985004 21642, 10, 68.16
1790985005 21642, 0, 68.19
1790985006 21642, 0, 68.32
1790985007 21642, 0, 68.67
1790985008 21642, 0, 68.63
1790985009 21642, 0, 68.36
1790985010 21642, 4, 68.89
1790985011 21642, 2, 68.37
1790985013 21642, 2, 68.57
1790985014 21642, 2, 68.31
1790985015 21642, 2, 68.82
1790985016 21642, 4, 68.59
1790985017 21642, 5, 68.37
1790985018 21642, 0, 68.26
1790985019 21642, 0, 68.66
1790985020 21642, 3, 68.53
1790985021 21642, 0, 68.38
1790985022 21642, 9, 68.94
1790985023 21642, 0, 68.84
1790985024 21642, 0, 68.52
1790985025 21642, 2, 68.78
1790985027 21642, 1, 68.54
1790985028 21642, 0, 68.37
1790985029 21642, 0, 68.00
1790985030 21642, 17, 67.86
1790985031 21642, 0, 67.96
1790985032 21642, 0, 68.28
1790985033 21642, 2, 68.16
1790985034 21642, 2, 68.49
1790985035 21642, 0, 69.02
1790985036 21642, 0, 68.92
1790985037 21642, 8, 69.47
1790985038 21642, 0, 69.42
1790985039 21642, 0, 69.61
1790985041 21642, 0, 69.36
1790985042 21642, 15, 69.01
1790985043 21642, 0, 68.63
1790985044 21642, 2, 68.64
1790985045 21642, 2, 69.19
1790985046 21642, 0, 69.08
1790985047 21642, 6, 69.10
1790985048 21642, 0, 69.05
1790985049 21642, 0, 69.26
1790985050 21642, 0, 69.58
1790985051 21642, 0, 69.35
1790985052 21642, 0, 68.71
1790985053 21642, 0, 68.69
1790985055 21642, 17, 69.03
1790985056 21642, 0, 69.36
1790985057 21642, 5, 69.59
1790985058 21642, 0, 69.27
1790985059 21642, 0, 69.56
1790985060 21642, 9, 69.45
1790985061 21642, 1, 69.29
1790985062 21642, 0, 69.23
1790985063 21642, 0, 69.33
1790985064 21642, 2, 69.46
1790985065 21642, 0, 70.13
1790985066 21642, 13, 69.36
1790985067 21642, 0, 69.94
1790985068 21642, 0, 69.59
1790985070 21642, 10, 69.31
1790985071 21642, 0, 69.86
1790985072 21642, 0, 69.15
1790985073 21642, 10, 69.80
1790985074 21642, 2, 69.39
1790985075 21642, 2, 69.12
1790985076 21642, 1, 68.79
1790985077 21642, 4, 68.64
1790985078 21642, 4, 69.21
1790985079 21642, 4, 69.07
1790985080 21656, 0, 69.04
1790985081 21656, 0, 68.68
1790985082 21656, 0, 69.08
1790985084 21656, 0, 69.02
1790985085 21656, 2, 69.65
1790985086 21656, 0, 68.99
1790985087 21656, 0, 69.56
1790985088 21656, 0, 78.50
1790985089 21658, 0, 69.61
1790985090 21658, 0, 70.37
1790985091 21658, 0, 68.97
1790985092 21660, 3, 69.44
1790985093 21660, 2, 69.30
1790985094 21660, 0, 69.05
1790985095 21660, 0, 69.38
1790985096 21660, 0, 69.66
1790985097 21660, 0, 69.35
1790985099 21660, 42, 112.72
1790985100 21660, 0, 98.33
1790985101 21660, 22, 96.47
1790985102 21660, 36, 117.77
1790985103 21660, 32, 121.41
1790985104 21660, 22, 120.20
1790985105 19846, 26, 112.10
1790985106 20112, 1, 95.45
1790985107 20112, 1, 70.00
1790985108 20112, 0, 70.40
1790985109 20114, 0, 71.59
1790985110 20412, 22, 88.89
1790985111 21378, 26, 112.07
1790985113 21420, 27, 121.75
1790985114 22420, 45, 145.38
1790985115 22450, 24, 137.18
1790985116 22454, 22, 113.42
1790985117 23300, 50, 153.05
1790985118 23306, 46, 172.98
1790985119 24186, 55, 182.56
1790985120 24186, 31, 157.97
1790985121 24208, 30, 134.19
1790985122 24212, 23, 105.44
1790985123 24212, 40, 136.75
1790985124 24212, 23, 147.37
1790985125 24212, 22, 111.87
1790985127 24212, 36, 129.55
1790985128 24214, 33, 151.76
1790985129 24222, 27, 121.44
1790985130 24222, 42, 150.20
1790985131 24222, 32, 168.57
1790985132 24222, 35, 137.42
1790985133 24232, 25, 136.17
1790985134 24232, 12, 107.48
1790985135 24232, 31, 121.89
1790985136 24232, 0, 133.20
1790985137 24232, 38, 125.03
1790985138 24232, 26, 142.81
1790985139 24232, 24, 120.31
1790985140 24232, 30, 125.79
1790985142 24232, 45, 160.66
1790985143 24232, 37, 155.19
1790985144 24232, 26, 142.23
1790985145 24232, 23, 114.80
1790985146 24232, 31, 128.95
1790985147 24232, 42, 140.14
1790985148 24232, 49, 169.40
1790985149 24432, 43, 167.48
1790985150 24432, 50, 190.67
1790985151 24432, 17, 102.02
1790985152 24432, 26, 112.89
1790985153 24432, 48, 146.63
1790985155 24432, 38, 179.28
1790985156 24432, 49, 160.31
1790985157 24432, 20, 154.70
1790985158 24432, 21, 110.45
1790985159 24432, 28, 126.01
1790985160 24432, 24, 130.89
1790985161 24432, 23, 115.58
1790985162 24432, 35, 125.09
1790985163 24432, 43, 161.14
1790985164 24432, 23, 121.68
1790985165 24432, 34, 123.36
1790985166 24432, 43, 139.39
1790985167 24432, 32, 166.41
1790985169 24432, 24, 121.13
1790985170 24432, 37, 128.39
1790985171 24432, 42, 156.72
1790985172 24432, 27, 125.59
1790985173 24432, 22, 123.28
1790985174 24432, 22, 112.28
1790985175 24432, 44, 134.71
1790985176 24432, 49, 179.46
1790985177 24432, 35, 151.98
1790985178 24432, 28, 135.15
1790985179 24432, 29, 134.71
1790985180 24432, 55, 166.31
1790985181 24432, 4, 182.42
1790985182 24434, 28, 117.17
1790985184 24434, 24, 120.13
1790985185 24434, 22, 113.98
1790985186 24434, 36, 134.59
1790985187 24434, 29, 135.37
1790985188 24434, 29, 133.77
1790985189 24434, 30, 134.73
1790985190 24434, 33, 146.06
1790985191 24434, 44, 155.53
1790985192 24434, 48, 171.79
1790985193 24434, 34, 140.31
1790985194 24434, 41, 148.46
1790985195 24434, 43, 169.11
1790985196 24434, 26, 119.99
1790985198 24434, 26, 128.15
1790985199 24434, 45, 163.51
1790985200 24434, 27, 148.00
1790985201 24434, 30, 132.50
1790985202 24434, 46, 163.79
1790985203 24434, 28, 180.51
1790985204 24434, 28, 126.18
1790985205 24434, 25, 124.04
1790985206 24434, 26, 120.67
1790985207 24434, 39, 156.49
1790985208 24434, 9, 135.13
1790985209 24434, 32, 125.48
1790985210 24434, 23, 119.24
1790985212 24434, 37, 121.51
1790985213 24434, 42, 157.07
1790985214 24434, 36, 154.84
1790985215 24434, 27, 150.07
1790985216 24434, 26, 122.24
1790985217 24434, 27, 121.84
1790985218 24434, 19, 130.08
1790985219 24434, 38, 132.48
1790985220 24434, 35, 147.74
1790985221 24434, 36, 144.87
1790985222 24434, 39, 150.59
1790985223 24434, 41, 166.08
1790985225 24434, 32, 157.09
1790985226 24434, 36, 138.19
1790985227 24434, 41, 158.55
1790985228 24434, 45, 174.55
1790985229 24434, 40, 144.74
1790985230 24434, 45, 161.33
1790985231 24434, 50, 177.89
1790985232 24434, 33, 160.71
1790985233 24434, 39, 155.57
1790985234 24714, 58, 193.79
1790985235 24714, 47, 187.22
1790985236 24714, 33, 182.13
1790985237 24714, 38, 154.10
1790985238 24714, 33, 155.16
1790985240 24714, 34, 136.54
1790985241 24714, 54, 164.76
1790985242 24714, 43, 184.78
1790985243 24714, 51, 185.66
1790985244 24714, 47, 174.87
1790985245 24714, 50, 190.53
1790985246 24714, 60, 199.85
1790985247 24714, 38, 191.33
1790985248 24714, 43, 164.52
1790985249 24714, 45, 170.20
1790985250 24714, 31, 152.46
1790985251 24714, 31, 143.97
1790985252 24714, 45, 178.07
1790985254 24714, 43, 184.13
1790985255 24714, 49, 167.12
1790985256 24714, 36, 172.80
1790985257 24714, 37, 157.70
1790985258 24714, 42, 160.84
1790985259 24714, 62, 187.72
1790985260 24714, 60, 226.46
1790985261 24714, 51, 185.31
1790985262 24714, 23, 169.16
1790985263 24714, 23, 118.00
1790985264 24714, 39, 159.76
1790985265 24714, 27, 149.26
1790985266 24714, 31, 139.00
1790985267 24714, 37, 134.82
1790985269 24714, 39, 156.76
1790985270 24714, 44, 172.10
1790985271 24714, 30, 157.04
1790985272 24714, 41, 148.94
1790985273 24714, 52, 179.78
1790985274 24714, 27, 143.33
1790985275 24714, 29, 128.39
1790985276 24716, 27, 130.15
1790985277 24716, 31, 134.51
1790985278 24716, 34, 145.10
1790985279 24716, 56, 194.15
1790985280 24716, 47, 180.65
1790985281 24716, 28, 177.07
1790985282 24716, 29, 125.33
1790985284 24716, 31, 136.76
1790985285 24716, 34, 142.65
1790985286 24716, 30, 140.82
1790985287 24716, 25, 135.02
1790985288 24716, 32, 129.70
1790985289 24716, 39, 154.59
1790985290 24716, 54, 171.40
1790985291 24716, 58, 220.74
1790985292 24716, 31, 207.73
1790985293 24716, 30, 143.57
1790985294 24716, 31, 140.22
1790985295 24716, 43, 148.01
1790985296 24716, 42, 173.59
1790985297 24716, 47, 175.33
1790985299 24716, 34, 167.56
1790985300 24716, 37, 153.74
1790985301 24716, 25, 122.58
1790985302 24716, 30, 131.32
1790985303 24716, 41, 139.62
1790985304 24716, 52, 174.61
1790985305 24716, 34, 168.76
1790985306 24716, 39, 157.14
1790985307 24716, 46, 168.98
1790985308 24716, 30, 156.93
1790985309 24716, 24, 148.15
1790985310 24716, 35, 133.25
1790985311 24716, 37, 148.02
1790985313 24716, 42, 159.59
1790985314 24716, 55, 172.24
1790985315 24716, 57, 196.82
1790985316 24716, 40, 166.94
1790985317 24716, 26, 134.80
1790985318 24716, 33, 128.20
1790985319 24716, 37, 150.28
1790985320 24716, 43, 154.71
1790985321 24716, 43, 170.98
1790985322 24716, 43, 162.60
1790985323 24716, 31, 148.71
1790985324 24716, 23, 113.18
1790985325 24716, 43, 141.15
1790985326 24716, 49, 177.34
1790985328 24716, 42, 176.07
1790985329 24716, 44, 174.27
1790985330 24836, 50, 194.12
1790985331 24836, 22, 176.03
1790985332 24836, 22, 114.36
1790985333 24836, 29, 124.83
1790985334 24836, 32, 146.02
1790985335 24836, 36, 142.18
1790985336 24836, 27, 142.01
1790985337 24836, 28, 136.27
1790985338 24836, 36, 145.22
1790985339 24836, 39, 167.69
1790985341 24836, 0, 141.02
1790985342 24836, 35, 135.46
1790985343 24836, 25, 129.44
1790985344 24836, 31, 128.01
1790985345 24836, 34, 151.71
1790985346 24836, 37, 157.17
1790985347 24836, 50, 180.80
1790985348 24836, 36, 172.49
1790985349 24836, 40, 162.77
1790985350 24836, 49, 167.37
1790985351 24836, 39, 160.18
1790985352 24836, 35, 162.98
1790985353 24836, 55, 186.34
1790985355 24836, 32, 203.82
1790985356 24836, 34, 135.12
1790985357 24836, 35, 149.49
1790985358 24836, 32, 161.11
1790985359 24836, 37, 145.82
1790985360 24836, 28, 136.31
1790985361 24836, 29, 135.68
1790985362 24836, 23, 128.72
1790985363 24836, 29, 130.90
1790985364 24836, 33, 144.54
1790985365 24836, 30, 147.81
1790985366 24836, 33, 148.44
1790985367 24836, 21, 125.26
1790985368 24836, 32, 119.14
1790985370 24836, 54, 151.02
1790985371 24836, 27, 195.83
1790985372 24836, 27, 119.80
1790985373 24836, 21, 123.97
1790985374 24836, 22, 123.60
1790985375 24836, 42, 159.30
1790985376 24836, 28, 173.37
1790985377 24836, 29, 128.81
1790985378 24836, 30, 127.68
1790985379 24836, 27, 130.76
1790985380 24836, 27, 127.08
1790985381 24836, 23, 123.71
1790985382 24836, 24, 124.36
1790985384 24836, 25, 126.65
1790985385 24836, 46, 149.02
1790985386 24836, 60, 181.44
1790985387 24836, 46, 173.07
1790985388 24836, 19, 165.61
1790985389 24836, 25, 125.52
1790985390 24836, 21, 136.03
1790985391 24836, 22, 112.84
1790985392 24836, 27, 132.57
1790985393 24836, 37, 122.96
1790985394 24836, 21, 114.42
1790985395 24836, 45, 147.93
1790985396 24836, 44, 182.42
1790985398 24836, 24, 137.06
1790985399 24836, 26, 137.74
1790985400 24836, 20, 115.10
1790985401 24836, 28, 129.05
1790985402 24836, 20, 136.70
1790985403 24836, 25, 115.14
1790985404 24836, 44, 131.56
1790985405 24836, 54, 183.40
1790985406 24836, 28, 155.05
1790985407 24836, 31, 142.46
1790985408 24836, 34, 143.58
1790985409 24836, 49, 160.03
1790985410 24836, 51, 194.30
1790985412 24836, 47, 170.02
1790985413 24836, 41, 171.70
1790985414 24836, 32, 146.80
1790985415 24836, 31, 138.59
1790985416 24836, 26, 138.24
1790985417 24836, 49, 169.56
1790985418 24836, 17, 165.43
1790985419 24836, 18, 114.07
1790985420 24836, 27, 119.44
1790985421 24836, 27, 135.15
1790985422 24836, 23, 111.28
1790985423 24836, 19, 120.61
1790985424 24836, 22, 117.62
1790985426 24836, 28, 122.17
1790985427 24836, 30, 134.80
1790985428 24836, 33, 138.86
1790985429 24836, 35, 149.60
1790985430 24836, 45, 163.81
1790985431 24836, 36, 160.32
1790985432 24836, 46, 172.81
1790985433 24836, 30, 146.62
1790985434 24836, 30, 137.90
1790985435 24836, 47, 163.64
1790985436 24836, 41, 153.69
1790985437 24836, 40, 180.93
1790985438 24836, 49, 165.25
1790985439 24836, 44, 177.54
1790985441 24836, 50, 181.85
1790985442 24836, 45, 183.29
1790985443 24836, 29, 181.41
1790985444 24836, 33, 138.66
1790985445 24836, 42, 158.64
1790985446 24836, 52, 191.18
1790985447 24836, 33, 173.79
1790985448 24836, 25, 146.29
1790985449 24836, 22, 125.38
1790985450 24836, 44, 143.18
1790985451 24836, 46, 184.29
1790985452 24836, 44, 164.69
1790985454 24836, 45, 179.74
1790985455 24836, 24, 128.82
1790985456 24836, 33, 129.84
1790985457 24836, 35, 154.79
1790985458 24836, 38, 148.40
1790985459 24836, 31, 150.19
1790985460 24836, 34, 138.37
1790985461 24836, 41, 149.83
1790985462 24836, 50, 174.22
1790985463 24836, 32, 159.43
1790985464 24836, 22, 151.97
1790985465 24836, 48, 171.21
1790985466 24836, 23, 144.53
1790985467 24836, 21, 122.00
1790985469 24836, 53, 177.75
1790985470 24836, 23, 171.59
1790985471 24836, 24, 130.29
1790985472 24836, 58, 189.36
1790985473 24836, 42, 183.57
1790985474 24836, 52, 181.02
1790985475 24836, 60, 189.65
1790985476 24836, 55, 212.48
1790985477 24836, 35, 149.72
1790985478 24836, 29, 132.79
1790985479 24836, 25, 130.26
1790985480 24836, 27, 112.53
1790985481 24836, 25, 131.71
1790985483 24836, 42, 146.48
1790985484 24836, 40, 190.18
1790985485 24836, 27, 155.21
1790985486 24836, 35, 133.91
1790985487 24836, 51, 177.41
1790985488 24836, 30, 168.73
1790985489 24836, 31, 141.20
1790985490 24836, 58, 170.45
1790985491 24836, 52, 207.01
1790985492 24836, 39, 163.66
1790985493 24836, 37, 157.44
1790985494 24836, 48, 166.62
1790985495 24836, 0, 150.34
1790985497 24836, 34, 134.38
1790985498 24836, 49, 172.32
1790985499 24836, 21, 148.95
1790985500 24836, 20, 116.19
1790985501 24836, 26, 128.02
1790985502 24836, 22, 134.15
1790985503 24836, 36, 138.54
1790985504 24836, 32, 146.16
1790985505 24836, 34, 146.32
1790985506 24836, 53, 166.20
1790985507 24836, 35, 179.28
1790985508 24836, 36, 143.77
1790985509 24836, 21, 141.32
1790985511 24836, 22, 119.46
1790985512 24836, 27, 117.14
1790985513 24836, 26, 139.57
1790985514 24836, 25, 127.11
1790985515 24836, 46, 147.52
1790985516 24836, 54, 192.56
1790985517 24836, 54, 181.19
1790985518 24836, 54, 202.61
1790985519 24876, 56, 198.90
1790985520 24876, 36, 164.84
1790985521 24876, 25, 151.24
1790985522 24876, 25, 124.54
1790985523 24876, 48, 155.07
1790985525 24876, 57, 186.45
1790985526 24876, 31, 150.06
1790985527 24876, 35, 152.57
1790985528 24876, 37, 147.82
1790985529 24876, 40, 149.94
1790985530 24876, 23, 152.26
1790985531 24876, 24, 114.59
1790985532 24876, 36, 124.11
1790985533 24876, 39, 166.88
1790985534 24876, 30, 136.29
1790985535 24876, 25, 132.17
1790985536 24876, 21, 120.20
1790985537 24876, 33, 135.00
1790985539 24876, 36, 160.45
1790985540 24876, 25, 130.04
1790985541 24876, 38, 144.37
1790985542 24876, 43, 166.07
1790985543 24876, 41, 167.43
1790985544 24876, 45, 185.75
1790985545 24876, 30, 143.17
1790985546 24876, 29, 138.97
1790985547 24876, 31, 136.69
1790985548 24876, 30, 138.99
1790985549 24876, 46, 155.98
1790985550 24876, 48, 182.01
1790985551 24876, 47, 165.94
1790985553 24876, 46, 184.65
1790985554 24876, 55, 178.99
1790985555 24876, 30, 189.18
1790985556 24876, 18, 134.41
1790985557 24876, 22, 118.28
1790985558 24876, 35, 133.98
1790985559 24876, 40, 164.35
1790985560 24876, 31, 142.03
1790985561 24876, 32, 142.17
1790985562 24876, 34, 135.61
1790985563 24876, 26, 140.60
1790985564 24876, 29, 138.91
1790985565 24876, 40, 154.61
1790985567 24876, 54, 191.58
1790985568 24876, 31, 149.52
1790985569 24876, 31, 146.34
1790985570 24876, 34, 143.46
1790985571 24876, 24, 131.26
1790985572 24876, 37, 127.28
1790985573 24876, 40, 159.01
1790985574 24876, 46, 169.03
1790985575 24876, 50, 194.01
1790985576 24876, 24, 125.22
1790985577 24876, 40, 161.73
1790985578 24876, 29, 157.66
1790985579 24876, 27, 131.79
1790985581 24876, 50, 171.15
1790985582 24876, 9, 164.58
1790985583 24876, 30, 132.19
1790985584 24876, 50, 176.97
1790985585 24876, 37, 169.62
1790985586 24876, 39, 170.05
1790985587 24876, 48, 179.49
1790985588 24876, 61, 200.38
1790985589 25576, 75, 232.54
1790985590 25576, 39, 232.28
1790985591 25576, 38, 166.88
1790985592 25576, 25, 138.64
1790985593 25576, 32, 134.44
1790985595 25576, 0, 125.04
1790985596 25576, 23, 124.90
1790985597 25576, 30, 150.70
1790985598 25576, 33, 149.36
1790985599 25576, 32, 147.04
1790985600 25576, 35, 151.80
1790985601 25576, 41, 171.66
1790985602 25576, 40, 168.09
1790985603 25576, 40, 171.90
1790985604 25576, 22, 126.75
1790985605 25576, 35, 142.95
1790985606 25576, 42, 172.74
1790985607 25576, 44, 166.25
1790985609 25576, 43, 185.77
1790985610 25576, 38, 165.44
1790985611 25576, 39, 170.40
1790985612 25576, 23, 117.04
1790985613 25576, 28, 125.63
1790985614 25576, 28, 132.14
1790985615 25576, 30, 139.02
1790985616 25576, 24, 142.77
1790985617 25576, 22, 120.80
1790985618 25576, 55, 186.50
1790985619 25576, 50, 198.68
1790985620 25576, 54, 198.73
1790985621 25576, 30, 177.60
1790985623 25576, 35, 150.12
1790985624 25576, 45, 163.68
1790985625 25576, 48, 178.35
1790985626 25576, 22, 110.88
1790985627 25576, 25, 122.54
1790985628 25576, 26, 134.96
1790985629 25576, 28, 132.33
1790985630 25576, 28, 135.43
1790985631 25576, 34, 147.17
1790985632 25576, 30, 148.80
1790985633 25576, 26, 134.68
1790985634 25576, 29, 133.90
1790985635 25576, 39, 140.84
1790985637 25576, 44, 175.00
1790985638 25576, 35, 174.38
1790985639 25576, 38, 166.71
1790985640 25576, 30, 132.93
1790985641 25576, 36, 140.88
1790985642 25576, 37, 145.53
1790985643 25576, 27, 144.36
1790985644 25576, 27, 130.96
1790985645 25576, 33, 155.01
1790985646 25576, 31, 171.79
1790985647 25576, 43, 175.03
1790985648 25576, 35, 158.15
1790985649 25576, 37, 156.90
1790985651 25576, 34, 140.90
1790985652 25576, 35, 149.86
1790985653 25576, 39, 166.53
1790985654 25576, 35, 149.10
1790985655 25576, 0, 135.52
1790985656 25576, 31, 129.65
1790985657 25576, 57, 185.40
1790985658 25576, 28, 189.07
1790985659 25576, 34, 146.30
1790985660 25576, 58, 175.10
1790985661 25576, 27, 180.80
1790985662 25576, 31, 140.43
1790985663 25576, 48, 166.22
1790985664 25576, 34, 174.24
1790985666 25576, 34, 150.98
1790985667 25576, 63, 184.17
1790985668 25576, 45, 219.80
1790985669 25576, 43, 169.12
1790985670 25576, 43, 143.79
1790985671 25576, 44, 172.51
1790985672 25576, 55, 187.08
1790985673 25576, 41, 180.51
1790985674 25576, 47, 185.98
1790985675 25576, 35, 152.02
1790985676 25576, 29, 136.82
1790985677 25576, 22, 141.76
1790985678 25576, 23, 119.48
1790985679 25576, 29, 136.86
1790985681 25576, 37, 132.05
1790985682 25576, 20, 126.29
1790985683 25576, 22, 126.32
1790985684 25576, 32, 131.80
1790985685 25576, 32, 143.66
1790985686 25576, 41, 156.16
1790985687 25576, 31, 151.93
1790985688 25576, 35, 146.82
1790985689 25576, 25, 128.85
1790985690 25576, 27, 118.27
1790985691 25576, 41, 138.52
1790985692 25576, 46, 177.04
1790985693 25576, 27, 153.29
1790985694 25576, 24, 131.35
1790985696 25576, 27, 128.72
1790985697 25576, 32, 135.30
1790985698 25576, 33, 148.85
1790985699 25576, 45, 174.35
1790985700 25576, 36, 151.03
1790985701 25576, 44, 159.57
1790985702 25576, 58, 197.53
1790985703 25576, 30, 155.77
1790985704 25576, 34, 145.03
1790985705 25576, 51, 174.24
1790985706 25576, 53, 184.26
1790985707 25576, 41, 190.90
1790985708 25576, 47, 176.36
1790985709 25576, 41, 177.11
1790985711 25576, 53, 192.10
1790985712 25576, 36, 154.94
1790985713 25576, 29, 150.93
1790985714 25576, 31, 137.02
1790985715 25576, 33, 142.98
1790985716 25576, 17, 138.77
1790985717 25576, 43, 170.65
1790985718 25576, 37, 148.10
1790985719 25576, 39, 156.26
1790985720 25576, 51, 181.48
1790985721 25576, 51, 189.56
1790985722 25576, 28, 163.22
1790985723 25576, 28, 130.53
1790985724 25576, 39, 150.54
1790985726 25576, 36, 160.70
1790985727 25576, 34, 168.63
1790985728 25576, 41, 173.61
1790985729 25576, 61, 205.55
1790985730 25576, 0, 124.47
1790985731 25576, 36, 145.85
1790985732 25576, 46, 168.60
1790985733 25576, 48, 182.83
1790985734 25576, 50, 185.10
1790985735 25576, 23, 131.13
1790985736 25576, 30, 125.06
1790985737 25576, 32, 135.88
1790985738 25576, 48, 154.56
1790985740 25576, 52, 196.63
1790985741 25576, 28, 163.05
1790985742 25576, 30, 147.76
1790985743 25576, 28, 128.34
1790985744 25576, 29, 132.97
1790985745 25576, 32, 142.69
1790985746 25576, 26, 119.62
1790985747 25576, 28, 135.64
1790985748 25576, 25, 125.80
1790985749 25576, 36, 144.48
1790985750 25576, 43, 176.01
1790985751 25576, 53, 170.20
1790985752 25576, 37, 188.70
1790985754 25576, 38, 151.89
1790985755 25576, 23, 137.91
1790985756 25576, 21, 115.57
1790985757 25576, 44, 164.59
1790985758 25576, 34, 147.96
1790985759 25576, 25, 140.50
1790985760 25576, 23, 111.05
1790985761 25576, 31, 126.21
1790985762 25576, 33, 144.33
1790985763 25576, 46, 179.36
1790985764 25576, 47, 170.61
1790985765 25576, 40, 169.95
1790985766 25576, 42, 156.08
1790985768 25576, 39, 168.25
1790985769 25576, 24, 121.50
1790985770 25576, 34, 127.88
1790985771 25576, 41, 151.87
1790985772 25576, 36, 148.46
1790985773 25576, 25, 148.14
1790985774 25576, 22, 120.80
1790985775 25576, 39, 136.43
1790985776 25576, 43, 150.65
1790985777 25576, 49, 174.50
1790985778 25576, 44, 195.83
1790985779 25576, 38, 159.28
1790985780 25576, 34, 152.30
1790985782 25576, 32, 142.72
1790985783 25576, 26, 134.25
1790985784 25576, 31, 135.75
1790985785 25576, 29, 136.41
1790985786 25576, 34, 138.80
1790985787 25576, 32, 144.72
1790985788 25576, 31, 135.67
1790985789 25576, 30, 135.34
1790985790 25576, 30, 124.56
1790985791 25576, 43, 148.67
1790985792 25576, 32, 149.95
1790985793 25576, 30, 134.12
1790985794 25576, 53, 180.42
1790985796 25576, 35, 178.17
1790985797 25576, 42, 156.05
1790985798 25576, 40, 152.06
1790985799 25576, 38, 160.29
1790985800 25576, 32, 139.32
1790985801 25576, 49, 169.92
1790985802 25576, 45, 179.06
1790985803 25576, 51, 177.70
1790985804 25576, 0, 148.57
1790985805 25576, 29, 140.37
1790985806 25576, 47, 163.11
1790985807 25576, 34, 155.87
1790985808 25576, 35, 149.37
1790985809 25576, 50, 174.13
1790985811 25576, 31, 167.84
1790985812 25576, 27, 134.82
1790985813 25576, 28, 129.60
1790985814 25576, 40, 134.53
1790985815 25576, 43, 180.85
1790985816 25576, 47, 173.95
1790985817 25576, 29, 164.07
1790985818 25576, 30, 125.75
1790985819 25576, 48, 155.14
1790985820 25576, 43, 180.40
1790985821 25576, 28, 128.37
1790985822 25576, 36, 147.46
1790985823 25576, 21, 154.47
1790985824 25576, 20, 115.19
1790985825 25576, 25, 112.10
1790985827 25576, 34, 131.41
1790985828 25576, 32, 136.05
1790985829 25576, 37, 147.18
1790985830 25576, 40, 156.86
1790985831 25576, 30, 146.28
1790985832 25576, 34, 146.10
1790985833 25576, 25, 119.79
1790985834 25576, 26, 120.99
1790985835 25576, 43, 160.57
1790985836 25576, 22, 137.85
1790985837 25576, 19, 116.52
1790985838 25576, 21, 112.88
1790985839 25576, 32, 121.26
1790985841 25576, 36, 153.07
1790985842 25576, 25, 141.70
1790985843 25576, 24, 127.57
1790985844 25576, 36, 151.82
1790985845 25576, 29, 137.52
1790985846 25576, 25, 124.28
1790985847 25576, 11, 115.12
1790985848 25576, 30, 126.61
1790985849 25576, 25, 123.27
1790985850 25576, 34, 131.00
1790985851 25576, 44, 161.14
1790985852 25576, 49, 179.32
1790985853 25576, 37, 173.94
1790985855 25576, 46, 168.42
1790985856 25576, 46, 168.75
1790985857 25576, 39, 176.80
1790985858 25576, 27, 173.67
1790985859 25576, 27, 141.66
1790985860 25578, 29, 137.63
1790985861 25578, 29, 129.82
1790985862 25578, 0, 134.04
1790985863 25578, 47, 176.86
1790985864 25578, 27, 126.50
1790985865 25578, 25, 124.57
1790985866 25578, 23, 117.63
1790985867 25578, 43, 151.39
1790985869 25578, 37, 176.64
1790985870 25578, 23, 129.20
1790985871 25578, 28, 126.17
1790985872 25578, 31, 128.13
1790985873 25578, 33, 140.28
1790985874 25578, 31, 137.29
1790985875 25578, 31, 138.61
1790985876 25578, 28, 144.79
1790985877 25578, 46, 177.48
1790985878 25578, 47, 179.35
1790985879 25578, 19, 143.82
1790985880 25578, 23, 115.79
1790985881 25578, 30, 128.07
1790985883 25578, 28, 131.87
1790985884 25578, 31, 132.96
1790985885 25578, 34, 138.03
1790985886 25578, 33, 140.06
1790985887 25578, 43, 149.05
1790985888 25578, 50, 178.55
1790985889 25578, 40, 162.12
1790985890 25578, 42, 158.74
1790985891 25578, 57, 164.02
1790985892 25578, 31, 183.99
1790985893 25578, 33, 139.94
1790985894 25578, 23, 122.22
1790985895 25578, 26, 113.56
1790985897 25578, 43, 139.38
1790985898 25578, 33, 155.48
1790985899 25578, 53, 179.58
1790985900 25578, 27, 128.03
1790985901 25578, 34, 138.45
1790985902 25578, 48, 165.22
1790985903 25578, 32, 157.24
1790985904 25578, 36, 151.61
1790985905 25578, 0, 140.43
1790985906 25578, 36, 149.43
1790985907 25578, 28, 131.28
1790985908 25578, 28, 134.31
1790985909 25578, 29, 140.51
1790985911 25578, 22, 126.71
1790985912 25578, 26, 120.97
1790985913 25578, 32, 132.17
1790985914 25578, 31, 134.44
1790985915 25578, 38, 147.44
1790985916 25578, 37, 144.80
1790985917 25578, 30, 151.97
1790985918 25578, 53, 176.38
1790985919 25578, 33, 170.40
1790985920 25578, 32, 143.80
1790985921 25578, 27, 123.12
1790985922 25578, 36, 139.47
1790985923 25578, 38, 157.11
1790985925 25578, 35, 145.20
1790985926 25578, 34, 147.19
1790985927 25578, 39, 149.01
1790985928 25578, 40, 163.52
1790985929 25578, 24, 158.82
1790985930 25578, 23, 117.61
1790985931 25578, 19, 118.29
1790985932 25578, 25, 120.02
1790985933 25578, 52, 169.94
1790985934 25578, 58, 200.04
1790985935 25578, 19, 103.14
1790985936 25578, 35, 131.51
1790985937 25578, 46, 169.29
1790985939 25578, 32, 148.28
1790985940 25578, 28, 141.40
1790985941 25578, 40, 147.78
1790985942 25578, 22, 127.06
1790985943 25578, 23, 116.05
1790985944 25578, 38, 144.98
1790985945 25578, 37, 153.80
1790985946 25578, 36, 158.60
1790985947 25578, 40, 156.51
1790985948 25578, 43, 165.74
1790985949 25578, 27, 127.03
1790985950 25578, 12, 126.22
1790985951 25578, 37, 155.00
1790985952 25578, 44, 156.27
1790985954 25578, 25, 150.66
1790985955 25578, 28, 122.31
1790985956 25578, 29, 126.97
1790985957 25578, 21, 131.63
1790985958 25578, 38, 123.91
1790985959 25578, 31, 130.04
1790985960 25578, 18, 126.95
1790985961 25578, 30, 116.87
1790985962 25578, 35, 136.46
1790985963 25578, 20, 134.45
1790985964 25578, 46, 165.31
1790985965 25578, 36, 149.25
1790985966 25578, 43, 151.70
1790985968 25578, 49, 175.32
1790985969 25578, 36, 162.83
1790985970 25578, 44, 166.16
1790985971 25578, 50, 159.48
1790985972 25578, 55, 193.20
1790985973 25578, 42, 157.81
1790985974 25578, 27, 157.98
1790985975 25578, 31, 134.12
1790985976 25578, 31, 136.29
1790985977 25578, 31, 137.36
1790985978 25578, 36, 142.24
1790985979 25578, 31, 148.85
1790985980 25578, 36, 156.24
1790985982 25578, 29, 144.61
1790985983 25578, 32, 142.38
1790985984 25578, 21, 122.25
1790985985 25578, 30, 124.97
1790985986 25578, 36, 134.32
1790985987 25578, 54, 157.95
1790985988 25578, 31, 179.13
1790985989 25578, 30, 137.45
1790985990 25578, 48, 159.00
1790985991 25578, 31, 182.84
1790985992 25578, 35, 144.48
1790985993 25578, 23, 126.42
1790985994 25578, 34, 124.42
1790985996 25578, 41, 149.71
1790985997 25578, 49, 164.53
1790985998 25578, 46, 195.12
1790985999 25578, 52, 168.99
1790986000 25578, 27, 166.71
1790986001 25578, 26, 115.19
1790986002 25578, 38, 137.34
1790986003 25578, 45, 169.51
1790986004 25578, 40, 158.22
1790986005 25578, 42, 165.88
1790986006 25578, 45, 166.28
1790986007 25578, 37, 163.13
1790986008 25578, 42, 174.79
1790986010 25578, 25, 128.09
1790986011 25578, 32, 124.52
1790986012 25578, 32, 138.25
1790986013 25578, 29, 133.56
1790986014 25578, 27, 131.82
1790986015 25578, 30, 120.38
1790986016 25578, 50, 156.84
1790986017 25578, 63, 211.11
1790986018 25578, 34, 159.99
1790986019 25578, 33, 145.27
1790986020 25578, 42, 149.12
1790986021 25578, 54, 189.74
1790986022 25578, 47, 190.99
1790986024 25578, 54, 195.26
1790986025 25578, 45, 173.12
1790986026 25578, 33, 179.69
1790986027 25578, 35, 132.14
1790986028 25578, 60, 198.46
1790986029 25578, 32, 187.94
1790986030 25578, 34, 133.82
1790986031 25578, 33, 142.07
1790986032 25578, 39, 147.86
1790986033 25578, 53, 183.48
1790986034 25578, 28, 128.41
1790986035 25578, 40, 141.90
1790986036 25578, 50, 185.18
1790986037 25578, 27, 139.85
1790986039 25578, 38, 131.71
1790986040 25578, 42, 161.57
1790986041 25578, 26, 138.71
1790986042 25578, 3, 141.04
1790986043 25578, 48, 175.07
1790986044 25578, 32, 146.82
1790986045 25578, 43, 150.96
1790986046 25578, 52, 182.53
1790986047 25578, 48, 177.33
1790986048 25578, 52, 185.84
1790986049 25578, 56, 207.03
1790986050 25578, 27, 138.46
1790986051 25578, 48, 149.91
1790986053 25578, 61, 214.68
1790986054 25578, 30, 168.80
1790986055 25578, 47, 145.70
1790986056 25578, 55, 201.28
1790986057 25578, 51, 156.61
1790986058 25578, 31, 183.58
1790986059 25578, 34, 140.34
1790986060 25578, 47, 159.19
1790986061 25578, 51, 189.40
1790986062 25578, 35, 143.18
1790986063 25578, 39, 146.58
1790986064 25578, 30, 147.48
1790986065 25578, 28, 133.51
1790986066 25578, 34, 133.22
1790986068 25578, 28, 138.10
1790986069 25578, 32, 138.19
1790986070 25578, 5, 135.30
1790986071 25578, 36, 152.83
1790986072 25578, 43, 166.01
1790986073 25578, 35, 144.76
1790986074 25578, 26, 140.87
1790986075 25578, 27, 124.93
1790986076 25578, 43, 143.01
1790986077 25578, 35, 163.79
1790986078 25578, 40, 161.57
1790986079 25578, 51, 173.53
1790986080 25578, 38, 174.86
1790986082 25578, 45, 172.76
1790986083 25578, 39, 158.89
1790986084 25578, 50, 179.58
1790986085 25578, 21, 107.64
1790986086 25578, 31, 130.67
1790986087 25578, 38, 147.49
1790986088 25578, 32, 146.53
1790986089 25578, 32, 139.06
1790986090 25578, 57, 174.83
1790986091 25578, 53, 206.63
1790986092 25578, 27, 128.54
1790986093 25578, 25, 125.11
1790986094 25578, 25, 124.52
1790986096 25578, 44, 143.41
1790986097 25578, 27, 153.54
1790986098 25578, 47, 158.47
1790986099 25578, 0, 126.40
1790986100 25578, 31, 129.30
1790986101 25578, 48, 156.28
1790986102 25578, 47, 170.71
1790986103 25578, 35, 144.55
1790986104 25578, 34, 151.89
1790986105 25578, 39, 161.36
1790986106 25578, 44, 169.26
1790986107 25578, 45, 188.97
1790986108 25578, 33, 140.59
1790986110 25578, 39, 150.70
1790986111 25578, 48, 180.96
1790986112 25578, 30, 138.01
1790986113 25578, 48, 141.97
1790986114 25578, 56, 196.13
1790986115 25578, 30, 119.21
1790986116 25578, 25, 126.53
1790986117 25578, 22, 116.51
1790986118 25578, 29, 121.07
1790986119 25578, 35, 138.76
1790986120 25578, 31, 140.22
1790986121 25578, 34, 148.12
1790986122 25578, 47, 171.03
1790986124 25578, 57, 183.48
1790986125 25578, 45, 200.14
1790986126 25578, 25, 124.57
1790986127 25578, 26, 126.48
1790986128 25578, 30, 129.59
1790986129 25578, 40, 133.93
1790986130 25578, 32, 153.91
1790986131 25578, 35, 145.47
1790986132 25578, 38, 153.44
1790986133 25578, 52, 184.71
1790986134 25578, 47, 175.02
1790986135 25578, 34, 165.96
1790986136 25578, 43, 160.33
1790986138 25578, 25, 122.10
1790986139 25578, 26, 118.67
1790986140 25578, 25, 118.11
1790986141 25578, 21, 109.28
1790986142 25578, 40, 122.60
1790986143 25578, 46, 168.66
1790986144 25578, 20, 156.61
1790986145 25578, 24, 113.83
1790986146 25578, 41, 140.77
1790986147 25578, 48, 182.83
1790986148 25578, 33, 139.17
1790986149 25578, 59, 183.01
1790986150 25578, 64, 213.53
1790986152 25578, 54, 183.47
1790986153 25578, 24, 163.71
1790986154 25578, 27, 127.76
1790986155 25578, 58, 179.66
1790986156 25578, 40, 177.10
1790986157 25578, 42, 170.14
1790986158 25578, 48, 154.94
1790986159 25578, 39, 175.30
1790986160 25578, 47, 173.20
1790986161 25578, 21, 138.57
1790986162 25578, 29, 121.64
1790986163 25578, 32, 144.59
1790986164 25578, 29, 130.49
1790986165 25578, 24, 125.72
1790986167 25578, 25, 119.38
1790986168 25578, 30, 127.81
1790986169 25578, 43, 143.28
1790986170 25578, 49, 185.58
1790986171 25578, 25, 119.64
1790986172 25578, 10, 140.19
1790986173 25578, 50, 189.69
1790986174 25578, 56, 185.45
1790986175 25578, 30, 176.60
1790986176 25578, 33, 141.86
1790986177 25578, 24, 123.91
1790986178 25578, 42, 143.38
1790986179 25578, 24, 153.34
1790986180 25578, 24, 117.34
1790986182 25578, 38, 133.93
1790986183 25578, 28, 157.85
1790986184 25578, 28, 124.30
1790986185 25578, 49, 151.29
1790986186 25578, 34, 177.26
1790986187 25578, 39, 152.54
1790986188 25578, 27, 139.95
1790986189 25578, 32, 130.44
1790986190 25578, 39, 149.52
1790986191 25578, 33, 151.36
1790986192 25578, 28, 153.76
1790986193 25578, 29, 133.88
1790986194 25578, 48, 159.75
1790986195 25578, 36, 170.60
1790986197 25578, 40, 159.49
1790986198 25578, 24, 138.29
1790986199 25578, 25, 119.79
1790986200 25578, 32, 133.81
1790986201 25578, 48, 162.70
1790986202 25578, 48, 179.61
1790986203 25578, 62, 198.60
1790986204 25578, 26, 169.79
1790986205 25578, 27, 127.75
1790986206 25578, 52, 170.53
1790986207 25578, 52, 174.68
1790986208 25578, 23, 174.89
1790986209 25578, 22, 119.09
1790986211 25578, 32, 131.15
1790986212 25578, 29, 144.84
1790986213 25578, 26, 115.48
1790986214 25578, 40, 134.90
1790986215 25578, 29, 178.08
1790986216 25578, 28, 129.49
1790986217 25578, 41, 147.88
1790986218 25578, 51, 185.59
1790986219 25578, 28, 132.73
1790986220 25578, 40, 143.62
1790986221 25578, 48, 174.62
1790986222 25578, 30, 129.15
1790986223 25578, 24, 122.11
1790986224 25578, 44, 128.05
1790986226 25578, 52, 178.41
1790986227 25578, 4, 156.15
1790986228 25578, 39, 138.22
1790986229 25578, 33, 138.63
1790986230 25578, 32, 126.59
1790986231 25578, 38, 137.78
1790986232 25578, 21, 119.24
1790986233 25578, 34, 128.20
1790986234 25578, 20, 126.01
1790986235 25578, 21, 127.68
1790986236 25578, 45, 134.07
1790986237 25578, 28, 192.50
1790986238 25578, 28, 126.68
1790986239 25578, 21, 120.82
1790986241 25578, 32, 119.23
1790986242 25578, 34, 142.55
1790986243 25578, 30, 139.65
1790986244 25578, 34, 143.47
1790986245 25578, 40, 155.97
1790986246 25578, 47, 162.45
1790986247 25578, 32, 177.17
1790986248 25578, 38, 131.26
1790986249 25578, 40, 152.27
1790986250 25578, 49, 177.72
1790986251 25578, 31, 134.03
1790986252 25578, 53, 160.12
1790986253 25578, 30, 184.81
1790986255 25578, 32, 135.65
1790986256 25578, 42, 150.59
1790986257 25578, 54, 191.54
1790986258 25578, 28, 135.85
1790986259 25578, 27, 123.89
1790986260 25578, 36, 128.59
1790986261 25578, 39, 141.33
1790986262 25578, 29, 147.35
1790986263 25578, 33, 137.46
1790986264 25578, 25, 120.53
1790986265 25578, 36, 127.46
1790986266 25578, 36, 163.20
1790986267 25578, 42, 163.35
1790986268 25578, 26, 141.16
1790986270 25578, 27, 125.91
1790986271 25578, 32, 133.34
1790986272 25578, 34, 138.58
1790986273 25578, 39, 156.72
1790986274 25578, 40, 161.38
1790986275 25578, 51, 147.62
1790986276 25578, 41, 183.37
1790986277 25578, 44, 157.72
1790986278 25578, 44, 164.93
1790986279 25578, 56, 187.89
1790986280 25578, 42, 163.60
1790986281 25578, 49, 161.91
1790986282 25578, 41, 184.71
1790986283 25578, 39, 147.61
1790986285 25578, 51, 166.22
1790986286 25578, 62, 212.85
1790986287 25578, 48, 180.94
1790986288 25578, 29, 178.27
1790986289 25578, 41, 157.96
1790986290 25578, 39, 144.73
1790986291 25578, 45, 153.61
1790986292 25578, 59, 188.46
1790986293 25578, 42, 177.22
1790986294 25578, 47, 181.99
1790986295 25578, 50, 182.78
1790986296 25578, 63, 188.20
1790986297 25578, 50, 209.07
1790986299 25578, 43, 159.22
1790986300 25578, 39, 160.91
1790986301 25578, 48, 170.21
1790986302 25578, 29, 134.71
1790986303 25578, 42, 153.03
1790986304 25578, 52, 188.57
1790986305 25578, 54, 178.63
1790986306 25578, 37, 179.09
1790986307 25578, 40, 154.12
1790986308 25578, 42, 152.05
1790986309 25578, 38, 162.60
1790986310 25578, 65, 223.80
1790986311 25578, 50, 186.26
1790986312 25578, 24, 175.91
1790986314 25578, 23, 115.96
1790986315 25578, 0, 126.57
1790986316 25578, 41, 156.60
1790986317 25578, 32, 139.31
1790986318 25578, 39, 142.92
1790986319 25578, 38, 154.85
1790986320 25578, 48, 172.36
1790986321 25578, 31, 149.06
1790986322 25578, 40, 137.15
1790986323 25578, 51, 171.10
1790986324 25578, 27, 155.28
1790986325 25578, 28, 124.56
1790986326 25578, 28, 127.85
1790986327 25578, 34, 124.08
1790986329 25578, 49, 146.69
1790986330 25578, 55, 186.85
1790986331 25578, 41, 180.92
1790986332 25578, 48, 181.09
1790986333 25578, 29, 130.81
1790986334 25578, 33, 135.05
1790986335 25578, 31, 139.35
1790986336 25578, 35, 140.77
1790986337 25578, 28, 128.84
1790986338 25578, 35, 128.94
1790986339 25578, 42, 154.73
1790986340 25578, 62, 207.82
1790986341 25578, 31, 184.31
1790986343 25578, 33, 129.51
1790986344 25578, 32, 136.24
1790986345 25578, 40, 140.42
1790986346 25578, 42, 163.47
1790986347 25578, 47, 167.79
1790986348 25578, 35, 168.09
1790986349 25578, 38, 148.84
1790986350 25578, 28, 127.06
1790986351 25578, 30, 122.88
1790986352 25578, 33, 135.82
1790986353 25578, 50, 157.22
1790986354 25578, 11, 156.73
1790986355 25578, 41, 143.77
1790986356 25578, 48, 165.08
1790986358 25578, 31, 170.55
1790986359 25578, 35, 140.34
1790986360 25578, 32, 140.38
1790986361 25578, 36, 146.32
1790986362 25578, 41, 160.50
1790986363 25578, 58, 177.15
1790986364 25578, 37, 182.50
1790986365 25578, 43, 161.45
1790986366 25578, 25, 137.40
1790986367 25578, 33, 126.40
1790986368 25578, 37, 145.67
1790986369 25578, 48, 145.61
1790986370 25578, 41, 172.29
1790986371 25578, 49, 175.67
1790986373 25578, 31, 149.57
1790986374 25578, 32, 138.26
1790986375 25578, 53, 172.85
1790986376 25578, 42, 191.01
1790986377 25578, 51, 185.29
1790986378 25578, 60, 207.47
1790986379 25578, 24, 161.91
1790986380 25578, 23, 114.96
1790986381 25578, 38, 137.08
1790986382 25578, 33, 144.87
1790986383 25578, 29, 129.74
1790986384 25578, 24, 123.33
1790986385 25578, 27, 134.51
1790986387 25578, 45, 147.38
1790986388 25578, 45, 177.14
1790986389 25578, 37, 144.01
1790986390 25578, 25, 122.07
1790986391 25578, 27, 118.93
1790986392 25578, 40, 146.91
1790986393 25578, 40, 154.96
1790986394 25578, 50, 175.48
1790986395 25578, 33, 171.04
1790986396 25578, 38, 150.84
1790986397 25578, 44, 159.68
1790986398 25578, 36, 159.49
1790986399 25578, 39, 133.84
1790986401 25578, 45, 156.97
1790986402 25578, 53, 189.09
1790986403 25578, 27, 172.14
1790986404 25578, 32, 141.04
1790986405 25578, 37, 146.44
1790986406 25578, 33, 149.72
1790986407 25578, 35, 144.99
1790986408 25578, 30, 135.39
1790986409 25578, 30, 134.29
1790986410 25578, 31, 130.54
1790986411 25578, 42, 154.58
1790986412 25578, 34, 154.79
1790986413 25578, 38, 136.60
1790986415 25578, 24, 130.15
1790986416 25578, 23, 117.22
1790986417 25578, 60, 188.73
1790986418 25578, 28, 153.06
1790986419 25578, 26, 124.37
1790986420 25578, 27, 120.15
1790986421 25578, 33, 135.97
1790986422 25578, 45, 161.84
1790986423 25578, 27, 142.65
1790986424 25578, 27, 123.06
1790986425 25578, 29, 126.28
1790986426 25578, 26, 122.90
1790986427 25578, 23, 121.92
1790986429 25578, 22, 109.26
1790986430 25578, 21, 119.02
1790986431 25578, 24, 120.06
1790986432 25578, 44, 139.34
1790986433 25578, 47, 202.23
1790986434 25578, 49, 164.06
1790986435 25578, 44, 173.82
1790986436 25578, 52, 180.98
1790986437 25578, 32, 158.38
1790986438 25578, 36, 143.10
1790986439 25578, 24, 113.88
1790986440 25578, 34, 132.10
1790986441 25578, 20, 132.60
1790986443 25578, 22, 106.03
1790986444 25578, 41, 132.73
1790986445 25578, 52, 181.37
1790986446 25578, 33, 143.07
1790986447 25578, 34, 135.84
1790986448 25578, 36, 141.79
1790986449 25578, 53, 173.09
1790986450 25578, 42, 185.26
1790986451 25578, 34, 169.59
1790986452 25578, 33, 165.21
1790986453 25578, 13, 131.89
1790986454 25578, 26, 122.36
1790986455 25578, 24, 128.01
1790986457 25578, 44, 160.68
1790986458 25578, 21, 164.01
1790986459 25578, 22, 106.17
1790986460 25578, 22, 114.26
1790986461 25578, 31, 133.23
1790986462 25578, 26, 119.08
1790986463 25578, 24, 124.10
1790986464 25578, 26, 121.00
1790986465 25578, 33, 131.14
1790986466 25578, 33, 142.31
1790986467 25578, 41, 152.77
1790986468 25578, 47, 172.33
1790986469 25578, 43, 171.98
1790986470 25578, 48, 183.75
1790986472 25578, 34, 139.29
1790986473 25578, 40, 146.37
1790986474 25578, 48, 170.96
1790986475 25578, 50, 172.57
1790986476 25578, 41, 170.20
1790986477 25578, 46, 178.09
1790986478 25578, 55, 177.65
1790986479 25578, 48, 192.99
1790986480 25578, 57, 192.86
1790986481 25578, 32, 173.73
1790986482 25578, 43, 152.89
1790986483 25578, 56, 190.37
1790986484 25578, 37, 159.10
1790986486 25578, 26, 147.10
1790986487 25578, 27, 118.23
1790986488 25578, 45, 144.33
1790986489 25578, 57, 192.57
1790986490 25578, 54, 181.58
1790986491 25578, 28, 152.41
1790986492 25578, 33, 130.66
1790986493 25578, 38, 153.57
1790986494 25578, 36, 149.63
1790986495 25578, 38, 155.68
1790986496 25578, 30, 141.28
1790986497 25578, 41, 149.10
1790986498 25578, 44, 168.54
1790986500 25578, 23, 143.53
1790986501 25578, 36, 124.08
1790986502 25578, 40, 150.90
1790986503 25578, 45, 179.45
1790986504 25578, 21, 122.86
1790986505 25578, 19, 130.93
1790986506 25578, 20, 110.74
1790986507 25578, 29, 127.07
1790986508 25578, 20, 121.37
1790986509 25578, 20, 124.47
1790986510 25578, 0, 92.44
1790986511 25578, 0, 75.07
1790986512 25578, 5, 75.11
1790986514 25578, 1, 74.87
1790986515 25578, 0, 74.61
1790986516 25578, 5, 74.61
1790986517 25578, 0, 74.67
1790986518 25578, 1, 74.31
1790986519 25578, 0, 74.25
1790986520 25578, 0, 74.25
1790986521 25578, 0, 74.03
1790986522 25578, 0, 73.94
1790986523 25578, 18, 73.92
1790986524 25578, 1, 73.86
1790986525 25578, 0, 73.88
1790986526 25578, 0, 73.63
1790986528 25578, 13, 73.18
1790986529 25578, 5, 73.44
1790986530 25578, 0, 73.59
1790986531 25578, 0, 73.59
1790986532 25578, 18, 73.39
1790986533 25578, 0, 73.32
1790986534 25578, 0, 73.27
1790986535 25578, 5, 73.13
1790986536 25578, 0, 73.18
1790986537 25578, 0, 73.08
1790986538 25578, 0, 73.24
1790986539 25578, 0, 73.19
1790986540 25578, 0, 72.88
1790986542 25578, 7, 72.97
1790986543 25578, 0, 72.93
1790986544 25578, 8, 73.23
1790986545 25578, 0, 73.12
1790986546 25578, 0, 72.62
1790986547 25578, 8, 72.80
1790986548 25578, 0, 73.03
1790986549 25578, 0, 73.11
1790986550 25578, 0, 72.71
1790986551 25578, 11, 72.52
1790986552 25578, 7, 72.32
1790986553 25578, 0, 72.54
1790986554 25578, 11, 72.47
1790986555 25578, 0, 72.58
1790986557 25578, 8, 72.48
1790986558 25578, 0, 72.51
1790986559 25578, 0, 72.29
1790986560 25578, 0, 72.11
1790986561 25578, 10, 71.89
1790986562 25578, 1, 71.84
1790986563 25578, 0, 72.15
1790986564 25578, 0, 72.38
1790986565 25578, 0, 72.21
1790986566 25578, 4, 72.13
1790986567 25578, 4, 71.99
1790986568 25578, 4, 72.36
1790986569 25578, 4, 72.15
1790986571 25578, 3, 71.89
1790986572 25578, 24, 72.29
1790986573 25578, 0, 72.34
1790986574 25578, 0, 72.08
