1791032622 1, 0, 72.69
1791032623 4, 0, 68.27
1791032624 4, 0, 56.90
1791032625 4, 0, 39.56
1791032626 4, 0, 24.92
1791032627 4520, 6, 52.30
1791032628 5560, 14, 78.91
1791032629 6900, 14, 80.25
1791032630 8720, 18, 80.72
1791032631 9760, 18, 80.89
1791032632 11200, 19, 83.05
1791032633 12600, 6, 80.22
1791032634 14340, 5, 81.27
1791032636 15740, 7, 81.84
1791032637 17140, 10, 82.92
1791032638 18540, 23, 80.57
1791032639 19940, 22, 82.28
1791032640 21582, 0, 72.51
1791032641 21582, 0, 68.14
1791032642 21582, 4, 69.99
1791032643 21582, 4, 70.32
1791032644 21582, 4, 70.17
1791032645 21610, 4, 73.15
1791032646 21612, 4, 72.16
1791032648 21612, 8, 67.26
1791032649 21612, 7, 67.12
1791032650 21612, 1, 66.73
1791032651 21612, 6, 66.75
1791032652 21612, 6, 66.61
1791032653 21612, 0, 66.81
1791032654 21612, 0, 66.82
1791032655 21612, 1, 66.95
1791032656 21612, 3, 66.97
1791032657 21612, 3, 67.11
1791032658 21612, 2, 66.99
1791032659 21612, 3, 66.55
1791032660 21612, 6, 67.01
1791032662 21612, 5, 66.69
1791032663 21612, 2, 66.41
1791032664 21612, 0, 66.86
1791032665 21612, 2, 67.56
1791032666 21612, 3, 67.35
1791032667 21612, 3, 66.93
1791032668 21612, 2, 66.84
1791032669 21612, 4, 66.94
1791032670 21612, 6, 66.89
1791032671 21612, 6, 66.87
1791032672 21612, 3, 67.04
1791032673 21612, 1, 67.36
1791032675 21612, 0, 67.71
1791032676 21612, 0, 67.82
1791032677 21612, 2, 67.07
1791032678 21612, 3, 67.00
1791032679 21612, 3, 67.13
1791032680 21612, 1, 66.95
1791032681 21612, 1, 66.66
1791032682 21612, 3, 66.66
1791032683 21630, 1, 67.95
1791032684 21022, 67, 232.61
1791032685 24670, 63, 230.40
1791032686 24710, 71, 344.86
1791032688 26598, 94, 409.18
1791032689 26624, 89, 390.38
1791032690 26624, 63, 300.26
1791032691 26634, 58, 347.50
1791032692 26634, 63, 355.86
1791032693 26644, 75, 351.61
1791032694 26644, 93, 364.78
1791032695 26644, 94, 374.33
1791032696 26644, 68, 416.08
1791032697 26644, 88, 319.97
1791032698 26784, 95, 414.83
1791032699 26784, 59, 349.35
1791032700 26784, 92, 387.28
1791032701 26784, 58, 342.49
1791032703 26784, 63, 349.22
1791032704 26784, 58, 370.15
1791032705 26784, 94, 362.61
1791032706 26784, 92, 396.75
1791032707 26784, 50, 316.57
1791032708 26784, 75, 378.66
1791032709 26784, 83, 409.73
1791032710 26786, 60, 277.61
1791032711 26786, 86, 377.47
1791032712 26786, 94, 390.55
1791032713 26786, 89, 410.32
1791032714 26786, 75, 346.75
1791032716 26786, 83, 390.27
1791032717 26786, 95, 403.59
1791032718 26786, 58, 331.62
1791032719 26786, 66, 364.57
1791032720 26786, 29, 339.83
1791032721 26786, 81, 340.79
1791032722 26786, 93, 403.42
1791032723 26786, 88, 431.63
1791032724 26786, 75, 386.55
1791032725 26786, 93, 420.25
1791032726 26786, 74, 416.04
1791032727 27386, 96, 422.89
1791032728 27386, 94, 431.25
1791032730 27386, 89, 409.30
1791032731 27386, 93, 393.73
1791032732 27386, 91, 442.44
1791032733 27386, 96, 447.03
1791032734 27386, 93, 430.56
1791032735 27386, 3, 227.52
1791032736 27386, 3, 100.78
1791032737 27386, 1, 83.74
1791032738 27386, 4, 71.94
1791032739 27386, 6, 71.36
1791032740 27386, 6, 70.79
1791032741 27386, 3, 70.92
1791032743 27386, 0, 70.76
1791032744 27386, 0, 70.85
1791032745 27386, 3, 70.14
1791032746 27386, 3, 70.14
1791032747 27386, 2, 70.00
1791032748 27386, 4, 69.76
1791032749 27386, 4, 69.49
1791032750 27386, 2, 68.96
1791032751 27386, 3, 69.01
1791032752 27386, 3, 68.74
1791032753 27386, 0, 69.60
1791032754 27386, 0, 68.32
1791032755 27386, 0, 68.36
