1791211361 2430, 14001, 60, 0x0000000000000000 | 9.27 10.70 11.83 | cpu  377621362 194384756 98350974 12223247794 483005 0 2414957 0 0 0
1791211362 705, 7001, 59, 0x0000000000000000 | 9.27 10.70 11.83 | cpu  377622964 194384756 98351338 12223276183 483005 0 2414958 0 0 0
1791211363 202, 810, 59, 0x0000000000000000 | 8.85 10.58 11.79 | cpu  377623870 194384756 98351642 12223304208 483006 0 2414960 0 0 0
1791211364 202, 810, 59, 0x0000000000000000 | 8.85 10.58 11.79 | cpu  377625737 194384756 98352651 12223331426 483006 0 2414962 0 0 0
1791211365 180, 405, 58, 0x0000000000000000 | 8.85 10.58 11.79 | cpu  377627295 194384756 98353019 12223358897 483008 0 2414963 0 0 0
1791211367 180, 405, 58, 0x0000000000000000 | 8.85 10.58 11.79 | cpu  377628415 194384756 98353336 12223386963 483010 0 2414965 0 0 0
1791211368 180, 405, 58, 0x0000000000000000 | 28.08 14.54 13.07 | cpu  377630689 194384756 98353637 12223413800 483010 0 2414967 0 0 0
1791211369 2460, 13801, 59, 0x0000000000000000 | 28.08 14.54 13.07 | cpu  377632463 194384756 98353972 12223440802 483010 0 2414968 0 0 0
1791211370 2430, 13801, 59, 0x0000000000000000 | 28.08 14.54 13.07 | cpu  377635635 194384756 98354256 12223465903 483011 0 2414968 0 0 0
1791211371 2505, 13801, 59, 0x0000000000000000 | 28.08 14.54 13.07 | cpu  377637598 194384756 98354618 12223492424 483011 0 2414969 0 0 0
1791211372 2430, 13801, 59, 0x0000000000000000 | 28.08 14.54 13.07 | cpu  377639628 194384756 98355013 12223518691 483011 0 2414970 0 0 0
1791211373 2520, 13801, 59, 0x0000000000000000 | 26.39 14.42 13.03 | cpu  377641464 194384756 98355507 12223545052 483011 0 2414971 0 0 0
1791211374 2430, 13801, 59, 0x0000000000000000 | 26.39 14.42 13.03 | cpu  377643381 194384756 98355880 12223571626 483011 0 2414971 0 0 0
1791211376 2445, 13801, 59, 0x0000000000000000 | 26.39 14.42 13.03 | cpu  377644564 194384756 98356144 12223599738 483011 0 2414971 0 0 0
1791211377 2490, 13801, 59, 0x0000000000000000 | 26.39 14.42 13.03 | cpu  377648574 194384756 98356971 12223623849 483011 0 2414972 0 0 0
1791211378 2505, 13801, 59, 0x0000000000000000 | 24.76 14.28 13.00 | cpu  377651463 194384756 98357377 12223649627 483012 0 2414972 0 0 0
1791211379 2430, 13801, 59, 0x0000000000000000 | 24.76 14.28 13.00 | cpu  377653676 194384756 98357790 12223676423 483012 0 2414973 0 0 0
1791211380 2437, 13801, 59, 0x0000000000000000 | 24.76 14.28 13.00 | cpu  377655310 194384756 98358013 12223703427 483012 0 2414974 0 0 0
1791211381 2512, 13801, 59, 0x0000000000000000 | 24.76 14.28 13.00 | cpu  377656913 194384756 98358536 12223731684 483012 0 2414981 0 0 0
1791211383 2505, 13801, 59, 0x0000000000000000 | 24.76 14.28 13.00 | cpu  377658929 194384756 98358884 12223758413 483012 0 2414982 0 0 0
1791211384 2430, 13801, 60, 0x0000000000000000 | 23.41 14.17 12.97 | cpu  377660427 194384756 98359168 12223785451 483012 0 2414988 0 0 0
1791211385 2505, 13801, 59, 0x0000000000000000 | 23.41 14.17 12.97 | cpu  377662367 194384757 98359906 12223812546 483012 0 2414989 0 0 0
1791211386 2475, 13801, 59, 0x0000000000000000 | 23.41 14.17 12.97 | cpu  377664222 194384757 98360179 12223839472 483013 0 2414990 0 0 0
1791211387 2512, 13801, 59, 0x0000000000000000 | 23.41 14.17 12.97 | cpu  377666163 194384757 98360600 12223865929 483013 0 2414990 0 0 0
1791211388 2505, 13801, 59, 0x0000000000000000 | 21.94 14.02 12.93 | cpu  377668298 194384757 98360926 12223892191 483013 0 2414990 0 0 0
1791211389 2505, 13801, 59, 0x0000000000000000 | 21.94 14.02 12.93 | cpu  377669646 194384757 98361321 12223919608 483014 0 2414991 0 0 0
1791211391 2430, 13801, 59, 0x0000000000000000 | 21.94 14.02 12.93 | cpu  377669844 194384757 98361672 12223949103 483015 0 2414992 0 0 0
1791211392 2430, 13801, 59, 0x0000000000000000 | 21.94 14.02 12.93 | cpu  377670279 194384757 98362030 12223977361 483016 0 2414993 0 0 0
1791211393 2430, 13801, 58, 0x0000000000000000 | 20.50 13.85 12.88 | cpu  377670668 194384757 98362353 12224005215 483016 0 2414995 0 0 0
1791211394 2452, 13801, 58, 0x0000000000000000 | 20.50 13.85 12.88 | cpu  377670855 194384757 98362651 12224033342 483016 0 2414996 0 0 0
1791211395 2452, 13801, 58, 0x0000000000000000 | 20.50 13.85 12.88 | cpu  377671057 194384757 98362947 12224062583 483016 0 2414996 0 0 0
1791211396 2452, 13801, 58, 0x0000000000000000 | 20.50 13.85 12.88 | cpu  377671496 194384757 98363236 12224090529 483016 0 2414996 0 0 0
1791211397 2452, 13801, 58, 0x0000000000000000 | 20.50 13.85 12.88 | cpu  377671697 194384757 98363533 12224118828 483017 0 2414998 0 0 0
1791211398 2460, 13801, 58, 0x0000000000000000 | 19.18 13.69 12.83 | cpu  377671902 194384757 98363851 12224148604 483017 0 2414999 0 0 0
1791211400 2430, 13801, 58, 0x0000000000000000 | 19.18 13.69 12.83 | cpu  377672322 194384757 98364145 12224177656 483017 0 2415000 0 0 0
1791211401 2430, 13801, 58, 0x0000000000000000 | 19.18 13.69 12.83 | cpu  377672543 194384757 98364418 12224205843 483017 0 2415000 0 0 0
1791211402 2430, 13801, 58, 0x0000000000000000 | 19.18 13.69 12.83 | cpu  377677252 194384757 98364751 12224236470 483018 0 2415000 0 0 0
1791211403 2430, 13801, 58, 0x0000000000000000 | 27.41 15.49 13.42 | cpu  377681240 194384757 98365014 12224263611 483018 0 2415001 0 0 0
1791211405 2430, 13801, 58, 0x0000000000000000 | 27.41 15.49 13.42 | cpu  377685299 194384757 98365306 12224292049 483018 0 2415002 0 0 0
1791211406 2430, 13801, 58, 0x0000000000000000 | 27.41 15.49 13.42 | cpu  377689314 194384757 98365551 12224318962 483018 0 2415002 0 0 0
1791211407 2430, 13801, 58, 0x0000000000000000 | 27.41 15.49 13.42 | cpu  377691998 194384757 98365814 12224344940 483018 0 2415003 0 0 0
1791211408 2430, 13801, 58, 0x0000000000000000 | 25.62 15.31 13.37 | cpu  377692570 194384757 98366083 12224373382 483019 0 2415003 0 0 0
1791211409 2430, 13801, 58, 0x0000000000000000 | 25.62 15.31 13.37 | cpu  377693552 194384757 98366426 12224401177 483019 0 2415003 0 0 0
1791211410 2430, 13801, 58, 0x0000000000000000 | 25.62 15.31 13.37 | cpu  377693718 194384757 98366742 12224429920 483019 0 2415004 0 0 0
1791211412 2430, 13801, 58, 0x0000000000000000 | 25.62 15.31 13.37 | cpu  377693887 194384757 98367087 12224459558 483019 0 2415005 0 0 0
1791211413 2430, 13801, 58, 0x0000000000000000 | 23.89 15.13 13.32 | cpu  377694056 194384757 98367424 12224489353 483019 0 2415005 0 0 0
1791211414 2430, 13801, 58, 0x0000000000000000 | 23.89 15.13 13.32 | cpu  377694234 194384757 98367752 12224517610 483031 0 2415005 0 0 0
1791211415 2430, 13801, 58, 0x0000000000000000 | 23.89 15.13 13.32 | cpu  377694416 194384757 98368101 12224545312 483031 0 2415010 0 0 0
1791211416 2430, 13801, 58, 0x0000000000000000 | 23.89 15.13 13.32 | cpu  377694598 194384757 98368499 12224573644 483031 0 2415022 0 0 0
1791211417 2430, 13801, 58, 0x0000000000000000 | 23.89 15.13 13.32 | cpu  377694972 194384757 98368860 12224601687 483031 0 2415022 0 0 0
1791211418 2430, 13801, 58, 0x0000000000000000 | 22.30 14.94 13.27 | cpu  377695163 194384757 98369168 12224630862 483031 0 2415022 0 0 0
1791211420 2430, 13801, 58, 0x0000000000000000 | 22.30 14.94 13.27 | cpu  377695348 194384757 98369496 12224660761 483032 0 2415022 0 0 0
1791211421 2430, 13801, 58, 0x0000000000000000 | 22.30 14.94 13.27 | cpu  377695541 194384758 98369809 12224689024 483032 0 2415022 0 0 0
1791211422 2430, 13801, 58, 0x0000000000000000 | 22.30 14.94 13.27 | cpu  377695712 194384758 98370120 12224717119 483032 0 2415023 0 0 0
1791211423 2430, 13801, 58, 0x0000000000000000 | 20.91 14.78 13.22 | cpu  377696295 194384758 98370485 12224745716 483032 0 2415024 0 0 0
1791211424 2430, 13801, 58, 0x0000000000000000 | 20.91 14.78 13.22 | cpu  377697151 194384758 98370943 12224774138 483032 0 2415040 0 0 0
1791211425 2430, 13801, 58, 0x0000000000000000 | 20.91 14.78 13.22 | cpu  377698901 194384758 98371341 12224802031 483033 0 2415041 0 0 0
1791211427 2430, 13801, 58, 0x0000000000000000 | 20.91 14.78 13.22 | cpu  377699978 194384758 98371704 12224830616 483033 0 2415041 0 0 0
1791211428 2430, 13801, 57, 0x0000000000000000 | 19.80 14.65 13.19 | cpu  377700884 194384758 98372094 12224858052 483033 0 2415044 0 0 0
1791211429 2430, 13801, 57, 0x0000000000000000 | 19.80 14.65 13.19 | cpu  377703657 194384758 98372476 12224883868 483033 0 2415048 0 0 0
1791211430 2430, 13801, 57, 0x0000000000000000 | 19.80 14.65 13.19 | cpu  377704937 194384758 98372827 12224911334 483033 0 2415051 0 0 0
1791211431 2430, 13801, 57, 0x0000000000000000 | 19.80 14.65 13.19 | cpu  377706510 194384758 98373184 12224938281 483034 0 2415053 0 0 0
1791211432 2430, 13801, 57, 0x0000000000000000 | 19.80 14.65 13.19 | cpu  377708212 194384758 98373610 12224964748 483034 0 2415068 0 0 0
1791211433 2430, 13801, 57, 0x0000000000000000 | 18.69 14.50 13.15 | cpu  377708928 194384758 98373977 12224992792 483034 0 2415068 0 0 0
1791211434 2430, 13801, 57, 0x0000000000000000 | 18.69 14.50 13.15 | cpu  377710546 194384758 98374458 12225019824 483034 0 2415069 0 0 0
1791211436 2430, 13801, 57, 0x0000000000000000 | 18.69 14.50 13.15 | cpu  377712705 194384758 98374888 12225045883 483034 0 2415070 0 0 0
1791211437 2430, 13801, 57, 0x0000000000000000 | 18.69 14.50 13.15 | cpu  377714373 194384758 98375415 12225072535 483035 0 2415071 0 0 0
1791211438 2430, 13801, 57, 0x0000000000000000 | 17.67 14.36 13.11 | cpu  377716020 194384758 98375887 12225100059 483035 0 2415072 0 0 0
1791211439 2430, 13801, 57, 0x0000000000000000 | 17.67 14.36 13.11 | cpu  377718443 194384758 98376400 12225126011 483035 0 2415081 0 0 0
1791211440 2430, 13801, 57, 0x0000000000000000 | 17.67 14.36 13.11 | cpu  377720377 194384758 98376985 12225153472 483035 0 2415081 0 0 0
1791211441 2430, 13801, 57, 0x0000000000000000 | 17.67 14.36 13.11 | cpu  377722269 194384758 98377597 12225180848 483035 0 2415082 0 0 0
1791211442 2430, 13801, 57, 0x0000000000000000 | 17.67 14.36 13.11 | cpu  377723557 194384758 98378233 12225208116 483035 0 2415083 0 0 0
1791211444 2430, 13801, 57, 0x0000000000000000 | 16.74 14.22 13.08 | cpu  377725600 194384758 98378862 12225235628 483035 0 2415083 0 0 0
1791211445 2430, 13801, 57, 0x0000000000000000 | 16.74 14.22 13.08 | cpu  377726845 194384758 98379214 12225262518 483035 0 2415084 0 0 0
1791211446 2430, 13801, 57, 0x0000000000000000 | 16.74 14.22 13.08 | cpu  377728055 194384758 98379982 12225289575 483035 0 2415084 0 0 0
1791211447 2430, 13801, 57, 0x0000000000000000 | 16.74 14.22 13.08 | cpu  377729281 194384758 98380378 12225318039 483037 0 2415099 0 0 0
1791211448 2430, 13801, 57, 0x0000000000000000 | 15.88 14.09 13.04 | cpu  377731531 194384758 98380772 12225345435 483037 0 2415100 0 0 0
1791211449 2430, 13801, 57, 0x0000000000000000 | 15.88 14.09 13.04 | cpu  377732407 194384758 98381042 12225372991 483037 0 2415100 0 0 0
1791211451 2430, 13801, 57, 0x0000000000000000 | 15.88 14.09 13.04 | cpu  377733624 194384758 98381344 12225401184 483037 0 2415101 0 0 0
1791211452 2430, 13801, 57, 0x0000000000000000 | 15.88 14.09 13.04 | cpu  377735061 194384758 98381933 12225429357 483038 0 2415101 0 0 0
1791211453 2430, 13801, 57, 0x0000000000000000 | 14.93 13.92 12.99 | cpu  377736824 194384758 98383535 12225456119 483038 0 2415102 0 0 0
1791211454 2430, 13801, 57, 0x0000000000000000 | 14.93 13.92 12.99 | cpu  377738924 194384758 98384375 12225481743 483045 0 2415102 0 0 0
1791211455 2430, 13801, 57, 0x0000000000000000 | 14.93 13.92 12.99 | cpu  377742129 194384758 98385082 12225507195 483046 0 2415102 0 0 0
1791211456 2430, 13801, 57, 0x0000000000000000 | 14.93 13.92 12.99 | cpu  377745178 194384758 98385628 12225532493 483063 0 2415103 0 0 0
1791211457 2430, 13801, 57, 0x0000000000000000 | 14.93 13.92 12.99 | cpu  377748268 194384758 98386102 12225557375 483064 0 2415103 0 0 0
1791211459 2430, 13801, 57, 0x0000000000000000 | 13.97 13.74 12.93 | cpu  377751793 194384758 98386453 12225582538 483068 0 2415103 0 0 0
1791211460 2430, 13801, 57, 0x0000000000000000 | 13.97 13.74 12.93 | cpu  377752710 194384758 98386679 12225611067 483068 0 2415103 0 0 0
1791211461 2430, 13801, 57, 0x0000000000000000 | 13.97 13.74 12.93 | cpu  377752978 194384758 98386927 12225640665 483068 0 2415105 0 0 0
1791211462 2430, 13801, 57, 0x0000000000000000 | 13.97 13.74 12.93 | cpu  377754383 194384758 98387465 12225667226 483068 0 2415106 0 0 0
1791211463 2430, 13801, 57, 0x0000000000000000 | 13.17 13.57 12.89 | cpu  377755695 194384758 98387867 12225695488 483068 0 2415113 0 0 0
1791211464 2700, 13801, 60, 0x0000000000000000 | 13.17 13.57 12.89 | cpu  377756305 194384758 98388079 12225723300 483068 0 2415114 0 0 0
1791211465 2887, 13801, 61, 0x0000000000000000 | 13.17 13.57 12.89 | cpu  377756570 194384758 98388234 12225751629 483069 0 2415115 0 0 0
1791211467 2887, 13801, 59, 0x0000000000000000 | 13.17 13.57 12.89 | cpu  377756781 194384758 98388411 12225779937 483069 0 2415115 0 0 0
1791211468 2850, 13801, 66, 0x0000000000000000 | 12.60 13.45 12.85 | cpu  377757000 194384758 98388574 12225808131 483069 0 2415116 0 0 0
1791211469 2872, 13801, 63, 0x0000000000000000 | 12.60 13.45 12.85 | cpu  377757210 194384758 98388744 12225836915 483069 0 2415117 0 0 0
1791211470 2857, 13801, 68, 0x0000000000000000 | 12.60 13.45 12.85 | cpu  377757758 194384758 98388924 12225865208 483069 0 2415118 0 0 0
1791211471 2865, 13801, 65, 0x0000000000000000 | 12.60 13.45 12.85 | cpu  377758352 194384758 98389179 12225892636 483069 0 2415119 0 0 0
1791211472 2857, 13801, 66, 0x0000000000000000 | 12.60 13.45 12.85 | cpu  377759726 194384758 98389414 12225919216 483070 0 2415119 0 0 0
1791211473 2880, 13801, 63, 0x0000000000000000 | 11.91 13.29 12.80 | cpu  377759956 194384758 98389686 12225947625 483079 0 2415122 0 0 0
1791211474 2857, 13801, 65, 0x0000000000000000 | 11.91 13.29 12.80 | cpu  377760192 194384758 98389947 12225975494 483080 0 2415124 0 0 0
1791211476 2850, 13801, 68, 0x0000000000000000 | 11.91 13.29 12.80 | cpu  377760545 194384758 98390186 12226003624 483080 0 2415128 0 0 0
1791211477 2872, 13801, 65, 0x0000000000000000 | 11.91 13.29 12.80 | cpu  377760780 194384758 98390426 12226031864 483080 0 2415130 0 0 0
1791211478 2857, 13801, 68, 0x0000000000000000 | 11.28 13.14 12.75 | cpu  377761032 194384758 98390688 12226059659 483080 0 2415131 0 0 0
1791211479 2865, 13801, 66, 0x0000000000000000 | 11.28 13.14 12.75 | cpu  377761440 194384758 98390975 12226088536 483081 0 2415132 0 0 0
1791211480 2895, 13801, 67, 0x0000000000000000 | 11.28 13.14 12.75 | cpu  377761694 194384758 98391338 12226116853 483081 0 2415134 0 0 0
1791211481 2880, 13801, 66, 0x0000000000000000 | 11.28 13.14 12.75 | cpu  377761947 194384758 98391611 12226145067 483081 0 2415140 0 0 0
1791211482 2865, 13801, 67, 0x0000000000000000 | 11.28 13.14 12.75 | cpu  377762324 194384758 98391863 12226173171 483081 0 2415141 0 0 0
1791211483 2865, 13801, 71, 0x0000000000000000 | 10.77 13.00 12.71 | cpu  377762589 194384758 98392245 12226202806 483081 0 2415142 0 0 0
1791211485 2865, 13801, 70, 0x0000000000000000 | 10.77 13.00 12.71 | cpu  377762908 194384758 98392526 12226231013 483082 0 2415142 0 0 0
1791211486 2857, 13801, 71, 0x0000000000000000 | 10.77 13.00 12.71 | cpu  377763127 194384758 98392792 12226259982 483082 0 2415142 0 0 0
1791211487 2872, 13801, 67, 0x0000000000000000 | 10.77 13.00 12.71 | cpu  377763542 194384758 98393028 12226288066 483082 0 2415142 0 0 0
1791211488 2880, 13801, 65, 0x0000000000000000 | 10.31 12.87 12.67 | cpu  377763784 194384758 98393282 12226316604 483082 0 2415143 0 0 0
1791211489 2857, 13801, 68, 0x0000000000000000 | 10.31 12.87 12.67 | cpu  377764536 194384759 98393526 12226344345 483082 0 2415143 0 0 0
1791211490 2850, 13801, 71, 0x0000000000000000 | 10.31 12.87 12.67 | cpu  377764798 194384759 98393740 12226372611 483082 0 2415143 0 0 0
1791211491 2865, 13801, 68, 0x0000000000000000 | 10.31 12.87 12.67 | cpu  377765631 194384759 98394038 12226399917 483083 0 2415144 0 0 0
1791211493 2857, 13801, 70, 0x0000000000000000 | 10.31 12.87 12.67 | cpu  377765872 194384759 98394297 12226428596 483083 0 2415145 0 0 0
1791211494 2850, 13801, 70, 0x0000000000000000 | 9.96 12.75 12.63 | cpu  377766112 194384759 98394560 12226456333 483083 0 2415145 0 0 0
1791211495 2857, 13801, 70, 0x0000000000000000 | 9.96 12.75 12.63 | cpu  377766357 194384759 98394858 12226485675 483083 0 2415148 0 0 0
1791211496 2857, 13801, 69, 0x0000000000000000 | 9.96 12.75 12.63 | cpu  377766574 194384759 98395151 12226514100 483084 0 2415149 0 0 0
1791211497 2857, 13801, 69, 0x0000000000000000 | 9.96 12.75 12.63 | cpu  377766794 194384759 98395396 12226542321 483085 0 2415152 0 0 0
1791211498 2857, 13801, 69, 0x0000000000000000 | 9.41 12.59 12.58 | cpu  377767029 194384759 98395622 12226571010 483085 0 2415155 0 0 0
1791211499 2857, 13801, 69, 0x0000000000000000 | 9.41 12.59 12.58 | cpu  377767308 194384759 98395928 12226599577 483086 0 2415159 0 0 0
1791211500 2857, 13801, 71, 0x0000000000000000 | 9.41 12.59 12.58 | cpu  377767572 194384759 98396200 12226628780 483086 0 2415161 0 0 0
1791211502 2857, 13801, 71, 0x0000000000000000 | 9.41 12.59 12.58 | cpu  377767842 194384759 98396560 12226656537 483086 0 2415170 0 0 0
1791211503 2895, 13801, 68, 0x0000000000000000 | 9.05 12.47 12.54 | cpu  377768134 194384759 98396873 12226685157 483087 0 2415184 0 0 0
1791211504 2850, 13801, 74, 0x0000000000000000 | 9.05 12.47 12.54 | cpu  377768365 194384759 98397136 12226713393 483088 0 2415184 0 0 0
1791211505 2857, 13801, 72, 0x0000000000000000 | 9.05 12.47 12.54 | cpu  377768590 194384759 98397411 12226741734 483088 0 2415186 0 0 0
1791211506 2872, 13801, 69, 0x0000000000000000 | 9.05 12.47 12.54 | cpu  377769002 194384759 98397677 12226770405 483088 0 2415187 0 0 0
1791211507 2850, 13801, 72, 0x0000000000000000 | 9.05 12.47 12.54 | cpu  377769238 194384759 98397941 12226798709 483089 0 2415194 0 0 0
1791211508 2857, 13801, 70, 0x0000000000000000 | 8.65 12.32 12.50 | cpu  377769490 194384759 98398209 12226827592 483089 0 2415194 0 0 0
1791211510 2842, 13801, 69, 0x0000000000000000 | 8.65 12.32 12.50 | cpu  377769755 194384759 98398488 12226857301 483089 0 2415196 0 0 0
1791211511 2842, 13801, 70, 0x0000000000000000 | 8.65 12.32 12.50 | cpu  377770079 194384759 98398757 12226885465 483089 0 2415198 0 0 0
1791211512 2857, 13801, 70, 0x0000000000000000 | 8.65 12.32 12.50 | cpu  377770392 194384759 98399013 12226914762 483089 0 2415198 0 0 0
1791211513 2850, 13801, 71, 0x0000000000000000 | 8.28 12.19 12.45 | cpu  377770617 194384759 98399273 12226943155 483090 0 2415199 0 0 0
1791211514 2842, 13801, 74, 0x0000000000000000 | 8.28 12.19 12.45 | cpu  377770838 194384759 98399535 12226971092 483090 0 2415199 0 0 0
1791211515 2835, 13801, 74, 0x0000000000000000 | 8.28 12.19 12.45 | cpu  377771079 194384759 98399798 12226999462 483090 0 2415200 0 0 0
1791211516 2842, 13801, 73, 0x0000000000000000 | 8.28 12.19 12.45 | cpu  377771301 194384759 98400062 12227027758 483090 0 2415204 0 0 0
1791211518 2842, 13801, 70, 0x0000000000000000 | 8.28 12.19 12.45 | cpu  377771540 194384759 98400308 12227056061 483090 0 2415204 0 0 0
1791211519 2842, 13801, 78, 0x0000000000000004 | 7.93 12.05 12.40 | cpu  377771886 194384759 98400564 12227084324 483091 0 2415213 0 0 0
1791211520 2842, 13801, 73, 0x0000000000000000 | 7.93 12.05 12.40 | cpu  377772105 194384759 98400830 12227113556 483091 0 2415219 0 0 0
1791211521 2842, 13801, 73, 0x0000000000000000 | 7.93 12.05 12.40 | cpu  377772371 194384759 98401082 12227141803 483091 0 2415224 0 0 0
1791211522 2842, 13801, 74, 0x0000000000000000 | 7.93 12.05 12.40 | cpu  377772611 194384759 98401339 12227169178 483091 0 2415229 0 0 0
1791211523 2835, 13801, 75, 0x0000000000000000 | 7.62 11.92 12.36 | cpu  377772870 194384759 98401610 12227198490 483091 0 2415229 0 0 0
1791211524 2850, 13801, 70, 0x0000000000000000 | 7.62 11.92 12.36 | cpu  377773094 194384759 98401884 12227227040 483091 0 2415230 0 0 0
1791211525 2835, 13801, 74, 0x0000000000000000 | 7.62 11.92 12.36 | cpu  377773332 194384759 98402147 12227254972 483091 0 2415230 0 0 0
1791211527 2865, 13801, 71, 0x0000000000000000 | 7.62 11.92 12.36 | cpu  377773566 194384759 98402412 12227283842 483091 0 2415230 0 0 0
1791211528 2857, 13801, 72, 0x0000000000000000 | 7.62 11.92 12.36 | cpu  377773797 194384759 98402663 12227312121 483092 0 2415232 0 0 0
1791211529 2842, 13801, 75, 0x0000000000000000 | 7.41 11.80 12.32 | cpu  377774029 194384759 98402913 12227340499 483092 0 2415232 0 0 0
1791211530 2842, 13801, 74, 0x0000000000000000 | 7.41 11.80 12.32 | cpu  377774262 194384759 98403159 12227368978 483092 0 2415233 0 0 0
1791211531 2842, 13801, 75, 0x0000000000000000 | 7.41 11.80 12.32 | cpu  377774650 194384759 98403398 12227397301 483092 0 2415233 0 0 0
1791211532 2842, 13801, 73, 0x0000000000000000 | 7.41 11.80 12.32 | cpu  377774888 194384759 98403666 12227426234 483092 0 2415234 0 0 0
1791211533 2842, 13801, 74, 0x0000000000000000 | 7.22 11.69 12.28 | cpu  377775150 194384759 98403927 12227454503 483093 0 2415234 0 0 0
1791211534 2857, 13801, 72, 0x0000000000000000 | 7.22 11.69 12.28 | cpu  377775386 194384759 98404199 12227482761 483101 0 2415234 0 0 0
1791211536 2835, 13801, 75, 0x0000000000000000 | 7.22 11.69 12.28 | cpu  377775622 194384759 98404466 12227511640 483101 0 2415234 0 0 0
1791211537 2850, 13801, 74, 0x0000000000000000 | 7.22 11.69 12.28 | cpu  377775871 194384759 98404743 12227541916 483101 0 2415235 0 0 0
1791211538 2857, 13801, 72, 0x0000000000000000 | 7.12 11.59 12.25 | cpu  377776098 194384759 98405002 12227569665 483101 0 2415235 0 0 0
1791211539 2872, 13801, 71, 0x0000000000000000 | 7.12 11.59 12.25 | cpu  377776344 194384759 98405263 12227598069 483102 0 2415236 0 0 0
1791211540 2835, 13801, 76, 0x0000000000000000 | 7.12 11.59 12.25 | cpu  377776566 194384759 98405529 12227626378 483102 0 2415236 0 0 0
1791211541 2842, 13801, 74, 0x0000000000000000 | 7.12 11.59 12.25 | cpu  377776818 194384759 98405787 12227654619 483102 0 2415236 0 0 0
1791211542 2850, 13801, 72, 0x0000000000000000 | 7.12 11.59 12.25 | cpu  377777043 194384759 98406035 12227682879 483102 0 2415236 0 0 0
1791211544 2865, 13801, 71, 0x0000000000000000 | 7.19 11.53 12.22 | cpu  377777629 194384760 98406382 12227712098 483102 0 2415238 0 0 0
1791211545 2842, 13801, 73, 0x0000000000000000 | 7.19 11.53 12.22 | cpu  377778207 194384760 98406765 12227740346 483102 0 2415238 0 0 0
1791211546 2842, 13801, 74, 0x0000000000000000 | 7.19 11.53 12.22 | cpu  377778778 194384760 98407120 12227768320 483102 0 2415239 0 0 0
1791211547 2850, 13801, 72, 0x0000000000000000 | 7.19 11.53 12.22 | cpu  377779449 194384760 98407601 12227795884 483103 0 2415240 0 0 0
1791211548 2880, 13801, 74, 0x0000000000000000 | 7.09 11.44 12.19 | cpu  377779932 194384760 98408072 12227823886 483103 0 2415240 0 0 0
1791211549 2842, 13801, 74, 0x0000000000000000 | 7.09 11.44 12.19 | cpu  377780506 194384760 98408567 12227851945 483103 0 2415240 0 0 0
1791211550 2865, 13801, 72, 0x0000000000000000 | 7.09 11.44 12.19 | cpu  377780956 194384760 98408934 12227879951 483103 0 2415241 0 0 0
1791211552 2842, 13801, 75, 0x0000000000000000 | 7.09 11.44 12.19 | cpu  377781529 194384760 98409478 12227907580 483103 0 2415241 0 0 0
1791211553 2842, 13801, 75, 0x0000000000000000 | 7.09 11.44 12.19 | cpu  377781994 194384760 98409814 12227935151 483103 0 2415241 0 0 0
1791211554 2850, 13801, 73, 0x0000000000000000 | 7.09 11.37 12.16 | cpu  377782550 194384760 98410174 12227963397 483103 0 2415241 0 0 0
1791211555 2842, 13801, 74, 0x0000000000000000 | 7.09 11.37 12.16 | cpu  377783254 194384760 98410716 12227991042 483103 0 2415241 0 0 0
1791211556 2850, 13801, 76, 0x0000000000000000 | 7.09 11.37 12.16 | cpu  377783687 194384760 98411116 12228019374 483103 0 2415241 0 0 0
1791211557 2857, 13801, 71, 0x0000000000000000 | 7.09 11.37 12.16 | cpu  377784257 194384760 98411661 12228046956 483103 0 2415242 0 0 0
1791211558 2842, 13801, 74, 0x0000000000000000 | 7.00 11.28 12.13 | cpu  377784713 194384760 98412014 12228074858 483104 0 2415242 0 0 0
1791211559 2842, 13801, 76, 0x0000000000000000 | 7.00 11.28 12.13 | cpu  377785316 194384760 98412580 12228103277 483104 0 2415242 0 0 0
1791211561 2835, 13801, 75, 0x0000000000000000 | 7.00 11.28 12.13 | cpu  377785839 194384760 98412961 12228131727 483104 0 2415242 0 0 0
1791211562 2835, 13801, 77, 0x0000000000000000 | 7.00 11.28 12.13 | cpu  377786145 194384760 98413138 12228159988 483104 0 2415242 0 0 0
1791211563 2850, 13801, 73, 0x0000000000000000 | 6.76 11.16 12.08 | cpu  377787021 194384760 98413320 12228187865 483104 0 2415242 0 0 0
1791211564 2857, 13801, 74, 0x0000000000000000 | 6.76 11.16 12.08 | cpu  377787315 194384760 98413482 12228215603 483105 0 2415243 0 0 0
1791211565 2842, 13801, 74, 0x0000000000000000 | 6.76 11.16 12.08 | cpu  377787616 194384760 98413664 12228243898 483105 0 2415243 0 0 0
1791211566 2835, 13801, 76, 0x0000000000000000 | 6.76 11.16 12.08 | cpu  377787922 194384760 98413839 12228272216 483105 0 2415243 0 0 0
1791211567 2850, 13801, 72, 0x0000000000000000 | 6.76 11.16 12.08 | cpu  377788229 194384761 98414001 12228300345 483105 0 2415243 0 0 0
1791211568 2835, 13801, 75, 0x0000000000000000 | 6.78 11.09 12.06 | cpu  377788577 194384761 98414190 12228329599 483105 0 2415244 0 0 0
1791211570 2835, 13801, 75, 0x0000000000000000 | 6.78 11.09 12.06 | cpu  377788898 194384761 98414368 12228357717 483105 0 2415244 0 0 0
1791211571 2835, 13801, 76, 0x0000000000000000 | 6.78 11.09 12.06 | cpu  377789364 194384761 98414543 12228386858 483105 0 2415245 0 0 0
1791211572 2842, 13801, 76, 0x0000000000000000 | 6.78 11.09 12.06 | cpu  377789690 194384761 98414743 12228415604 483105 0 2415245 0 0 0
1791211573 2842, 13801, 75, 0x0000000000000000 | 6.55 10.97 12.01 | cpu  377790001 194384761 98414938 12228444189 483106 0 2415246 0 0 0
1791211574 2842, 13801, 74, 0x0000000000000000 | 6.55 10.97 12.01 | cpu  377792157 194384761 98416752 12228468914 483106 0 2415247 0 0 0
1791211575 2850, 13801, 73, 0x0000000000000000 | 6.55 10.97 12.01 | cpu  377793531 194384761 98418210 12228495945 483106 0 2415251 0 0 0
1791211577 2835, 13801, 75, 0x0000000000000000 | 6.55 10.97 12.01 | cpu  377794751 194384761 98420090 12228522101 483106 0 2415252 0 0 0
1791211578 2857, 13801, 72, 0x0000000000000000 | 6.55 10.97 12.01 | cpu  377797760 194384761 98420640 12228546534 483106 0 2415252 0 0 0
1791211579 2857, 13801, 78, 0x0000000000000004 | 6.35 10.85 11.97 | cpu  377801018 194384761 98421063 12228571936 483107 0 2415254 0 0 0
1791211580 2850, 13801, 73, 0x0000000000000000 | 6.35 10.85 11.97 | cpu  377803899 194384761 98421889 12228596570 483123 0 2415256 0 0 0
1791211581 2850, 13801, 75, 0x0000000000000000 | 6.35 10.85 11.97 | cpu  377806418 194384761 98423135 12228621678 483170 0 2415256 0 0 0
1791211582 2850, 13801, 72, 0x0000000000000000 | 6.35 10.85 11.97 | cpu  377809115 194384761 98424036 12228646848 483170 0 2415257 0 0 0
1791211583 2857, 13801, 72, 0x0000000000000000 | 6.32 10.77 11.94 | cpu  377811581 194384761 98425194 12228671197 483171 0 2415257 0 0 0
1791211584 2857, 13801, 71, 0x0000000000000000 | 6.32 10.77 11.94 | cpu  377813610 194384761 98427050 12228696694 483171 0 2415258 0 0 0
1791211586 2887, 13801, 76, 0x0000000000000004 | 6.32 10.77 11.94 | cpu  377815671 194384762 98428564 12228721965 483171 0 2415259 0 0 0
1791211587 2857, 13801, 73, 0x0000000000000000 | 6.32 10.77 11.94 | cpu  377816924 194384762 98429417 12228748988 483171 0 2415262 0 0 0
1791211588 2865, 13801, 71, 0x0000000000000000 | 7.18 10.88 11.96 | cpu  377818039 194384762 98429654 12228777384 483171 0 2415264 0 0 0
1791211589 2842, 13801, 74, 0x0000000000000000 | 7.18 10.88 11.96 | cpu  377819511 194384762 98429900 12228805271 483172 0 2415267 0 0 0
1791211590 2850, 13801, 73, 0x0000000000000000 | 7.18 10.88 11.96 | cpu  377819835 194384762 98430080 12228834084 483172 0 2415272 0 0 0
1791211591 2865, 13801, 71, 0x0000000000000000 | 7.18 10.88 11.96 | cpu  377820108 194384762 98430317 12228862353 483172 0 2415276 0 0 0
1791211592 2842, 13801, 73, 0x0000000000000000 | 7.18 10.88 11.96 | cpu  377820366 194384762 98430584 12228890649 483172 0 2415281 0 0 0
1791211594 2842, 13801, 73, 0x0000000000000000 | 6.84 10.75 11.92 | cpu  377820604 194384762 98430753 12228919388 483180 0 2415284 0 0 0
1791211595 2835, 13801, 76, 0x0000000000000000 | 6.84 10.75 11.92 | cpu  377820837 194384762 98430914 12228947748 483181 0 2415286 0 0 0
1791211596 2842, 13801, 74, 0x0000000000000000 | 6.84 10.75 11.92 | cpu  377821141 194384762 98431087 12228976894 483181 0 2415286 0 0 0
1791211597 2842, 13801, 75, 0x0000000000000000 | 6.84 10.75 11.92 | cpu  377821586 194384762 98431311 12229005035 483181 0 2415287 0 0 0
1791211598 2865, 13801, 72, 0x0000000000000000 | 6.77 10.67 11.88 | cpu  377821856 194384762 98431610 12229034067 483183 0 2415293 0 0 0
1791211599 2872, 13801, 72, 0x0000000000000000 | 6.77 10.67 11.88 | cpu  377822088 194384762 98431888 12229062305 483184 0 2415299 0 0 0
1791211600 2857, 13801, 73, 0x0000000000000000 | 6.77 10.67 11.88 | cpu  377822342 194384762 98432142 12229090518 483184 0 2415303 0 0 0
1791211601 2850, 13801, 73, 0x0000000000000000 | 6.77 10.67 11.88 | cpu  377822630 194384762 98432396 12229118649 483184 0 2415305 0 0 0
1791211603 2842, 13801, 76, 0x0000000000000000 | 6.77 10.67 11.88 | cpu  377822986 194384762 98432704 12229147749 483184 0 2415316 0 0 0
1791211604 2842, 13801, 75, 0x0000000000000000 | 6.55 10.56 11.84 | cpu  377823648 194384762 98432940 12229175978 483185 0 2415316 0 0 0
1791211605 2835, 13801, 76, 0x0000000000000000 | 6.55 10.56 11.84 | cpu  377825618 194384762 98433214 12229201788 483185 0 2415316 0 0 0
1791211606 2835, 13801, 76, 0x0000000000000000 | 6.55 10.56 11.84 | cpu  377827509 194384762 98433520 12229228974 483188 0 2415317 0 0 0
1791211607 2835, 13801, 79, 0x0000000000000000 | 6.55 10.56 11.84 | cpu  377828795 194384762 98433961 12229257582 483189 0 2415324 0 0 0
1791211608 2842, 13801, 76, 0x0000000000000000 | 6.75 10.53 11.83 | cpu  377830766 194384762 98434419 12229283430 483189 0 2415324 0 0 0
1791211609 2857, 13801, 73, 0x0000000000000000 | 6.75 10.53 11.83 | cpu  377832265 194384762 98434740 12229310331 483190 0 2415324 0 0 0
1791211611 2842, 13801, 76, 0x0000000000000000 | 6.75 10.53 11.83 | cpu  377834154 194384762 98435113 12229338621 483190 0 2415327 0 0 0
1791211612 2835, 13801, 77, 0x0000000000000000 | 6.75 10.53 11.83 | cpu  377835244 194384762 98435453 12229365907 483190 0 2415328 0 0 0
1791211613 2850, 13801, 73, 0x0000000000000000 | 7.17 10.55 11.83 | cpu  377836512 194384762 98435800 12229392932 483190 0 2415330 0 0 0
1791211614 2835, 13801, 75, 0x0000000000000000 | 7.17 10.55 11.83 | cpu  377838508 194384762 98436275 12229418107 483192 0 2415332 0 0 0
1791211615 2842, 13801, 73, 0x0000000000000000 | 7.17 10.55 11.83 | cpu  377839922 194384762 98436598 12229445285 483192 0 2415332 0 0 0
1791211616 2865, 13801, 73, 0x0000000000000000 | 7.17 10.55 11.83 | cpu  377841454 194384762 98436874 12229471548 483192 0 2415333 0 0 0
1791211617 2835, 13801, 77, 0x0000000000000000 | 7.17 10.55 11.83 | cpu  377843364 194384762 98437095 12229499630 483193 0 2415336 0 0 0
1791211618 2842, 13801, 76, 0x0000000000000000 | 7.32 10.53 11.81 | cpu  377845400 194384762 98437541 12229526096 483193 0 2415337 0 0 0
1791211620 2865, 13801, 72, 0x0000000000000000 | 7.32 10.53 11.81 | cpu  377846634 194384762 98437806 12229552246 483193 0 2415339 0 0 0
1791211621 2842, 13801, 77, 0x0000000000000000 | 7.32 10.53 11.81 | cpu  377849783 194384762 98438520 12229576470 483193 0 2415340 0 0 0
1791211622 2842, 13801, 76, 0x0000000000000000 | 7.32 10.53 11.81 | cpu  377850693 194384762 98438759 12229604284 483193 0 2415345 0 0 0
1791211623 2850, 13801, 73, 0x0000000000000000 | 8.25 10.67 11.85 | cpu  377853120 194384762 98439182 12229630222 483194 0 2415346 0 0 0
1791211624 2850, 13801, 74, 0x0000000000000000 | 8.25 10.67 11.85 | cpu  377854302 194384762 98439628 12229657964 483195 0 2415347 0 0 0
1791211625 2850, 13801, 74, 0x0000000000000000 | 8.25 10.67 11.85 | cpu  377855170 194384763 98439896 12229685748 483195 0 2415348 0 0 0
1791211626 2835, 13801, 75, 0x0000000000000000 | 8.25 10.67 11.85 | cpu  377857432 194384763 98440288 12229712356 483195 0 2415352 0 0 0
1791211627 2857, 13801, 76, 0x0000000000000004 | 8.25 10.67 11.85 | cpu  377858831 194384763 98441152 12229738005 483196 0 2415353 0 0 0
1791211629 2842, 13801, 77, 0x0000000000000000 | 8.31 10.64 11.83 | cpu  377860117 194384763 98441419 12229766121 483196 0 2415354 0 0 0
1791211630 2842, 13801, 74, 0x0000000000000000 | 8.31 10.64 11.83 | cpu  377861172 194384763 98441607 12229794163 483196 0 2415361 0 0 0
1791211631 2842, 13801, 74, 0x0000000000000000 | 8.31 10.64 11.83 | cpu  377863386 194384763 98441906 12229820528 483196 0 2415362 0 0 0
1791211632 2857, 13801, 72, 0x0000000000000000 | 8.31 10.64 11.83 | cpu  377864603 194384763 98442198 12229848652 483198 0 2415364 0 0 0
1791211633 2842, 13801, 73, 0x0000000000000000 | 8.21 10.58 11.81 | cpu  377866538 194384763 98442509 12229875774 483199 0 2415364 0 0 0
1791211634 2835, 13801, 76, 0x0000000000000000 | 8.21 10.58 11.81 | cpu  377867479 194384763 98442806 12229903890 483199 0 2415364 0 0 0
1791211635 2842, 13801, 73, 0x0000000000000000 | 8.21 10.58 11.81 | cpu  377868704 194384763 98443087 12229930883 483199 0 2415365 0 0 0
1791211637 2850, 13801, 73, 0x0000000000000000 | 8.21 10.58 11.81 | cpu  377870158 194384763 98443413 12229958108 483199 0 2415366 0 0 0
1791211638 2842, 13801, 77, 0x0000000000000000 | 8.21 10.58 11.81 | cpu  377871650 194384763 98443737 12229984977 483199 0 2415366 0 0 0
1791211639 2857, 13801, 76, 0x0000000000000000 | 8.27 10.55 11.79 | cpu  377873569 194384763 98444259 12230012944 483200 0 2415367 0 0 0
1791211640 2850, 13801, 80, 0x0000000000000004 | 8.27 10.55 11.79 | cpu  377875217 194384763 98444657 12230038753 483200 0 2415378 0 0 0
1791211641 2857, 13801, 73, 0x0000000000000000 | 8.27 10.55 11.79 | cpu  377876710 194384763 98445034 12230067050 483200 0 2415379 0 0 0
1791211642 2842, 13801, 75, 0x0000000000000000 | 8.27 10.55 11.79 | cpu  377878887 194384763 98445403 12230093118 483202 0 2415380 0 0 0
1791211643 2842, 13801, 74, 0x0000000000000000 | 8.41 10.55 11.78 | cpu  377879918 194384763 98446329 12230119777 483203 0 2415382 0 0 0
1791211645 2842, 13801, 73, 0x0000000000000000 | 8.41 10.55 11.78 | cpu  377880876 194384763 98446684 12230148119 483204 0 2415384 0 0 0
1791211646 2842, 13801, 73, 0x0000000000000000 | 8.41 10.55 11.78 | cpu  377882278 194384763 98446976 12230175198 483204 0 2415384 0 0 0
1791211647 2857, 13801, 72, 0x0000000000000000 | 8.41 10.55 11.78 | cpu  377883795 194384763 98447244 12230201686 483204 0 2415385 0 0 0
1791211648 2850, 13801, 71, 0x0000000000000000 | 8.14 10.45 11.75 | cpu  377884061 194384763 98447504 12230229994 483204 0 2415385 0 0 0
1791211649 2872, 13801, 69, 0x0000000000000000 | 8.14 10.45 11.75 | cpu  377884397 194384763 98447812 12230258155 483205 0 2415386 0 0 0
1791211650 2430, 13801, 67, 0x0000000000000000 | 8.14 10.45 11.75 | cpu  377884552 194384763 98448121 12230286256 483205 0 2415386 0 0 0
1791211651 2430, 13801, 66, 0x0000000000000000 | 8.14 10.45 11.75 | cpu  377885027 194384763 98448440 12230314234 483205 0 2415386 0 0 0
1791211652 2430, 13801, 66, 0x0000000000000000 | 8.14 10.45 11.75 | cpu  377886270 194384763 98448820 12230341698 483205 0 2415386 0 0 0
1791211654 2430, 13801, 66, 0x0000000000000000 | 7.96 10.38 11.72 | cpu  377886992 194384763 98449302 12230369328 483213 0 2415386 0 0 0
1791211655 2430, 13801, 65, 0x0000000000000000 | 7.96 10.38 11.72 | cpu  377887716 194384763 98449859 12230398697 483213 0 2415386 0 0 0
1791211656 2430, 13801, 65, 0x0000000000000000 | 7.96 10.38 11.72 | cpu  377888334 194384763 98450337 12230427176 483213 0 2415388 0 0 0
1791211657 2430, 13801, 65, 0x0000000000000000 | 7.96 10.38 11.72 | cpu  377888583 194384763 98450574 12230455191 483213 0 2415388 0 0 0
1791211658 2430, 13801, 64, 0x0000000000000000 | 7.81 10.31 11.68 | cpu  377889704 194384763 98451105 12230482834 483213 0 2415389 0 0 0
1791211659 2430, 13801, 64, 0x0000000000000000 | 7.81 10.31 11.68 | cpu  377892214 194384763 98451971 12230508249 483214 0 2415389 0 0 0
1791211660 2430, 13801, 64, 0x0000000000000000 | 7.81 10.31 11.68 | cpu  377893440 194384763 98452384 12230536514 483214 0 2415389 0 0 0
1791211662 2430, 13801, 63, 0x0000000000000000 | 7.81 10.31 11.68 | cpu  377894666 194384763 98452865 12230564892 483214 0 2415390 0 0 0
1791211663 2430, 13801, 63, 0x0000000000000000 | 7.81 10.31 11.68 | cpu  377894919 194384763 98453097 12230593334 483214 0 2415392 0 0 0
1791211664 2430, 13801, 63, 0x0000000000000000 | 7.50 10.20 11.64 | cpu  377895063 194384763 98453328 12230622092 483215 0 2415392 0 0 0
1791211665 2430, 13801, 63, 0x0000000000000000 | 7.50 10.20 11.64 | cpu  377895207 194384763 98453542 12230651010 483215 0 2415392 0 0 0
1791211666 2430, 13801, 63, 0x0000000000000000 | 7.50 10.20 11.64 | cpu  377895347 194384763 98453758 12230679210 483215 0 2415395 0 0 0
1791211667 2430, 13801, 62, 0x0000000000000000 | 7.50 10.20 11.64 | cpu  377895527 194384763 98453968 12230707559 483215 0 2415396 0 0 0
1791211668 2430, 13801, 62, 0x0000000000000000 | 7.38 10.13 11.61 | cpu  377895832 194384763 98454234 12230736056 483215 0 2415410 0 0 0
1791211670 2430, 13801, 62, 0x0000000000000000 | 7.38 10.13 11.61 | cpu  377896205 194384763 98454562 12230764870 483217 0 2415411 0 0 0
1791211671 2430, 13801, 62, 0x0000000000000000 | 7.38 10.13 11.61 | cpu  377896389 194384763 98454953 12230794080 483217 0 2415412 0 0 0
1791211672 2430, 13801, 62, 0x0000000000000000 | 7.38 10.13 11.61 | cpu  377896582 194384764 98455248 12230822168 483217 0 2415412 0 0 0
1791211673 2430, 13801, 62, 0x0000000000000000 | 7.35 10.08 11.59 | cpu  377896767 194384764 98455547 12230850754 483217 0 2415412 0 0 0
1791211674 2430, 13801, 61, 0x0000000000000000 | 7.35 10.08 11.59 | cpu  377897084 194384764 98455850 12230879890 483218 0 2415414 0 0 0
1791211675 2430, 13801, 61, 0x0000000000000000 | 7.35 10.08 11.59 | cpu  377897548 194384764 98456079 12230908351 483218 0 2415414 0 0 0
1791211676 2430, 13801, 61, 0x0000000000000000 | 7.35 10.08 11.59 | cpu  377898511 194384764 98456457 12230935915 483218 0 2415415 0 0 0
1791211678 2430, 13801, 61, 0x0000000000000000 | 7.35 10.08 11.59 | cpu  377898687 194384764 98456820 12230964854 483220 0 2415417 0 0 0
1791211679 2430, 13801, 61, 0x0000000000000000 | 7.08 9.98 11.55 | cpu  377899038 194384764 98457166 12230992561 483221 0 2415418 0 0 0
