1791437077 2, 0, 67.61
1791437078 4, 0, 63.75
1791437080 4, 0, 43.79
1791437081 4, 0, 43.10
1791437082 4, 0, 28.47
1791437083 4, 0, 27.98
1791437084 508, 0, 26.94
1791437085 4550, 12, 61.98
1791437086 5590, 5, 77.39
1791437087 5870, 4, 71.94
1791437089 6650, 13, 72.94
1791437090 6930, 2, 73.00
1791437091 7690, 2, 71.52
1791437092 7970, 1, 73.48
1791437093 8750, 2, 71.63
1791437094 9790, 8, 72.20
1791437095 10870, 9, 78.07
1791437096 12270, 16, 78.64
1791437097 13670, 13, 78.10
1791437099 15070, 8, 78.64
1791437100 16470, 12, 78.69
1791437101 17870, 19, 78.43
1791437102 19270, 10, 78.27
1791437103 20310, 0, 76.25
1791437104 21612, 0, 70.34
1791437105 21612, 0, 69.59
1791437106 21612, 2, 69.80
1791437107 21612, 2, 70.10
1791437109 21612, 2, 70.19
1791437110 21612, 2, 70.17
1791437111 21640, 2, 70.38
1791437112 21648, 3, 73.25
1791437113 21648, 3, 71.77
1791437114 21648, 3, 71.07
1791437115 21648, 3, 70.70
1791437116 21648, 2, 70.57
1791437117 21648, 0, 70.33
1791437118 21648, 0, 70.34
1791437120 21648, 2, 70.14
1791437121 21648, 4, 70.27
1791437122 21648, 2, 70.49
1791437123 21648, 0, 70.70
1791437124 21648, 0, 70.86
1791437125 21648, 0, 70.47
1791437126 21648, 0, 70.72
1791437127 21648, 2, 70.24
1791437128 21648, 2, 69.81
1791437130 21648, 1, 69.59
1791437131 21648, 0, 69.56
1791437132 21648, 1, 69.88
1791437133 21648, 3, 69.71
1791437134 21648, 4, 69.79
1791437135 21648, 2, 69.69
1791437136 21648, 1, 69.68
1791437137 21648, 0, 69.86
1791437138 21648, 0, 69.62
1791437139 21648, 0, 69.93
1791437141 21648, 0, 69.93
1791437142 21648, 1, 69.84
1791437143 21648, 3, 69.84
1791437144 21648, 3, 69.56
1791437145 21648, 2, 69.73
1791437146 21648, 0, 69.87
1791437147 21648, 0, 69.71
1791437148 21648, 0, 69.62
1791437149 21648, 0, 69.72
1791437151 21648, 1, 69.64
1791437152 21648, 2, 69.44
1791437153 21648, 2, 69.43
1791437154 21648, 0, 69.69
1791437155 21648, 0, 69.94
1791437156 21648, 2, 69.89
1791437157 21648, 3, 70.00
1791437158 21648, 3, 69.97
1791437159 21648, 1, 69.96
1791437160 21648, 0, 70.03
1791437162 21648, 0, 70.04
1791437163 21660, 3, 70.04
1791437164 23206, 96, 157.55
1791437165 23206, 96, 336.44
1791437166 23206, 96, 337.49
1791437167 23206, 96, 339.50
1791437168 23206, 96, 339.06
1791437169 21284, 96, 283.16
1791437170 22770, 98, 317.92
1791437172 23670, 98, 365.98
1791437173 24652, 96, 366.17
1791437174 24664, 98, 366.39
1791437175 24664, 96, 364.98
1791437176 24708, 98, 354.64
1791437177 24708, 98, 376.32
1791437178 24708, 99, 355.05
1791437179 24708, 98, 370.99
1791437180 24708, 97, 346.18
1791437182 24708, 98, 376.16
1791437183 24888, 96, 375.53
1791437184 25544, 99, 357.08
1791437185 25544, 96, 378.62
1791437186 25570, 94, 351.81
1791437187 25570, 98, 361.68
1791437188 25570, 96, 364.15
1791437189 25570, 99, 370.29
1791437190 25570, 97, 366.87
1791437191 25570, 98, 379.85
1791437193 25570, 96, 398.26
1791437194 25570, 98, 368.45
1791437195 25570, 98, 369.83
1791437196 25570, 99, 365.78
1791437197 25570, 98, 374.73
1791437198 25570, 97, 388.52
1791437199 25570, 100, 360.95
1791437200 25582, 46, 371.73
1791437201 25582, 98, 363.18
1791437203 25582, 98, 377.72
1791437204 25582, 91, 379.45
1791437205 25582, 98, 369.68
1791437206 25582, 95, 389.16
1791437207 25582, 95, 362.70
1791437208 25582, 98, 389.87
1791437209 25582, 95, 362.49
1791437210 25582, 98, 387.72
1791437212 25582, 95, 368.68
1791437213 25582, 98, 378.84
1791437214 25582, 98, 389.79
1791437215 25586, 98, 358.70
1791437216 25586, 98, 402.33
1791437217 25586, 99, 364.56
1791437218 25586, 99, 369.57
1791437219 25586, 83, 364.68
1791437220 25586, 98, 369.30
1791437222 25586, 98, 390.44
1791437223 25586, 98, 360.44
1791437224 25586, 98, 379.17
1791437225 25646, 97, 363.72
1791437226 25646, 98, 381.57
1791437227 25646, 96, 394.74
1791437228 25646, 90, 366.57
1791437229 25646, 98, 392.65
1791437230 25646, 90, 366.37
1791437231 25646, 98, 380.11
1791437233 25646, 0, 245.95
1791437234 25646, 0, 78.17
1791437235 25646, 0, 77.01
1791437236 25646, 0, 76.78
1791437237 25646, 0, 76.32
1791437238 25646, 0, 76.12
1791437239 25646, 0, 75.56
1791437240 25646, 0, 75.14
1791437241 25646, 0, 75.06
1791437243 25646, 0, 75.40
1791437244 25646, 0, 75.24
1791437245 25646, 0, 74.88
1791437246 25646, 0, 74.93
1791437247 25646, 0, 74.78
1791437248 25646, 0, 74.38
1791437249 25646, 0, 74.12
1791437250 25646, 0, 74.91
1791437251 25646, 0, 40.19
1791437252 25646, 0, 31.51
1791437254 25646, 0, 31.15
1791437255 25646, 0, 30.45
1791437256 25646, 0, 30.48
1791437257 25646, 0, 30.38
1791437258 25646, 0, 29.95
1791437259 25646, 0, 29.65
1791437260 25646, 0, 29.79
1791437261 25646, 0, 29.77
1791437262 25646, 0, 29.45
1791437264 25646, 0, 29.55
1791437265 25646, 0, 28.94
1791437266 25646, 0, 28.74
1791437267 25646, 0, 28.81
1791437268 25646, 0, 28.72
1791437269 25646, 0, 28.72
1791437270 25646, 0, 28.99
1791437271 25646, 0, 28.81
1791437273 25646, 0, 28.92
1791437274 25646, 0, 28.69
1791437275 25646, 0, 28.47
1791437276 25646, 0, 28.79
1791437277 25646, 0, 28.46
1791437278 25646, 0, 28.26
1791437279 25646, 0, 29.16
1791437280 25646, 0, 28.91
1791437281 25646, 0, 28.25
1791437283 25646, 0, 28.38
1791437284 25646, 0, 28.99
1791437285 25646, 0, 28.81
1791437286 25646, 0, 28.07
1791437287 25646, 0, 28.04
1791437288 25646, 0, 28.22
1791437289 25646, 0, 28.44
1791437290 25646, 0, 28.53
1791437292 25646, 0, 28.43
1791437293 25646, 0, 28.33
1791437294 25646, 0, 28.12
1791437295 25646, 0, 28.06
1791437296 25646, 0, 27.78
1791437297 25646, 0, 28.21
1791437298 25646, 0, 28.04
1791437299 25646, 0, 28.37
1791437300 25646, 0, 28.58
1791437302 25646, 0, 28.51
1791437303 25646, 0, 28.42
1791437304 25646, 0, 28.14
1791437305 25646, 0, 27.80
1791437306 25646, 0, 27.77
1791437307 25646, 0, 28.11
1791437308 25646, 0, 28.45
1791437309 25646, 0, 28.13
1791437311 25646, 0, 28.08
1791437312 25646, 0, 28.04
1791437313 25646, 0, 27.90
1791437314 25646, 0, 28.02
1791437315 25646, 0, 27.93
1791437316 25646, 0, 27.75
1791437317 25646, 0, 27.26
1791437318 25646, 0, 27.50
1791437319 25646, 0, 27.66
1791437320 25646, 0, 28.15
1791437322 25646, 0, 27.98
1791437323 25646, 0, 27.94
1791437324 25646, 0, 27.98
1791437325 25646, 0, 27.88
1791437326 25646, 0, 27.94
1791437327 25646, 0, 27.86
1791437328 25646, 0, 27.93
1791437329 25646, 0, 27.86
1791437331 25646, 0, 27.87
1791437332 25646, 0, 27.62
1791437333 25646, 0, 27.08
1791437334 25646, 0, 27.22
1791437335 25646, 0, 27.21
1791437336 25646, 0, 27.42
1791437337 25646, 0, 27.33
1791437338 25646, 0, 27.81
1791437339 25646, 0, 27.38
1791437341 25646, 0, 27.51
1791437342 25646, 0, 27.43
1791437343 25646, 0, 27.35
1791437344 25646, 0, 27.28
1791437345 25646, 0, 27.28
1791437346 25646, 0, 27.18
1791437347 25646, 0, 27.28
1791437348 25646, 0, 27.29
1791437349 25646, 0, 27.41
1791437351 25646, 0, 27.25
1791437352 25646, 0, 27.27
1791437353 25646, 0, 26.89
1791437354 25646, 0, 26.99
1791437355 25646, 0, 26.83
1791437356 25646, 0, 26.70
1791437357 25646, 0, 27.05
1791437358 25646, 0, 26.54
1791437360 25646, 0, 26.70
1791437361 25646, 0, 27.22
1791437362 25646, 0, 27.18
1791437363 25646, 0, 26.99
1791437364 25646, 0, 27.07
1791437365 25646, 0, 27.10
1791437366 25646, 0, 27.16
1791437367 25646, 0, 27.45
1791437368 25646, 0, 27.26
1791437370 25646, 0, 27.39
1791437371 25646, 0, 27.51
1791437372 25646, 0, 27.42
1791437373 25646, 0, 27.56
1791437374 25646, 0, 27.58
1791437375 25646, 0, 27.52
1791437376 25646, 0, 27.52
1791437377 25646, 0, 27.65
1791437378 25646, 0, 27.63
1791437380 25646, 0, 27.41
1791437381 25646, 0, 27.34
1791437382 25646, 0, 27.39
1791437383 25646, 0, 27.38
1791437384 25646, 0, 27.19
1791437385 25646, 0, 27.19
1791437386 25646, 0, 27.05
1791437387 25646, 0, 27.33
1791437389 25646, 0, 27.18
1791437390 25646, 0, 27.19
1791437391 25646, 0, 27.20
1791437392 25646, 0, 27.22
1791437393 25646, 0, 27.30
1791437394 25646, 0, 27.37
1791437395 25646, 0, 27.60
1791437396 25646, 0, 27.44
1791437397 25646, 0, 27.40
1791437398 25646, 0, 27.24
1791437400 25646, 0, 27.45
1791437401 25646, 0, 27.45
1791437402 25646, 0, 27.41
1791437403 25646, 0, 27.42
1791437404 25646, 0, 26.74
1791437405 25646, 0, 26.95
1791437406 25646, 0, 27.09
1791437407 25646, 0, 27.14
1791437409 25646, 0, 26.98
1791437410 25646, 0, 27.00
1791437411 25646, 0, 27.03
1791437412 25646, 0, 27.15
1791437413 25646, 0, 27.00
1791437414 25646, 0, 27.06
1791437415 25646, 0, 27.02
1791437416 25646, 0, 27.23
1791437417 25646, 0, 27.62
1791437419 25646, 0, 27.43
1791437420 25646, 0, 27.52
1791437421 25646, 0, 27.56
1791437422 25646, 0, 27.58
1791437423 25646, 0, 27.08
1791437424 25646, 0, 27.22
1791437425 25646, 0, 27.35
1791437426 25646, 0, 27.41
1791437427 25646, 0, 27.27
1791437429 25646, 0, 27.46
1791437430 25646, 0, 27.50
1791437431 25646, 0, 27.52
1791437432 25646, 0, 27.34
1791437433 25646, 0, 27.40
1791437434 25646, 0, 27.79
1791437435 25646, 0, 27.41
1791437436 25646, 0, 27.53
1791437437 25646, 0, 27.26
1791437439 25646, 0, 27.21
1791437440 25646, 0, 26.85
1791437441 25646, 0, 26.94
1791437442 25646, 0, 26.63
1791437443 25646, 0, 26.76
1791437444 25646, 0, 27.10
1791437445 25646, 0, 25.91
1791437446 25646, 0, 25.87
1791437448 25646, 0, 25.99
1791437449 25646, 0, 25.99
1791437450 25646, 0, 25.96
1791437451 25646, 0, 26.28
1791437452 25646, 0, 26.02
1791437453 25646, 0, 25.82
1791437454 25646, 0, 25.74
1791437455 25646, 0, 25.78
1791437456 25646, 0, 25.94
1791437458 25646, 0, 25.81
1791437459 25646, 0, 25.75
1791437460 25646, 0, 25.87
1791437461 25646, 0, 26.00
1791437462 25646, 0, 26.31
1791437463 25646, 0, 26.13
1791437464 25646, 0, 25.95
1791437465 25646, 0, 26.04
1791437466 25646, 0, 26.52
1791437468 25646, 0, 26.20
1791437469 25646, 0, 25.90
1791437470 25646, 0, 25.92
1791437471 25646, 0, 26.19
1791437472 25646, 0, 25.98
1791437473 25646, 0, 26.38
1791437474 25646, 0, 26.39
1791437475 25646, 0, 26.34
1791437477 25646, 0, 26.26
1791437478 25646, 0, 26.12
1791437479 25646, 94, 114.89
1791437480 25646, 98, 253.89
1791437481 25646, 98, 362.32
1791437482 25646, 95, 367.32
1791437483 25646, 98, 374.31
1791437484 25646, 96, 368.23
1791437485 25646, 98, 371.57
1791437487 25646, 95, 393.54
1791437488 25646, 98, 361.48
1791437489 25646, 98, 374.64
1791437490 25646, 99, 354.03
1791437491 25646, 98, 376.94
1791437492 25646, 96, 379.94
1791437493 25646, 98, 364.54
1791437494 25646, 98, 393.87
1791437495 25646, 99, 352.59
1791437497 25646, 98, 379.04
1791437498 25646, 94, 363.72
1791437499 25646, 95, 377.08
1791437500 25646, 96, 368.76
1791437501 25646, 98, 378.10
1791437502 25646, 98, 395.94
1791437503 25646, 98, 362.11
1791437504 25646, 98, 368.54
1791437505 25646, 99, 366.11
1791437507 25646, 99, 379.35
1791437508 25646, 96, 384.44
1791437509 25646, 98, 365.46
1791437510 25646, 99, 397.64
1791437511 25646, 98, 364.59
1791437512 25646, 98, 387.94
1791437513 25646, 94, 368.97
1791437514 25646, 98, 382.95
1791437515 25646, 96, 391.90
1791437516 25646, 96, 384.64
1791437518 25646, 94, 386.96
1791437519 25646, 98, 368.96
1791437520 25646, 98, 379.35
1791437521 25646, 98, 362.20
1791437522 25646, 98, 380.05
1791437523 25646, 94, 380.21
1791437524 25646, 97, 361.02
1791437525 25646, 98, 390.92
1791437526 25646, 100, 360.38
1791437528 25646, 98, 376.13
1791437529 25646, 96, 373.69
1791437530 25648, 98, 371.02
1791437531 25648, 98, 391.32
1791437532 25648, 97, 372.84
1791437533 25648, 98, 401.97
1791437534 25648, 99, 366.35
1791437535 25648, 98, 381.49
1791437536 25648, 97, 370.47
1791437537 25648, 98, 392.94
1791437539 25648, 96, 389.79
1791437540 25648, 98, 371.37
1791437541 25648, 96, 389.24
1791437542 25648, 96, 369.14
1791437543 25648, 98, 393.71
1791437544 25648, 92, 369.83
1791437545 25648, 98, 379.83
1791437546 25648, 94, 372.95
1791437548 25648, 98, 390.58
1791437549 25648, 95, 391.75
1791437550 25648, 98, 370.66
1791437551 25648, 98, 394.34
1791437552 25648, 99, 362.30
1791437553 25648, 98, 379.46
1791437554 25648, 96, 391.64
1791437555 25648, 96, 387.95
1791437557 25648, 96, 396.40
1791437558 25648, 95, 374.77
1791437559 25648, 98, 396.96
1791437560 25648, 95, 375.65
1791437561 25648, 97, 397.00
1791437562 25648, 94, 371.34
1791437563 25648, 98, 384.86
1791437564 25648, 94, 402.42
1791437565 25648, 98, 385.24
1791437567 25648, 94, 402.76
1791437568 25648, 98, 375.09
1791437569 25648, 99, 397.53
1791437570 25648, 94, 377.62
1791437571 25648, 98, 386.83
1791437572 25648, 97, 378.76
1791437573 25648, 98, 385.48
1791437574 25648, 98, 406.93
1791437575 25648, 98, 385.74
1791437577 25648, 98, 406.40
1791437578 25648, 98, 375.47
1791437579 25648, 99, 397.66
1791437580 25648, 96, 385.30
1791437581 25648, 98, 398.16
1791437582 25648, 96, 379.77
1791437583 25648, 98, 372.03
1791437584 25648, 98, 408.27
1791437585 25648, 99, 376.84
1791437586 25648, 98, 399.24
1791437588 25648, 98, 377.11
1791437589 25648, 98, 399.45
1791437590 25648, 96, 394.42
1791437591 25648, 98, 378.13
1791437592 25648, 96, 392.55
1791437593 25648, 99, 376.41
1791437594 25648, 98, 405.28
1791437595 25648, 98, 374.16
1791437596 25648, 98, 406.27
1791437598 25648, 99, 374.38
1791437599 25648, 98, 400.84
1791437600 25648, 96, 396.15
1791437601 25648, 98, 399.39
1791437602 25648, 97, 390.77
1791437603 25648, 98, 376.12
1791437604 25648, 98, 405.60
1791437605 25648, 97, 373.41
1791437606 25648, 98, 396.99
1791437608 25648, 94, 381.17
1791437609 25648, 98, 394.17
1791437610 25648, 95, 397.78
1791437611 25648, 98, 375.37
1791437612 25648, 98, 409.96
1791437613 25648, 98, 372.78
1791437614 25648, 98, 400.20
1791437615 25648, 96, 392.48
1791437616 25668, 98, 384.59
1791437618 25668, 96, 390.19
1791437619 25668, 98, 384.68
1791437620 25668, 98, 410.23
1791437621 25668, 98, 378.81
1791437622 25668, 98, 411.02
1791437623 25668, 99, 373.44
1791437624 25668, 98, 400.89
1791437625 25668, 96, 391.28
1791437626 25688, 98, 392.74
1791437628 25688, 96, 388.50
1791437629 25688, 99, 388.42
1791437630 25688, 98, 410.88
1791437631 25688, 98, 378.08
1791437632 25688, 98, 401.64
1791437633 25688, 99, 369.80
1791437634 25688, 98, 401.47
1791437635 25688, 96, 394.84
1791437636 25688, 98, 390.32
1791437638 25688, 96, 398.64
1791437639 25688, 98, 380.70
1791437640 25688, 98, 411.58
1791437641 25688, 99, 374.63
1791437642 25688, 98, 400.19
1791437643 25688, 94, 374.03
1791437644 25688, 95, 394.13
1791437645 25688, 94, 400.90
1791437646 25688, 98, 379.35
1791437648 25688, 96, 406.73
1791437649 25688, 98, 380.76
1791437650 25688, 98, 401.18
1791437651 25688, 93, 380.91
1791437652 25688, 98, 401.39
1791437653 25688, 96, 377.20
1791437654 25688, 98, 392.86
1791437655 25688, 95, 408.30
1791437656 25688, 98, 393.54
1791437658 25688, 94, 408.63
1791437659 25688, 98, 380.38
1791437660 25688, 99, 403.89
1791437661 25688, 94, 383.38
1791437662 25688, 98, 402.98
1791437663 25688, 96, 381.56
1791437664 25688, 98, 383.92
1791437665 25688, 95, 411.79
1791437666 25688, 98, 391.24
1791437668 25688, 98, 403.91
1791437669 25688, 98, 375.90
1791437670 25688, 98, 391.53
1791437671 25688, 96, 395.98
1791437672 25688, 98, 392.34
1791437673 25688, 96, 397.67
1791437674 25688, 99, 377.95
1791437675 25688, 98, 405.67
1791437676 25688, 100, 370.49
1791437678 25688, 98, 408.62
1791437679 25688, 93, 378.70
1791437680 25688, 98, 395.34
1791437681 25688, 96, 405.43
1791437682 25688, 98, 400.45
1791437683 25688, 96, 400.76
1791437684 25688, 95, 380.72
1791437685 25688, 98, 404.68
1791437686 25688, 95, 379.90
1791437688 25688, 98, 392.49
1791437689 25688, 96, 387.06
1791437690 25688, 98, 390.85
1791437691 25688, 95, 411.11
1791437692 25688, 97, 391.08
1791437693 25688, 81, 406.29
1791437694 25688, 98, 375.46
1791437695 25688, 98, 402.67
1791437696 25688, 96, 390.58
1791437698 25688, 98, 404.34
1791437699 25688, 96, 391.13
1791437700 25688, 98, 393.25
1791437701 25688, 95, 412.27
1791437702 25688, 98, 380.28
1791437703 25688, 98, 414.33
1791437704 25688, 98, 371.10
1791437705 25688, 98, 402.67
1791437706 25688, 94, 392.92
1791437708 25688, 98, 395.08
1791437709 25688, 96, 399.58
1791437710 25688, 98, 382.42
1791437711 25688, 98, 413.11
1791437712 25688, 98, 382.53
1791437713 25688, 98, 415.37
1791437714 25688, 98, 376.24
1791437715 25688, 98, 401.68
1791437716 25688, 98, 375.97
1791437718 25688, 98, 393.49
1791437719 25688, 96, 404.56
1791437720 25688, 100, 377.70
1791437721 25688, 98, 404.70
1791437722 25688, 100, 376.58
1791437723 25688, 98, 403.37
1791437724 25688, 93, 374.19
1791437725 25688, 98, 397.04
1791437726 25688, 94, 380.72
1791437728 25688, 98, 401.01
1791437729 25688, 96, 406.64
1791437730 25688, 96, 378.28
1791437731 25688, 98, 410.87
1791437732 25688, 96, 377.98
1791437733 25688, 97, 404.52
1791437734 25688, 94, 378.01
1791437735 25688, 98, 399.72
1791437736 25688, 96, 406.24
1791437737 25688, 98, 397.18
1791437739 25688, 96, 406.27
1791437740 25688, 95, 380.56
1791437741 25688, 98, 403.38
1791437742 25688, 94, 381.14
1791437743 25688, 98, 409.73
1791437744 25688, 94, 379.40
1791437745 25688, 95, 399.96
1791437746 25688, 95, 402.45
1791437747 25688, 98, 393.30
1791437749 25688, 95, 410.45
1791437750 25688, 98, 381.73
1791437751 25688, 98, 411.56
1791437752 25688, 93, 383.48
1791437753 25688, 98, 407.03
1791437754 25688, 94, 381.28
1791437755 25688, 98, 394.52
1791437756 25688, 96, 408.96
1791437757 25688, 98, 398.34
1791437759 25688, 96, 409.46
1791437760 25688, 95, 380.68
1791437761 25688, 99, 404.97
1791437762 25688, 93, 384.40
1791437763 25688, 98, 404.12
1791437764 25688, 94, 379.81
1791437765 25688, 97, 393.31
1791437766 25688, 94, 409.92
1791437767 25688, 98, 394.26
1791437769 25688, 94, 409.46
1791437770 25688, 98, 382.45
1791437771 25688, 98, 405.00
1791437772 25688, 94, 386.82
1791437773 25688, 98, 404.69
1791437774 25688, 96, 380.05
1791437775 25688, 98, 394.79
1791437776 25688, 95, 410.82
1791437777 25688, 98, 395.88
1791437779 25688, 94, 411.38
1791437780 25688, 98, 380.95
1791437781 25688, 98, 404.88
1791437782 25688, 94, 384.35
1791437783 25688, 98, 405.89
1791437784 25688, 96, 379.43
1791437785 25688, 98, 395.36
1791437786 25688, 98, 403.63
1791437787 25688, 98, 381.64
1791437788 25688, 98, 414.07
1791437790 25688, 98, 381.11
1791437791 25688, 98, 403.62
1791437792 25688, 96, 391.22
1791437793 25688, 98, 388.41
1791437794 25688, 96, 387.66
1791437795 25688, 98, 389.58
1791437796 25688, 98, 414.95
1791437797 25688, 98, 382.71
1791437798 25688, 98, 403.79
1791437799 25688, 98, 377.51
1791437801 25688, 98, 393.45
1791437802 25688, 96, 399.34
1791437803 25688, 98, 382.34
1791437804 25688, 96, 393.21
1791437805 25688, 98, 381.08
1791437806 25688, 98, 413.64
1791437807 25688, 99, 376.81
1791437808 25688, 98, 393.72
1791437809 25688, 96, 378.84
1791437811 25688, 98, 405.99
1791437812 25688, 96, 405.14
1791437813 25688, 99, 379.21
1791437814 25688, 98, 415.45
1791437815 25688, 91, 374.58
1791437816 25688, 98, 383.82
1791437817 25688, 96, 390.61
1791437818 25688, 98, 394.27
1791437819 25688, 95, 412.51
1791437820 25688, 98, 391.86
1791437822 25688, 95, 413.58
1791437823 25688, 98, 382.66
1791437824 25688, 99, 405.41
1791437825 25688, 96, 363.79
1791437826 25688, 96, 364.52
1791437827 25688, 97, 364.46
1791437828 25688, 96, 364.68
1791437829 25688, 96, 364.51
1791437831 25688, 0, 227.86
1791437832 25688, 4, 82.70
1791437833 25688, 5, 82.24
1791437834 25688, 2, 81.90
1791437835 25688, 2, 81.29
1791437836 25688, 2, 81.11
1791437837 25688, 4, 81.07
1791437838 25688, 4, 80.68
1791437839 25688, 4, 80.53
1791437841 25688, 3, 80.04
1791437842 25688, 0, 80.08
1791437843 25688, 0, 79.08
1791437844 25688, 0, 78.61
1791437845 25688, 0, 78.72
1791437846 25688, 0, 78.58
1791437847 25688, 0, 78.29
1791437848 25688, 0, 77.89
1791437849 25688, 0, 77.58
1791437851 25688, 0, 77.31
1791437852 25688, 0, 77.79
1791437853 25688, 0, 77.90
1791437854 25688, 0, 77.33
1791437855 25688, 0, 77.19
1791437856 25688, 0, 76.80
1791437857 25688, 0, 76.57
1791437858 25688, 0, 77.03
1791437860 25688, 0, 44.62
1791437861 25688, 0, 33.20
1791437862 25688, 0, 32.89
1791437863 25688, 0, 32.36
1791437864 25688, 0, 32.01
1791437865 25688, 0, 31.72
1791437866 25688, 0, 31.88
1791437867 25688, 0, 31.86
1791437869 25688, 0, 31.47
