1791083905 1785, 2619, 43, 0x0000000000000001 | 6.46 7.19 7.16 | cpu  2137140925 50789983 268388049 14562682230 1669991 0 10543807 0 0 0
1791083906 345, 2619, 42, 0x0000000000000001 | 6.35 7.15 7.14 | cpu  2137141742 50789983 268388338 14562712577 1669991 0 10543815 0 0 0
1791083908 345, 2619, 42, 0x0000000000000001 | 6.35 7.15 7.14 | cpu  2137142036 50789983 268388536 14562737501 1669991 0 10543819 0 0 0
1791083909 345, 2619, 42, 0x0000000000000001 | 6.35 7.15 7.14 | cpu  2137142315 50789983 268388694 14562763353 1669991 0 10543823 0 0 0
1791083910 345, 2619, 41, 0x0000000000000001 | 6.35 7.15 7.14 | cpu  2137142633 50789983 268388816 14562788617 1669991 0 10543828 0 0 0
1791083911 345, 2619, 41, 0x0000000000000001 | 6.16 7.10 7.13 | cpu  2137142947 50789983 268388862 14562813741 1669991 0 10543828 0 0 0
1791083912 1785, 2619, 42, 0x0000000000000000 | 6.16 7.10 7.13 | cpu  2137143578 50789983 268388923 14562838858 1669991 0 10543829 0 0 0
1791083913 1785, 2619, 42, 0x0000000000000000 | 6.16 7.10 7.13 | cpu  2137143894 50789983 268389005 14562864800 1669991 0 10543830 0 0 0
1791083915 1785, 2619, 42, 0x0000000000000000 | 6.16 7.10 7.13 | cpu  2137144231 50789983 268389149 14562890419 1669991 0 10543835 0 0 0
1791083916 1785, 2619, 42, 0x0000000000000000 | 6.16 7.10 7.13 | cpu  2137144625 50789983 268389476 14562916862 1669995 0 10543847 0 0 0
1791083917 1785, 2619, 42, 0x0000000000000000 | 6.15 7.08 7.12 | cpu  2137144950 50789983 268389745 14562941974 1669996 0 10543851 0 0 0
1791083918 1785, 2619, 42, 0x0000000000000000 | 6.15 7.08 7.12 | cpu  2137145348 50789983 268389980 14562968722 1669997 0 10543854 0 0 0
1791083919 1785, 2619, 42, 0x0000000000000000 | 6.15 7.08 7.12 | cpu  2137145759 50789983 268390223 14562993940 1669997 0 10543863 0 0 0
1791083920 1785, 2619, 42, 0x0000000000000000 | 6.15 7.08 7.12 | cpu  2137146056 50789983 268390396 14563019483 1669998 0 10543880 0 0 0
1791083922 1785, 2619, 42, 0x0000000000000000 | 5.89 7.01 7.10 | cpu  2137146302 50789983 268390472 14563044487 1669998 0 10543882 0 0 0
1791083923 1785, 2619, 42, 0x0000000000000000 | 5.89 7.01 7.10 | cpu  2137146588 50789983 268390567 14563069624 1669998 0 10543883 0 0 0
1791083924 1785, 2619, 42, 0x0000000000000000 | 5.89 7.01 7.10 | cpu  2137146870 50789983 268390655 14563095529 1669998 0 10543884 0 0 0
1791083925 1785, 2619, 42, 0x0000000000000000 | 5.89 7.01 7.10 | cpu  2137147155 50789983 268390779 14563120726 1669998 0 10543885 0 0 0
1791083926 1785, 2619, 42, 0x0000000000000000 | 5.82 6.98 7.09 | cpu  2137147502 50789983 268391038 14563146409 1669998 0 10543886 0 0 0
1791083927 1785, 2619, 43, 0x0000000000000000 | 5.82 6.98 7.09 | cpu  2137147797 50789983 268391263 14563171461 1669998 0 10543896 0 0 0
1791083929 1785, 2619, 43, 0x0000000000000000 | 5.82 6.98 7.09 | cpu  2137148144 50789983 268391530 14563197698 1669998 0 10543907 0 0 0
1791083930 1785, 2619, 42, 0x0000000000000000 | 5.82 6.98 7.09 | cpu  2137148493 50789984 268391783 14563223043 1669998 0 10543923 0 0 0
1791083931 1785, 2619, 42, 0x0000000000000000 | 5.82 6.98 7.09 | cpu  2137148806 50789984 268391984 14563248936 1669998 0 10543924 0 0 0
1791083932 1785, 2619, 42, 0x0000000000000000 | 5.68 6.93 7.07 | cpu  2137149032 50789984 268392133 14563274914 1669998 0 10543924 0 0 0
1791083933 1785, 2619, 42, 0x0000000000000000 | 5.68 6.93 7.07 | cpu  2137149246 50789984 268392269 14563299724 1669998 0 10543925 0 0 0
1791083934 1785, 2619, 42, 0x0000000000000000 | 5.68 6.93 7.07 | cpu  2137150224 50789984 268392385 14563326290 1669998 0 10543927 0 0 0
1791083936 1770, 2619, 43, 0x0000000000000004 | 5.68 6.93 7.07 | cpu  2137153500 50789984 268392476 14563349768 1669998 0 10543928 0 0 0
1791083937 1785, 2619, 43, 0x0000000000000000 | 12.67 8.36 7.53 | cpu  2137156380 50789984 268392642 14563372670 1669998 0 10543933 0 0 0
1791083938 1785, 2619, 43, 0x0000000000000000 | 12.67 8.36 7.53 | cpu  2137159472 50789984 268392843 14563395592 1669998 0 10543940 0 0 0
1791083939 1785, 2619, 43, 0x0000000000000000 | 12.67 8.36 7.53 | cpu  2137162332 50789984 268393074 14563418431 1669998 0 10543946 0 0 0
1791083940 1785, 2619, 42, 0x0000000000000000 | 12.67 8.36 7.53 | cpu  2137164160 50789984 268393278 14563442861 1669998 0 10543959 0 0 0
1791083942 1785, 2619, 42, 0x0000000000000000 | 11.97 8.28 7.51 | cpu  2137164475 50789984 268393397 14563467974 1669998 0 10543961 0 0 0
1791083943 1785, 2619, 42, 0x0000000000000000 | 11.97 8.28 7.51 | cpu  2137164839 50789984 268393520 14563493740 1669998 0 10543969 0 0 0
1791083944 1785, 2619, 42, 0x0000000000000000 | 11.97 8.28 7.51 | cpu  2137165193 50789984 268393580 14563519340 1670000 0 10543977 0 0 0
1791083945 1785, 2619, 42, 0x0000000000000000 | 11.97 8.28 7.51 | cpu  2137165538 50789985 268393620 14563544920 1670000 0 10543978 0 0 0
1791083946 1785, 2619, 42, 0x0000000000000000 | 11.34 8.21 7.49 | cpu  2137165923 50789985 268393740 14563570622 1670000 0 10543984 0 0 0
1791083947 1785, 2619, 42, 0x0000000000000000 | 11.34 8.21 7.49 | cpu  2137166187 50789985 268393900 14563595595 1670000 0 10543985 0 0 0
1791083949 1785, 2619, 42, 0x0000000000000000 | 11.34 8.21 7.49 | cpu  2137166515 50789985 268394104 14563620776 1670000 0 10543987 0 0 0
1791083950 1785, 2619, 42, 0x0000000000000000 | 11.34 8.21 7.49 | cpu  2137166841 50789985 268394366 14563645698 1670000 0 10543990 0 0 0
1791083951 1785, 2619, 42, 0x0000000000000000 | 11.34 8.21 7.49 | cpu  2137167152 50789985 268394600 14563670954 1670000 0 10544003 0 0 0
1791083952 1785, 2619, 42, 0x0000000000000000 | 10.75 8.14 7.47 | cpu  2137167429 50789985 268394805 14563696641 1670000 0 10544009 0 0 0
1791083953 1785, 2619, 42, 0x0000000000000000 | 10.75 8.14 7.47 | cpu  2137167760 50789985 268395300 14563722684 1670000 0 10544013 0 0 0
1791083954 1785, 2619, 42, 0x0000000000000000 | 10.75 8.14 7.47 | cpu  2137168056 50789985 268395690 14563748105 1670000 0 10544016 0 0 0
1791083955 1785, 2619, 42, 0x0000000000000000 | 10.75 8.14 7.47 | cpu  2137168329 50789985 268395931 14563773314 1670000 0 10544017 0 0 0
1791083957 1785, 2619, 42, 0x0000000000000000 | 10.29 8.09 7.46 | cpu  2137168594 50789985 268396200 14563798676 1670000 0 10544019 0 0 0
1791083958 1785, 2619, 42, 0x0000000000000000 | 10.29 8.09 7.46 | cpu  2137168938 50789985 268396505 14563823767 1670000 0 10544032 0 0 0
1791083959 1785, 2619, 42, 0x0000000000000000 | 10.29 8.09 7.46 | cpu  2137169270 50789985 268396817 14563848660 1670000 0 10544039 0 0 0
1791083960 1785, 2619, 42, 0x0000000000000000 | 10.29 8.09 7.46 | cpu  2137169596 50789985 268397192 14563874016 1670000 0 10544052 0 0 0
1791083961 1785, 2619, 42, 0x0000000000000000 | 9.86 8.04 7.45 | cpu  2137169907 50789985 268397534 14563902438 1670000 0 10544064 0 0 0
1791083963 1785, 2619, 42, 0x0000000000000000 | 9.86 8.04 7.45 | cpu  2137170209 50789985 268397849 14563927359 1670000 0 10544067 0 0 0
1791083964 1785, 2619, 42, 0x0000000000000000 | 9.86 8.04 7.45 | cpu  2137170506 50789985 268398164 14563952711 1670000 0 10544068 0 0 0
1791083965 1785, 2619, 42, 0x0000000000000000 | 9.86 8.04 7.45 | cpu  2137170828 50789985 268398469 14563978723 1670000 0 10544072 0 0 0
1791083966 1785, 2619, 42, 0x0000000000000000 | 9.79 8.05 7.46 | cpu  2137171193 50789986 268398865 14564005313 1670000 0 10544076 0 0 0
1791083967 1785, 2619, 42, 0x0000000000000000 | 9.79 8.05 7.46 | cpu  2137171534 50789986 268399147 14564030438 1670000 0 10544076 0 0 0
1791083982 1785, 2619, 42, 0x0000000000000000 | 9.84 8.15 7.50 | cpu  2137175918 50789989 268403373 14564349384 1670000 0 10544109 0 0 0
1791083983 1785, 2619, 42, 0x0000000000000000 | 9.84 8.15 7.50 | cpu  2137176232 50789989 268403661 14564374831 1670000 0 10544138 0 0 0
1791083984 1785, 2619, 42, 0x0000000000000000 | 9.84 8.15 7.50 | cpu  2137176546 50789989 268403976 14564400975 1670000 0 10544146 0 0 0
1791083985 1785, 2619, 42, 0x0000000000000000 | 9.84 8.15 7.50 | cpu  2137176869 50789989 268404333 14564425625 1670000 0 10544154 0 0 0
1791083987 1785, 2619, 42, 0x0000000000000000 | 9.53 8.11 7.49 | cpu  2137177169 50789989 268404662 14564450504 1670000 0 10544161 0 0 0
1791083988 1785, 2619, 42, 0x0000000000000000 | 9.53 8.11 7.49 | cpu  2137177495 50789990 268405026 14564475226 1670000 0 10544161 0 0 0
1791083989 1785, 2619, 42, 0x0000000000000000 | 9.53 8.11 7.49 | cpu  2137177841 50789990 268405322 14564500402 1670000 0 10544165 0 0 0
1791083990 1785, 2619, 42, 0x0000000000000000 | 9.53 8.11 7.49 | cpu  2137178132 50789990 268405582 14564525978 1670000 0 10544177 0 0 0
1791083991 1785, 2619, 42, 0x0000000000000000 | 9.09 8.04 7.47 | cpu  2137178453 50789990 268406000 14564553301 1670000 0 10544182 0 0 0
1791083992 1785, 2619, 42, 0x0000000000000000 | 9.09 8.04 7.47 | cpu  2137178692 50789990 268406240 14564578619 1670000 0 10544183 0 0 0
1791083994 1785, 2619, 42, 0x0000000000000000 | 9.09 8.04 7.47 | cpu  2137179075 50789990 268406998 14564604053 1670000 0 10544184 0 0 0
1791083995 1785, 2619, 42, 0x0000000000000000 | 9.09 8.04 7.47 | cpu  2137180065 50789990 268410221 14564625298 1670000 0 10544194 0 0 0
1791083996 1785, 2619, 42, 0x0000000000000000 | 9.09 8.04 7.47 | cpu  2137180801 50789990 268411332 14564648399 1670000 0 10544211 0 0 0
1791083997 1785, 2619, 42, 0x0000000000000000 | 8.76 7.99 7.46 | cpu  2137181032 50789990 268411639 14564673527 1670000 0 10544215 0 0 0
1791083998 1785, 2619, 42, 0x0000000000000000 | 8.76 7.99 7.46 | cpu  2137182031 50789990 268411939 14564699150 1670000 0 10544231 0 0 0
1791083999 1785, 2619, 42, 0x0000000000000000 | 8.76 7.99 7.46 | cpu  2137182310 50789990 268412251 14564724086 1670000 0 10544231 0 0 0
1791084001 1785, 2619, 42, 0x0000000000000000 | 8.76 7.99 7.46 | cpu  2137182603 50789990 268412530 14564749646 1670001 0 10544233 0 0 0
1791084002 1785, 2619, 42, 0x0000000000000000 | 8.38 7.93 7.44 | cpu  2137182924 50789990 268412654 14564775886 1670013 0 10544244 0 0 0
1791084003 1770, 2619, 43, 0x0000000000000004 | 8.38 7.93 7.44 | cpu  2137183244 50789990 268412720 14564800660 1670014 0 10544245 0 0 0
1791084004 1470, 2619, 47, 0x0000000000000004 | 8.38 7.93 7.44 | cpu  2137183556 50789990 268412774 14564825603 1670015 0 10544245 0 0 0
1791084005 1500, 2619, 48, 0x0000000000000004 | 8.38 7.93 7.44 | cpu  2137183896 50789990 268412836 14564851438 1670015 0 10544246 0 0 0
1791084006 1785, 2619, 44, 0x0000000000000000 | 8.03 7.86 7.42 | cpu  2137184230 50789990 268412936 14564876589 1670015 0 10544246 0 0 0
1791084008 1785, 2619, 45, 0x0000000000000000 | 8.03 7.86 7.42 | cpu  2137184599 50789990 268413146 14564900827 1670017 0 10544246 0 0 0
1791084009 1650, 2619, 49, 0x0000000000000004 | 8.03 7.86 7.42 | cpu  2137184993 50789990 268413361 14564926515 1670017 0 10544246 0 0 0
1791084010 1710, 2619, 50, 0x0000000000000004 | 8.03 7.86 7.42 | cpu  2137185386 50789990 268413588 14564952268 1670017 0 10544248 0 0 0
1791084011 1755, 2619, 51, 0x0000000000000004 | 8.03 7.86 7.42 | cpu  2137185760 50789990 268413765 14564977609 1670017 0 10544252 0 0 0
1791084012 1695, 2619, 51, 0x0000000000000004 | 7.47 7.75 7.38 | cpu  2137186075 50789990 268413894 14565003196 1670017 0 10544252 0 0 0
1791084013 1740, 2619, 49, 0x0000000000000004 | 7.47 7.75 7.38 | cpu  2137186413 50789990 268413974 14565027670 1670017 0 10544253 0 0 0
1791084014 1650, 2619, 51, 0x0000000000000004 | 7.47 7.75 7.38 | cpu  2137186749 50789990 268414016 14565053632 1670017 0 10544253 0 0 0
1791084016 1770, 2619, 48, 0x0000000000000004 | 7.47 7.75 7.38 | cpu  2137187105 50789990 268414068 14565079110 1670017 0 10544253 0 0 0
1791084017 1755, 2619, 50, 0x0000000000000004 | 7.11 7.67 7.36 | cpu  2137187449 50789990 268414186 14565104215 1670017 0 10544260 0 0 0
1791084018 1575, 2619, 52, 0x0000000000000004 | 7.11 7.67 7.36 | cpu  2137187838 50789990 268414332 14565130477 1670017 0 10544270 0 0 0
1791084019 1770, 2619, 50, 0x0000000000000004 | 7.11 7.67 7.36 | cpu  2137188234 50789990 268414546 14565155438 1670017 0 10544272 0 0 0
1791084020 1635, 2619, 53, 0x0000000000000004 | 7.11 7.67 7.36 | cpu  2137188630 50789992 268414772 14565180770 1670017 0 10544285 0 0 0
1791084021 1620, 2619, 54, 0x0000000000000004 | 6.86 7.61 7.34 | cpu  2137188945 50789992 268414902 14565205695 1670017 0 10544286 0 0 0
1791084023 1620, 2619, 54, 0x0000000000000004 | 6.86 7.61 7.34 | cpu  2137189281 50789992 268415034 14565230174 1670017 0 10544286 0 0 0
1791084024 1635, 2619, 55, 0x0000000000000004 | 6.86 7.61 7.34 | cpu  2137189640 50789992 268415166 14565255609 1670017 0 10544291 0 0 0
1791084025 1650, 2619, 55, 0x0000000000000004 | 6.86 7.61 7.34 | cpu  2137189982 50789992 268415237 14565281160 1670017 0 10544292 0 0 0
1791084026 1725, 2619, 54, 0x0000000000000004 | 6.47 7.51 7.31 | cpu  2137190334 50789993 268415324 14565309622 1670017 0 10544293 0 0 0
1791084027 1770, 2619, 53, 0x0000000000000004 | 6.47 7.51 7.31 | cpu  2137190687 50789993 268415447 14565334487 1670017 0 10544293 0 0 0
1791084028 1785, 2619, 52, 0x0000000000000000 | 6.47 7.51 7.31 | cpu  2137191098 50789993 268415564 14565360185 1670017 0 10544294 0 0 0
1791084030 1275, 2619, 56, 0x0000000000000004 | 6.47 7.51 7.31 | cpu  2137191494 50789993 268415736 14565385426 1670017 0 10544300 0 0 0
1791084031 1575, 2619, 56, 0x0000000000000004 | 6.47 7.51 7.31 | cpu  2137191870 50789993 268415949 14565411162 1670017 0 10544310 0 0 0
1791084032 1635, 2619, 57, 0x0000000000000004 | 6.59 7.52 7.32 | cpu  2137192189 50789993 268416072 14565436339 1670017 0 10544311 0 0 0
1791084033 1500, 2619, 58, 0x0000000000000004 | 6.59 7.52 7.32 | cpu  2137192542 50789993 268416283 14565461079 1670017 0 10544320 0 0 0
1791084034 1635, 2619, 57, 0x0000000000000004 | 6.59 7.52 7.32 | cpu  2137192905 50789993 268416524 14565486357 1670017 0 10544334 0 0 0
1791084035 1770, 2619, 57, 0x0000000000000004 | 6.59 7.52 7.32 | cpu  2137193261 50789993 268416764 14565511208 1670017 0 10544356 0 0 0
1791084036 1590, 2619, 58, 0x0000000000000004 | 6.38 7.46 7.30 | cpu  2137193595 50789993 268416934 14565536167 1670017 0 10544362 0 0 0
1791084038 1515, 2619, 59, 0x0000000000000004 | 6.38 7.46 7.30 | cpu  2137193949 50789994 268417062 14565561148 1670017 0 10544362 0 0 0
1791084039 1770, 2619, 59, 0x0000000000000004 | 6.38 7.46 7.30 | cpu  2137194326 50789994 268417187 14565587110 1670017 0 10544364 0 0 0
1791084040 1650, 2619, 60, 0x0000000000000004 | 6.38 7.46 7.30 | cpu  2137194704 50789994 268417314 14565612062 1670017 0 10544365 0 0 0
1791084041 1770, 2619, 56, 0x0000000000000004 | 6.35 7.44 7.29 | cpu  2137195068 50789994 268417422 14565640789 1670017 0 10544365 0 0 0
1791084042 1590, 2619, 60, 0x0000000000000004 | 6.35 7.44 7.29 | cpu  2137195410 50789994 268417566 14565665768 1670017 0 10544366 0 0 0
1791084044 1590, 2619, 61, 0x0000000000000004 | 6.35 7.44 7.29 | cpu  2137195744 50789994 268417707 14565690411 1670017 0 10544366 0 0 0
1791084045 1545, 2619, 61, 0x0000000000000004 | 6.35 7.44 7.29 | cpu  2137196138 50789994 268417862 14565715347 1670017 0 10544372 0 0 0
1791084046 1470, 2619, 61, 0x0000000000000004 | 6.35 7.44 7.29 | cpu  2137196522 50789994 268418048 14565740999 1670017 0 10544377 0 0 0
1791084047 1305, 2619, 62, 0x0000000000000004 | 6.33 7.42 7.28 | cpu  2137196858 50789994 268418274 14565765604 1670017 0 10544390 0 0 0
1791084048 1320, 2619, 61, 0x0000000000000004 | 6.33 7.42 7.28 | cpu  2137197228 50789994 268418402 14565791158 1670017 0 10544396 0 0 0
1791084049 1395, 2619, 62, 0x0000000000000004 | 6.33 7.42 7.28 | cpu  2137197618 50789994 268418732 14565816997 1670017 0 10544405 0 0 0
1791084050 1410, 2619, 62, 0x0000000000000004 | 6.33 7.42 7.28 | cpu  2137198012 50789994 268418995 14565843014 1670017 0 10544410 0 0 0
1791084052 1770, 2619, 61, 0x0000000000000004 | 6.14 7.36 7.27 | cpu  2137198311 50789994 268419125 14565867777 1670017 0 10544411 0 0 0
1791084053 1485, 2619, 62, 0x0000000000000004 | 6.14 7.36 7.27 | cpu  2137198653 50789994 268419279 14565893292 1670017 0 10544413 0 0 0
1791084054 1320, 2619, 63, 0x0000000000000004 | 6.14 7.36 7.27 | cpu  2137198999 50789994 268419422 14565918963 1670017 0 10544414 0 0 0
1791084055 1590, 2619, 64, 0x0000000000000004 | 6.14 7.36 7.27 | cpu  2137199386 50789994 268419613 14565946322 1670017 0 10544419 0 0 0
1791084056 1560, 2619, 63, 0x0000000000000004 | 6.13 7.34 7.26 | cpu  2137199736 50789994 268419833 14565971624 1670017 0 10544428 0 0 0
1791084058 1605, 2619, 64, 0x0000000000000004 | 6.13 7.34 7.26 | cpu  2137200114 50789994 268420060 14565996902 1670017 0 10544428 0 0 0
1791084059 1710, 2619, 64, 0x0000000000000004 | 6.13 7.34 7.26 | cpu  2137201375 50789994 268420618 14566020179 1670017 0 10544436 0 0 0
1791084060 1440, 2619, 64, 0x0000000000000004 | 6.13 7.34 7.26 | cpu  2137201639 50789994 268420837 14566044740 1670017 0 10544440 0 0 0
1791084061 1290, 2619, 65, 0x0000000000000004 | 6.13 7.34 7.26 | cpu  2137201966 50789994 268420938 14566072107 1670017 0 10544440 0 0 0
1791084062 1725, 2619, 63, 0x0000000000000004 | 5.88 7.26 7.24 | cpu  2137202288 50789994 268420994 14566096599 1670017 0 10544449 0 0 0
1791084063 1590, 2619, 65, 0x0000000000000004 | 5.88 7.26 7.24 | cpu  2137202616 50789994 268421055 14566121574 1670017 0 10544454 0 0 0
1791084064 1485, 2619, 65, 0x0000000000000004 | 5.88 7.26 7.24 | cpu  2137202966 50789994 268421168 14566147083 1670019 0 10544460 0 0 0
1791084066 1335, 2619, 65, 0x0000000000000004 | 5.88 7.26 7.24 | cpu  2137203342 50789994 268421421 14566172497 1670019 0 10544465 0 0 0
1791084067 1455, 2619, 65, 0x0000000000000004 | 5.89 7.24 7.23 | cpu  2137203702 50789994 268421722 14566198124 1670019 0 10544481 0 0 0
1791084068 1440, 2619, 66, 0x0000000000000004 | 5.89 7.24 7.23 | cpu  2137204088 50789994 268422049 14566223369 1670019 0 10544502 0 0 0
1791084069 1695, 2619, 64, 0x0000000000000004 | 5.89 7.24 7.23 | cpu  2137204499 50789994 268422369 14566248333 1670019 0 10544509 0 0 0
1791084070 1500, 2619, 65, 0x0000000000000004 | 5.89 7.24 7.23 | cpu  2137204898 50789994 268422683 14566273203 1670019 0 10544520 0 0 0
1791084071 1710, 2619, 66, 0x0000000000000004 | 5.74 7.19 7.21 | cpu  2137205204 50789994 268422852 14566297961 1670019 0 10544523 0 0 0
1791084073 1530, 2619, 66, 0x0000000000000004 | 5.74 7.19 7.21 | cpu  2137205567 50789994 268422962 14566324656 1670019 0 10544526 0 0 0
1791084074 1575, 2619, 66, 0x0000000000000004 | 5.74 7.19 7.21 | cpu  2137205897 50789995 268423030 14566350216 1670019 0 10544530 0 0 0
1791084075 1455, 2619, 67, 0x0000000000000004 | 5.74 7.19 7.21 | cpu  2137206232 50789995 268423078 14566376607 1670019 0 10544531 0 0 0
1791084076 1710, 2619, 64, 0x0000000000000004 | 5.74 7.19 7.21 | cpu  2137206560 50789995 268423199 14566402326 1670019 0 10544543 0 0 0
1791084077 1470, 2619, 67, 0x0000000000000004 | 5.76 7.17 7.20 | cpu  2137206942 50789995 268423410 14566427300 1670019 0 10544550 0 0 0
1791084078 1710, 2619, 66, 0x0000000000000004 | 5.76 7.17 7.20 | cpu  2137207322 50789995 268423626 14566452181 1670019 0 10544556 0 0 0
1791084080 1470, 2619, 67, 0x0000000000000004 | 5.76 7.17 7.20 | cpu  2137207711 50789995 268423873 14566478337 1670019 0 10544584 0 0 0
1791084081 1530, 2619, 67, 0x0000000000000004 | 5.76 7.17 7.20 | cpu  2137208088 50789995 268424096 14566503085 1670019 0 10544596 0 0 0
1791084082 1530, 2619, 67, 0x0000000000000004 | 5.62 7.12 7.19 | cpu  2137208396 50789995 268424232 14566528375 1670019 0 10544604 0 0 0
1791084083 1305, 2619, 67, 0x0000000000000004 | 5.62 7.12 7.19 | cpu  2137208704 50789995 268424300 14566553440 1670019 0 10544607 0 0 0
1791084084 1335, 2619, 67, 0x0000000000000004 | 5.62 7.12 7.19 | cpu  2137209018 50789995 268424347 14566577999 1670019 0 10544610 0 0 0
1791084085 1590, 2619, 67, 0x0000000000000004 | 5.62 7.12 7.19 | cpu  2137209350 50789995 268424402 14566603008 1670019 0 10544614 0 0 0
1791084086 1560, 2619, 67, 0x0000000000000004 | 5.49 7.06 7.17 | cpu  2137209674 50789995 268424486 14566629197 1670019 0 10544618 0 0 0
1791084088 1455, 2619, 67, 0x0000000000000004 | 5.49 7.06 7.17 | cpu  2137210040 50789995 268424672 14566654565 1670019 0 10544620 0 0 0
1791084089 1680, 2619, 68, 0x0000000000000004 | 5.49 7.06 7.17 | cpu  2137210426 50789995 268424871 14566679063 1670019 0 10544627 0 0 0
1791084090 1425, 2619, 68, 0x0000000000000004 | 5.49 7.06 7.17 | cpu  2137210820 50789995 268425091 14566704600 1670019 0 10544631 0 0 0
1791084091 1470, 2619, 67, 0x0000000000000004 | 5.49 7.06 7.17 | cpu  2137211162 50789995 268425289 14566730023 1670019 0 10544646 0 0 0
1791084092 1530, 2619, 67, 0x0000000000000004 | 5.37 7.01 7.15 | cpu  2137211510 50789996 268425426 14566755261 1670019 0 10544650 0 0 0
1791084093 1365, 2619, 67, 0x0000000000000004 | 5.37 7.01 7.15 | cpu  2137211850 50789997 268425577 14566780625 1670019 0 10544651 0 0 0
1791084095 1350, 2619, 68, 0x0000000000000004 | 5.37 7.01 7.15 | cpu  2137212228 50789997 268425647 14566805988 1670019 0 10544655 0 0 0
1791084096 1770, 2619, 66, 0x0000000000000004 | 5.37 7.01 7.15 | cpu  2137212540 50789997 268425698 14566831085 1670019 0 10544656 0 0 0
1791084097 1785, 2619, 64, 0x0000000000000000 | 5.34 6.98 7.14 | cpu  2137212819 50789997 268425833 14566856285 1670019 0 10544658 0 0 0
1791084098 1785, 2619, 63, 0x0000000000000000 | 5.34 6.98 7.14 | cpu  2137213136 50789997 268425995 14566881707 1670019 0 10544659 0 0 0
1791084099 1785, 2619, 63, 0x0000000000000000 | 5.34 6.98 7.14 | cpu  2137213467 50789997 268426199 14566906929 1670019 0 10544660 0 0 0
1791084100 1785, 2619, 62, 0x0000000000000000 | 5.34 6.98 7.14 | cpu  2137213800 50789997 268426448 14566931706 1670019 0 10544665 0 0 0
1791084101 1785, 2619, 61, 0x0000000000000000 | 5.23 6.93 7.12 | cpu  2137214077 50789997 268426647 14566956543 1670019 0 10544666 0 0 0
1791084103 1785, 2619, 61, 0x0000000000000000 | 5.23 6.93 7.12 | cpu  2137214387 50789997 268426818 14566981929 1670019 0 10544668 0 0 0
1791084104 1785, 2619, 60, 0x0000000000000000 | 5.23 6.93 7.12 | cpu  2137214687 50789997 268426982 14567006908 1670019 0 10544676 0 0 0
1791084105 1785, 2619, 60, 0x0000000000000000 | 5.23 6.93 7.12 | cpu  2137214986 50789997 268427160 14567032644 1670019 0 10544684 0 0 0
1791084106 1785, 2619, 60, 0x0000000000000000 | 5.23 6.93 7.12 | cpu  2137215248 50789998 268427236 14567058355 1670019 0 10544687 0 0 0
1791084107 1785, 2619, 59, 0x0000000000000000 | 5.13 6.88 7.11 | cpu  2137215570 50789998 268427393 14567083712 1670019 0 10544689 0 0 0
1791084108 1785, 2619, 59, 0x0000000000000000 | 5.13 6.88 7.11 | cpu  2137215899 50789998 268427560 14567109067 1670019 0 10544690 0 0 0
1791084109 1785, 2619, 58, 0x0000000000000000 | 5.13 6.88 7.11 | cpu  2137216221 50789998 268427713 14567134364 1670019 0 10544691 0 0 0
1791084111 1785, 2619, 58, 0x0000000000000000 | 5.13 6.88 7.11 | cpu  2137216566 50789998 268427936 14567160037 1670019 0 10544695 0 0 0
1791084112 1785, 2619, 58, 0x0000000000000000 | 5.04 6.83 7.09 | cpu  2137216856 50789998 268428110 14567186141 1670019 0 10544698 0 0 0
1791084113 1785, 2619, 57, 0x0000000000000000 | 5.04 6.83 7.09 | cpu  2137217164 50789998 268428359 14567211722 1670019 0 10544712 0 0 0
1791084114 1785, 2619, 57, 0x0000000000000000 | 5.04 6.83 7.09 | cpu  2137217478 50789998 268428662 14567236855 1670019 0 10544714 0 0 0
1791084115 1785, 2619, 57, 0x0000000000000000 | 5.04 6.83 7.09 | cpu  2137217796 50789998 268428866 14567262202 1670019 0 10544722 0 0 0
1791084116 1785, 2619, 57, 0x0000000000000000 | 5.12 6.82 7.08 | cpu  2137218094 50789998 268429068 14567286989 1670019 0 10544727 0 0 0
1791084118 1785, 2619, 56, 0x0000000000000000 | 5.12 6.82 7.08 | cpu  2137218393 50789998 268429240 14567311858 1670019 0 10544733 0 0 0
1791084119 1785, 2619, 56, 0x0000000000000000 | 5.12 6.82 7.08 | cpu  2137218717 50789998 268429396 14567337538 1670019 0 10544733 0 0 0
1791084120 1785, 2619, 56, 0x0000000000000000 | 5.12 6.82 7.08 | cpu  2137219068 50789998 268429564 14567362862 1670019 0 10544736 0 0 0
1791084121 1785, 2619, 55, 0x0000000000000000 | 5.12 6.82 7.08 | cpu  2137219354 50789998 268429688 14567388791 1670019 0 10544736 0 0 0
1791084122 1785, 2619, 55, 0x0000000000000000 | 4.95 6.75 7.06 | cpu  2137219645 50789998 268429826 14567413760 1670019 0 10544740 0 0 0
1791084123 1785, 2619, 55, 0x0000000000000000 | 4.95 6.75 7.06 | cpu  2137219916 50789998 268430028 14567438946 1670021 0 10544748 0 0 0
1791084125 1785, 2619, 55, 0x0000000000000000 | 4.95 6.75 7.06 | cpu  2137220170 50789998 268430247 14567463847 1670021 0 10544752 0 0 0
1791084126 1785, 2619, 54, 0x0000000000000000 | 4.95 6.75 7.06 | cpu  2137220519 50789998 268430383 14567491915 1670021 0 10544756 0 0 0
