1791081721 0, 0, 91.89
1791081722 0, 0, 69.21
1791081723 4, 0, 67.57
1791081724 4, 0, 67.29
1791081725 4, 0, 67.19
1791081727 4, 0, 67.14
1791081728 527, 3, 75.44
1791081729 4549, 9, 99.69
1791081730 5589, 20, 101.18
1791081731 6649, 8, 99.72
1791081732 7689, 2, 99.82
1791081733 8749, 9, 101.31
1791081735 9789, 10, 100.03
1791081736 10529, 4, 100.28
1791081737 11569, 1, 101.37
1791081738 12629, 9, 102.41
1791081739 13669, 9, 101.26
1791081740 14729, 19, 102.19
1791081741 15429, 0, 100.06
1791081742 16469, 11, 101.86
1791081744 17509, 9, 102.73
1791081745 18569, 5, 101.58
1791081746 19609, 4, 100.65
1791081747 20309, 0, 99.44
1791081748 21611, 0, 97.57
1791081750 21611, 0, 97.43
1791081751 21611, 0, 97.37
1791081752 21611, 1, 96.84
1791081753 21611, 1, 96.82
1791081754 21611, 2, 96.88
1791081755 21611, 2, 96.86
1791081756 21641, 0, 97.77
1791081758 21641, 5, 97.44
1791081759 21641, 5, 97.63
1791081760 21643, 3, 97.72
1791081761 21643, 0, 97.59
1791081762 21643, 3, 97.53
1791081763 21643, 1, 97.49
1791081764 21643, 4, 97.44
1791081766 21643, 1, 97.23
1791081767 21643, 0, 97.30
1791081768 21643, 0, 97.48
1791081769 21643, 0, 97.42
1791081770 21643, 0, 97.37
1791081771 21643, 2, 97.53
1791081772 21643, 4, 96.75
1791081774 21643, 2, 96.99
1791081775 21643, 2, 97.36
1791081776 21643, 1, 97.19
1791081777 21643, 0, 97.28
1791081778 21643, 0, 97.13
1791081779 21643, 2, 97.56
1791081780 21643, 0, 97.82
1791081782 21643, 2, 97.39
1791081783 21643, 0, 97.48
1791081784 21643, 3, 97.71
1791081785 21643, 1, 97.25
1791081786 21643, 2, 97.61
1791081787 21643, 1, 97.61
1791081788 21643, 0, 97.40
1791081790 21643, 0, 97.03
1791081791 21643, 1, 96.98
1791081792 21643, 0, 97.54
1791081793 21643, 2, 96.86
1791081794 21643, 2, 97.48
1791081795 21643, 1, 97.43
1791081796 21643, 2, 97.49
1791081798 21643, 1, 97.69
1791081799 21643, 2, 97.64
1791081800 21643, 0, 97.61
1791081801 21643, 2, 97.75
1791081802 21643, 3, 97.71
1791081803 21643, 2, 97.45
1791081804 21643, 2, 97.39
1791081806 21643, 1, 97.62
1791081807 21643, 1, 97.83
1791081808 21643, 0, 97.83
1791081809 21643, 2, 97.79
1791081810 21643, 2, 97.82
1791081811 21643, 0, 97.82
1791081812 21643, 2, 97.74
1791081814 21643, 1, 97.88
1791081815 21643, 2, 97.78
1791081816 21717, 82, 130.51
1791081817 20965, 0, 151.98
1791081818 23993, 89, 175.52
1791081819 24903, 60, 230.95
1791081821 25853, 97, 208.30
1791081822 26899, 97, 261.97
1791081823 26925, 68, 195.29
1791081824 26925, 95, 211.03
1791081825 26927, 96, 205.85
1791081826 26937, 67, 195.98
1791081827 26937, 96, 253.10
1791081829 26951, 70, 214.78
1791081830 26951, 96, 224.00
1791081831 26951, 82, 213.38
1791081832 26951, 96, 257.88
1791081833 26951, 89, 196.63
1791081834 26951, 78, 273.23
1791081835 27091, 18, 233.30
1791081837 27091, 96, 227.23
1791081838 27091, 85, 259.60
1791081839 27091, 95, 210.34
1791081840 27091, 86, 218.03
1791081841 27091, 85, 214.19
1791081842 27091, 46, 244.95
1791081844 27091, 69, 253.57
1791081845 27091, 58, 187.34
1791081846 27091, 97, 237.42
1791081847 27091, 76, 234.76
1791081848 27091, 97, 281.92
1791081849 27091, 68, 192.44
1791081851 27091, 0, 214.29
1791081852 27091, 96, 255.05
1791081853 27091, 81, 266.51
1791081854 27091, 96, 256.63
1791081855 27091, 87, 249.23
1791081856 27093, 79, 246.19
1791081858 27093, 40, 231.00
1791081859 27093, 67, 209.80
1791081860 27093, 93, 240.43
1791081861 27093, 80, 200.17
1791081862 27093, 88, 261.07
1791081863 27093, 84, 222.59
1791081865 27093, 92, 232.73
1791081866 27093, 97, 249.15
1791081867 27093, 83, 265.87
1791081868 27093, 96, 275.09
1791081869 27093, 97, 271.57
1791081870 27393, 21, 255.79
1791081872 27393, 0, 254.54
1791081873 27393, 96, 262.57
1791081874 27393, 77, 258.96
1791081875 27393, 94, 276.61
1791081876 27393, 97, 259.74
1791081877 27393, 97, 285.43
1791081879 27393, 96, 270.28
1791081880 27393, 74, 201.06
1791081881 27393, 1, 122.90
1791081882 27393, 1, 106.88
1791081883 27393, 3, 106.56
1791081884 27393, 0, 106.15
1791081886 27393, 1, 106.05
1791081887 27393, 2, 105.66
1791081888 27393, 0, 105.45
1791081889 27393, 2, 105.19
1791081890 27393, 1, 105.01
1791081892 27393, 4, 104.83
1791081893 27393, 0, 104.60
1791081894 27393, 0, 104.40
1791081895 27393, 2, 104.26
1791081896 27393, 1, 104.11
1791081897 27393, 1, 103.88
1791081899 27393, 1, 103.77
1791081900 27393, 0, 103.64
1791081901 27393, 2, 103.37
1791081902 27393, 0, 103.34
1791081903 27393, 2, 103.17
1791081905 27393, 2, 102.93
1791081906 27393, 3, 102.83
1791081907 27393, 3, 102.87
1791081908 27393, 4, 102.82
1791081909 27393, 0, 102.46
1791081910 27393, 0, 102.21
1791081911 27393, 0, 102.28
1791081913 27388, 0, 103.46
