1791153544 2400, 14001, 50, 0x0000000000000000 | 1.16 1.18 1.01 | cpu  63177373 5691 15505851 1969920805 1543537 0 260324 0 0 0
1791153545 2400, 7001, 50, 0x0000000000000000 | 1.16 1.18 1.01 | cpu  63177622 5691 15505883 1969923141 1543537 0 260324 0 0 0
1791153546 652, 7001, 48, 0x0000000000000000 | 1.23 1.19 1.01 | cpu  63177904 5691 15505915 1969925356 1543538 0 260324 0 0 0
1791153547 360, 7001, 48, 0x0000000000000000 | 1.23 1.19 1.01 | cpu  63177955 5691 15505960 1969927832 1543553 0 260333 0 0 0
1791153548 225, 810, 48, 0x0000000000000000 | 1.23 1.19 1.01 | cpu  63178067 5691 15505984 1969930340 1543553 0 260333 0 0 0
1791153549 2430, 13801, 50, 0x0000000000000000 | 1.23 1.19 1.01 | cpu  63178209 5691 15506007 1969932777 1543553 0 260333 0 0 0
1791153550 2430, 13801, 49, 0x0000000000000000 | 1.23 1.19 1.01 | cpu  63178354 5691 15506033 1969935164 1543553 0 260333 0 0 0
1791153552 2430, 13801, 49, 0x0000000000000000 | 1.21 1.19 1.01 | cpu  63178486 5691 15506070 1969937557 1543553 0 260333 0 0 0
1791153553 2437, 13801, 49, 0x0000000000000000 | 1.21 1.19 1.01 | cpu  63178632 5691 15506088 1969939996 1543553 0 260333 0 0 0
1791153554 2437, 13801, 49, 0x0000000000000000 | 1.21 1.19 1.01 | cpu  63178774 5691 15506109 1969942432 1543553 0 260333 0 0 0
1791153555 2437, 13801, 49, 0x0000000000000000 | 1.21 1.19 1.01 | cpu  63178928 5691 15506132 1969944899 1543553 0 260333 0 0 0
1791153556 2437, 13801, 49, 0x0000000000000000 | 1.19 1.19 1.01 | cpu  63179073 5691 15506151 1969947331 1543553 0 260333 0 0 0
1791153557 2437, 13801, 49, 0x0000000000000000 | 1.19 1.19 1.01 | cpu  63179216 5691 15506175 1969949752 1543553 0 260333 0 0 0
1791153558 2437, 13801, 49, 0x0000000000000000 | 1.19 1.19 1.01 | cpu  63179353 5691 15506193 1969952181 1543555 0 260333 0 0 0
1791153559 2437, 13801, 49, 0x0000000000000000 | 1.19 1.19 1.01 | cpu  63179497 5691 15506212 1969954566 1543555 0 260333 0 0 0
1791153560 2437, 13801, 49, 0x0000000000000000 | 1.19 1.19 1.01 | cpu  63179618 5691 15506249 1969957006 1543555 0 260333 0 0 0
1791153561 2400, 13801, 48, 0x0000000000000000 | 1.18 1.18 1.01 | cpu  63179641 5691 15506369 1969959444 1543555 0 260333 0 0 0
1791153562 2445, 13801, 48, 0x0000000000000000 | 1.18 1.18 1.01 | cpu  63179713 5691 15506414 1969961918 1543555 0 260333 0 0 0
1791153563 2445, 13801, 48, 0x0000000000000000 | 1.18 1.18 1.01 | cpu  63179784 5691 15506454 1969964351 1543555 0 260333 0 0 0
1791153564 2625, 13801, 48, 0x0000000000000000 | 1.18 1.18 1.01 | cpu  63179886 5691 15506467 1969966828 1543556 0 260333 0 0 0
1791153566 2415, 13801, 48, 0x0000000000000000 | 1.18 1.18 1.01 | cpu  63179979 5691 15506489 1969969293 1543556 0 260333 0 0 0
1791153567 2400, 13801, 48, 0x0000000000000000 | 1.16 1.18 1.01 | cpu  63180049 5691 15506532 1969971781 1543556 0 260333 0 0 0
1791153568 2400, 13801, 48, 0x0000000000000000 | 1.16 1.18 1.01 | cpu  63180103 5691 15506590 1969974251 1543556 0 260333 0 0 0
1791153569 2400, 13801, 48, 0x0000000000000000 | 1.16 1.18 1.01 | cpu  63180155 5691 15506650 1969976717 1543556 0 260333 0 0 0
1791153570 2400, 13801, 47, 0x0000000000000000 | 1.16 1.18 1.01 | cpu  63180210 5691 15506709 1969979190 1543556 0 260333 0 0 0
1791153571 2400, 13801, 47, 0x0000000000000000 | 1.15 1.18 1.01 | cpu  63180262 5691 15506770 1969981655 1543556 0 260333 0 0 0
1791153572 2400, 13801, 47, 0x0000000000000000 | 1.15 1.18 1.01 | cpu  63180316 5691 15506831 1969984121 1543556 0 260333 0 0 0
1791153573 2400, 13801, 47, 0x0000000000000000 | 1.15 1.18 1.01 | cpu  63180370 5691 15506890 1969986587 1543556 0 260333 0 0 0
1791153574 2400, 13801, 47, 0x0000000000000000 | 1.15 1.18 1.01 | cpu  63180420 5691 15506952 1969989057 1543556 0 260333 0 0 0
1791153575 2400, 13801, 47, 0x0000000000000000 | 1.15 1.18 1.01 | cpu  63180472 5691 15507014 1969991525 1543556 0 260333 0 0 0
1791153576 2400, 13801, 47, 0x0000000000000000 | 1.14 1.17 1.01 | cpu  63180522 5691 15507077 1969993993 1543556 0 260333 0 0 0
1791153577 2400, 13801, 47, 0x0000000000000000 | 1.14 1.17 1.01 | cpu  63180574 5691 15507138 1969996462 1543556 0 260333 0 0 0
1791153578 2400, 13801, 47, 0x0000000000000000 | 1.14 1.17 1.01 | cpu  63180628 5691 15507198 1969998932 1543557 0 260333 0 0 0
1791153580 2400, 13801, 47, 0x0000000000000000 | 1.14 1.17 1.01 | cpu  63180688 5691 15507249 1970001397 1543557 0 260333 0 0 0
1791153581 2400, 13801, 47, 0x0000000000000000 | 1.14 1.17 1.01 | cpu  63180742 5691 15507308 1970003866 1543558 0 260333 0 0 0
1791153582 2400, 13801, 47, 0x0000000000000000 | 1.12 1.17 1.01 | cpu  63180792 5691 15507371 1970006348 1543558 0 260333 0 0 0
1791153583 2400, 13801, 47, 0x0000000000000000 | 1.12 1.17 1.01 | cpu  63180846 5691 15507430 1970008812 1543558 0 260333 0 0 0
1791153584 2400, 13801, 47, 0x0000000000000000 | 1.12 1.17 1.01 | cpu  63180900 5691 15507488 1970011245 1543558 0 260333 0 0 0
1791153585 2400, 13801, 46, 0x0000000000000000 | 1.12 1.17 1.01 | cpu  63180953 5691 15507550 1970013712 1543558 0 260333 0 0 0
1791153586 2400, 13801, 46, 0x0000000000000000 | 1.11 1.17 1.01 | cpu  63181010 5691 15507606 1970016180 1543559 0 260333 0 0 0
1791153587 2400, 13801, 46, 0x0000000000000000 | 1.11 1.17 1.01 | cpu  63181060 5691 15507671 1970018648 1543559 0 260333 0 0 0
1791153588 2400, 13801, 46, 0x0000000000000000 | 1.11 1.17 1.01 | cpu  63181109 5691 15507735 1970021128 1543559 0 260333 0 0 0
1791153589 2400, 13801, 46, 0x0000000000000000 | 1.11 1.17 1.01 | cpu  63181166 5691 15507792 1970023591 1543560 0 260333 0 0 0
1791153590 2400, 13801, 46, 0x0000000000000000 | 1.11 1.17 1.01 | cpu  63181222 5691 15507852 1970026060 1543561 0 260333 0 0 0
1791153591 2400, 13801, 46, 0x0000000000000000 | 1.11 1.16 1.01 | cpu  63181276 5691 15507924 1970028511 1543561 0 260333 0 0 0
1791153592 2400, 13801, 46, 0x0000000000000000 | 1.11 1.16 1.01 | cpu  63181334 5691 15508019 1970030947 1543561 0 260333 0 0 0
1791153594 2400, 13801, 46, 0x0000000000000000 | 1.11 1.16 1.01 | cpu  63181406 5691 15508102 1970033385 1543562 0 260333 0 0 0
1791153595 2857, 13801, 54, 0x0000000000000000 | 1.11 1.16 1.01 | cpu  63181514 5691 15508110 1970035875 1543562 0 260333 0 0 0
1791153596 2865, 13801, 54, 0x0000000000000000 | 1.18 1.18 1.01 | cpu  63181620 5691 15508127 1970038351 1543563 0 260333 0 0 0
1791153597 2842, 13801, 55, 0x0000000000000000 | 1.18 1.18 1.01 | cpu  63181732 5691 15508145 1970040824 1543564 0 260333 0 0 0
1791153598 2850, 13801, 59, 0x0000000000000004 | 1.18 1.18 1.01 | cpu  63181848 5691 15508163 1970043385 1543564 0 260333 0 0 0
1791153599 2850, 13801, 55, 0x0000000000000000 | 1.18 1.18 1.01 | cpu  63181959 5691 15508172 1970045852 1543564 0 260333 0 0 0
1791153600 2842, 13801, 59, 0x0000000000000004 | 1.18 1.18 1.01 | cpu  63182069 5691 15508182 1970048327 1543564 0 260333 0 0 0
1791153601 2842, 13801, 58, 0x0000000000000000 | 1.24 1.19 1.02 | cpu  63182189 5691 15508204 1970050740 1543564 0 260333 0 0 0
1791153602 2835, 13801, 60, 0x0000000000000004 | 1.24 1.19 1.02 | cpu  63182313 5691 15508230 1970053138 1543566 0 260333 0 0 0
1791153603 2850, 13801, 56, 0x0000000000000000 | 1.24 1.19 1.02 | cpu  63182426 5691 15508242 1970055622 1543566 0 260333 0 0 0
1791153604 2865, 13801, 59, 0x0000000000000004 | 1.24 1.19 1.02 | cpu  63182540 5691 15508252 1970058145 1543566 0 260333 0 0 0
1791153605 2842, 13801, 60, 0x0000000000000004 | 1.24 1.19 1.02 | cpu  63182650 5691 15508264 1970060616 1543566 0 260333 0 0 0
1791153607 2850, 13801, 57, 0x0000000000000000 | 1.22 1.19 1.02 | cpu  63182764 5691 15508278 1970063147 1543566 0 260333 0 0 0
1791153608 2850, 13801, 59, 0x0000000000000004 | 1.22 1.19 1.02 | cpu  63182873 5691 15508291 1970065585 1543566 0 260333 0 0 0
1791153609 2850, 13801, 61, 0x0000000000000004 | 1.22 1.19 1.02 | cpu  63182985 5691 15508307 1970068120 1543567 0 260333 0 0 0
1791153610 2850, 13801, 57, 0x0000000000000000 | 1.22 1.19 1.02 | cpu  63183098 5691 15508320 1970070623 1543567 0 260333 0 0 0
1791153611 2842, 13801, 62, 0x0000000000000004 | 1.21 1.19 1.02 | cpu  63183208 5691 15508329 1970073097 1543567 0 260333 0 0 0
1791153612 2842, 13801, 59, 0x0000000000000000 | 1.21 1.19 1.02 | cpu  63183318 5691 15508340 1970075571 1543568 0 260333 0 0 0
1791153613 2842, 13801, 61, 0x0000000000000004 | 1.21 1.19 1.02 | cpu  63183429 5691 15508350 1970078045 1543568 0 260333 0 0 0
1791153614 2842, 13801, 61, 0x0000000000000004 | 1.21 1.19 1.02 | cpu  63183541 5691 15508364 1970080535 1543568 0 260333 0 0 0
1791153615 2850, 13801, 57, 0x0000000000000000 | 1.21 1.19 1.02 | cpu  63183651 5691 15508375 1970083014 1543568 0 260333 0 0 0
1791153616 2850, 13801, 58, 0x0000000000000000 | 1.19 1.18 1.02 | cpu  63183759 5691 15508388 1970085450 1543568 0 260333 0 0 0
1791153617 2842, 13801, 60, 0x0000000000000000 | 1.19 1.18 1.02 | cpu  63183870 5691 15508400 1970087928 1543568 0 260333 0 0 0
1791153619 2842, 13801, 59, 0x0000000000000000 | 1.19 1.18 1.02 | cpu  63183979 5691 15508412 1970090406 1543568 0 260333 0 0 0
1791153620 2835, 13801, 59, 0x0000000000000000 | 1.19 1.18 1.02 | cpu  63184099 5691 15508436 1970092983 1543569 0 260333 0 0 0
1791153621 2857, 13801, 57, 0x0000000000000000 | 1.17 1.18 1.02 | cpu  63184210 5691 15508446 1970095455 1543569 0 260333 0 0 0
1791153622 2842, 13801, 61, 0x0000000000000000 | 1.17 1.18 1.02 | cpu  63184324 5691 15508463 1970097942 1543569 0 260333 0 0 0
1791153623 2842, 13801, 61, 0x0000000000000004 | 1.17 1.18 1.02 | cpu  63184435 5691 15508474 1970100421 1543569 0 260333 0 0 0
1791153624 2820, 13801, 60, 0x0000000000000000 | 1.17 1.18 1.02 | cpu  63184546 5691 15508488 1970102920 1543569 0 260333 0 0 0
1791153625 2865, 13801, 62, 0x0000000000000004 | 1.17 1.18 1.02 | cpu  63184660 5691 15508504 1970105477 1543570 0 260333 0 0 0
1791153626 2842, 13801, 62, 0x0000000000000004 | 1.24 1.19 1.02 | cpu  63184772 5691 15508516 1970107950 1543570 0 260333 0 0 0
1791153627 2850, 13801, 60, 0x0000000000000000 | 1.24 1.19 1.02 | cpu  63184889 5691 15508529 1970110484 1543570 0 260333 0 0 0
1791153628 2835, 13801, 61, 0x0000000000000000 | 1.24 1.19 1.02 | cpu  63185001 5691 15508543 1970113015 1543570 0 260333 0 0 0
1791153629 2842, 13801, 63, 0x0000000000000004 | 1.24 1.19 1.02 | cpu  63185110 5691 15508552 1970115487 1543570 0 260333 0 0 0
1791153631 2827, 13801, 61, 0x0000000000000000 | 1.24 1.19 1.02 | cpu  63185232 5691 15508571 1970118064 1543571 0 260333 0 0 0
1791153632 2842, 13801, 62, 0x0000000000000000 | 1.22 1.19 1.02 | cpu  63185343 5691 15508581 1970120552 1543571 0 260333 0 0 0
1791153633 2835, 13801, 63, 0x0000000000000004 | 1.22 1.19 1.02 | cpu  63185456 5691 15508593 1970123096 1543571 0 260333 0 0 0
1791153634 2827, 13801, 64, 0x0000000000000004 | 1.22 1.19 1.02 | cpu  63185566 5691 15508604 1970125573 1543571 0 260333 0 0 0
1791153635 2835, 13801, 64, 0x0000000000000004 | 1.22 1.19 1.02 | cpu  63185676 5691 15508615 1970128004 1543571 0 260333 0 0 0
1791153636 2827, 13801, 64, 0x0000000000000004 | 1.20 1.19 1.02 | cpu  63185786 5691 15508625 1970130476 1543571 0 260333 0 0 0
1791153637 2835, 13801, 64, 0x0000000000000004 | 1.20 1.19 1.02 | cpu  63185896 5691 15508636 1970132955 1543572 0 260333 0 0 0
1791153638 2820, 13801, 65, 0x0000000000000004 | 1.20 1.19 1.02 | cpu  63186025 5691 15508655 1970135366 1543572 0 260333 0 0 0
1791153639 2835, 13801, 62, 0x0000000000000000 | 1.20 1.19 1.02 | cpu  63186135 5691 15508666 1970137840 1543572 0 260333 0 0 0
1791153640 2835, 13801, 65, 0x0000000000000004 | 1.20 1.19 1.02 | cpu  63186246 5691 15508676 1970140311 1543572 0 260333 0 0 0
1791153641 2820, 13801, 66, 0x0000000000000004 | 1.19 1.18 1.02 | cpu  63186372 5691 15508727 1970142854 1543572 0 260333 0 0 0
1791153643 2827, 13801, 66, 0x0000000000000004 | 1.19 1.18 1.02 | cpu  63186480 5691 15508736 1970145287 1543572 0 260333 0 0 0
1791153644 2827, 13801, 66, 0x0000000000000004 | 1.19 1.18 1.02 | cpu  63186592 5691 15508745 1970147771 1543573 0 260333 0 0 0
1791153645 2842, 13801, 61, 0x0000000000000000 | 1.19 1.18 1.02 | cpu  63186682 5691 15508776 1970150243 1543574 0 260333 0 0 0
1791153646 2887, 13801, 55, 0x0000000000000000 | 1.17 1.18 1.02 | cpu  63186731 5691 15508839 1970152706 1543574 0 260333 0 0 0
1791153647 2400, 13801, 53, 0x0000000000000000 | 1.17 1.18 1.02 | cpu  63186784 5691 15508902 1970155188 1543574 0 260333 0 0 0
1791153648 2400, 13801, 52, 0x0000000000000000 | 1.17 1.18 1.02 | cpu  63186842 5691 15508958 1970157661 1543574 0 260333 0 0 0
1791153649 2400, 13801, 52, 0x0000000000000000 | 1.17 1.18 1.02 | cpu  63186936 5691 15509032 1970160147 1543581 0 260334 0 0 0
1791153650 2400, 13801, 52, 0x0000000000000000 | 1.17 1.18 1.02 | cpu  63186993 5691 15509094 1970162598 1543589 0 260334 0 0 0
1791153651 2400, 13801, 52, 0x0000000000000000 | 1.16 1.18 1.02 | cpu  63187049 5691 15509153 1970165075 1543589 0 260334 0 0 0
1791153652 2400, 13801, 51, 0x0000000000000000 | 1.16 1.18 1.02 | cpu  63187105 5691 15509212 1970167555 1543589 0 260334 0 0 0
1791153653 2400, 13801, 51, 0x0000000000000000 | 1.16 1.18 1.02 | cpu  63187165 5691 15509275 1970170059 1543589 0 260334 0 0 0
1791153654 2400, 13801, 51, 0x0000000000000000 | 1.16 1.18 1.02 | cpu  63187223 5691 15509330 1970172535 1543590 0 260334 0 0 0
1791153656 2400, 13801, 51, 0x0000000000000000 | 1.16 1.18 1.02 | cpu  63187282 5691 15509387 1970175014 1543590 0 260334 0 0 0
1791153657 2400, 13801, 51, 0x0000000000000000 | 1.14 1.17 1.02 | cpu  63187342 5691 15509443 1970177487 1543590 0 260334 0 0 0
1791153658 2400, 13801, 51, 0x0000000000000000 | 1.14 1.17 1.02 | cpu  63187405 5691 15509495 1970179958 1543590 0 260334 0 0 0
1791153659 2400, 13801, 50, 0x0000000000000000 | 1.14 1.17 1.02 | cpu  63187453 5691 15509608 1970182374 1543590 0 260334 0 0 0
1791153660 2400, 13801, 50, 0x0000000000000000 | 1.14 1.17 1.02 | cpu  63187491 5691 15509684 1970184850 1543590 0 260334 0 0 0
1791153661 2400, 13801, 50, 0x0000000000000000 | 1.13 1.17 1.02 | cpu  63187527 5691 15509777 1970187319 1543591 0 260334 0 0 0
