1791152388 34, 0, 15.59
1791152389 36, 0, 16.75
1791152391 36, 0, 18.21
1791152392 36, 0, 17.72
1791152393 36, 0, 17.27
1791152394 540, 0, 19.39
1791152395 3802, 5, 67.61
1791152396 4862, 4, 76.55
1791152397 5622, 3, 75.29
1791152398 6962, 19, 74.82
1791152400 7722, 4, 69.92
1791152401 8782, 17, 72.24
1791152402 10202, 15, 80.22
1791152403 11962, 14, 81.30
1791152404 13362, 9, 79.84
1791152405 15102, 15, 79.96
1791152406 16502, 15, 78.88
1791152407 18242, 16, 79.42
1791152408 19642, 16, 79.13
1791152410 20944, 13, 75.28
1791152411 21644, 0, 70.36
1791152412 21644, 3, 69.77
1791152413 21644, 3, 69.39
1791152414 21672, 3, 69.24
1791152415 21672, 4, 75.45
1791152416 21674, 5, 73.79
1791152417 21674, 3, 67.25
1791152418 21674, 3, 67.01
1791152420 21674, 4, 67.03
1791152421 21674, 4, 67.36
1791152422 21674, 4, 67.15
1791152423 21674, 5, 67.10
1791152424 21674, 5, 67.12
1791152425 21674, 6, 67.01
1791152426 21674, 6, 66.97
1791152427 21674, 6, 66.83
1791152428 21674, 5, 67.04
1791152430 21674, 4, 66.81
1791152431 21674, 4, 66.73
1791152432 21674, 4, 66.92
1791152433 21674, 5, 67.01
1791152434 21674, 5, 66.79
1791152435 21674, 5, 66.60
1791152436 21674, 5, 66.92
1791152437 21674, 5, 67.13
1791152438 21674, 6, 66.72
1791152440 21674, 6, 66.68
1791152441 21674, 6, 66.59
1791152442 21674, 6, 66.68
1791152443 21674, 4, 66.64
1791152444 21686, 0, 66.93
1791152445 21688, 0, 67.73
1791152446 21688, 4, 68.48
1791152447 21692, 0, 72.68
1791152448 21692, 0, 68.99
1791152449 21692, 0, 73.83
1791152450 21752, 43, 174.86
1791152452 21144, 0, 161.90
1791152453 23490, 1, 99.86
1791152454 24768, 68, 371.23
1791152455 24812, 0, 217.00
1791152456 24952, 0, 112.86
1791152457 24952, 0, 77.77
1791152458 26660, 88, 227.33
1791152459 26686, 80, 411.56
1791152460 26686, 50, 302.52
1791152461 26694, 59, 333.30
1791152463 26694, 88, 409.82
1791152464 26708, 96, 354.95
1791152465 26708, 69, 399.02
1791152466 26708, 35, 418.55
1791152467 26708, 86, 334.79
1791152468 26928, 98, 452.42
1791152469 26928, 85, 379.75
1791152470 26928, 46, 446.11
1791152471 26928, 89, 285.65
1791152472 26928, 68, 390.43
1791152473 26928, 71, 395.27
1791152475 26928, 67, 383.20
1791152476 26928, 97, 348.36
1791152477 26928, 56, 353.11
1791152478 26930, 65, 386.29
1791152479 26930, 57, 321.49
1791152480 26930, 89, 399.36
1791152481 26930, 85, 435.64
1791152482 26930, 63, 358.48
1791152483 26930, 57, 413.57
1791152484 26930, 52, 388.94
1791152485 26930, 65, 351.20
1791152487 26930, 76, 320.06
1791152488 26930, 96, 387.69
1791152489 26930, 81, 334.08
1791152490 26930, 96, 422.56
1791152491 26930, 89, 386.25
1791152492 26930, 96, 452.08
1791152493 26930, 47, 389.45
1791152494 27430, 98, 426.53
1791152495 27430, 74, 446.35
1791152496 27430, 97, 452.16
1791152497 27430, 97, 451.10
1791152498 27430, 98, 480.06
1791152500 27430, 89, 389.86
1791152501 27430, 41, 338.67
1791152502 27430, 3, 145.75
1791152503 27430, 3, 87.88
1791152504 27430, 0, 72.72
1791152505 27430, 2, 71.73
1791152506 27430, 5, 71.64
1791152507 27430, 6, 71.52
1791152508 27430, 6, 71.99
1791152509 27430, 4, 71.51
1791152510 27430, 3, 71.49
1791152512 27430, 3, 71.88
1791152513 27430, 3, 71.27
1791152514 27430, 4, 71.13
1791152515 27430, 10, 72.11
1791152516 27430, 0, 70.38
1791152517 27430, 0, 69.91
