1791152709 34, 0, 74.69
1791152711 36, 0, 61.50
1791152712 36, 0, 54.19
1791152713 36, 0, 45.99
1791152714 36, 0, 27.35
1791152715 540, 0, 40.74
1791152716 4862, 9, 82.15
1791152717 6682, 16, 84.96
1791152718 8782, 15, 86.70
1791152719 10202, 12, 84.87
1791152720 11602, 14, 85.11
1791152722 13362, 15, 84.14
1791152723 15102, 21, 87.28
1791152724 16842, 12, 86.57
1791152725 18242, 16, 85.17
1791152726 20002, 21, 85.70
1791152727 21644, 17, 82.10
1791152728 21644, 4, 71.83
1791152729 21644, 3, 73.74
1791152731 21644, 3, 73.43
1791152732 21672, 4, 73.78
1791152733 21674, 5, 83.07
1791152734 21674, 8, 72.14
1791152735 21674, 6, 71.04
1791152736 21674, 5, 71.35
1791152737 21674, 4, 71.43
1791152738 21674, 3, 71.18
1791152739 21674, 3, 70.66
1791152740 21674, 2, 70.45
1791152741 21674, 1, 70.74
1791152742 21674, 0, 70.76
1791152744 21674, 0, 71.42
1791152745 21674, 1, 71.27
1791152746 21674, 2, 71.03
1791152747 21674, 4, 71.56
1791152748 21674, 3, 71.11
1791152749 21674, 3, 71.36
1791152750 21674, 3, 71.54
1791152751 21674, 3, 71.31
1791152752 21674, 4, 71.09
1791152753 21674, 4, 71.36
1791152754 21674, 4, 70.96
1791152755 21674, 4, 71.07
1791152757 21674, 3, 70.60
1791152758 21674, 3, 70.16
1791152759 21674, 3, 70.62
1791152760 21674, 4, 70.44
1791152761 21688, 23, 93.16
1791152762 21692, 22, 124.44
1791152763 21694, 22, 128.63
1791152764 21694, 22, 127.75
1791152765 21694, 23, 126.07
1791152766 21694, 23, 133.13
1791152767 21694, 23, 128.00
1791152769 21694, 23, 124.92
1791152770 21694, 23, 123.82
1791152771 21694, 23, 123.90
1791152772 21694, 23, 124.51
1791152773 20834, 18, 115.28
1791152774 20844, 18, 112.04
1791152775 21134, 0, 112.81
1791152776 21538, 34, 125.16
1791152777 22206, 37, 147.46
1791152778 22914, 33, 144.42
1791152779 23216, 17, 135.06
1791152780 23216, 18, 111.83
1791152782 23216, 18, 110.17
1791152783 23788, 34, 129.40
1791152784 23788, 36, 147.77
1791152785 23788, 33, 148.61
1791152786 23788, 33, 148.95
1791152787 23788, 18, 133.24
1791152788 23788, 19, 116.52
1791152789 23788, 19, 112.36
1791152790 24728, 36, 133.54
1791152791 24728, 35, 157.39
1791152792 24728, 0, 141.86
1791152793 24728, 36, 156.25
1791152795 24728, 18, 149.03
1791152796 24728, 18, 110.17
1791152797 24728, 0, 113.99
1791152798 24728, 35, 113.80
1791152799 24728, 38, 146.23
1791152800 24728, 32, 145.18
1791152801 24728, 18, 142.09
1791152802 24728, 19, 119.41
1791152803 24728, 19, 114.97
1791152804 24728, 34, 136.17
1791152805 24732, 36, 160.21
1791152806 24742, 34, 142.74
1791152808 24766, 34, 159.76
1791152809 24766, 18, 135.48
1791152810 24766, 19, 118.24
1791152811 26616, 0, 107.38
1791152812 26632, 34, 154.64
1791152813 26632, 35, 163.29
1791152814 26632, 37, 163.30
1791152815 26632, 37, 163.36
1791152816 26634, 17, 134.66
1791152817 26634, 18, 111.74
1791152818 26634, 18, 110.05
1791152819 26634, 33, 136.99
1791152821 26634, 32, 151.98
1791152822 26634, 35, 151.70
1791152823 26634, 33, 150.88
1791152824 26634, 0, 121.21
1791152825 26634, 18, 107.54
1791152826 26634, 33, 127.03
1791152827 26634, 36, 147.06
1791152828 26634, 36, 146.62
1791152829 26634, 15, 146.40
1791152830 26634, 18, 114.99
1791152831 26634, 18, 113.22
1791152832 26634, 18, 108.51
1791152834 26634, 34, 138.71
1791152835 26634, 35, 152.88
1791152836 26634, 35, 153.65
1791152837 26634, 35, 153.79
1791152838 26634, 0, 136.45
1791152839 26634, 18, 115.04
1791152840 26634, 18, 108.19
1791152841 26634, 33, 128.44
1791152842 26634, 32, 147.77
1791152843 26634, 36, 135.35
1791152844 26634, 18, 136.11
1791152846 26634, 18, 123.17
1791152847 26634, 0, 120.43
1791152848 26634, 34, 120.21
1791152849 26634, 36, 156.71
1791152850 26634, 33, 157.15
1791152851 26634, 33, 156.27
1791152852 26634, 17, 114.73
1791152853 26634, 0, 109.06
1791152854 26634, 0, 109.64
1791152855 26634, 37, 148.93
1791152856 26634, 35, 131.37
1791152857 26634, 34, 148.93
1791152859 26634, 17, 149.62
1791152860 26634, 12, 117.34
1791152861 26634, 18, 126.09
1791152862 26634, 0, 106.78
1791152863 26634, 37, 160.65
1791152864 26634, 37, 161.10
1791152865 26634, 36, 159.39
1791152866 26634, 34, 145.13
1791152867 26634, 18, 126.88
1791152868 26634, 18, 125.46
1791152869 26634, 35, 108.80
1791152870 26634, 33, 153.54
1791152872 26634, 32, 154.68
1791152873 26634, 36, 153.68
1791152874 26634, 17, 148.32
1791152875 26634, 17, 111.96
1791152876 26634, 17, 109.16
1791152877 26634, 33, 132.25
1791152878 26634, 36, 150.09
1791152879 26634, 33, 149.83
1791152880 26634, 16, 146.84
1791152881 26634, 0, 115.62
1791152882 26634, 18, 117.58
1791152884 26634, 3, 102.78
1791152885 26634, 34, 152.17
1791152886 26634, 33, 153.71
1791152887 26634, 35, 155.07
1791152888 26634, 18, 150.25
1791152889 26634, 18, 116.63
1791152890 26634, 18, 115.30
1791152891 26634, 34, 124.68
1791152892 26634, 0, 141.73
1791152893 26634, 34, 151.11
1791152894 26634, 34, 158.08
1791152895 26634, 16, 143.35
1791152897 26634, 17, 111.72
1791152898 26634, 0, 111.86
1791152899 26634, 31, 115.54
1791152900 26634, 34, 151.24
1791152901 26634, 35, 151.73
1791152902 26634, 34, 151.29
1791152903 26634, 18, 121.47
1791152904 26634, 18, 116.14
1791152905 26634, 8, 126.10
1791152906 26634, 36, 116.75
1791152907 26634, 36, 160.21
1791152908 26634, 37, 161.72
1791152910 26634, 36, 161.14
1791152911 26634, 0, 130.28
1791152912 26634, 18, 115.96
1791152913 26634, 18, 112.61
1791152914 26634, 33, 156.78
1791152915 26634, 34, 157.59
1791152916 26634, 35, 136.94
1791152917 26634, 35, 155.82
1791152918 26634, 17, 137.90
1791152919 26634, 18, 109.00
1791152920 26634, 18, 105.29
1791152921 26634, 31, 147.71
1791152922 26634, 32, 146.90
1791152923 26634, 38, 145.54
1791152925 26634, 17, 126.72
1791152926 26634, 18, 111.93
1791152927 26634, 18, 110.35
1791152928 26634, 35, 134.29
1791152929 26634, 32, 150.92
1791152930 26634, 35, 150.96
1791152931 26634, 4, 136.80
1791152932 26634, 18, 118.57
1791152933 26634, 19, 114.81
1791152934 26634, 36, 128.59
1791152935 26634, 37, 133.24
1791152936 26634, 36, 162.70
1791152937 26634, 34, 162.18
1791152939 26636, 18, 154.03
1791152940 26636, 19, 119.14
1791152941 26636, 0, 119.78
1791152942 26916, 16, 122.44
1791152943 26922, 35, 150.01
1791152944 26922, 6, 158.89
1791152945 26922, 37, 143.84
1791152946 26922, 36, 164.42
1791152947 26922, 16, 144.96
1791152948 26922, 17, 111.61
1791152949 26922, 17, 109.03
1791152950 26922, 35, 144.07
1791152951 26922, 35, 147.96
1791152952 26922, 35, 147.43
1791152954 26922, 35, 147.99
1791152955 26922, 18, 115.02
1791152956 26922, 18, 116.50
1791152957 26922, 0, 122.19
1791152958 26922, 35, 143.36
1791152959 26922, 36, 162.56
1791152960 26922, 34, 160.09
1791152961 26922, 35, 161.54
1791152962 26928, 13, 146.15
1791152963 26928, 18, 120.43
1791152964 26928, 19, 129.60
1791152965 26928, 33, 113.44
1791152967 26928, 34, 161.52
1791152968 26928, 36, 161.62
1791152969 26928, 34, 161.83
1791152970 26928, 32, 155.65
1791152971 26928, 17, 112.08
1791152972 26928, 18, 108.05
1791152973 26928, 34, 128.40
1791152974 26928, 34, 147.96
1791152975 26928, 36, 148.32
1791152976 26928, 32, 140.92
1791152977 26928, 0, 114.45
1791152978 26928, 18, 126.20
1791152980 26928, 31, 106.00
1791152981 26928, 34, 152.92
1791152982 26928, 36, 152.43
1791152983 26928, 35, 153.87
1791152984 26928, 4, 119.29
1791152985 26928, 18, 115.27
1791152986 26928, 18, 108.26
1791152987 26928, 32, 129.95
1791152988 26928, 32, 149.04
1791152989 26928, 35, 135.04
1791152990 26928, 35, 148.67
1791152992 26928, 18, 123.33
1791152993 26928, 19, 117.51
1791152994 26928, 19, 113.12
1791152995 26928, 34, 144.72
1791152996 26928, 36, 161.87
1791152997 26928, 36, 162.30
1791152998 26928, 34, 156.82
1791152999 26928, 17, 113.80
1791153000 26928, 17, 111.71
1791153001 26928, 32, 105.12
1791153002 26928, 35, 150.03
1791153004 26928, 34, 151.45
1791153005 26928, 33, 149.98
1791153006 26928, 18, 146.05
1791153007 26928, 16, 117.79
1791153008 26928, 19, 113.20
1791153009 26928, 36, 136.19
1791153010 26928, 35, 161.22
1791153011 26928, 35, 161.74
1791153012 26928, 35, 160.30
1791153013 26928, 25, 145.89
1791153014 26928, 17, 111.21
1791153015 26928, 17, 120.97
1791153017 26928, 36, 107.57
1791153018 26928, 35, 154.36
1791153019 26928, 33, 154.33
1791153020 26928, 35, 155.85
1791153021 26928, 35, 150.18
1791153022 26928, 18, 125.14
1791153023 26928, 18, 115.39
1791153024 26928, 19, 110.89
1791153025 26928, 34, 139.80
1791153026 26928, 36, 159.40
1791153027 26928, 34, 159.32
1791153028 26928, 35, 159.76
1791153030 26928, 0, 129.17
1791153031 26928, 17, 120.36
1791153032 26928, 18, 111.98
1791153033 26928, 33, 148.81
1791153034 26928, 32, 131.68
1791153035 26928, 33, 154.01
1791153036 26928, 33, 154.57
1791153037 26928, 17, 132.11
1791153038 26928, 18, 118.05
1791153039 26928, 35, 110.95
1791153041 26928, 31, 148.90
1791153042 26928, 32, 146.08
1791153043 26928, 37, 146.59
1791153044 26928, 4, 121.46
1791153045 26928, 14, 114.42
1791153046 26928, 19, 128.68
1791153047 26928, 1, 113.02
1791153048 26928, 33, 151.29
1791153049 26928, 34, 160.13
1791153050 26928, 35, 161.21
1791153051 26928, 33, 160.56
1791153053 26928, 17, 121.64
1791153054 26928, 0, 117.07
1791153055 26928, 18, 115.17
1791153056 26928, 35, 121.10
1791153057 26928, 34, 154.09
1791153058 26928, 33, 153.16
1791153059 26928, 34, 153.74
1791153060 26928, 28, 152.75
1791153061 26928, 17, 110.25
1791153062 26928, 18, 111.03
1791153064 26928, 32, 118.06
1791153065 26928, 34, 150.05
1791153066 26928, 33, 127.03
1791153067 26928, 33, 150.78
1791153068 26928, 34, 151.50
1791153069 26928, 1, 123.47
1791153070 26928, 19, 132.20
1791153071 26928, 20, 117.79
1791153072 26928, 35, 142.89
1791153073 26928, 36, 168.69
1791153074 26928, 35, 166.84
1791153076 26928, 36, 147.84
1791153077 26938, 16, 144.79
1791153078 26938, 17, 118.82
1791153079 26938, 8, 105.04
1791153080 26938, 37, 136.21
1791153081 26938, 37, 154.81
1791153082 26938, 35, 154.49
1791153083 26938, 36, 154.00
1791153084 26938, 17, 112.04
1791153085 26938, 18, 109.98
1791153087 26938, 35, 124.70
1791153088 26938, 35, 150.32
1791153089 26938, 33, 150.97
1791153090 26938, 37, 137.23
1791153091 26938, 1, 120.07
1791153092 26938, 18, 117.65
1791153093 26938, 0, 105.83
1791153094 26938, 32, 140.17
1791153095 26938, 36, 157.22
1791153096 26938, 34, 157.88
1791153097 26938, 34, 157.67
1791153098 26938, 18, 121.17
1791153100 26938, 18, 115.38
1791153101 26938, 10, 118.16
1791153102 26938, 0, 131.26
1791153103 26938, 34, 144.60
1791153104 26938, 35, 152.02
1791153105 26938, 17, 146.19
1791153106 26938, 18, 115.30
1791153107 26938, 7, 123.53
1791153108 26938, 29, 108.07
1791153109 26938, 33, 156.00
1791153110 26938, 35, 156.81
1791153111 26938, 34, 157.61
1791153113 26938, 17, 126.90
1791153114 26938, 6, 117.28
1791153115 26938, 19, 129.06
1791153116 26938, 35, 139.14
1791153117 26938, 37, 161.36
1791153118 26938, 35, 162.40
1791153119 26938, 35, 161.03
1791153120 26938, 17, 145.60
1791153121 26938, 1, 120.44
1791153122 26938, 16, 113.24
1791153124 26938, 35, 142.07
1791153125 26938, 36, 156.56
1791153126 26938, 0, 140.07
1791153127 26938, 32, 152.12
1791153128 26938, 18, 134.04
1791153129 26938, 18, 117.73
1791153130 26938, 18, 112.74
1791153131 26938, 35, 141.46
1791153132 26938, 35, 160.63
1791153133 26938, 35, 160.25
1791153134 26938, 7, 153.29
1791153136 26938, 17, 112.71
1791153137 26938, 18, 110.95
1791153138 26938, 33, 120.29
1791153139 26938, 31, 151.96
1791153140 26938, 34, 135.57
1791153141 26938, 32, 153.09
1791153142 26938, 18, 136.05
1791153143 26938, 18, 117.84
1791153144 26938, 0, 106.56
1791153145 26938, 36, 151.39
1791153146 26938, 34, 162.24
1791153148 26938, 36, 162.71
1791153149 26938, 34, 164.91
1791153150 26938, 17, 123.85
1791153151 26938, 18, 111.82
1791153152 26938, 11, 109.23
1791153153 26938, 33, 139.82
1791153154 26938, 33, 153.18
1791153155 26938, 35, 153.41
1791153156 26938, 17, 151.75
1791153157 26938, 18, 120.57
1791153159 26938, 0, 120.89
1791153160 26938, 17, 125.91
1791153161 26938, 35, 148.29
1791153162 26938, 35, 162.30
1791153163 26938, 35, 150.51
1791153164 26938, 35, 162.20
1791153165 26940, 17, 137.49
1791153166 26940, 17, 111.25
1791153167 26940, 18, 110.19
1791153168 26940, 35, 150.70
1791153169 26940, 36, 152.18
1791153171 26940, 32, 153.58
1791153172 26940, 17, 142.57
1791153173 26940, 17, 112.22
1791153174 26940, 16, 112.64
1791153175 26940, 33, 134.24
1791153176 26940, 31, 149.46
1791153177 26940, 35, 132.79
1791153178 26940, 32, 149.48
1791153179 26940, 17, 132.07
1791153180 26940, 18, 125.55
1791153182 26940, 5, 104.65
1791153183 26940, 34, 157.06
1791153184 26940, 35, 157.35
1791153185 26940, 34, 158.91
1791153186 26940, 13, 151.35
1791153187 26940, 18, 116.18
1791153188 26940, 18, 113.37
1791153189 26940, 37, 127.61
1791153190 26940, 20, 150.43
1791153191 26940, 35, 133.22
1791153192 26940, 35, 150.86
1791153193 26940, 17, 125.10
1791153195 26940, 18, 111.41
1791153196 26940, 0, 102.72
1791153197 26940, 35, 145.39
1791153198 26940, 36, 148.47
1791153199 26940, 33, 148.83
1791153200 26940, 15, 115.00
1791153201 26940, 18, 125.91
1791153202 26940, 19, 114.06
1791153203 26940, 33, 158.04
1791153204 26940, 35, 157.53
1791153206 26940, 34, 136.35
1791153207 26940, 35, 157.59
1791153208 26940, 17, 142.09
1791153209 26940, 18, 115.35
1791153210 26940, 16, 111.63
1791153211 26940, 36, 142.46
1791153212 26940, 35, 157.26
1791153213 26940, 35, 158.04
1791153214 26940, 35, 158.32
1791153215 26940, 17, 132.55
1791153216 26940, 18, 113.07
1791153217 26940, 33, 122.85
1791153219 26940, 31, 129.13
1791153220 26940, 33, 148.85
1791153221 26940, 32, 148.45
1791153222 26940, 17, 141.62
1791153223 26940, 17, 113.66
1791153224 26940, 17, 110.11
1791153225 26940, 32, 134.70
1791153226 26940, 35, 152.36
1791153227 26940, 32, 153.05
1791153228 26940, 32, 150.68
1791153229 26940, 18, 116.24
1791153230 26940, 18, 113.81
1791153232 26940, 36, 126.46
1791153233 26940, 32, 132.41
1791153234 26940, 32, 156.15
1791153235 26940, 35, 155.65
1791153236 26940, 17, 144.95
1791153237 26940, 18, 114.29
1791153238 26940, 0, 113.51
1791153239 26940, 0, 113.60
1791153240 26940, 34, 150.74
1791153241 26940, 34, 154.56
1791153242 26940, 36, 143.68
1791153243 26940, 35, 156.24
1791153245 26940, 18, 141.11
1791153246 26940, 18, 117.45
1791153247 26940, 17, 112.47
1791153248 26940, 37, 129.45
1791153249 26940, 36, 161.34
1791153250 26940, 36, 160.31
1791153251 26940, 36, 159.95
1791153252 26940, 17, 135.67
1791153253 26940, 0, 115.27
1791153254 26940, 18, 121.65
1791153255 26940, 36, 131.21
1791153256 26940, 34, 156.78
1791153258 26940, 37, 157.62
1791153259 26940, 36, 158.38
1791153260 26940, 18, 149.68
1791153261 26940, 19, 119.87
1791153262 26940, 19, 123.06
1791153263 26940, 6, 111.17
1791153264 26940, 36, 162.52
1791153265 26940, 35, 163.40
1791153266 26940, 34, 163.38
1791153267 26940, 36, 163.40
1791153268 26940, 18, 115.11
1791153270 26940, 18, 113.65
1791153271 26940, 34, 121.85
1791153272 26940, 34, 157.04
1791153273 26940, 35, 156.01
1791153274 26940, 35, 138.59
1791153275 26940, 24, 155.41
1791153276 26940, 1, 130.02
1791153277 26940, 19, 118.48
1791153278 26940, 19, 113.89
1791153279 26940, 36, 140.67
1791153280 26940, 37, 160.97
1791153281 26940, 35, 160.68
1791153282 26940, 34, 145.99
1791153284 26940, 17, 138.16
1791153285 26940, 17, 112.40
1791153286 26940, 2, 120.05
1791153287 26940, 12, 101.81
1791153288 26940, 22, 138.23
1791153289 26940, 25, 140.92
1791153290 26940, 26, 139.95
1791153291 26940, 21, 138.93
1791153292 26940, 26, 127.52
1791153293 26940, 19, 136.29
1791153295 26940, 5, 119.77
1791153296 26940, 19, 132.23
1791153297 27100, 23, 117.89
1791153298 27100, 26, 137.26
1791153299 27100, 29, 150.31
1791153300 27100, 25, 147.72
1791153301 27100, 25, 149.21
1791153302 27100, 26, 148.74
1791153303 27100, 26, 137.14
1791153304 27100, 14, 117.20
1791153305 27100, 19, 126.78
1791153307 27100, 25, 105.50
1791153308 27100, 25, 143.89
1791153309 27100, 26, 143.56
1791153310 27100, 24, 144.99
1791153311 27100, 25, 143.60
1791153312 27100, 28, 145.17
1791153313 27100, 18, 119.65
1791153314 27100, 0, 119.46
1791153315 27100, 13, 118.00
1791153316 27100, 24, 143.10
1791153318 27100, 27, 142.35
1791153319 27100, 27, 125.62
1791153320 27100, 23, 142.74
1791153321 27100, 23, 141.79
1791153322 27100, 17, 134.57
1791153323 27100, 18, 115.91
1791153324 27100, 18, 112.65
1791153325 27100, 24, 125.74
1791153326 27100, 26, 140.09
1791153327 27100, 26, 140.64
1791153328 27100, 23, 140.43
1791153330 27100, 27, 140.84
1791153331 27100, 18, 122.07
1791153332 27100, 0, 122.67
1791153333 27100, 19, 124.47
1791153334 27100, 25, 120.47
1791153335 27100, 22, 146.50
1791153336 27100, 25, 148.33
1791153337 27100, 26, 148.88
1791153338 27100, 24, 148.30
1791153339 27100, 24, 148.55
1791153341 27100, 18, 114.84
1791153342 27100, 0, 120.90
1791153343 27100, 19, 119.65
1791153344 27100, 27, 128.90
1791153345 27100, 26, 124.68
1791153346 27100, 28, 143.40
1791153347 27100, 25, 141.70
1791153348 27100, 27, 142.41
1791153349 27100, 23, 142.66
1791153350 27100, 18, 137.01
1791153351 27100, 18, 123.34
1791153352 27100, 18, 114.38
1791153354 27100, 26, 132.61
1791153355 27100, 25, 145.91
1791153356 27100, 25, 145.67
1791153357 27100, 24, 143.65
1791153358 27100, 24, 143.85
1791153359 27100, 18, 124.21
1791153360 27100, 12, 117.83
1791153361 27100, 19, 129.60
1791153362 27100, 19, 113.96
1791153363 27100, 26, 148.09
1791153364 27100, 25, 146.30
1791153366 27100, 29, 146.55
1791153367 27100, 29, 147.90
1791153368 27100, 23, 129.09
1791153369 27100, 26, 146.60
1791153370 27100, 18, 130.40
1791153371 27100, 18, 116.61
1791153372 27100, 18, 112.02
1791153373 27100, 25, 126.92
1791153374 27100, 25, 142.37
1791153375 27100, 25, 142.88
1791153376 27100, 27, 143.43
1791153378 27100, 26, 143.77
1791153379 27100, 27, 131.24
1791153380 27100, 18, 121.71
1791153381 27100, 18, 113.78
1791153382 27100, 0, 101.31
1791153383 27100, 25, 134.15
1791153384 27100, 24, 140.38
1791153385 27100, 28, 142.34
1791153386 27100, 24, 141.68
1791153387 27100, 24, 141.98
1791153388 27100, 22, 127.96
1791153390 27100, 22, 131.44
1791153391 27100, 22, 126.34
1791153392 27100, 22, 129.80
1791153393 27100, 23, 126.71
1791153394 27100, 23, 131.64
1791153395 27100, 23, 133.77
1791153396 27100, 23, 127.77
1791153397 27100, 23, 125.74
1791153398 27100, 23, 125.22
1791153399 27100, 23, 125.51
1791153400 27100, 22, 125.54
1791153402 27100, 5, 99.05
1791153403 27100, 4, 71.52
1791153404 27100, 3, 70.75
1791153405 27100, 2, 70.58
1791153406 27100, 0, 70.41
1791153407 27100, 0, 70.02
1791153408 27100, 0, 70.54
1791153409 27100, 1, 69.84
1791153410 27100, 2, 69.59
1791153411 27100, 2, 68.64
1791153413 27100, 2, 68.36
1791153414 27100, 4, 68.29
1791153415 27100, 14, 69.17
1791153416 27100, 0, 67.57
1791153417 27100, 0, 67.95
