1791350155 225, 405, 42, 0x0000000000000000 | 0.52 0.55 0.47 | cpu  19551807 3374936 8693766 994865782 1122037 0 485449 0 0 0
1791350156 225, 405, 42, 0x0000000000000000 | 0.56 0.56 0.47 | cpu  19551945 3374936 8693808 994868122 1122050 0 485450 0 0 0
1791350157 225, 405, 42, 0x0000000000000000 | 0.56 0.56 0.47 | cpu  19552022 3374936 8693834 994870592 1122065 0 485451 0 0 0
1791350158 225, 405, 42, 0x0000000000000000 | 0.56 0.56 0.47 | cpu  19552035 3374936 8693882 994873100 1122069 0 485452 0 0 0
1791350160 225, 405, 42, 0x0000000000000000 | 0.56 0.56 0.47 | cpu  19552043 3374936 8693907 994875658 1122071 0 485452 0 0 0
1791350161 225, 405, 42, 0x0000000000000000 | 0.60 0.57 0.47 | cpu  19552204 3374936 8693932 994878034 1122084 0 485452 0 0 0
1791350162 2497, 13801, 43, 0x0000000000000000 | 0.60 0.57 0.47 | cpu  19552286 3374936 8693961 994880400 1122107 0 485452 0 0 0
1791350163 2497, 13801, 43, 0x0000000000000000 | 0.60 0.57 0.47 | cpu  19552322 3374936 8693981 994882787 1122165 0 485452 0 0 0
1791350164 2497, 13801, 43, 0x0000000000000000 | 0.60 0.57 0.47 | cpu  19552355 3374936 8694007 994885170 1122225 0 485453 0 0 0
1791350165 2497, 13801, 43, 0x0000000000000000 | 0.60 0.57 0.47 | cpu  19552365 3374936 8694022 994887488 1122380 0 485453 0 0 0
1791350166 2512, 13801, 44, 0x0000000000000000 | 0.63 0.57 0.47 | cpu  19552392 3374936 8694039 994889867 1122460 0 485453 0 0 0
1791350167 2535, 13801, 44, 0x0000000000000000 | 0.63 0.57 0.47 | cpu  19552430 3374936 8694060 994892252 1122518 0 485455 0 0 0
1791350168 2535, 13801, 44, 0x0000000000000000 | 0.63 0.57 0.47 | cpu  19552464 3374936 8694080 994894644 1122578 0 485456 0 0 0
1791350169 2497, 13801, 44, 0x0000000000000000 | 0.63 0.57 0.47 | cpu  19552495 3374936 8694100 994897026 1122645 0 485457 0 0 0
1791350170 2497, 13801, 44, 0x0000000000000000 | 0.63 0.57 0.47 | cpu  19552523 3374936 8694121 994899413 1122710 0 485457 0 0 0
1791350171 2497, 13801, 44, 0x0000000000000000 | 0.66 0.58 0.48 | cpu  19552556 3374936 8694139 994901800 1122770 0 485458 0 0 0
1791350172 2497, 13801, 44, 0x0000000000000000 | 0.66 0.58 0.48 | cpu  19552587 3374936 8694161 994904184 1122832 0 485458 0 0 0
1791350173 2497, 13801, 44, 0x0000000000000000 | 0.66 0.58 0.48 | cpu  19552613 3374936 8694185 994906571 1122895 0 485459 0 0 0
1791350174 2497, 13801, 44, 0x0000000000000000 | 0.66 0.58 0.48 | cpu  19552640 3374936 8694209 994908956 1122957 0 485459 0 0 0
1791350175 2497, 13801, 44, 0x0000000000000000 | 0.66 0.58 0.48 | cpu  19552680 3374936 8694233 994911329 1123019 0 485459 0 0 0
1791350176 2535, 13801, 44, 0x0000000000000000 | 0.69 0.59 0.48 | cpu  19552760 3374936 8694252 994913709 1123049 0 485460 0 0 0
1791350177 2497, 13801, 44, 0x0000000000000000 | 0.69 0.59 0.48 | cpu  19552832 3374936 8694270 994916087 1123082 0 485460 0 0 0
1791350178 2497, 13801, 44, 0x0000000000000000 | 0.69 0.59 0.48 | cpu  19552912 3374936 8694289 994918464 1123110 0 485460 0 0 0
1791350179 2497, 13801, 44, 0x0000000000000000 | 0.69 0.59 0.48 | cpu  19553005 3374936 8694305 994920851 1123128 0 485460 0 0 0
1791350180 2535, 13801, 44, 0x0000000000000000 | 1.03 0.66 0.51 | cpu  19553126 3374936 8694324 994923216 1123129 0 485461 0 0 0
1791350181 2535, 13801, 45, 0x0000000000000000 | 1.03 0.66 0.51 | cpu  19553242 3374936 8694346 994925585 1123129 0 485461 0 0 0
1791350183 2565, 13801, 44, 0x0000000000000000 | 1.03 0.66 0.51 | cpu  19553363 3374936 8694364 994927949 1123129 0 485461 0 0 0
1791350184 2550, 13801, 44, 0x0000000000000000 | 1.03 0.66 0.51 | cpu  19553478 3374936 8694381 994930321 1123129 0 485461 0 0 0
1791350185 2535, 13801, 44, 0x0000000000000000 | 1.03 0.66 0.51 | cpu  19553603 3374936 8694394 994932691 1123129 0 485461 0 0 0
1791350186 2497, 13801, 44, 0x0000000000000000 | 1.03 0.67 0.51 | cpu  19553641 3374936 8694447 994935079 1123156 0 485461 0 0 0
1791350187 2505, 13801, 44, 0x0000000000000000 | 1.03 0.67 0.51 | cpu  19553669 3374936 8694514 994937463 1123178 0 485461 0 0 0
1791350188 2505, 13801, 44, 0x0000000000000000 | 1.03 0.67 0.51 | cpu  19553698 3374936 8694594 994939857 1123178 0 485461 0 0 0
1791350189 2535, 13801, 45, 0x0000000000000000 | 1.03 0.67 0.51 | cpu  19553769 3374936 8694633 994942244 1123178 0 485461 0 0 0
1791350190 2527, 13801, 45, 0x0000000000000000 | 1.03 0.67 0.51 | cpu  19553840 3374936 8694677 994944628 1123179 0 485461 0 0 0
1791350191 2527, 13801, 45, 0x0000000000000000 | 1.11 0.69 0.52 | cpu  19553908 3374936 8694781 994946960 1123179 0 485461 0 0 0
1791350192 2497, 13801, 45, 0x0000000000000000 | 1.11 0.69 0.52 | cpu  19554001 3374936 8694796 994949346 1123183 0 485461 0 0 0
1791350193 2497, 13801, 45, 0x0000000000000000 | 1.11 0.69 0.52 | cpu  19554107 3374936 8694802 994951735 1123183 0 485461 0 0 0
1791350194 2497, 13801, 45, 0x0000000000000000 | 1.11 0.69 0.52 | cpu  19554192 3374936 8694830 994954121 1123183 0 485461 0 0 0
1791350195 2497, 13801, 44, 0x0000000000000000 | 1.11 0.69 0.52 | cpu  19554268 3374936 8694863 994956510 1123183 0 485461 0 0 0
1791350196 2497, 13801, 44, 0x0000000000000000 | 1.18 0.71 0.52 | cpu  19554340 3374936 8694901 994958902 1123183 0 485461 0 0 0
1791350197 2497, 13801, 44, 0x0000000000000000 | 1.18 0.71 0.52 | cpu  19554393 3374936 8694959 994961296 1123183 0 485461 0 0 0
1791350198 2497, 13801, 44, 0x0000000000000000 | 1.18 0.71 0.52 | cpu  19554454 3374936 8695014 994963681 1123185 0 485461 0 0 0
1791350199 2497, 13801, 44, 0x0000000000000000 | 1.18 0.71 0.52 | cpu  19554508 3374936 8695074 994966075 1123185 0 485462 0 0 0
1791350200 2497, 13801, 44, 0x0000000000000000 | 1.18 0.71 0.52 | cpu  19554568 3374936 8695128 994968459 1123185 0 485462 0 0 0
1791350201 2497, 13801, 44, 0x0000000000000000 | 1.25 0.73 0.53 | cpu  19554636 3374936 8695250 994970774 1123185 0 485462 0 0 0
1791350202 2497, 13801, 43, 0x0000000000000000 | 1.25 0.73 0.53 | cpu  19554714 3374936 8695363 994973084 1123187 0 485462 0 0 0
1791350203 2497, 13801, 43, 0x0000000000000000 | 1.25 0.73 0.53 | cpu  19554771 3374936 8695417 994975467 1123187 0 485462 0 0 0
1791350204 2497, 13801, 43, 0x0000000000000000 | 1.25 0.73 0.53 | cpu  19554826 3374936 8695477 994977851 1123187 0 485462 0 0 0
1791350205 2497, 13801, 43, 0x0000000000000000 | 1.23 0.74 0.54 | cpu  19554887 3374936 8695533 994980235 1123187 0 485462 0 0 0
1791350207 2497, 13801, 43, 0x0000000000000000 | 1.23 0.74 0.54 | cpu  19554942 3374936 8695588 994982624 1123188 0 485462 0 0 0
1791350208 2497, 13801, 43, 0x0000000000000000 | 1.23 0.74 0.54 | cpu  19554997 3374936 8695641 994985009 1123188 0 485462 0 0 0
1791350209 2497, 13801, 43, 0x0000000000000000 | 1.23 0.74 0.54 | cpu  19555050 3374936 8695700 994987398 1123189 0 485462 0 0 0
1791350210 2497, 13801, 42, 0x0000000000000000 | 1.23 0.74 0.54 | cpu  19555114 3374936 8695753 994989785 1123189 0 485462 0 0 0
1791350211 2497, 13801, 42, 0x0000000000000000 | 1.21 0.74 0.54 | cpu  19555168 3374936 8695809 994992172 1123189 0 485462 0 0 0
1791350212 2497, 13801, 42, 0x0000000000000000 | 1.21 0.74 0.54 | cpu  19555223 3374936 8695863 994994557 1123189 0 485462 0 0 0
1791350213 2497, 13801, 42, 0x0000000000000000 | 1.21 0.74 0.54 | cpu  19555275 3374936 8695920 994996943 1123190 0 485462 0 0 0
1791350214 2497, 13801, 42, 0x0000000000000000 | 1.21 0.74 0.54 | cpu  19555332 3374936 8695973 994999331 1123190 0 485462 0 0 0
1791350215 2497, 13801, 42, 0x0000000000000000 | 1.21 0.74 0.54 | cpu  19555397 3374936 8696017 995001723 1123190 0 485462 0 0 0
1791350216 2497, 13801, 42, 0x0000000000000000 | 1.19 0.75 0.54 | cpu  19555623 3374936 8696094 995003906 1123190 0 485462 0 0 0
1791350217 2497, 13801, 41, 0x0000000000000000 | 1.19 0.75 0.54 | cpu  19555768 3374936 8696180 995006151 1123191 0 485463 0 0 0
1791350218 2497, 13801, 41, 0x0000000000000000 | 1.19 0.75 0.54 | cpu  19555841 3374936 8696273 995008483 1123191 0 485463 0 0 0
1791350219 2497, 13801, 41, 0x0000000000000000 | 1.19 0.75 0.54 | cpu  19555899 3374936 8696340 995010857 1123191 0 485463 0 0 0
1791350220 2497, 13801, 41, 0x0000000000000000 | 1.19 0.75 0.54 | cpu  19555950 3374936 8696401 995013250 1123191 0 485463 0 0 0
1791350221 2497, 13801, 41, 0x0000000000000000 | 1.17 0.75 0.54 | cpu  19556011 3374936 8696458 995015636 1123191 0 485463 0 0 0
1791350222 2497, 13801, 41, 0x0000000000000000 | 1.17 0.75 0.54 | cpu  19556065 3374936 8696516 995018024 1123194 0 485463 0 0 0
1791350223 2497, 13801, 41, 0x0000000000000000 | 1.17 0.75 0.54 | cpu  19556118 3374936 8696600 995020384 1123194 0 485463 0 0 0
1791350224 2497, 13801, 41, 0x0000000000000000 | 1.17 0.75 0.54 | cpu  19556172 3374936 8696660 995022773 1123194 0 485463 0 0 0
1791350225 2497, 13801, 40, 0x0000000000000000 | 1.17 0.75 0.54 | cpu  19556224 3374936 8696718 995025167 1123194 0 485463 0 0 0
1791350226 2497, 13801, 40, 0x0000000000000000 | 1.16 0.76 0.55 | cpu  19556276 3374936 8696778 995027555 1123195 0 485463 0 0 0
1791350227 2497, 13801, 40, 0x0000000000000000 | 1.16 0.76 0.55 | cpu  19556330 3374936 8696835 995029943 1123195 0 485463 0 0 0
1791350228 2497, 13801, 40, 0x0000000000000000 | 1.16 0.76 0.55 | cpu  19556382 3374936 8696893 995032335 1123196 0 485463 0 0 0
1791350229 2497, 13801, 40, 0x0000000000000000 | 1.16 0.76 0.55 | cpu  19556435 3374936 8696950 995034727 1123196 0 485464 0 0 0
1791350230 2497, 13801, 40, 0x0000000000000000 | 1.15 0.76 0.55 | cpu  19556488 3374936 8697008 995037124 1123196 0 485464 0 0 0
1791350232 2497, 13801, 40, 0x0000000000000000 | 1.15 0.76 0.55 | cpu  19556544 3374936 8697068 995039514 1123197 0 485464 0 0 0
1791350233 2497, 13801, 39, 0x0000000000000000 | 1.15 0.76 0.55 | cpu  19556600 3374936 8697125 995041900 1123197 0 485465 0 0 0
1791350234 2497, 13801, 39, 0x0000000000000000 | 1.15 0.76 0.55 | cpu  19556685 3374936 8697181 995044257 1123203 0 485465 0 0 0
1791350235 2542, 13801, 40, 0x0000000000000000 | 1.15 0.76 0.55 | cpu  19556766 3374936 8697220 995046617 1123227 0 485466 0 0 0
1791350236 2512, 13801, 40, 0x0000000000000000 | 1.14 0.76 0.55 | cpu  19556868 3374936 8697230 995049006 1123228 0 485466 0 0 0
1791350237 2512, 13801, 39, 0x0000000000000000 | 1.14 0.76 0.55 | cpu  19556969 3374936 8697239 995051400 1123230 0 485466 0 0 0
1791350238 2880, 13801, 46, 0x0000000000000000 | 1.14 0.76 0.55 | cpu  19557073 3374936 8697247 995053808 1123230 0 485466 0 0 0
1791350239 2932, 13801, 48, 0x0000000000000000 | 1.14 0.76 0.55 | cpu  19557178 3374936 8697253 995056220 1123230 0 485466 0 0 0
1791350240 2932, 13801, 48, 0x0000000000000000 | 1.14 0.76 0.55 | cpu  19557284 3374936 8697259 995058634 1123230 0 485466 0 0 0
1791350241 2932, 13801, 50, 0x0000000000000000 | 1.12 0.77 0.56 | cpu  19557390 3374936 8697264 995061032 1123231 0 485466 0 0 0
1791350242 2932, 13801, 49, 0x0000000000000000 | 1.12 0.77 0.56 | cpu  19557497 3374936 8697270 995063447 1123231 0 485466 0 0 0
1791350243 2940, 13801, 45, 0x0000000000000000 | 1.12 0.77 0.56 | cpu  19557606 3374936 8697282 995065836 1123232 0 485466 0 0 0
1791350244 2940, 13801, 44, 0x0000000000000000 | 1.12 0.77 0.56 | cpu  19557701 3374936 8697305 995068213 1123234 0 485467 0 0 0
1791350245 2962, 13801, 42, 0x0000000000000000 | 1.12 0.77 0.56 | cpu  19557800 3374936 8697324 995070616 1123234 0 485467 0 0 0
1791350246 2932, 13801, 47, 0x0000000000000000 | 1.19 0.79 0.56 | cpu  19557903 3374936 8697340 995073007 1123235 0 485467 0 0 0
1791350247 2925, 13801, 52, 0x0000000000000000 | 1.19 0.79 0.56 | cpu  19558007 3374936 8697357 995075409 1123236 0 485467 0 0 0
1791350248 2932, 13801, 50, 0x0000000000000000 | 1.19 0.79 0.56 | cpu  19558117 3374936 8697376 995077847 1123237 0 485468 0 0 0
1791350249 2925, 13801, 51, 0x0000000000000000 | 1.19 0.79 0.56 | cpu  19558228 3374936 8697396 995080224 1123237 0 485468 0 0 0
1791350250 2925, 13801, 52, 0x0000000000000000 | 1.19 0.79 0.56 | cpu  19558349 3374936 8697446 995082572 1123237 0 485468 0 0 0
1791350251 2932, 13801, 52, 0x0000000000000000 | 1.18 0.79 0.57 | cpu  19558449 3374936 8697468 995084972 1123237 0 485468 0 0 0
1791350253 2932, 13801, 52, 0x0000000000000000 | 1.18 0.79 0.57 | cpu  19558556 3374936 8697483 995087375 1123237 0 485470 0 0 0
1791350254 2925, 13801, 53, 0x0000000000000000 | 1.18 0.79 0.57 | cpu  19558662 3374936 8697495 995089775 1123237 0 485470 0 0 0
1791350255 2925, 13801, 52, 0x0000000000000000 | 1.18 0.79 0.57 | cpu  19558770 3374936 8697513 995092171 1123238 0 485470 0 0 0
1791350256 2932, 13801, 52, 0x0000000000000000 | 1.24 0.81 0.57 | cpu  19558877 3374936 8697525 995094575 1123238 0 485470 0 0 0
1791350257 2917, 13801, 54, 0x0000000000000004 | 1.24 0.81 0.57 | cpu  19558984 3374936 8697560 995096954 1123238 0 485471 0 0 0
1791350258 2932, 13801, 52, 0x0000000000000000 | 1.24 0.81 0.57 | cpu  19559090 3374936 8697574 995099351 1123238 0 485472 0 0 0
1791350259 2932, 13801, 52, 0x0000000000000000 | 1.24 0.81 0.57 | cpu  19559196 3374936 8697597 995101740 1123238 0 485472 0 0 0
1791350260 2917, 13801, 54, 0x0000000000000004 | 1.24 0.81 0.57 | cpu  19559302 3374936 8697610 995104141 1123238 0 485472 0 0 0
1791350261 2917, 13801, 52, 0x0000000000000000 | 1.22 0.82 0.58 | cpu  19559406 3374936 8697627 995106537 1123240 0 485472 0 0 0
1791350262 2910, 13801, 55, 0x0000000000000000 | 1.22 0.82 0.58 | cpu  19559511 3374936 8697643 995108943 1123240 0 485473 0 0 0
1791350263 2917, 13801, 54, 0x0000000000000000 | 1.22 0.82 0.58 | cpu  19559617 3374936 8697659 995111389 1123240 0 485473 0 0 0
1791350264 2910, 13801, 55, 0x0000000000000004 | 1.22 0.82 0.58 | cpu  19559725 3374936 8697673 995113791 1123240 0 485473 0 0 0
1791350265 2925, 13801, 53, 0x0000000000000000 | 1.22 0.82 0.58 | cpu  19559833 3374936 8697686 995116192 1123240 0 485473 0 0 0
1791350266 2910, 13801, 54, 0x0000000000000004 | 1.21 0.82 0.58 | cpu  19559944 3374936 8697703 995118577 1123240 0 485474 0 0 0
1791350267 2940, 13801, 49, 0x0000000000000000 | 1.21 0.82 0.58 | cpu  19560052 3374936 8697716 995120975 1123240 0 485475 0 0 0
1791350268 2917, 13801, 56, 0x0000000000000004 | 1.21 0.82 0.58 | cpu  19560155 3374936 8697735 995123376 1123240 0 485476 0 0 0
1791350269 2910, 13801, 54, 0x0000000000000000 | 1.21 0.82 0.58 | cpu  19560271 3374936 8697797 995125722 1123241 0 485477 0 0 0
1791350270 2917, 13801, 54, 0x0000000000000000 | 1.21 0.82 0.58 | cpu  19560383 3374936 8697845 995128126 1123242 0 485478 0 0 0
1791350271 2910, 13801, 54, 0x0000000000000000 | 1.19 0.82 0.58 | cpu  19560485 3374936 8697863 995130521 1123242 0 485478 0 0 0
1791350273 2925, 13801, 54, 0x0000000000000000 | 1.19 0.82 0.58 | cpu  19560593 3374936 8697876 995132932 1123242 0 485478 0 0 0
1791350274 2910, 13801, 56, 0x0000000000000004 | 1.19 0.82 0.58 | cpu  19560692 3374936 8697895 995135324 1123242 0 485479 0 0 0
1791350275 2917, 13801, 53, 0x0000000000000000 | 1.19 0.82 0.58 | cpu  19560798 3374936 8697907 995137717 1123242 0 485479 0 0 0
1791350276 2910, 13801, 57, 0x0000000000000004 | 1.17 0.83 0.58 | cpu  19560903 3374936 8697922 995140115 1123242 0 485480 0 0 0
1791350277 2910, 13801, 55, 0x0000000000000000 | 1.17 0.83 0.58 | cpu  19561007 3374936 8697938 995142516 1123242 0 485480 0 0 0
1791350278 2932, 13801, 55, 0x0000000000000000 | 1.17 0.83 0.58 | cpu  19561123 3374936 8697954 995144899 1123242 0 485481 0 0 0
1791350279 2910, 13801, 55, 0x0000000000000000 | 1.17 0.83 0.58 | cpu  19561225 3374936 8697971 995147301 1123242 0 485482 0 0 0
1791350280 2910, 13801, 57, 0x0000000000000004 | 1.17 0.83 0.58 | cpu  19561332 3374936 8697985 995149699 1123242 0 485483 0 0 0
1791350281 2910, 13801, 58, 0x0000000000000004 | 1.16 0.83 0.59 | cpu  19561439 3374936 8698002 995152098 1123242 0 485483 0 0 0
1791350282 2917, 13801, 57, 0x0000000000000000 | 1.16 0.83 0.59 | cpu  19561548 3374936 8698016 995154499 1123242 0 485484 0 0 0
1791350283 2917, 13801, 56, 0x0000000000000000 | 1.16 0.83 0.59 | cpu  19561653 3374936 8698030 995156889 1123244 0 485484 0 0 0
1791350284 2910, 13801, 56, 0x0000000000000000 | 1.16 0.83 0.59 | cpu  19561758 3374936 8698044 995159290 1123244 0 485486 0 0 0
1791350285 2925, 13801, 56, 0x0000000000000000 | 1.16 0.83 0.59 | cpu  19561865 3374936 8698057 995161699 1123244 0 485486 0 0 0
1791350286 2917, 13801, 54, 0x0000000000000000 | 1.15 0.83 0.59 | cpu  19561969 3374936 8698078 995164107 1123245 0 485487 0 0 0
1791350287 2925, 13801, 57, 0x0000000000000000 | 1.15 0.83 0.59 | cpu  19562077 3374936 8698090 995166518 1123245 0 485488 0 0 0
1791350288 2925, 13801, 53, 0x0000000000000000 | 1.15 0.83 0.59 | cpu  19562180 3374936 8698122 995168913 1123245 0 485488 0 0 0
1791350289 2910, 13801, 58, 0x0000000000000004 | 1.15 0.83 0.59 | cpu  19562289 3374936 8698137 995171300 1123245 0 485489 0 0 0
1791350290 2925, 13801, 56, 0x0000000000000000 | 1.15 0.83 0.59 | cpu  19562394 3374936 8698153 995173725 1123245 0 485489 0 0 0
1791350291 2910, 13801, 57, 0x0000000000000000 | 1.13 0.84 0.59 | cpu  19562499 3374936 8698167 995176119 1123245 0 485491 0 0 0
1791350293 2925, 13801, 55, 0x0000000000000000 | 1.13 0.84 0.59 | cpu  19562606 3374936 8698179 995178518 1123248 0 485491 0 0 0
1791350294 2917, 13801, 59, 0x0000000000000004 | 1.13 0.84 0.59 | cpu  19562710 3374936 8698203 995180910 1123248 0 485492 0 0 0
1791350295 2917, 13801, 57, 0x0000000000000000 | 1.13 0.84 0.59 | cpu  19562817 3374936 8698215 995183313 1123248 0 485492 0 0 0
1791350296 2917, 13801, 59, 0x0000000000000000 | 1.12 0.84 0.59 | cpu  19562923 3374936 8698234 995185720 1123248 0 485493 0 0 0
1791350297 2910, 13801, 60, 0x0000000000000004 | 1.12 0.84 0.59 | cpu  19563031 3374936 8698246 995188124 1123248 0 485493 0 0 0
1791350298 2925, 13801, 58, 0x0000000000000000 | 1.12 0.84 0.59 | cpu  19563138 3374936 8698261 995190535 1123249 0 485493 0 0 0
1791350299 2910, 13801, 61, 0x0000000000000004 | 1.12 0.84 0.59 | cpu  19563241 3374936 8698280 995192936 1123249 0 485494 0 0 0
1791350300 2925, 13801, 59, 0x0000000000000000 | 1.12 0.84 0.59 | cpu  19563348 3374936 8698294 995195346 1123249 0 485494 0 0 0
1791350301 2910, 13801, 60, 0x0000000000000004 | 1.11 0.84 0.60 | cpu  19563457 3374936 8698310 995197744 1123249 0 485494 0 0 0
1791350302 2940, 13801, 53, 0x0000000000000000 | 1.11 0.84 0.60 | cpu  19563564 3374936 8698324 995200143 1123251 0 485495 0 0 0
1791350303 2917, 13801, 59, 0x0000000000000004 | 1.11 0.84 0.60 | cpu  19563670 3374936 8698338 995202546 1123251 0 485495 0 0 0
1791350304 2910, 13801, 60, 0x0000000000000004 | 1.11 0.84 0.60 | cpu  19563774 3374936 8698354 995204944 1123251 0 485495 0 0 0
1791350305 2917, 13801, 60, 0x0000000000000004 | 1.11 0.84 0.60 | cpu  19563880 3374936 8698367 995207337 1123251 0 485496 0 0 0
1791350306 2917, 13801, 58, 0x0000000000000000 | 1.10 0.84 0.60 | cpu  19563980 3374936 8698388 995209745 1123251 0 485496 0 0 0
1791350307 2925, 13801, 59, 0x0000000000000000 | 1.10 0.84 0.60 | cpu  19564088 3374936 8698401 995212146 1123251 0 485496 0 0 0
1791350308 2917, 13801, 60, 0x0000000000000004 | 1.10 0.84 0.60 | cpu  19564194 3374936 8698416 995214554 1123252 0 485497 0 0 0
1791350309 2910, 13801, 61, 0x0000000000000004 | 1.10 0.84 0.60 | cpu  19564301 3374936 8698428 995216951 1123252 0 485497 0 0 0
1791350310 2902, 13801, 60, 0x0000000000000004 | 1.10 0.84 0.60 | cpu  19564411 3374936 8698442 995219349 1123252 0 485497 0 0 0
1791350311 2917, 13801, 59, 0x0000000000000000 | 1.18 0.86 0.61 | cpu  19564520 3374936 8698453 995221758 1123252 0 485497 0 0 0
1791350312 2917, 13801, 60, 0x0000000000000000 | 1.18 0.86 0.61 | cpu  19564628 3374936 8698472 995224154 1123252 0 485497 0 0 0
1791350314 2910, 13801, 61, 0x0000000000000004 | 1.18 0.86 0.61 | cpu  19564733 3374936 8698490 995226559 1123252 0 485497 0 0 0
1791350315 2925, 13801, 60, 0x0000000000000000 | 1.18 0.86 0.61 | cpu  19564840 3374936 8698501 995228965 1123252 0 485497 0 0 0
1791350316 2910, 13801, 61, 0x0000000000000004 | 1.16 0.87 0.61 | cpu  19564943 3374936 8698517 995231365 1123253 0 485497 0 0 0
1791350317 2910, 13801, 60, 0x0000000000000000 | 1.16 0.87 0.61 | cpu  19565050 3374936 8698530 995233762 1123253 0 485497 0 0 0
1791350318 2910, 13801, 63, 0x0000000000000004 | 1.16 0.87 0.61 | cpu  19565156 3374936 8698545 995236168 1123254 0 485497 0 0 0
1791350319 2910, 13801, 62, 0x0000000000000004 | 1.16 0.87 0.61 | cpu  19565269 3374936 8698563 995238570 1123254 0 485498 0 0 0
1791350320 2925, 13801, 60, 0x0000000000000000 | 1.16 0.87 0.61 | cpu  19565374 3374936 8698578 995240993 1123254 0 485498 0 0 0
1791350321 2910, 13801, 61, 0x0000000000000000 | 1.15 0.87 0.61 | cpu  19565481 3374936 8698610 995243385 1123254 0 485498 0 0 0
1791350322 2925, 13801, 61, 0x0000000000000000 | 1.15 0.87 0.61 | cpu  19565589 3374936 8698623 995245788 1123254 0 485499 0 0 0
1791350323 2917, 13801, 57, 0x0000000000000000 | 1.15 0.87 0.61 | cpu  19565693 3374936 8698640 995248193 1123255 0 485499 0 0 0
1791350324 2925, 13801, 61, 0x0000000000000000 | 1.15 0.87 0.61 | cpu  19565802 3374936 8698652 995250584 1123255 0 485500 0 0 0
1791350325 2910, 13801, 62, 0x0000000000000004 | 1.15 0.87 0.61 | cpu  19565907 3374936 8698667 995252978 1123255 0 485500 0 0 0
1791350326 2902, 13801, 62, 0x0000000000000004 | 1.14 0.87 0.61 | cpu  19566016 3374936 8698682 995255376 1123255 0 485500 0 0 0
1791350327 2925, 13801, 61, 0x0000000000000000 | 1.14 0.87 0.61 | cpu  19566124 3374936 8698695 995257774 1123255 0 485500 0 0 0
1791350328 2917, 13801, 60, 0x0000000000000000 | 1.14 0.87 0.61 | cpu  19566223 3374936 8698715 995260174 1123256 0 485501 0 0 0
1791350329 2917, 13801, 61, 0x0000000000000000 | 1.14 0.87 0.61 | cpu  19566330 3374936 8698728 995262574 1123256 0 485502 0 0 0
1791350330 2910, 13801, 58, 0x0000000000000000 | 1.14 0.87 0.61 | cpu  19566437 3374936 8698743 995264972 1123256 0 485502 0 0 0
1791350331 2925, 13801, 61, 0x0000000000000000 | 1.12 0.87 0.62 | cpu  19566545 3374936 8698758 995267379 1123256 0 485502 0 0 0
1791350332 2910, 13801, 62, 0x0000000000000004 | 1.12 0.87 0.62 | cpu  19566652 3374936 8698770 995269777 1123256 0 485503 0 0 0
1791350334 2895, 13801, 63, 0x0000000000000004 | 1.12 0.87 0.62 | cpu  19566763 3374936 8698808 995272146 1123258 0 485503 0 0 0
1791350335 2895, 13801, 63, 0x0000000000000004 | 1.12 0.87 0.62 | cpu  19566877 3374936 8698875 995274488 1123258 0 485504 0 0 0
1791350336 2902, 13801, 63, 0x0000000000000004 | 1.20 0.89 0.62 | cpu  19566988 3374936 8698900 995276866 1123258 0 485504 0 0 0
1791350337 2917, 13801, 61, 0x0000000000000000 | 1.20 0.89 0.62 | cpu  19567095 3374936 8698911 995279272 1123258 0 485504 0 0 0
1791350338 2895, 13801, 64, 0x0000000000000004 | 1.20 0.89 0.62 | cpu  19567200 3374936 8698926 995281670 1123258 0 485504 0 0 0
1791350339 2932, 13801, 56, 0x0000000000000000 | 1.20 0.89 0.62 | cpu  19567305 3374936 8698938 995284057 1123260 0 485505 0 0 0
1791350340 2895, 13801, 64, 0x0000000000000004 | 1.20 0.89 0.62 | cpu  19567411 3374936 8698953 995286458 1123260 0 485505 0 0 0
1791350341 2895, 13801, 63, 0x0000000000000004 | 1.18 0.89 0.63 | cpu  19567519 3374936 8698969 995288860 1123260 0 485506 0 0 0
1791350342 2902, 13801, 62, 0x0000000000000000 | 1.18 0.89 0.63 | cpu  19567625 3374936 8698985 995291279 1123260 0 485506 0 0 0
1791350343 2895, 13801, 64, 0x0000000000000004 | 1.18 0.89 0.63 | cpu  19567730 3374936 8699001 995293673 1123260 0 485506 0 0 0
1791350344 2917, 13801, 63, 0x0000000000000000 | 1.18 0.89 0.63 | cpu  19567840 3374936 8699016 995296074 1123260 0 485507 0 0 0
1791350345 2910, 13801, 60, 0x0000000000000000 | 1.18 0.89 0.63 | cpu  19567945 3374936 8699033 995298478 1123260 0 485508 0 0 0
1791350346 2910, 13801, 63, 0x0000000000000000 | 1.16 0.90 0.63 | cpu  19568053 3374936 8699046 995300876 1123262 0 485509 0 0 0
1791350347 2910, 13801, 59, 0x0000000000000000 | 1.16 0.90 0.63 | cpu  19568161 3374936 8699064 995303274 1123263 0 485509 0 0 0
1791350348 2895, 13801, 62, 0x0000000000000000 | 1.16 0.90 0.63 | cpu  19568265 3374936 8699079 995305672 1123263 0 485510 0 0 0
1791350349 2940, 13801, 56, 0x0000000000000000 | 1.16 0.90 0.63 | cpu  19568372 3374936 8699090 995308073 1123263 0 485510 0 0 0
1791350350 2895, 13801, 64, 0x0000000000000004 | 1.16 0.90 0.63 | cpu  19568473 3374936 8699110 995310472 1123263 0 485510 0 0 0
1791350351 2895, 13801, 63, 0x0000000000000000 | 1.15 0.90 0.63 | cpu  19568579 3374936 8699124 995312873 1123263 0 485510 0 0 0
1791350352 2895, 13801, 63, 0x0000000000000000 | 1.15 0.90 0.63 | cpu  19568683 3374936 8699149 995315311 1123264 0 485510 0 0 0
1791350354 2902, 13801, 64, 0x0000000000000000 | 1.15 0.90 0.63 | cpu  19568789 3374936 8699170 995317701 1123264 0 485510 0 0 0
1791350355 2895, 13801, 63, 0x0000000000000000 | 1.15 0.90 0.63 | cpu  19568893 3374936 8699185 995320094 1123264 0 485511 0 0 0
1791350356 2895, 13801, 64, 0x0000000000000004 | 1.14 0.90 0.63 | cpu  19569003 3374936 8699198 995322492 1123264 0 485512 0 0 0
1791350357 2910, 13801, 62, 0x0000000000000000 | 1.14 0.90 0.63 | cpu  19569111 3374936 8699211 995324897 1123264 0 485512 0 0 0
1791350358 2910, 13801, 60, 0x0000000000000004 | 1.14 0.90 0.63 | cpu  19569218 3374936 8699229 995327290 1123264 0 485512 0 0 0
1791350359 2910, 13801, 63, 0x0000000000000000 | 1.14 0.90 0.63 | cpu  19569325 3374936 8699241 995329688 1123264 0 485512 0 0 0
1791350360 2910, 13801, 63, 0x0000000000000000 | 1.14 0.90 0.63 | cpu  19569430 3374936 8699256 995332085 1123264 0 485513 0 0 0
1791350361 2895, 13801, 65, 0x0000000000000004 | 1.21 0.92 0.64 | cpu  19569539 3374936 8699270 995334481 1123264 0 485514 0 0 0
1791350362 2910, 13801, 63, 0x0000000000000004 | 1.21 0.92 0.64 | cpu  19569658 3374936 8699319 995336826 1123266 0 485514 0 0 0
1791350363 2895, 13801, 65, 0x0000000000000004 | 1.21 0.92 0.64 | cpu  19569765 3374936 8699342 995339215 1123266 0 485515 0 0 0
1791350364 2902, 13801, 64, 0x0000000000000004 | 1.21 0.92 0.64 | cpu  19569871 3374936 8699356 995341602 1123266 0 485515 0 0 0
1791350365 2895, 13801, 66, 0x0000000000000004 | 1.21 0.92 0.64 | cpu  19569979 3374936 8699375 995344006 1123266 0 485515 0 0 0
1791350366 2910, 13801, 64, 0x0000000000000000 | 1.19 0.92 0.64 | cpu  19570086 3374936 8699388 995346409 1123267 0 485516 0 0 0
1791350367 2902, 13801, 66, 0x0000000000000004 | 1.19 0.92 0.64 | cpu  19570190 3374936 8699404 995348804 1123267 0 485516 0 0 0
1791350368 2895, 13801, 64, 0x0000000000000000 | 1.19 0.92 0.64 | cpu  19570296 3374936 8699417 995351196 1123268 0 485516 0 0 0
1791350369 2895, 13801, 64, 0x0000000000000004 | 1.19 0.92 0.64 | cpu  19570410 3374936 8699436 995353583 1123268 0 485516 0 0 0
1791350370 2895, 13801, 66, 0x0000000000000004 | 1.19 0.92 0.64 | cpu  19570516 3374936 8699451 995355981 1123268 0 485516 0 0 0
1791350371 2910, 13801, 65, 0x0000000000000000 | 1.18 0.92 0.64 | cpu  19570623 3374936 8699463 995358375 1123268 0 485516 0 0 0
1791350372 2895, 13801, 64, 0x0000000000000000 | 1.18 0.92 0.64 | cpu  19570724 3374936 8699483 995360771 1123268 0 485516 0 0 0
1791350373 2910, 13801, 65, 0x0000000000000000 | 1.18 0.92 0.64 | cpu  19570831 3374936 8699495 995363161 1123268 0 485516 0 0 0
1791350375 2917, 13801, 65, 0x0000000000000004 | 1.18 0.92 0.64 | cpu  19570933 3374936 8699512 995365561 1123269 0 485516 0 0 0
1791350376 2895, 13801, 64, 0x0000000000000000 | 1.16 0.92 0.65 | cpu  19571037 3374936 8699526 995367950 1123269 0 485517 0 0 0
1791350377 2895, 13801, 65, 0x0000000000000004 | 1.16 0.92 0.65 | cpu  19571143 3374936 8699542 995370363 1123269 0 485517 0 0 0
1791350378 2902, 13801, 64, 0x0000000000000000 | 1.16 0.92 0.65 | cpu  19571246 3374936 8699559 995372756 1123269 0 485517 0 0 0
1791350379 2910, 13801, 64, 0x0000000000000000 | 1.16 0.92 0.65 | cpu  19571353 3374936 8699572 995375158 1123269 0 485517 0 0 0
1791350380 2895, 13801, 66, 0x0000000000000004 | 1.16 0.92 0.65 | cpu  19571457 3374936 8699587 995377559 1123269 0 485517 0 0 0
1791350381 2895, 13801, 66, 0x0000000000000000 | 1.15 0.92 0.65 | cpu  19571567 3374936 8699600 995379946 1123269 0 485518 0 0 0
1791350382 2895, 13801, 63, 0x0000000000000004 | 1.15 0.92 0.65 | cpu  19571674 3374936 8699614 995382351 1123272 0 485519 0 0 0
1791350383 2902, 13801, 64, 0x0000000000000000 | 1.15 0.92 0.65 | cpu  19571781 3374936 8699626 995384760 1123272 0 485520 0 0 0
1791350384 2910, 13801, 64, 0x0000000000000000 | 1.15 0.92 0.65 | cpu  19571886 3374936 8699641 995387158 1123272 0 485521 0 0 0
1791350385 2895, 13801, 66, 0x0000000000000004 | 1.15 0.92 0.65 | cpu  19571993 3374936 8699666 995389537 1123272 0 485521 0 0 0
1791350386 2932, 13801, 63, 0x0000000000000000 | 1.14 0.93 0.65 | cpu  19572102 3374936 8699679 995391951 1123272 0 485522 0 0 0
1791350387 2895, 13801, 67, 0x0000000000000004 | 1.14 0.93 0.65 | cpu  19572209 3374936 8699695 995394371 1123272 0 485523 0 0 0
1791350388 2910, 13801, 65, 0x0000000000000000 | 1.14 0.93 0.65 | cpu  19572316 3374936 8699707 995396776 1123272 0 485523 0 0 0
1791350389 2910, 13801, 68, 0x0000000000000004 | 1.14 0.93 0.65 | cpu  19572575 3374936 8699740 995398992 1123273 0 485525 0 0 0
1791350390 2895, 13801, 65, 0x0000000000000004 | 1.14 0.93 0.65 | cpu  19572765 3374936 8699775 995401258 1123273 0 485525 0 0 0
1791350391 2887, 13801, 67, 0x0000000000000004 | 1.12 0.93 0.65 | cpu  19572870 3374936 8699790 995403660 1123273 0 485525 0 0 0
1791350392 2895, 13801, 67, 0x0000000000000000 | 1.12 0.93 0.65 | cpu  19572980 3374936 8699807 995406052 1123273 0 485525 0 0 0
1791350393 2887, 13801, 65, 0x0000000000000004 | 1.12 0.93 0.65 | cpu  19573091 3374936 8699820 995408448 1123273 0 485525 0 0 0
1791350395 2895, 13801, 66, 0x0000000000000004 | 1.12 0.93 0.65 | cpu  19573197 3374936 8699836 995410840 1123274 0 485527 0 0 0
1791350396 2910, 13801, 64, 0x0000000000000000 | 1.11 0.93 0.65 | cpu  19573306 3374936 8699850 995413244 1123274 0 485528 0 0 0
1791350397 2895, 13801, 65, 0x0000000000000004 | 1.11 0.93 0.65 | cpu  19573413 3374936 8699864 995415643 1123274 0 485528 0 0 0
1791350398 2910, 13801, 66, 0x0000000000000000 | 1.11 0.93 0.65 | cpu  19573522 3374936 8699885 995418031 1123275 0 485528 0 0 0
1791350399 2895, 13801, 63, 0x0000000000000004 | 1.11 0.93 0.65 | cpu  19573638 3374936 8699967 995420357 1123275 0 485528 0 0 0
1791350400 2895, 13801, 65, 0x0000000000000004 | 1.11 0.93 0.65 | cpu  19573746 3374936 8699980 995422760 1123275 0 485530 0 0 0
1791350401 2910, 13801, 65, 0x0000000000000000 | 1.11 0.93 0.66 | cpu  19573854 3374936 8699997 995425182 1123275 0 485530 0 0 0
1791350402 2895, 13801, 65, 0x0000000000000004 | 1.11 0.93 0.66 | cpu  19573989 3374936 8700037 995427530 1123277 0 485531 0 0 0
1791350403 2895, 13801, 68, 0x0000000000000000 | 1.11 0.93 0.66 | cpu  19574097 3374936 8700048 995429932 1123277 0 485531 0 0 0
1791350404 2895, 13801, 67, 0x0000000000000000 | 1.11 0.93 0.66 | cpu  19574203 3374936 8700070 995432328 1123277 0 485531 0 0 0
1791350405 2910, 13801, 66, 0x0000000000000000 | 1.11 0.93 0.66 | cpu  19574310 3374936 8700084 995434730 1123277 0 485531 0 0 0
1791350406 2895, 13801, 65, 0x0000000000000004 | 1.10 0.93 0.66 | cpu  19574416 3374936 8700106 995437187 1123279 0 485531 0 0 0
1791350407 2895, 13801, 66, 0x0000000000000004 | 1.10 0.93 0.66 | cpu  19574523 3374936 8700118 995439586 1123279 0 485531 0 0 0
1791350408 2887, 13801, 66, 0x0000000000000004 | 1.10 0.93 0.66 | cpu  19574629 3374936 8700132 995441987 1123279 0 485531 0 0 0
1791350409 2895, 13801, 67, 0x0000000000000004 | 1.10 0.93 0.66 | cpu  19574741 3374936 8700149 995444369 1123279 0 485531 0 0 0
1791350410 2940, 13801, 64, 0x0000000000000000 | 1.10 0.93 0.66 | cpu  19574865 3374936 8700206 995446719 1123280 0 485532 0 0 0
1791350411 2895, 13801, 66, 0x0000000000000000 | 1.09 0.93 0.66 | cpu  19574970 3374936 8700220 995449124 1123280 0 485532 0 0 0
1791350412 2895, 13801, 65, 0x0000000000000000 | 1.09 0.93 0.66 | cpu  19575077 3374936 8700233 995451527 1123280 0 485532 0 0 0
1791350413 2895, 13801, 66, 0x0000000000000004 | 1.09 0.93 0.66 | cpu  19575185 3374936 8700257 995453916 1123280 0 485532 0 0 0
1791350415 2910, 13801, 66, 0x0000000000000000 | 1.09 0.93 0.66 | cpu  19575292 3374936 8700269 995456328 1123281 0 485532 0 0 0
1791350416 2902, 13801, 65, 0x0000000000000004 | 1.08 0.93 0.66 | cpu  19575405 3374936 8700287 995458707 1123282 0 485533 0 0 0
1791350417 2895, 13801, 68, 0x0000000000000004 | 1.08 0.93 0.66 | cpu  19575512 3374936 8700301 995461100 1123282 0 485533 0 0 0
1791350418 2895, 13801, 68, 0x0000000000000000 | 1.08 0.93 0.66 | cpu  19575619 3374936 8700330 995463506 1123282 0 485533 0 0 0
1791350419 2895, 13801, 67, 0x0000000000000004 | 1.08 0.93 0.66 | cpu  19575730 3374936 8700345 995465906 1123282 0 485533 0 0 0
1791350420 2910, 13801, 65, 0x0000000000000000 | 1.08 0.93 0.66 | cpu  19575839 3374936 8700358 995468306 1123282 0 485534 0 0 0
1791350421 2895, 13801, 67, 0x0000000000000004 | 1.07 0.94 0.66 | cpu  19575942 3374936 8700374 995470708 1123282 0 485535 0 0 0
1791350422 2902, 13801, 66, 0x0000000000000000 | 1.07 0.94 0.66 | cpu  19576049 3374936 8700385 995473092 1123282 0 485535 0 0 0
1791350423 2895, 13801, 66, 0x0000000000000004 | 1.07 0.94 0.66 | cpu  19576155 3374936 8700400 995475503 1123282 0 485535 0 0 0
1791350424 2895, 13801, 67, 0x0000000000000000 | 1.07 0.94 0.66 | cpu  19576262 3374936 8700414 995477905 1123282 0 485535 0 0 0
1791350425 2902, 13801, 63, 0x0000000000000000 | 1.07 0.94 0.66 | cpu  19576368 3374936 8700430 995480304 1123284 0 485535 0 0 0
1791350426 2895, 13801, 69, 0x0000000000000004 | 1.15 0.95 0.67 | cpu  19576486 3374936 8700485 995482642 1123284 0 485535 0 0 0
1791350427 2910, 13801, 67, 0x0000000000000000 | 1.15 0.95 0.67 | cpu  19576599 3374936 8700507 995485020 1123284 0 485536 0 0 0
1791350428 2902, 13801, 68, 0x0000000000000000 | 1.15 0.95 0.67 | cpu  19576702 3374936 8700523 995487413 1123284 0 485536 0 0 0
1791350429 2910, 13801, 67, 0x0000000000000000 | 1.15 0.95 0.67 | cpu  19576809 3374936 8700534 995489812 1123284 0 485536 0 0 0
1791350430 2902, 13801, 67, 0x0000000000000000 | 1.15 0.95 0.67 | cpu  19576913 3374936 8700551 995492211 1123285 0 485536 0 0 0
1791350431 2895, 13801, 67, 0x0000000000000004 | 1.14 0.96 0.67 | cpu  19577024 3374936 8700565 995494620 1123285 0 485536 0 0 0
1791350432 2895, 13801, 68, 0x0000000000000004 | 1.14 0.96 0.67 | cpu  19577128 3374936 8700580 995497015 1123286 0 485536 0 0 0
1791350433 2895, 13801, 66, 0x0000000000000004 | 1.14 0.96 0.67 | cpu  19577237 3374936 8700592 995499404 1123286 0 485536 0 0 0
1791350434 2910, 13801, 68, 0x0000000000000004 | 1.14 0.96 0.67 | cpu  19577344 3374936 8700606 995501805 1123286 0 485538 0 0 0
1791350436 2895, 13801, 67, 0x0000000000000004 | 1.13 0.96 0.68 | cpu  19577450 3374936 8700621 995504209 1123287 0 485539 0 0 0
1791350437 2910, 13801, 67, 0x0000000000000000 | 1.13 0.96 0.68 | cpu  19577557 3374936 8700634 995506603 1123287 0 485539 0 0 0
1791350438 2895, 13801, 70, 0x0000000000000000 | 1.13 0.96 0.68 | cpu  19577664 3374936 8700652 995509007 1123287 0 485539 0 0 0
1791350439 2895, 13801, 68, 0x0000000000000000 | 1.13 0.96 0.68 | cpu  19577772 3374936 8700666 995511405 1123287 0 485540 0 0 0
1791350440 2902, 13801, 64, 0x0000000000000004 | 1.13 0.96 0.68 | cpu  19577877 3374936 8700681 995513802 1123287 0 485541 0 0 0
1791350441 2895, 13801, 68, 0x0000000000000000 | 1.20 0.97 0.68 | cpu  19577986 3374936 8700696 995516194 1123288 0 485542 0 0 0
1791350442 2910, 13801, 69, 0x0000000000000000 | 1.20 0.97 0.68 | cpu  19578101 3374936 8700739 995518556 1123288 0 485542 0 0 0
1791350443 2895, 13801, 67, 0x0000000000000000 | 1.20 0.97 0.68 | cpu  19578217 3374936 8700769 995520938 1123288 0 485542 0 0 0
1791350444 2895, 13801, 68, 0x0000000000000004 | 1.20 0.97 0.68 | cpu  19578334 3374936 8700787 995523337 1123288 0 485543 0 0 0
1791350445 2895, 13801, 69, 0x0000000000000004 | 1.20 0.97 0.68 | cpu  19578439 3374936 8700801 995525746 1123288 0 485543 0 0 0
1791350446 2910, 13801, 68, 0x0000000000000000 | 1.18 0.97 0.68 | cpu  19578547 3374936 8700814 995528137 1123288 0 485543 0 0 0
1791350447 2895, 13801, 69, 0x0000000000000004 | 1.18 0.97 0.68 | cpu  19578652 3374936 8700831 995530544 1123289 0 485543 0 0 0
1791350448 2902, 13801, 68, 0x0000000000000000 | 1.18 0.97 0.68 | cpu  19578758 3374936 8700843 995532934 1123289 0 485544 0 0 0
1791350449 2887, 13801, 67, 0x0000000000000000 | 1.18 0.97 0.68 | cpu  19578864 3374936 8700861 995535321 1123289 0 485544 0 0 0
1791350450 2895, 13801, 68, 0x0000000000000004 | 1.18 0.97 0.68 | cpu  19578969 3374936 8700887 995537709 1123289 0 485545 0 0 0
1791350451 2910, 13801, 67, 0x0000000000000000 | 1.16 0.97 0.69 | cpu  19579076 3374936 8700899 995540103 1123289 0 485546 0 0 0
1791350452 2895, 13801, 67, 0x0000000000000004 | 1.16 0.97 0.69 | cpu  19579183 3374936 8700915 995542502 1123289 0 485546 0 0 0
1791350453 2902, 13801, 68, 0x0000000000000000 | 1.16 0.97 0.69 | cpu  19579291 3374936 8700929 995544898 1123289 0 485547 0 0 0
1791350454 2895, 13801, 68, 0x0000000000000004 | 1.16 0.97 0.69 | cpu  19579394 3374936 8700945 995547300 1123291 0 485547 0 0 0
1791350456 2910, 13801, 67, 0x0000000000000000 | 1.15 0.98 0.69 | cpu  19579501 3374936 8700957 995549698 1123291 0 485547 0 0 0
1791350457 2902, 13801, 67, 0x0000000000000004 | 1.15 0.98 0.69 | cpu  19579608 3374936 8700975 995552093 1123291 0 485548 0 0 0
1791350458 2895, 13801, 69, 0x0000000000000004 | 1.15 0.98 0.69 | cpu  19579722 3374936 8701005 995554473 1123291 0 485548 0 0 0
1791350459 2895, 13801, 69, 0x0000000000000000 | 1.15 0.98 0.69 | cpu  19579838 3374936 8701047 995556857 1123291 0 485548 0 0 0
1791350460 2895, 13801, 68, 0x0000000000000004 | 1.15 0.98 0.69 | cpu  19579944 3374936 8701064 995559264 1123291 0 485549 0 0 0
1791350461 2910, 13801, 62, 0x0000000000000000 | 1.14 0.98 0.69 | cpu  19580059 3374936 8701079 995561646 1123291 0 485549 0 0 0
1791350462 2902, 13801, 68, 0x0000000000000004 | 1.14 0.98 0.69 | cpu  19580163 3374936 8701098 995564042 1123292 0 485550 0 0 0
1791350463 2895, 13801, 69, 0x0000000000000004 | 1.14 0.98 0.69 | cpu  19580283 3374936 8701188 995566350 1123292 0 485550 0 0 0
1791350464 2902, 13801, 69, 0x0000000000000004 | 1.14 0.98 0.69 | cpu  19580388 3374936 8701204 995568752 1123292 0 485551 0 0 0
1791350465 2895, 13801, 70, 0x0000000000000004 | 1.14 0.98 0.69 | cpu  19580495 3374936 8701215 995571148 1123292 0 485551 0 0 0
1791350466 2887, 13801, 68, 0x0000000000000000 | 1.29 1.01 0.70 | cpu  19580602 3374936 8701232 995573555 1123293 0 485552 0 0 0
1791350467 2895, 13801, 70, 0x0000000000000004 | 1.29 1.01 0.70 | cpu  19580708 3374936 8701246 995575954 1123294 0 485553 0 0 0
1791350468 2910, 13801, 68, 0x0000000000000000 | 1.29 1.01 0.70 | cpu  19580815 3374936 8701259 995578357 1123294 0 485553 0 0 0
1791350469 2895, 13801, 67, 0x0000000000000004 | 1.29 1.01 0.70 | cpu  19580924 3374936 8701275 995580756 1123294 0 485554 0 0 0
1791350470 2910, 13801, 68, 0x0000000000000000 | 1.29 1.01 0.70 | cpu  19581031 3374936 8701288 995583153 1123294 0 485554 0 0 0
1791350471 2902, 13801, 67, 0x0000000000000004 | 1.27 1.01 0.70 | cpu  19581139 3374936 8701306 995585553 1123296 0 485554 0 0 0
1791350472 2895, 13801, 68, 0x0000000000000004 | 1.27 1.01 0.70 | cpu  19581253 3374936 8701321 995587938 1123296 0 485554 0 0 0
1791350473 2932, 13801, 66, 0x0000000000000000 | 1.27 1.01 0.70 | cpu  19581362 3374936 8701340 995590330 1123296 0 485555 0 0 0
1791350474 2895, 13801, 69, 0x0000000000000004 | 1.27 1.01 0.70 | cpu  19581482 3374936 8701397 995592674 1123296 0 485556 0 0 0
1791350475 2895, 13801, 69, 0x0000000000000004 | 1.32 1.03 0.71 | cpu  19581592 3374936 8701409 995595078 1123296 0 485556 0 0 0
1791350477 2895, 13801, 69, 0x0000000000000004 | 1.32 1.03 0.71 | cpu  19581698 3374936 8701423 995597478 1123297 0 485556 0 0 0
1791350478 2910, 13801, 68, 0x0000000000000000 | 1.32 1.03 0.71 | cpu  19581804 3374936 8701436 995599869 1123298 0 485557 0 0 0
1791350479 2895, 13801, 69, 0x0000000000000004 | 1.32 1.03 0.71 | cpu  19581910 3374936 8701451 995602267 1123298 0 485558 0 0 0
1791350480 2902, 13801, 68, 0x0000000000000000 | 1.32 1.03 0.71 | cpu  19582017 3374936 8701462 995604664 1123298 0 485559 0 0 0
1791350481 2902, 13801, 65, 0x0000000000000000 | 1.30 1.03 0.71 | cpu  19582120 3374936 8701479 995607062 1123298 0 485559 0 0 0
1791350482 2895, 13801, 70, 0x0000000000000004 | 1.30 1.03 0.71 | cpu  19582227 3374936 8701504 995609446 1123298 0 485559 0 0 0
1791350483 2910, 13801, 69, 0x0000000000000000 | 1.30 1.03 0.71 | cpu  19582334 3374936 8701522 995611883 1123298 0 485559 0 0 0
1791350484 2902, 13801, 67, 0x0000000000000004 | 1.30 1.03 0.71 | cpu  19582443 3374936 8701540 995614284 1123298 0 485560 0 0 0
1791350485 2917, 13801, 62, 0x0000000000000000 | 1.30 1.03 0.71 | cpu  19582550 3374936 8701550 995616674 1123298 0 485560 0 0 0
1791350486 2895, 13801, 65, 0x0000000000000000 | 1.35 1.04 0.72 | cpu  19582652 3374936 8701569 995619071 1123298 0 485560 0 0 0
1791350487 2902, 13801, 68, 0x0000000000000000 | 1.35 1.04 0.72 | cpu  19582760 3374936 8701582 995621470 1123299 0 485560 0 0 0
1791350488 2902, 13801, 65, 0x0000000000000000 | 1.35 1.04 0.72 | cpu  19582863 3374936 8701597 995623865 1123299 0 485560 0 0 0
1791350489 2895, 13801, 68, 0x0000000000000004 | 1.35 1.04 0.72 | cpu  19582971 3374936 8701611 995626273 1123299 0 485560 0 0 0
1791350490 2910, 13801, 69, 0x0000000000000000 | 1.35 1.04 0.72 | cpu  19583080 3374936 8701625 995628670 1123299 0 485561 0 0 0
1791350491 2887, 13801, 68, 0x0000000000000004 | 1.33 1.04 0.72 | cpu  19583192 3374936 8701648 995631057 1123299 0 485561 0 0 0
1791350492 2910, 13801, 69, 0x0000000000000000 | 1.33 1.04 0.72 | cpu  19583299 3374936 8701659 995633460 1123300 0 485561 0 0 0
1791350493 2910, 13801, 69, 0x0000000000000004 | 1.33 1.04 0.72 | cpu  19583402 3374936 8701678 995635864 1123301 0 485561 0 0 0
1791350494 2895, 13801, 70, 0x0000000000000004 | 1.33 1.04 0.72 | cpu  19583510 3374936 8701693 995638255 1123301 0 485561 0 0 0
1791350495 2895, 13801, 68, 0x0000000000000000 | 1.33 1.04 0.72 | cpu  19583618 3374936 8701709 995640659 1123301 0 485561 0 0 0
1791350497 2895, 13801, 68, 0x0000000000000000 | 1.38 1.06 0.73 | cpu  19583728 3374936 8701724 995643051 1123301 0 485561 0 0 0
1791350498 2902, 13801, 69, 0x0000000000000004 | 1.38 1.06 0.73 | cpu  19583835 3374936 8701734 995645444 1123301 0 485563 0 0 0
1791350499 2895, 13801, 70, 0x0000000000000004 | 1.38 1.06 0.73 | cpu  19583939 3374936 8701750 995647846 1123301 0 485563 0 0 0
1791350500 2910, 13801, 68, 0x0000000000000000 | 1.38 1.06 0.73 | cpu  19584047 3374936 8701762 995650242 1123302 0 485563 0 0 0
1791350501 2887, 13801, 70, 0x0000000000000004 | 1.35 1.06 0.73 | cpu  19584152 3374936 8701775 995652641 1123302 0 485564 0 0 0
1791350502 2902, 13801, 69, 0x0000000000000000 | 1.35 1.06 0.73 | cpu  19584259 3374936 8701787 995655040 1123302 0 485566 0 0 0
1791350503 2902, 13801, 67, 0x0000000000000000 | 1.35 1.06 0.73 | cpu  19584364 3374936 8701805 995657451 1123302 0 485567 0 0 0
1791350504 2895, 13801, 70, 0x0000000000000004 | 1.35 1.06 0.73 | cpu  19584469 3374936 8701819 995659851 1123302 0 485569 0 0 0
1791350505 2910, 13801, 70, 0x0000000000000000 | 1.35 1.06 0.73 | cpu  19584577 3374936 8701835 995662255 1123304 0 485569 0 0 0
1791350506 2895, 13801, 69, 0x0000000000000004 | 1.40 1.07 0.74 | cpu  19584706 3374936 8701895 995664585 1123304 0 485569 0 0 0
1791350507 2895, 13801, 69, 0x0000000000000004 | 1.40 1.07 0.74 | cpu  19584814 3374936 8701911 995666973 1123304 0 485569 0 0 0
1791350508 2895, 13801, 68, 0x0000000000000004 | 1.40 1.07 0.74 | cpu  19584921 3374936 8701926 995669378 1123304 0 485569 0 0 0
1791350509 2910, 13801, 69, 0x0000000000000000 | 1.40 1.07 0.74 | cpu  19585028 3374936 8701937 995671779 1123304 0 485570 0 0 0
1791350510 2895, 13801, 69, 0x0000000000000004 | 1.40 1.07 0.74 | cpu  19585134 3374936 8701952 995674172 1123307 0 485570 0 0 0
1791350511 2902, 13801, 68, 0x0000000000000000 | 1.37 1.07 0.74 | cpu  19585241 3374936 8701963 995676574 1123307 0 485570 0 0 0
1791350512 2887, 13801, 68, 0x0000000000000004 | 1.37 1.07 0.74 | cpu  19585346 3374936 8701978 995678972 1123307 0 485570 0 0 0
1791350513 2895, 13801, 68, 0x0000000000000004 | 1.37 1.07 0.74 | cpu  19585453 3374936 8701991 995681379 1123307 0 485571 0 0 0
1791350514 2910, 13801, 69, 0x0000000000000000 | 1.37 1.07 0.74 | cpu  19585558 3374936 8702017 995683772 1123307 0 485571 0 0 0
1791350515 2895, 13801, 69, 0x0000000000000004 | 1.37 1.07 0.74 | cpu  19585662 3374936 8702033 995686167 1123307 0 485571 0 0 0
1791350516 2902, 13801, 70, 0x0000000000000000 | 1.34 1.07 0.74 | cpu  19585770 3374936 8702045 995688557 1123308 0 485571 0 0 0
1791350518 2895, 13801, 69, 0x0000000000000004 | 1.34 1.07 0.74 | cpu  19585872 3374936 8702061 995690954 1123309 0 485571 0 0 0
1791350519 2910, 13801, 69, 0x0000000000000000 | 1.34 1.07 0.74 | cpu  19585985 3374936 8702076 995693343 1123309 0 485572 0 0 0
1791350520 2902, 13801, 69, 0x0000000000000004 | 1.34 1.07 0.74 | cpu  19586094 3374936 8702095 995695734 1123310 0 485572 0 0 0
1791350521 2895, 13801, 70, 0x0000000000000004 | 1.31 1.07 0.74 | cpu  19586206 3374936 8702111 995698137 1123310 0 485572 0 0 0
1791350522 2887, 13801, 71, 0x0000000000000004 | 1.31 1.07 0.74 | cpu  19586328 3374936 8702165 995700482 1123310 0 485572 0 0 0
1791350523 2895, 13801, 70, 0x0000000000000004 | 1.31 1.07 0.74 | cpu  19586434 3374936 8702186 995702872 1123311 0 485572 0 0 0
1791350524 2917, 13801, 69, 0x0000000000000000 | 1.31 1.07 0.74 | cpu  19586542 3374936 8702198 995705275 1123311 0 485574 0 0 0
1791350525 2902, 13801, 70, 0x0000000000000004 | 1.31 1.07 0.74 | cpu  19586649 3374936 8702216 995707681 1123311 0 485574 0 0 0
1791350526 2887, 13801, 70, 0x0000000000000000 | 1.29 1.07 0.75 | cpu  19586757 3374936 8702231 995710077 1123313 0 485575 0 0 0
1791350527 2895, 13801, 70, 0x0000000000000004 | 1.29 1.07 0.75 | cpu  19586876 3374936 8702307 995712409 1123313 0 485575 0 0 0
1791350528 2895, 13801, 69, 0x0000000000000000 | 1.29 1.07 0.75 | cpu  19586986 3374936 8702330 995714804 1123313 0 485575 0 0 0
1791350529 2895, 13801, 66, 0x0000000000000004 | 1.29 1.07 0.75 | cpu  19587090 3374936 8702344 995717197 1123313 0 485576 0 0 0
1791350530 2887, 13801, 69, 0x0000000000000004 | 1.29 1.07 0.75 | cpu  19587200 3374936 8702359 995719586 1123313 0 485576 0 0 0
1791350531 2910, 13801, 71, 0x0000000000000000 | 1.26 1.06 0.75 | cpu  19587307 3374936 8702371 995721988 1123313 0 485577 0 0 0
1791350532 2895, 13801, 71, 0x0000000000000004 | 1.26 1.06 0.75 | cpu  19587408 3374936 8702388 995724385 1123314 0 485577 0 0 0
1791350533 2910, 13801, 69, 0x0000000000000000 | 1.26 1.06 0.75 | cpu  19587517 3374936 8702402 995726790 1123314 0 485578 0 0 0
1791350534 2902, 13801, 70, 0x0000000000000004 | 1.26 1.06 0.75 | cpu  19587622 3374936 8702416 995729186 1123314 0 485579 0 0 0
1791350535 2887, 13801, 68, 0x0000000000000004 | 1.26 1.06 0.75 | cpu  19587729 3374936 8702427 995731588 1123314 0 485579 0 0 0
1791350536 2902, 13801, 69, 0x0000000000000000 | 1.24 1.06 0.75 | cpu  19587835 3374936 8702443 995733987 1123314 0 485579 0 0 0
1791350538 2895, 13801, 70, 0x0000000000000004 | 1.24 1.06 0.75 | cpu  19587942 3374936 8702456 995736387 1123317 0 485579 0 0 0
1791350539 2895, 13801, 71, 0x0000000000000004 | 1.24 1.06 0.75 | cpu  19588050 3374936 8702468 995738783 1123317 0 485579 0 0 0
1791350540 2887, 13801, 69, 0x0000000000000004 | 1.24 1.06 0.75 | cpu  19588154 3374936 8702483 995741180 1123317 0 485580 0 0 0
1791350541 2910, 13801, 69, 0x0000000000000000 | 1.30 1.08 0.75 | cpu  19588265 3374936 8702498 995743571 1123317 0 485581 0 0 0
1791350542 2895, 13801, 71, 0x0000000000000004 | 1.30 1.08 0.75 | cpu  19588375 3374936 8702517 995745960 1123319 0 485581 0 0 0
1791350543 2902, 13801, 68, 0x0000000000000000 | 1.30 1.08 0.75 | cpu  19588482 3374936 8702529 995748357 1123319 0 485581 0 0 0
1791350544 2902, 13801, 70, 0x0000000000000000 | 1.30 1.08 0.75 | cpu  19588591 3374936 8702546 995750757 1123319 0 485581 0 0 0
1791350545 2887, 13801, 69, 0x0000000000000004 | 1.30 1.08 0.75 | cpu  19588697 3374936 8702559 995753149 1123319 0 485581 0 0 0
1791350546 2895, 13801, 69, 0x0000000000000004 | 1.28 1.08 0.76 | cpu  19588803 3374936 8702573 995755548 1123319 0 485582 0 0 0
1791350547 2887, 13801, 69, 0x0000000000000000 | 1.28 1.08 0.76 | cpu  19588910 3374936 8702599 995757926 1123319 0 485582 0 0 0
1791350548 2902, 13801, 68, 0x0000000000000000 | 1.28 1.08 0.76 | cpu  19589017 3374936 8702610 995760325 1123319 0 485583 0 0 0
1791350549 2895, 13801, 69, 0x0000000000000004 | 1.28 1.08 0.76 | cpu  19589120 3374936 8702624 995762717 1123319 0 485583 0 0 0
1791350550 2910, 13801, 69, 0x0000000000000000 | 1.28 1.08 0.76 | cpu  19589227 3374936 8702637 995765113 1123321 0 485585 0 0 0
1791350551 2895, 13801, 70, 0x0000000000000004 | 1.34 1.09 0.76 | cpu  19589333 3374936 8702655 995767504 1123321 0 485586 0 0 0
1791350552 2895, 13801, 68, 0x0000000000000004 | 1.34 1.09 0.76 | cpu  19589443 3374936 8702669 995769898 1123321 0 485586 0 0 0
1791350553 2887, 13801, 68, 0x0000000000000004 | 1.34 1.09 0.76 | cpu  19589550 3374936 8702682 995772305 1123321 0 485587 0 0 0
1791350554 2895, 13801, 69, 0x0000000000000004 | 1.34 1.09 0.76 | cpu  19589657 3374936 8702694 995774711 1123321 0 485589 0 0 0
1791350555 2910, 13801, 70, 0x0000000000000004 | 1.34 1.09 0.76 | cpu  19589764 3374936 8702710 995777134 1123321 0 485590 0 0 0
1791350556 2895, 13801, 69, 0x0000000000000004 | 1.31 1.09 0.76 | cpu  19589872 3374936 8702723 995779543 1123322 0 485590 0 0 0
1791350557 2925, 13801, 62, 0x0000000000000000 | 1.31 1.09 0.76 | cpu  19589980 3374936 8702734 995781938 1123323 0 485590 0 0 0
1791350559 2902, 13801, 67, 0x0000000000000000 | 1.31 1.09 0.76 | cpu  19590083 3374936 8702750 995784341 1123323 0 485590 0 0 0
1791350560 2902, 13801, 68, 0x0000000000000000 | 1.31 1.09 0.76 | cpu  19590190 3374936 8702764 995786733 1123323 0 485591 0 0 0
1791350561 2902, 13801, 71, 0x0000000000000000 | 1.28 1.09 0.77 | cpu  19590297 3374936 8702779 995789144 1123323 0 485592 0 0 0
1791350562 2887, 13801, 69, 0x0000000000000004 | 1.28 1.09 0.77 | cpu  19590405 3374936 8702790 995791544 1123323 0 485593 0 0 0
1791350563 2895, 13801, 69, 0x0000000000000004 | 1.28 1.09 0.77 | cpu  19590688 3374936 8702826 995793744 1123325 0 485595 0 0 0
1791350564 2895, 13801, 71, 0x0000000000000000 | 1.28 1.09 0.77 | cpu  19590862 3374936 8702860 995796044 1123325 0 485595 0 0 0
1791350565 2910, 13801, 69, 0x0000000000000000 | 1.28 1.09 0.77 | cpu  19590970 3374936 8702874 995798449 1123325 0 485596 0 0 0
1791350566 2895, 13801, 69, 0x0000000000000004 | 1.26 1.09 0.77 | cpu  19591076 3374936 8702889 995800851 1123325 0 485596 0 0 0
1791350567 2902, 13801, 69, 0x0000000000000000 | 1.26 1.09 0.77 | cpu  19591183 3374936 8702902 995803249 1123325 0 485597 0 0 0
1791350568 2902, 13801, 69, 0x0000000000000004 | 1.26 1.09 0.77 | cpu  19591290 3374936 8702926 995805628 1123327 0 485598 0 0 0
1791350569 2910, 13801, 70, 0x0000000000000000 | 1.26 1.09 0.77 | cpu  19591399 3374936 8702941 995808025 1123327 0 485598 0 0 0
1791350570 2902, 13801, 70, 0x0000000000000004 | 1.26 1.09 0.77 | cpu  19591504 3374936 8702956 995810424 1123327 0 485600 0 0 0
1791350571 2887, 13801, 72, 0x0000000000000004 | 1.24 1.09 0.77 | cpu  19591610 3374936 8702968 995812803 1123327 0 485600 0 0 0
1791350572 2902, 13801, 71, 0x0000000000000004 | 1.24 1.09 0.77 | cpu  19591717 3374936 8702986 995815249 1123327 0 485601 0 0 0
1791350573 2887, 13801, 69, 0x0000000000000004 | 1.24 1.09 0.77 | cpu  19591826 3374936 8703000 995817650 1123329 0 485601 0 0 0
1791350574 2910, 13801, 70, 0x0000000000000000 | 1.24 1.09 0.77 | cpu  19591934 3374936 8703011 995820052 1123329 0 485602 0 0 0
1791350575 2895, 13801, 71, 0x0000000000000004 | 1.24 1.09 0.77 | cpu  19592042 3374936 8703029 995822443 1123329 0 485602 0 0 0
1791350576 2895, 13801, 69, 0x0000000000000000 | 1.22 1.08 0.77 | cpu  19592148 3374936 8703042 995824835 1123329 0 485603 0 0 0
1791350577 2895, 13801, 67, 0x0000000000000000 | 1.22 1.08 0.77 | cpu  19592253 3374936 8703057 995827233 1123329 0 485603 0 0 0
1791350579 2910, 13801, 69, 0x0000000000000000 | 1.22 1.08 0.77 | cpu  19592360 3374936 8703083 995829611 1123330 0 485604 0 0 0
1791350580 2902, 13801, 69, 0x0000000000000000 | 1.22 1.08 0.77 | cpu  19592466 3374936 8703097 995832009 1123330 0 485604 0 0 0
1791350581 2895, 13801, 70, 0x0000000000000004 | 1.28 1.10 0.78 | cpu  19592576 3374936 8703111 995834403 1123330 0 485605 0 0 0
1791350582 2895, 13801, 71, 0x0000000000000004 | 1.28 1.10 0.78 | cpu  19592685 3374936 8703130 995836854 1123330 0 485606 0 0 0
1791350583 2895, 13801, 71, 0x0000000000000004 | 1.28 1.10 0.78 | cpu  19592792 3374936 8703141 995839254 1123330 0 485608 0 0 0
1791350584 2910, 13801, 70, 0x0000000000000000 | 1.28 1.10 0.78 | cpu  19592899 3374936 8703153 995841654 1123330 0 485609 0 0 0
1791350585 2895, 13801, 69, 0x0000000000000004 | 1.28 1.10 0.78 | cpu  19593008 3374936 8703171 995844041 1123330 0 485610 0 0 0
1791350586 2887, 13801, 68, 0x0000000000000000 | 1.34 1.12 0.78 | cpu  19593130 3374936 8703232 995846367 1123330 0 485611 0 0 0
1791350587 2887, 13801, 71, 0x0000000000000004 | 1.34 1.12 0.78 | cpu  19593238 3374936 8703250 995848761 1123332 0 485612 0 0 0
1791350588 2895, 13801, 69, 0x0000000000000000 | 1.34 1.12 0.78 | cpu  19593347 3374936 8703263 995851164 1123333 0 485613 0 0 0
1791350589 2895, 13801, 66, 0x0000000000000004 | 1.34 1.12 0.78 | cpu  19593452 3374936 8703279 995853560 1123333 0 485615 0 0 0
1791350590 2887, 13801, 72, 0x0000000000000004 | 1.34 1.12 0.78 | cpu  19593561 3374936 8703292 995855961 1123333 0 485615 0 0 0
1791350591 2902, 13801, 69, 0x0000000000000004 | 1.31 1.11 0.79 | cpu  19593677 3374936 8703352 995858314 1123333 0 485617 0 0 0
1791350592 2895, 13801, 71, 0x0000000000000004 | 1.31 1.11 0.79 | cpu  19593786 3374936 8703396 995860686 1123335 0 485618 0 0 0
1791350593 2910, 13801, 69, 0x0000000000000000 | 1.31 1.11 0.79 | cpu  19593892 3374936 8703410 995863083 1123335 0 485618 0 0 0
1791350594 2887, 13801, 71, 0x0000000000000004 | 1.31 1.11 0.79 | cpu  19594000 3374936 8703427 995865481 1123335 0 485618 0 0 0
1791350595 2895, 13801, 69, 0x0000000000000000 | 1.31 1.11 0.79 | cpu  19594107 3374936 8703438 995867882 1123335 0 485618 0 0 0
1791350596 2895, 13801, 71, 0x0000000000000004 | 1.29 1.11 0.79 | cpu  19594215 3374936 8703456 995870290 1123335 0 485619 0 0 0
1791350597 2895, 13801, 70, 0x0000000000000004 | 1.29 1.11 0.79 | cpu  19594319 3374936 8703471 995872692 1123335 0 485620 0 0 0
1791350598 2887, 13801, 69, 0x0000000000000004 | 1.29 1.11 0.79 | cpu  19594428 3374936 8703486 995875083 1123336 0 485621 0 0 0
1791350600 2887, 13801, 71, 0x0000000000000004 | 1.29 1.11 0.79 | cpu  19594533 3374936 8703502 995877482 1123336 0 485621 0 0 0
1791350601 2910, 13801, 69, 0x0000000000000000 | 1.26 1.11 0.79 | cpu  19594642 3374936 8703516 995879874 1123336 0 485621 0 0 0
1791350602 2887, 13801, 70, 0x0000000000000000 | 1.26 1.11 0.79 | cpu  19594762 3374936 8703576 995882211 1123336 0 485622 0 0 0
1791350603 2902, 13801, 70, 0x0000000000000000 | 1.26 1.11 0.79 | cpu  19594869 3374936 8703589 995884606 1123336 0 485622 0 0 0
1791350604 2902, 13801, 70, 0x0000000000000004 | 1.26 1.11 0.79 | cpu  19594976 3374936 8703605 995887011 1123336 0 485622 0 0 0
1791350605 2887, 13801, 71, 0x0000000000000004 | 1.26 1.11 0.79 | cpu  19595083 3374936 8703618 995889412 1123337 0 485622 0 0 0
1791350606 2895, 13801, 70, 0x0000000000000000 | 1.24 1.11 0.79 | cpu  19595188 3374936 8703633 995891810 1123338 0 485622 0 0 0
1791350607 2887, 13801, 71, 0x0000000000000004 | 1.24 1.11 0.79 | cpu  19595296 3374936 8703648 995894217 1123338 0 485623 0 0 0
1791350608 2917, 13801, 69, 0x0000000000000000 | 1.24 1.11 0.79 | cpu  19595402 3374936 8703659 995896612 1123338 0 485624 0 0 0
1791350609 2887, 13801, 70, 0x0000000000000004 | 1.24 1.11 0.79 | cpu  19595507 3374936 8703674 995899022 1123338 0 485624 0 0 0
1791350610 2910, 13801, 70, 0x0000000000000000 | 1.24 1.11 0.79 | cpu  19595620 3374936 8703687 995901416 1123339 0 485624 0 0 0
1791350611 2895, 13801, 70, 0x0000000000000004 | 1.30 1.12 0.80 | cpu  19595730 3374936 8703717 995903799 1123339 0 485625 0 0 0
1791350612 2895, 13801, 70, 0x0000000000000000 | 1.30 1.12 0.80 | cpu  19595837 3374936 8703731 995906201 1123339 0 485626 0 0 0
1791350613 2895, 13801, 67, 0x0000000000000000 | 1.30 1.12 0.80 | cpu  19595942 3374936 8703747 995908596 1123339 0 485627 0 0 0
1791350614 2887, 13801, 72, 0x0000000000000004 | 1.30 1.12 0.80 | cpu  19596049 3374936 8703759 995911000 1123339 0 485628 0 0 0
1791350615 2910, 13801, 71, 0x0000000000000004 | 1.30 1.12 0.80 | cpu  19596156 3374936 8703777 995913434 1123341 0 485629 0 0 0
1791350616 2887, 13801, 71, 0x0000000000000004 | 1.28 1.12 0.80 | cpu  19596264 3374936 8703791 995915843 1123341 0 485630 0 0 0
1791350617 2910, 13801, 69, 0x0000000000000000 | 1.28 1.12 0.80 | cpu  19596371 3374936 8703805 995918243 1123341 0 485630 0 0 0
1791350618 2895, 13801, 72, 0x0000000000000004 | 1.28 1.12 0.80 | cpu  19596478 3374936 8703822 995920658 1123341 0 485630 0 0 0
1791350620 2910, 13801, 70, 0x0000000000000000 | 1.28 1.12 0.80 | cpu  19596585 3374936 8703834 995923055 1123341 0 485631 0 0 0
1791350621 2902, 13801, 69, 0x0000000000000004 | 1.34 1.13 0.81 | cpu  19596691 3374936 8703852 995925452 1123343 0 485632 0 0 0
1791350622 2887, 13801, 69, 0x0000000000000004 | 1.34 1.13 0.81 | cpu  19596801 3374936 8703868 995927844 1123343 0 485632 0 0 0
1791350623 2895, 13801, 70, 0x0000000000000004 | 1.34 1.13 0.81 | cpu  19596907 3374936 8703882 995930260 1123344 0 485632 0 0 0
1791350624 2895, 13801, 70, 0x0000000000000004 | 1.34 1.13 0.81 | cpu  19597014 3374936 8703894 995932652 1123344 0 485633 0 0 0
1791350625 2910, 13801, 69, 0x0000000000000000 | 1.34 1.13 0.81 | cpu  19597121 3374936 8703905 995935044 1123344 0 485633 0 0 0
1791350626 2887, 13801, 70, 0x0000000000000000 | 1.31 1.13 0.81 | cpu  19597223 3374936 8703926 995937445 1123345 0 485633 0 0 0
1791350627 2887, 13801, 69, 0x0000000000000000 | 1.31 1.13 0.81 | cpu  19597330 3374936 8703937 995939842 1123345 0 485633 0 0 0
1791350628 2887, 13801, 71, 0x0000000000000004 | 1.31 1.13 0.81 | cpu  19597440 3374936 8703956 995942239 1123345 0 485635 0 0 0
1791350629 2902, 13801, 69, 0x0000000000000000 | 1.31 1.13 0.81 | cpu  19597547 3374936 8703969 995944634 1123345 0 485636 0 0 0
1791350630 2902, 13801, 66, 0x0000000000000004 | 1.31 1.13 0.81 | cpu  19597652 3374936 8703984 995947039 1123345 0 485636 0 0 0
1791350631 2887, 13801, 71, 0x0000000000000004 | 1.29 1.13 0.81 | cpu  19597759 3374936 8703995 995949436 1123345 0 485636 0 0 0
1791350632 2910, 13801, 69, 0x0000000000000000 | 1.29 1.13 0.81 | cpu  19597868 3374936 8704008 995951836 1123345 0 485636 0 0 0
1791350633 2895, 13801, 71, 0x0000000000000004 | 1.29 1.13 0.81 | cpu  19597984 3374936 8704043 995954212 1123347 0 485636 0 0 0
1791350634 2910, 13801, 70, 0x0000000000000000 | 1.29 1.13 0.81 | cpu  19598099 3374936 8704089 995956568 1123347 0 485636 0 0 0
1791350635 2910, 13801, 70, 0x0000000000000000 | 1.29 1.13 0.81 | cpu  19598206 3374936 8704102 995958975 1123347 0 485637 0 0 0
1791350636 2910, 13801, 70, 0x0000000000000000 | 1.34 1.14 0.81 | cpu  19598312 3374936 8704114 995961374 1123347 0 485637 0 0 0
1791350637 2910, 13801, 70, 0x0000000000000000 | 1.34 1.14 0.81 | cpu  19598420 3374936 8704127 995963771 1123348 0 485637 0 0 0
1791350638 2910, 13801, 69, 0x0000000000000004 | 1.34 1.14 0.81 | cpu  19598528 3374936 8704139 995966178 1123348 0 485637 0 0 0
1791350640 2910, 13801, 64, 0x0000000000000000 | 1.34 1.14 0.81 | cpu  19598622 3374936 8704153 995968577 1123349 0 485637 0 0 0
1791350641 2947, 13801, 60, 0x0000000000000000 | 1.32 1.14 0.82 | cpu  19598675 3374936 8704211 995970967 1123349 0 485637 0 0 0
1791350642 2550, 13801, 59, 0x0000000000000000 | 1.32 1.14 0.82 | cpu  19598727 3374936 8704273 995973359 1123349 0 485637 0 0 0
1791350643 2505, 13801, 59, 0x0000000000000000 | 1.32 1.14 0.82 | cpu  19598781 3374936 8704330 995975751 1123349 0 485637 0 0 0
1791350644 2505, 13801, 58, 0x0000000000000000 | 1.32 1.14 0.82 | cpu  19598837 3374936 8704404 995978126 1123349 0 485638 0 0 0
1791350645 2505, 13801, 58, 0x0000000000000000 | 1.32 1.14 0.82 | cpu  19598897 3374936 8704463 995980511 1123350 0 485638 0 0 0
1791350646 2505, 13801, 58, 0x0000000000000000 | 1.29 1.14 0.82 | cpu  19598956 3374936 8704523 995982884 1123351 0 485638 0 0 0
1791350647 2505, 13801, 57, 0x0000000000000000 | 1.29 1.14 0.82 | cpu  19599008 3374936 8704581 995985268 1123352 0 485638 0 0 0
1791350648 2505, 13801, 57, 0x0000000000000000 | 1.29 1.14 0.82 | cpu  19599057 3374936 8704643 995987669 1123352 0 485638 0 0 0
1791350649 2505, 13801, 57, 0x0000000000000000 | 1.29 1.14 0.82 | cpu  19599114 3374936 8704702 995990056 1123352 0 485638 0 0 0
1791350650 2505, 13801, 56, 0x0000000000000000 | 1.29 1.14 0.82 | cpu  19599183 3374936 8704807 995992378 1123352 0 485638 0 0 0
1791350651 2505, 13801, 56, 0x0000000000000000 | 1.27 1.14 0.82 | cpu  19599233 3374936 8704867 995994775 1123353 0 485638 0 0 0
1791350652 2505, 13801, 56, 0x0000000000000000 | 1.27 1.14 0.82 | cpu  19599287 3374936 8704923 995997161 1123353 0 485638 0 0 0
1791350653 2505, 13801, 55, 0x0000000000000000 | 1.27 1.14 0.82 | cpu  19599340 3374936 8704982 995999542 1123354 0 485638 0 0 0
1791350654 2505, 13801, 55, 0x0000000000000000 | 1.27 1.14 0.82 | cpu  19599393 3374936 8705041 996001935 1123354 0 485638 0 0 0
1791350655 2505, 13801, 55, 0x0000000000000000 | 1.27 1.14 0.82 | cpu  19599453 3374936 8705115 996004304 1123354 0 485638 0 0 0
1791350656 2505, 13801, 54, 0x0000000000000000 | 1.41 1.17 0.83 | cpu  19599518 3374936 8705236 996006620 1123355 0 485638 0 0 0
1791350657 2505, 13801, 54, 0x0000000000000000 | 1.41 1.17 0.83 | cpu  19599570 3374936 8705295 996009008 1123355 0 485638 0 0 0
1791350658 2505, 13801, 54, 0x0000000000000000 | 1.41 1.17 0.83 | cpu  19599621 3374936 8705354 996011395 1123355 0 485638 0 0 0
1791350659 2527, 13801, 54, 0x0000000000000000 | 1.41 1.17 0.83 | cpu  19599678 3374936 8705407 996013789 1123357 0 485638 0 0 0
1791350660 2505, 13801, 53, 0x0000000000000000 | 1.41 1.17 0.83 | cpu  19599724 3374936 8705552 996016103 1123357 0 485641 0 0 0
1791350661 2505, 13801, 53, 0x0000000000000000 | 1.37 1.17 0.83 | cpu  19599774 3374936 8705648 996018456 1123357 0 485642 0 0 0
1791350662 2505, 13801, 53, 0x0000000000000000 | 1.37 1.17 0.83 | cpu  19599848 3374936 8705736 996020799 1123361 0 485643 0 0 0
