1791474276 2400, 14001, 42, 0x0000000000000000 | 6.67 7.64 7.06 | cpu  2589300 760 1080207 196952514 14166 0 87865 0 0 0
1791474277 382, 7001, 41, 0x0000000000000000 | 6.67 7.64 7.06 | cpu  2590356 760 1080513 196961584 14166 0 87872 0 0 0
1791474279 187, 7001, 41, 0x0000000000000000 | 6.86 7.67 7.07 | cpu  2591043 760 1080844 196971045 14169 0 87886 0 0 0
1791474280 180, 7001, 41, 0x0000000000000000 | 6.86 7.67 7.07 | cpu  2591831 761 1081155 196980606 14170 0 87914 0 0 0
1791474281 180, 810, 41, 0x0000000000000000 | 6.86 7.67 7.07 | cpu  2592628 761 1081468 196990820 14170 0 87931 0 0 0
1791474282 180, 405, 41, 0x0000000000000000 | 6.86 7.67 7.07 | cpu  2593286 761 1081699 197000445 14170 0 87946 0 0 0
1791474283 180, 405, 41, 0x0000000000000000 | 7.03 7.69 7.08 | cpu  2594066 761 1081916 197010010 14170 0 87956 0 0 0
1791474284 180, 405, 41, 0x0000000000000000 | 7.03 7.69 7.08 | cpu  2595149 761 1082120 197019207 14170 0 87969 0 0 0
1791474285 2400, 13801, 42, 0x0000000000000000 | 7.03 7.69 7.08 | cpu  2596006 761 1082354 197028557 14173 0 87978 0 0 0
1791474286 2430, 13801, 42, 0x0000000000000000 | 7.03 7.69 7.08 | cpu  2597007 761 1082752 197037484 14216 0 87994 0 0 0
1791474287 2475, 13801, 42, 0x0000000000000000 | 7.03 7.69 7.08 | cpu  2597518 761 1083128 197046967 14267 0 88015 0 0 0
1791474289 2475, 13801, 42, 0x0000000000000000 | 6.87 7.64 7.07 | cpu  2598078 761 1083445 197056456 14319 0 88037 0 0 0
1791474290 2475, 13801, 42, 0x0000000000000000 | 6.87 7.64 7.07 | cpu  2598625 761 1083656 197066133 14342 0 88058 0 0 0
1791474291 2400, 13801, 42, 0x0000000000000000 | 6.87 7.64 7.07 | cpu  2599604 761 1083897 197075387 14342 0 88068 0 0 0
1791474292 2422, 13801, 42, 0x0000000000000000 | 6.87 7.64 7.07 | cpu  2600564 761 1084163 197084510 14342 0 88089 0 0 0
1791474293 2482, 13801, 43, 0x0000000000000000 | 6.87 7.64 7.07 | cpu  2601489 761 1084460 197093671 14343 0 88106 0 0 0
1791474294 2445, 13801, 42, 0x0000000000000000 | 6.88 7.63 7.07 | cpu  2602366 761 1084715 197103018 14343 0 88116 0 0 0
1791474295 2482, 13801, 42, 0x0000000000000000 | 6.88 7.63 7.07 | cpu  2603122 761 1084966 197112455 14343 0 88129 0 0 0
1791474296 2460, 13801, 43, 0x0000000000000000 | 6.88 7.63 7.07 | cpu  2604154 761 1085189 197121629 14343 0 88143 0 0 0
1791474297 2482, 13801, 43, 0x0000000000000000 | 6.88 7.63 7.07 | cpu  2605060 761 1085415 197130943 14343 0 88163 0 0 0
1791474299 2430, 13801, 42, 0x0000000000000000 | 7.05 7.66 7.08 | cpu  2606102 761 1085658 197140109 14343 0 88171 0 0 0
1791474300 2400, 13801, 42, 0x0000000000000000 | 7.05 7.66 7.08 | cpu  2607059 761 1085869 197149313 14343 0 88184 0 0 0
1791474301 2452, 13801, 43, 0x0000000000000000 | 7.05 7.66 7.08 | cpu  2607957 761 1086098 197158667 14343 0 88203 0 0 0
1791474302 2400, 13801, 42, 0x0000000000000000 | 7.05 7.66 7.08 | cpu  2608808 761 1086423 197167874 14344 0 88224 0 0 0
1791474303 2512, 13801, 43, 0x0000000000000000 | 7.05 7.66 7.08 | cpu  2609496 761 1086728 197177327 14344 0 88234 0 0 0
1791474304 2400, 13801, 42, 0x0000000000000000 | 7.12 7.66 7.09 | cpu  2610243 761 1087247 197186249 14345 0 88243 0 0 0
1791474305 2400, 13801, 42, 0x0000000000000000 | 7.12 7.66 7.09 | cpu  2610943 761 1087775 197195450 14345 0 88262 0 0 0
1791474306 2422, 13801, 42, 0x0000000000000000 | 7.12 7.66 7.09 | cpu  2611648 761 1088088 197204829 14345 0 88276 0 0 0
1791474307 2415, 13801, 42, 0x0000000000000000 | 7.12 7.66 7.09 | cpu  2612252 761 1088409 197214301 14346 0 88284 0 0 0
1791474308 2415, 13801, 42, 0x0000000000000000 | 7.27 7.68 7.10 | cpu  2612964 761 1088717 197223731 14346 0 88288 0 0 0
1791474309 2415, 13801, 42, 0x0000000000000000 | 7.27 7.68 7.10 | cpu  2613631 761 1088991 197233238 14346 0 88289 0 0 0
1791474311 2415, 13801, 42, 0x0000000000000000 | 7.27 7.68 7.10 | cpu  2614327 761 1089399 197242546 14347 0 88290 0 0 0
1791474312 2415, 13801, 42, 0x0000000000000000 | 7.27 7.68 7.10 | cpu  2614875 761 1089746 197252047 14348 0 88290 0 0 0
1791474313 2415, 13801, 42, 0x0000000000000000 | 7.27 7.68 7.10 | cpu  2615524 761 1090023 197261564 14349 0 88292 0 0 0
1791474314 2400, 13801, 42, 0x0000000000000000 | 7.41 7.71 7.11 | cpu  2616258 761 1090271 197270963 14349 0 88293 0 0 0
1791474315 2400, 13801, 42, 0x0000000000000000 | 7.41 7.71 7.11 | cpu  2617004 761 1090516 197280398 14349 0 88293 0 0 0
1791474316 2400, 13801, 42, 0x0000000000000000 | 7.41 7.71 7.11 | cpu  2620292 761 1090810 197287760 14349 0 88294 0 0 0
1791474317 2400, 13801, 42, 0x0000000000000000 | 7.41 7.71 7.11 | cpu  2623515 761 1091058 197294924 14349 0 88295 0 0 0
1791474318 2400, 13801, 42, 0x0000000000000000 | 7.54 7.73 7.12 | cpu  2625966 761 1091305 197302604 14350 0 88296 0 0 0
1791474319 2400, 13801, 42, 0x0000000000000000 | 7.54 7.73 7.12 | cpu  2626595 761 1091614 197312095 14350 0 88296 0 0 0
1791474321 2400, 13801, 42, 0x0000000000000000 | 7.54 7.73 7.12 | cpu  2627260 761 1091920 197321585 14350 0 88296 0 0 0
1791474322 2400, 13801, 42, 0x0000000000000000 | 7.54 7.73 7.12 | cpu  2627886 761 1092244 197331126 14350 0 88296 0 0 0
1791474323 2400, 13801, 42, 0x0000000000000000 | 7.54 7.73 7.12 | cpu  2628500 761 1092758 197340404 14352 0 88298 0 0 0
1791474324 2400, 13801, 42, 0x0000000000000000 | 7.74 7.77 7.14 | cpu  2629167 761 1093152 197349785 14353 0 88299 0 0 0
1791474325 2400, 13801, 42, 0x0000000000000000 | 7.74 7.77 7.14 | cpu  2629806 761 1093458 197359080 14353 0 88299 0 0 0
1791474326 2400, 13801, 42, 0x0000000000000000 | 7.74 7.77 7.14 | cpu  2630319 761 1093772 197368654 14353 0 88300 0 0 0
1791474327 2400, 13801, 42, 0x0000000000000000 | 7.74 7.77 7.14 | cpu  2630932 761 1094117 197378193 14353 0 88302 0 0 0
1791474328 2400, 13801, 42, 0x0000000000000000 | 7.68 7.75 7.13 | cpu  2631631 761 1094503 197387606 14354 0 88304 0 0 0
1791474329 2400, 13801, 42, 0x0000000000000000 | 7.68 7.75 7.13 | cpu  2632279 761 1094849 197397112 14354 0 88304 0 0 0
1791474330 2400, 13801, 42, 0x0000000000000000 | 7.68 7.75 7.13 | cpu  2632902 761 1095154 197406662 14354 0 88304 0 0 0
1791474332 2400, 13801, 42, 0x0000000000000000 | 7.68 7.75 7.13 | cpu  2633463 761 1095461 197416164 14354 0 88304 0 0 0
1791474333 2400, 13801, 42, 0x0000000000000000 | 7.68 7.75 7.13 | cpu  2634005 761 1095781 197425730 14354 0 88305 0 0 0
1791474334 2400, 13801, 42, 0x0000000000000000 | 7.78 7.77 7.14 | cpu  2634661 761 1096074 197435274 14356 0 88306 0 0 0
1791474335 2400, 13801, 42, 0x0000000000000000 | 7.78 7.77 7.14 | cpu  2635324 761 1096379 197444767 14356 0 88306 0 0 0
1791474336 2400, 13801, 42, 0x0000000000000000 | 7.78 7.77 7.14 | cpu  2635834 761 1096713 197454344 14356 0 88307 0 0 0
1791474337 2400, 13801, 42, 0x0000000000000000 | 7.78 7.77 7.14 | cpu  2636807 761 1096999 197463565 14356 0 88308 0 0 0
1791474338 2400, 13801, 42, 0x0000000000000000 | 8.12 7.84 7.17 | cpu  2637503 761 1097307 197473009 14377 0 88310 0 0 0
1791474339 2400, 13801, 42, 0x0000000000000000 | 8.12 7.84 7.17 | cpu  2638165 761 1097741 197482270 14468 0 88311 0 0 0
1791474340 2400, 13801, 42, 0x0000000000000000 | 8.12 7.84 7.17 | cpu  2638867 761 1098094 197491642 14533 0 88312 0 0 0
1791474341 2400, 13801, 42, 0x0000000000000000 | 8.12 7.84 7.17 | cpu  2639543 762 1098585 197500784 14544 0 88314 0 0 0
1791474343 2400, 13801, 42, 0x0000000000000000 | 8.12 7.84 7.17 | cpu  2640252 762 1099089 197509931 14554 0 88316 0 0 0
1791474344 2400, 13801, 42, 0x0000000000000000 | 8.19 7.86 7.18 | cpu  2640934 762 1099458 197519379 14555 0 88319 0 0 0
1791474345 2400, 13801, 42, 0x0000000000000000 | 8.19 7.86 7.18 | cpu  2641692 762 1099827 197528733 14555 0 88321 0 0 0
1791474346 2400, 13801, 42, 0x0000000000000000 | 8.19 7.86 7.18 | cpu  2642426 762 1100148 197538047 14555 0 88322 0 0 0
1791474347 2400, 13801, 42, 0x0000000000000000 | 8.19 7.86 7.18 | cpu  2643124 762 1100558 197547286 14577 0 88324 0 0 0
1791474348 2400, 13801, 42, 0x0000000000000000 | 8.19 7.86 7.18 | cpu  2643888 762 1100826 197556733 14578 0 88325 0 0 0
1791474349 2400, 13801, 42, 0x0000000000000000 | 8.18 7.87 7.19 | cpu  2644595 762 1101089 197566250 14578 0 88325 0 0 0
1791474350 2400, 13801, 42, 0x0000000000000000 | 8.18 7.87 7.19 | cpu  2645222 762 1101458 197575642 14586 0 88328 0 0 0
1791474351 2400, 13801, 42, 0x0000000000000000 | 8.18 7.87 7.19 | cpu  2645961 762 1101777 197585037 14588 0 88329 0 0 0
1791474352 2400, 13801, 42, 0x0000000000000000 | 8.18 7.87 7.19 | cpu  2646430 762 1102047 197594621 14588 0 88330 0 0 0
1791474354 2400, 13801, 42, 0x0000000000000000 | 8.00 7.83 7.18 | cpu  2646914 762 1102305 197604360 14590 0 88331 0 0 0
1791474355 2400, 13801, 42, 0x0000000000000000 | 8.00 7.83 7.18 | cpu  2647738 762 1102596 197613706 14595 0 88331 0 0 0
1791474356 2400, 13801, 42, 0x0000000000000000 | 8.00 7.83 7.18 | cpu  2648389 762 1102892 197623247 14595 0 88332 0 0 0
1791474357 2400, 13801, 42, 0x0000000000000000 | 8.00 7.83 7.18 | cpu  2649002 762 1103229 197632657 14596 0 88335 0 0 0
1791474358 2400, 13801, 42, 0x0000000000000000 | 8.00 7.83 7.18 | cpu  2649691 762 1103508 197642063 14597 0 88337 0 0 0
1791474359 2400, 13801, 42, 0x0000000000000000 | 7.92 7.82 7.18 | cpu  2650392 762 1103789 197651546 14598 0 88338 0 0 0
1791474360 2400, 13801, 42, 0x0000000000000000 | 7.92 7.82 7.18 | cpu  2651100 762 1104069 197660956 14607 0 88339 0 0 0
1791474361 2400, 13801, 42, 0x0000000000000000 | 7.92 7.82 7.18 | cpu  2651718 762 1104487 197670360 14616 0 88342 0 0 0
1791474362 2400, 13801, 42, 0x0000000000000000 | 7.92 7.82 7.18 | cpu  2652524 762 1105042 197679420 14628 0 88342 0 0 0
1791474363 2400, 13801, 42, 0x0000000000000000 | 8.01 7.84 7.19 | cpu  2653243 762 1105513 197688677 14637 0 88345 0 0 0
1791474364 2400, 13801, 42, 0x0000000000000000 | 8.01 7.84 7.19 | cpu  2653974 762 1105971 197697744 14639 0 88345 0 0 0
1791474366 2400, 13801, 42, 0x0000000000000000 | 8.01 7.84 7.19 | cpu  2654652 762 1106283 197707229 14639 0 88346 0 0 0
1791474367 2400, 13801, 42, 0x0000000000000000 | 8.01 7.84 7.19 | cpu  2655362 763 1106565 197716655 14642 0 88346 0 0 0
1791474368 2400, 13801, 42, 0x0000000000000000 | 8.01 7.84 7.19 | cpu  2656021 763 1106895 197726165 14642 0 88346 0 0 0
1791474369 2400, 13801, 42, 0x0000000000000000 | 7.93 7.83 7.19 | cpu  2656655 763 1107196 197735749 14642 0 88347 0 0 0
1791474370 2400, 13801, 42, 0x0000000000000000 | 7.93 7.83 7.19 | cpu  2657513 763 1107434 197745152 14642 0 88347 0 0 0
1791474371 2400, 13801, 42, 0x0000000000000000 | 7.93 7.83 7.19 | cpu  2658235 763 1107696 197754578 14642 0 88347 0 0 0
1791474372 2400, 13801, 42, 0x0000000000000000 | 7.93 7.83 7.19 | cpu  2658916 763 1108074 197764142 14653 0 88348 0 0 0
1791474373 2400, 13801, 42, 0x0000000000000000 | 7.93 7.83 7.19 | cpu  2659693 763 1108404 197773516 14665 0 88354 0 0 0
1791474374 2400, 13801, 42, 0x0000000000000000 | 7.93 7.83 7.19 | cpu  2660410 763 1108740 197782733 14670 0 88354 0 0 0
1791474375 2400, 13801, 42, 0x0000000000000000 | 7.93 7.83 7.19 | cpu  2661100 763 1109115 197792233 14671 0 88359 0 0 0
1791474377 2400, 13801, 42, 0x0000000000000000 | 7.93 7.83 7.19 | cpu  2661723 763 1109739 197801334 14708 0 88371 0 0 0
1791474378 2400, 13801, 42, 0x0000000000000000 | 7.93 7.83 7.19 | cpu  2662375 763 1110200 197810676 14719 0 88372 0 0 0
1791474379 2400, 13801, 42, 0x0000000000000000 | 7.94 7.83 7.20 | cpu  2663467 763 1110557 197819719 14723 0 88374 0 0 0
1791474380 2400, 13801, 42, 0x0000000000000000 | 7.94 7.83 7.20 | cpu  2664386 763 1110873 197828895 14726 0 88376 0 0 0
1791474381 2400, 13801, 42, 0x0000000000000000 | 7.94 7.83 7.20 | cpu  2665577 763 1111221 197837686 14753 0 88377 0 0 0
1791474382 2400, 13801, 42, 0x0000000000000000 | 7.94 7.83 7.20 | cpu  2666408 763 1111513 197847090 14758 0 88378 0 0 0
1791474383 2400, 13801, 42, 0x0000000000000000 | 7.94 7.83 7.20 | cpu  2667162 763 1111798 197856711 14765 0 88378 0 0 0
1791474384 2400, 13801, 42, 0x0000000000000000 | 7.94 7.83 7.20 | cpu  2668409 763 1112108 197865432 14768 0 88378 0 0 0
1791474385 2400, 13801, 42, 0x0000000000000000 | 7.94 7.83 7.20 | cpu  2669066 763 1112324 197874983 14769 0 88380 0 0 0
1791474387 2850, 13801, 46, 0x0000000000000000 | 7.94 7.83 7.20 | cpu  2669776 763 1112518 197884587 14771 0 88381 0 0 0
1791474388 2752, 13801, 44, 0x0000000000000000 | 7.94 7.83 7.20 | cpu  2670632 763 1112899 197893874 14773 0 88381 0 0 0
1791474389 2842, 13801, 48, 0x0000000000000000 | 7.95 7.84 7.20 | cpu  2671696 763 1113074 197903035 14774 0 88381 0 0 0
1791474390 2842, 13801, 52, 0x0000000000000000 | 7.95 7.84 7.20 | cpu  2672866 763 1113398 197912181 14776 0 88382 0 0 0
1791474391 2835, 13801, 52, 0x0000000000000000 | 7.95 7.84 7.20 | cpu  2674274 763 1113728 197920960 14776 0 88384 0 0 0
1791474392 2842, 13801, 50, 0x0000000000000000 | 7.95 7.84 7.20 | cpu  2675529 763 1114066 197929844 14776 0 88385 0 0 0
1791474393 2850, 13801, 48, 0x0000000000000000 | 11.40 8.55 7.44 | cpu  2676753 763 1114419 197938730 14776 0 88385 0 0 0
1791474394 2850, 13801, 48, 0x0000000000000000 | 11.40 8.55 7.44 | cpu  2678046 763 1114785 197947434 14788 0 88387 0 0 0
1791474395 2842, 13801, 51, 0x0000000000000000 | 11.40 8.55 7.44 | cpu  2679424 763 1115284 197956028 14789 0 88391 0 0 0
1791474396 2842, 13801, 49, 0x0000000000000000 | 11.40 8.55 7.44 | cpu  2680674 763 1115641 197964901 14789 0 88393 0 0 0
1791474398 2850, 13801, 49, 0x0000000000000000 | 11.40 8.55 7.44 | cpu  2681872 763 1115972 197973791 14789 0 88394 0 0 0
1791474399 2850, 13801, 47, 0x0000000000000000 | 15.13 9.38 7.71 | cpu  2683064 763 1116354 197982582 14789 0 88395 0 0 0
1791474400 2842, 13801, 48, 0x0000000000000000 | 15.13 9.38 7.71 | cpu  2684462 763 1116827 197991415 14789 0 88396 0 0 0
1791474401 2842, 13801, 48, 0x0000000000000000 | 15.13 9.38 7.71 | cpu  2685662 763 1117190 198000330 14794 0 88396 0 0 0
1791474402 2850, 13801, 47, 0x0000000000000000 | 15.13 9.38 7.71 | cpu  2686834 763 1117560 198009309 14794 0 88396 0 0 0
1791474403 2842, 13801, 49, 0x0000000000000000 | 15.13 9.38 7.71 | cpu  2688270 763 1117877 198018118 14794 0 88397 0 0 0
1791474404 2842, 13801, 49, 0x0000000000000000 | 14.40 9.32 7.70 | cpu  2689360 763 1118162 198027199 14794 0 88397 0 0 0
1791474405 2857, 13801, 47, 0x0000000000000000 | 14.40 9.32 7.70 | cpu  2690587 763 1118473 198036287 14796 0 88398 0 0 0
1791474406 2857, 13801, 47, 0x0000000000000000 | 14.40 9.32 7.70 | cpu  2691471 763 1118748 198045639 14796 0 88399 0 0 0
1791474407 2850, 13801, 51, 0x0000000000000000 | 14.40 9.32 7.70 | cpu  2692038 763 1118944 198055346 14797 0 88399 0 0 0
1791474409 2850, 13801, 52, 0x0000000000000000 | 13.88 9.30 7.70 | cpu  2692556 763 1119157 198065181 14797 0 88399 0 0 0
1791474410 2880, 13801, 45, 0x0000000000000000 | 13.88 9.30 7.70 | cpu  2693062 763 1119423 198074852 14797 0 88399 0 0 0
1791474411 2872, 13801, 44, 0x0000000000000000 | 13.88 9.30 7.70 | cpu  2693468 763 1119728 198084594 14797 0 88400 0 0 0
1791474412 2400, 13801, 43, 0x0000000000000000 | 13.88 9.30 7.70 | cpu  2693832 763 1120051 198094405 14797 0 88400 0 0 0
1791474413 2400, 13801, 43, 0x0000000000000000 | 13.88 9.30 7.70 | cpu  2694264 763 1120410 198104138 14797 0 88401 0 0 0
1791474414 2400, 13801, 43, 0x0000000000000000 | 13.41 9.28 7.71 | cpu  2694922 763 1120617 198113756 14799 0 88401 0 0 0
1791474415 2400, 13801, 43, 0x0000000000000000 | 13.41 9.28 7.71 | cpu  2695431 763 1120785 198123550 14799 0 88402 0 0 0
1791474416 2400, 13801, 43, 0x0000000000000000 | 13.41 9.28 7.71 | cpu  2695996 763 1120982 198133263 14800 0 88403 0 0 0
1791474417 2400, 13801, 43, 0x0000000000000000 | 13.41 9.28 7.71 | cpu  2696608 763 1121134 198142983 14801 0 88403 0 0 0
1791474418 2400, 13801, 42, 0x0000000000000000 | 12.82 9.22 7.70 | cpu  2697234 763 1121307 198152654 14801 0 88404 0 0 0
1791474420 2400, 13801, 42, 0x0000000000000000 | 12.82 9.22 7.70 | cpu  2697830 763 1121481 198162364 14802 0 88405 0 0 0
1791474421 2400, 13801, 42, 0x0000000000000000 | 12.82 9.22 7.70 | cpu  2698575 763 1121652 198171959 14802 0 88405 0 0 0
1791474422 2400, 13801, 42, 0x0000000000000000 | 12.82 9.22 7.70 | cpu  2699199 763 1121860 198181698 14802 0 88405 0 0 0
1791474423 2400, 13801, 42, 0x0000000000000000 | 12.82 9.22 7.70 | cpu  2700322 763 1122149 198190830 14804 0 88407 0 0 0
1791474424 2400, 13801, 42, 0x0000000000000000 | 12.59 9.23 7.71 | cpu  2701053 763 1122440 198200089 14804 0 88411 0 0 0
1791474425 2400, 13801, 42, 0x0000000000000000 | 12.59 9.23 7.71 | cpu  2701747 763 1122703 198209440 14805 0 88411 0 0 0
1791474426 2400, 13801, 42, 0x0000000000000000 | 12.59 9.23 7.71 | cpu  2702342 763 1122898 198219170 14810 0 88412 0 0 0
1791474427 2400, 13801, 42, 0x0000000000000000 | 12.59 9.23 7.71 | cpu  2702913 763 1123253 198229603 14813 0 88412 0 0 0
1791474428 405, 810, 41, 0x0000000000000000 | 11.98 9.16 7.70 | cpu  2703392 763 1123410 198239469 14813 0 88412 0 0 0
1791474430 225, 405, 41, 0x0000000000000000 | 11.98 9.16 7.70 | cpu  2704006 763 1123607 198249312 14814 0 88414 0 0 0
1791474431 180, 405, 41, 0x0000000000000000 | 11.98 9.16 7.70 | cpu  2704578 763 1123764 198259170 14817 0 88414 0 0 0
1791474432 180, 405, 41, 0x0000000000000000 | 11.98 9.16 7.70 | cpu  2705114 763 1123940 198269010 14818 0 88414 0 0 0
1791474433 180, 405, 41, 0x0000000000000000 | 11.98 9.16 7.70 | cpu  2706197 763 1124114 198278366 14818 0 88415 0 0 0
1791474434 180, 405, 41, 0x0000000000000000 | 11.50 9.11 7.69 | cpu  2706807 763 1124310 198288129 14819 0 88415 0 0 0
1791474435 180, 405, 41, 0x0000000000000000 | 11.50 9.11 7.69 | cpu  2707479 763 1124543 198297827 14819 0 88417 0 0 0
1791474436 180, 405, 41, 0x0000000000000000 | 11.50 9.11 7.69 | cpu  2708106 763 1124745 198307601 14820 0 88417 0 0 0
1791474437 180, 405, 41, 0x0000000000000000 | 11.50 9.11 7.69 | cpu  2708726 763 1124910 198317404 14820 0 88417 0 0 0
1791474439 180, 405, 41, 0x0000000000000000 | 10.98 9.04 7.67 | cpu  2709273 763 1125057 198327332 14820 0 88417 0 0 0
1791474440 180, 405, 41, 0x0000000000000000 | 10.98 9.04 7.67 | cpu  2709711 763 1125227 198337345 14821 0 88417 0 0 0
1791474441 180, 405, 41, 0x0000000000000000 | 10.98 9.04 7.67 | cpu  2710254 763 1125401 198347240 14821 0 88418 0 0 0
1791474442 180, 405, 41, 0x0000000000000000 | 10.98 9.04 7.67 | cpu  2710875 763 1125556 198357043 14821 0 88418 0 0 0
1791474443 180, 405, 41, 0x0000000000000000 | 10.98 9.04 7.67 | cpu  2711335 763 1125705 198367067 14821 0 88419 0 0 0
1791474444 180, 405, 41, 0x0000000000000000 | 10.42 8.96 7.65 | cpu  2711776 763 1125889 198376966 14821 0 88419 0 0 0
1791474445 180, 405, 41, 0x0000000000000000 | 10.42 8.96 7.65 | cpu  2712305 763 1126080 198386842 14821 0 88422 0 0 0
1791474446 180, 405, 41, 0x0000000000000000 | 10.42 8.96 7.65 | cpu  2712945 763 1126307 198396443 14822 0 88424 0 0 0
1791474447 180, 405, 41, 0x0000000000000000 | 10.42 8.96 7.65 | cpu  2713580 763 1126560 198406246 14822 0 88428 0 0 0
1791474449 180, 405, 41, 0x0000000000000000 | 10.47 8.99 7.67 | cpu  2714201 763 1126796 198415972 14822 0 88435 0 0 0
1791474450 180, 405, 41, 0x0000000000000000 | 10.47 8.99 7.67 | cpu  2714821 763 1127052 198425670 14822 0 88436 0 0 0
1791474451 180, 405, 41, 0x0000000000000000 | 10.47 8.99 7.67 | cpu  2715396 763 1127208 198435580 14822 0 88436 0 0 0
1791474452 180, 405, 41, 0x0000000000000000 | 10.47 8.99 7.67 | cpu  2715835 763 1127392 198445550 14822 0 88436 0 0 0
1791474453 180, 405, 41, 0x0000000000000000 | 10.47 8.99 7.67 | cpu  2716284 763 1127568 198455511 14823 0 88436 0 0 0
1791474454 180, 405, 41, 0x0000000000000000 | 10.11 8.94 7.66 | cpu  2716745 763 1127717 198465491 14823 0 88436 0 0 0
1791474455 180, 405, 41, 0x0000000000000000 | 10.11 8.94 7.66 | cpu  2717319 763 1127882 198475243 14823 0 88436 0 0 0
1791474456 180, 405, 41, 0x0000000000000000 | 10.11 8.94 7.66 | cpu  2717901 763 1128089 198485018 14824 0 88437 0 0 0
1791474457 180, 405, 41, 0x0000000000000000 | 10.11 8.94 7.66 | cpu  2718493 763 1128419 198494729 14824 0 88437 0 0 0
1791474459 180, 405, 41, 0x0000000000000000 | 9.94 8.93 7.66 | cpu  2719026 763 1128775 198504398 14828 0 88438 0 0 0
1791474460 180, 405, 41, 0x0000000000000000 | 9.94 8.93 7.66 | cpu  2719729 763 1129243 198513911 14830 0 88439 0 0 0
1791474461 180, 405, 41, 0x0000000000000000 | 9.94 8.93 7.66 | cpu  2720378 763 1129520 198523843 14830 0 88439 0 0 0
1791474462 180, 405, 41, 0x0000000000000000 | 9.94 8.93 7.66 | cpu  2721001 764 1129690 198533659 14830 0 88439 0 0 0
1791474463 180, 405, 41, 0x0000000000000000 | 9.94 8.93 7.66 | cpu  2721523 764 1129885 198543555 14830 0 88440 0 0 0
1791474464 180, 405, 41, 0x0000000000000000 | 9.87 8.93 7.67 | cpu  2722065 764 1130105 198553316 14832 0 88445 0 0 0
1791474465 180, 405, 41, 0x0000000000000000 | 9.87 8.93 7.67 | cpu  2723412 764 1130321 198562278 14833 0 88448 0 0 0
1791474466 180, 405, 41, 0x0000000000000000 | 9.87 8.93 7.67 | cpu  2724191 764 1130506 198571814 14833 0 88450 0 0 0
1791474467 180, 405, 41, 0x0000000000000000 | 9.87 8.93 7.67 | cpu  2724956 764 1130704 198581464 14833 0 88452 0 0 0
1791474469 180, 405, 41, 0x0000000000000000 | 9.56 8.88 7.66 | cpu  2725704 764 1130890 198591064 14836 0 88453 0 0 0
1791474470 180, 405, 41, 0x0000000000000000 | 9.56 8.88 7.66 | cpu  2726433 764 1131057 198600727 14836 0 88453 0 0 0
1791474471 180, 405, 41, 0x0000000000000000 | 9.56 8.88 7.66 | cpu  2727001 764 1131290 198610581 14836 0 88453 0 0 0
1791474472 180, 405, 41, 0x0000000000000000 | 9.56 8.88 7.66 | cpu  2727754 764 1131520 198620240 14836 0 88455 0 0 0
1791474473 180, 405, 41, 0x0000000000000000 | 9.56 8.88 7.66 | cpu  2728505 764 1131713 198629933 14836 0 88455 0 0 0
1791474474 180, 405, 41, 0x0000000000000000 | 9.35 8.85 7.66 | cpu  2729252 764 1131903 198639598 14837 0 88456 0 0 0
1791474475 180, 405, 41, 0x0000000000000000 | 9.35 8.85 7.66 | cpu  2730012 764 1132098 198649207 14837 0 88457 0 0 0
1791474476 180, 405, 41, 0x0000000000000000 | 9.35 8.85 7.66 | cpu  2730804 764 1132292 198658857 14837 0 88457 0 0 0
1791474477 172, 405, 41, 0x0000000000000000 | 9.35 8.85 7.66 | cpu  2731473 764 1132549 198668431 14837 0 88461 0 0 0
1791474479 180, 405, 41, 0x0000000000000000 | 9.32 8.85 7.66 | cpu  2732234 764 1132832 198678045 14837 0 88462 0 0 0
1791474480 180, 405, 41, 0x0000000000000000 | 9.32 8.85 7.66 | cpu  2732978 764 1133019 198687703 14837 0 88462 0 0 0
1791474481 180, 405, 41, 0x0000000000000000 | 9.32 8.85 7.66 | cpu  2733616 764 1133202 198697519 14838 0 88462 0 0 0
1791474482 180, 405, 41, 0x0000000000000000 | 9.32 8.85 7.66 | cpu  2734213 764 1133378 198707467 14838 0 88463 0 0 0
1791474483 180, 405, 41, 0x0000000000000000 | 9.22 8.84 7.67 | cpu  2734679 764 1133680 198717625 14839 0 88463 0 0 0
1791474484 180, 405, 41, 0x0000000000000000 | 9.22 8.84 7.67 | cpu  2735250 764 1133982 198727294 14841 0 88464 0 0 0
1791474485 180, 405, 41, 0x0000000000000000 | 9.22 8.84 7.67 | cpu  2735788 764 1134258 198737064 14842 0 88465 0 0 0
1791474486 180, 405, 41, 0x0000000000000000 | 9.22 8.84 7.67 | cpu  2736340 764 1134419 198746972 14842 0 88467 0 0 0
1791474488 180, 405, 41, 0x0000000000000000 | 9.22 8.84 7.67 | cpu  2736858 764 1134595 198756903 14842 0 88472 0 0 0
1791474489 180, 405, 41, 0x0000000000000000 | 9.20 8.84 7.67 | cpu  2737403 764 1134772 198766822 14843 0 88474 0 0 0
1791474490 180, 405, 41, 0x0000000000000000 | 9.20 8.84 7.67 | cpu  2737941 764 1134947 198776754 14843 0 88475 0 0 0
1791474491 180, 405, 41, 0x0000000000000000 | 9.20 8.84 7.67 | cpu  2738444 764 1135156 198786659 14843 0 88476 0 0 0
1791474492 172, 405, 41, 0x0000000000000000 | 9.20 8.84 7.67 | cpu  2738926 764 1135347 198796641 14843 0 88477 0 0 0
1791474493 180, 405, 41, 0x0000000000000000 | 8.86 8.78 7.66 | cpu  2739430 764 1135596 198806504 14843 0 88477 0 0 0
1791474494 180, 405, 41, 0x0000000000000000 | 8.86 8.78 7.66 | cpu  2740005 764 1135753 198816462 14844 0 88478 0 0 0
1791474495 180, 405, 41, 0x0000000000000000 | 8.86 8.78 7.66 | cpu  2740938 764 1136003 198825988 14844 0 88478 0 0 0
1791474497 180, 405, 41, 0x0000000000000000 | 8.86 8.78 7.66 | cpu  2741747 764 1136396 198835207 14846 0 88479 0 0 0
1791474498 180, 405, 41, 0x0000000000000000 | 8.86 8.78 7.66 | cpu  2742449 764 1136642 198844857 14847 0 88480 0 0 0
1791474499 180, 405, 41, 0x0000000000000000 | 8.87 8.78 7.67 | cpu  2743148 764 1136789 198854572 14847 0 88483 0 0 0
1791474500 180, 405, 41, 0x0000000000000000 | 8.87 8.78 7.67 | cpu  2743917 764 1136935 198864261 14847 0 88484 0 0 0
1791474501 180, 405, 41, 0x0000000000000000 | 8.87 8.78 7.67 | cpu  2744655 764 1137100 198874000 14847 0 88484 0 0 0
1791474502 180, 405, 41, 0x0000000000000000 | 8.87 8.78 7.67 | cpu  2745396 764 1137261 198883703 14847 0 88484 0 0 0
1791474503 180, 405, 41, 0x0000000000000000 | 8.64 8.73 7.66 | cpu  2746011 764 1137440 198893559 14847 0 88484 0 0 0
1791474504 180, 405, 41, 0x0000000000000000 | 8.64 8.73 7.66 | cpu  2746555 764 1137606 198903436 14847 0 88484 0 0 0
1791474505 180, 405, 41, 0x0000000000000000 | 8.64 8.73 7.66 | cpu  2747263 764 1137777 198913166 14848 0 88485 0 0 0
1791474507 180, 405, 41, 0x0000000000000000 | 8.64 8.73 7.66 | cpu  2747731 764 1137969 198923266 14849 0 88485 0 0 0
1791474508 180, 405, 41, 0x0000000000000000 | 8.64 8.73 7.66 | cpu  2748200 764 1138223 198933234 14850 0 88486 0 0 0
1791474509 180, 405, 41, 0x0000000000000000 | 8.35 8.67 7.64 | cpu  2748631 764 1138319 198943485 14850 0 88486 0 0 0
1791474510 180, 405, 41, 0x0000000000000000 | 8.35 8.67 7.64 | cpu  2749048 764 1138365 198953789 14850 0 88486 0 0 0
1791474511 180, 405, 41, 0x0000000000000000 | 8.35 8.67 7.64 | cpu  2749244 764 1138400 198964254 14851 0 88487 0 0 0
1791474512 180, 405, 41, 0x0000000000000000 | 8.35 8.67 7.64 | cpu  2749528 764 1138460 198974585 14851 0 88488 0 0 0
1791474513 180, 405, 41, 0x0000000000000000 | 8.00 8.59 7.62 | cpu  2749835 764 1138527 198984859 14852 0 88488 0 0 0
1791474514 180, 405, 41, 0x0000000000000000 | 8.00 8.59 7.62 | cpu  2750115 764 1138565 198995181 14852 0 88488 0 0 0
1791474515 180, 405, 41, 0x0000000000000000 | 8.00 8.59 7.62 | cpu  2750386 764 1138581 199005626 14852 0 88489 0 0 0
1791474517 180, 405, 40, 0x0000000000000000 | 8.00 8.59 7.62 | cpu  2750665 764 1138597 199016048 14852 0 88489 0 0 0
1791474518 180, 405, 41, 0x0000000000000000 | 8.00 8.59 7.62 | cpu  2750949 764 1138619 199026444 14854 0 88489 0 0 0
1791474519 180, 405, 41, 0x0000000000000000 | 7.60 8.50 7.60 | cpu  2751249 764 1138670 199036692 14854 0 88489 0 0 0
1791474520 180, 405, 41, 0x0000000000000000 | 7.60 8.50 7.60 | cpu  2751522 764 1138766 199047087 14854 0 88490 0 0 0
1791474521 180, 405, 41, 0x0000000000000000 | 7.60 8.50 7.60 | cpu  2751765 764 1138808 199057496 14854 0 88490 0 0 0
1791474522 180, 405, 40, 0x0000000000000000 | 7.60 8.50 7.60 | cpu  2751955 764 1138826 199067902 14855 0 88490 0 0 0
1791474523 180, 405, 41, 0x0000000000000000 | 7.15 8.39 7.57 | cpu  2752232 764 1138847 199078215 14855 0 88490 0 0 0
1791474524 180, 405, 40, 0x0000000000000000 | 7.15 8.39 7.57 | cpu  2752383 764 1138874 199088734 14855 0 88490 0 0 0
1791474525 180, 405, 41, 0x0000000000000000 | 7.15 8.39 7.57 | cpu  2752666 764 1138917 199099122 14855 0 88491 0 0 0
1791474527 180, 405, 41, 0x0000000000000000 | 7.15 8.39 7.57 | cpu  2752974 765 1138980 199109975 14855 0 88494 0 0 0
1791474528 180, 405, 41, 0x0000000000000000 | 7.15 8.39 7.57 | cpu  2753307 765 1139042 199120308 14855 0 88496 0 0 0
1791474529 180, 405, 41, 0x0000000000000000 | 6.82 8.30 7.54 | cpu  2753588 765 1139079 199130709 14856 0 88496 0 0 0
1791474530 180, 405, 40, 0x0000000000000000 | 6.82 8.30 7.54 | cpu  2753861 765 1139117 199141080 14856 0 88496 0 0 0
1791474531 180, 405, 41, 0x0000000000000000 | 6.82 8.30 7.54 | cpu  2754169 765 1139192 199151439 14859 0 88497 0 0 0
1791474532 180, 405, 40, 0x0000000000000000 | 6.82 8.30 7.54 | cpu  2754456 765 1139300 199161891 14859 0 88497 0 0 0
1791474533 180, 405, 40, 0x0000000000000000 | 6.43 8.20 7.51 | cpu  2754751 765 1139348 199172346 14859 0 88497 0 0 0
1791474535 180, 405, 40, 0x0000000000000000 | 6.43 8.20 7.51 | cpu  2755019 765 1139371 199182735 14859 0 88497 0 0 0
1791474536 180, 405, 40, 0x0000000000000000 | 6.43 8.20 7.51 | cpu  2755149 765 1139398 199193323 14859 0 88497 0 0 0
1791474537 180, 405, 41, 0x0000000000000000 | 6.43 8.20 7.51 | cpu  2755382 765 1139433 199203752 14860 0 88498 0 0 0
1791474538 180, 405, 40, 0x0000000000000000 | 6.43 8.20 7.51 | cpu  2755568 765 1139468 199214243 14860 0 88500 0 0 0
1791474539 180, 405, 41, 0x0000000000000000 | 6.16 8.11 7.49 | cpu  2755855 765 1139505 199224654 14860 0 88500 0 0 0
1791474540 180, 405, 40, 0x0000000000000000 | 6.16 8.11 7.49 | cpu  2756143 765 1139537 199235041 14860 0 88500 0 0 0
1791474541 180, 405, 40, 0x0000000000000000 | 6.16 8.11 7.49 | cpu  2756415 765 1139581 199245443 14861 0 88501 0 0 0
1791474542 180, 405, 40, 0x0000000000000000 | 6.16 8.11 7.49 | cpu  2756716 765 1139657 199255785 14861 0 88501 0 0 0
1791474543 180, 405, 40, 0x0000000000000000 | 5.99 8.04 7.47 | cpu  2756898 765 1139901 199266014 14861 0 88502 0 0 0
1791474545 180, 405, 40, 0x0000000000000000 | 5.99 8.04 7.47 | cpu  2757122 765 1140112 199276201 14861 0 88502 0 0 0
1791474546 180, 405, 40, 0x0000000000000000 | 5.99 8.04 7.47 | cpu  2757377 765 1140162 199286628 14861 0 88502 0 0 0
1791474547 180, 405, 40, 0x0000000000000000 | 5.99 8.04 7.47 | cpu  2757601 765 1140196 199297085 14862 0 88503 0 0 0
1791474548 180, 405, 40, 0x0000000000000000 | 5.99 8.04 7.47 | cpu  2758328 765 1140278 199306822 14863 0 88503 0 0 0
1791474549 180, 405, 40, 0x0000000000000000 | 5.75 7.96 7.44 | cpu  2758756 765 1140324 199317058 14863 0 88504 0 0 0
1791474550 180, 405, 40, 0x0000000000000000 | 5.75 7.96 7.44 | cpu  2759269 765 1140370 199327200 14863 0 88504 0 0 0
1791474551 180, 405, 40, 0x0000000000000000 | 5.75 7.96 7.44 | cpu  2759779 765 1140422 199337410 14863 0 88504 0 0 0
1791474552 180, 405, 40, 0x0000000000000000 | 5.75 7.96 7.44 | cpu  2760075 765 1140455 199347830 14863 0 88504 0 0 0
1791474553 180, 405, 40, 0x0000000000000000 | 5.53 7.88 7.42 | cpu  2760341 765 1140485 199358236 14863 0 88504 0 0 0
1791474555 180, 405, 40, 0x0000000000000000 | 5.53 7.88 7.42 | cpu  2760642 765 1140516 199368623 14863 0 88505 0 0 0
1791474556 180, 405, 40, 0x0000000000000000 | 5.53 7.88 7.42 | cpu  2760937 765 1140626 199378917 14863 0 88505 0 0 0
1791474557 180, 405, 40, 0x0000000000000000 | 5.53 7.88 7.42 | cpu  2761462 765 1140738 199388971 14863 0 88505 0 0 0
1791474558 180, 405, 40, 0x0000000000000000 | 5.53 7.88 7.42 | cpu  2761971 765 1140801 199399088 14864 0 88506 0 0 0
1791474559 180, 405, 40, 0x0000000000000000 | 5.40 7.81 7.40 | cpu  2762500 765 1140863 199409128 14864 0 88506 0 0 0
1791474560 180, 405, 40, 0x0000000000000000 | 5.40 7.81 7.40 | cpu  2762865 765 1140940 199419313 14864 0 88506 0 0 0
1791474561 180, 405, 40, 0x0000000000000000 | 5.40 7.81 7.40 | cpu  2763197 765 1141049 199429613 14865 0 88506 0 0 0
1791474562 180, 405, 40, 0x0000000000000000 | 5.40 7.81 7.40 | cpu  2763673 765 1141099 199439759 14865 0 88507 0 0 0
1791474564 180, 405, 40, 0x0000000000000000 | 5.29 7.75 7.38 | cpu  2764170 765 1141152 199449972 14865 0 88508 0 0 0
1791474565 180, 405, 40, 0x0000000000000000 | 5.29 7.75 7.38 | cpu  2764676 765 1141200 199460131 14865 0 88508 0 0 0
1791474566 180, 405, 40, 0x0000000000000000 | 5.29 7.75 7.38 | cpu  2765185 765 1141253 199470262 14865 0 88508 0 0 0
1791474567 180, 405, 40, 0x0000000000000000 | 5.29 7.75 7.38 | cpu  2765685 765 1141320 199480454 14866 0 88510 0 0 0
1791474568 180, 405, 40, 0x0000000000000000 | 5.29 7.75 7.38 | cpu  2766177 765 1141450 199490608 14866 0 88510 0 0 0
1791474569 180, 405, 40, 0x0000000000000000 | 5.19 7.69 7.36 | cpu  2766684 765 1141540 199500685 14866 0 88510 0 0 0
1791474570 180, 405, 40, 0x0000000000000000 | 5.19 7.69 7.36 | cpu  2767141 765 1141592 199510868 14866 0 88511 0 0 0
1791474571 180, 405, 40, 0x0000000000000000 | 5.19 7.69 7.36 | cpu  2767487 765 1141630 199521210 14866 0 88511 0 0 0
1791474572 180, 405, 40, 0x0000000000000000 | 5.19 7.69 7.36 | cpu  2767647 765 1141663 199531713 14866 0 88512 0 0 0
1791474574 180, 405, 40, 0x0000000000000000 | 4.93 7.59 7.34 | cpu  2767875 765 1141715 199542096 14867 0 88512 0 0 0
1791474575 180, 405, 40, 0x0000000000000000 | 4.93 7.59 7.34 | cpu  2768485 765 1141759 199552184 14867 0 88517 0 0 0
1791474576 180, 405, 40, 0x0000000000000000 | 4.93 7.59 7.34 | cpu  2769008 765 1141820 199562268 14867 0 88518 0 0 0
1791474577 180, 405, 40, 0x0000000000000000 | 4.93 7.59 7.34 | cpu  2769551 765 1141969 199572297 14867 0 88520 0 0 0
1791474578 180, 405, 40, 0x0000000000000000 | 4.93 7.59 7.34 | cpu  2770001 765 1142028 199582463 14867 0 88522 0 0 0
1791474579 180, 405, 40, 0x0000000000000000 | 4.78 7.51 7.31 | cpu  2770555 765 1142099 199592616 14868 0 88524 0 0 0
1791474580 180, 405, 40, 0x0000000000000000 | 4.78 7.51 7.31 | cpu  2771106 765 1142231 199602837 14868 0 88526 0 0 0
1791474581 180, 405, 40, 0x0000000000000000 | 4.78 7.51 7.31 | cpu  2771646 766 1142313 199612943 14868 0 88526 0 0 0
1791474583 180, 405, 40, 0x0000000000000000 | 4.78 7.51 7.31 | cpu  2772154 766 1142371 199623100 14868 0 88527 0 0 0
1791474584 172, 405, 40, 0x0000000000000000 | 4.71 7.46 7.29 | cpu  2772669 766 1142424 199633210 14868 0 88527 0 0 0
1791474585 180, 405, 40, 0x0000000000000000 | 4.71 7.46 7.29 | cpu  2773127 766 1142476 199643421 14868 0 88528 0 0 0
1791474586 180, 405, 40, 0x0000000000000000 | 4.71 7.46 7.29 | cpu  2773629 766 1142521 199653633 14869 0 88528 0 0 0
1791474587 180, 405, 40, 0x0000000000000000 | 4.71 7.46 7.29 | cpu  2774157 766 1142570 199663822 14869 0 88529 0 0 0
1791474588 180, 405, 40, 0x0000000000000000 | 4.82 7.43 7.29 | cpu  2774675 766 1142623 199673953 14869 0 88530 0 0 0
1791474589 180, 405, 40, 0x0000000000000000 | 4.82 7.43 7.29 | cpu  2775194 766 1142670 199684102 14869 0 88530 0 0 0
1791474590 180, 405, 40, 0x0000000000000000 | 4.82 7.43 7.29 | cpu  2775716 766 1142818 199694009 14893 0 88532 0 0 0
1791474591 180, 405, 40, 0x0000000000000000 | 4.82 7.43 7.29 | cpu  2776003 766 1143140 199703943 14951 0 88533 0 0 0
1791474593 180, 405, 40, 0x0000000000000000 | 4.82 7.43 7.29 | cpu  2776242 766 1143446 199713981 15002 0 88534 0 0 0
1791474594 180, 405, 40, 0x0000000000000000 | 4.75 7.37 7.27 | cpu  2776686 766 1143666 199723943 15038 0 88535 0 0 0
1791474595 180, 405, 40, 0x0000000000000000 | 4.75 7.37 7.27 | cpu  2776972 766 1143713 199734335 15040 0 88536 0 0 0
1791474596 180, 405, 40, 0x0000000000000000 | 4.75 7.37 7.27 | cpu  2777323 766 1143756 199744709 15040 0 88537 0 0 0
1791474597 180, 405, 40, 0x0000000000000000 | 4.75 7.37 7.27 | cpu  2777824 766 1143809 199754990 15040 0 88539 0 0 0
1791474598 172, 405, 40, 0x0000000000000000 | 4.85 7.35 7.26 | cpu  2778349 766 1143863 199765125 15040 0 88541 0 0 0
1791474599 180, 405, 40, 0x0000000000000000 | 4.85 7.35 7.26 | cpu  2778841 766 1143913 199775289 15040 0 88542 0 0 0
1791474600 180, 405, 40, 0x0000000000000000 | 4.85 7.35 7.26 | cpu  2779336 766 1143973 199785376 15041 0 88547 0 0 0
1791474602 180, 405, 40, 0x0000000000000000 | 4.85 7.35 7.26 | cpu  2779883 766 1144053 199795509 15041 0 88548 0 0 0
1791474603 180, 405, 40, 0x0000000000000000 | 4.85 7.35 7.26 | cpu  2780381 766 1144193 199805707 15041 0 88549 0 0 0
1791474604 180, 405, 40, 0x0000000000000000 | 5.10 7.36 7.27 | cpu  2780935 767 1144390 199815589 15041 0 88550 0 0 0
1791474605 180, 405, 40, 0x0000000000000000 | 5.10 7.36 7.27 | cpu  2781480 767 1144579 199825597 15041 0 88550 0 0 0
1791474606 180, 405, 40, 0x0000000000000000 | 5.10 7.36 7.27 | cpu  2781929 767 1144652 199835785 15043 0 88551 0 0 0
1791474607 180, 405, 40, 0x0000000000000000 | 5.10 7.36 7.27 | cpu  2782379 767 1144721 199845923 15043 0 88553 0 0 0
1791474608 180, 405, 40, 0x0000000000000000 | 5.10 7.32 7.25 | cpu  2782876 767 1144895 199855999 15044 0 88556 0 0 0
1791474609 180, 405, 40, 0x0000000000000000 | 5.10 7.32 7.25 | cpu  2783401 767 1145104 199865950 15058 0 88557 0 0 0
1791474610 180, 405, 40, 0x0000000000000000 | 5.10 7.32 7.25 | cpu  2783547 767 1145369 199876095 15105 0 88558 0 0 0
1791474612 2400, 13801, 43, 0x0000000000000000 | 5.10 7.32 7.25 | cpu  2783691 767 1145622 199886163 15163 0 88560 0 0 0
1791474613 2842, 13801, 50, 0x0000000000000000 | 5.10 7.32 7.25 | cpu  2784109 767 1145822 199896275 15202 0 88563 0 0 0
1791474614 2842, 13801, 52, 0x0000000000000000 | 5.01 7.27 7.24 | cpu  2784620 767 1145873 199906294 15202 0 88564 0 0 0
1791474615 2857, 13801, 47, 0x0000000000000000 | 5.01 7.27 7.24 | cpu  2785059 767 1145925 199916525 15203 0 88564 0 0 0
1791474616 2850, 13801, 46, 0x0000000000000000 | 5.01 7.27 7.24 | cpu  2785603 767 1146042 199926494 15203 0 88565 0 0 0
1791474617 2842, 13801, 51, 0x0000000000000000 | 5.01 7.27 7.24 | cpu  2786124 767 1146161 199936574 15203 0 88566 0 0 0
1791474618 2850, 13801, 50, 0x0000000000000000 | 4.85 7.20 7.21 | cpu  2786599 767 1146214 199946713 15203 0 88566 0 0 0
1791474619 2850, 13801, 48, 0x0000000000000000 | 4.85 7.20 7.21 | cpu  2787052 767 1146263 199956878 15203 0 88566 0 0 0
1791474621 2842, 13801, 52, 0x0000000000000000 | 4.85 7.20 7.21 | cpu  2787560 767 1146313 199966934 15204 0 88567 0 0 0
1791474622 2850, 13801, 46, 0x0000000000000000 | 4.85 7.20 7.21 | cpu  2788000 767 1146367 199977076 15204 0 88568 0 0 0
1791474623 2842, 13801, 51, 0x0000000000000000 | 4.85 7.20 7.21 | cpu  2788378 767 1146416 199987346 15204 0 88568 0 0 0
1791474624 2842, 13801, 50, 0x0000000000000000 | 4.78 7.14 7.20 | cpu  2788857 767 1146469 199997440 15204 0 88570 0 0 0
1791474625 2850, 13801, 51, 0x0000000000000000 | 4.78 7.14 7.20 | cpu  2789327 767 1146523 200007623 15204 0 88572 0 0 0
1791474626 2850, 13801, 47, 0x0000000000000000 | 4.78 7.14 7.20 | cpu  2789769 767 1146576 200017818 15205 0 88573 0 0 0
1791474627 2842, 13801, 50, 0x0000000000000000 | 4.78 7.14 7.20 | cpu  2790194 767 1146688 200027871 15205 0 88573 0 0 0
1791474628 2842, 13801, 49, 0x0000000000000000 | 4.56 7.06 7.17 | cpu  2790391 767 1146804 200038338 15205 0 88576 0 0 0
1791474629 2842, 13801, 50, 0x0000000000000000 | 4.56 7.06 7.17 | cpu  2790657 767 1146885 200048626 15205 0 88576 0 0 0
1791474631 2842, 13801, 49, 0x0000000000000000 | 4.56 7.06 7.17 | cpu  2791229 767 1146932 200058624 15205 0 88578 0 0 0
1791474632 2842, 13801, 51, 0x0000000000000000 | 4.56 7.06 7.17 | cpu  2791745 767 1146986 200068648 15206 0 88580 0 0 0
1791474633 2850, 13801, 49, 0x0000000000000000 | 4.56 7.06 7.17 | cpu  2792178 767 1147038 200078846 15207 0 88581 0 0 0
1791474634 2842, 13801, 50, 0x0000000000000000 | 4.43 6.99 7.14 | cpu  2792691 767 1147087 200088957 15207 0 88585 0 0 0
1791474635 2842, 13801, 52, 0x0000000000000000 | 4.43 6.99 7.14 | cpu  2793209 767 1147136 200099046 15207 0 88585 0 0 0
1791474636 2850, 13801, 47, 0x0000000000000000 | 4.43 6.99 7.14 | cpu  2793699 767 1147192 200109205 15207 0 88585 0 0 0
1791474637 2835, 13801, 50, 0x0000000000000000 | 4.43 6.99 7.14 | cpu  2794040 767 1147242 200119459 15207 0 88586 0 0 0
1791474638 2842, 13801, 49, 0x0000000000000000 | 4.32 6.92 7.12 | cpu  2794488 767 1147305 200129415 15208 0 88587 0 0 0
1791474639 2857, 13801, 47, 0x0000000000000000 | 4.32 6.92 7.12 | cpu  2794875 767 1147382 200139655 15208 0 88587 0 0 0
1791474640 2842, 13801, 50, 0x0000000000000000 | 4.32 6.92 7.12 | cpu  2795253 767 1147507 200149823 15208 0 88588 0 0 0
1791474642 2850, 13801, 47, 0x0000000000000000 | 4.32 6.92 7.12 | cpu  2795675 767 1147601 200159994 15208 0 88588 0 0 0
1791474643 2842, 13801, 49, 0x0000000000000000 | 4.32 6.92 7.12 | cpu  2796151 767 1147651 200170090 15209 0 88588 0 0 0
1791474644 2835, 13801, 50, 0x0000000000000000 | 4.29 6.88 7.11 | cpu  2796647 767 1147702 200180166 15209 0 88588 0 0 0
1791474645 2842, 13801, 52, 0x0000000000000000 | 4.29 6.88 7.11 | cpu  2797141 767 1147752 200190220 15209 0 88588 0 0 0
1791474646 2842, 13801, 54, 0x0000000000000000 | 4.29 6.88 7.11 | cpu  2797446 767 1147786 200200608 15209 0 88589 0 0 0
1791474647 2842, 13801, 51, 0x0000000000000000 | 4.29 6.88 7.11 | cpu  2797750 767 1147822 200210924 15209 0 88589 0 0 0
1791474648 2842, 13801, 53, 0x0000000000000000 | 4.11 6.79 7.08 | cpu  2798050 767 1147858 200221238 15210 0 88590 0 0 0
1791474649 2842, 13801, 52, 0x0000000000000000 | 4.11 6.79 7.08 | cpu  2798315 767 1147890 200231660 15210 0 88590 0 0 0
1791474651 2842, 13801, 52, 0x0000000000000000 | 4.11 6.79 7.08 | cpu  2798500 767 1147924 200242118 15210 0 88590 0 0 0
1791474652 2842, 13801, 50, 0x0000000000000000 | 4.11 6.79 7.08 | cpu  2798793 767 1147987 200252384 15210 0 88591 0 0 0
1791474653 2842, 13801, 52, 0x0000000000000000 | 4.11 6.79 7.08 | cpu  2799096 767 1148091 200262667 15210 0 88592 0 0 0
1791474654 2842, 13801, 52, 0x0000000000000000 | 4.10 6.75 7.06 | cpu  2799404 767 1148168 200272980 15213 0 88592 0 0 0
1791474655 2842, 13801, 53, 0x0000000000000000 | 4.10 6.75 7.06 | cpu  2799690 767 1148201 200283329 15213 0 88592 0 0 0
1791474656 2835, 13801, 51, 0x0000000000000000 | 4.10 6.75 7.06 | cpu  2799950 767 1148238 200293701 15213 0 88592 0 0 0
1791474657 2842, 13801, 52, 0x0000000000000000 | 4.10 6.75 7.06 | cpu  2800139 767 1148271 200304148 15213 0 88592 0 0 0
1791474658 2850, 13801, 47, 0x0000000000000000 | 4.17 6.72 7.05 | cpu  2800373 767 1148299 200314526 15213 0 88594 0 0 0
1791474659 2857, 13801, 46, 0x0000000000000000 | 4.17 6.72 7.05 | cpu  2800657 767 1148333 200324895 15213 0 88595 0 0 0
1791474661 2842, 13801, 52, 0x0000000000000000 | 4.17 6.72 7.05 | cpu  2800944 767 1148364 200335243 15213 0 88595 0 0 0
1791474662 2842, 13801, 53, 0x0000000000000000 | 4.17 6.72 7.05 | cpu  2801283 767 1148433 200345466 15215 0 88597 0 0 0
1791474663 2842, 13801, 50, 0x0000000000000000 | 4.17 6.72 7.05 | cpu  2801581 767 1148475 200355826 15215 0 88598 0 0 0
1791474664 2842, 13801, 55, 0x0000000000000000 | 4.24 6.69 7.04 | cpu  2801889 767 1148624 200365839 15215 0 88598 0 0 0
1791474665 2835, 13801, 53, 0x0000000000000000 | 4.24 6.69 7.04 | cpu  2802212 767 1148793 200376052 15215 0 88598 0 0 0
1791474666 2842, 13801, 50, 0x0000000000000000 | 4.24 6.69 7.04 | cpu  2802355 767 1148853 200386498 15216 0 88601 0 0 0
1791474667 2842, 13801, 48, 0x0000000000000000 | 4.24 6.69 7.04 | cpu  2802637 767 1148887 200396807 15216 0 88601 0 0 0
1791474668 2842, 13801, 50, 0x0000000000000000 | 4.06 6.61 7.01 | cpu  2802927 767 1148923 200407108 15217 0 88602 0 0 0
1791474669 2842, 13801, 50, 0x0000000000000000 | 4.06 6.61 7.01 | cpu  2803219 767 1148964 200417331 15217 0 88602 0 0 0
1791474671 2842, 13801, 53, 0x0000000000000000 | 4.06 6.61 7.01 | cpu  2803481 767 1149043 200427643 15217 0 88602 0 0 0
1791474672 2850, 13801, 48, 0x0000000000000000 | 4.06 6.61 7.01 | cpu  2803703 767 1149088 200437926 15218 0 88602 0 0 0
1791474673 2842, 13801, 48, 0x0000000000000000 | 4.06 6.61 7.01 | cpu  2804003 767 1149210 200448108 15218 0 88603 0 0 0
1791474674 2835, 13801, 53, 0x0000000000000000 | 4.05 6.57 6.99 | cpu  2804260 767 1149325 200458394 15218 0 88603 0 0 0
1791474675 2842, 13801, 51, 0x0000000000000000 | 4.05 6.57 6.99 | cpu  2804521 767 1149431 200468670 15218 0 88604 0 0 0
1791474676 2842, 13801, 49, 0x0000000000000000 | 4.05 6.57 6.99 | cpu  2804825 767 1149500 200478782 15218 0 88604 0 0 0
1791474677 2842, 13801, 48, 0x0000000000000000 | 4.05 6.57 6.99 | cpu  2805118 767 1149608 200489129 15218 0 88605 0 0 0
1791474678 2850, 13801, 49, 0x0000000000000000 | 3.97 6.51 6.97 | cpu  2805412 767 1149656 200499430 15219 0 88605 0 0 0
1791474679 2842, 13801, 54, 0x0000000000000000 | 3.97 6.51 6.97 | cpu  2805708 767 1149690 200509776 15219 0 88606 0 0 0
1791474680 2835, 13801, 50, 0x0000000000000000 | 3.97 6.51 6.97 | cpu  2805998 767 1149722 200520104 15219 0 88606 0 0 0
1791474682 2842, 13801, 50, 0x0000000000000000 | 3.97 6.51 6.97 | cpu  2806282 767 1149783 200530569 15219 0 88607 0 0 0
1791474683 2835, 13801, 51, 0x0000000000000000 | 3.97 6.51 6.97 | cpu  2806549 767 1149825 200540914 15219 0 88607 0 0 0
1791474684 2842, 13801, 50, 0x0000000000000000 | 3.73 6.42 6.94 | cpu  2806669 767 1149852 200551421 15219 0 88607 0 0 0
1791474685 2857, 13801, 47, 0x0000000000000000 | 3.73 6.42 6.94 | cpu  2806810 767 1149891 200561938 15220 0 88610 0 0 0
1791474686 2842, 13801, 52, 0x0000000000000000 | 3.73 6.42 6.94 | cpu  2807100 767 1149934 200572135 15220 0 88610 0 0 0
1791474687 2842, 13801, 50, 0x0000000000000000 | 3.73 6.42 6.94 | cpu  2807370 767 1149969 200582480 15220 0 88610 0 0 0
1791474688 2842, 13801, 51, 0x0000000000000000 | 3.75 6.38 6.92 | cpu  2807583 767 1150135 200592636 15220 0 88612 0 0 0
1791474689 2842, 13801, 50, 0x0000000000000000 | 3.75 6.38 6.92 | cpu  2808187 767 1150283 200602575 15220 0 88613 0 0 0
1791474690 2835, 13801, 51, 0x0000000000000000 | 3.75 6.38 6.92 | cpu  2808683 767 1150344 200612636 15221 0 88614 0 0 0
1791474692 2835, 13801, 51, 0x0000000000000000 | 3.75 6.38 6.92 | cpu  2809202 767 1150387 200622724 15221 0 88615 0 0 0
1791474693 2850, 13801, 48, 0x0000000000000000 | 3.75 6.38 6.92 | cpu  2809700 767 1150440 200632882 15221 0 88615 0 0 0
1791474694 2842, 13801, 49, 0x0000000000000000 | 3.69 6.32 6.90 | cpu  2810071 767 1150488 200643126 15221 0 88615 0 0 0
1791474695 2842, 13801, 52, 0x0000000000000000 | 3.69 6.32 6.90 | cpu  2810428 767 1150539 200653321 15221 0 88616 0 0 0
1791474696 2842, 13801, 49, 0x0000000000000000 | 3.69 6.32 6.90 | cpu  2810897 767 1150595 200663451 15222 0 88616 0 0 0
1791474697 2835, 13801, 52, 0x0000000000000000 | 3.69 6.32 6.90 | cpu  2811413 767 1150639 200673528 15222 0 88616 0 0 0
1791474698 2835, 13801, 57, 0x0000000000000000 | 3.64 6.26 6.88 | cpu  2811960 767 1150703 200683515 15222 0 88617 0 0 0
1791474699 2850, 13801, 48, 0x0000000000000000 | 3.64 6.26 6.88 | cpu  2812496 767 1150753 200693570 15222 0 88617 0 0 0
1791474700 2842, 13801, 50, 0x0000000000000000 | 3.64 6.26 6.88 | cpu  2812992 767 1150872 200703511 15222 0 88617 0 0 0
1791474702 2842, 13801, 50, 0x0000000000000000 | 3.64 6.26 6.88 | cpu  2813340 768 1150980 200713680 15223 0 88617 0 0 0
1791474703 2842, 13801, 52, 0x0000000000000000 | 3.64 6.26 6.88 | cpu  2813774 768 1151031 200723898 15223 0 88617 0 0 0
1791474704 2842, 13801, 49, 0x0000000000000000 | 3.59 6.21 6.86 | cpu  2814218 768 1151077 200734039 15223 0 88618 0 0 0
1791474705 2842, 13801, 50, 0x0000000000000000 | 3.59 6.21 6.86 | cpu  2814744 768 1151123 200744120 15223 0 88621 0 0 0
1791474706 2835, 13801, 55, 0x0000000000000000 | 3.59 6.21 6.86 | cpu  2815501 768 1151190 200753974 15223 0 88623 0 0 0
1791474707 2842, 13801, 51, 0x0000000000000000 | 3.59 6.21 6.86 | cpu  2816006 768 1151247 200764002 15223 0 88623 0 0 0
1791474708 2835, 13801, 51, 0x0000000000000000 | 3.54 6.16 6.84 | cpu  2816432 768 1151297 200774109 15223 0 88624 0 0 0
1791474709 2835, 13801, 55, 0x0000000000000000 | 3.54 6.16 6.84 | cpu  2816973 768 1151342 200784194 15223 0 88624 0 0 0
1791474710 2842, 13801, 51, 0x0000000000000000 | 3.54 6.16 6.84 | cpu  2817484 768 1151394 200794342 15223 0 88626 0 0 0
1791474712 2842, 13801, 50, 0x0000000000000000 | 3.54 6.16 6.84 | cpu  2817993 768 1151456 200804440 15223 0 88626 0 0 0
1791474713 2842, 13801, 48, 0x0000000000000000 | 3.54 6.16 6.84 | cpu  2818387 768 1151581 200814511 15225 0 88626 0 0 0
1791474714 2842, 13801, 50, 0x0000000000000000 | 3.49 6.10 6.82 | cpu  2818801 768 1151678 200824683 15225 0 88626 0 0 0
1791474715 2835, 13801, 51, 0x0000000000000000 | 3.49 6.10 6.82 | cpu  2819249 768 1151724 200834832 15225 0 88627 0 0 0
1791474716 2850, 13801, 53, 0x0000000000000000 | 3.49 6.10 6.82 | cpu  2819728 768 1151775 200844988 15225 0 88628 0 0 0
1791474717 2842, 13801, 49, 0x0000000000000000 | 3.49 6.10 6.82 | cpu  2820236 768 1151826 200855092 15225 0 88628 0 0 0
1791474718 2850, 13801, 48, 0x0000000000000000 | 3.62 6.09 6.81 | cpu  2820673 768 1151884 200865242 15227 0 88629 0 0 0
1791474719 2842, 13801, 53, 0x0000000000000000 | 3.62 6.09 6.81 | cpu  2821143 768 1151940 200875358 15227 0 88629 0 0 0
1791474720 2850, 13801, 48, 0x0000000000000000 | 3.62 6.09 6.81 | cpu  2821655 768 1151974 200885463 15227 0 88629 0 0 0
1791474722 2850, 13801, 47, 0x0000000000000000 | 3.62 6.09 6.81 | cpu  2822284 768 1152051 200895382 15227 0 88630 0 0 0
1791474723 2850, 13801, 47, 0x0000000000000000 | 3.62 6.09 6.81 | cpu  2822804 768 1152129 200905581 15227 0 88630 0 0 0
1791474724 2850, 13801, 54, 0x0000000000000000 | 3.65 6.05 6.79 | cpu  2823251 768 1152288 200915576 15228 0 88631 0 0 0
1791474725 2842, 13801, 52, 0x0000000000000000 | 3.65 6.05 6.79 | cpu  2823622 768 1152448 200925652 15228 0 88631 0 0 0
1791474726 2842, 13801, 47, 0x0000000000000000 | 3.65 6.05 6.79 | cpu  2823965 768 1152528 200935892 15228 0 88631 0 0 0
1791474727 2842, 13801, 51, 0x0000000000000000 | 3.65 6.05 6.79 | cpu  2824262 768 1152577 200946223 15228 0 88631 0 0 0
1791474728 2842, 13801, 50, 0x0000000000000000 | 3.75 6.03 6.78 | cpu  2824784 768 1152629 200956270 15229 0 88631 0 0 0
1791474729 2857, 13801, 47, 0x0000000000000000 | 3.75 6.03 6.78 | cpu  2825277 768 1152683 200966423 15229 0 88632 0 0 0
1791474730 2842, 13801, 49, 0x0000000000000000 | 3.75 6.03 6.78 | cpu  2825691 768 1152737 200976595 15229 0 88633 0 0 0
1791474732 2842, 13801, 52, 0x0000000000000000 | 3.75 6.03 6.78 | cpu  2826206 768 1152794 200986622 15229 0 88635 0 0 0
1791474733 2842, 13801, 49, 0x0000000000000000 | 3.75 6.03 6.78 | cpu  2826724 768 1152845 200996701 15229 0 88635 0 0 0
1791474734 2842, 13801, 53, 0x0000000000000000 | 3.69 5.98 6.76 | cpu  2827157 768 1152896 201006898 15229 0 88635 0 0 0
1791474735 2842, 13801, 53, 0x0000000000000000 | 3.69 5.98 6.76 | cpu  2827684 768 1152952 201016943 15229 0 88635 0 0 0
1791474736 2842, 13801, 49, 0x0000000000000000 | 3.69 5.98 6.76 | cpu  2828201 768 1153044 201026989 15232 0 88635 0 0 0
1791474737 2835, 13801, 50, 0x0000000000000000 | 3.69 5.98 6.76 | cpu  2828442 768 1153161 201037354 15232 0 88638 0 0 0
1791474738 2850, 13801, 48, 0x0000000000000000 | 3.64 5.93 6.74 | cpu  2828596 768 1153206 201047769 15232 0 88638 0 0 0
1791474739 2842, 13801, 49, 0x0000000000000000 | 3.64 5.93 6.74 | cpu  2828857 768 1153324 201058047 15232 0 88638 0 0 0
1791474740 2850, 13801, 47, 0x0000000000000000 | 3.64 5.93 6.74 | cpu  2828978 768 1153410 201068449 15232 0 88638 0 0 0
1791474742 2850, 13801, 48, 0x0000000000000000 | 3.64 5.93 6.74 | cpu  2829250 768 1153452 201078756 15232 0 88639 0 0 0
1791474743 2842, 13801, 51, 0x0000000000000000 | 3.64 5.93 6.74 | cpu  2829514 768 1153483 201089024 15232 0 88639 0 0 0
1791474744 2842, 13801, 53, 0x0000000000000000 | 3.51 5.87 6.72 | cpu  2829687 768 1153512 201099523 15232 0 88639 0 0 0
1791474745 2842, 13801, 49, 0x0000000000000000 | 3.51 5.87 6.72 | cpu  2829833 768 1153542 201110036 15233 0 88641 0 0 0
1791474746 2835, 13801, 52, 0x0000000000000000 | 3.51 5.87 6.72 | cpu  2830649 768 1153577 201119653 15233 0 88642 0 0 0
1791474747 2842, 13801, 53, 0x0000000000000000 | 3.51 5.87 6.72 | cpu  2831062 768 1153627 201129863 15233 0 88642 0 0 0
1791474748 2835, 13801, 53, 0x0000000000000000 | 3.63 5.85 6.71 | cpu  2831549 768 1153744 201139869 15233 0 88643 0 0 0
1791474749 2835, 13801, 51, 0x0000000000000000 | 3.63 5.85 6.71 | cpu  2831862 768 1153862 201150055 15233 0 88643 0 0 0
1791474750 2835, 13801, 52, 0x0000000000000000 | 3.63 5.85 6.71 | cpu  2832389 768 1153924 201160094 15233 0 88643 0 0 0
1791474752 2842, 13801, 48, 0x0000000000000000 | 3.63 5.85 6.71 | cpu  2832922 768 1153992 201170113 15233 0 88643 0 0 0
1791474753 2835, 13801, 51, 0x0000000000000000 | 3.63 5.85 6.71 | cpu  2833413 768 1154058 201180296 15234 0 88643 0 0 0
1791474754 2835, 13801, 52, 0x0000000000000000 | 3.50 5.79 6.68 | cpu  2833755 768 1154112 201190477 15234 0 88643 0 0 0
1791474755 2850, 13801, 48, 0x0000000000000000 | 3.50 5.79 6.68 | cpu  2834240 768 1154164 201200549 15234 0 88643 0 0 0
1791474756 2842, 13801, 50, 0x0000000000000000 | 3.50 5.79 6.68 | cpu  2834682 768 1154210 201210724 15234 0 88644 0 0 0
1791474757 2842, 13801, 49, 0x0000000000000000 | 3.50 5.79 6.68 | cpu  2835188 768 1154260 201220885 15234 0 88644 0 0 0
1791474758 2842, 13801, 51, 0x0000000000000000 | 3.62 5.78 6.67 | cpu  2835727 768 1154314 201230917 15235 0 88644 0 0 0
1791474759 2842, 13801, 52, 0x0000000000000000 | 3.62 5.78 6.67 | cpu  2836241 768 1154407 201240928 15235 0 88644 0 0 0
1791474760 2850, 13801, 48, 0x0000000000000000 | 3.62 5.78 6.67 | cpu  2836689 768 1154513 201250949 15235 0 88645 0 0 0
1791474762 2850, 13801, 48, 0x0000000000000000 | 3.62 5.78 6.67 | cpu  2837300 768 1154627 201260848 15235 0 88646 0 0 0
1791474763 2835, 13801, 53, 0x0000000000000000 | 3.62 5.78 6.67 | cpu  2837824 768 1154683 201270993 15235 0 88647 0 0 0
1791474764 2842, 13801, 53, 0x0000000000000000 | 7.17 6.48 6.90 | cpu  2838337 768 1154731 201281130 15236 0 88647 0 0 0
1791474765 2835, 13801, 56, 0x0000000000000000 | 7.17 6.48 6.90 | cpu  2838785 768 1154788 201291272 15236 0 88648 0 0 0
1791474766 2842, 13801, 49, 0x0000000000000000 | 7.17 6.48 6.90 | cpu  2839317 768 1154847 201301229 15236 0 88650 0 0 0
1791474767 2842, 13801, 51, 0x0000000000000000 | 7.17 6.48 6.90 | cpu  2839806 768 1154901 201311384 15236 0 88650 0 0 0
1791474768 2842, 13801, 50, 0x0000000000000000 | 7.00 6.45 6.89 | cpu  2840337 768 1155033 201321270 15236 0 88650 0 0 0
1791474769 2842, 13801, 52, 0x0000000000000000 | 7.00 6.45 6.89 | cpu  2840841 768 1155094 201331295 15237 0 88650 0 0 0
1791474770 2842, 13801, 49, 0x0000000000000000 | 7.00 6.45 6.89 | cpu  2841353 768 1155145 201341396 15237 0 88651 0 0 0
1791474772 2835, 13801, 52, 0x0000000000000000 | 7.00 6.45 6.89 | cpu  2841786 768 1155194 201351571 15237 0 88651 0 0 0
1791474773 2842, 13801, 52, 0x0000000000000000 | 7.00 6.45 6.89 | cpu  2842364 769 1155318 201361415 15237 0 88653 0 0 0
1791474774 2842, 13801, 51, 0x0000000000000000 | 6.68 6.39 6.86 | cpu  2842875 769 1155425 201371360 15238 0 88654 0 0 0
1791474775 2842, 13801, 49, 0x0000000000000000 | 6.68 6.39 6.86 | cpu  2843381 769 1155477 201381434 15238 0 88654 0 0 0
1791474776 2842, 13801, 49, 0x0000000000000000 | 6.68 6.39 6.86 | cpu  2843923 769 1155533 201391517 15238 0 88656 0 0 0
1791474777 2835, 13801, 50, 0x0000000000000000 | 6.68 6.39 6.86 | cpu  2844554 769 1155582 201401449 15238 0 88657 0 0 0
1791474778 2842, 13801, 53, 0x0000000000000000 | 6.54 6.37 6.85 | cpu  2845068 769 1155633 201411542 15238 0 88657 0 0 0
1791474779 2842, 13801, 50, 0x0000000000000000 | 6.54 6.37 6.85 | cpu  2845501 769 1155678 201421720 15239 0 88657 0 0 0
1791474780 2850, 13801, 47, 0x0000000000000000 | 6.54 6.37 6.85 | cpu  2845967 769 1155724 201431864 15239 0 88658 0 0 0
1791474782 2842, 13801, 48, 0x0000000000000000 | 6.54 6.37 6.85 | cpu  2846478 769 1155792 201441860 15239 0 88658 0 0 0
1791474783 2850, 13801, 51, 0x0000000000000000 | 6.54 6.37 6.85 | cpu  2846960 769 1155860 201451985 15239 0 88658 0 0 0
1791474784 2835, 13801, 54, 0x0000000000000000 | 6.42 6.35 6.84 | cpu  2847489 769 1155995 201462022 15241 0 88660 0 0 0
1791474785 2835, 13801, 51, 0x0000000000000000 | 6.42 6.35 6.84 | cpu  2848064 769 1156194 201471937 15242 0 88661 0 0 0
1791474786 2850, 13801, 48, 0x0000000000000000 | 6.42 6.35 6.84 | cpu  2848443 769 1156284 201482131 15242 0 88662 0 0 0
1791474787 2842, 13801, 50, 0x0000000000000000 | 6.42 6.35 6.84 | cpu  2848891 769 1156342 201492272 15242 0 88663 0 0 0
1791474788 2842, 13801, 49, 0x0000000000000000 | 6.47 6.36 6.84 | cpu  2849408 769 1156394 201502388 15243 0 88663 0 0 0
1791474789 2842, 13801, 50, 0x0000000000000000 | 6.47 6.36 6.84 | cpu  2849896 769 1156445 201512471 15243 0 88663 0 0 0
1791474790 2842, 13801, 50, 0x0000000000000000 | 6.47 6.36 6.84 | cpu  2850407 769 1156506 201522572 15243 0 88664 0 0 0
1791474792 2842, 13801, 48, 0x0000000000000000 | 6.47 6.36 6.84 | cpu  2850922 769 1156546 201532662 15243 0 88665 0 0 0
1791474793 2857, 13801, 46, 0x0000000000000000 | 6.47 6.36 6.84 | cpu  2851548 769 1156592 201542615 15243 0 88666 0 0 0
1791474794 2850, 13801, 47, 0x0000000000000000 | 6.27 6.32 6.83 | cpu  2852048 769 1156642 201552682 15245 0 88667 0 0 0
1791474795 2400, 13801, 43, 0x0000000000000000 | 6.27 6.32 6.83 | cpu  2852358 769 1156703 201562920 15245 0 88667 0 0 0
1791474796 2400, 13801, 43, 0x0000000000000000 | 6.27 6.32 6.83 | cpu  2852653 769 1156798 201573090 15245 0 88667 0 0 0
1791474797 2400, 13801, 42, 0x0000000000000000 | 6.27 6.32 6.83 | cpu  2852900 769 1156944 201583323 15245 0 88667 0 0 0
1791474798 2400, 13801, 42, 0x0000000000000000 | 6.01 6.26 6.81 | cpu  2853207 769 1157048 201593505 15245 0 88667 0 0 0
1791474799 2400, 13801, 42, 0x0000000000000000 | 6.01 6.26 6.81 | cpu  2853607 769 1157124 201603613 15245 0 88668 0 0 0
1791474800 2400, 13801, 42, 0x0000000000000000 | 6.01 6.26 6.81 | cpu  2854073 769 1157197 201613664 15245 0 88668 0 0 0
1791474801 2400, 13801, 42, 0x0000000000000000 | 6.01 6.26 6.81 | cpu  2854525 769 1157274 201623708 15245 0 88668 0 0 0
1791474803 2400, 13801, 42, 0x0000000000000000 | 6.01 6.26 6.81 | cpu  2854946 769 1157350 201633783 15245 0 88669 0 0 0
1791474804 2400, 13801, 42, 0x0000000000000000 | 5.85 6.23 6.79 | cpu  2855340 769 1157425 201643888 15245 0 88669 0 0 0
1791474805 2400, 13801, 42, 0x0000000000000000 | 5.85 6.23 6.79 | cpu  2855580 769 1157591 201654090 15245 0 88669 0 0 0
1791474806 2400, 13801, 42, 0x0000000000000000 | 5.85 6.23 6.79 | cpu  2855881 769 1157715 201664286 15245 0 88670 0 0 0
1791474807 2400, 13801, 42, 0x0000000000000000 | 5.85 6.23 6.79 | cpu  2856228 769 1157786 201674475 15245 0 88672 0 0 0
1791474808 2400, 13801, 42, 0x0000000000000000 | 5.85 6.23 6.79 | cpu  2856884 769 1157901 201684290 15246 0 88672 0 0 0
1791474809 2400, 13801, 42, 0x0000000000000000 | 5.86 6.22 6.79 | cpu  2857351 769 1158051 201694381 15246 0 88673 0 0 0
1791474810 2400, 13801, 42, 0x0000000000000000 | 5.86 6.22 6.79 | cpu  2857807 769 1158149 201704444 15246 0 88674 0 0 0
1791474811 2400, 13801, 42, 0x0000000000000000 | 5.86 6.22 6.79 | cpu  2858254 769 1158219 201714527 15246 0 88674 0 0 0
1791474813 2400, 13801, 42, 0x0000000000000000 | 5.86 6.22 6.79 | cpu  2858664 769 1158284 201724692 15246 0 88674 0 0 0
1791474814 2400, 13801, 42, 0x0000000000000000 | 5.63 6.17 6.77 | cpu  2859014 769 1158373 201734834 15246 0 88674 0 0 0
1791474815 2400, 13801, 42, 0x0000000000000000 | 5.63 6.17 6.77 | cpu  2859484 769 1158443 201744870 15249 0 88674 0 0 0
1791474816 2400, 13801, 42, 0x0000000000000000 | 5.63 6.17 6.77 | cpu  2859976 769 1158480 201754938 15249 0 88674 0 0 0
1791474817 2400, 13801, 42, 0x0000000000000000 | 5.63 6.17 6.77 | cpu  2860428 769 1158517 201765037 15249 0 88675 0 0 0
1791474818 2400, 13801, 42, 0x0000000000000000 | 5.63 6.17 6.77 | cpu  2860854 769 1158553 201775195 15249 0 88676 0 0 0
1791474819 2400, 13801, 42, 0x0000000000000000 | 5.50 6.13 6.75 | cpu  2861385 769 1158585 201785226 15251 0 88676 0 0 0
1791474820 2400, 13801, 42, 0x0000000000000000 | 5.50 6.13 6.75 | cpu  2861900 769 1158674 201795111 15251 0 88677 0 0 0
1791474821 2400, 13801, 42, 0x0000000000000000 | 5.50 6.13 6.75 | cpu  2862398 769 1158782 201804978 15251 0 88679 0 0 0
1791474822 2400, 13801, 42, 0x0000000000000000 | 5.50 6.13 6.75 | cpu  2862919 770 1158812 201815037 15251 0 88679 0 0 0
1791474824 2400, 13801, 42, 0x0000000000000000 | 5.38 6.10 6.74 | cpu  2863216 770 1158840 201825302 15251 0 88681 0 0 0
1791474825 2400, 13801, 42, 0x0000000000000000 | 5.38 6.10 6.74 | cpu  2863465 770 1158858 201835629 15251 0 88681 0 0 0
1791474826 2400, 13801, 42, 0x0000000000000000 | 5.38 6.10 6.74 | cpu  2863718 770 1158875 201845973 15252 0 88681 0 0 0
1791474827 2400, 13801, 42, 0x0000000000000000 | 5.38 6.10 6.74 | cpu  2863988 770 1158893 201856294 15252 0 88682 0 0 0
1791474828 2400, 13801, 42, 0x0000000000000000 | 5.38 6.10 6.74 | cpu  2864232 770 1158908 201866642 15252 0 88682 0 0 0
1791474829 2400, 13801, 42, 0x0000000000000000 | 5.11 6.03 6.71 | cpu  2864503 770 1158923 201876966 15252 0 88683 0 0 0
1791474830 2400, 13801, 42, 0x0000000000000000 | 5.11 6.03 6.71 | cpu  2864790 770 1158953 201887913 15253 0 88683 0 0 0
1791474831 397, 810, 41, 0x0000000000000000 | 5.11 6.03 6.71 | cpu  2865505 770 1159000 201898353 15253 0 88683 0 0 0
1791474833 240, 405, 41, 0x0000000000000000 | 5.11 6.03 6.71 | cpu  2866041 770 1159206 201908134 15253 0 88684 0 0 0
1791474834 180, 405, 41, 0x0000000000000000 | 5.02 6.00 6.70 | cpu  2866555 770 1159319 201918382 15253 0 88685 0 0 0
1791474835 180, 405, 41, 0x0000000000000000 | 5.02 6.00 6.70 | cpu  2867041 770 1159357 201928494 15253 0 88686 0 0 0
1791474836 180, 405, 41, 0x0000000000000000 | 5.02 6.00 6.70 | cpu  2867507 770 1159400 201938721 15254 0 88686 0 0 0
1791474837 180, 405, 41, 0x0000000000000000 | 5.02 6.00 6.70 | cpu  2868045 770 1159480 201948808 15254 0 88687 0 0 0
1791474838 180, 405, 41, 0x0000000000000000 | 5.02 6.00 6.70 | cpu  2868528 770 1159524 201958994 15254 0 88688 0 0 0
1791474839 180, 405, 41, 0x0000000000000000 | 4.86 5.95 6.68 | cpu  2869014 770 1159575 201969156 15254 0 88688 0 0 0
1791474840 180, 405, 41, 0x0000000000000000 | 4.86 5.95 6.68 | cpu  2869512 770 1159622 201979288 15255 0 88688 0 0 0
1791474842 180, 405, 41, 0x0000000000000000 | 4.86 5.95 6.68 | cpu  2870015 770 1159694 201990003 15255 0 88688 0 0 0
1791474843 180, 405, 41, 0x0000000000000000 | 4.86 5.95 6.68 | cpu  2870411 771 1159846 201999967 15255 0 88689 0 0 0
