1791158060 1, 0, 62.95
1791158061 1, 0, 53.59
1791158062 4, 0, 33.54
1791158063 4, 0, 25.50
1791158064 4, 0, 13.53
1791158065 4, 0, 12.29
1791158066 4, 0, 11.91
1791158067 508, 1, 15.24
1791158069 3770, 11, 65.05
1791158070 4830, 3, 73.11
1791158071 5590, 19, 70.46
1791158072 6650, 12, 71.20
1791158073 7690, 5, 72.53
1791158074 8750, 18, 73.07
1791158075 9790, 26, 71.04
1791158076 10530, 0, 73.54
1791158077 11230, 14, 72.78
1791158078 12270, 2, 72.99
1791158079 13330, 25, 71.81
1791158080 14370, 25, 73.28
1791158081 15430, 23, 73.74
1791158082 16470, 0, 73.83
1791158084 17170, 11, 71.04
1791158085 18210, 2, 74.30
1791158086 19270, 5, 74.17
1791158087 20310, 1, 74.43
1791158088 21332, 35, 65.86
1791158089 21612, 0, 66.19
1791158090 21612, 0, 64.82
1791158091 21612, 3, 65.28
1791158092 21612, 2, 65.40
1791158093 21612, 2, 65.38
1791158094 21612, 2, 65.18
1791158095 21612, 1, 65.33
1791158096 21612, 1, 65.07
1791158097 21640, 4, 67.98
1791158098 21640, 3, 68.63
1791158100 21640, 4, 70.71
1791158101 21640, 4, 67.33
1791158102 21642, 4, 65.43
1791158103 21642, 4, 65.39
1791158104 21642, 5, 64.96
1791158105 21642, 3, 64.92
1791158106 21642, 0, 65.08
1791158107 21642, 1, 65.34
1791158108 21642, 0, 64.93
1791158109 21642, 0, 64.69
1791158110 21642, 5, 65.37
1791158111 21642, 2, 65.30
1791158112 21642, 5, 64.98
1791158113 21642, 1, 65.17
1791158114 21642, 5, 64.99
1791158116 21642, 4, 65.53
1791158117 21642, 1, 65.23
1791158118 21642, 0, 65.20
1791158119 21642, 3, 65.35
1791158120 21642, 1, 65.38
1791158121 21642, 0, 65.40
1791158122 21642, 0, 65.44
1791158123 21642, 0, 65.63
1791158124 21642, 0, 65.17
1791158125 21642, 0, 65.45
1791158126 21642, 2, 65.85
1791158127 21642, 2, 65.69
1791158128 21642, 2, 65.55
1791158129 21642, 1, 65.58
1791158130 21642, 4, 65.75
1791158132 21642, 4, 65.85
1791158133 21642, 1, 65.64
1791158134 21642, 0, 65.63
1791158135 21642, 0, 65.73
1791158136 21642, 3, 65.98
1791158137 21642, 2, 65.62
1791158138 21642, 2, 65.60
1791158139 21642, 2, 65.66
1791158140 21642, 0, 65.50
1791158141 21642, 0, 65.64
1791158142 21642, 2, 65.79
1791158143 21642, 0, 65.54
1791158144 21642, 0, 65.87
1791158145 21642, 3, 65.50
1791158146 21642, 0, 65.79
1791158148 21642, 5, 66.42
1791158149 21642, 3, 66.28
1791158150 21642, 4, 66.72
1791158151 21642, 0, 66.32
1791158152 21642, 6, 66.76
1791158153 21642, 4, 66.73
1791158154 21642, 3, 66.89
1791158155 21642, 2, 66.37
1791158156 21642, 0, 66.63
1791158157 21642, 0, 66.82
1791158158 21642, 4, 66.85
1791158159 21642, 3, 66.64
1791158160 21642, 0, 66.31
1791158161 21642, 0, 66.45
1791158162 21642, 0, 66.62
1791158164 21642, 1, 66.76
1791158165 21642, 0, 66.72
1791158166 21642, 0, 66.75
1791158167 21642, 0, 67.25
1791158168 21642, 2, 67.19
1791158169 21642, 0, 67.21
1791158170 21642, 3, 67.22
1791158171 21642, 3, 67.02
1791158172 21642, 1, 67.31
1791158173 21642, 2, 67.70
1791158174 21652, 0, 67.95
1791158175 21654, 0, 67.97
1791158176 21656, 0, 68.27
1791158177 21656, 4, 69.88
1791158178 21656, 0, 70.95
1791158180 21656, 0, 69.44
1791158181 21660, 0, 79.75
1791158182 21660, 0, 69.43
1791158183 21660, 0, 68.88
1791158184 21660, 0, 68.76
1791158185 21720, 29, 158.70
1791158186 21050, 13, 142.45
1791158187 21052, 0, 98.14
1791158188 21054, 0, 68.86
1791158189 21194, 7, 71.42
1791158190 23658, 27, 136.46
1791158191 24040, 41, 185.08
1791158192 24708, 40, 266.54
1791158193 24720, 24, 163.02
1791158194 24720, 2, 88.68
1791158196 24900, 0, 69.76
1791158197 24900, 0, 132.06
1791158198 25480, 61, 96.66
1791158199 25586, 0, 224.60
1791158200 25586, 0, 85.07
1791158201 26626, 57, 124.40
1791158202 26626, 22, 284.02
1791158203 26638, 31, 168.90
1791158204 26652, 26, 137.54
1791158205 26652, 47, 219.11
1791158206 26652, 28, 170.40
1791158207 26652, 46, 222.68
1791158208 26662, 30, 173.26
1791158209 26662, 59, 239.99
1791158211 26662, 47, 246.92
1791158212 26676, 32, 205.38
1791158213 26676, 33, 231.31
1791158214 26676, 50, 214.93
1791158215 26676, 34, 213.99
1791158216 26676, 61, 249.35
1791158217 26676, 52, 262.75
1791158218 26676, 27, 217.15
1791158219 26676, 36, 191.72
1791158220 26676, 66, 295.83
1791158221 26836, 80, 327.84
1791158222 26836, 28, 243.33
1791158223 26836, 62, 209.85
1791158224 26836, 47, 297.73
1791158226 26836, 24, 266.52
1791158227 26836, 33, 184.51
1791158228 26836, 34, 198.23
1791158229 26836, 60, 260.17
1791158230 26836, 32, 232.60
1791158231 26836, 61, 241.09
1791158232 26836, 26, 229.07
1791158233 26836, 41, 203.26
1791158234 26836, 25, 265.80
1791158235 26836, 28, 181.63
1791158236 26836, 46, 210.49
1791158237 26836, 25, 244.17
1791158238 26836, 28, 220.42
1791158239 26836, 28, 176.34
1791158241 26836, 74, 246.15
1791158242 26836, 0, 273.12
1791158243 26836, 29, 172.68
1791158244 26836, 44, 211.27
1791158245 26836, 41, 212.02
1791158246 26836, 47, 228.97
1791158247 26836, 61, 263.51
1791158248 26836, 40, 269.99
1791158249 26836, 45, 241.80
1791158250 26836, 37, 225.21
1791158251 26836, 66, 226.46
1791158252 26836, 38, 272.53
1791158253 26836, 59, 238.19
1791158254 26836, 25, 286.35
1791158256 26836, 24, 189.24
1791158257 26836, 34, 190.93
1791158258 26836, 38, 228.55
1791158259 26836, 29, 192.80
1791158260 26836, 55, 236.75
1791158261 26836, 48, 225.38
1791158262 26836, 28, 235.09
1791158263 26836, 31, 190.18
1791158264 26836, 42, 219.62
1791158265 26836, 53, 250.70
1791158266 26836, 62, 276.01
1791158267 26836, 26, 216.77
1791158268 26836, 44, 232.16
1791158270 26836, 66, 299.50
1791158271 26836, 51, 258.74
1791158272 26836, 73, 275.59
1791158273 26836, 34, 192.62
1791158274 27136, 53, 230.47
1791158275 27136, 52, 331.32
1791158276 27136, 61, 279.33
1791158277 27136, 51, 252.71
1791158278 27136, 43, 223.98
1791158279 27136, 49, 316.32
1791158280 27136, 49, 298.22
1791158281 27136, 55, 225.06
1791158282 27136, 67, 295.22
1791158283 27136, 42, 314.00
1791158285 27136, 43, 259.75
1791158286 27136, 21, 268.70
1791158287 27136, 27, 185.55
1791158288 27136, 0, 126.00
1791158289 27136, 4, 82.97
1791158290 27136, 2, 78.86
1791158291 27136, 4, 78.54
1791158292 27136, 3, 78.66
1791158293 27136, 5, 78.94
1791158294 27136, 3, 78.84
1791158295 27136, 4, 78.73
1791158296 27136, 0, 78.21
1791158297 27136, 4, 78.19
1791158298 27136, 0, 78.43
1791158299 27136, 1, 78.29
1791158301 27136, 0, 77.94
1791158302 27136, 0, 77.60
1791158303 27136, 2, 77.59
1791158304 27136, 0, 78.27
1791158305 27136, 1, 77.56
1791158306 27136, 0, 77.18
1791158307 27136, 0, 77.41
1791158308 27136, 1, 77.39
1791158309 27136, 3, 77.74
1791158310 27136, 4, 77.59
1791158311 27136, 2, 77.06
1791158312 27136, 0, 76.89
1791158313 27136, 3, 76.96
1791158314 27136, 0, 76.94
1791158315 27136, 2, 76.82
1791158317 27136, 0, 76.21
1791158318 27136, 0, 76.51
1791158319 27136, 6, 76.62
1791158320 27136, 2, 76.39
1791158321 27136, 2, 76.58
1791158322 27136, 2, 76.58
1791158323 27136, 2, 76.35
1791158324 27136, 2, 76.71
1791158325 27136, 8, 77.50
1791158326 27136, 0, 76.40
1791158327 27136, 0, 75.76
1791158328 27136, 0, 76.03
1791158329 27136, 0, 76.22
