1791156022 1, 0, 74.52
1791156023 1, 0, 46.29
1791156024 4, 0, 39.79
1791156025 4, 0, 37.39
1791156026 4, 0, 25.02
1791156027 4, 0, 23.52
1791156029 4, 0, 23.79
1791156030 4, 0, 22.77
1791156031 4, 0, 23.50
1791156032 4, 0, 23.21
1791156033 672, 0, 23.66
1791156034 672, 0, 76.23
1791156035 672, 0, 75.79
1791156036 672, 0, 75.59
1791156037 672, 0, 75.64
1791156038 672, 0, 75.41
1791156039 740, 0, 75.94
1791156040 16200, 0, 75.88
1791156041 16200, 0, 72.10
1791156042 16200, 0, 66.64
1791156043 16210, 29, 70.73
1791156045 16220, 24, 77.29
1791156046 16230, 28, 76.22
1791156047 16242, 32, 78.01
1791156048 16254, 30, 77.75
1791156049 16264, 26, 76.13
1791156050 16276, 30, 77.52
1791156051 17626, 29, 77.53
1791156052 18874, 0, 73.00
1791156053 18874, 0, 63.61
1791156054 18874, 0, 63.36
1791156055 16812, 0, 64.17
1791156056 16812, 0, 63.46
1791156057 16812, 0, 63.94
1791156058 16838, 0, 63.87
1791156059 16978, 1, 67.10
1791156061 17218, 1, 63.55
1791156062 17438, 1, 64.15
1791156063 17638, 1, 64.23
1791156064 17858, 0, 64.20
1791156065 19244, 2, 64.78
1791156066 19244, 0, 65.37
1791156067 19244, 0, 63.90
1791156068 19244, 3, 70.69
1791156069 19244, 4, 66.20
1791156070 20984, 4, 65.94
1791156071 20984, 4, 64.78
1791156072 20984, 4, 64.72
1791156073 20984, 0, 64.64
1791156074 20984, 0, 64.13
1791156076 20984, 0, 63.87
1791156077 20984, 0, 64.06
1791156078 20984, 1, 64.19
1791156079 20984, 0, 64.48
1791156080 20984, 5, 63.96
1791156081 20984, 1, 64.05
1791156082 20984, 6, 64.22
1791156083 20984, 1, 64.17
1791156084 20984, 3, 64.21
1791156085 20984, 0, 64.15
1791156086 20984, 2, 64.43
1791156087 20984, 1, 64.46
1791156088 20984, 0, 64.18
1791156089 20984, 2, 64.19
1791156090 20984, 1, 64.01
1791156092 20984, 3, 64.01
1791156093 20984, 3, 64.25
1791156094 20984, 4, 64.51
1791156095 20984, 4, 64.02
1791156096 20984, 3, 63.89
1791156097 20984, 0, 63.89
1791156098 20984, 2, 64.56
1791156099 20984, 0, 65.00
1791156100 20984, 0, 64.79
1791156101 20984, 1, 64.64
1791156102 20984, 0, 64.68
1791156103 20984, 0, 64.41
1791156104 20984, 0, 64.59
1791156105 20984, 4, 64.21
1791156106 20984, 3, 64.02
1791156108 20984, 0, 64.82
1791156109 20984, 1, 64.49
1791156110 20984, 0, 64.69
1791156111 20984, 1, 64.89
1791156112 20984, 0, 64.21
1791156113 20984, 3, 64.78
1791156114 20984, 0, 64.76
1791156115 20984, 6, 64.77
1791156116 20984, 0, 64.90
1791156117 20984, 0, 64.56
1791156118 20984, 0, 64.80
1791156119 20984, 0, 64.74
1791156120 20984, 0, 64.81
1791156121 20984, 2, 64.67
1791156122 20984, 0, 64.52
1791156124 20984, 4, 64.83
1791156125 20984, 1, 65.26
1791156126 20984, 1, 65.08
1791156127 20984, 1, 64.97
1791156128 20984, 1, 64.85
1791156129 20984, 1, 65.36
1791156130 20984, 1, 65.46
1791156131 20984, 3, 64.96
1791156132 20984, 0, 65.13
1791156133 20984, 5, 65.14
1791156134 20984, 0, 65.31
1791156135 20984, 3, 65.64
1791156136 20984, 0, 65.50
1791156137 20984, 0, 65.23
1791156138 20984, 0, 65.36
1791156140 20984, 0, 65.52
1791156141 20986, 0, 70.97
1791156142 20986, 9, 66.84
1791156143 20986, 0, 73.74
1791156144 20986, 0, 77.34
1791156145 20988, 0, 65.22
1791156146 20990, 0, 77.39
1791156147 20990, 57, 157.32
1791156148 20990, 0, 90.11
1791156149 20990, 77, 102.67
1791156150 20992, 47, 149.62
1791156151 20992, 48, 157.45
1791156152 20992, 47, 148.09
1791156153 19246, 5, 142.51
1791156155 19246, 0, 80.71
1791156156 19346, 0, 73.86
1791156157 19348, 0, 65.72
1791156158 19348, 0, 74.40
1791156159 19348, 0, 64.93
1791156160 20074, 50, 117.63
1791156161 20074, 0, 89.39
1791156162 20074, 0, 76.29
1791156163 20082, 0, 92.38
1791156164 20082, 0, 86.04
1791156165 20082, 0, 66.23
1791156166 20082, 0, 65.96
1791156167 20082, 0, 66.38
1791156168 20084, 0, 78.11
1791156169 20084, 0, 65.70
1791156171 20652, 0, 76.66
1791156172 22352, 41, 137.43
1791156173 22654, 32, 143.24
1791156174 22654, 38, 139.85
1791156175 22654, 38, 140.27
1791156176 22714, 31, 152.95
1791156177 22732, 43, 151.31
1791156178 22746, 42, 149.05
1791156179 23692, 46, 147.60
1791156180 23692, 30, 159.45
1791156181 23978, 44, 157.47
1791156182 24078, 42, 169.34
1791156183 24078, 43, 166.76
1791156184 24078, 26, 157.99
1791156185 24084, 42, 148.83
1791156187 24106, 33, 137.57
1791156188 24106, 39, 140.31
1791156189 24106, 40, 162.65
1791156190 24106, 29, 138.23
1791156191 24106, 47, 136.72
1791156192 24106, 35, 140.32
1791156193 24106, 47, 144.20
1791156194 24106, 41, 153.33
1791156195 24116, 49, 154.39
1791156196 24118, 34, 146.12
1791156197 24118, 47, 153.71
1791156198 24118, 42, 169.87
1791156199 24118, 47, 162.51
1791156200 24118, 42, 164.68
1791156202 24130, 39, 156.54
1791156203 24130, 40, 149.04
1791156204 24130, 43, 160.81
1791156205 24130, 42, 159.64
1791156206 24130, 46, 168.00
1791156207 24130, 31, 155.93
1791156208 24130, 6, 131.98
1791156209 24130, 26, 147.75
1791156210 24130, 48, 143.73
1791156211 24130, 43, 174.11
1791156212 24130, 47, 167.18
1791156213 24130, 41, 164.72
1791156214 24130, 26, 151.30
1791156215 24130, 30, 148.76
1791156217 24130, 44, 141.13
1791156218 24130, 40, 154.58
1791156219 24130, 40, 148.33
1791156220 24130, 43, 170.87
1791156221 24130, 44, 161.53
1791156222 24130, 31, 157.21
1791156223 24130, 26, 162.30
1791156224 24130, 35, 148.90
1791156225 24130, 40, 148.75
1791156226 24130, 41, 147.69
1791156227 24130, 42, 177.74
1791156228 24130, 43, 159.71
1791156229 24130, 42, 178.36
1791156230 24130, 43, 163.98
1791156232 24130, 48, 148.64
1791156233 24130, 39, 149.19
1791156234 24130, 31, 162.87
1791156235 24130, 41, 153.23
1791156236 24130, 38, 154.82
1791156237 24130, 41, 147.49
1791156238 24130, 45, 171.64
1791156239 24130, 43, 165.62
1791156240 24130, 35, 156.37
1791156241 24130, 41, 139.27
1791156242 24130, 43, 172.79
1791156243 24130, 44, 162.02
1791156244 24130, 43, 165.61
1791156245 24130, 37, 144.09
1791156247 24130, 45, 169.85
1791156248 24130, 43, 166.67
1791156249 24130, 47, 166.58
1791156250 24130, 39, 152.46
1791156251 24130, 46, 141.49
1791156252 24130, 34, 144.43
1791156253 24130, 41, 144.14
1791156254 24130, 36, 161.39
1791156255 24130, 42, 159.00
1791156256 24130, 18, 158.36
1791156257 24130, 40, 132.80
1791156258 24130, 46, 151.18
1791156259 24130, 39, 156.90
1791156260 24130, 30, 145.02
1791156262 24130, 44, 177.61
1791156263 24130, 44, 175.26
1791156264 24130, 40, 156.25
1791156265 24130, 42, 152.37
1791156266 24130, 36, 149.25
1791156267 24130, 25, 142.70
1791156268 24130, 40, 160.36
1791156269 24130, 42, 148.29
1791156270 24130, 41, 163.62
1791156271 24130, 42, 158.78
1791156272 24130, 40, 166.21
1791156273 24130, 34, 154.27
1791156274 24130, 44, 165.80
1791156275 24130, 33, 166.00
1791156277 24130, 47, 169.74
1791156278 24130, 43, 149.13
1791156279 24130, 49, 172.40
1791156280 24130, 42, 165.57
1791156281 24130, 45, 162.14
1791156282 24130, 39, 151.44
1791156283 24130, 45, 157.07
1791156284 24130, 33, 178.33
1791156285 24130, 47, 165.03
1791156286 24130, 39, 157.51
1791156287 24130, 43, 159.80
1791156288 24130, 43, 185.09
1791156289 24130, 33, 167.41
1791156290 24130, 29, 153.24
1791156292 24130, 36, 143.02
1791156293 24130, 28, 152.72
1791156294 24130, 41, 151.21
1791156295 24130, 35, 169.59
1791156296 24130, 39, 158.10
1791156297 24130, 44, 156.60
1791156298 24130, 33, 157.79
1791156299 24130, 44, 151.21
1791156300 24130, 40, 152.29
1791156301 24130, 44, 169.77
1791156302 24130, 40, 181.11
1791156303 24130, 46, 172.98
1791156304 24130, 42, 177.25
1791156305 24130, 39, 172.84
1791156307 24130, 31, 166.91
1791156308 24130, 45, 161.97
1791156309 24130, 38, 164.90
1791156310 24130, 46, 171.76
1791156311 24130, 34, 175.68
1791156312 24130, 40, 168.10
1791156313 24130, 34, 177.70
1791156314 24130, 43, 161.38
1791156315 24130, 41, 184.06
1791156316 24130, 43, 174.88
1791156317 24130, 41, 183.66
1791156318 24130, 33, 168.99
1791156319 24130, 48, 167.99
1791156320 24130, 36, 178.18
1791156321 24130, 45, 166.87
1791156323 24130, 41, 171.52
1791156324 24130, 23, 150.91
1791156325 24130, 42, 171.47
1791156326 24130, 46, 175.13
1791156327 24130, 47, 176.99
1791156328 24130, 41, 169.82
1791156329 24130, 50, 178.55
1791156330 24130, 36, 187.04
1791156331 24130, 46, 182.93
1791156332 24130, 43, 174.01
1791156333 24130, 48, 180.70
1791156334 24130, 43, 167.75
1791156335 24130, 45, 169.46
1791156337 24130, 39, 168.51
1791156338 24130, 50, 170.64
1791156339 24130, 33, 180.66
1791156340 24130, 45, 167.91
1791156341 24130, 33, 181.09
1791156342 24130, 38, 165.16
1791156343 24130, 45, 182.93
1791156344 24130, 42, 178.00
1791156345 24150, 45, 189.63
1791156346 24150, 42, 172.04
1791156347 24150, 43, 183.37
1791156348 24150, 41, 167.56
1791156349 24150, 45, 174.32
1791156350 24150, 44, 170.53
1791156352 24150, 47, 166.76
1791156353 24150, 40, 167.02
1791156354 24150, 48, 171.92
1791156355 24150, 47, 161.64
1791156356 24150, 3, 147.28
1791156357 24150, 0, 94.01
1791156358 24150, 0, 86.67
1791156359 24150, 0, 79.46
1791156360 24150, 2, 79.42
1791156361 24150, 0, 78.91
1791156362 24150, 0, 78.64
1791156363 24150, 0, 78.58
1791156364 24150, 4, 79.13
1791156365 24150, 1, 78.86
1791156366 24150, 6, 78.68
1791156368 24150, 0, 78.34
1791156369 24150, 3, 78.93
1791156370 24150, 1, 78.29
1791156371 24150, 6, 78.46
1791156372 24150, 4, 78.14
1791156373 24150, 4, 77.90
1791156374 24150, 4, 78.00
1791156375 24150, 2, 78.02
1791156376 24150, 0, 77.62
1791156377 24150, 6, 77.04
1791156378 24150, 4, 77.07
1791156379 24150, 1, 77.12
1791156380 24150, 0, 77.49
1791156381 24150, 0, 77.53
1791156382 24150, 1, 77.15
1791156384 24150, 0, 77.07
1791156385 24150, 0, 77.25
1791156386 24150, 0, 77.26
1791156387 24150, 0, 77.14
1791156388 24150, 6, 78.06
1791156389 24150, 0, 77.16
1791156390 24150, 0, 76.98
1791156391 24150, 0, 76.97
1791156392 24150, 0, 76.77
