1791155748 1, 0, 23.47
1791155749 1, 0, 23.44
1791155750 4, 0, 25.33
1791155751 4, 0, 26.43
1791155752 4, 0, 22.34
1791155753 4, 0, 23.75
1791155754 4, 0, 25.02
1791155755 4, 0, 23.24
1791155757 508, 0, 61.83
1791155758 3770, 10, 65.58
1791155759 4550, 3, 70.00
1791155760 5590, 10, 65.64
1791155761 5590, 2, 67.61
1791155762 6650, 12, 68.26
1791155763 7690, 5, 67.78
1791155764 8750, 16, 71.54
1791155765 9790, 28, 71.79
1791155766 10870, 14, 73.30
1791155767 11930, 2, 69.85
1791155768 12970, 4, 71.46
1791155769 14030, 22, 70.78
1791155770 15430, 23, 70.66
1791155772 16470, 24, 71.67
1791155773 17510, 11, 71.45
1791155774 18910, 22, 71.90
1791155775 19970, 27, 71.24
1791155776 20312, 0, 68.07
1791155777 21612, 0, 65.28
1791155778 21612, 0, 62.51
1791155779 21612, 0, 62.47
1791155780 21612, 1, 63.72
1791155781 21612, 2, 63.53
1791155782 21612, 2, 63.15
1791155783 21612, 2, 63.17
1791155784 21612, 3, 64.24
1791155785 21612, 1, 63.57
1791155786 21612, 2, 63.42
1791155788 21640, 0, 66.01
1791155789 21640, 3, 68.45
1791155790 21640, 3, 69.39
1791155791 21640, 4, 64.66
1791155792 21642, 4, 63.50
1791155793 21642, 4, 63.37
1791155794 21642, 4, 63.76
1791155795 21642, 0, 63.45
1791155796 21642, 0, 63.51
1791155797 21642, 0, 63.41
1791155798 21642, 0, 63.27
1791155799 21642, 4, 63.12
1791155800 21642, 4, 63.48
1791155801 21642, 5, 62.97
1791155803 21642, 0, 62.91
1791155804 21642, 3, 63.06
1791155805 21642, 0, 63.78
1791155806 21642, 0, 63.55
1791155807 21642, 0, 64.03
1791155808 21642, 0, 63.41
1791155809 21642, 0, 63.87
1791155810 21642, 4, 63.76
1791155811 21642, 4, 63.38
1791155812 21642, 0, 63.59
1791155813 21642, 1, 63.64
1791155814 21642, 3, 63.89
1791155815 21642, 4, 64.15
1791155816 21642, 0, 63.94
1791155817 21642, 3, 64.17
1791155819 21642, 3, 64.14
1791155820 21642, 3, 63.94
1791155821 21642, 4, 64.13
1791155822 21642, 2, 64.25
1791155823 21642, 3, 64.23
1791155824 21642, 0, 63.59
1791155825 21642, 1, 63.99
1791155826 21642, 2, 64.25
1791155827 21642, 0, 64.62
1791155828 21642, 2, 64.36
1791155829 21642, 2, 64.33
1791155830 21642, 2, 63.79
1791155831 21642, 2, 64.46
1791155832 21642, 2, 64.67
1791155833 21642, 3, 64.35
1791155835 21642, 0, 64.11
1791155836 21642, 0, 64.35
1791155837 21642, 0, 64.64
1791155838 21642, 0, 64.21
1791155839 21642, 0, 64.56
1791155840 21642, 0, 63.97
1791155841 21642, 0, 64.29
1791155842 21642, 0, 65.15
1791155843 21642, 3, 65.04
1791155844 21642, 5, 64.95
1791155845 21642, 2, 64.77
1791155846 21642, 4, 64.97
1791155847 21642, 0, 65.23
1791155848 21642, 0, 65.35
1791155849 21642, 3, 64.72
1791155851 21642, 1, 64.67
1791155852 21642, 6, 65.23
1791155853 21642, 3, 65.34
1791155854 21642, 5, 65.53
1791155855 21642, 3, 65.33
1791155856 21642, 5, 65.14
1791155857 21642, 0, 65.13
1791155858 21642, 1, 65.19
1791155859 21642, 5, 65.16
1791155860 21642, 0, 65.06
1791155861 21642, 0, 65.31
1791155862 21642, 0, 65.29
1791155863 21642, 0, 65.42
1791155864 21642, 2, 65.40
1791155865 21642, 1, 65.22
1791155867 21642, 1, 65.35
1791155868 21652, 0, 66.08
1791155869 21654, 0, 65.79
1791155870 21656, 0, 65.99
1791155871 21656, 0, 65.90
1791155872 21656, 0, 65.76
1791155873 21656, 0, 67.12
1791155874 21656, 0, 70.17
1791155875 21660, 0, 75.67
1791155876 21660, 0, 66.96
1791155877 21660, 0, 65.99
1791155878 21660, 1, 66.90
1791155879 21660, 0, 71.18
1791155880 21720, 9, 68.69
1791155881 21720, 17, 176.88
1791155883 21112, 10, 108.86
1791155884 21112, 0, 67.17
1791155885 21112, 0, 68.56
1791155886 21194, 0, 68.01
1791155887 23478, 21, 96.03
1791155888 24020, 31, 165.38
1791155889 24750, 53, 263.63
1791155890 24780, 0, 163.16
1791155891 24780, 0, 82.64
1791155892 24920, 30, 93.36
1791155893 24920, 2, 79.44
1791155894 24920, 0, 68.26
1791155895 24920, 0, 67.98
1791155896 25746, 67, 129.32
1791155897 26628, 67, 318.29
1791155899 26654, 20, 192.57
1791155900 26654, 23, 167.66
1791155901 26654, 19, 206.76
1791155902 26654, 34, 170.68
1791155903 26662, 18, 218.78
1791155904 26662, 45, 196.68
1791155905 26662, 41, 278.19
1791155906 26676, 30, 171.73
1791155907 26676, 47, 230.51
1791155908 26676, 50, 250.46
1791155909 26676, 36, 204.50
1791155910 26676, 52, 243.26
1791155911 26676, 56, 284.14
1791155912 26676, 25, 172.03
1791155914 26676, 69, 261.81
1791155915 26976, 79, 349.99
1791155916 26976, 20, 276.36
1791155917 26976, 29, 179.62
1791155918 26976, 54, 275.63
1791155919 26976, 32, 307.30
1791155920 26976, 25, 160.97
1791155921 26976, 22, 207.00
1791155922 26976, 61, 221.47
1791155923 26976, 33, 291.34
1791155924 26976, 48, 235.52
1791155925 26976, 28, 253.92
1791155926 26976, 52, 232.34
1791155927 26976, 33, 252.03
1791155929 26976, 34, 163.59
1791155930 26976, 36, 313.39
1791155931 26976, 41, 203.04
1791155932 26976, 31, 223.11
1791155933 26976, 69, 315.96
1791155934 26978, 29, 213.50
1791155935 26978, 23, 161.16
1791155936 26978, 44, 234.07
1791155937 26978, 48, 243.68
1791155938 26978, 57, 287.97
1791155939 26978, 36, 271.50
1791155940 26978, 57, 265.12
1791155941 26978, 35, 216.01
1791155942 26978, 63, 279.73
1791155944 26978, 38, 211.46
1791155945 26978, 45, 315.48
1791155946 26978, 23, 187.31
1791155947 26978, 31, 175.17
1791155948 26978, 27, 257.24
1791155949 26978, 19, 203.50
1791155950 26978, 43, 177.96
1791155951 26978, 0, 197.40
1791155952 26978, 44, 244.99
1791155953 26978, 25, 181.77
1791155954 26978, 27, 194.50
1791155955 26978, 44, 241.40
1791155956 26978, 44, 260.98
1791155957 26978, 57, 286.82
1791155959 26978, 46, 245.80
1791155960 26978, 58, 338.23
1791155961 26978, 45, 267.58
1791155962 26978, 47, 320.53
1791155963 26978, 43, 217.21
1791155964 27358, 77, 357.14
1791155965 27358, 47, 297.27
1791155966 27358, 30, 252.69
1791155967 27358, 54, 248.68
1791155968 27358, 46, 334.73
1791155969 27358, 45, 291.02
1791155970 27358, 58, 313.07
1791155971 27358, 43, 383.22
1791155972 27358, 45, 241.40
1791155974 27358, 31, 248.09
1791155975 27358, 23, 186.91
1791155976 27358, 1, 116.11
1791155977 27358, 5, 84.29
1791155978 27358, 0, 79.70
1791155979 27358, 3, 79.30
1791155980 27358, 0, 79.34
1791155981 27358, 3, 78.91
1791155982 27358, 3, 79.01
1791155983 27358, 2, 78.15
1791155984 27358, 4, 78.27
1791155985 27358, 0, 77.98
1791155986 27358, 0, 77.83
1791155987 27358, 0, 77.94
1791155989 27358, 4, 78.24
1791155990 27358, 0, 78.53
1791155991 27358, 0, 78.10
1791155992 27358, 0, 77.74
1791155993 27358, 1, 77.94
1791155994 27358, 0, 78.07
1791155995 27358, 1, 78.08
1791155996 27358, 0, 77.84
1791155997 27358, 3, 77.33
1791155998 27358, 5, 77.87
1791155999 27358, 1, 77.24
1791156000 27358, 6, 77.49
1791156001 27358, 4, 76.93
1791156002 27358, 3, 76.98
1791156003 27358, 4, 77.04
1791156005 27358, 0, 77.44
1791156006 27358, 0, 77.40
1791156007 27358, 1, 76.78
1791156008 27358, 2, 76.97
1791156009 27358, 2, 77.23
1791156010 27358, 2, 77.34
1791156011 27358, 2, 76.91
1791156012 27358, 6, 77.39
1791156013 27358, 0, 76.57
1791156014 27358, 0, 76.81
1791156015 27358, 0, 76.68
1791156016 27358, 0, 76.45
1791156017 27358, 0, 76.51
1791156018 27358, 0, 76.25
