1790974512 0, 0, 31.53
1790974513 0, 0, 32.74
1790974514 3, 0, 34.22
1790974515 3, 0, 34.21
1790974516 3, 0, 31.22
1790974517 3, 0, 33.56
1790974519 3, 0, 33.70
1790974520 507, 0, 46.66
1790974521 3739, 4, 84.02
1790974522 4799, 20, 87.36
1790974523 5559, 24, 88.15
1790974524 6619, 21, 89.81
1790974525 7659, 0, 87.13
1790974526 7939, 10, 86.71
1790974527 8719, 11, 87.28
1790974528 9759, 12, 86.69
1790974529 10139, 24, 87.13
1790974530 11199, 14, 87.63
1790974531 11899, 24, 88.47
1790974532 12599, 21, 87.11
1790974533 12939, 0, 87.24
1790974535 13639, 15, 84.25
1790974536 14339, 16, 87.06
1790974537 14699, 4, 84.40
1790974538 15399, 22, 87.85
1790974539 16079, 11, 87.62
1790974540 16779, 11, 84.34
1790974541 17479, 19, 91.19
1790974542 18179, 0, 88.04
1790974543 18879, 18, 87.40
1790974544 19939, 5, 88.04
1790974545 20279, 6, 87.45
1790974546 21581, 17, 83.51
1790974547 21581, 0, 80.71
1790974548 21581, 0, 80.11
1790974549 21581, 3, 80.20
1790974550 21581, 5, 82.08
1790974551 21581, 2, 81.79
1790974552 21581, 5, 81.78
1790974553 21581, 4, 81.10
1790974555 21581, 4, 81.43
1790974556 21609, 5, 82.81
1790974557 21609, 2, 81.48
1790974558 21611, 1, 81.13
1790974559 21611, 2, 80.79
1790974560 21611, 1, 81.08
1790974561 21611, 3, 81.51
1790974562 21611, 2, 81.16
1790974563 21611, 6, 80.75
1790974565 21611, 9, 80.56
1790974566 21611, 0, 81.23
1790974567 21611, 12, 81.61
1790974568 21611, 0, 80.98
1790974569 21611, 0, 81.19
1790974570 21611, 3, 81.61
1790974571 21611, 3, 81.21
1790974572 21611, 8, 81.60
1790974573 21611, 0, 81.02
1790974574 21611, 0, 81.04
1790974575 21611, 0, 81.35
1790974576 21611, 6, 81.59
1790974577 21611, 0, 80.89
1790974578 21611, 3, 80.86
1790974579 21611, 0, 81.23
1790974581 21611, 5, 81.17
1790974582 21611, 4, 81.35
1790974583 21611, 1, 81.04
1790974584 21611, 0, 80.79
1790974585 21611, 6, 81.39
1790974586 21611, 6, 81.44
1790974587 21611, 0, 81.13
1790974588 21611, 2, 80.80
1790974589 21611, 5, 80.84
1790974590 21611, 2, 81.27
1790974591 21611, 4, 81.14
1790974592 21611, 5, 80.81
1790974593 21611, 0, 81.40
1790974594 21611, 3, 81.77
1790974595 21611, 8, 81.71
1790974596 21611, 6, 81.51
1790974598 21611, 0, 81.54
1790974599 21611, 3, 81.25
1790974600 21611, 2, 81.84
1790974601 21611, 5, 82.07
1790974602 21611, 10, 81.55
1790974603 21611, 5, 81.53
1790974604 21611, 1, 82.07
1790974605 21611, 0, 81.58
1790974606 21611, 9, 81.81
1790974607 21611, 2, 81.47
1790974608 21611, 5, 81.84
1790974609 21611, 0, 82.02
1790974610 21611, 0, 82.43
1790974611 21611, 1, 81.75
1790974612 21611, 8, 81.40
1790974613 21611, 7, 81.78
1790974614 21611, 1, 81.67
1790974616 21611, 2, 81.97
1790974617 21611, 5, 81.32
1790974618 21611, 0, 81.15
1790974619 21611, 0, 82.40
1790974620 21611, 2, 82.14
1790974621 21611, 5, 81.73
1790974622 21611, 3, 81.63
1790974623 21625, 3, 82.26
1790974624 21625, 0, 82.14
1790974625 21625, 1, 82.46
1790974626 21625, 0, 82.79
1790974627 21625, 0, 81.87
1790974628 21627, 0, 101.21
1790974629 21627, 0, 84.86
1790974630 21629, 0, 82.20
1790974631 21629, 0, 83.40
1790974633 21629, 0, 82.39
1790974634 21629, 0, 82.83
1790974635 21629, 0, 129.39
1790974636 21631, 0, 169.47
1790974637 21631, 7, 153.07
1790974638 20081, 0, 165.85
1790974639 20081, 0, 87.57
1790974640 20083, 0, 88.02
1790974641 20787, 0, 126.23
1790974642 21389, 33, 216.27
1790974643 22405, 50, 285.64
1790974644 22429, 52, 218.06
1790974645 23275, 59, 317.18
1790974646 24155, 50, 332.08
1790974647 24173, 29, 242.50
1790974648 24181, 31, 178.27
1790974649 24183, 51, 260.72
1790974650 24183, 31, 215.49
1790974652 24191, 52, 265.14
1790974653 24193, 36, 222.59
1790974654 24193, 64, 304.57
1790974655 24205, 51, 259.67
1790974656 24205, 37, 234.71
1790974657 24205, 51, 248.11
1790974658 24205, 55, 279.94
1790974659 24205, 40, 245.11
1790974660 24205, 64, 308.45
1790974661 24205, 52, 277.59
1790974662 24205, 32, 208.49
1790974663 24205, 42, 256.70
1790974664 24405, 72, 318.44
1790974665 24405, 0, 287.96
1790974666 24405, 56, 234.50
1790974667 24405, 52, 328.44
1790974668 24405, 47, 310.66
1790974669 24405, 30, 206.83
1790974670 24405, 36, 249.99
1790974671 24405, 43, 221.95
1790974673 24405, 60, 322.54
1790974674 24405, 33, 231.79
1790974675 24405, 62, 279.04
1790974676 24405, 40, 248.42
1790974677 24405, 60, 297.23
1790974678 24405, 38, 225.32
1790974679 24405, 31, 230.18
1790974680 24405, 66, 314.96
1790974681 24405, 51, 263.72
1790974682 24405, 43, 263.66
1790974683 24405, 72, 335.78
1790974684 24405, 30, 216.38
1790974685 24405, 45, 223.84
1790974686 24405, 41, 254.29
1790974687 24405, 49, 265.07
1790974688 24405, 61, 296.67
1790974689 24405, 42, 301.63
1790974691 24405, 52, 281.09
1790974692 24405, 0, 285.05
1790974693 24405, 53, 285.05
1790974694 24405, 59, 297.11
1790974695 24405, 35, 285.74
1790974696 24405, 68, 304.17
1790974697 24405, 38, 226.44
1790974698 24405, 34, 246.33
1790974699 24405, 57, 272.32
1790974700 24405, 43, 217.39
1790974701 24405, 56, 281.07
1790974702 24405, 55, 295.18
1790974703 24405, 36, 246.11
1790974704 24405, 42, 240.68
1790974705 24405, 51, 268.80
1790974706 24405, 52, 281.18
1790974708 24405, 63, 306.48
1790974709 24405, 56, 303.98
1790974710 24405, 66, 284.13
1790974711 24405, 49, 303.32
1790974712 24405, 55, 318.17
1790974713 24405, 43, 283.68
1790974714 24645, 65, 335.66
1790974715 24645, 65, 346.08
1790974716 24645, 61, 304.89
1790974717 24645, 56, 279.13
1790974718 24645, 47, 254.84
1790974719 24645, 66, 332.30
1790974720 24645, 65, 324.00
1790974721 24645, 72, 339.87
1790974722 24645, 47, 337.40
1790974723 24645, 50, 294.31
1790974724 24645, 29, 289.38
1790974725 24645, 32, 246.27
1790974727 24645, 3, 171.51
1790974728 24645, 3, 100.48
1790974729 24645, 2, 85.03
1790974730 24645, 0, 86.30
1790974731 24645, 6, 86.01
1790974732 24645, 5, 84.95
1790974733 24645, 0, 85.43
1790974734 24645, 4, 85.99
1790974735 24645, 5, 85.55
1790974736 24645, 0, 84.99
1790974737 24645, 5, 85.41
1790974738 24645, 0, 85.85
1790974739 24645, 2, 84.51
1790974740 24645, 10, 84.19
1790974741 24645, 3, 85.27
1790974742 24645, 1, 85.32
1790974743 24645, 6, 84.01
1790974744 24645, 0, 84.02
1790974746 24645, 8, 84.25
1790974747 24645, 6, 84.04
1790974748 24645, 0, 82.88
1790974749 24645, 2, 84.40
1790974750 24645, 8, 84.41
1790974751 24645, 2, 83.50
1790974752 24645, 0, 83.69
1790974753 24645, 0, 84.74
1790974754 24645, 3, 84.15
1790974755 24645, 4, 83.33
1790974756 24645, 3, 84.38
1790974757 24645, 0, 85.25
1790974758 24645, 0, 82.71
1790974759 24645, 0, 82.41
1790974760 24645, 0, 83.99
