1790976322 0, 0, 83.58
1790976324 0, 0, 58.61
1790976325 3, 0, 46.60
1790976326 3, 0, 41.63
1790976327 3, 0, 34.93
1790976328 3, 0, 32.67
1790976329 3, 0, 32.89
1790976330 3, 0, 33.32
1790976331 3, 0, 33.89
1790976332 641, 0, 33.23
1790976333 641, 0, 58.36
1790976334 641, 0, 81.02
1790976335 641, 0, 79.75
1790976336 641, 0, 80.36
1790976337 711, 0, 81.00
1790976338 16171, 0, 81.04
1790976339 16171, 0, 80.00
1790976340 16177, 40, 87.46
1790976341 16185, 34, 109.33
1790976343 16193, 38, 111.29
1790976344 16203, 37, 112.14
1790976345 16213, 38, 114.55
1790976346 16223, 36, 112.62
1790976347 16231, 35, 107.31
1790976348 16239, 35, 93.97
1790976349 16369, 30, 93.09
1790976350 17919, 34, 93.06
1790976351 18845, 38, 94.63
1790976352 18845, 0, 84.36
1790976353 17785, 0, 80.95
1790976354 16783, 4, 79.94
1790976355 16783, 0, 79.78
1790976356 16791, 0, 80.75
1790976357 16829, 0, 83.58
1790976358 17069, 2, 79.89
1790976360 17309, 2, 81.09
1790976361 17569, 2, 80.85
1790976362 17789, 2, 79.92
1790976363 19215, 2, 82.82
1790976364 19215, 0, 80.13
1790976365 19215, 0, 79.74
1790976366 20955, 6, 80.24
1790976367 20955, 8, 82.89
1790976368 20955, 10, 81.56
1790976369 20955, 18, 80.84
1790976370 20955, 7, 80.12
1790976371 20955, 0, 81.70
1790976372 20955, 12, 81.42
1790976373 20955, 10, 79.81
1790976374 20955, 0, 80.56
1790976375 20955, 4, 80.36
1790976377 20955, 0, 80.01
1790976378 20955, 8, 79.79
1790976379 20955, 37, 80.92
1790976380 20955, 4, 80.36
1790976381 20955, 4, 79.82
1790976382 20955, 10, 81.04
1790976383 20955, 1, 80.80
1790976384 20955, 0, 80.07
1790976385 20955, 6, 79.60
1790976386 20955, 18, 80.98
1790976387 20955, 2, 80.44
1790976388 20955, 9, 79.76
1790976389 20955, 1, 80.68
1790976390 20955, 0, 80.74
1790976391 20955, 0, 80.05
1790976393 20955, 18, 79.82
1790976394 20955, 7, 80.64
1790976395 20955, 0, 80.50
1790976396 20955, 29, 79.75
1790976397 20955, 0, 80.05
1790976398 20955, 0, 80.43
1790976399 20955, 6, 80.30
1790976400 20955, 13, 79.65
1790976401 20955, 2, 80.30
1790976402 20955, 9, 80.82
1790976403 20955, 0, 83.45
1790976404 20955, 0, 84.81
1790976405 20955, 8, 81.68
1790976406 20955, 8, 80.63
1790976407 20955, 0, 79.63
1790976408 20955, 9, 80.25
1790976409 20955, 0, 80.41
1790976410 20955, 0, 80.06
1790976412 20955, 7, 79.78
1790976413 20955, 15, 80.68
1790976414 20955, 4, 80.29
1790976415 20955, 1, 80.04
1790976416 20955, 9, 79.97
1790976417 20955, 5, 80.69
1790976418 20955, 0, 80.36
1790976419 20955, 2, 79.53
1790976420 20955, 14, 79.87
1790976421 20955, 0, 79.95
1790976422 20959, 0, 80.17
1790976423 20959, 0, 79.77
1790976424 20961, 54, 101.75
1790976425 20961, 57, 190.72
1790976426 20963, 30, 155.31
1790976427 20963, 48, 190.91
1790976428 20963, 48, 182.38
1790976430 20963, 49, 181.02
1790976431 19239, 0, 109.82
1790976432 20465, 31, 101.86
1790976433 20473, 0, 109.02
1790976434 21325, 6, 108.15
1790976435 23065, 41, 159.49
1790976436 23085, 50, 181.28
1790976437 23165, 40, 169.57
1790976438 23225, 42, 192.16
1790976439 23237, 43, 188.04
1790976440 23257, 49, 180.34
1790976441 24063, 37, 162.67
1790976442 24063, 42, 194.75
1790976443 24669, 51, 203.70
1790976444 24669, 46, 206.03
1790976445 24669, 45, 193.69
1790976446 24669, 37, 177.85
1790976448 24697, 49, 177.24
1790976449 24697, 37, 166.07
1790976450 24697, 50, 187.88
1790976451 24697, 41, 180.47
1790976452 24699, 49, 176.32
1790976453 24699, 37, 170.81
1790976454 24699, 39, 200.08
1790976455 24709, 42, 188.42
1790976456 24709, 40, 173.50
1790976457 24709, 39, 184.17
1790976458 24709, 45, 198.79
1790976459 24709, 39, 201.49
1790976460 24709, 41, 184.03
1790976461 24721, 39, 183.51
1790976462 24721, 51, 174.97
1790976463 24721, 41, 199.22
1790976465 24721, 52, 191.76
1790976466 24721, 42, 201.57
1790976467 24721, 0, 166.12
1790976468 24721, 34, 171.59
1790976469 24721, 37, 196.57
1790976470 24721, 43, 199.57
1790976471 24721, 45, 201.62
1790976472 24721, 41, 193.09
1790976473 24721, 48, 189.48
1790976474 24721, 39, 166.59
1790976475 24721, 50, 190.14
1790976476 24721, 38, 176.47
1790976477 24721, 43, 206.50
1790976478 24721, 33, 195.65
1790976479 24721, 46, 206.14
1790976480 24721, 48, 208.58
1790976481 24721, 40, 178.98
1790976483 24721, 48, 190.03
1790976484 24721, 41, 202.27
1790976485 24721, 51, 203.10
1790976486 24721, 42, 197.99
1790976487 24721, 50, 183.42
1790976488 24721, 40, 163.79
1790976489 24721, 48, 199.24
1790976490 24721, 41, 181.62
1790976491 24721, 45, 181.79
1790976492 24721, 39, 179.89
1790976493 24721, 42, 210.54
1790976494 24721, 45, 196.85
1790976495 24721, 39, 171.44
1790976496 24721, 45, 213.53
1790976497 24721, 44, 195.60
1790976498 24721, 37, 187.54
1790976499 24721, 36, 170.81
1790976500 24721, 40, 208.29
1790976502 24721, 44, 193.82
1790976503 24721, 39, 188.24
1790976504 24721, 41, 175.29
1790976505 24721, 38, 177.62
1790976506 24721, 53, 203.93
1790976507 24721, 46, 197.32
1790976508 24721, 51, 202.07
1790976509 24721, 42, 181.64
1790976510 24721, 51, 192.90
1790976511 24721, 41, 177.03
1790976512 24721, 54, 223.57
1790976513 24721, 46, 211.14
1790976514 24721, 40, 177.85
1790976515 24721, 50, 178.57
1790976516 24721, 40, 169.46
1790976517 24721, 45, 188.58
1790976518 24721, 42, 183.81
1790976519 24721, 39, 202.63
1790976521 24721, 40, 181.88
1790976522 24721, 41, 197.20
1790976523 24721, 36, 181.96
1790976524 24741, 38, 206.23
1790976525 24741, 40, 193.74
1790976526 24741, 34, 193.36
1790976527 24741, 36, 185.12
1790976528 24741, 48, 203.88
1790976529 24741, 43, 190.46
1790976530 24741, 42, 188.05
1790976531 24741, 39, 183.60
1790976532 24741, 42, 198.40
1790976533 24741, 38, 197.54
1790976534 24741, 38, 177.15
1790976535 24741, 42, 217.92
1790976536 24741, 45, 204.34
1790976538 24741, 38, 195.39
1790976539 24741, 38, 175.05
1790976540 24741, 39, 183.90
1790976541 24741, 46, 172.01
1790976542 24741, 41, 192.33
1790976543 24741, 44, 199.62
1790976544 24741, 39, 177.49
1790976545 24741, 49, 180.47
1790976546 24741, 39, 165.18
1790976547 24741, 48, 202.37
1790976548 24741, 41, 187.41
1790976549 24741, 48, 200.20
1790976550 24741, 38, 186.72
1790976551 24741, 38, 177.39
1790976552 24741, 46, 175.88
1790976553 24741, 40, 185.34
1790976554 24741, 45, 186.99
1790976556 24741, 41, 195.15
1790976557 24741, 53, 193.49
1790976558 24741, 43, 187.59
1790976559 24741, 51, 214.07
1790976560 24741, 43, 196.96
1790976561 24741, 52, 205.81
1790976562 24741, 38, 187.46
1790976563 24741, 52, 211.78
1790976564 24741, 45, 196.59
1790976565 24741, 50, 206.13
1790976566 24741, 41, 188.98
1790976567 24741, 43, 209.69
1790976568 24741, 49, 203.40
1790976569 24741, 40, 191.11
1790976570 24741, 54, 195.05
1790976571 24741, 48, 222.33
1790976573 24741, 53, 215.48
1790976574 24741, 43, 203.94
1790976575 24741, 52, 202.07
1790976576 24741, 39, 195.76
1790976577 24741, 43, 198.16
1790976578 24741, 39, 183.24
1790976579 24741, 53, 223.48
1790976580 24741, 44, 205.13
1790976581 24741, 51, 209.42
1790976582 24741, 43, 192.18
1790976583 24741, 57, 214.81
1790976584 24741, 45, 195.86
1790976585 24741, 54, 219.79
1790976586 24741, 44, 203.32
1790976587 24741, 41, 200.38
1790976588 24741, 52, 202.11
1790976589 24741, 42, 195.19
1790976590 24741, 49, 189.38
1790976591 24741, 49, 192.43
1790976593 24741, 50, 195.62
1790976594 24741, 49, 184.10
1790976595 24741, 5, 179.06
1790976596 24741, 6, 104.34
1790976597 24741, 0, 87.00
1790976598 24741, 0, 82.05
1790976599 24741, 0, 82.97
1790976600 24741, 0, 82.76
1790976601 24741, 0, 82.29
1790976602 24741, 0, 81.76
1790976603 24741, 2, 83.11
1790976604 24741, 11, 82.53
1790976605 24741, 15, 81.69
1790976606 24741, 15, 82.45
1790976607 24741, 18, 82.69
1790976608 24741, 5, 81.87
1790976610 24741, 0, 81.31
1790976611 24741, 1, 82.50
1790976612 24741, 5, 82.14
1790976613 24741, 10, 81.83
1790976614 24741, 10, 81.85
1790976615 24741, 11, 82.43
1790976616 24741, 5, 81.83
1790976617 24741, 0, 81.03
1790976618 24741, 0, 82.07
1790976619 24741, 0, 82.37
1790976620 24741, 20, 82.84
1790976621 24741, 22, 81.75
1790976622 24741, 0, 82.30
1790976623 24741, 0, 82.02
1790976624 24741, 0, 81.12
