1791083921 0, 0, 61.38
1791083922 0, 0, 43.49
1791083923 3, 0, 29.62
1791083924 3, 0, 28.92
1791083925 3, 0, 18.05
1791083926 3, 0, 15.06
1791083928 20, 0, 12.87
1791083929 3659, 35, 51.62
1791083930 4519, 29, 73.25
1791083931 5559, 33, 72.12
1791083932 5839, 38, 70.61
1791083933 6899, 36, 70.55
1791083934 7659, 36, 70.22
1791083935 8719, 36, 71.48
1791083936 8999, 36, 72.51
1791083938 10139, 36, 73.09
1791083939 10839, 36, 72.12
1791083940 11539, 35, 70.68
1791083941 12239, 37, 70.06
1791083942 13299, 37, 70.34
1791083943 13999, 37, 71.82
1791083944 14699, 38, 72.87
1791083945 15399, 37, 72.89
1791083946 16079, 37, 70.59
1791083948 17139, 37, 69.58
1791083949 17839, 37, 69.70
1791083950 18539, 37, 70.91
1791083951 19239, 37, 72.03
1791083952 20279, 29, 72.92
1791083953 20881, 0, 67.58
1791083954 21581, 24, 67.40
1791083955 21581, 0, 61.75
1791083956 21581, 0, 62.88
1791083958 21581, 26, 65.19
1791083959 21581, 26, 66.51
1791083960 21581, 26, 66.51
1791083961 21581, 19, 65.11
1791083962 21581, 18, 64.46
1791083963 21609, 7, 66.23
1791083964 21609, 2, 62.37
1791083965 21611, 4, 64.54
1791083967 21611, 4, 64.55
1791083968 21611, 4, 63.86
1791083969 21611, 5, 62.09
1791083970 21611, 0, 61.85
1791083971 21611, 15, 62.50
1791083972 21611, 5, 63.25
1791083974 21611, 3, 64.50
1791083975 21611, 18, 64.23
1791083976 21611, 26, 63.44
1791083977 21611, 31, 61.85
1791083978 21611, 0, 62.05
1791083979 21611, 17, 62.78
1791083980 21611, 0, 63.92
1791083981 21611, 32, 64.48
1791083982 21611, 56, 63.57
1791083984 21611, 25, 62.62
1791083985 21611, 8, 61.81
1791083986 21611, 0, 61.40
1791083987 21611, 0, 62.91
1791083988 21611, 10, 64.45
1791083989 21611, 15, 64.39
1791083990 21611, 4, 63.51
1791083991 21611, 4, 61.95
1791083992 21611, 13, 61.13
1791083994 21611, 10, 62.27
1791083995 21611, 20, 63.61
1791083996 21611, 12, 64.65
1791083997 21611, 17, 63.87
1791083998 21611, 0, 61.93
1791083999 21611, 0, 60.85
1791084000 21611, 34, 60.89
1791084001 21611, 0, 61.35
1791084002 21611, 6, 62.72
1791084004 21611, 7, 63.21
1791084005 21611, 12, 62.35
1791084006 21611, 0, 61.59
1791084007 21611, 11, 61.00
1791084008 21611, 0, 61.58
1791084009 21611, 17, 62.86
1791084010 21611, 24, 63.57
1791084011 21611, 11, 62.79
1791084013 21611, 2, 62.09
1791084014 21611, 0, 61.25
1791084015 21611, 3, 61.15
1791084016 21611, 1, 62.19
1791084017 21611, 11, 63.33
1791084018 21611, 5, 63.62
1791084019 21611, 0, 62.73
1791084020 21611, 1, 61.46
1791084022 21611, 11, 61.00
1791084023 21611, 5, 60.95
1791084024 21611, 10, 61.76
1791084025 21611, 14, 63.71
1791084026 21625, 13, 63.59
1791084027 21629, 34, 172.85
1791084028 20073, 31, 159.60
1791084029 21287, 55, 212.47
1791084031 22359, 20, 265.11
1791084032 23295, 71, 249.28
1791084033 24117, 72, 354.70
1791084034 24141, 27, 191.90
1791084035 24141, 56, 228.35
1791084036 24141, 39, 226.03
1791084037 24151, 34, 227.85
1791084038 24155, 74, 308.71
1791084039 24165, 53, 240.70
1791084041 24165, 61, 257.45
1791084042 24165, 61, 242.58
1791084043 24165, 58, 313.80
1791084044 24165, 36, 209.28
1791084045 24425, 81, 344.36
1791084046 24425, 93, 315.26
1791084047 24425, 0, 258.51
1791084048 24425, 31, 258.83
1791084050 24425, 30, 228.50
1791084051 24425, 77, 274.49
1791084052 24425, 56, 260.10
1791084053 24425, 40, 247.85
1791084054 24425, 70, 269.44
1791084055 24425, 26, 199.48
1791084056 24425, 78, 314.23
1791084057 24425, 47, 268.08
1791084059 24425, 37, 296.24
1791084060 24425, 0, 183.54
1791084061 24425, 43, 236.91
1791084062 24425, 57, 269.24
1791084063 24425, 41, 301.95
1791084064 24425, 70, 302.11
1791084065 24425, 47, 290.85
1791084066 24425, 42, 274.78
1791084067 24425, 37, 271.08
1791084069 24425, 56, 222.45
1791084070 24425, 45, 266.29
1791084071 24425, 49, 212.13
1791084072 24425, 62, 267.35
1791084073 24425, 37, 208.04
1791084074 24425, 44, 265.91
1791084075 24425, 51, 280.88
1791084076 24425, 82, 314.43
1791084078 24425, 60, 337.32
1791084079 24425, 37, 323.73
1791084080 24645, 89, 268.43
1791084081 24645, 71, 329.73
1791084082 24645, 60, 280.61
1791084083 24645, 80, 350.59
1791084084 24645, 75, 348.07
1791084085 24645, 72, 400.00
1791084086 24645, 65, 308.80
1791084088 24645, 35, 239.21
1791084089 24645, 0, 156.60
1791084090 24645, 0, 86.54
1791084091 24645, 0, 70.45
1791084092 24645, 0, 69.63
1791084093 24645, 0, 68.48
1791084094 24645, 0, 66.91
1791084095 24645, 0, 66.54
1791084096 24645, 0, 67.18
1791084098 24645, 0, 68.45
1791084099 24645, 0, 68.89
1791084100 24645, 0, 68.35
1791084101 24645, 0, 65.65
1791084102 24645, 0, 65.17
1791084103 24645, 0, 65.64
1791084104 24645, 0, 66.52
1791084105 24645, 0, 67.11
1791084106 24645, 0, 66.69
1791084108 24645, 0, 64.81
1791084109 24645, 0, 64.24
1791084110 24645, 0, 64.00
1791084111 24645, 0, 64.96
1791084112 24645, 0, 66.73
1791084113 24645, 16, 66.94
1791084114 24645, 19, 66.77
1791084115 24645, 20, 66.44
1791084116 24645, 0, 62.61
1791084118 24645, 0, 63.06
