1791082636 0, 0, 13.26
1791082637 0, 0, 12.41
1791082638 3, 0, 15.52
1791082639 3, 0, 15.83
1791082640 3, 0, 14.10
1791082641 3, 0, 13.60
1791082642 3, 0, 12.81
1791082644 3657, 18, 45.84
1791082645 4519, 30, 68.18
1791082646 5559, 35, 68.40
1791082647 6619, 36, 69.91
1791082648 6899, 36, 70.37
1791082649 7939, 18, 72.14
1791082650 8719, 22, 69.73
1791082651 9759, 29, 70.17
1791082652 10499, 24, 69.82
1791082654 11199, 10, 71.76
1791082655 11899, 6, 72.69
1791082656 12939, 2, 71.15
1791082657 13639, 0, 69.38
1791082658 14339, 16, 68.77
1791082659 15039, 31, 67.99
1791082660 16079, 31, 68.94
1791082661 16779, 32, 69.09
1791082662 17479, 37, 70.85
1791082663 18179, 37, 70.29
1791082665 19239, 30, 69.53
1791082666 19939, 37, 69.32
1791082667 20281, 0, 68.03
1791082668 21581, 26, 65.69
1791082669 21581, 0, 62.27
1791082670 21581, 0, 63.06
1791082671 21581, 0, 64.13
1791082672 21581, 16, 62.92
1791082674 21581, 17, 62.11
1791082675 21581, 13, 62.45
1791082676 21581, 24, 64.29
1791082677 21609, 0, 67.25
1791082678 21611, 2, 63.74
1791082679 21611, 4, 62.49
1791082680 21611, 4, 60.75
1791082681 21611, 4, 61.32
1791082683 21611, 0, 62.04
1791082684 21611, 0, 63.40
1791082685 21611, 23, 63.96
1791082686 21611, 17, 63.37
1791082687 21611, 33, 62.38
1791082688 21611, 13, 61.15
1791082689 21611, 10, 61.58
1791082690 21611, 31, 62.98
1791082692 21611, 58, 63.98
1791082693 21611, 59, 64.14
1791082694 21611, 36, 63.29
1791082695 21611, 3, 61.23
1791082696 21611, 0, 61.04
1791082697 21611, 0, 62.16
1791082698 21611, 0, 63.32
1791082699 21611, 25, 64.21
1791082700 21611, 34, 63.12
1791082702 21611, 32, 62.10
1791082703 21611, 7, 61.21
1791082704 21611, 1, 61.75
1791082705 21611, 20, 63.68
1791082706 21611, 10, 64.51
1791082707 21611, 17, 65.18
1791082708 21611, 8, 64.90
1791082709 21611, 0, 63.83
1791082710 21611, 7, 63.21
1791082712 21611, 29, 63.03
1791082713 21611, 34, 64.13
1791082714 21611, 20, 65.10
1791082715 21611, 0, 65.34
1791082716 21611, 11, 63.70
1791082717 21611, 31, 62.71
1791082718 21611, 30, 62.24
1791082719 21611, 12, 63.23
1791082720 21611, 5, 64.93
1791082721 21611, 0, 65.99
1791082723 21611, 0, 65.24
1791082724 21611, 0, 63.92
1791082725 21611, 7, 62.75
1791082726 21611, 32, 63.35
1791082727 21611, 14, 64.74
1791082728 21611, 23, 65.90
1791082729 21611, 0, 66.44
1791082730 21611, 5, 65.77
1791082731 21611, 12, 63.49
1791082733 21611, 10, 63.36
1791082734 21621, 0, 63.60
1791082735 21625, 0, 65.44
1791082736 21625, 1, 66.77
1791082737 21625, 4, 66.49
1791082738 21625, 0, 67.93
1791082739 21629, 0, 76.22
1791082740 21629, 0, 64.64
1791082742 21629, 0, 65.45
1791082743 21629, 1, 66.12
1791082744 21629, 52, 197.25
1791082745 20061, 25, 135.14
1791082746 20061, 0, 72.44
1791082747 20065, 0, 66.24
1791082748 21287, 32, 132.47
1791082750 22331, 72, 251.90
1791082751 22369, 32, 241.88
1791082752 22369, 0, 104.27
1791082753 22369, 18, 113.83
1791082754 22369, 0, 90.79
1791082755 23295, 0, 192.36
1791082756 23295, 0, 117.78
1791082757 24117, 84, 207.10
1791082759 24133, 36, 266.42
1791082760 24141, 39, 170.19
1791082761 24141, 27, 236.28
1791082762 24151, 54, 227.83
1791082763 24151, 55, 266.27
1791082764 24165, 53, 275.49
1791082765 24165, 34, 219.51
1791082766 24165, 42, 232.72
1791082767 24165, 32, 249.07
1791082768 24165, 59, 301.20
1791082770 24165, 35, 200.96
1791082771 24165, 76, 274.40
1791082772 24445, 93, 382.46
1791082773 24445, 27, 246.88
1791082774 24445, 59, 342.39
1791082775 24445, 30, 192.95
1791082776 24445, 44, 220.97
1791082777 24445, 58, 292.51
1791082778 24445, 64, 303.29
1791082780 24445, 13, 234.30
1791082781 24445, 36, 252.20
1791082782 24445, 30, 197.16
1791082783 24445, 41, 302.51
1791082784 24445, 42, 246.85
1791082785 24445, 91, 323.47
1791082786 24445, 25, 191.69
1791082787 24445, 0, 208.92
1791082788 24445, 55, 267.76
1791082790 24445, 39, 310.26
1791082791 24445, 68, 280.75
1791082792 24445, 40, 265.30
1791082793 24445, 36, 276.74
1791082794 24445, 27, 299.46
1791082795 24445, 37, 207.03
1791082796 24445, 39, 247.45
1791082797 24445, 37, 248.73
1791082798 24445, 47, 268.13
1791082800 24445, 33, 265.02
1791082801 24445, 43, 195.82
1791082802 24445, 55, 261.30
1791082803 24445, 56, 321.61
1791082804 24447, 47, 210.96
1791082805 24447, 64, 340.68
1791082806 24447, 55, 292.16
1791082807 24447, 0, 261.68
1791082809 24627, 54, 341.26
1791082810 24627, 55, 314.21
1791082811 24627, 48, 268.78
1791082812 24627, 56, 361.98
1791082813 24627, 74, 344.52
1791082814 24627, 91, 330.68
1791082815 24627, 52, 304.47
1791082816 24627, 33, 242.97
1791082817 24627, 28, 117.11
1791082819 24627, 51, 80.56
1791082820 24627, 37, 67.86
1791082821 24627, 9, 66.83
1791082822 24627, 1, 67.89
1791082823 24627, 0, 69.10
1791082824 24627, 0, 69.32
1791082825 24627, 0, 68.56
1791082826 24627, 0, 67.61
1791082827 24627, 0, 64.84
1791082828 24627, 0, 64.54
1791082830 24627, 0, 65.72
1791082831 24627, 0, 67.01
1791082832 24627, 4, 67.17
1791082833 24627, 20, 65.33
1791082834 24627, 34, 64.17
1791082835 24627, 7, 63.57
1791082836 24627, 3, 64.27
1791082837 24627, 38, 65.36
1791082838 24627, 7, 66.46
1791082840 24627, 0, 66.50
1791082841 24627, 10, 65.45
1791082842 24627, 13, 63.90
1791082843 24627, 15, 64.38
1791082844 24627, 0, 64.47
1791082845 24627, 0, 65.36
