1791122191 660, 2619, 42, 0x0000000000000001 | 10.96 20.69 16.35 | cpu  2152267369 50794125 277306476 15392964130 1691687 0 10836523 0 0 0
1791122193 420, 2619, 41, 0x0000000000000001 | 10.16 20.36 16.26 | cpu  2152267940 50794125 277306553 15392992775 1691687 0 10836524 0 0 0
1791122194 345, 2619, 41, 0x0000000000000001 | 10.16 20.36 16.26 | cpu  2152268044 50794126 277306624 15393018255 1691687 0 10836529 0 0 0
1791122195 345, 2619, 41, 0x0000000000000001 | 10.16 20.36 16.26 | cpu  2152268673 50794126 277306845 15393043383 1691687 0 10836534 0 0 0
1791122196 345, 2619, 41, 0x0000000000000001 | 10.16 20.36 16.26 | cpu  2152268812 50794126 277307249 15393068728 1691687 0 10836549 0 0 0
1791122197 345, 2619, 41, 0x0000000000000001 | 9.67 20.09 16.20 | cpu  2152268914 50794126 277307636 15393094388 1691687 0 10836560 0 0 0
1791122199 1785, 2619, 41, 0x0000000000000000 | 9.67 20.09 16.20 | cpu  2152269628 50794126 277308016 15393122914 1691687 0 10836571 0 0 0
1791122200 1785, 2619, 41, 0x0000000000000000 | 9.67 20.09 16.20 | cpu  2152270115 50794126 277308403 15393148226 1691687 0 10836583 0 0 0
1791122201 1785, 2619, 41, 0x0000000000000000 | 9.67 20.09 16.20 | cpu  2152270599 50794126 277308758 15393173729 1691687 0 10836605 0 0 0
1791122202 1785, 2619, 41, 0x0000000000000000 | 9.05 19.79 16.12 | cpu  2152270937 50794126 277308926 15393198487 1691689 0 10836608 0 0 0
1791122203 1785, 2619, 41, 0x0000000000000000 | 9.05 19.79 16.12 | cpu  2152271421 50794126 277309130 15393223628 1691689 0 10836624 0 0 0
1791122204 1785, 2619, 41, 0x0000000000000000 | 9.05 19.79 16.12 | cpu  2152271994 50794126 277309270 15393249780 1691689 0 10836645 0 0 0
1791122206 1785, 2619, 41, 0x0000000000000000 | 9.05 19.79 16.12 | cpu  2152272676 50794126 277309389 15393274554 1691689 0 10836659 0 0 0
1791122207 1785, 2619, 41, 0x0000000000000000 | 8.49 19.49 16.04 | cpu  2152273054 50794126 277309510 15393300879 1691689 0 10836660 0 0 0
1791122208 1785, 2619, 41, 0x0000000000000000 | 8.49 19.49 16.04 | cpu  2152273430 50794126 277309734 15393325636 1691689 0 10836665 0 0 0
1791122209 1785, 2619, 41, 0x0000000000000000 | 8.49 19.49 16.04 | cpu  2152273922 50794126 277309944 15393350172 1691689 0 10836667 0 0 0
1791122210 1785, 2619, 41, 0x0000000000000000 | 8.49 19.49 16.04 | cpu  2152274420 50794126 277310233 15393375404 1691689 0 10836688 0 0 0
1791122211 1785, 2619, 41, 0x0000000000000000 | 8.49 19.49 16.04 | cpu  2152276152 50794126 277310600 15393398184 1691689 0 10836697 0 0 0
1791122213 1785, 2619, 41, 0x0000000000000000 | 8.13 19.23 15.98 | cpu  2152276791 50794126 277310866 15393422613 1691689 0 10836698 0 0 0
1791122214 1785, 2619, 41, 0x0000000000000000 | 8.13 19.23 15.98 | cpu  2152278418 50794126 277311286 15393446840 1691689 0 10836704 0 0 0
1791122215 1785, 2619, 41, 0x0000000000000000 | 8.13 19.23 15.98 | cpu  2152279384 50794126 277311487 15393471218 1691689 0 10836704 0 0 0
1791122216 1785, 2619, 41, 0x0000000000000000 | 8.13 19.23 15.98 | cpu  2152279939 50794126 277311636 15393495849 1691689 0 10836706 0 0 0
1791122217 1785, 2619, 41, 0x0000000000000000 | 7.80 18.98 15.91 | cpu  2152280433 50794126 277311828 15393520200 1691689 0 10836710 0 0 0
1791122218 1785, 2619, 41, 0x0000000000000000 | 7.80 18.98 15.91 | cpu  2152280985 50794126 277312115 15393545160 1691689 0 10836714 0 0 0
1791122219 1785, 2619, 40, 0x0000000000000000 | 7.80 18.98 15.91 | cpu  2152281413 50794126 277312352 15393570524 1691689 0 10836716 0 0 0
1791122221 1785, 2619, 40, 0x0000000000000000 | 7.80 18.98 15.91 | cpu  2152282911 50794126 277312737 15393594654 1691689 0 10836727 0 0 0
1791122222 1785, 2619, 40, 0x0000000000000000 | 10.62 19.38 16.06 | cpu  2152284267 50794126 277313070 15393621535 1691689 0 10836739 0 0 0
1791122223 1785, 2619, 40, 0x0000000000000000 | 10.62 19.38 16.06 | cpu  2152285582 50794126 277313305 15393645196 1691689 0 10836745 0 0 0
1791122224 1785, 2619, 40, 0x0000000000000000 | 10.62 19.38 16.06 | cpu  2152287100 50794126 277313497 15393669876 1691689 0 10836752 0 0 0
1791122225 1785, 2619, 40, 0x0000000000000000 | 10.62 19.38 16.06 | cpu  2152288590 50794126 277313661 15393694219 1691689 0 10836759 0 0 0
1791122226 1785, 2619, 40, 0x0000000000000000 | 10.62 19.38 16.06 | cpu  2152290077 50794126 277313791 15393718706 1691689 0 10836767 0 0 0
1791122228 1785, 2619, 40, 0x0000000000000000 | 9.93 19.09 15.98 | cpu  2152291452 50794126 277313926 15393743676 1691689 0 10836770 0 0 0
1791122229 1785, 2619, 40, 0x0000000000000000 | 9.93 19.09 15.98 | cpu  2152293018 50794126 277314077 15393767649 1691689 0 10836778 0 0 0
1791122230 1785, 2619, 40, 0x0000000000000000 | 9.93 19.09 15.98 | cpu  2152295129 50794127 277314506 15393791311 1691689 0 10836785 0 0 0
1791122231 1785, 2619, 40, 0x0000000000000000 | 9.93 19.09 15.98 | cpu  2152297899 50794127 277314729 15393814139 1691689 0 10836808 0 0 0
1791122232 1785, 2619, 40, 0x0000000000000000 | 9.53 18.86 15.93 | cpu  2152299509 50794127 277314887 15393837622 1691689 0 10836812 0 0 0
1791122233 1785, 2619, 40, 0x0000000000000000 | 9.53 18.86 15.93 | cpu  2152302420 50794127 277315221 15393859483 1691694 0 10836822 0 0 0
1791122235 1785, 2619, 40, 0x0000000000000000 | 9.53 18.86 15.93 | cpu  2152306918 50794127 277315755 15393880594 1691711 0 10836839 0 0 0
1791122236 1785, 2619, 40, 0x0000000000000000 | 9.53 18.86 15.93 | cpu  2152308694 50794127 277316412 15393904656 1691746 0 10836865 0 0 0
1791122237 1785, 2619, 40, 0x0000000000000000 | 23.02 21.50 16.80 | cpu  2152311400 50794127 277317076 15393926199 1691776 0 10836887 0 0 0
1791122238 1785, 2619, 40, 0x0000000000000000 | 23.02 21.50 16.80 | cpu  2152316041 50794127 277317852 15393945968 1691823 0 10836894 0 0 0
1791122239 1785, 2619, 40, 0x0000000000000000 | 23.02 21.50 16.80 | cpu  2152320778 50794127 277318620 15393966060 1691871 0 10836908 0 0 0
1791122240 1785, 2619, 40, 0x0000000000000000 | 23.02 21.50 16.80 | cpu  2152325440 50794127 277319449 15393986812 1691920 0 10836922 0 0 0
1791122242 1785, 2619, 40, 0x0000000000000000 | 22.06 21.32 16.76 | cpu  2152330179 50794127 277320328 15394009570 1691965 0 10836941 0 0 0
1791122243 1785, 2619, 40, 0x0000000000000000 | 22.06 21.32 16.76 | cpu  2152334693 50794127 277321106 15394030047 1692010 0 10836966 0 0 0
1791122244 1785, 2619, 39, 0x0000000000000000 | 22.06 21.32 16.76 | cpu  2152339280 50794127 277321974 15394051332 1692058 0 10836986 0 0 0
1791122245 1785, 2619, 39, 0x0000000000000000 | 22.06 21.32 16.76 | cpu  2152343967 50794127 277322768 15394072018 1692108 0 10836996 0 0 0
1791122246 1785, 2619, 39, 0x0000000000000000 | 22.06 21.32 16.76 | cpu  2152346684 50794127 277323524 15394094480 1692146 0 10837016 0 0 0
1791122248 1785, 2619, 39, 0x0000000000000000 | 21.25 21.17 16.74 | cpu  2152348495 50794127 277324092 15394118183 1692172 0 10837033 0 0 0
1791122249 1785, 2619, 39, 0x0000000000000000 | 21.25 21.17 16.74 | cpu  2152349984 50794127 277324357 15394142301 1692172 0 10837048 0 0 0
1791122250 1785, 2619, 39, 0x0000000000000000 | 21.25 21.17 16.74 | cpu  2152351430 50794127 277324528 15394167146 1692172 0 10837054 0 0 0
1791122251 1785, 2619, 39, 0x0000000000000000 | 21.25 21.17 16.74 | cpu  2152352954 50794127 277324804 15394192301 1692179 0 10837062 0 0 0
1791122252 1785, 2619, 39, 0x0000000000000000 | 20.03 20.92 16.68 | cpu  2152354753 50794127 277325577 15394216645 1692223 0 10837078 0 0 0
1791122254 1785, 2619, 39, 0x0000000000000000 | 20.03 20.92 16.68 | cpu  2152356662 50794127 277326392 15394241242 1692276 0 10837102 0 0 0
1791122255 1785, 2619, 39, 0x0000000000000000 | 20.03 20.92 16.68 | cpu  2152358596 50794127 277327212 15394264717 1692337 0 10837132 0 0 0
1791122256 1785, 2619, 39, 0x0000000000000000 | 20.03 20.92 16.68 | cpu  2152360400 50794127 277327999 15394287937 1692390 0 10837156 0 0 0
1791122257 1785, 2619, 39, 0x0000000000000000 | 19.31 20.75 16.65 | cpu  2152362270 50794127 277328810 15394311248 1692432 0 10837173 0 0 0
1791122258 1785, 2619, 39, 0x0000000000000000 | 19.31 20.75 16.65 | cpu  2152364299 50794127 277329730 15394334284 1692482 0 10837195 0 0 0
1791122259 1785, 2619, 39, 0x0000000000000000 | 19.31 20.75 16.65 | cpu  2152366210 50794127 277330818 15394358107 1692536 0 10837222 0 0 0
1791122261 1785, 2619, 39, 0x0000000000000000 | 19.31 20.75 16.65 | cpu  2152368016 50794127 277331832 15394380968 1692582 0 10837244 0 0 0
1791122262 1785, 2619, 39, 0x0000000000000000 | 18.72 20.61 16.62 | cpu  2152369668 50794127 277332689 15394404584 1692626 0 10837260 0 0 0
1791122263 1785, 2619, 39, 0x0000000000000000 | 18.72 20.61 16.62 | cpu  2152371673 50794128 277333457 15394428072 1692678 0 10837269 0 0 0
1791122264 1785, 2619, 39, 0x0000000000000000 | 18.72 20.61 16.62 | cpu  2152374782 50794128 277333935 15394450719 1692706 0 10837277 0 0 0
1791122265 1785, 2619, 39, 0x0000000000000000 | 18.72 20.61 16.62 | cpu  2152378283 50794128 277334041 15394472893 1692706 0 10837277 0 0 0
1791122267 1785, 2619, 39, 0x0000000000000000 | 18.72 20.61 16.62 | cpu  2152382060 50794128 277334198 15394496310 1692706 0 10837290 0 0 0
1791122268 1785, 2619, 38, 0x0000000000000000 | 17.54 20.33 16.56 | cpu  2152385473 50794128 277334474 15394517698 1692706 0 10837308 0 0 0
1791122269 1785, 2619, 38, 0x0000000000000000 | 17.54 20.33 16.56 | cpu  2152387992 50794128 277334856 15394541059 1692706 0 10837325 0 0 0
1791122270 1785, 2619, 38, 0x0000000000000000 | 17.54 20.33 16.56 | cpu  2152390750 50794128 277335230 15394563612 1692706 0 10837345 0 0 0
1791122271 1785, 2619, 38, 0x0000000000000000 | 17.54 20.33 16.56 | cpu  2152393654 50794128 277335626 15394586582 1692706 0 10837353 0 0 0
1791122272 1785, 2619, 38, 0x0000000000000000 | 16.54 20.08 16.49 | cpu  2152396032 50794128 277335910 15394609946 1692706 0 10837362 0 0 0
1791122273 1785, 2619, 38, 0x0000000000000000 | 16.54 20.08 16.49 | cpu  2152398615 50794128 277336166 15394633343 1692706 0 10837371 0 0 0
1791122275 1785, 2619, 38, 0x0000000000000000 | 16.54 20.08 16.49 | cpu  2152401178 50794128 277336396 15394656192 1692706 0 10837380 0 0 0
1791122276 1785, 2619, 38, 0x0000000000000000 | 16.54 20.08 16.49 | cpu  2152404474 50794128 277336579 15394678941 1692706 0 10837389 0 0 0
1791122277 1785, 2619, 38, 0x0000000000000000 | 16.26 19.96 16.47 | cpu  2152407342 50794128 277336741 15394702125 1692706 0 10837392 0 0 0
1791122278 1785, 2619, 38, 0x0000000000000000 | 16.26 19.96 16.47 | cpu  2152410174 50794128 277336964 15394725005 1692706 0 10837404 0 0 0
1791122279 1785, 2619, 38, 0x0000000000000000 | 16.26 19.96 16.47 | cpu  2152412857 50794128 277337235 15394749014 1692706 0 10837417 0 0 0
1791122281 1785, 2619, 38, 0x0000000000000000 | 16.26 19.96 16.47 | cpu  2152415605 50794129 277337529 15394772989 1692706 0 10837430 0 0 0
1791122282 1785, 2619, 38, 0x0000000000000000 | 15.43 19.73 16.42 | cpu  2152417760 50794130 277337883 15394796083 1692706 0 10837438 0 0 0
1791122283 1785, 2619, 38, 0x0000000000000000 | 15.43 19.73 16.42 | cpu  2152420507 50794130 277338150 15394819215 1692706 0 10837460 0 0 0
1791122284 1785, 2619, 38, 0x0000000000000000 | 15.43 19.73 16.42 | cpu  2152422904 50794130 277338306 15394842618 1692706 0 10837463 0 0 0
1791122285 1785, 2619, 38, 0x0000000000000000 | 15.43 19.73 16.42 | cpu  2152423980 50794130 277338806 15394867805 1692733 0 10837468 0 0 0
1791122286 1785, 2619, 39, 0x0000000000000000 | 15.43 19.73 16.42 | cpu  2152424068 50794130 277339384 15394892473 1692779 0 10837498 0 0 0
1791122288 1785, 2619, 39, 0x0000000000000000 | 14.92 19.55 16.38 | cpu  2152424216 50794130 277340059 15394918176 1692826 0 10837528 0 0 0
1791122289 1785, 2619, 41, 0x0000000000000000 | 14.92 19.55 16.38 | cpu  2152424531 50794130 277340575 15394943590 1692849 0 10837548 0 0 0
1791122290 1785, 2619, 41, 0x0000000000000000 | 14.92 19.55 16.38 | cpu  2152424987 50794130 277340826 15394969353 1692849 0 10837561 0 0 0
1791122291 1785, 2619, 43, 0x0000000000000000 | 14.92 19.55 16.38 | cpu  2152425452 50794130 277341210 15394997252 1692849 0 10837570 0 0 0
1791122292 1785, 2619, 42, 0x0000000000000000 | 14.12 19.31 16.32 | cpu  2152425969 50794130 277341690 15395021993 1692852 0 10837584 0 0 0
1791122294 1785, 2619, 42, 0x0000000000000000 | 14.12 19.31 16.32 | cpu  2152426626 50794130 277341901 15395047318 1692855 0 10837604 0 0 0
1791122295 1785, 2619, 43, 0x0000000000000000 | 14.12 19.31 16.32 | cpu  2152426828 50794130 277342044 15395072792 1692855 0 10837609 0 0 0
1791122296 1785, 2619, 44, 0x0000000000000000 | 14.12 19.31 16.32 | cpu  2152426966 50794130 277342170 15395098362 1692855 0 10837616 0 0 0
1791122297 1785, 2619, 43, 0x0000000000000000 | 13.07 19.00 16.23 | cpu  2152427090 50794130 277342257 15395124864 1692855 0 10837620 0 0 0
1791122298 1785, 2619, 44, 0x0000000000000000 | 13.07 19.00 16.23 | cpu  2152427280 50794130 277342430 15395152595 1692855 0 10837632 0 0 0
1791122299 1785, 2619, 45, 0x0000000000000000 | 13.07 19.00 16.23 | cpu  2152427426 50794130 277342558 15395178355 1692855 0 10837634 0 0 0
1791122301 1785, 2619, 45, 0x0000000000000000 | 13.07 19.00 16.23 | cpu  2152427586 50794130 277342669 15395203813 1692855 0 10837634 0 0 0
1791122302 1785, 2619, 45, 0x0000000000000000 | 12.35 18.75 16.17 | cpu  2152427756 50794130 277342800 15395229330 1692855 0 10837636 0 0 0
1791122303 1785, 2619, 44, 0x0000000000000000 | 12.35 18.75 16.17 | cpu  2152427912 50794130 277342976 15395255272 1692855 0 10837637 0 0 0
1791122304 1785, 2619, 46, 0x0000000000000000 | 12.35 18.75 16.17 | cpu  2152428058 50794130 277343120 15395282207 1692855 0 10837642 0 0 0
1791122305 1785, 2619, 48, 0x0000000000000000 | 12.35 18.75 16.17 | cpu  2152428199 50794130 277343250 15395307860 1692855 0 10837643 0 0 0
1791122307 1785, 2619, 43, 0x0000000000000000 | 12.35 18.75 16.17 | cpu  2152428308 50794130 277343460 15395333852 1692855 0 10837651 0 0 0
1791122308 1785, 2619, 43, 0x0000000000000000 | 11.52 18.47 16.09 | cpu  2152428449 50794130 277343601 15395359343 1692855 0 10837651 0 0 0
1791122309 1785, 2619, 43, 0x0000000000000000 | 11.52 18.47 16.09 | cpu  2152428610 50794130 277343744 15395384893 1692855 0 10837651 0 0 0
1791122310 1785, 2619, 42, 0x0000000000000000 | 11.52 18.47 16.09 | cpu  2152428777 50794130 277343859 15395410655 1692855 0 10837656 0 0 0
1791122311 1785, 2619, 42, 0x0000000000000000 | 11.52 18.47 16.09 | cpu  2152428924 50794130 277343966 15395439459 1692855 0 10837658 0 0 0
1791122312 1785, 2619, 42, 0x0000000000000000 | 10.76 18.20 16.02 | cpu  2152429214 50794134 277344066 15395464447 1692855 0 10837662 0 0 0
1791122314 1785, 2619, 42, 0x0000000000000000 | 10.76 18.20 16.02 | cpu  2152429324 50794134 277344132 15395490432 1692855 0 10837662 0 0 0
1791122315 1785, 2619, 42, 0x0000000000000000 | 10.76 18.20 16.02 | cpu  2152429445 50794134 277344269 15395516420 1692857 0 10837662 0 0 0
1791122316 1785, 2619, 42, 0x0000000000000000 | 10.76 18.20 16.02 | cpu  2152429584 50794134 277344391 15395542293 1692857 0 10837663 0 0 0
1791122317 1785, 2619, 42, 0x0000000000000000 | 10.05 17.93 15.94 | cpu  2152429708 50794134 277344508 15395567933 1692857 0 10837666 0 0 0
1791122318 1785, 2619, 42, 0x0000000000000000 | 10.05 17.93 15.94 | cpu  2152430362 50794134 277344698 15395593498 1692857 0 10837667 0 0 0
1791122319 1785, 2619, 42, 0x0000000000000000 | 10.05 17.93 15.94 | cpu  2152431444 50794134 277344952 15395617857 1692857 0 10837678 0 0 0
1791122321 1785, 2619, 41, 0x0000000000000000 | 10.05 17.93 15.94 | cpu  2152431864 50794134 277345144 15395643220 1692857 0 10837683 0 0 0
1791122322 1785, 2619, 41, 0x0000000000000000 | 9.65 17.72 15.88 | cpu  2152433260 50794134 277345272 15395666759 1692857 0 10837687 0 0 0
1791122323 1785, 2619, 41, 0x0000000000000000 | 9.65 17.72 15.88 | cpu  2152433910 50794134 277345436 15395691731 1692859 0 10837689 0 0 0
1791122324 1785, 2619, 41, 0x0000000000000000 | 9.65 17.72 15.88 | cpu  2152434131 50794134 277345470 15395717006 1692859 0 10837689 0 0 0
1791122325 1785, 2619, 41, 0x0000000000000000 | 9.65 17.72 15.88 | cpu  2152434361 50794134 277345524 15395742931 1692860 0 10837689 0 0 0
1791122326 1785, 2619, 41, 0x0000000000000000 | 9.65 17.72 15.88 | cpu  2152434588 50794134 277345634 15395768003 1692860 0 10837689 0 0 0
1791122328 1785, 2619, 41, 0x0000000000000000 | 9.28 17.50 15.82 | cpu  2152435558 50794134 277345823 15395792888 1692860 0 10837694 0 0 0
1791122329 1785, 2619, 41, 0x0000000000000000 | 9.28 17.50 15.82 | cpu  2152436570 50794134 277346032 15395817503 1692860 0 10837710 0 0 0
1791122330 1785, 2619, 41, 0x0000000000000000 | 9.28 17.50 15.82 | cpu  2152437514 50794134 277346280 15395841261 1692860 0 10837722 0 0 0
1791122331 1785, 2619, 41, 0x0000000000000000 | 9.28 17.50 15.82 | cpu  2152438681 50794134 277346499 15395867628 1692860 0 10837726 0 0 0
1791122332 1785, 2619, 41, 0x0000000000000000 | 8.85 17.28 15.76 | cpu  2152439788 50794134 277346668 15395893528 1692860 0 10837735 0 0 0
1791122333 1785, 2619, 41, 0x0000000000000000 | 8.85 17.28 15.76 | cpu  2152440804 50794134 277346751 15395918019 1692860 0 10837736 0 0 0
1791122335 1785, 2619, 41, 0x0000000000000000 | 8.85 17.28 15.76 | cpu  2152441766 50794134 277346779 15395942293 1692860 0 10837736 0 0 0
1791122336 1785, 2619, 41, 0x0000000000000000 | 8.85 17.28 15.76 | cpu  2152442648 50794134 277346792 15395967185 1692860 0 10837737 0 0 0
1791122337 1785, 2619, 40, 0x0000000000000000 | 8.46 17.06 15.70 | cpu  2152443645 50794134 277346852 15395992167 1692860 0 10837739 0 0 0
1791122338 1785, 2619, 40, 0x0000000000000000 | 8.46 17.06 15.70 | cpu  2152444625 50794134 277347050 15396016872 1692860 0 10837768 0 0 0
1791122339 1785, 2619, 40, 0x0000000000000000 | 8.46 17.06 15.70 | cpu  2152445612 50794135 277347360 15396040891 1692860 0 10837778 0 0 0
1791122340 1785, 2619, 40, 0x0000000000000000 | 8.46 17.06 15.70 | cpu  2152446728 50794135 277347656 15396065194 1692860 0 10837794 0 0 0
1791122341 1785, 2619, 40, 0x0000000000000000 | 8.46 17.06 15.70 | cpu  2152447720 50794135 277347979 15396089793 1692860 0 10837810 0 0 0
1791122343 1785, 2619, 40, 0x0000000000000000 | 8.19 16.86 15.64 | cpu  2152448824 50794135 277348317 15396113750 1692860 0 10837829 0 0 0
1791122344 1785, 2619, 40, 0x0000000000000000 | 8.19 16.86 15.64 | cpu  2152450153 50794135 277348657 15396139399 1692860 0 10837842 0 0 0
1791122345 1785, 2619, 40, 0x0000000000000000 | 8.19 16.86 15.64 | cpu  2152451058 50794135 277348913 15396164147 1692860 0 10837843 0 0 0
1791122346 1785, 2619, 40, 0x0000000000000000 | 8.19 16.86 15.64 | cpu  2152452106 50794135 277349101 15396188900 1692860 0 10837845 0 0 0
1791122347 1785, 2619, 40, 0x0000000000000000 | 8.33 16.74 15.61 | cpu  2152453185 50794135 277349324 15396212930 1692860 0 10837846 0 0 0
1791122348 1785, 2619, 40, 0x0000000000000000 | 8.33 16.74 15.61 | cpu  2152454157 50794135 277349506 15396237853 1692860 0 10837860 0 0 0
1791122350 1785, 2619, 40, 0x0000000000000000 | 8.33 16.74 15.61 | cpu  2152455405 50794135 277349818 15396261662 1692860 0 10837872 0 0 0
1791122351 1785, 2619, 40, 0x0000000000000000 | 8.33 16.74 15.61 | cpu  2152456356 50794135 277350141 15396286793 1692860 0 10837898 0 0 0
1791122352 1785, 2619, 40, 0x0000000000000000 | 8.15 16.57 15.56 | cpu  2152457416 50794135 277350481 15396312274 1692860 0 10837916 0 0 0
1791122353 1785, 2619, 40, 0x0000000000000000 | 8.15 16.57 15.56 | cpu  2152458398 50794135 277350832 15396337243 1692860 0 10837924 0 0 0
1791122354 1785, 2619, 39, 0x0000000000000000 | 8.15 16.57 15.56 | cpu  2152459453 50794135 277351184 15396362289 1692860 0 10837936 0 0 0
1791122355 1785, 2619, 39, 0x0000000000000000 | 8.15 16.57 15.56 | cpu  2152460556 50794135 277351477 15396386194 1692860 0 10837949 0 0 0
1791122357 1785, 2619, 39, 0x0000000000000000 | 8.15 16.57 15.56 | cpu  2152461674 50794135 277351712 15396409566 1692860 0 10837951 0 0 0
1791122358 1785, 2619, 39, 0x0000000000000000 | 7.89 16.37 15.50 | cpu  2152463148 50794135 277351990 15396433897 1692860 0 10837952 0 0 0
1791122359 1785, 2619, 39, 0x0000000000000000 | 7.89 16.37 15.50 | cpu  2152467692 50794135 277352331 15396454335 1692860 0 10837968 0 0 0
1791122360 1785, 2619, 39, 0x0000000000000000 | 7.89 16.37 15.50 | cpu  2152471975 50794135 277352701 15396475604 1692860 0 10837978 0 0 0
1791122361 1785, 2619, 39, 0x0000000000000000 | 7.89 16.37 15.50 | cpu  2152475602 50794135 277353004 15396495190 1692860 0 10837993 0 0 0
1791122362 1785, 2619, 39, 0x0000000000000000 | 7.66 16.18 15.44 | cpu  2152478792 50794135 277353349 15396517209 1692860 0 10838012 0 0 0
1791122363 1785, 2619, 39, 0x0000000000000000 | 7.66 16.18 15.44 | cpu  2152484037 50794135 277353676 15396537193 1692860 0 10838027 0 0 0
1791122365 1785, 2619, 39, 0x0000000000000000 | 7.66 16.18 15.44 | cpu  2152486493 50794135 277353918 15396559892 1692860 0 10838039 0 0 0
1791122366 1785, 2619, 39, 0x0000000000000000 | 7.66 16.18 15.44 | cpu  2152489205 50794135 277354134 15396584880 1692860 0 10838053 0 0 0
1791122367 1785, 2619, 39, 0x0000000000000000 | 7.53 16.02 15.39 | cpu  2152490260 50794135 277354306 15396609671 1692860 0 10838062 0 0 0
1791122368 1785, 2619, 39, 0x0000000000000000 | 7.53 16.02 15.39 | cpu  2152491259 50794135 277354406 15396633196 1692860 0 10838063 0 0 0
1791122369 1785, 2619, 39, 0x0000000000000000 | 7.53 16.02 15.39 | cpu  2152492304 50794135 277354521 15396657287 1692860 0 10838064 0 0 0
1791122370 1785, 2619, 39, 0x0000000000000000 | 7.53 16.02 15.39 | cpu  2152493533 50794136 277354724 15396681693 1692860 0 10838076 0 0 0
1791122371 1785, 2619, 39, 0x0000000000000000 | 7.53 16.02 15.39 | cpu  2152494543 50794136 277354915 15396704868 1692860 0 10838077 0 0 0
1791122373 1785, 2619, 38, 0x0000000000000000 | 7.33 15.83 15.33 | cpu  2152495815 50794136 277355148 15396729510 1692860 0 10838083 0 0 0
1791122374 1785, 2619, 38, 0x0000000000000000 | 7.33 15.83 15.33 | cpu  2152496948 50794136 277355443 15396753709 1692860 0 10838093 0 0 0
1791122375 1785, 2619, 38, 0x0000000000000000 | 7.33 15.83 15.33 | cpu  2152502144 50794136 277356354 15396772929 1692860 0 10838109 0 0 0
1791122376 1785, 2619, 38, 0x0000000000000000 | 7.33 15.83 15.33 | cpu  2152507320 50794136 277356728 15396791600 1692860 0 10838116 0 0 0
1791122377 1785, 2619, 38, 0x0000000000000000 | 7.22 15.67 15.28 | cpu  2152513712 50794136 277357162 15396810685 1692860 0 10838130 0 0 0
1791122378 1785, 2619, 38, 0x0000000000000000 | 7.22 15.67 15.28 | cpu  2152520429 50794136 277357476 15396829870 1692860 0 10838144 0 0 0
1791122380 1785, 2619, 38, 0x0000000000000000 | 7.22 15.67 15.28 | cpu  2152526222 50794136 277357723 15396848729 1692860 0 10838156 0 0 0
1791122381 1785, 2619, 38, 0x0000000000000000 | 7.22 15.67 15.28 | cpu  2152532210 50794137 277357908 15396868619 1692860 0 10838159 0 0 0
1791122382 1785, 2619, 38, 0x0000000000000000 | 7.04 15.49 15.23 | cpu  2152538226 50794137 277358099 15396887361 1692860 0 10838166 0 0 0
1791122383 1785, 2619, 38, 0x0000000000000000 | 7.04 15.49 15.23 | cpu  2152544191 50794137 277358288 15396906217 1692862 0 10838169 0 0 0
1791122384 1785, 2619, 38, 0x0000000000000000 | 7.04 15.49 15.23 | cpu  2152550248 50794137 277358479 15396925217 1692862 0 10838172 0 0 0
1791122385 1785, 2619, 38, 0x0000000000000000 | 7.04 15.49 15.23 | cpu  2152555449 50794137 277358660 15396944998 1692862 0 10838182 0 0 0
1791122386 1785, 2619, 38, 0x0000000000000000 | 7.04 15.49 15.23 | cpu  2152561456 50794137 277358776 15396963040 1692862 0 10838193 0 0 0
1791122387 1785, 2619, 38, 0x0000000000000000 | 14.09 16.81 15.66 | cpu  2152567260 50794137 277358908 15396981498 1692862 0 10838204 0 0 0
1791122389 1785, 2619, 38, 0x0000000000000000 | 14.09 16.81 15.66 | cpu  2152573787 50794137 277359063 15397000638 1692862 0 10838224 0 0 0
1791122390 1785, 2619, 38, 0x0000000000000000 | 14.09 16.81 15.66 | cpu  2152579919 50794137 277359295 15397019942 1692862 0 10838239 0 0 0
1791122391 1785, 2619, 38, 0x0000000000000000 | 14.09 16.81 15.66 | cpu  2152584394 50794137 277359514 15397038464 1692862 0 10838260 0 0 0
1791122392 1785, 2619, 38, 0x0000000000000000 | 13.28 16.60 15.59 | cpu  2152590335 50794137 277359637 15397057428 1692862 0 10838273 0 0 0
1791122393 1785, 2619, 38, 0x0000000000000000 | 13.28 16.60 15.59 | cpu  2152596154 50794137 277359717 15397076180 1692862 0 10838285 0 0 0
1791122394 1785, 2619, 38, 0x0000000000000000 | 13.28 16.60 15.59 | cpu  2152602625 50794137 277359771 15397096191 1692862 0 10838294 0 0 0
1791122395 1785, 2619, 38, 0x0000000000000000 | 13.28 16.60 15.59 | cpu  2152608457 50794137 277359794 15397114470 1692862 0 10838298 0 0 0
1791122397 1785, 2619, 38, 0x0000000000000000 | 13.28 16.60 15.59 | cpu  2152614072 50794137 277359886 15397134237 1692862 0 10838312 0 0 0
1791122398 1785, 2619, 37, 0x0000000000000000 | 19.98 17.93 16.03 | cpu  2152620506 50794137 277360025 15397153704 1692862 0 10838328 0 0 0
1791122399 1785, 2619, 37, 0x0000000000000000 | 19.98 17.93 16.03 | cpu  2152626513 50794137 277360184 15397172129 1692862 0 10838340 0 0 0
1791122400 1785, 2619, 37, 0x0000000000000000 | 19.98 17.93 16.03 | cpu  2152632529 50794137 277360417 15397191234 1692862 0 10838362 0 0 0
1791122401 1785, 2619, 37, 0x0000000000000000 | 19.98 17.93 16.03 | cpu  2152637443 50794137 277360608 15397209281 1692862 0 10838376 0 0 0
1791122402 1785, 2619, 37, 0x0000000000000000 | 19.02 17.77 15.99 | cpu  2152644196 50794138 277360939 15397228930 1692862 0 10838390 0 0 0
1791122403 1785, 2619, 37, 0x0000000000000000 | 19.02 17.77 15.99 | cpu  2152650197 50794138 277361189 15397247145 1692862 0 10838405 0 0 0
1791122404 1785, 2619, 37, 0x0000000000000000 | 19.02 17.77 15.99 | cpu  2152656305 50794138 277361331 15397266401 1692862 0 10838415 0 0 0
1791122406 1785, 2619, 37, 0x0000000000000000 | 19.02 17.77 15.99 | cpu  2152662466 50794138 277361371 15397285909 1692862 0 10838422 0 0 0
1791122407 1785, 2619, 37, 0x0000000000000000 | 19.02 17.77 15.99 | cpu  2152668348 50794138 277361407 15397304372 1692862 0 10838426 0 0 0
1791122408 1785, 2619, 37, 0x0000000000000000 | 26.63 19.37 16.52 | cpu  2152674448 50794138 277361455 15397322514 1692862 0 10838444 0 0 0
1791122409 1785, 2619, 37, 0x0000000000000000 | 26.63 19.37 16.52 | cpu  2152680574 50794138 277361605 15397341897 1692862 0 10838462 0 0 0
1791122410 1785, 2619, 37, 0x0000000000000000 | 26.63 19.37 16.52 | cpu  2152686440 50794138 277361844 15397360138 1692862 0 10838480 0 0 0
1791122411 1785, 2619, 37, 0x0000000000000000 | 26.63 19.37 16.52 | cpu  2152692153 50794138 277362170 15397378520 1692862 0 10838507 0 0 0
1791122412 1785, 2619, 37, 0x0000000000000000 | 34.11 21.04 17.07 | cpu  2152698561 50794139 277362553 15397397295 1692862 0 10838531 0 0 0
1791122413 1785, 2619, 37, 0x0000000000000000 | 34.11 21.04 17.07 | cpu  2152704529 50794139 277362871 15397415472 1692862 0 10838550 0 0 0
1791122414 1785, 2619, 37, 0x0000000000000000 | 34.11 21.04 17.07 | cpu  2152710460 50794139 277363152 15397434378 1692862 0 10838559 0 0 0
1791122416 1785, 2619, 37, 0x0000000000000000 | 34.11 21.04 17.07 | cpu  2152716285 50794139 277363274 15397453619 1692862 0 10838564 0 0 0
1791122417 1785, 2619, 37, 0x0000000000000000 | 34.11 21.04 17.07 | cpu  2152722525 50794139 277363411 15397473199 1692864 0 10838571 0 0 0
1791122418 1785, 2619, 37, 0x0000000000000000 | 40.66 22.61 17.60 | cpu  2152728519 50794139 277363549 15397491736 1692864 0 10838578 0 0 0
1791122419 1785, 2619, 37, 0x0000000000000000 | 40.66 22.61 17.60 | cpu  2152734282 50794139 277364134 15397511334 1692864 0 10838584 0 0 0
1791122420 1785, 2619, 37, 0x0000000000000000 | 40.66 22.61 17.60 | cpu  2152735424 50794139 277364399 15397537759 1692864 0 10838586 0 0 0
1791122421 1785, 2619, 37, 0x0000000000000000 | 40.66 22.61 17.60 | cpu  2152735972 50794139 277364708 15397561821 1692864 0 10838593 0 0 0
1791122423 1785, 2619, 37, 0x0000000000000000 | 37.81 22.32 17.54 | cpu  2152736508 50794139 277365018 15397586306 1692864 0 10838599 0 0 0
1791122424 1785, 2619, 41, 0x0000000000000000 | 37.81 22.32 17.54 | cpu  2152737235 50794139 277365334 15397610479 1692864 0 10838605 0 0 0
1791122425 1785, 2619, 40, 0x0000000000000000 | 37.81 22.32 17.54 | cpu  2152738728 50794139 277365603 15397635467 1692864 0 10838606 0 0 0
1791122426 1785, 2619, 41, 0x0000000000000000 | 37.81 22.32 17.54 | cpu  2152739056 50794139 277365728 15397661197 1692864 0 10838610 0 0 0
1791122427 1785, 2619, 43, 0x0000000000000000 | 34.94 21.98 17.45 | cpu  2152739312 50794139 277365831 15397686229 1692864 0 10838619 0 0 0
1791122428 1785, 2619, 39, 0x0000000000000000 | 34.94 21.98 17.45 | cpu  2152739509 50794139 277365889 15397712256 1692864 0 10838620 0 0 0
1791122429 1785, 2619, 38, 0x0000000000000000 | 34.94 21.98 17.45 | cpu  2152739704 50794139 277365982 15397737939 1692864 0 10838627 0 0 0
1791122431 1785, 2619, 38, 0x0000000000000000 | 34.94 21.98 17.45 | cpu  2152740564 50794139 277366628 15397762808 1692864 0 10838628 0 0 0
1791122432 1785, 2619, 38, 0x0000000000000000 | 32.62 21.72 17.39 | cpu  2152742449 50794139 277367406 15397786123 1692864 0 10838633 0 0 0
1791122433 1785, 2619, 38, 0x0000000000000000 | 32.62 21.72 17.39 | cpu  2152749132 50794139 277367985 15397806930 1692864 0 10838653 0 0 0
1791122434 1785, 2619, 38, 0x0000000000000000 | 32.62 21.72 17.39 | cpu  2152755621 50794139 277368365 15397827161 1692864 0 10838663 0 0 0
1791122435 1785, 2619, 38, 0x0000000000000000 | 32.62 21.72 17.39 | cpu  2152761472 50794139 277368885 15397847692 1692864 0 10838671 0 0 0
1791122437 1785, 2619, 38, 0x0000000000000000 | 32.62 21.72 17.39 | cpu  2152767784 50794139 277369645 15397867250 1692864 0 10838676 0 0 0
1791122438 1785, 2619, 38, 0x0000000000000000 | 33.77 22.14 17.55 | cpu  2152773828 50794139 277370003 15397886724 1692864 0 10838691 0 0 0
1791122439 1785, 2619, 38, 0x0000000000000000 | 33.77 22.14 17.55 | cpu  2152779750 50794139 277370196 15397906329 1692864 0 10838703 0 0 0
1791122440 1785, 2619, 38, 0x0000000000000000 | 33.77 22.14 17.55 | cpu  2152782073 50794139 277370534 15397932503 1692877 0 10838716 0 0 0
1791122441 1785, 2619, 40, 0x0000000000000000 | 33.77 22.14 17.55 | cpu  2152782219 50794140 277371342 15397958277 1692917 0 10838724 0 0 0
1791122443 1785, 2619, 41, 0x0000000000000000 | 32.03 21.97 17.52 | cpu  2152782391 50794140 277372082 15397982797 1692956 0 10838735 0 0 0
1791122444 1785, 2619, 42, 0x0000000000000000 | 32.03 21.97 17.52 | cpu  2152782576 50794140 277372852 15398008110 1692999 0 10838747 0 0 0
1791122445 1785, 2619, 41, 0x0000000000000000 | 32.03 21.97 17.52 | cpu  2152782752 50794140 277373724 15398036119 1693042 0 10838763 0 0 0
1791122446 1785, 2619, 41, 0x0000000000000000 | 32.03 21.97 17.52 | cpu  2152783400 50794140 277374112 15398061310 1693058 0 10838787 0 0 0
1791122447 1785, 2619, 45, 0x0000000000000000 | 30.59 21.84 17.50 | cpu  2152783734 50794140 277374767 15398085167 1693095 0 10838818 0 0 0
1791122449 1785, 2619, 42, 0x0000000000000000 | 30.59 21.84 17.50 | cpu  2152783896 50794140 277375468 15398109642 1693136 0 10838852 0 0 0
1791122450 1785, 2619, 44, 0x0000000000000000 | 30.59 21.84 17.50 | cpu  2152784055 50794140 277376204 15398134855 1693178 0 10838860 0 0 0
1791122451 1785, 2619, 45, 0x0000000000000000 | 30.59 21.84 17.50 | cpu  2152784228 50794140 277376948 15398160224 1693216 0 10838874 0 0 0
1791122452 1785, 2619, 45, 0x0000000000000000 | 29.02 21.66 17.46 | cpu  2152784437 50794141 277377817 15398185808 1693256 0 10838884 0 0 0
1791122453 1785, 2619, 45, 0x0000000000000000 | 29.02 21.66 17.46 | cpu  2152784616 50794141 277378557 15398209514 1693290 0 10838889 0 0 0
1791122454 1785, 2619, 46, 0x0000000000000000 | 29.02 21.66 17.46 | cpu  2152784782 50794141 277379212 15398233938 1693329 0 10838890 0 0 0
1791122455 1785, 2619, 47, 0x0000000000000000 | 29.02 21.66 17.46 | cpu  2152784912 50794141 277379795 15398258440 1693362 0 10838894 0 0 0
1791122457 1785, 2619, 45, 0x0000000000000000 | 29.02 21.66 17.46 | cpu  2152785066 50794141 277380480 15398282943 1693404 0 10838905 0 0 0
1791122458 1785, 2619, 46, 0x0000000000000000 | 27.41 21.45 17.42 | cpu  2152785223 50794141 277381177 15398308139 1693443 0 10838919 0 0 0
1791122459 1785, 2619, 45, 0x0000000000000000 | 27.41 21.45 17.42 | cpu  2152785389 50794142 277381866 15398332752 1693478 0 10838939 0 0 0
1791122460 1785, 2619, 47, 0x0000000000000000 | 27.41 21.45 17.42 | cpu  2152785540 50794142 277382569 15398358949 1693515 0 10838959 0 0 0
1791122461 1785, 2619, 46, 0x0000000000000000 | 27.41 21.45 17.42 | cpu  2152785724 50794142 277383373 15398383861 1693557 0 10838982 0 0 0
1791122462 1785, 2619, 47, 0x0000000000000000 | 25.86 21.22 17.37 | cpu  2152785910 50794142 277384119 15398408240 1693598 0 10839007 0 0 0
1791122464 1785, 2619, 49, 0x0000000000000000 | 25.86 21.22 17.37 | cpu  2152786223 50794142 277384467 15398432607 1693610 0 10839013 0 0 0
1791122465 1785, 2619, 49, 0x0000000000000000 | 25.86 21.22 17.37 | cpu  2152786520 50794142 277384606 15398457391 1693610 0 10839014 0 0 0
1791122466 1785, 2619, 49, 0x0000000000000000 | 25.86 21.22 17.37 | cpu  2152786842 50794142 277384680 15398480375 1693610 0 10839021 0 0 0
1791122467 1785, 2619, 49, 0x0000000000000000 | 24.51 21.02 17.32 | cpu  2152787540 50794142 277384908 15398503923 1693624 0 10839029 0 0 0
1791122468 1785, 2619, 50, 0x0000000000000000 | 24.51 21.02 17.32 | cpu  2152787732 50794142 277385234 15398528427 1693645 0 10839040 0 0 0
1791122469 1785, 2619, 50, 0x0000000000000000 | 24.51 21.02 17.32 | cpu  2152787885 50794142 277385980 15398552627 1693683 0 10839058 0 0 0
1791122470 1785, 2619, 49, 0x0000000000000000 | 24.51 21.02 17.32 | cpu  2152788035 50794142 277386720 15398576326 1693728 0 10839073 0 0 0
1791122471 1785, 2619, 52, 0x0000000000000000 | 24.51 21.02 17.32 | cpu  2152788223 50794142 277387466 15398600480 1693773 0 10839095 0 0 0
1791122473 1770, 2619, 53, 0x0000000000000004 | 23.51 20.87 17.29 | cpu  2152788475 50794142 277388289 15398625665 1693819 0 10839119 0 0 0
1791122474 1785, 2619, 52, 0x0000000000000000 | 23.51 20.87 17.29 | cpu  2152790398 50794143 277389556 15398648654 1693853 0 10839140 0 0 0
1791122475 1785, 2619, 50, 0x0000000000000000 | 23.51 20.87 17.29 | cpu  2152791400 50794143 277390158 15398675158 1693853 0 10839145 0 0 0
1791122476 1785, 2619, 48, 0x0000000000000000 | 23.51 20.87 17.29 | cpu  2152792754 50794143 277391518 15398697429 1693853 0 10839148 0 0 0
1791122477 1785, 2619, 48, 0x0000000000000000 | 32.28 22.73 17.92 | cpu  2152794951 50794143 277392641 15398719265 1693854 0 10839152 0 0 0
1791122478 1785, 2619, 47, 0x0000000000000000 | 32.28 22.73 17.92 | cpu  2152796038 50794143 277392845 15398744398 1693854 0 10839155 0 0 0
1791122480 1785, 2619, 47, 0x0000000000000000 | 32.28 22.73 17.92 | cpu  2152796466 50794143 277392959 15398769253 1693854 0 10839160 0 0 0
1791122481 1785, 2619, 47, 0x0000000000000000 | 32.28 22.73 17.92 | cpu  2152797393 50794143 277393591 15398794185 1693880 0 10839182 0 0 0
1791122482 1785, 2619, 47, 0x0000000000000000 | 30.73 22.57 17.89 | cpu  2152798996 50794143 277394389 15398819118 1693918 0 10839205 0 0 0
1791122483 1785, 2619, 46, 0x0000000000000000 | 30.73 22.57 17.89 | cpu  2152801869 50794144 277395059 15398841665 1693959 0 10839219 0 0 0
1791122484 1785, 2619, 46, 0x0000000000000000 | 30.73 22.57 17.89 | cpu  2152804668 50794144 277395784 15398863900 1693998 0 10839234 0 0 0
1791122485 1785, 2619, 46, 0x0000000000000000 | 30.73 22.57 17.89 | cpu  2152807456 50794144 277396488 15398887102 1694040 0 10839255 0 0 0
1791122487 1785, 2619, 46, 0x0000000000000000 | 30.73 22.57 17.89 | cpu  2152810263 50794144 277397092 15398910165 1694075 0 10839280 0 0 0
1791122488 1785, 2619, 46, 0x0000000000000000 | 28.83 22.31 17.83 | cpu  2152813022 50794144 277397677 15398933256 1694118 0 10839300 0 0 0
1791122489 1785, 2619, 46, 0x0000000000000000 | 28.83 22.31 17.83 | cpu  2152815496 50794144 277398250 15398956123 1694153 0 10839323 0 0 0
1791122490 1785, 2619, 45, 0x0000000000000000 | 28.83 22.31 17.83 | cpu  2152817965 50794144 277398858 15398978489 1694186 0 10839332 0 0 0
1791122491 1785, 2619, 45, 0x0000000000000000 | 28.83 22.31 17.83 | cpu  2152820661 50794144 277399600 15399001688 1694226 0 10839342 0 0 0
1791122493 1785, 2619, 45, 0x0000000000000000 | 27.48 22.14 17.80 | cpu  2152823617 50794144 277400506 15399024893 1694301 0 10839357 0 0 0
