1791122495 615, 2619, 44, 0x0000000000000001 | 27.48 22.14 17.80 | cpu  2152830676 50794144 277402281 15399080192 1694385 0 10839378 0 0 0
1791122497 360, 2619, 44, 0x0000000000000001 | 27.48 22.14 17.80 | cpu  2152834180 50794144 277402859 15399103795 1694393 0 10839384 0 0 0
1791122498 345, 2619, 43, 0x0000000000000001 | 25.52 21.82 17.72 | cpu  2152836590 50794144 277403036 15399127344 1694393 0 10839396 0 0 0
1791122499 345, 2619, 43, 0x0000000000000001 | 25.52 21.82 17.72 | cpu  2152838986 50794145 277403170 15399150777 1694393 0 10839398 0 0 0
1791122500 345, 2619, 43, 0x0000000000000001 | 25.52 21.82 17.72 | cpu  2152841302 50794145 277403289 15399173854 1694393 0 10839400 0 0 0
1791122501 345, 2619, 43, 0x0000000000000001 | 25.52 21.82 17.72 | cpu  2152844418 50794145 277403518 15399196375 1694393 0 10839400 0 0 0
1791122502 345, 2619, 42, 0x0000000000000001 | 23.88 21.54 17.65 | cpu  2152846997 50794145 277403671 15399218887 1694395 0 10839406 0 0 0
1791122504 1785, 2619, 43, 0x0000000000000000 | 23.88 21.54 17.65 | cpu  2152849994 50794145 277403900 15399243381 1694395 0 10839410 0 0 0
1791122505 1785, 2619, 43, 0x0000000000000000 | 23.88 21.54 17.65 | cpu  2152852544 50794145 277404182 15399267543 1694395 0 10839417 0 0 0
1791122506 1785, 2619, 43, 0x0000000000000000 | 23.88 21.54 17.65 | cpu  2152853679 50794145 277404534 15399291360 1694395 0 10839423 0 0 0
1791122507 1785, 2619, 43, 0x0000000000000000 | 22.29 21.25 17.58 | cpu  2152854196 50794145 277404842 15399315964 1694395 0 10839424 0 0 0
1791122508 1785, 2619, 43, 0x0000000000000000 | 22.29 21.25 17.58 | cpu  2152854854 50794145 277405251 15399341116 1694395 0 10839429 0 0 0
1791122509 1785, 2619, 42, 0x0000000000000000 | 22.29 21.25 17.58 | cpu  2152855354 50794145 277405511 15399365946 1694395 0 10839434 0 0 0
1791122511 1785, 2619, 43, 0x0000000000000000 | 22.29 21.25 17.58 | cpu  2152856215 50794145 277405682 15399391557 1694395 0 10839440 0 0 0
1791122512 1785, 2619, 42, 0x0000000000000000 | 22.29 21.25 17.58 | cpu  2152856391 50794145 277405880 15399416358 1694395 0 10839440 0 0 0
1791122513 1785, 2619, 42, 0x0000000000000000 | 20.74 20.95 17.50 | cpu  2152856549 50794145 277406090 15399441877 1694395 0 10839443 0 0 0
1791122514 1785, 2619, 42, 0x0000000000000000 | 20.74 20.95 17.50 | cpu  2152856684 50794145 277406313 15399467368 1694395 0 10839443 0 0 0
1791122515 1785, 2619, 42, 0x0000000000000000 | 20.74 20.95 17.50 | cpu  2152856845 50794145 277406560 15399493641 1694395 0 10839449 0 0 0
1791122516 1785, 2619, 42, 0x0000000000000000 | 20.74 20.95 17.50 | cpu  2152857203 50794145 277406904 15399518464 1694395 0 10839460 0 0 0
1791122518 1785, 2619, 42, 0x0000000000000000 | 19.32 20.65 17.42 | cpu  2152857406 50794145 277407058 15399544080 1694395 0 10839460 0 0 0
1791122519 1785, 2619, 42, 0x0000000000000000 | 19.32 20.65 17.42 | cpu  2152857568 50794145 277407248 15399569158 1694395 0 10839460 0 0 0
1791122520 1785, 2619, 42, 0x0000000000000000 | 19.32 20.65 17.42 | cpu  2152857702 50794145 277407445 15399594345 1694395 0 10839460 0 0 0
1791122521 1785, 2619, 42, 0x0000000000000000 | 19.32 20.65 17.42 | cpu  2152857822 50794145 277407692 15399619438 1694395 0 10839462 0 0 0
1791122522 1785, 2619, 42, 0x0000000000000000 | 18.01 20.36 17.34 | cpu  2152857920 50794145 277408006 15399644278 1694395 0 10839466 0 0 0
1791122523 1785, 2619, 41, 0x0000000000000000 | 18.01 20.36 17.34 | cpu  2152857989 50794145 277408299 15399669688 1694395 0 10839466 0 0 0
1791122524 1785, 2619, 41, 0x0000000000000000 | 18.01 20.36 17.34 | cpu  2152858205 50794145 277408659 15399694196 1694395 0 10839467 0 0 0
1791122526 1785, 2619, 41, 0x0000000000000000 | 18.01 20.36 17.34 | cpu  2152858577 50794145 277408806 15399718610 1694395 0 10839475 0 0 0
1791122527 1785, 2619, 41, 0x0000000000000000 | 18.01 20.36 17.34 | cpu  2152858765 50794145 277408963 15399744681 1694395 0 10839478 0 0 0
1791122528 1785, 2619, 41, 0x0000000000000000 | 16.81 20.07 17.27 | cpu  2152858980 50794145 277409117 15399769943 1694395 0 10839478 0 0 0
1791122529 1785, 2619, 41, 0x0000000000000000 | 16.81 20.07 17.27 | cpu  2152862609 50794145 277409387 15399800658 1694395 0 10839486 0 0 0
1791122531 1785, 2619, 41, 0x0000000000000000 | 16.81 20.07 17.27 | cpu  2152866254 50794145 277409689 15399823334 1694395 0 10839500 0 0 0
1791122532 1785, 2619, 41, 0x0000000000000000 | 16.81 20.07 17.27 | cpu  2152869298 50794145 277409970 15399846915 1694395 0 10839517 0 0 0
1791122533 1785, 2619, 41, 0x0000000000000000 | 21.95 21.08 17.61 | cpu  2152873621 50794145 277410240 15399868351 1694395 0 10839532 0 0 0
1791122534 1785, 2619, 41, 0x0000000000000000 | 21.95 21.08 17.61 | cpu  2152876953 50794145 277410495 15399890086 1694399 0 10839537 0 0 0
1791122535 1785, 2619, 41, 0x0000000000000000 | 21.95 21.08 17.61 | cpu  2152878952 50794145 277410650 15399914336 1694399 0 10839540 0 0 0
1791122536 1785, 2619, 41, 0x0000000000000000 | 21.95 21.08 17.61 | cpu  2152882457 50794145 277411949 15399935568 1694399 0 10839550 0 0 0
1791122538 1785, 2619, 40, 0x0000000000000000 | 20.43 20.78 17.53 | cpu  2152885078 50794145 277412052 15399957769 1694399 0 10839555 0 0 0
1791122539 1785, 2619, 40, 0x0000000000000000 | 20.43 20.78 17.53 | cpu  2152888804 50794145 277413372 15399977132 1694399 0 10839558 0 0 0
1791122540 1785, 2619, 40, 0x0000000000000000 | 20.43 20.78 17.53 | cpu  2152891662 50794145 277413572 15399999008 1694399 0 10839564 0 0 0
1791122541 1785, 2619, 40, 0x0000000000000000 | 20.43 20.78 17.53 | cpu  2152894610 50794145 277413849 15400020970 1694399 0 10839574 0 0 0
1791122542 1785, 2619, 40, 0x0000000000000000 | 19.28 20.53 17.47 | cpu  2152897151 50794146 277414251 15400043826 1694399 0 10839584 0 0 0
1791122543 1785, 2619, 40, 0x0000000000000000 | 19.28 20.53 17.47 | cpu  2152899934 50794146 277414676 15400066821 1694399 0 10839591 0 0 0
1791122544 1785, 2619, 40, 0x0000000000000000 | 19.28 20.53 17.47 | cpu  2152902590 50794146 277415019 15400091866 1694399 0 10839607 0 0 0
1791122546 1785, 2619, 40, 0x0000000000000000 | 19.28 20.53 17.47 | cpu  2152905283 50794146 277415416 15400114274 1694399 0 10839612 0 0 0
1791122547 1785, 2619, 40, 0x0000000000000000 | 19.28 20.53 17.47 | cpu  2152907935 50794146 277415550 15400136445 1694399 0 10839614 0 0 0
1791122548 1785, 2619, 40, 0x0000000000000000 | 17.97 20.24 17.39 | cpu  2152910398 50794146 277415683 15400159644 1694399 0 10839614 0 0 0
1791122549 1785, 2619, 40, 0x0000000000000000 | 17.97 20.24 17.39 | cpu  2152913218 50794146 277415866 15400182878 1694399 0 10839614 0 0 0
1791122550 1785, 2619, 40, 0x0000000000000000 | 17.97 20.24 17.39 | cpu  2152915803 50794146 277416139 15400206171 1694399 0 10839621 0 0 0
1791122551 1785, 2619, 40, 0x0000000000000000 | 17.97 20.24 17.39 | cpu  2152918784 50794146 277416502 15400229673 1694399 0 10839636 0 0 0
1791122553 1785, 2619, 40, 0x0000000000000000 | 17.01 20.01 17.33 | cpu  2152921549 50794146 277416990 15400252104 1694399 0 10839658 0 0 0
1791122554 1785, 2619, 39, 0x0000000000000000 | 17.01 20.01 17.33 | cpu  2152924229 50794146 277417248 15400275248 1694399 0 10839669 0 0 0
1791122555 1785, 2619, 39, 0x0000000000000000 | 17.01 20.01 17.33 | cpu  2152926842 50794146 277417490 15400298556 1694399 0 10839677 0 0 0
1791122556 1785, 2619, 39, 0x0000000000000000 | 17.01 20.01 17.33 | cpu  2152929595 50794146 277417810 15400321323 1694399 0 10839683 0 0 0
1791122557 1785, 2619, 39, 0x0000000000000000 | 15.97 19.74 17.26 | cpu  2152932406 50794146 277418087 15400344475 1694399 0 10839690 0 0 0
1791122558 1785, 2619, 39, 0x0000000000000000 | 15.97 19.74 17.26 | cpu  2152934946 50794146 277418271 15400366632 1694399 0 10839692 0 0 0
1791122560 1785, 2619, 39, 0x0000000000000000 | 15.97 19.74 17.26 | cpu  2152935272 50794146 277418502 15400391778 1694399 0 10839697 0 0 0
1791122561 1785, 2619, 39, 0x0000000000000000 | 15.97 19.74 17.26 | cpu  2152935754 50794147 277418891 15400417107 1694399 0 10839702 0 0 0
1791122562 1785, 2619, 39, 0x0000000000000000 | 15.97 19.74 17.26 | cpu  2152936174 50794147 277419086 15400442825 1694401 0 10839713 0 0 0
1791122563 1785, 2619, 39, 0x0000000000000000 | 15.49 19.58 17.22 | cpu  2152936887 50794147 277419501 15400468382 1694401 0 10839728 0 0 0
1791122564 1785, 2619, 39, 0x0000000000000000 | 15.49 19.58 17.22 | cpu  2152937389 50794147 277419945 15400495909 1694401 0 10839745 0 0 0
1791122566 1785, 2619, 39, 0x0000000000000000 | 15.49 19.58 17.22 | cpu  2152937537 50794147 277420385 15400521176 1694401 0 10839751 0 0 0
1791122567 1785, 2619, 39, 0x0000000000000000 | 15.49 19.58 17.22 | cpu  2152937691 50794147 277420718 15400546622 1694401 0 10839757 0 0 0
1791122568 1785, 2619, 39, 0x0000000000000000 | 14.49 19.30 17.14 | cpu  2152937895 50794147 277421130 15400571806 1694401 0 10839764 0 0 0
1791122569 1785, 2619, 39, 0x0000000000000000 | 14.49 19.30 17.14 | cpu  2152938091 50794148 277421350 15400597503 1694401 0 10839774 0 0 0
1791122570 1785, 2619, 39, 0x0000000000000000 | 14.49 19.30 17.14 | cpu  2152938353 50794148 277421650 15400623364 1694401 0 10839780 0 0 0
1791122571 1785, 2619, 39, 0x0000000000000000 | 14.49 19.30 17.14 | cpu  2152938500 50794148 277421875 15400649520 1694401 0 10839782 0 0 0
1791122573 1785, 2619, 38, 0x0000000000000000 | 13.81 19.08 17.08 | cpu  2152938639 50794148 277422168 15400674966 1694401 0 10839783 0 0 0
1791122574 1785, 2619, 38, 0x0000000000000000 | 13.81 19.08 17.08 | cpu  2152938817 50794148 277423546 15400698799 1694401 0 10839786 0 0 0
1791122575 1785, 2619, 38, 0x0000000000000000 | 13.81 19.08 17.08 | cpu  2152938993 50794148 277423894 15400724984 1694401 0 10839792 0 0 0
1791122576 1785, 2619, 38, 0x0000000000000000 | 13.81 19.08 17.08 | cpu  2152939396 50794148 277424283 15400750247 1694401 0 10839808 0 0 0
1791122577 1785, 2619, 38, 0x0000000000000000 | 13.03 18.83 17.01 | cpu  2152939696 50794148 277424547 15400775365 1694401 0 10839820 0 0 0
1791122578 1785, 2619, 38, 0x0000000000000000 | 13.03 18.83 17.01 | cpu  2152939845 50794148 277424803 15400801738 1694401 0 10839830 0 0 0
1791122580 1785, 2619, 38, 0x0000000000000000 | 13.03 18.83 17.01 | cpu  2152939992 50794148 277425069 15400827342 1694401 0 10839844 0 0 0
1791122581 1785, 2619, 38, 0x0000000000000000 | 13.03 18.83 17.01 | cpu  2152940121 50794148 277425438 15400853608 1694401 0 10839850 0 0 0
1791122582 1785, 2619, 38, 0x0000000000000000 | 13.03 18.83 17.01 | cpu  2152940224 50794148 277425684 15400879417 1694401 0 10839858 0 0 0
1791122583 1785, 2619, 38, 0x0000000000000000 | 12.14 18.55 16.93 | cpu  2152940368 50794149 277425904 15400904999 1694401 0 10839860 0 0 0
1791122584 1785, 2619, 38, 0x0000000000000000 | 12.14 18.55 16.93 | cpu  2152940571 50794149 277426078 15400933752 1694401 0 10839861 0 0 0
1791122586 1785, 2619, 38, 0x0000000000000000 | 12.14 18.55 16.93 | cpu  2152940909 50794149 277426242 15400958896 1694401 0 10839862 0 0 0
1791122587 1785, 2619, 38, 0x0000000000000000 | 12.14 18.55 16.93 | cpu  2152941065 50794149 277426540 15400984517 1694401 0 10839866 0 0 0
1791122588 1785, 2619, 38, 0x0000000000000000 | 11.49 18.31 16.86 | cpu  2152942303 50794149 277428032 15401008210 1694401 0 10839868 0 0 0
1791122589 1785, 2619, 38, 0x0000000000000000 | 11.49 18.31 16.86 | cpu  2152942439 50794149 277428274 15401033490 1694401 0 10839868 0 0 0
1791122590 1785, 2619, 38, 0x0000000000000000 | 11.49 18.31 16.86 | cpu  2152943556 50794149 277429749 15401056327 1694401 0 10839872 0 0 0
1791122591 1785, 2619, 38, 0x0000000000000000 | 11.49 18.31 16.86 | cpu  2152944866 50794149 277430165 15401081998 1694401 0 10839884 0 0 0
1791122593 1785, 2619, 38, 0x0000000000000000 | 10.97 18.09 16.79 | cpu  2152945156 50794149 277430442 15401107732 1694401 0 10839898 0 0 0
1791122594 1785, 2619, 38, 0x0000000000000000 | 10.97 18.09 16.79 | cpu  2152945382 50794149 277430673 15401133089 1694401 0 10839909 0 0 0
1791122595 1785, 2619, 40, 0x0000000000000000 | 10.97 18.09 16.79 | cpu  2152945579 50794149 277430860 15401159166 1694401 0 10839911 0 0 0
1791122596 1785, 2619, 38, 0x0000000000000000 | 10.97 18.09 16.79 | cpu  2152946979 50794149 277431133 15401183143 1694401 0 10839925 0 0 0
1791122597 1785, 2619, 38, 0x0000000000000000 | 10.41 17.85 16.73 | cpu  2152947532 50794149 277431409 15401207881 1694401 0 10839938 0 0 0
1791122598 1785, 2619, 38, 0x0000000000000000 | 10.41 17.85 16.73 | cpu  2152949094 50794149 277431538 15401231314 1694401 0 10839942 0 0 0
1791122599 1785, 2619, 40, 0x0000000000000000 | 10.41 17.85 16.73 | cpu  2152949783 50794149 277431719 15401255792 1694401 0 10839948 0 0 0
1791122601 1785, 2619, 41, 0x0000000000000000 | 10.41 17.85 16.73 | cpu  2152951028 50794149 277431899 15401279557 1694401 0 10839954 0 0 0
1791122602 1785, 2619, 41, 0x0000000000000000 | 10.41 17.85 16.73 | cpu  2152954001 50794149 277432164 15401302763 1694401 0 10839957 0 0 0
1791122603 1785, 2619, 42, 0x0000000000000000 | 9.90 17.62 16.66 | cpu  2152956788 50794149 277432454 15401326116 1694401 0 10839968 0 0 0
1791122604 1785, 2619, 40, 0x0000000000000000 | 9.90 17.62 16.66 | cpu  2152959628 50794149 277432857 15401350346 1694401 0 10839974 0 0 0
1791122605 1785, 2619, 42, 0x0000000000000000 | 9.90 17.62 16.66 | cpu  2152962321 50794149 277432977 15401373186 1694401 0 10839983 0 0 0
1791122606 1785, 2619, 42, 0x0000000000000000 | 9.90 17.62 16.66 | cpu  2152964988 50794149 277433106 15401395174 1694401 0 10839991 0 0 0
1791122608 1785, 2619, 42, 0x0000000000000000 | 18.40 19.26 17.19 | cpu  2152967821 50794149 277433341 15401418174 1694401 0 10839996 0 0 0
1791122609 1785, 2619, 42, 0x0000000000000000 | 18.40 19.26 17.19 | cpu  2152970494 50794149 277433468 15401440908 1694401 0 10840000 0 0 0
1791122610 1785, 2619, 42, 0x0000000000000000 | 18.40 19.26 17.19 | cpu  2152973124 50794149 277433698 15401464569 1694401 0 10840005 0 0 0
1791122611 1785, 2619, 42, 0x0000000000000000 | 18.40 19.26 17.19 | cpu  2152975789 50794149 277434039 15401487342 1694401 0 10840016 0 0 0
1791122612 1785, 2619, 42, 0x0000000000000000 | 17.32 19.02 17.13 | cpu  2152978610 50794149 277434411 15401509445 1694401 0 10840022 0 0 0
1791122613 1785, 2619, 42, 0x0000000000000000 | 17.32 19.02 17.13 | cpu  2152981400 50794149 277434729 15401531857 1694401 0 10840033 0 0 0
1791122615 1785, 2619, 42, 0x0000000000000000 | 17.32 19.02 17.13 | cpu  2152984035 50794149 277434966 15401555142 1694401 0 10840038 0 0 0
1791122616 1785, 2619, 42, 0x0000000000000000 | 17.32 19.02 17.13 | cpu  2152986894 50794149 277435246 15401578216 1694401 0 10840048 0 0 0
1791122617 1785, 2619, 42, 0x0000000000000000 | 17.32 19.02 17.13 | cpu  2152989647 50794149 277435492 15401600704 1694401 0 10840056 0 0 0
1791122618 1785, 2619, 43, 0x0000000000000000 | 16.34 18.79 17.06 | cpu  2152992035 50794149 277435662 15401623202 1694401 0 10840059 0 0 0
1791122619 1785, 2619, 41, 0x0000000000000000 | 16.34 18.79 17.06 | cpu  2152994906 50794149 277435798 15401646763 1694401 0 10840060 0 0 0
1791122620 1785, 2619, 41, 0x0000000000000000 | 16.34 18.79 17.06 | cpu  2152997829 50794149 277435992 15401669564 1694401 0 10840061 0 0 0
1791122621 1785, 2619, 40, 0x0000000000000000 | 16.34 18.79 17.06 | cpu  2153000462 50794149 277436043 15401692693 1694401 0 10840063 0 0 0
1791122623 1785, 2619, 40, 0x0000000000000000 | 19.11 19.32 17.24 | cpu  2153002986 50794149 277436268 15401715592 1694404 0 10840074 0 0 0
1791122624 1785, 2619, 40, 0x0000000000000000 | 19.11 19.32 17.24 | cpu  2153004727 50794149 277436546 15401739781 1694404 0 10840082 0 0 0
1791122625 1785, 2619, 40, 0x0000000000000000 | 19.11 19.32 17.24 | cpu  2153005193 50794149 277436892 15401763359 1694404 0 10840090 0 0 0
1791122626 1785, 2619, 40, 0x0000000000000000 | 19.11 19.32 17.24 | cpu  2153005631 50794150 277437300 15401787791 1694404 0 10840100 0 0 0
1791122627 1785, 2619, 40, 0x0000000000000000 | 17.98 19.08 17.18 | cpu  2153006272 50794150 277437968 15401812321 1694404 0 10840114 0 0 0
1791122628 1785, 2619, 40, 0x0000000000000000 | 17.98 19.08 17.18 | cpu  2153007208 50794150 277438238 15401838124 1694404 0 10840122 0 0 0
1791122630 1785, 2619, 40, 0x0000000000000000 | 17.98 19.08 17.18 | cpu  2153007460 50794150 277438302 15401862569 1694404 0 10840134 0 0 0
1791122631 1785, 2619, 39, 0x0000000000000000 | 17.98 19.08 17.18 | cpu  2153007626 50794150 277438388 15401887729 1694404 0 10840145 0 0 0
1791122632 1785, 2619, 39, 0x0000000000000000 | 17.98 19.08 17.18 | cpu  2153007804 50794151 277438485 15401913664 1694404 0 10840148 0 0 0
1791122633 1785, 2619, 39, 0x0000000000000000 | 16.78 18.82 17.10 | cpu  2153007973 50794152 277438631 15401939223 1694404 0 10840149 0 0 0
1791122634 1785, 2619, 39, 0x0000000000000000 | 16.78 18.82 17.10 | cpu  2153008354 50794152 277438891 15401965185 1694404 0 10840164 0 0 0
1791122635 1785, 2619, 39, 0x0000000000000000 | 16.78 18.82 17.10 | cpu  2153008639 50794152 277439096 15401990052 1694404 0 10840166 0 0 0
1791122637 1785, 2619, 39, 0x0000000000000000 | 16.78 18.82 17.10 | cpu  2153008914 50794152 277439301 15402014972 1694404 0 10840167 0 0 0
1791122638 1785, 2619, 39, 0x0000000000000000 | 15.76 18.57 17.03 | cpu  2153009272 50794152 277439556 15402040328 1694404 0 10840170 0 0 0
1791122639 1785, 2619, 39, 0x0000000000000000 | 15.76 18.57 17.03 | cpu  2153009461 50794152 277439745 15402068246 1694404 0 10840174 0 0 0
1791122640 1785, 2619, 39, 0x0000000000000000 | 15.76 18.57 17.03 | cpu  2153010966 50794152 277441298 15402091893 1694404 0 10840186 0 0 0
1791122641 1785, 2619, 39, 0x0000000000000000 | 15.76 18.57 17.03 | cpu  2153012316 50794152 277441419 15402116701 1694404 0 10840188 0 0 0
1791122642 1785, 2619, 39, 0x0000000000000000 | 14.74 18.31 16.95 | cpu  2153012732 50794152 277441558 15402142133 1694404 0 10840190 0 0 0
1791122644 1785, 2619, 39, 0x0000000000000000 | 14.74 18.31 16.95 | cpu  2153013182 50794152 277441804 15402167261 1694404 0 10840201 0 0 0
1791122645 1785, 2619, 38, 0x0000000000000000 | 14.74 18.31 16.95 | cpu  2153014622 50794152 277442094 15402189727 1694404 0 10840212 0 0 0
1791122646 1785, 2619, 38, 0x0000000000000000 | 14.74 18.31 16.95 | cpu  2153015520 50794152 277442314 15402214674 1694404 0 10840218 0 0 0
1791122647 1785, 2619, 38, 0x0000000000000000 | 13.96 18.09 16.89 | cpu  2153015807 50794152 277442497 15402239658 1694404 0 10840220 0 0 0
1791122648 1785, 2619, 38, 0x0000000000000000 | 13.96 18.09 16.89 | cpu  2153016875 50794152 277442695 15402263416 1694404 0 10840230 0 0 0
1791122649 1785, 2619, 38, 0x0000000000000000 | 13.96 18.09 16.89 | cpu  2153018482 50794153 277442864 15402287870 1694404 0 10840238 0 0 0
1791122650 1785, 2619, 38, 0x0000000000000000 | 13.96 18.09 16.89 | cpu  2153020050 50794153 277442994 15402311468 1694404 0 10840245 0 0 0
1791122652 1785, 2619, 38, 0x0000000000000000 | 13.96 18.09 16.89 | cpu  2153023270 50794153 277443494 15402332928 1694404 0 10840256 0 0 0
1791122653 1785, 2619, 38, 0x0000000000000000 | 13.08 17.84 16.81 | cpu  2153024908 50794153 277443615 15402356807 1694404 0 10840258 0 0 0
1791122654 1785, 2619, 38, 0x0000000000000000 | 13.08 17.84 16.81 | cpu  2153026416 50794153 277443750 15402380006 1694404 0 10840265 0 0 0
1791122655 1785, 2619, 38, 0x0000000000000000 | 13.08 17.84 16.81 | cpu  2153028949 50794153 277444174 15402402872 1694408 0 10840277 0 0 0
1791122656 1785, 2619, 38, 0x0000000000000000 | 13.08 17.84 16.81 | cpu  2153032754 50794153 277444964 15402423156 1694426 0 10840294 0 0 0
1791122657 1785, 2619, 38, 0x0000000000000000 | 12.43 17.63 16.75 | cpu  2153034950 50794153 277445598 15402447331 1694463 0 10840313 0 0 0
1791122659 1785, 2619, 38, 0x0000000000000000 | 12.43 17.63 16.75 | cpu  2153038024 50794153 277446356 15402468981 1694498 0 10840325 0 0 0
1791122660 1785, 2619, 38, 0x0000000000000000 | 12.43 17.63 16.75 | cpu  2153042642 50794153 277447018 15402489640 1694533 0 10840349 0 0 0
1791122661 1785, 2619, 38, 0x0000000000000000 | 12.43 17.63 16.75 | cpu  2153047116 50794153 277447757 15402509391 1694578 0 10840379 0 0 0
1791122662 1785, 2619, 38, 0x0000000000000000 | 12.43 17.63 16.75 | cpu  2153051861 50794153 277448503 15402528695 1694624 0 10840388 0 0 0
1791122663 1785, 2619, 38, 0x0000000000000000 | 21.45 19.41 17.33 | cpu  2153056763 50794153 277449336 15402549104 1694665 0 10840396 0 0 0
1791122664 1785, 2619, 38, 0x0000000000000000 | 21.45 19.41 17.33 | cpu  2153061314 50794153 277450063 15402569202 1694705 0 10840424 0 0 0
1791122665 1785, 2619, 38, 0x0000000000000000 | 21.45 19.41 17.33 | cpu  2153065750 50794153 277450824 15402589508 1694744 0 10840434 0 0 0
1791122667 1785, 2619, 38, 0x0000000000000000 | 21.45 19.41 17.33 | cpu  2153070288 50794153 277451615 15402610574 1694788 0 10840441 0 0 0
1791122668 1785, 2619, 38, 0x0000000000000000 | 20.61 19.27 17.30 | cpu  2153075010 50794153 277452328 15402631115 1694825 0 10840452 0 0 0
1791122669 1785, 2619, 38, 0x0000000000000000 | 20.61 19.27 17.30 | cpu  2153076735 50794153 277452946 15402652218 1694855 0 10840462 0 0 0
1791122670 1785, 2619, 38, 0x0000000000000000 | 20.61 19.27 17.30 | cpu  2153078454 50794153 277453398 15402675205 1694876 0 10840473 0 0 0
1791122671 1785, 2619, 38, 0x0000000000000000 | 20.61 19.27 17.30 | cpu  2153079965 50794153 277453523 15402698768 1694876 0 10840480 0 0 0
1791122672 1785, 2619, 38, 0x0000000000000000 | 19.28 19.02 17.23 | cpu  2153081682 50794154 277453661 15402723262 1694877 0 10840486 0 0 0
1791122673 1785, 2619, 38, 0x0000000000000000 | 19.28 19.02 17.23 | cpu  2153083183 50794154 277453836 15402746711 1694877 0 10840499 0 0 0
1791122675 1785, 2619, 38, 0x0000000000000000 | 19.28 19.02 17.23 | cpu  2153085140 50794154 277454471 15402770210 1694910 0 10840522 0 0 0
1791122676 1785, 2619, 38, 0x0000000000000000 | 19.28 19.02 17.23 | cpu  2153087181 50794154 277455346 15402793424 1694959 0 10840548 0 0 0
1791122677 1785, 2619, 38, 0x0000000000000000 | 19.28 19.02 17.23 | cpu  2153089173 50794154 277456179 15402816106 1695007 0 10840568 0 0 0
1791122678 1785, 2619, 38, 0x0000000000000000 | 18.62 18.88 17.19 | cpu  2153091489 50794155 277456935 15402839295 1695062 0 10840590 0 0 0
1791122679 1785, 2619, 38, 0x0000000000000000 | 18.62 18.88 17.19 | cpu  2153093015 50794155 277457508 15402861462 1695097 0 10840600 0 0 0
1791122680 1785, 2619, 38, 0x0000000000000000 | 18.62 18.88 17.19 | cpu  2153094714 50794155 277458149 15402884064 1695143 0 10840626 0 0 0
1791122682 1785, 2619, 38, 0x0000000000000000 | 18.62 18.88 17.19 | cpu  2153096756 50794155 277458869 15402907185 1695187 0 10840644 0 0 0
1791122683 1785, 2619, 38, 0x0000000000000000 | 18.01 18.75 17.16 | cpu  2153098719 50794155 277459608 15402929732 1695239 0 10840668 0 0 0
1791122684 1785, 2619, 37, 0x0000000000000000 | 18.01 18.75 17.16 | cpu  2153100397 50794155 277460309 15402951089 1695287 0 10840682 0 0 0
1791122685 1785, 2619, 37, 0x0000000000000000 | 18.01 18.75 17.16 | cpu  2153102534 50794155 277461207 15402974108 1695339 0 10840704 0 0 0
1791122686 1785, 2619, 37, 0x0000000000000000 | 18.01 18.75 17.16 | cpu  2153104440 50794155 277461899 15402996501 1695374 0 10840726 0 0 0
1791122687 1785, 2619, 37, 0x0000000000000000 | 34.90 22.24 18.30 | cpu  2153106993 50794155 277462440 15403018866 1695403 0 10840752 0 0 0
1791122688 1785, 2619, 37, 0x0000000000000000 | 34.90 22.24 18.30 | cpu  2153109234 50794155 277462566 15403041262 1695403 0 10840758 0 0 0
1791122689 1785, 2619, 37, 0x0000000000000000 | 34.90 22.24 18.30 | cpu  2153111279 50794155 277462610 15403064459 1695403 0 10840765 0 0 0
1791122691 1785, 2619, 37, 0x0000000000000000 | 34.90 22.24 18.30 | cpu  2153113445 50794155 277462728 15403087955 1695403 0 10840781 0 0 0
1791122692 1785, 2619, 37, 0x0000000000000000 | 34.90 22.24 18.30 | cpu  2153115670 50794155 277462752 15403111587 1695403 0 10840785 0 0 0
1791122693 1785, 2619, 37, 0x0000000000000000 | 32.35 21.92 18.22 | cpu  2153117909 50794155 277462825 15403134742 1695403 0 10840791 0 0 0
1791122694 1785, 2619, 37, 0x0000000000000000 | 32.35 21.92 18.22 | cpu  2153119932 50794155 277462988 15403157232 1695403 0 10840796 0 0 0
1791122695 1785, 2619, 37, 0x0000000000000000 | 32.35 21.92 18.22 | cpu  2153122473 50794155 277463218 15403179913 1695403 0 10840809 0 0 0
1791122696 1785, 2619, 37, 0x0000000000000000 | 32.35 21.92 18.22 | cpu  2153124982 50794156 277463411 15403202012 1695403 0 10840824 0 0 0
1791122697 1785, 2619, 37, 0x0000000000000000 | 30.16 21.64 18.14 | cpu  2153126628 50794156 277463633 15403225149 1695403 0 10840832 0 0 0
1791122699 1785, 2619, 37, 0x0000000000000000 | 30.16 21.64 18.14 | cpu  2153127894 50794156 277463988 15403249735 1695403 0 10840855 0 0 0
1791122700 1785, 2619, 37, 0x0000000000000000 | 30.16 21.64 18.14 | cpu  2153129179 50794156 277464111 15403274135 1695403 0 10840862 0 0 0
1791122701 1785, 2619, 37, 0x0000000000000000 | 30.16 21.64 18.14 | cpu  2153130554 50794156 277464296 15403298446 1695403 0 10840869 0 0 0
1791122702 1785, 2619, 37, 0x0000000000000000 | 30.16 21.64 18.14 | cpu  2153131841 50794156 277464488 15403322338 1695403 0 10840872 0 0 0
1791122703 1785, 2619, 37, 0x0000000000000000 | 28.14 21.36 18.07 | cpu  2153133233 50794156 277464626 15403347585 1695403 0 10840880 0 0 0
1791122704 1785, 2619, 37, 0x0000000000000000 | 28.14 21.36 18.07 | cpu  2153134438 50794156 277464814 15403372423 1695403 0 10840885 0 0 0
1791122706 1785, 2619, 37, 0x0000000000000000 | 28.14 21.36 18.07 | cpu  2153135874 50794156 277465132 15403395521 1695403 0 10840896 0 0 0
1791122707 1785, 2619, 37, 0x0000000000000000 | 28.14 21.36 18.07 | cpu  2153137879 50794156 277465404 15403419939 1695403 0 10840906 0 0 0
1791122708 1785, 2619, 37, 0x0000000000000000 | 26.29 21.09 18.00 | cpu  2153138897 50794156 277465612 15403444229 1695403 0 10840912 0 0 0
1791122709 1785, 2619, 37, 0x0000000000000000 | 26.29 21.09 18.00 | cpu  2153139966 50794156 277465783 15403468388 1695403 0 10840918 0 0 0
1791122710 1785, 2619, 37, 0x0000000000000000 | 26.29 21.09 18.00 | cpu  2153141012 50794156 277465911 15403493519 1695403 0 10840922 0 0 0
1791122711 1785, 2619, 37, 0x0000000000000000 | 26.29 21.09 18.00 | cpu  2153141962 50794156 277465998 15403518214 1695403 0 10840938 0 0 0
1791122712 1785, 2619, 37, 0x0000000000000000 | 24.34 20.78 17.92 | cpu  2153142987 50794156 277466036 15403542889 1695403 0 10840941 0 0 0
1791122714 1785, 2619, 37, 0x0000000000000000 | 24.34 20.78 17.92 | cpu  2153143907 50794156 277466066 15403567583 1695403 0 10840943 0 0 0
1791122715 1785, 2619, 37, 0x0000000000000000 | 24.34 20.78 17.92 | cpu  2153145000 50794156 277466164 15403592684 1695403 0 10840951 0 0 0
1791122716 1785, 2619, 37, 0x0000000000000000 | 24.34 20.78 17.92 | cpu  2153145948 50794156 277466282 15403618209 1695403 0 10840958 0 0 0
1791122717 1785, 2619, 37, 0x0000000000000000 | 22.87 20.53 17.85 | cpu  2153146984 50794156 277466500 15403643249 1695403 0 10840972 0 0 0
1791122718 1785, 2619, 37, 0x0000000000000000 | 22.87 20.53 17.85 | cpu  2153148235 50794156 277466703 15403670074 1695403 0 10840980 0 0 0
1791122720 1785, 2619, 37, 0x0000000000000000 | 22.87 20.53 17.85 | cpu  2153149227 50794156 277466872 15403694680 1695403 0 10840990 0 0 0
1791122721 1785, 2619, 37, 0x0000000000000000 | 22.87 20.53 17.85 | cpu  2153150185 50794156 277467000 15403719284 1695403 0 10840996 0 0 0
1791122722 1785, 2619, 37, 0x0000000000000000 | 22.87 20.53 17.85 | cpu  2153151178 50794156 277467128 15403744200 1695403 0 10840999 0 0 0
1791122723 1785, 2619, 37, 0x0000000000000000 | 21.28 20.24 17.77 | cpu  2153152351 50794156 277467262 15403768678 1695403 0 10841014 0 0 0
1791122724 1785, 2619, 37, 0x0000000000000000 | 21.28 20.24 17.77 | cpu  2153153481 50794156 277467410 15403793720 1695403 0 10841033 0 0 0
1791122725 1785, 2619, 37, 0x0000000000000000 | 21.28 20.24 17.77 | cpu  2153154720 50794156 277467606 15403818448 1695403 0 10841064 0 0 0
1791122727 1785, 2619, 36, 0x0000000000000000 | 21.28 20.24 17.77 | cpu  2153155844 50794156 277467715 15403844421 1695403 0 10841070 0 0 0
1791122728 1785, 2619, 36, 0x0000000000000000 | 19.82 19.95 17.69 | cpu  2153156827 50794156 277467833 15403869237 1695403 0 10841078 0 0 0
1791122729 1785, 2619, 36, 0x0000000000000000 | 19.82 19.95 17.69 | cpu  2153157742 50794156 277468004 15403893663 1695403 0 10841089 0 0 0
1791122730 1785, 2619, 36, 0x0000000000000000 | 19.82 19.95 17.69 | cpu  2153158615 50794157 277468129 15403918394 1695403 0 10841094 0 0 0
1791122731 1785, 2619, 36, 0x0000000000000000 | 19.82 19.95 17.69 | cpu  2153159695 50794157 277468258 15403943745 1695403 0 10841099 0 0 0
1791122732 1785, 2619, 36, 0x0000000000000000 | 18.47 19.67 17.61 | cpu  2153160600 50794157 277468382 15403968377 1695403 0 10841112 0 0 0
1791122734 1785, 2619, 36, 0x0000000000000000 | 18.47 19.67 17.61 | cpu  2153161536 50794157 277468497 15403993235 1695403 0 10841121 0 0 0
1791122735 1785, 2619, 36, 0x0000000000000000 | 18.47 19.67 17.61 | cpu  2153162773 50794157 277468647 15404017609 1695403 0 10841126 0 0 0
1791122736 1785, 2619, 36, 0x0000000000000000 | 18.47 19.67 17.61 | cpu  2153163696 50794157 277468767 15404042305 1695403 0 10841134 0 0 0
1791122737 1785, 2619, 36, 0x0000000000000000 | 18.47 19.67 17.61 | cpu  2153164688 50794157 277468892 15404066949 1695403 0 10841139 0 0 0
1791122738 1785, 2619, 36, 0x0000000000000000 | 17.39 19.43 17.55 | cpu  2153165746 50794157 277469015 15404094360 1695403 0 10841146 0 0 0
1791122739 1785, 2619, 36, 0x0000000000000000 | 17.39 19.43 17.55 | cpu  2153166739 50794157 277469230 15404118835 1695403 0 10841156 0 0 0
1791122741 1785, 2619, 36, 0x0000000000000000 | 17.39 19.43 17.55 | cpu  2153167709 50794158 277469581 15404143236 1695403 0 10841164 0 0 0
1791122742 1785, 2619, 36, 0x0000000000000000 | 17.39 19.43 17.55 | cpu  2153168671 50794158 277470008 15404166352 1695403 0 10841182 0 0 0
1791122743 1785, 2619, 39, 0x0000000000000000 | 16.48 19.20 17.48 | cpu  2153169786 50794158 277470480 15404189456 1695405 0 10841196 0 0 0
1791122744 1785, 2619, 37, 0x0000000000000000 | 16.48 19.20 17.48 | cpu  2153170798 50794158 277470764 15404213525 1695405 0 10841210 0 0 0
1791122745 1785, 2619, 39, 0x0000000000000000 | 16.48 19.20 17.48 | cpu  2153171810 50794158 277471174 15404237984 1695405 0 10841220 0 0 0
1791122746 1785, 2619, 39, 0x0000000000000000 | 16.48 19.20 17.48 | cpu  2153172824 50794158 277472052 15404261308 1695405 0 10841228 0 0 0
1791122747 1785, 2619, 40, 0x0000000000000000 | 15.80 19.02 17.43 | cpu  2153173857 50794158 277472255 15404285905 1695405 0 10841242 0 0 0
1791122749 1785, 2619, 40, 0x0000000000000000 | 15.80 19.02 17.43 | cpu  2153174869 50794158 277472358 15404310284 1695405 0 10841246 0 0 0
1791122750 1785, 2619, 41, 0x0000000000000000 | 15.80 19.02 17.43 | cpu  2153175854 50794158 277472404 15404335295 1695405 0 10841250 0 0 0
1791122751 1785, 2619, 41, 0x0000000000000000 | 15.80 19.02 17.43 | cpu  2153176947 50794158 277472452 15404360512 1695405 0 10841254 0 0 0
1791122752 1785, 2619, 41, 0x0000000000000000 | 14.85 18.77 17.36 | cpu  2153177920 50794158 277472567 15404385951 1695405 0 10841264 0 0 0
1791122753 1785, 2619, 40, 0x0000000000000000 | 14.85 18.77 17.36 | cpu  2153178811 50794158 277472689 15404410844 1695405 0 10841280 0 0 0
1791122754 1785, 2619, 41, 0x0000000000000000 | 14.85 18.77 17.36 | cpu  2153179824 50794158 277472876 15404435672 1695405 0 10841298 0 0 0
1791122756 1785, 2619, 41, 0x0000000000000000 | 14.85 18.77 17.36 | cpu  2153180904 50794158 277473229 15404460346 1695405 0 10841321 0 0 0
1791122757 1785, 2619, 42, 0x0000000000000000 | 14.85 18.77 17.36 | cpu  2153182012 50794158 277473628 15404484742 1695405 0 10841334 0 0 0
1791122758 1785, 2619, 42, 0x0000000000000000 | 14.15 18.56 17.30 | cpu  2153183060 50794158 277473977 15404508025 1695405 0 10841342 0 0 0
1791122759 1785, 2619, 42, 0x0000000000000000 | 14.15 18.56 17.30 | cpu  2153183707 50794158 277474518 15404532785 1695431 0 10841363 0 0 0
1791122760 1785, 2619, 41, 0x0000000000000000 | 14.15 18.56 17.30 | cpu  2153183864 50794158 277475222 15404557423 1695482 0 10841396 0 0 0
1791122761 1785, 2619, 43, 0x0000000000000000 | 14.15 18.56 17.30 | cpu  2153184013 50794159 277475930 15404582544 1695536 0 10841426 0 0 0
1791122763 1785, 2619, 44, 0x0000000000000000 | 13.33 18.31 17.23 | cpu  2153184302 50794159 277476400 15404608821 1695553 0 10841443 0 0 0
1791122764 1785, 2619, 43, 0x0000000000000000 | 13.33 18.31 17.23 | cpu  2153184659 50794159 277476584 15404633902 1695553 0 10841449 0 0 0
1791122765 1785, 2619, 43, 0x0000000000000000 | 13.33 18.31 17.23 | cpu  2153185075 50794159 277476834 15404659058 1695553 0 10841452 0 0 0
1791122766 1785, 2619, 43, 0x0000000000000000 | 13.33 18.31 17.23 | cpu  2153185518 50794159 277477132 15404684835 1695553 0 10841458 0 0 0
1791122767 1785, 2619, 44, 0x0000000000000000 | 12.67 18.09 17.16 | cpu  2153185892 50794159 277477448 15404710078 1695553 0 10841470 0 0 0
1791122768 1785, 2619, 43, 0x0000000000000000 | 12.67 18.09 17.16 | cpu  2153186258 50794159 277477744 15404735921 1695553 0 10841481 0 0 0
1791122770 1785, 2619, 44, 0x0000000000000000 | 12.67 18.09 17.16 | cpu  2153186674 50794159 277478060 15404761268 1695553 0 10841482 0 0 0
1791122771 1785, 2619, 43, 0x0000000000000000 | 12.67 18.09 17.16 | cpu  2153187007 50794159 277478233 15404787228 1695553 0 10841488 0 0 0
1791122772 1785, 2619, 44, 0x0000000000000000 | 12.67 18.09 17.16 | cpu  2153187403 50794159 277478396 15404813033 1695553 0 10841495 0 0 0
1791122773 1785, 2619, 43, 0x0000000000000000 | 11.81 17.82 17.08 | cpu  2153187726 50794159 277478508 15404838788 1695553 0 10841501 0 0 0
1791122774 1785, 2619, 44, 0x0000000000000000 | 11.81 17.82 17.08 | cpu  2153188102 50794159 277478634 15404863563 1695553 0 10841502 0 0 0
1791122775 1785, 2619, 45, 0x0000000000000000 | 11.81 17.82 17.08 | cpu  2153188801 50794159 277478892 15404889679 1695559 0 10841506 0 0 0
1791122777 1785, 2619, 45, 0x0000000000000000 | 11.81 17.82 17.08 | cpu  2153189852 50794159 277479178 15404915511 1695559 0 10841532 0 0 0
1791122778 1785, 2619, 45, 0x0000000000000000 | 11.35 17.63 17.02 | cpu  2153190120 50794159 277479412 15404944436 1695559 0 10841534 0 0 0
1791122779 1785, 2619, 45, 0x0000000000000000 | 11.35 17.63 17.02 | cpu  2153190316 50794159 277479616 15404969551 1695559 0 10841543 0 0 0
1791122780 1785, 2619, 46, 0x0000000000000000 | 11.35 17.63 17.02 | cpu  2153190459 50794159 277479765 15404994366 1695559 0 10841548 0 0 0
1791122781 1785, 2619, 45, 0x0000000000000000 | 11.35 17.63 17.02 | cpu  2153190605 50794159 277479895 15405020639 1695559 0 10841552 0 0 0
1791122783 1785, 2619, 46, 0x0000000000000000 | 10.52 17.35 16.93 | cpu  2153190753 50794159 277479980 15405046744 1695559 0 10841554 0 0 0
1791122784 1785, 2619, 44, 0x0000000000000000 | 10.52 17.35 16.93 | cpu  2153190831 50794159 277480013 15405072345 1695559 0 10841554 0 0 0
1791122785 1785, 2619, 43, 0x0000000000000000 | 10.52 17.35 16.93 | cpu  2153190933 50794159 277480096 15405097873 1695559 0 10841557 0 0 0
1791122786 1785, 2619, 43, 0x0000000000000000 | 10.52 17.35 16.93 | cpu  2153191059 50794159 277480251 15405123109 1695560 0 10841558 0 0 0
1791122787 1785, 2619, 43, 0x0000000000000000 | 10.07 17.15 16.87 | cpu  2153191203 50794159 277480494 15405148435 1695560 0 10841558 0 0 0
1791122788 1785, 2619, 43, 0x0000000000000000 | 10.07 17.15 16.87 | cpu  2153191350 50794159 277480781 15405173753 1695560 0 10841560 0 0 0
1791122789 1785, 2619, 43, 0x0000000000000000 | 10.07 17.15 16.87 | cpu  2153191500 50794160 277481113 15405199153 1695560 0 10841560 0 0 0
1791122791 1785, 2619, 42, 0x0000000000000000 | 10.07 17.15 16.87 | cpu  2153191612 50794160 277481375 15405225100 1695560 0 10841563 0 0 0
1791122792 1785, 2619, 42, 0x0000000000000000 | 10.07 17.15 16.87 | cpu  2153191728 50794160 277481616 15405250531 1695560 0 10841563 0 0 0
1791122793 1785, 2619, 42, 0x0000000000000000 | 9.51 16.91 16.79 | cpu  2153191842 50794160 277481848 15405277188 1695560 0 10841566 0 0 0
1791122794 1785, 2619, 42, 0x0000000000000000 | 9.51 16.91 16.79 | cpu  2153191956 50794161 277481992 15405302434 1695560 0 10841571 0 0 0
1791122795 1785, 2619, 42, 0x0000000000000000 | 9.51 16.91 16.79 | cpu  2153192063 50794161 277482096 15405328195 1695560 0 10841571 0 0 0
1791122796 1785, 2619, 42, 0x0000000000000000 | 9.51 16.91 16.79 | cpu  2153192182 50794161 277482224 15405353455 1695560 0 10841574 0 0 0
1791122798 1785, 2619, 42, 0x0000000000000000 | 8.91 16.66 16.71 | cpu  2153192314 50794161 277482346 15405379601 1695560 0 10841574 0 0 0
1791122799 1785, 2619, 42, 0x0000000000000000 | 8.91 16.66 16.71 | cpu  2153192411 50794161 277482495 15405405125 1695560 0 10841574 0 0 0
1791122800 1785, 2619, 42, 0x0000000000000000 | 8.91 16.66 16.71 | cpu  2153192462 50794161 277482792 15405430364 1695567 0 10841577 0 0 0
1791122801 1785, 2619, 41, 0x0000000000000000 | 8.91 16.66 16.71 | cpu  2153192533 50794162 277483094 15405455400 1695609 0 10841584 0 0 0
1791122802 1785, 2619, 41, 0x0000000000000000 | 8.35 16.42 16.64 | cpu  2153192716 50794162 277483261 15405480565 1695611 0 10841589 0 0 0
1791122803 1785, 2619, 41, 0x0000000000000000 | 8.35 16.42 16.64 | cpu  2153192803 50794162 277483427 15405506660 1695611 0 10841589 0 0 0
1791122805 1785, 2619, 41, 0x0000000000000000 | 8.35 16.42 16.64 | cpu  2153192935 50794162 277483564 15405532942 1695611 0 10841589 0 0 0
1791122806 1785, 2619, 41, 0x0000000000000000 | 8.35 16.42 16.64 | cpu  2153193132 50794162 277483789 15405559079 1695611 0 10841592 0 0 0
1791122807 1785, 2619, 41, 0x0000000000000000 | 8.35 16.42 16.64 | cpu  2153193284 50794162 277483994 15405584653 1695611 0 10841594 0 0 0
1791122808 1785, 2619, 41, 0x0000000000000000 | 7.84 16.18 16.56 | cpu  2153193427 50794162 277484075 15405610055 1695611 0 10841594 0 0 0
1791122809 1785, 2619, 41, 0x0000000000000000 | 7.84 16.18 16.56 | cpu  2153193601 50794162 277484163 15405636133 1695611 0 10841594 0 0 0
1791122810 1785, 2619, 41, 0x0000000000000000 | 7.84 16.18 16.56 | cpu  2153193728 50794162 277484217 15405662036 1695611 0 10841594 0 0 0
1791122812 1785, 2619, 41, 0x0000000000000000 | 7.84 16.18 16.56 | cpu  2153193871 50794162 277484327 15405687571 1695611 0 10841602 0 0 0
1791122813 1785, 2619, 41, 0x0000000000000000 | 7.38 15.94 16.48 | cpu  2153193975 50794162 277484471 15405715702 1695611 0 10841603 0 0 0
1791122814 1785, 2619, 41, 0x0000000000000000 | 7.38 15.94 16.48 | cpu  2153194105 50794162 277484606 15405741510 1695611 0 10841603 0 0 0
1791122815 1785, 2619, 41, 0x0000000000000000 | 7.38 15.94 16.48 | cpu  2153194249 50794162 277484776 15405767437 1695611 0 10841603 0 0 0
1791122816 1785, 2619, 40, 0x0000000000000000 | 7.38 15.94 16.48 | cpu  2153194418 50794162 277485000 15405793499 1695611 0 10841610 0 0 0
