1791088762 0, 0, 62.12
1791088763 0, 0, 62.17
1791088764 4, 0, 62.12
1791088765 4, 0, 62.19
1791088767 4, 0, 62.15
1791088768 4, 0, 62.20
1791088769 527, 0, 66.14
1791088770 1107, 0, 91.76
1791088771 4549, 11, 97.11
1791088772 5589, 0, 95.68
1791088773 5869, 0, 96.64
1791088775 6929, 13, 97.10
1791088776 7689, 4, 96.59
1791088777 8749, 8, 96.13
1791088778 9789, 5, 96.88
1791088779 10529, 8, 98.58
1791088780 11229, 6, 96.28
1791088781 11929, 5, 96.90
1791088782 12969, 10, 97.58
1791088783 13669, 3, 97.52
1791088785 14729, 16, 97.66
1791088786 15429, 16, 96.56
1791088787 16469, 9, 98.43
1791088788 17509, 8, 98.87
1791088789 18209, 13, 97.75
1791088790 19269, 9, 98.61
1791088791 19969, 0, 97.20
1791088793 20311, 2, 96.03
1791088794 21611, 0, 94.26
1791088795 21611, 0, 94.00
1791088796 21611, 0, 93.97
1791088797 21611, 2, 94.22
1791088798 21611, 3, 94.32
1791088799 21611, 1, 94.31
1791088801 21611, 0, 94.30
1791088802 21611, 1, 94.39
1791088803 21641, 2, 94.40
1791088804 21641, 4, 94.57
1791088805 21641, 3, 94.38
1791088806 21643, 4, 94.38
1791088807 21643, 4, 94.41
1791088809 21643, 0, 94.39
1791088810 21643, 4, 94.30
1791088811 21643, 5, 94.34
1791088812 21643, 5, 94.32
1791088813 21643, 0, 94.34
1791088814 21643, 0, 94.35
1791088815 21643, 0, 94.35
1791088816 21643, 0, 94.39
1791088818 21643, 0, 94.35
1791088819 21643, 3, 94.45
1791088820 21643, 5, 94.40
1791088821 21643, 3, 94.45
1791088822 21643, 4, 94.45
1791088823 21643, 0, 94.42
1791088824 21643, 0, 94.42
1791088826 21643, 0, 94.43
1791088827 21643, 0, 94.47
1791088828 21643, 2, 94.47
1791088829 21643, 0, 94.55
1791088830 21643, 0, 94.45
1791088831 21643, 2, 94.43
1791088832 21643, 0, 94.46
1791088834 21643, 3, 94.52
1791088835 21643, 0, 94.46
1791088836 21643, 0, 94.48
1791088837 21643, 2, 94.50
1791088838 21643, 2, 94.41
1791088840 21643, 1, 94.56
1791088841 21643, 1, 94.47
1791088842 21643, 4, 94.45
1791088843 21643, 0, 94.50
1791088844 21643, 0, 94.48
1791088845 21643, 0, 94.58
1791088847 21643, 1, 94.50
1791088848 21643, 2, 94.52
1791088849 21643, 0, 94.51
1791088850 21643, 2, 94.57
1791088851 21643, 4, 94.57
1791088852 21643, 0, 94.53
1791088854 21643, 1, 94.54
1791088855 21643, 0, 94.51
1791088856 21643, 0, 94.55
1791088857 21643, 4, 94.56
1791088858 21643, 0, 94.58
1791088860 21643, 1, 94.55
1791088861 21643, 1, 94.60
1791088862 21643, 0, 94.56
1791088863 21643, 0, 94.55
1791088864 21643, 1, 94.57
1791088865 21643, 1, 94.57
1791088867 21643, 2, 94.65
1791088868 21643, 2, 94.70
1791088869 21711, 0, 94.62
1791088870 21711, 2, 94.78
1791088871 21711, 0, 95.22
1791088873 21711, 0, 97.77
1791088874 21711, 0, 96.90
1791088875 21715, 0, 99.24
1791088876 21717, 9, 96.01
1791088877 21777, 91, 156.57
1791088878 21697, 0, 136.52
1791088880 21697, 2, 96.31
1791088881 21717, 2, 95.90
1791088882 25303, 49, 146.07
1791088883 28709, 65, 223.79
1791088884 28709, 0, 121.57
1791088885 28709, 0, 107.55
1791088887 28709, 0, 97.18
1791088888 28709, 0, 97.44
1791088889 28709, 100, 180.44
1791088890 32109, 33, 239.41
1791088891 32143, 83, 220.23
1791088892 32187, 57, 229.87
1791088894 32187, 91, 244.01
1791088895 32223, 100, 232.54
1791088896 32223, 66, 245.80
1791088897 32223, 100, 279.46
1791088898 32223, 92, 228.15
1791088899 33303, 100, 298.52
1791088901 33303, 100, 249.56
1791088902 33303, 77, 236.18
1791088903 33303, 71, 226.92
1791088904 33303, 59, 258.55
1791088905 33303, 82, 240.83
1791088906 33303, 66, 247.03
1791088908 33303, 74, 266.15
1791088909 33303, 87, 230.58
1791088910 33303, 0, 235.87
1791088911 33303, 91, 238.97
1791088912 33303, 100, 285.83
1791088913 33303, 86, 282.42
1791088915 33303, 100, 281.64
1791088916 33303, 100, 263.19
1791088917 33305, 16, 201.30
1791088918 33305, 89, 266.57
1791088919 33305, 83, 263.10
1791088920 33305, 82, 228.25
1791088922 33305, 100, 283.38
1791088923 33305, 90, 245.45
1791088924 33305, 100, 270.71
1791088925 33305, 0, 235.80
1791088926 33305, 85, 300.98
1791088927 33985, 100, 318.48
1791088928 33985, 85, 292.91
1791088930 33985, 100, 304.77
1791088931 33985, 100, 318.89
1791088932 33985, 98, 306.30
1791088933 33985, 69, 226.93
1791088934 33985, 0, 124.16
1791088936 33985, 2, 113.93
1791088937 33985, 0, 111.07
1791088938 33985, 1, 108.47
1791088939 33985, 0, 107.04
1791088940 33985, 0, 106.14
1791088941 33985, 2, 106.03
1791088942 33985, 0, 105.99
1791088944 33985, 4, 105.51
1791088945 33985, 0, 105.00
1791088946 33985, 0, 104.63
1791088947 33985, 2, 104.14
1791088948 33985, 1, 103.83
1791088949 33985, 0, 103.45
1791088950 33985, 0, 103.10
1791088952 33985, 2, 102.93
1791088953 33985, 0, 102.72
1791088954 33985, 2, 102.37
1791088955 33985, 1, 102.13
1791088956 33985, 1, 102.06
1791088957 33985, 3, 101.85
1791088958 33985, 0, 101.61
1791088960 33985, 0, 101.47
1791088961 33985, 3, 101.31
1791088962 33985, 5, 101.30
1791088963 33985, 0, 101.30
1791088964 33985, 0, 100.75
1791088965 33985, 0, 100.63
1791088966 33985, 0, 100.54
1791088968 33985, 0, 100.45
