1791088971 0, 0, 101.93
1791088972 0, 0, 66.26
1791088973 4, 0, 66.05
1791088974 4, 0, 65.74
1791088976 4, 0, 65.57
1791088977 4, 0, 65.33
1791088978 4, 0, 65.21
1791088979 4, 0, 65.00
1791088980 727, 0, 95.81
1791088981 727, 0, 97.05
1791088982 727, 0, 97.25
1791088984 795, 0, 97.36
1791088985 16257, 0, 97.43
1791088986 16257, 13, 98.13
1791088987 16269, 13, 103.29
1791088988 16279, 15, 103.89
1791088989 16289, 11, 104.47
1791088991 16301, 14, 105.43
1791088992 16311, 15, 104.88
1791088993 16323, 19, 104.39
1791088994 16455, 12, 104.44
1791088995 18005, 15, 105.22
1791088997 18931, 0, 101.67
1791088998 18931, 0, 97.50
1791088999 18931, 0, 97.48
1791089000 18931, 0, 97.40
1791089001 18931, 0, 97.44
1791089002 16869, 0, 97.44
1791089003 16869, 0, 97.14
1791089005 16869, 0, 97.09
1791089006 16887, 0, 97.02
1791089007 17155, 1, 96.93
1791089009 17455, 1, 96.92
1791089010 17735, 1, 96.91
1791089011 18055, 1, 96.89
1791089012 19301, 0, 97.47
1791089013 19301, 1, 97.08
1791089014 19301, 3, 97.15
1791089015 21041, 4, 97.81
1791089017 21041, 3, 97.06
1791089018 21041, 2, 96.96
1791089019 21041, 2, 96.81
1791089020 21041, 2, 96.75
1791089021 21041, 1, 96.73
1791089022 21041, 0, 96.67
1791089024 21041, 1, 96.69
1791089025 21041, 0, 96.62
1791089026 21041, 2, 96.57
1791089027 21041, 2, 96.61
1791089028 21041, 1, 96.58
1791089030 21041, 0, 96.53
1791089031 21041, 1, 96.51
1791089032 21041, 0, 96.46
1791089033 21041, 2, 96.46
1791089034 21041, 0, 96.40
1791089035 21041, 3, 96.44
1791089037 21041, 0, 96.44
1791089038 21041, 1, 96.35
1791089039 21041, 0, 96.32
1791089040 21041, 0, 96.33
1791089041 21041, 3, 96.34
1791089043 21041, 0, 96.21
1791089044 21041, 2, 96.25
1791089045 21041, 0, 96.19
1791089046 21041, 1, 96.25
1791089047 21041, 0, 96.22
1791089048 21041, 2, 96.19
1791089049 21041, 1, 96.21
1791089051 21041, 2, 96.21
1791089052 21041, 1, 96.13
1791089053 21041, 0, 96.13
1791089054 21041, 0, 96.05
1791089055 21041, 0, 96.08
1791089056 21041, 4, 96.10
1791089058 21041, 0, 96.07
1791089059 21041, 2, 96.04
1791089060 21041, 2, 95.99
1791089061 21041, 2, 96.02
1791089063 21041, 1, 96.02
1791089064 21041, 0, 96.10
1791089065 21041, 2, 95.93
1791089066 21041, 0, 95.96
1791089067 21041, 4, 95.90
1791089068 21041, 1, 95.90
1791089070 21041, 0, 95.86
1791089071 21041, 0, 95.90
1791089072 21041, 0, 95.82
1791089073 21043, 0, 95.90
1791089074 21043, 0, 98.58
1791089075 21051, 0, 99.72
1791089077 21051, 0, 95.97
1791089078 21053, 79, 151.20
1791089079 21053, 2, 97.50
1791089080 21057, 36, 147.30
1791089081 21057, 47, 155.05
1791089082 19311, 0, 110.00
1791089084 19371, 9, 98.52
1791089085 19373, 7, 99.72
1791089086 19373, 0, 97.60
1791089087 20139, 0, 117.79
1791089088 20203, 0, 106.18
1791089090 20203, 0, 96.70
1791089091 20203, 0, 99.82
1791089092 20203, 0, 96.48
1791089093 20211, 0, 100.44
1791089094 20213, 0, 96.45
1791089095 20273, 1, 104.32
1791089097 22723, 45, 144.53
1791089098 22845, 54, 204.86
1791089099 23823, 1, 187.12
1791089100 24109, 0, 200.23
1791089101 24211, 67, 143.15
1791089102 24211, 0, 129.71
1791089104 24213, 42, 137.93
1791089105 24241, 32, 212.22
1791089106 24241, 28, 210.18
1791089107 24251, 52, 226.10
1791089108 24253, 61, 239.20
1791089109 24269, 41, 202.63
1791089111 24269, 2, 213.78
1791089112 24269, 0, 117.36
1791089113 24269, 65, 203.84
1791089114 24269, 57, 215.65
1791089115 24271, 56, 219.57
1791089116 24273, 20, 214.00
1791089118 24273, 65, 240.05
1791089119 24273, 0, 256.82
1791089120 24273, 57, 219.82
1791089121 24277, 67, 230.87
1791089122 24277, 53, 228.04
1791089123 24277, 62, 240.80
1791089125 24277, 54, 222.17
1791089126 24277, 68, 248.68
1791089127 24279, 48, 235.39
1791089128 24281, 36, 247.62
1791089129 24281, 57, 210.57
1791089130 24281, 49, 252.09
1791089131 24281, 39, 270.62
1791089133 24283, 63, 244.27
1791089134 24283, 0, 224.56
1791089135 24283, 17, 239.76
1791089136 24285, 32, 235.77
1791089137 24287, 55, 239.64
1791089138 24287, 50, 226.90
1791089140 24287, 20, 231.84
1791089141 24287, 45, 237.61
1791089142 24287, 26, 231.92
1791089143 24289, 52, 253.73
1791089144 24311, 66, 248.08
1791089145 24311, 55, 263.03
1791089147 24311, 17, 254.97
1791089148 24313, 59, 246.79
1791089149 24313, 51, 232.33
1791089150 24315, 64, 261.97
1791089151 24315, 48, 275.27
1791089152 24315, 12, 250.28
1791089154 24315, 50, 247.04
1791089155 24315, 1, 150.09
1791089156 24315, 4, 111.68
1791089157 24315, 0, 108.77
1791089158 24315, 2, 107.10
1791089160 24315, 2, 106.19
1791089161 24315, 1, 105.83
1791089162 24315, 0, 106.28
1791089163 24315, 4, 105.67
1791089164 24315, 2, 105.08
1791089165 24315, 0, 104.61
1791089167 24315, 2, 104.19
1791089168 24315, 0, 103.82
1791089169 24315, 2, 103.38
1791089170 24315, 0, 103.16
1791089171 24315, 1, 102.87
1791089172 24315, 3, 102.63
1791089174 24315, 0, 102.46
1791089175 24315, 0, 102.20
1791089176 24315, 1, 102.01
1791089177 24315, 0, 101.79
1791089178 24315, 2, 101.57
1791089180 24315, 2, 101.50
1791089181 24315, 4, 101.34
1791089182 24315, 0, 101.37
1791089183 24315, 0, 100.95
1791089184 24315, 0, 100.77
1791089185 24315, 0, 100.60
1791089187 24315, 0, 101.84
