1791135564 2400, 14001, 46, 0x0000000000000000 | 1.36 1.24 1.07 | cpu  50440690062 56089048 155874125 41690212805 1665598 0 9849212 0 0 0
1791135565 2107, 7001, 46, 0x0000000000000000 | 1.36 1.24 1.07 | cpu  50440690588 56089048 155874162 41690222733 1665599 0 9849212 0 0 0
1791135566 472, 7001, 45, 0x0000000000000000 | 1.36 1.24 1.07 | cpu  50440690777 56089048 155874200 41690233179 1665599 0 9849214 0 0 0
1791135568 427, 810, 45, 0x0000000000000000 | 1.36 1.24 1.07 | cpu  50440691269 56089048 155874239 41690242967 1665599 0 9849218 0 0 0
1791135569 180, 405, 45, 0x0000000000000000 | 1.25 1.22 1.07 | cpu  50440691294 56089048 155874292 41690253131 1665599 0 9849220 0 0 0
1791135570 180, 405, 45, 0x0000000000000000 | 1.25 1.22 1.07 | cpu  50440691369 56089048 155874318 41690263618 1665599 0 9849220 0 0 0
1791135571 2482, 13801, 46, 0x0000000000000000 | 1.25 1.22 1.07 | cpu  50440691704 56089048 155874356 41690273760 1665600 0 9849220 0 0 0
1791135572 2452, 13801, 47, 0x0000000000000000 | 1.25 1.22 1.07 | cpu  50440692017 56089048 155874421 41690283932 1665600 0 9849220 0 0 0
1791135573 2452, 13801, 46, 0x0000000000000000 | 1.25 1.22 1.07 | cpu  50440692264 56089048 155874475 41690294168 1665600 0 9849220 0 0 0
1791135574 2407, 13801, 46, 0x0000000000000000 | 1.31 1.23 1.07 | cpu  50440692566 56089048 155874550 41690304302 1665600 0 9849221 0 0 0
1791135575 2452, 13801, 46, 0x0000000000000000 | 1.31 1.23 1.07 | cpu  50440692861 56089048 155874594 41690314435 1665600 0 9849221 0 0 0
1791135576 2452, 13801, 46, 0x0000000000000000 | 1.31 1.23 1.07 | cpu  50440693164 56089048 155874656 41690324790 1665601 0 9849221 0 0 0
1791135577 2452, 13801, 46, 0x0000000000000000 | 1.31 1.23 1.07 | cpu  50440693417 56089048 155874705 41690335034 1665601 0 9849222 0 0 0
1791135578 2452, 13801, 47, 0x0000000000000000 | 1.29 1.22 1.07 | cpu  50440693735 56089048 155874732 41690345194 1665601 0 9849222 0 0 0
1791135580 2452, 13801, 46, 0x0000000000000000 | 1.29 1.22 1.07 | cpu  50440694064 56089048 155874767 41690355550 1665602 0 9849222 0 0 0
1791135581 2400, 13801, 45, 0x0000000000000000 | 1.29 1.22 1.07 | cpu  50440694349 56089048 155874833 41690365693 1665603 0 9849223 0 0 0
1791135582 2452, 13801, 45, 0x0000000000000000 | 1.29 1.22 1.07 | cpu  50440694586 56089048 155874870 41690376065 1665603 0 9849223 0 0 0
1791135583 2452, 13801, 45, 0x0000000000000000 | 1.29 1.22 1.07 | cpu  50440694890 56089048 155874912 41690386231 1665604 0 9849223 0 0 0
1791135584 2452, 13801, 45, 0x0000000000000000 | 1.26 1.22 1.07 | cpu  50440695225 56089048 155874955 41690396380 1665605 0 9849223 0 0 0
1791135585 2400, 13801, 45, 0x0000000000000000 | 1.26 1.22 1.07 | cpu  50440695323 56089048 155875038 41690406743 1665605 0 9849224 0 0 0
1791135586 2400, 13801, 45, 0x0000000000000000 | 1.26 1.22 1.07 | cpu  50440695333 56089048 155875152 41690417123 1665605 0 9849224 0 0 0
1791135587 2400, 13801, 45, 0x0000000000000000 | 1.26 1.22 1.07 | cpu  50440695359 56089048 155875245 41690427537 1665605 0 9849224 0 0 0
1791135588 2430, 13801, 45, 0x0000000000000000 | 1.26 1.22 1.07 | cpu  50440695437 56089048 155875283 41690437933 1665605 0 9849224 0 0 0
1791135589 2430, 13801, 45, 0x0000000000000000 | 1.24 1.22 1.07 | cpu  50440695512 56089048 155875323 41690448339 1665605 0 9849224 0 0 0
1791135591 2430, 13801, 45, 0x0000000000000000 | 1.24 1.22 1.07 | cpu  50440695587 56089048 155875364 41690458730 1665606 0 9849224 0 0 0
1791135592 2430, 13801, 45, 0x0000000000000000 | 1.24 1.22 1.07 | cpu  50440695655 56089048 155875412 41690469175 1665606 0 9849224 0 0 0
1791135593 2587, 13801, 45, 0x0000000000000000 | 1.24 1.22 1.07 | cpu  50440695765 56089048 155875419 41690479588 1665606 0 9849225 0 0 0
1791135594 2400, 13801, 45, 0x0000000000000000 | 1.22 1.21 1.07 | cpu  50440695877 56089048 155875423 41690489998 1665606 0 9849225 0 0 0
1791135595 2407, 13801, 45, 0x0000000000000000 | 1.22 1.21 1.07 | cpu  50440695988 56089048 155875429 41690500569 1665606 0 9849225 0 0 0
1791135596 2400, 13801, 45, 0x0000000000000000 | 1.22 1.21 1.07 | cpu  50440696085 56089048 155875452 41690510938 1665607 0 9849225 0 0 0
1791135597 2400, 13801, 45, 0x0000000000000000 | 1.22 1.21 1.07 | cpu  50440696137 56089048 155875522 41690521294 1665607 0 9849225 0 0 0
1791135598 2400, 13801, 44, 0x0000000000000000 | 1.22 1.21 1.07 | cpu  50440696203 56089048 155875631 41690531644 1665607 0 9849226 0 0 0
1791135599 2400, 13801, 44, 0x0000000000000000 | 1.20 1.21 1.07 | cpu  50440696252 56089048 155875698 41690542046 1665607 0 9849226 0 0 0
1791135600 2400, 13801, 44, 0x0000000000000000 | 1.20 1.21 1.07 | cpu  50440696309 56089048 155875758 41690552456 1665607 0 9849226 0 0 0
1791135602 2400, 13801, 44, 0x0000000000000000 | 1.20 1.21 1.07 | cpu  50440696393 56089048 155875846 41690563338 1665609 0 9849227 0 0 0
1791135603 2400, 13801, 44, 0x0000000000000000 | 1.20 1.21 1.07 | cpu  50440696460 56089048 155875911 41690573711 1665609 0 9849228 0 0 0
1791135604 2400, 13801, 44, 0x0000000000000000 | 1.19 1.21 1.07 | cpu  50440696519 56089048 155875977 41690584107 1665609 0 9849228 0 0 0
1791135605 2400, 13801, 44, 0x0000000000000000 | 1.19 1.21 1.07 | cpu  50440696579 56089048 155876036 41690594517 1665609 0 9849228 0 0 0
1791135606 2400, 13801, 44, 0x0000000000000000 | 1.19 1.21 1.07 | cpu  50440696630 56089048 155876103 41690604906 1665609 0 9849228 0 0 0
1791135607 2400, 13801, 44, 0x0000000000000000 | 1.19 1.21 1.07 | cpu  50440696685 56089048 155876163 41690615277 1665610 0 9849229 0 0 0
1791135608 2400, 13801, 44, 0x0000000000000000 | 1.19 1.21 1.07 | cpu  50440696746 56089048 155876227 41690626041 1665610 0 9849230 0 0 0
1791135609 2400, 13801, 44, 0x0000000000000000 | 1.17 1.20 1.07 | cpu  50440696802 56089048 155876289 41690636601 1665610 0 9849231 0 0 0
1791135610 2400, 13801, 44, 0x0000000000000000 | 1.17 1.20 1.07 | cpu  50440696855 56089048 155876350 41690646974 1665610 0 9849231 0 0 0
1791135612 2400, 13801, 44, 0x0000000000000000 | 1.17 1.20 1.07 | cpu  50440696912 56089048 155876412 41690657512 1665610 0 9849231 0 0 0
1791135613 2400, 13801, 44, 0x0000000000000000 | 1.17 1.20 1.07 | cpu  50440696990 56089048 155876492 41690667842 1665612 0 9849233 0 0 0
1791135614 2400, 13801, 44, 0x0000000000000000 | 1.16 1.20 1.07 | cpu  50440697051 56089048 155876554 41690678367 1665612 0 9849233 0 0 0
1791135615 2400, 13801, 44, 0x0000000000000000 | 1.16 1.20 1.07 | cpu  50440697109 56089048 155876639 41690688730 1665612 0 9849235 0 0 0
1791135616 2400, 13801, 44, 0x0000000000000000 | 1.16 1.20 1.07 | cpu  50440697162 56089048 155876740 41690699084 1665612 0 9849236 0 0 0
1791135617 2400, 13801, 44, 0x0000000000000000 | 1.16 1.20 1.07 | cpu  50440697228 56089048 155876810 41690709442 1665613 0 9849236 0 0 0
1791135618 2400, 13801, 43, 0x0000000000000000 | 1.16 1.20 1.07 | cpu  50440697299 56089048 155876857 41690719858 1665613 0 9849236 0 0 0
1791135619 2400, 13801, 43, 0x0000000000000000 | 1.14 1.20 1.07 | cpu  50440697362 56089048 155876910 41690730249 1665613 0 9849236 0 0 0
1791135620 2400, 13801, 43, 0x0000000000000000 | 1.14 1.20 1.07 | cpu  50440697421 56089048 155876973 41690740642 1665613 0 9849236 0 0 0
1791135621 2400, 13801, 43, 0x0000000000000000 | 1.14 1.20 1.07 | cpu  50440697476 56089048 155877037 41690751043 1665613 0 9849237 0 0 0
1791135623 2400, 13801, 43, 0x0000000000000000 | 1.14 1.20 1.07 | cpu  50440697533 56089048 155877100 41690761436 1665613 0 9849237 0 0 0
1791135624 2400, 13801, 43, 0x0000000000000000 | 1.13 1.19 1.07 | cpu  50440697591 56089048 155877159 41690771845 1665614 0 9849237 0 0 0
1791135625 2400, 13801, 43, 0x0000000000000000 | 1.13 1.19 1.07 | cpu  50440697644 56089048 155877220 41690782209 1665614 0 9849238 0 0 0
1791135626 2400, 13801, 43, 0x0000000000000000 | 1.13 1.19 1.07 | cpu  50440697698 56089048 155877282 41690792622 1665614 0 9849238 0 0 0
1791135627 2400, 13801, 43, 0x0000000000000000 | 1.13 1.19 1.07 | cpu  50440697755 56089048 155877343 41690803009 1665615 0 9849239 0 0 0
1791135628 2400, 13801, 43, 0x0000000000000000 | 1.13 1.19 1.07 | cpu  50440697810 56089048 155877405 41690813379 1665615 0 9849240 0 0 0
1791135629 2400, 13801, 43, 0x0000000000000000 | 1.12 1.19 1.07 | cpu  50440697867 56089048 155877463 41690823746 1665615 0 9849240 0 0 0
1791135630 2400, 13801, 43, 0x0000000000000000 | 1.12 1.19 1.07 | cpu  50440697919 56089048 155877530 41690834124 1665617 0 9849240 0 0 0
1791135631 2400, 13801, 43, 0x0000000000000000 | 1.12 1.19 1.07 | cpu  50440697976 56089048 155877595 41690844495 1665617 0 9849242 0 0 0
1791135632 2400, 13801, 43, 0x0000000000000000 | 1.12 1.19 1.07 | cpu  50440698032 56089048 155877658 41690854860 1665617 0 9849242 0 0 0
1791135633 2400, 13801, 43, 0x0000000000000000 | 1.12 1.19 1.07 | cpu  50440698090 56089048 155877716 41690865225 1665617 0 9849242 0 0 0
1791135635 2400, 13801, 43, 0x0000000000000000 | 1.19 1.20 1.07 | cpu  50440698143 56089048 155877778 41690875592 1665617 0 9849243 0 0 0
1791135636 2400, 13801, 43, 0x0000000000000000 | 1.19 1.20 1.07 | cpu  50440698197 56089048 155877842 41690886158 1665617 0 9849243 0 0 0
1791135637 2400, 13801, 43, 0x0000000000000000 | 1.19 1.20 1.07 | cpu  50440698250 56089048 155877907 41690896600 1665618 0 9849244 0 0 0
1791135638 2400, 13801, 43, 0x0000000000000000 | 1.19 1.20 1.07 | cpu  50440698306 56089048 155877969 41690907039 1665618 0 9849245 0 0 0
1791135639 2400, 13801, 43, 0x0000000000000000 | 1.18 1.20 1.07 | cpu  50440698362 56089048 155878029 41690917454 1665618 0 9849245 0 0 0
1791135640 2400, 13801, 43, 0x0000000000000000 | 1.18 1.20 1.07 | cpu  50440698416 56089048 155878092 41690927841 1665618 0 9849245 0 0 0
1791135641 2400, 13801, 43, 0x0000000000000000 | 1.18 1.20 1.07 | cpu  50440698476 56089048 155878146 41690938217 1665618 0 9849245 0 0 0
1791135642 2400, 13801, 43, 0x0000000000000000 | 1.18 1.20 1.07 | cpu  50440698540 56089048 155878200 41690948613 1665618 0 9849246 0 0 0
1791135643 2400, 13801, 43, 0x0000000000000000 | 1.18 1.20 1.07 | cpu  50440698621 56089048 155878244 41690959400 1665622 0 9849246 0 0 0
1791135644 2872, 13801, 48, 0x0000000000000000 | 1.16 1.20 1.07 | cpu  50440698732 56089048 155878250 41690969807 1665622 0 9849247 0 0 0
1791135646 2880, 13801, 47, 0x0000000000000000 | 1.16 1.20 1.07 | cpu  50440698838 56089048 155878266 41690980198 1665622 0 9849247 0 0 0
1791135647 2865, 13801, 50, 0x0000000000000000 | 1.16 1.20 1.07 | cpu  50440698947 56089048 155878282 41690990519 1665622 0 9849247 0 0 0
1791135648 2872, 13801, 48, 0x0000000000000000 | 1.16 1.20 1.07 | cpu  50440699063 56089048 155878297 41691000975 1665622 0 9849248 0 0 0
1791135649 2857, 13801, 53, 0x0000000000000000 | 1.15 1.19 1.07 | cpu  50440699174 56089048 155878311 41691011410 1665623 0 9849249 0 0 0
1791135650 2857, 13801, 51, 0x0000000000000000 | 1.15 1.19 1.07 | cpu  50440699284 56089048 155878326 41691021827 1665623 0 9849249 0 0 0
1791135651 2887, 13801, 48, 0x0000000000000000 | 1.15 1.19 1.07 | cpu  50440699399 56089048 155878346 41691032222 1665623 0 9849249 0 0 0
1791135652 2872, 13801, 49, 0x0000000000000000 | 1.15 1.19 1.07 | cpu  50440699511 56089048 155878362 41691042648 1665623 0 9849249 0 0 0
1791135653 2865, 13801, 50, 0x0000000000000000 | 1.15 1.19 1.07 | cpu  50440699621 56089048 155878376 41691052955 1665623 0 9849260 0 0 0
1791135654 2857, 13801, 53, 0x0000000000000000 | 1.14 1.19 1.07 | cpu  50440699734 56089048 155878392 41691063392 1665624 0 9849262 0 0 0
1791135655 2865, 13801, 52, 0x0000000000000000 | 1.14 1.19 1.07 | cpu  50440699846 56089048 155878409 41691073660 1665624 0 9849264 0 0 0
1791135657 2872, 13801, 51, 0x0000000000000000 | 1.14 1.19 1.07 | cpu  50440699959 56089048 155878423 41691084063 1665624 0 9849265 0 0 0
1791135658 2865, 13801, 51, 0x0000000000000000 | 1.14 1.19 1.07 | cpu  50440700069 56089048 155878438 41691094487 1665624 0 9849265 0 0 0
1791135659 2857, 13801, 55, 0x0000000000000000 | 1.21 1.20 1.08 | cpu  50440700178 56089048 155878449 41691104710 1665624 0 9849265 0 0 0
1791135660 2850, 13801, 54, 0x0000000000000000 | 1.21 1.20 1.08 | cpu  50440700289 56089048 155878465 41691115079 1665625 0 9849268 0 0 0
1791135661 2872, 13801, 51, 0x0000000000000000 | 1.21 1.20 1.08 | cpu  50440700402 56089048 155878479 41691125479 1665625 0 9849270 0 0 0
1791135662 2857, 13801, 55, 0x0000000000000000 | 1.21 1.20 1.08 | cpu  50440700515 56089048 155878493 41691135876 1665625 0 9849271 0 0 0
1791135663 2865, 13801, 52, 0x0000000000000000 | 1.21 1.20 1.08 | cpu  50440700626 56089048 155878505 41691146327 1665625 0 9849272 0 0 0
1791135664 2865, 13801, 55, 0x0000000000000000 | 1.19 1.20 1.08 | cpu  50440700738 56089048 155878519 41691156776 1665625 0 9849272 0 0 0
1791135665 2850, 13801, 56, 0x0000000000000000 | 1.19 1.20 1.08 | cpu  50440700850 56089048 155878536 41691167147 1665626 0 9849272 0 0 0
1791135666 2865, 13801, 53, 0x0000000000000000 | 1.19 1.20 1.08 | cpu  50440700961 56089048 155878550 41691177545 1665626 0 9849272 0 0 0
1791135667 2872, 13801, 52, 0x0000000000000000 | 1.19 1.20 1.08 | cpu  50440701073 56089048 155878566 41691188063 1665626 0 9849272 0 0 0
1791135669 2865, 13801, 52, 0x0000000000000000 | 1.25 1.21 1.08 | cpu  50440701187 56089048 155878581 41691198863 1665626 0 9849273 0 0 0
1791135670 2842, 13801, 53, 0x0000000000000000 | 1.25 1.21 1.08 | cpu  50440701301 56089048 155878595 41691209440 1665626 0 9849273 0 0 0
1791135671 2872, 13801, 55, 0x0000000000000000 | 1.25 1.21 1.08 | cpu  50440701412 56089048 155878608 41691219854 1665627 0 9849273 0 0 0
1791135672 2857, 13801, 53, 0x0000000000000000 | 1.25 1.21 1.08 | cpu  50440701522 56089048 155878623 41691230100 1665627 0 9849273 0 0 0
1791135673 2865, 13801, 56, 0x0000000000000000 | 1.25 1.21 1.08 | cpu  50440701636 56089048 155878639 41691240520 1665627 0 9849273 0 0 0
1791135674 2857, 13801, 54, 0x0000000000000000 | 1.23 1.21 1.08 | cpu  50440701746 56089048 155878652 41691250758 1665627 0 9849273 0 0 0
1791135675 2857, 13801, 58, 0x0000000000000004 | 1.23 1.21 1.08 | cpu  50440701861 56089048 155878665 41691261150 1665628 0 9849274 0 0 0
1791135676 2857, 13801, 53, 0x0000000000000000 | 1.23 1.21 1.08 | cpu  50440701970 56089048 155878680 41691271388 1665629 0 9849274 0 0 0
1791135677 2872, 13801, 55, 0x0000000000000000 | 1.23 1.21 1.08 | cpu  50440702086 56089048 155878699 41691281768 1665629 0 9849275 0 0 0
1791135678 2850, 13801, 55, 0x0000000000000000 | 1.23 1.21 1.08 | cpu  50440702201 56089048 155878718 41691292152 1665629 0 9849276 0 0 0
1791135680 2850, 13801, 59, 0x0000000000000000 | 1.22 1.20 1.08 | cpu  50440702319 56089048 155878785 41691302714 1665629 0 9849276 0 0 0
1791135681 2850, 13801, 56, 0x0000000000000000 | 1.22 1.20 1.08 | cpu  50440702434 56089048 155878800 41691313455 1665629 0 9849282 0 0 0
1791135682 2857, 13801, 55, 0x0000000000000000 | 1.22 1.20 1.08 | cpu  50440702546 56089048 155878818 41691323900 1665630 0 9849283 0 0 0
1791135683 2857, 13801, 59, 0x0000000000000000 | 1.22 1.20 1.08 | cpu  50440702657 56089048 155878830 41691334276 1665630 0 9849283 0 0 0
1791135684 2850, 13801, 57, 0x0000000000000000 | 1.20 1.20 1.08 | cpu  50440702768 56089048 155878844 41691344708 1665630 0 9849283 0 0 0
1791135685 2857, 13801, 54, 0x0000000000000000 | 1.20 1.20 1.08 | cpu  50440702879 56089048 155878859 41691354945 1665630 0 9849283 0 0 0
1791135686 2850, 13801, 58, 0x0000000000000000 | 1.20 1.20 1.08 | cpu  50440702990 56089048 155878873 41691365353 1665630 0 9849283 0 0 0
1791135687 2850, 13801, 55, 0x0000000000000000 | 1.20 1.20 1.08 | cpu  50440703102 56089048 155878886 41691375770 1665630 0 9849286 0 0 0
1791135688 2850, 13801, 58, 0x0000000000000000 | 1.20 1.20 1.08 | cpu  50440703220 56089048 155878906 41691386201 1665630 0 9849286 0 0 0
1791135689 2850, 13801, 59, 0x0000000000000000 | 1.18 1.20 1.08 | cpu  50440703330 56089048 155878917 41691396455 1665630 0 9849286 0 0 0
1791135691 2850, 13801, 56, 0x0000000000000000 | 1.18 1.20 1.08 | cpu  50440703443 56089048 155878934 41691406882 1665631 0 9849286 0 0 0
1791135692 2850, 13801, 59, 0x0000000000000000 | 1.18 1.20 1.08 | cpu  50440703558 56089048 155878950 41691417529 1665631 0 9849286 0 0 0
1791135693 2850, 13801, 60, 0x0000000000000000 | 1.18 1.20 1.08 | cpu  50440703670 56089048 155878964 41691427953 1665631 0 9849286 0 0 0
1791135694 2850, 13801, 59, 0x0000000000000000 | 1.17 1.19 1.08 | cpu  50440703780 56089048 155878978 41691438205 1665631 0 9849288 0 0 0
1791135695 2850, 13801, 58, 0x0000000000000000 | 1.17 1.19 1.08 | cpu  50440703889 56089048 155878991 41691448301 1665631 0 9849288 0 0 0
1791135696 2850, 13801, 57, 0x0000000000000000 | 1.17 1.19 1.08 | cpu  50440704001 56089048 155879007 41691458736 1665632 0 9849296 0 0 0
1791135697 2857, 13801, 60, 0x0000000000000000 | 1.17 1.19 1.08 | cpu  50440704111 56089048 155879021 41691469195 1665632 0 9849310 0 0 0
1791135698 2850, 13801, 61, 0x0000000000000000 | 1.17 1.19 1.08 | cpu  50440704223 56089048 155879038 41691479426 1665632 0 9849311 0 0 0
1791135699 2850, 13801, 59, 0x0000000000000000 | 1.15 1.19 1.08 | cpu  50440704337 56089048 155879057 41691489850 1665632 0 9849313 0 0 0
1791135700 2850, 13801, 60, 0x0000000000000000 | 1.15 1.19 1.08 | cpu  50440704448 56089048 155879073 41691500287 1665632 0 9849313 0 0 0
1791135702 2850, 13801, 62, 0x0000000000000000 | 1.15 1.19 1.08 | cpu  50440704558 56089048 155879087 41691510519 1665633 0 9849313 0 0 0
1791135703 2842, 13801, 60, 0x0000000000000000 | 1.15 1.19 1.08 | cpu  50440704670 56089048 155879103 41691520935 1665633 0 9849314 0 0 0
1791135704 2850, 13801, 61, 0x0000000000000000 | 1.22 1.20 1.08 | cpu  50440704780 56089048 155879117 41691531361 1665633 0 9849314 0 0 0
1791135705 2850, 13801, 60, 0x0000000000000000 | 1.22 1.20 1.08 | cpu  50440704890 56089048 155879136 41691541591 1665633 0 9849314 0 0 0
1791135706 2865, 13801, 57, 0x0000000000000000 | 1.22 1.20 1.08 | cpu  50440705002 56089048 155879147 41691552016 1665633 0 9849316 0 0 0
1791135707 2872, 13801, 53, 0x0000000000000000 | 1.22 1.20 1.08 | cpu  50440705069 56089048 155879194 41691562403 1665635 0 9849316 0 0 0
1791135708 2880, 13801, 52, 0x0000000000000000 | 1.22 1.20 1.08 | cpu  50440705132 56089048 155879255 41691572801 1665635 0 9849316 0 0 0
1791135709 2400, 13801, 51, 0x0000000000000000 | 1.20 1.20 1.08 | cpu  50440705183 56089048 155879335 41691583551 1665636 0 9849324 0 0 0
1791135710 2400, 13801, 51, 0x0000000000000000 | 1.20 1.20 1.08 | cpu  50440705244 56089048 155879430 41691593889 1665636 0 9849326 0 0 0
1791135711 2400, 13801, 50, 0x0000000000000000 | 1.20 1.20 1.08 | cpu  50440705301 56089048 155879495 41691604249 1665636 0 9849327 0 0 0
1791135712 2400, 13801, 50, 0x0000000000000000 | 1.20 1.20 1.08 | cpu  50440705358 56089048 155879554 41691614659 1665636 0 9849329 0 0 0
1791135714 2400, 13801, 50, 0x0000000000000000 | 1.27 1.21 1.09 | cpu  50440705411 56089048 155879617 41691625069 1665636 0 9849329 0 0 0
1791135715 2400, 13801, 49, 0x0000000000000000 | 1.27 1.21 1.09 | cpu  50440705468 56089048 155879676 41691635518 1665636 0 9849330 0 0 0
1791135716 2400, 13801, 49, 0x0000000000000000 | 1.27 1.21 1.09 | cpu  50440705524 56089048 155879737 41691646095 1665637 0 9849330 0 0 0
1791135717 2400, 13801, 49, 0x0000000000000000 | 1.27 1.21 1.09 | cpu  50440705581 56089048 155879800 41691656505 1665637 0 9849330 0 0 0
1791135718 2400, 13801, 49, 0x0000000000000000 | 1.27 1.21 1.09 | cpu  50440705635 56089048 155879862 41691666940 1665637 0 9849330 0 0 0
1791135719 2400, 13801, 48, 0x0000000000000000 | 1.25 1.21 1.09 | cpu  50440705691 56089048 155879923 41691677377 1665637 0 9849330 0 0 0
1791135720 2400, 13801, 48, 0x0000000000000000 | 1.25 1.21 1.09 | cpu  50440705743 56089048 155879986 41691687747 1665637 0 9849330 0 0 0
1791135721 2400, 13801, 48, 0x0000000000000000 | 1.25 1.21 1.09 | cpu  50440705800 56089048 155880048 41691698115 1665637 0 9849330 0 0 0
1791135722 2400, 13801, 48, 0x0000000000000000 | 1.25 1.21 1.09 | cpu  50440705860 56089048 155880108 41691708521 1665638 0 9849330 0 0 0
1791135723 2400, 13801, 48, 0x0000000000000000 | 1.25 1.21 1.09 | cpu  50440705908 56089048 155880179 41691718897 1665638 0 9849331 0 0 0
1791135725 2400, 13801, 47, 0x0000000000000000 | 1.23 1.21 1.09 | cpu  50440705999 56089048 155880244 41691729236 1665638 0 9849331 0 0 0
1791135726 2400, 13801, 47, 0x0000000000000000 | 1.23 1.21 1.09 | cpu  50440706058 56089048 155880354 41691739604 1665638 0 9849346 0 0 0
1791135727 2400, 13801, 47, 0x0000000000000000 | 1.23 1.21 1.09 | cpu  50440706118 56089048 155880412 41691750000 1665638 0 9849346 0 0 0
1791135728 2400, 13801, 47, 0x0000000000000000 | 1.23 1.21 1.09 | cpu  50440706173 56089048 155880472 41691760457 1665638 0 9849346 0 0 0
1791135729 2400, 13801, 47, 0x0000000000000000 | 1.21 1.20 1.09 | cpu  50440706240 56089048 155880533 41691770898 1665638 0 9849347 0 0 0
1791135730 2400, 13801, 47, 0x0000000000000000 | 1.21 1.20 1.09 | cpu  50440706303 56089048 155880587 41691781350 1665638 0 9849347 0 0 0
1791135731 2400, 13801, 46, 0x0000000000000000 | 1.21 1.20 1.09 | cpu  50440706344 56089048 155880662 41691791748 1665638 0 9849347 0 0 0
1791135732 2400, 13801, 46, 0x0000000000000000 | 1.21 1.20 1.09 | cpu  50440706386 56089048 155880740 41691802104 1665639 0 9849347 0 0 0
1791135733 2400, 13801, 46, 0x0000000000000000 | 1.21 1.20 1.09 | cpu  50440706421 56089048 155880930 41691812392 1665641 0 9849356 0 0 0
1791135734 2400, 13801, 46, 0x0000000000000000 | 1.19 1.20 1.09 | cpu  50440706492 56089048 155880971 41691822766 1665641 0 9849356 0 0 0
