1791134970 2, 0, 66.59
1791134972 4, 0, 47.99
1791134973 4, 0, 33.76
1791134974 4, 0, 18.48
1791134975 4, 0, 18.45
1791134976 508, 0, 15.65
1791134977 4550, 5, 73.37
1791134978 5590, 14, 74.99
1791134979 6930, 4, 78.92
1791134980 8750, 13, 76.83
1791134981 9790, 16, 79.02
1791134983 10870, 12, 79.20
1791134984 12270, 10, 78.03
1791134985 13670, 19, 78.56
1791134986 14730, 3, 77.80
1791134987 16110, 13, 75.05
1791134988 17510, 19, 77.95
1791134989 18910, 2, 77.12
1791134990 19970, 13, 75.89
1791134991 21612, 1, 72.36
1791134992 21612, 0, 69.48
1791134994 21612, 0, 66.40
1791134995 21612, 0, 66.31
1791134996 21612, 0, 66.31
1791134997 21612, 2, 68.24
1791134998 21612, 2, 68.16
1791134999 21612, 2, 68.06
1791135000 21640, 2, 68.18
1791135001 21640, 3, 74.72
1791135002 21640, 3, 74.05
1791135003 21642, 3, 66.59
1791135005 21642, 3, 66.45
1791135006 21642, 0, 66.36
1791135007 21642, 2, 66.33
1791135008 21642, 1, 66.46
1791135009 21642, 2, 66.45
1791135010 21642, 0, 66.46
1791135011 21642, 0, 66.52
1791135012 21642, 3, 66.47
1791135013 21642, 0, 66.43
1791135014 21642, 2, 66.44
1791135015 21642, 2, 66.48
1791135017 21642, 0, 66.60
1791135018 21642, 2, 66.39
1791135019 21642, 1, 66.31
1791135020 21642, 2, 66.42
1791135021 21642, 0, 66.41
1791135022 21642, 0, 66.30
1791135023 21642, 3, 66.38
1791135024 21642, 0, 66.43
1791135025 21642, 2, 66.46
1791135026 21642, 2, 66.57
1791135028 21642, 2, 66.44
1791135029 21642, 0, 66.44
1791135030 21642, 2, 66.37
1791135031 21642, 0, 66.28
1791135032 21642, 3, 66.36
1791135033 21642, 1, 66.41
1791135034 21642, 0, 66.40
1791135035 21642, 3, 66.34
1791135036 21642, 0, 66.29
1791135037 21642, 2, 66.38
1791135039 21642, 4, 66.39
1791135040 21642, 0, 66.32
1791135041 21642, 2, 66.31
1791135042 21642, 0, 66.28
1791135043 21642, 3, 66.21
1791135044 21642, 1, 66.19
1791135045 21642, 0, 66.23
1791135046 21642, 4, 66.35
1791135047 21642, 1, 66.26
1791135048 21642, 0, 66.30
1791135050 21642, 1, 66.32
1791135051 21642, 1, 66.27
1791135052 21652, 1, 66.45
1791135053 21656, 0, 67.53
1791135054 21660, 22, 123.09
1791135055 21720, 25, 148.29
1791135056 21720, 21, 130.91
1791135057 20736, 21, 128.34
1791135058 21520, 16, 118.10
1791135059 23398, 23, 132.45
1791135061 23780, 24, 140.95
1791135062 23780, 22, 146.13
1791135063 24660, 34, 175.87
1791135064 24662, 35, 193.70
1791135065 24690, 19, 151.00
1791135066 24740, 23, 138.98
1791135067 25700, 36, 187.84
1791135068 25706, 36, 195.64
1791135069 26488, 40, 189.41
1791135070 26488, 37, 205.78
1791135072 26488, 23, 168.40
1791135073 26492, 22, 156.78
1791135074 26514, 23, 134.67
1791135075 26514, 23, 145.58
1791135076 26514, 29, 143.28
1791135077 26514, 29, 168.01
1791135078 26514, 23, 135.15
1791135079 26514, 25, 143.95
1791135080 26514, 31, 170.36
1791135081 26514, 19, 171.53
1791135082 26522, 23, 137.43
1791135084 26522, 28, 162.57
1791135085 26522, 34, 191.54
1791135086 26522, 24, 186.63
1791135087 26522, 30, 165.40
1791135088 26524, 27, 173.68
1791135089 26534, 24, 146.52
1791135090 26534, 24, 151.03
1791135091 26534, 29, 170.35
1791135092 26534, 25, 172.26
1791135093 26534, 30, 158.10
1791135095 26534, 20, 160.21
1791135096 26534, 25, 149.25
1791135097 26534, 28, 158.07
1791135098 26534, 35, 187.95
1791135099 26534, 25, 190.46
1791135100 26534, 31, 182.03
1791135101 26534, 19, 166.04
1791135102 26534, 22, 137.22
1791135103 26534, 22, 142.22
1791135104 26534, 26, 158.73
1791135106 26534, 35, 183.67
1791135107 26534, 35, 200.45
1791135108 26914, 33, 195.26
1791135109 26914, 38, 220.41
1791135110 26914, 20, 201.41
1791135111 26914, 24, 146.58
1791135112 26914, 12, 158.91
1791135113 26914, 36, 180.65
1791135114 26914, 29, 194.91
1791135115 26914, 36, 187.69
1791135117 26914, 34, 198.83
1791135118 26914, 23, 138.64
1791135119 26914, 23, 149.93
1791135120 26914, 28, 160.87
1791135121 26914, 20, 153.85
1791135122 26914, 24, 142.33
1791135123 26914, 36, 170.19
1791135124 26914, 35, 201.56
1791135125 26914, 21, 170.50
1791135126 26914, 24, 150.80
1791135127 26914, 29, 165.70
1791135129 26914, 34, 196.93
1791135130 26914, 22, 161.66
1791135131 26914, 25, 153.42
1791135132 26914, 29, 160.58
1791135133 26914, 34, 168.04
1791135134 26914, 21, 163.17
1791135135 26914, 25, 149.41
1791135136 26914, 20, 147.10
1791135137 26914, 23, 139.02
1791135138 26914, 29, 159.54
1791135140 26914, 35, 196.19
1791135141 26914, 24, 172.00
1791135142 26914, 28, 163.76
1791135143 26914, 21, 159.86
1791135144 26914, 25, 151.78
1791135145 26914, 25, 156.29
1791135146 26914, 38, 208.41
1791135147 26914, 21, 203.66
1791135148 26914, 24, 142.07
1791135149 26914, 21, 147.80
1791135151 26914, 22, 140.69
1791135152 26914, 23, 136.29
1791135153 26914, 28, 164.49
1791135154 26914, 24, 166.20
1791135155 26914, 28, 163.95
1791135156 26914, 24, 164.74
1791135157 26914, 30, 182.37
1791135158 26914, 30, 179.29
1791135159 26914, 35, 198.94
1791135160 26914, 24, 184.12
1791135161 26914, 29, 166.80
1791135163 26914, 28, 174.57
1791135164 26914, 34, 199.20
1791135165 26914, 22, 171.74
1791135166 26914, 26, 158.07
1791135167 26914, 31, 171.87
1791135168 26914, 37, 205.16
1791135169 26914, 25, 164.38
1791135170 26914, 26, 163.30
1791135171 26914, 9, 159.43
1791135172 26914, 36, 192.83
1791135173 26914, 20, 200.21
1791135175 26914, 25, 154.82
1791135176 26914, 20, 143.26
1791135177 26914, 24, 146.59
1791135178 26914, 25, 156.49
1791135179 26914, 32, 181.81
1791135180 26914, 27, 161.15
1791135181 26914, 26, 164.20
1791135182 26914, 24, 139.53
1791135183 26914, 23, 143.91
1791135184 26914, 31, 173.36
1791135186 26914, 25, 181.31
1791135187 26914, 32, 172.30
1791135188 26914, 32, 190.86
1791135189 26914, 24, 149.34
1791135190 26914, 22, 148.61
1791135191 26914, 26, 161.00
1791135192 26914, 24, 161.93
1791135193 26914, 30, 174.77
1791135194 26914, 26, 174.92
1791135195 26914, 32, 170.71
1791135197 26914, 30, 181.38
1791135198 26914, 35, 197.70
1791135199 26914, 27, 194.75
1791135200 26914, 33, 179.13
1791135201 26914, 32, 188.10
1791135202 26914, 39, 191.30
1791135203 26914, 25, 201.45
1791135204 26914, 31, 173.93
1791135205 26914, 30, 183.44
1791135206 26914, 37, 190.83
1791135207 26914, 35, 205.33
1791135209 26914, 30, 146.71
1791135210 26914, 27, 171.71
1791135211 27214, 35, 187.71
1791135212 27214, 43, 224.28
1791135213 27214, 29, 224.46
1791135214 27214, 34, 202.50
1791135215 27214, 26, 191.18
1791135216 27214, 30, 178.65
1791135217 27214, 24, 177.70
1791135218 27214, 29, 168.01
1791135220 27214, 32, 183.86
1791135221 27214, 40, 213.69
1791135222 27214, 29, 203.21
1791135223 27214, 35, 195.33
1791135224 27214, 37, 203.51
1791135225 27214, 36, 192.43
1791135226 27214, 34, 201.60
1791135227 27214, 38, 201.72
1791135228 27214, 38, 216.67
1791135229 27214, 13, 178.46
1791135230 27214, 32, 179.45
1791135232 27214, 28, 174.75
1791135233 27214, 34, 191.44
1791135234 27214, 21, 173.37
1791135235 27214, 20, 142.41
1791135236 27214, 25, 153.82
1791135237 27214, 20, 138.90
1791135238 27214, 1, 115.83
1791135239 27214, 0, 66.47
1791135240 27214, 2, 66.60
1791135241 27214, 2, 66.59
1791135242 27214, 2, 66.57
1791135244 27214, 2, 66.49
1791135245 27214, 0, 66.43
1791135246 27214, 4, 66.39
1791135247 27214, 0, 66.43
1791135248 27214, 1, 66.39
1791135249 27214, 1, 66.38
1791135250 27214, 3, 66.34
1791135251 27214, 0, 66.35
1791135252 27214, 1, 66.29
1791135253 27214, 1, 66.37
1791135255 27214, 3, 66.43
1791135256 27214, 0, 66.29
1791135257 27214, 1, 66.42
1791135258 27214, 1, 66.39
1791135259 27214, 2, 66.34
1791135260 27214, 1, 66.40
1791135261 27214, 1, 66.47
1791135262 27214, 6, 67.05
1791135263 27214, 0, 66.67
1791135264 27214, 0, 66.46
1791135266 27214, 0, 66.55
