1791193918 2430, 14001, 53, 0x0000000000000000 | 1.27 1.57 1.24 | cpu  500541012 645347044 14455806 8130658186 13604885 0 580008 74517 0 0
1791193919 1095, 7001, 52, 0x0000000000000000 | 1.27 1.57 1.24 | cpu  500541569 645347044 14455830 8130662560 13604906 0 580010 74517 0 0
1791193920 487, 7001, 51, 0x0000000000000000 | 1.27 1.57 1.24 | cpu  500541641 645347044 14455841 8130667423 13604932 0 580010 74517 0 0
1791193921 307, 810, 51, 0x0000000000000000 | 1.25 1.56 1.24 | cpu  500541650 645347044 14455856 8130672389 13604936 0 580010 74517 0 0
1791193922 187, 810, 50, 0x0000000000000000 | 1.25 1.56 1.24 | cpu  500541670 645347044 14455867 8130677348 13604945 0 580011 74517 0 0
1791193923 180, 405, 50, 0x0000000000000000 | 1.25 1.56 1.24 | cpu  500542215 645347044 14455874 8130681740 13604991 0 580011 74517 0 0
1791193924 2452, 13801, 50, 0x0000000000000000 | 1.25 1.56 1.24 | cpu  500542273 645347044 14455888 8130686595 13605025 0 580014 74517 0 0
1791193925 2430, 13801, 51, 0x0000000000000000 | 1.25 1.56 1.24 | cpu  500542403 645347044 14455903 8130691323 13605107 0 580014 74517 0 0
1791193926 2430, 13801, 51, 0x0000000000000000 | 1.23 1.55 1.24 | cpu  500542406 645347044 14455906 8130696173 13605211 0 580014 74517 0 0
1791193927 2482, 13801, 51, 0x0000000000000000 | 1.23 1.55 1.24 | cpu  500542520 645347044 14455917 8130700976 13605269 0 580014 74517 0 0
1791193928 2460, 13801, 51, 0x0000000000000000 | 1.23 1.55 1.24 | cpu  500542776 645347044 14455952 8130705674 13605273 0 580014 74517 0 0
1791193929 2460, 13801, 50, 0x0000000000000000 | 1.23 1.55 1.24 | cpu  500543050 645347044 14455974 8130710373 13605273 0 580014 74517 0 0
1791193930 2460, 13801, 50, 0x0000000000000000 | 1.23 1.55 1.24 | cpu  500543258 645347044 14456047 8130715071 13605273 0 580014 74517 0 0
1791193931 2460, 13801, 50, 0x0000000000000000 | 1.29 1.56 1.24 | cpu  500543541 645347044 14456062 8130719746 13605273 0 580014 74517 0 0
1791193932 2460, 13801, 50, 0x0000000000000000 | 1.29 1.56 1.24 | cpu  500543819 645347044 14456078 8130724424 13605275 0 580015 74517 0 0
1791193933 2460, 13801, 51, 0x0000000000000000 | 1.29 1.56 1.24 | cpu  500544082 645347044 14456095 8130729118 13605275 0 580015 74517 0 0
1791193934 2460, 13801, 50, 0x0000000000000000 | 1.29 1.56 1.24 | cpu  500544353 645347044 14456118 8130733814 13605275 0 580016 74517 0 0
1791193935 2460, 13801, 50, 0x0000000000000000 | 1.27 1.55 1.24 | cpu  500544615 645347044 14456135 8130738508 13605275 0 580016 74517 0 0
1791193936 2460, 13801, 50, 0x0000000000000000 | 1.27 1.55 1.24 | cpu  500544886 645347044 14456172 8130743362 13605275 0 580016 74517 0 0
1791193937 2430, 13801, 49, 0x0000000000000000 | 1.27 1.55 1.24 | cpu  500544910 645347044 14456255 8130748226 13605276 0 580021 74517 0 0
1791193938 2460, 13801, 49, 0x0000000000000000 | 1.27 1.55 1.24 | cpu  500544946 645347044 14456326 8130753086 13605276 0 580021 74517 0 0
1791193939 2467, 13801, 49, 0x0000000000000000 | 1.27 1.55 1.24 | cpu  500545027 645347044 14456351 8130757945 13605276 0 580021 74517 0 0
1791193940 2467, 13801, 49, 0x0000000000000000 | 1.25 1.54 1.24 | cpu  500545105 645347044 14456380 8130762805 13605276 0 580021 74517 0 0
1791193941 2535, 13801, 49, 0x0000000000000000 | 1.25 1.54 1.24 | cpu  500545203 645347044 14456387 8130767660 13605279 0 580021 74517 0 0
1791193943 2430, 13801, 49, 0x0000000000000000 | 1.25 1.54 1.24 | cpu  500545307 645347044 14456389 8130772519 13605279 0 580021 74517 0 0
1791193944 2430, 13801, 48, 0x0000000000000000 | 1.25 1.54 1.24 | cpu  500545413 645347044 14456398 8130777372 13605282 0 580021 74517 0 0
1791193945 2430, 13801, 48, 0x0000000000000000 | 1.25 1.54 1.24 | cpu  500545494 645347044 14456425 8130782229 13605282 0 580021 74517 0 0
1791193946 2430, 13801, 48, 0x0000000000000000 | 1.22 1.53 1.24 | cpu  500545565 645347044 14456461 8130787082 13605282 0 580021 74517 0 0
1791193947 2430, 13801, 48, 0x0000000000000000 | 1.22 1.53 1.24 | cpu  500545629 645347044 14456502 8130791939 13605282 0 580021 74517 0 0
1791193948 2430, 13801, 48, 0x0000000000000000 | 1.22 1.53 1.24 | cpu  500545697 645347044 14456541 8130796792 13605282 0 580021 74517 0 0
1791193949 2430, 13801, 48, 0x0000000000000000 | 1.22 1.53 1.24 | cpu  500545762 645347044 14456584 8130801638 13605288 0 580021 74517 0 0
1791193950 2430, 13801, 48, 0x0000000000000000 | 1.22 1.53 1.24 | cpu  500545829 645347044 14456625 8130806491 13605289 0 580022 74517 0 0
1791193951 2430, 13801, 47, 0x0000000000000000 | 1.21 1.52 1.23 | cpu  500545899 645347044 14456704 8130811301 13605290 0 580022 74517 0 0
1791193952 2430, 13801, 47, 0x0000000000000000 | 1.21 1.52 1.23 | cpu  500545967 645347044 14456744 8130816153 13605290 0 580022 74517 0 0
1791193953 2430, 13801, 47, 0x0000000000000000 | 1.21 1.52 1.23 | cpu  500546035 645347044 14456781 8130821010 13605290 0 580022 74517 0 0
1791193954 2430, 13801, 47, 0x0000000000000000 | 1.21 1.52 1.23 | cpu  500546104 645347044 14456823 8130825862 13605290 0 580022 74517 0 0
1791193955 2430, 13801, 47, 0x0000000000000000 | 1.21 1.52 1.23 | cpu  500546176 645347044 14456892 8130830679 13605290 0 580023 74517 0 0
1791193956 2430, 13801, 47, 0x0000000000000000 | 1.19 1.51 1.23 | cpu  500546242 645347044 14456933 8130835543 13605290 0 580023 74517 0 0
1791193957 2430, 13801, 47, 0x0000000000000000 | 1.19 1.51 1.23 | cpu  500546310 645347044 14456972 8130840396 13605298 0 580023 74517 0 0
1791193958 2430, 13801, 47, 0x0000000000000000 | 1.19 1.51 1.23 | cpu  500546382 645347044 14457007 8130845256 13605298 0 580023 74517 0 0
1791193959 2430, 13801, 47, 0x0000000000000000 | 1.19 1.51 1.23 | cpu  500546448 645347044 14457048 8130850111 13605299 0 580024 74517 0 0
1791193960 2430, 13801, 46, 0x0000000000000000 | 1.17 1.51 1.23 | cpu  500546518 645347044 14457086 8130854973 13605299 0 580024 74517 0 0
1791193961 2430, 13801, 46, 0x0000000000000000 | 1.17 1.51 1.23 | cpu  500546586 645347044 14457125 8130859829 13605299 0 580024 74517 0 0
1791193962 2430, 13801, 46, 0x0000000000000000 | 1.17 1.51 1.23 | cpu  500546655 645347044 14457161 8130864686 13605299 0 580024 74517 0 0
1791193963 2430, 13801, 46, 0x0000000000000000 | 1.17 1.51 1.23 | cpu  500546724 645347044 14457199 8130869542 13605299 0 580024 74517 0 0
1791193964 2430, 13801, 46, 0x0000000000000000 | 1.17 1.51 1.23 | cpu  500546786 645347044 14457243 8130874394 13605299 0 580024 74517 0 0
1791193965 2430, 13801, 46, 0x0000000000000000 | 1.16 1.50 1.23 | cpu  500546854 645347044 14457283 8130879250 13605299 0 580024 74517 0 0
1791193966 2430, 13801, 46, 0x0000000000000000 | 1.16 1.50 1.23 | cpu  500546926 645347044 14457331 8130884093 13605299 0 580024 74517 0 0
1791193967 2430, 13801, 46, 0x0000000000000000 | 1.16 1.50 1.23 | cpu  500546990 645347044 14457373 8130888950 13605299 0 580024 74517 0 0
1791193968 2430, 13801, 46, 0x0000000000000000 | 1.16 1.50 1.23 | cpu  500547058 645347044 14457414 8130893800 13605299 0 580025 74517 0 0
1791193969 2430, 13801, 45, 0x0000000000000000 | 1.16 1.50 1.23 | cpu  500547120 645347044 14457460 8130898661 13605299 0 580026 74517 0 0
1791193970 2430, 13801, 45, 0x0000000000000000 | 1.15 1.49 1.23 | cpu  500547189 645347044 14457497 8130903522 13605300 0 580026 74517 0 0
1791193971 2430, 13801, 45, 0x0000000000000000 | 1.15 1.49 1.23 | cpu  500547257 645347044 14457534 8130908383 13605301 0 580026 74517 0 0
1791193973 2430, 13801, 45, 0x0000000000000000 | 1.15 1.49 1.23 | cpu  500547329 645347044 14457568 8130913248 13605301 0 580026 74517 0 0
1791193974 2445, 13801, 45, 0x0000000000000000 | 1.15 1.49 1.23 | cpu  500547415 645347044 14457586 8130918121 13605304 0 580026 74517 0 0
1791193975 2850, 13801, 49, 0x0000000000000000 | 1.15 1.49 1.23 | cpu  500547516 645347044 14457596 8130922984 13605310 0 580026 74517 0 0
1791193976 2835, 13801, 54, 0x0000000000000000 | 1.14 1.48 1.23 | cpu  500547619 645347044 14457604 8130927855 13605310 0 580027 74517 0 0
1791193977 2835, 13801, 54, 0x0000000000000000 | 1.14 1.48 1.23 | cpu  500547725 645347044 14457612 8130932731 13605310 0 580030 74517 0 0
1791193978 2827, 13801, 57, 0x0000000000000000 | 1.14 1.48 1.23 | cpu  500547831 645347044 14457624 8130937606 13605310 0 580031 74517 0 0
1791193979 2812, 13801, 58, 0x0000000000000000 | 1.14 1.48 1.23 | cpu  500547937 645347044 14457632 8130942509 13605310 0 580032 74517 0 0
1791193980 2850, 13801, 53, 0x0000000000000000 | 1.14 1.48 1.23 | cpu  500548047 645347044 14457637 8130947372 13605315 0 580033 74517 0 0
1791193981 2820, 13801, 58, 0x0000000000000004 | 1.12 1.47 1.23 | cpu  500548152 645347044 14457645 8130952247 13605315 0 580038 74517 0 0
1791193982 2820, 13801, 58, 0x0000000000000000 | 1.12 1.47 1.23 | cpu  500548256 645347044 14457653 8130957110 13605315 0 580042 74517 0 0
1791193983 2812, 13801, 61, 0x0000000000000004 | 1.12 1.47 1.23 | cpu  500548361 645347044 14457660 8130961980 13605315 0 580044 74517 0 0
1791193984 2850, 13801, 53, 0x0000000000000000 | 1.12 1.47 1.23 | cpu  500548466 645347044 14457665 8130966876 13605315 0 580046 74517 0 0
1791193985 2820, 13801, 61, 0x0000000000000000 | 1.12 1.47 1.23 | cpu  500548571 645347044 14457672 8130971747 13605315 0 580046 74517 0 0
1791193986 2820, 13801, 59, 0x0000000000000000 | 1.11 1.46 1.22 | cpu  500548677 645347044 14457681 8130976625 13605322 0 580048 74517 0 0
1791193987 2842, 13801, 62, 0x0000000000000004 | 1.11 1.46 1.22 | cpu  500548781 645347044 14457689 8130981495 13605322 0 580049 74517 0 0
1791193988 2820, 13801, 61, 0x0000000000000004 | 1.11 1.46 1.22 | cpu  500548885 645347044 14457697 8130986363 13605322 0 580051 74517 0 0
1791193989 2805, 13801, 63, 0x0000000000000004 | 1.11 1.46 1.22 | cpu  500548991 645347044 14457704 8130991220 13605323 0 580054 74517 0 0
1791193990 2835, 13801, 58, 0x0000000000000000 | 1.10 1.46 1.22 | cpu  500549097 645347044 14457709 8130996080 13605323 0 580056 74517 0 0
1791193991 2827, 13801, 60, 0x0000000000000000 | 1.10 1.46 1.22 | cpu  500549203 645347044 14457716 8131000939 13605323 0 580057 74517 0 0
1791193992 2820, 13801, 61, 0x0000000000000000 | 1.10 1.46 1.22 | cpu  500549308 645347044 14457722 8131005798 13605330 0 580060 74517 0 0
1791193993 2820, 13801, 61, 0x0000000000000000 | 1.10 1.46 1.22 | cpu  500549413 645347044 14457730 8131010652 13605330 0 580064 74517 0 0
1791193994 2805, 13801, 64, 0x0000000000000004 | 1.10 1.46 1.22 | cpu  500549519 645347044 14457737 8131015518 13605330 0 580069 74517 0 0
1791193995 2835, 13801, 61, 0x0000000000000000 | 1.10 1.45 1.22 | cpu  500549625 645347044 14457745 8131020393 13605330 0 580073 74517 0 0
1791193996 2820, 13801, 62, 0x0000000000000004 | 1.10 1.45 1.22 | cpu  500549730 645347044 14457752 8131025266 13605330 0 580075 74517 0 0
1791193997 2812, 13801, 63, 0x0000000000000004 | 1.10 1.45 1.22 | cpu  500549835 645347044 14457759 8131030145 13605333 0 580078 74517 0 0
1791193998 2797, 13801, 65, 0x0000000000000004 | 1.10 1.45 1.22 | cpu  500549941 645347044 14457769 8131035036 13605333 0 580082 74517 0 0
1791194000 2797, 13801, 65, 0x0000000000000004 | 1.10 1.45 1.22 | cpu  500550047 645347044 14457775 8131039923 13605333 0 580085 74517 0 0
1791194001 2872, 13801, 60, 0x0000000000000000 | 1.09 1.44 1.22 | cpu  500550154 645347044 14457785 8131044801 13605333 0 580086 74517 0 0
1791194002 2820, 13801, 64, 0x0000000000000004 | 1.09 1.44 1.22 | cpu  500550261 645347044 14457793 8131049671 13605333 0 580086 74517 0 0
1791194003 2812, 13801, 66, 0x0000000000000004 | 1.09 1.44 1.22 | cpu  500550372 645347044 14457829 8131054512 13605340 0 580089 74517 0 0
1791194004 2805, 13801, 63, 0x0000000000000000 | 1.09 1.44 1.22 | cpu  500550477 645347044 14457839 8131059388 13605340 0 580092 74517 0 0
1791194005 2790, 13801, 65, 0x0000000000000004 | 1.09 1.44 1.22 | cpu  500550582 645347044 14457846 8131064272 13605340 0 580094 74517 0 0
1791194006 2797, 13801, 64, 0x0000000000000004 | 1.08 1.43 1.22 | cpu  500550686 645347044 14457854 8131069145 13605340 0 580096 74517 0 0
1791194007 2797, 13801, 64, 0x0000000000000000 | 1.08 1.43 1.22 | cpu  500550792 645347044 14457861 8131074040 13605340 0 580099 74517 0 0
1791194008 2797, 13801, 66, 0x0000000000000004 | 1.08 1.43 1.22 | cpu  500550898 645347044 14457870 8131078933 13605345 0 580100 74517 0 0
1791194009 2797, 13801, 67, 0x0000000000000004 | 1.08 1.43 1.22 | cpu  500551003 645347044 14457877 8131083807 13605345 0 580104 74517 0 0
1791194010 2797, 13801, 67, 0x0000000000000004 | 1.08 1.43 1.22 | cpu  500551110 645347044 14457886 8131088680 13605345 0 580108 74518 0 0
1791194011 2835, 13801, 60, 0x0000000000000000 | 1.07 1.43 1.22 | cpu  500551214 645347044 14457894 8131093550 13605345 0 580112 74518 0 0
1791194012 2827, 13801, 67, 0x0000000000000004 | 1.07 1.43 1.22 | cpu  500551320 645347044 14457902 8131098410 13605345 0 580114 74518 0 0
1791194013 2797, 13801, 67, 0x0000000000000004 | 1.07 1.43 1.22 | cpu  500551425 645347044 14457909 8131103270 13605345 0 580118 74518 0 0
1791194014 2805, 13801, 68, 0x0000000000000004 | 1.07 1.43 1.22 | cpu  500551532 645347044 14457918 8131108131 13605345 0 580121 74518 0 0
1791194015 2797, 13801, 68, 0x0000000000000004 | 1.15 1.44 1.22 | cpu  500551640 645347044 14457966 8131112964 13605346 0 580124 74518 0 0
1791194016 2790, 13801, 68, 0x0000000000000004 | 1.15 1.44 1.22 | cpu  500551744 645347044 14457974 8131117831 13605346 0 580126 74518 0 0
1791194017 2805, 13801, 67, 0x0000000000000004 | 1.15 1.44 1.22 | cpu  500551850 645347044 14457981 8131122702 13605346 0 580129 74518 0 0
1791194018 2820, 13801, 63, 0x0000000000000000 | 1.15 1.44 1.22 | cpu  500551956 645347044 14457989 8131127569 13605346 0 580133 74518 0 0
1791194019 2820, 13801, 68, 0x0000000000000004 | 1.15 1.44 1.22 | cpu  500552060 645347044 14457996 8131132428 13605346 0 580137 74518 0 0
1791194020 2790, 13801, 69, 0x0000000000000004 | 1.14 1.43 1.22 | cpu  500552165 645347044 14458003 8131137303 13605346 0 580140 74518 0 0
1791194021 2805, 13801, 68, 0x0000000000000004 | 1.14 1.43 1.22 | cpu  500552271 645347044 14458011 8131142184 13605346 0 580142 74518 0 0
1791194022 2812, 13801, 70, 0x0000000000000004 | 1.14 1.43 1.22 | cpu  500552378 645347044 14458017 8131147065 13605351 0 580146 74518 0 0
1791194023 2790, 13801, 69, 0x0000000000000004 | 1.14 1.43 1.22 | cpu  500552483 645347044 14458024 8131151908 13605351 0 580151 74518 0 0
1791194024 2797, 13801, 68, 0x0000000000000004 | 1.14 1.43 1.22 | cpu  500552588 645347044 14458031 8131156789 13605351 0 580153 74518 0 0
1791194025 2805, 13801, 68, 0x0000000000000000 | 1.12 1.42 1.22 | cpu  500552693 645347044 14458039 8131161661 13605351 0 580157 74518 0 0
1791194027 2812, 13801, 66, 0x0000000000000000 | 1.12 1.42 1.22 | cpu  500552799 645347044 14458046 8131166532 13605351 0 580159 74518 0 0
1791194028 2797, 13801, 67, 0x0000000000000004 | 1.12 1.42 1.22 | cpu  500552904 645347044 14458054 8131171404 13605352 0 580162 74518 0 0
1791194029 2790, 13801, 70, 0x0000000000000004 | 1.12 1.42 1.22 | cpu  500553008 645347044 14458060 8131176249 13605352 0 580164 74518 0 0
1791194030 2805, 13801, 66, 0x0000000000000000 | 1.12 1.42 1.22 | cpu  500553113 645347044 14458067 8131181112 13605352 0 580167 74518 0 0
1791194031 2790, 13801, 69, 0x0000000000000004 | 1.11 1.41 1.22 | cpu  500553219 645347044 14458075 8131185990 13605352 0 580171 74518 0 0
1791194032 2820, 13801, 70, 0x0000000000000004 | 1.11 1.41 1.22 | cpu  500553333 645347044 14458088 8131190864 13605353 0 580175 74518 0 0
1791194033 2797, 13801, 69, 0x0000000000000004 | 1.11 1.41 1.22 | cpu  500553438 645347044 14458096 8131195745 13605359 0 580178 74518 0 0
1791194034 2797, 13801, 69, 0x0000000000000004 | 1.11 1.41 1.22 | cpu  500553545 645347044 14458102 8131200607 13605359 0 580182 74518 0 0
1791194035 2820, 13801, 66, 0x0000000000000000 | 1.11 1.41 1.22 | cpu  500553654 645347044 14458141 8131205429 13605362 0 580187 74518 0 0
1791194036 2797, 13801, 70, 0x0000000000000004 | 1.10 1.41 1.22 | cpu  500553759 645347044 14458148 8131210301 13605362 0 580193 74518 0 0
1791194037 2797, 13801, 71, 0x0000000000000004 | 1.10 1.41 1.22 | cpu  500553863 645347044 14458157 8131215172 13605362 0 580196 74518 0 0
1791194038 2797, 13801, 70, 0x0000000000000004 | 1.10 1.41 1.22 | cpu  500553969 645347044 14458163 8131220046 13605362 0 580198 74518 0 0
1791194039 2835, 13801, 69, 0x0000000000000004 | 1.10 1.41 1.22 | cpu  500554074 645347044 14458171 8131224938 13605362 0 580200 74518 0 0
1791194040 2805, 13801, 68, 0x0000000000000004 | 1.10 1.41 1.22 | cpu  500554180 645347044 14458178 8131229814 13605364 0 580205 74518 0 0
1791194041 2790, 13801, 70, 0x0000000000000004 | 1.10 1.40 1.21 | cpu  500554286 645347044 14458185 8131234691 13605364 0 580207 74518 0 0
1791194042 2805, 13801, 69, 0x0000000000000004 | 1.10 1.40 1.21 | cpu  500554390 645347044 14458192 8131239557 13605364 0 580210 74518 0 0
1791194043 2797, 13801, 71, 0x0000000000000004 | 1.10 1.40 1.21 | cpu  500554498 645347044 14458206 8131244415 13605364 0 580214 74518 0 0
1791194044 2827, 13801, 71, 0x0000000000000004 | 1.10 1.40 1.21 | cpu  500554603 645347044 14458214 8131249303 13605364 0 580218 74518 0 0
1791194045 2790, 13801, 70, 0x0000000000000004 | 1.09 1.39 1.21 | cpu  500554708 645347044 14458221 8131254182 13605367 0 580220 74518 0 0
1791194046 2797, 13801, 70, 0x0000000000000004 | 1.09 1.39 1.21 | cpu  500554814 645347044 14458231 8131259057 13605367 0 580229 74518 0 0
1791194047 2797, 13801, 71, 0x0000000000000004 | 1.09 1.39 1.21 | cpu  500554919 645347044 14458239 8131263937 13605367 0 580232 74518 0 0
1791194048 2797, 13801, 69, 0x0000000000000004 | 1.09 1.39 1.21 | cpu  500555024 645347044 14458247 8131268811 13605367 0 580236 74518 0 0
1791194049 2782, 13801, 71, 0x0000000000000004 | 1.09 1.39 1.21 | cpu  500555133 645347044 14458255 8131273682 13605367 0 580238 74518 0 0
1791194050 2835, 13801, 64, 0x0000000000000000 | 1.08 1.39 1.21 | cpu  500555241 645347044 14458269 8131278550 13605384 0 580241 74518 0 0
1791194051 2827, 13801, 72, 0x0000000000000004 | 1.08 1.39 1.21 | cpu  500555349 645347044 14458299 8131283407 13605384 0 580250 74518 0 0
1791194053 2790, 13801, 71, 0x0000000000000004 | 1.08 1.39 1.21 | cpu  500555455 645347044 14458306 8131288281 13605384 0 580256 74518 0 0
1791194054 2797, 13801, 70, 0x0000000000000000 | 1.08 1.39 1.21 | cpu  500555559 645347044 14458319 8131293141 13605384 0 580258 74518 0 0
1791194055 2782, 13801, 72, 0x0000000000000004 | 1.08 1.39 1.21 | cpu  500555664 645347044 14458327 8131298027 13605384 0 580260 74518 0 0
1791194056 2865, 13801, 65, 0x0000000000000000 | 1.07 1.38 1.21 | cpu  500555770 645347044 14458334 8131302899 13605390 0 580264 74518 0 0
1791194057 2827, 13801, 71, 0x0000000000000004 | 1.07 1.38 1.21 | cpu  500555875 645347044 14458342 8131307774 13605390 0 580267 74518 0 0
1791194058 2805, 13801, 72, 0x0000000000000004 | 1.07 1.38 1.21 | cpu  500555980 645347044 14458350 8131312658 13605390 0 580269 74518 0 0
1791194059 2812, 13801, 68, 0x0000000000000000 | 1.07 1.38 1.21 | cpu  500556084 645347044 14458358 8131317532 13605390 0 580271 74518 0 0
1791194060 2812, 13801, 68, 0x0000000000000000 | 1.07 1.38 1.21 | cpu  500556189 645347044 14458365 8131322401 13605390 0 580274 74518 0 0
1791194061 2827, 13801, 72, 0x0000000000000004 | 1.07 1.37 1.21 | cpu  500556293 645347044 14458371 8131327247 13605393 0 580274 74518 0 0
1791194062 2812, 13801, 68, 0x0000000000000000 | 1.07 1.37 1.21 | cpu  500556398 645347044 14458379 8131332125 13605393 0 580274 74518 0 0
1791194063 2827, 13801, 71, 0x0000000000000004 | 1.07 1.37 1.21 | cpu  500556504 645347044 14458385 8131337023 13605393 0 580275 74518 0 0
1791194064 2820, 13801, 67, 0x0000000000000000 | 1.07 1.37 1.21 | cpu  500556609 645347044 14458392 8131341896 13605393 0 580280 74518 0 0
1791194065 2820, 13801, 67, 0x0000000000000000 | 1.07 1.37 1.21 | cpu  500556715 645347044 14458399 8131346779 13605393 0 580282 74518 0 0
1791194066 2805, 13801, 71, 0x0000000000000004 | 1.06 1.37 1.21 | cpu  500556822 645347044 14458407 8131351645 13605394 0 580286 74518 0 0
1791194067 2812, 13801, 72, 0x0000000000000004 | 1.06 1.37 1.21 | cpu  500556926 645347044 14458414 8131356507 13605394 0 580289 74518 0 0
1791194068 2805, 13801, 71, 0x0000000000000004 | 1.06 1.37 1.21 | cpu  500557032 645347044 14458425 8131361412 13605394 0 580292 74518 0 0
1791194069 2805, 13801, 70, 0x0000000000000004 | 1.06 1.37 1.21 | cpu  500557139 645347044 14458433 8131366292 13605394 0 580295 74518 0 0
1791194070 2805, 13801, 68, 0x0000000000000004 | 1.06 1.36 1.21 | cpu  500557244 645347044 14458441 8131371164 13605394 0 580298 74518 0 0
1791194071 2805, 13801, 69, 0x0000000000000000 | 1.06 1.36 1.21 | cpu  500557350 645347044 14458448 8131376043 13605394 0 580300 74518 0 0
1791194072 2850, 13801, 69, 0x0000000000000004 | 1.06 1.36 1.21 | cpu  500557455 645347044 14458455 8131380920 13605395 0 580302 74518 0 0
1791194073 2790, 13801, 72, 0x0000000000000004 | 1.06 1.36 1.21 | cpu  500557560 645347044 14458463 8131385795 13605395 0 580306 74518 0 0
1791194074 2797, 13801, 72, 0x0000000000000004 | 1.06 1.36 1.21 | cpu  500557664 645347044 14458473 8131390681 13605395 0 580307 74518 0 0
1791194075 2782, 13801, 72, 0x0000000000000004 | 1.05 1.35 1.20 | cpu  500557770 645347044 14458482 8131395557 13605395 0 580311 74518 0 0
1791194076 2790, 13801, 72, 0x0000000000000004 | 1.05 1.35 1.20 | cpu  500557876 645347044 14458492 8131400425 13605395 0 580316 74518 0 0
1791194077 2805, 13801, 71, 0x0000000000000004 | 1.05 1.35 1.20 | cpu  500557983 645347044 14458541 8131405255 13605396 0 580326 74518 0 0
1791194078 2857, 13801, 67, 0x0000000000000000 | 1.05 1.35 1.20 | cpu  500558088 645347044 14458550 8131410128 13605400 0 580330 74518 0 0
1791194080 2797, 13801, 70, 0x0000000000000004 | 1.05 1.35 1.20 | cpu  500558194 645347044 14458557 8131415003 13605400 0 580334 74518 0 0
1791194081 2782, 13801, 72, 0x0000000000000004 | 1.05 1.35 1.20 | cpu  500558303 645347044 14458566 8131419872 13605400 0 580336 74518 0 0
1791194082 2782, 13801, 72, 0x0000000000000004 | 1.05 1.35 1.20 | cpu  500558409 645347044 14458575 8131424759 13605400 0 580339 74518 0 0
1791194083 2805, 13801, 71, 0x0000000000000004 | 1.05 1.35 1.20 | cpu  500558513 645347044 14458583 8131429642 13605400 0 580342 74518 0 0
1791194084 2790, 13801, 71, 0x0000000000000004 | 1.05 1.35 1.20 | cpu  500558618 645347044 14458590 8131434513 13605403 0 580346 74518 0 0
1791194085 2805, 13801, 71, 0x0000000000000004 | 1.05 1.35 1.20 | cpu  500558724 645347044 14458597 8131439385 13605403 0 580350 74518 0 0
1791194086 2812, 13801, 70, 0x0000000000000004 | 1.04 1.34 1.20 | cpu  500558830 645347044 14458603 8131444269 13605403 0 580354 74518 0 0
1791194087 2790, 13801, 73, 0x0000000000000004 | 1.04 1.34 1.20 | cpu  500558936 645347044 14458611 8131449141 13605403 0 580357 74518 0 0
1791194088 2812, 13801, 73, 0x0000000000000004 | 1.04 1.34 1.20 | cpu  500559042 645347044 14458618 8131454014 13605403 0 580361 74518 0 0
1791194089 2805, 13801, 69, 0x0000000000000000 | 1.04 1.34 1.20 | cpu  500559146 645347044 14458626 8131458867 13605403 0 580363 74518 0 0
1791194090 2835, 13801, 72, 0x0000000000000004 | 1.04 1.34 1.20 | cpu  500559251 645347044 14458633 8131463738 13605413 0 580365 74518 0 0
1791194091 2805, 13801, 72, 0x0000000000000004 | 1.04 1.34 1.20 | cpu  500559357 645347044 14458641 8131468620 13605413 0 580371 74518 0 0
1791194092 2805, 13801, 72, 0x0000000000000004 | 1.04 1.34 1.20 | cpu  500559465 645347044 14458650 8131473525 13605413 0 580373 74518 0 0
1791194093 2782, 13801, 73, 0x0000000000000004 | 1.04 1.34 1.20 | cpu  500559572 645347044 14458659 8131478396 13605413 0 580376 74518 0 0
1791194094 2790, 13801, 71, 0x0000000000000000 | 1.04 1.34 1.20 | cpu  500559675 645347044 14458669 8131483277 13605413 0 580378 74518 0 0
1791194095 2767, 13801, 73, 0x0000000000000004 | 1.04 1.34 1.20 | cpu  500559780 645347044 14458678 8131488139 13605422 0 580382 74518 0 0
1791194096 2797, 13801, 72, 0x0000000000000004 | 1.04 1.33 1.20 | cpu  500559885 645347044 14458685 8131493014 13605422 0 580387 74518 0 0
1791194097 2790, 13801, 73, 0x0000000000000004 | 1.04 1.33 1.20 | cpu  500559993 645347044 14458696 8131497885 13605422 0 580389 74518 0 0
1791194098 2820, 13801, 68, 0x0000000000000000 | 1.04 1.33 1.20 | cpu  500560097 645347044 14458704 8131502750 13605422 0 580392 74518 0 0
1791194099 2812, 13801, 71, 0x0000000000000004 | 1.04 1.33 1.20 | cpu  500560210 645347044 14458739 8131507591 13605422 0 580395 74518 0 0
1791194100 2782, 13801, 73, 0x0000000000000004 | 1.03 1.32 1.20 | cpu  500560314 645347044 14458746 8131512450 13605438 0 580400 74518 0 0
1791194101 2820, 13801, 72, 0x0000000000000004 | 1.03 1.32 1.20 | cpu  500560433 645347044 14458758 8131517294 13605456 0 580403 74518 0 0
1791194102 2812, 13801, 69, 0x0000000000000000 | 1.03 1.32 1.20 | cpu  500560551 645347044 14458776 8131522156 13605456 0 580407 74518 0 0
1791194103 2797, 13801, 71, 0x0000000000000004 | 1.03 1.32 1.20 | cpu  500560657 645347044 14458785 8131527031 13605456 0 580412 74518 0 0
1791194104 2790, 13801, 72, 0x0000000000000004 | 1.03 1.32 1.20 | cpu  500560763 645347044 14458794 8131531902 13605457 0 580413 74518 0 0
1791194106 2790, 13801, 72, 0x0000000000000004 | 1.03 1.32 1.20 | cpu  500560868 645347044 14458801 8131536782 13605457 0 580415 74518 0 0
1791194107 2857, 13801, 66, 0x0000000000000000 | 1.03 1.32 1.20 | cpu  500560975 645347044 14458809 8131541665 13605462 0 580420 74518 0 0
1791194108 2820, 13801, 67, 0x0000000000000000 | 1.03 1.32 1.20 | cpu  500561059 645347044 14458825 8131546543 13605462 0 580422 74518 0 0
1791194109 2887, 13801, 61, 0x0000000000000000 | 1.03 1.32 1.20 | cpu  500561120 645347044 14458870 8131551407 13605462 0 580422 74518 0 0
1791194110 2430, 13801, 58, 0x0000000000000000 | 1.03 1.32 1.20 | cpu  500561187 645347044 14458909 8131556274 13605462 0 580422 74518 0 0
1791194111 2430, 13801, 58, 0x0000000000000000 | 1.03 1.31 1.19 | cpu  500561251 645347044 14458954 8131561142 13605462 0 580422 74518 0 0
1791194112 2430, 13801, 57, 0x0000000000000000 | 1.03 1.31 1.19 | cpu  500561317 645347044 14458994 8131565998 13605471 0 580422 74518 0 0
1791194113 2430, 13801, 57, 0x0000000000000000 | 1.03 1.31 1.19 | cpu  500561387 645347044 14459032 8131570866 13605471 0 580422 74518 0 0
1791194114 2430, 13801, 56, 0x0000000000000000 | 1.03 1.31 1.19 | cpu  500561457 645347044 14459071 8131575726 13605471 0 580422 74518 0 0
1791194115 2430, 13801, 56, 0x0000000000000000 | 1.03 1.31 1.19 | cpu  500561530 645347044 14459131 8131580566 13605471 0 580423 74518 0 0
1791194116 2430, 13801, 56, 0x0000000000000000 | 1.03 1.31 1.19 | cpu  500561601 645347044 14459177 8131585422 13605471 0 580423 74518 0 0
1791194117 2430, 13801, 55, 0x0000000000000000 | 1.03 1.31 1.19 | cpu  500561667 645347044 14459218 8131590283 13605471 0 580423 74518 0 0
1791194118 2430, 13801, 55, 0x0000000000000000 | 1.03 1.31 1.19 | cpu  500561737 645347044 14459256 8131595145 13605477 0 580423 74518 0 0
1791194119 2430, 13801, 54, 0x0000000000000000 | 1.03 1.31 1.19 | cpu  500561806 645347044 14459294 8131600011 13605477 0 580423 74518 0 0
1791194120 2430, 13801, 54, 0x0000000000000000 | 1.03 1.31 1.19 | cpu  500561876 645347044 14459332 8131604879 13605477 0 580423 74518 0 0
1791194121 2430, 13801, 54, 0x0000000000000000 | 1.02 1.30 1.19 | cpu  500561950 645347044 14459374 8131609736 13605477 0 580423 74518 0 0
1791194122 2430, 13801, 54, 0x0000000000000000 | 1.02 1.30 1.19 | cpu  500562007 645347044 14459425 8131614600 13605477 0 580423 74518 0 0
1791194123 2430, 13801, 53, 0x0000000000000000 | 1.02 1.30 1.19 | cpu  500562053 645347044 14459585 8131619484 13605480 0 580423 74518 0 0
1791194124 2430, 13801, 53, 0x0000000000000000 | 1.02 1.30 1.19 | cpu  500562146 645347044 14459658 8131624280 13605487 0 580423 74518 0 0
