1791194746 0, 0, 72.90
1791194747 3, 0, 72.31
1791194748 3, 0, 52.79
1791194749 3, 0, 39.51
1791194750 3, 0, 27.55
1791194751 3291, 31, 42.60
1791194752 5559, 33, 84.10
1791194753 7659, 33, 82.48
1791194754 8999, 32, 83.67
1791194755 10839, 32, 83.23
1791194756 12599, 31, 82.04
1791194757 14699, 33, 81.94
1791194758 16439, 33, 82.53
1791194760 18179, 37, 82.22
1791194761 19939, 33, 84.40
1791194762 21581, 6, 78.61
1791194763 21581, 2, 68.22
1791194764 21581, 4, 70.64
1791194765 21581, 6, 70.72
1791194766 21609, 0, 70.37
1791194767 21611, 4, 68.25
1791194768 21611, 3, 67.81
1791194769 21611, 0, 67.70
1791194770 21611, 3, 67.61
1791194771 21611, 0, 67.72
1791194772 21611, 3, 67.40
1791194773 21611, 0, 67.79
1791194774 21611, 4, 67.64
1791194775 21611, 1, 67.20
1791194776 21611, 3, 67.53
1791194777 21611, 1, 67.32
1791194778 21611, 4, 67.13
1791194779 21611, 3, 66.81
1791194780 21611, 5, 66.59
1791194781 21611, 4, 66.43
1791194782 21611, 5, 66.18
1791194783 21611, 4, 66.17
1791194784 21611, 8, 66.08
1791194785 21611, 4, 65.86
1791194786 21611, 8, 65.89
1791194787 21611, 4, 66.11
1791194789 21611, 8, 66.00
1791194790 21611, 4, 65.83
1791194791 21611, 8, 66.19
1791194792 21611, 2, 66.14
1791194793 21611, 7, 66.24
1791194794 21611, 0, 65.75
1791194795 21611, 4, 65.41
1791194796 21611, 5, 65.34
1791194797 21611, 4, 65.49
1791194798 21611, 4, 65.76
1791194799 21631, 0, 138.75
1791194800 21367, 0, 233.47
1791194801 23331, 91, 360.45
1791194802 24099, 93, 436.80
1791194803 24123, 43, 370.38
1791194804 24131, 51, 329.79
1791194805 24147, 90, 404.21
1791194806 24147, 75, 409.76
1791194807 24147, 75, 432.62
1791194808 24147, 93, 323.58
1791194809 24447, 54, 434.69
1791194810 24447, 93, 423.56
1791194811 24447, 57, 374.71
1791194812 24447, 63, 344.82
1791194813 24447, 79, 411.52
1791194814 24447, 57, 378.41
1791194815 24447, 74, 439.59
1791194817 24447, 66, 417.36
1791194818 24447, 79, 302.30
1791194819 24447, 93, 445.21
1791194820 24447, 79, 448.75
1791194821 24447, 80, 426.19
1791194822 24447, 19, 324.20
1791194823 24447, 65, 384.03
1791194824 24447, 87, 431.76
1791194825 24447, 82, 410.40
1791194826 24447, 0, 390.58
1791194827 24447, 89, 450.45
1791194828 24447, 90, 459.38
1791194829 24647, 87, 457.01
1791194830 24647, 90, 455.00
1791194831 24647, 66, 387.03
1791194832 24647, 94, 457.59
1791194833 24647, 92, 471.46
1791194834 24647, 81, 357.85
1791194835 24647, 93, 467.39
1791194836 24647, 89, 467.24
1791194837 24647, 12, 377.77
1791194838 24647, 91, 404.70
1791194839 24647, 92, 441.67
1791194840 24647, 79, 397.72
1791194841 24647, 72, 364.78
1791194843 24647, 92, 431.86
1791194844 24647, 87, 392.10
1791194845 24647, 92, 462.72
1791194846 24647, 75, 436.74
1791194847 24647, 89, 390.37
1791194848 24647, 68, 398.83
1791194849 24647, 69, 454.50
1791194850 24647, 94, 461.62
1791194851 24647, 60, 372.04
1791194852 24647, 88, 445.37
1791194853 24647, 93, 451.35
1791194854 24847, 95, 468.68
1791194855 24847, 0, 352.61
1791194856 24847, 89, 443.03
1791194857 24847, 58, 438.83
1791194858 24847, 94, 445.80
1791194859 24847, 92, 474.61
1791194860 24847, 95, 393.50
1791194861 24847, 91, 465.16
1791194862 24847, 81, 428.33
1791194863 24847, 48, 411.62
1791194864 24847, 65, 406.65
1791194865 24847, 93, 351.24
1791194866 24847, 53, 353.19
1791194867 24847, 92, 425.72
1791194868 24847, 88, 408.79
1791194870 24847, 94, 421.84
1791194871 24847, 50, 296.66
1791194872 24847, 92, 404.55
1791194873 24847, 79, 452.52
1791194874 24847, 93, 459.16
1791194875 24847, 19, 363.54
1791194876 24847, 88, 351.60
1791194877 24847, 76, 458.83
1791194878 24847, 92, 460.03
1791194879 24847, 86, 393.36
1791194880 24847, 90, 473.38
1791194881 24847, 93, 454.47
1791194882 24847, 70, 428.10
1791194883 24847, 93, 465.08
1791194884 24847, 84, 345.05
1791194885 24847, 93, 454.54
1791194886 24847, 93, 463.95
1791194887 24847, 46, 402.89
1791194888 24847, 92, 416.12
1791194889 24847, 95, 444.32
1791194890 24847, 70, 416.18
1791194891 24847, 75, 449.27
1791194892 24847, 86, 453.35
1791194893 24847, 92, 473.50
1791194894 24847, 87, 392.83
1791194895 24847, 65, 392.90
1791194897 24847, 87, 470.83
1791194898 24847, 51, 401.31
1791194899 24847, 79, 374.06
1791194900 24847, 94, 470.62
1791194901 24847, 89, 417.65
1791194902 24847, 91, 457.78
1791194903 24847, 92, 330.24
1791194904 24847, 70, 359.91
1791194905 24847, 5, 197.36
1791194906 24847, 4, 99.84
1791194907 24847, 8, 79.47
1791194908 24847, 4, 73.81
1791194909 24847, 7, 73.64
1791194910 24847, 0, 73.33
1791194911 24847, 3, 73.08
1791194912 24847, 0, 72.59
1791194913 24847, 4, 72.00
1791194914 24847, 4, 71.70
1791194915 24847, 4, 71.19
1791194916 24847, 8, 70.68
1791194917 24847, 4, 71.08
1791194918 24847, 8, 70.52
1791194919 24847, 5, 70.29
1791194920 24847, 25, 70.17
1791194921 24847, 0, 69.02
