1791194334 0, 0, 71.99
1791194335 3, 0, 44.96
1791194336 3, 0, 43.01
1791194337 3, 0, 38.59
1791194338 3, 0, 28.40
1791194339 3343, 0, 38.44
1791194340 5559, 33, 80.95
1791194341 7659, 29, 83.36
1791194342 8999, 30, 82.16
1791194343 10839, 29, 82.80
1791194344 12599, 29, 81.58
1791194345 14699, 29, 82.97
1791194346 16439, 27, 82.57
1791194347 18179, 21, 82.87
1791194348 20279, 19, 83.51
1791194349 21581, 0, 75.18
1791194350 21581, 6, 68.58
1791194351 21581, 5, 70.23
1791194352 21581, 6, 70.14
1791194353 21609, 7, 73.16
1791194354 21609, 6, 74.28
1791194355 21611, 7, 67.54
1791194357 21611, 3, 67.42
1791194358 21611, 7, 67.80
1791194359 21611, 0, 67.28
1791194360 21611, 5, 67.32
1791194361 21611, 0, 67.27
1791194362 21611, 3, 66.90
1791194363 21611, 0, 66.94
1791194364 21611, 3, 66.66
1791194365 21611, 0, 66.61
1791194366 21611, 3, 66.64
1791194367 21611, 1, 66.37
1791194368 21611, 4, 66.21
1791194369 21611, 4, 66.34
1791194370 21611, 4, 66.27
1791194371 21611, 5, 66.01
1791194372 21611, 4, 65.98
1791194373 21611, 8, 65.80
1791194374 21611, 4, 66.01
1791194375 21611, 8, 65.90
1791194376 21611, 4, 65.62
1791194377 21611, 4, 65.60
1791194378 21611, 8, 65.93
1791194379 21611, 2, 65.59
1791194380 21611, 8, 65.32
1791194381 21611, 0, 65.43
1791194382 21611, 6, 65.43
1791194383 21611, 0, 65.00
1791194384 21611, 4, 64.85
1791194385 21611, 4, 65.01
1791194387 21623, 5, 64.95
1791194388 21691, 63, 138.10
1791194389 23769, 51, 231.65
1791194390 24681, 94, 366.66
1791194391 26577, 94, 377.42
1791194392 26603, 70, 394.20
1791194393 26603, 93, 355.62
1791194394 26611, 92, 319.46
1791194395 26611, 94, 433.46
1791194396 26627, 66, 402.05
1791194397 26627, 93, 411.23
1791194398 26627, 94, 454.23
1791194399 26627, 28, 289.08
1791194400 26867, 94, 443.72
1791194401 26867, 96, 403.81
1791194402 26867, 94, 457.11
1791194403 26867, 59, 372.26
1791194404 26867, 78, 407.35
1791194405 26867, 49, 325.21
1791194406 26867, 65, 414.30
1791194407 26867, 94, 367.06
1791194408 26867, 82, 434.99
1791194409 26867, 54, 429.11
1791194410 26867, 74, 268.74
1791194411 26867, 92, 430.48
1791194412 26867, 76, 458.61
1791194414 26867, 68, 443.11
1791194415 26867, 84, 440.80
1791194416 26867, 95, 442.25
1791194417 26867, 62, 311.26
1791194418 26867, 84, 422.58
1791194419 26867, 88, 461.49
1791194420 26867, 67, 372.35
1791194421 26867, 92, 430.29
1791194422 26867, 94, 422.21
1791194423 26867, 95, 466.48
1791194424 26867, 90, 467.39
1791194425 27307, 90, 457.61
1791194426 27307, 89, 467.68
1791194427 27307, 80, 453.14
1791194428 27307, 95, 396.68
1791194429 27307, 80, 471.34
1791194430 27307, 96, 478.63
1791194431 27307, 89, 466.01
1791194432 27307, 95, 390.84
1791194433 27307, 91, 477.79
1791194434 27307, 91, 464.53
1791194435 27307, 89, 479.93
1791194436 27307, 56, 358.93
1791194437 27307, 82, 415.90
1791194438 27307, 94, 463.25
1791194439 27307, 94, 439.96
1791194441 27309, 69, 360.58
1791194442 27309, 95, 454.78
1791194443 27309, 71, 372.43
1791194444 27309, 90, 412.96
1791194445 27309, 82, 465.81
1791194446 27309, 72, 442.72
1791194447 27309, 94, 429.74
1791194448 27309, 94, 388.97
1791194449 27309, 69, 377.14
1791194450 27309, 85, 470.56
1791194451 27309, 91, 457.38
1791194452 27309, 87, 452.61
1791194453 27309, 95, 399.45
1791194454 27309, 53, 408.55
1791194455 27309, 94, 472.46
1791194456 27309, 69, 447.38
1791194457 27309, 89, 482.65
1791194458 27309, 77, 399.75
1791194459 27309, 0, 410.55
1791194460 27309, 94, 431.17
1791194461 27309, 73, 417.26
1791194462 27309, 96, 469.95
1791194463 27309, 94, 476.57
1791194464 27309, 93, 473.28
1791194465 27309, 92, 465.97
1791194467 27309, 79, 394.03
1791194468 27309, 77, 419.77
1791194469 27309, 92, 459.32
1791194470 27309, 96, 404.23
1791194471 27309, 57, 424.63
1791194472 27309, 94, 368.13
1791194473 27309, 77, 355.39
1791194474 27309, 58, 367.68
1791194475 27309, 96, 476.80
1791194476 27309, 65, 378.58
1791194477 27309, 95, 449.82
1791194478 27309, 55, 306.52
1791194479 27309, 58, 394.36
1791194480 27309, 84, 445.29
1791194481 27309, 96, 469.57
1791194482 27309, 95, 472.67
1791194483 27309, 81, 453.01
1791194484 27309, 67, 309.70
1791194485 27309, 92, 384.81
1791194486 27309, 89, 470.88
1791194487 27309, 89, 459.52
1791194488 27309, 93, 480.74
1791194489 27309, 91, 393.67
1791194490 27309, 96, 476.84
1791194491 27309, 95, 454.31
1791194492 27309, 52, 449.59
1791194494 27309, 82, 440.39
1791194495 27309, 65, 429.76
1791194496 27309, 93, 382.02
1791194497 27309, 95, 457.71
1791194498 27309, 93, 462.05
1791194499 27309, 91, 424.74
1791194500 27309, 91, 419.21
1791194501 27309, 94, 473.66
1791194502 27309, 96, 390.77
1791194503 27309, 66, 410.56
1791194504 27309, 95, 464.45
1791194505 27309, 83, 446.77
1791194506 27309, 89, 454.50
1791194507 27309, 89, 478.79
1791194508 27309, 92, 453.90
1791194509 27309, 95, 377.67
1791194510 27309, 83, 395.17
1791194511 27309, 93, 472.73
1791194512 27309, 87, 394.99
1791194513 27309, 95, 431.53
1791194514 27309, 95, 401.64
1791194515 27309, 90, 475.64
1791194516 27309, 92, 396.61
1791194517 27309, 92, 465.63
1791194519 27309, 87, 461.43
1791194520 27309, 52, 398.02
1791194521 27309, 54, 304.00
1791194522 27309, 8, 271.51
1791194523 27309, 4, 101.95
1791194524 27309, 8, 74.87
1791194525 27309, 3, 74.42
1791194526 27309, 8, 74.03
1791194527 27309, 0, 73.68
1791194528 27309, 5, 73.27
1791194529 27309, 0, 73.08
1791194530 27309, 3, 72.90
1791194531 27309, 0, 72.96
1791194532 27309, 4, 72.24
1791194533 27309, 3, 72.14
1791194534 27309, 4, 71.62
1791194535 27309, 6, 71.35
1791194536 27309, 5, 70.90
1791194537 27309, 5, 71.14
1791194538 27309, 0, 69.96
