1791193918 0, 0, 71.82
1791193919 3, 0, 61.76
1791193920 3, 0, 40.03
1791193921 3, 0, 29.99
1791193922 3, 0, 19.08
1791193923 3, 0, 15.46
1791193924 507, 0, 23.71
1791193925 667, 1, 67.81
1791193926 767, 0, 67.84
1791193927 4519, 0, 69.16
1791193928 5839, 20, 80.98
1791193929 7659, 21, 80.75
1791193930 9759, 23, 82.22
1791193931 11199, 24, 81.25
1791193932 13299, 22, 81.99
1791193933 15039, 21, 80.67
1791193934 16779, 21, 82.43
1791193935 18539, 21, 82.22
1791193936 20281, 7, 82.75
1791193937 21581, 0, 72.09
1791193938 21581, 6, 67.10
1791193939 21581, 6, 69.89
1791193940 21581, 6, 69.50
1791193941 21609, 7, 71.80
1791193942 21609, 6, 74.24
1791193944 21611, 7, 67.61
1791193945 21611, 1, 67.13
1791193946 21611, 8, 66.90
1791193947 21611, 4, 66.84
1791193948 21611, 0, 66.32
1791193949 21611, 8, 66.24
1791193950 21611, 4, 66.24
1791193951 21611, 0, 66.39
1791193952 21611, 8, 66.18
1791193953 21611, 4, 66.09
1791193954 21611, 0, 65.96
1791193955 21611, 8, 65.92
1791193956 21611, 4, 66.33
1791193957 21611, 1, 66.66
1791193958 21611, 5, 66.84
1791193959 21611, 5, 66.76
1791193960 21611, 0, 67.18
1791193961 21611, 8, 66.47
1791193962 21611, 4, 66.52
1791193963 21611, 8, 65.95
1791193964 21611, 4, 65.81
1791193965 21611, 0, 64.94
1791193966 21611, 8, 65.52
1791193967 21611, 4, 64.97
1791193968 21611, 0, 64.74
1791193969 21611, 8, 65.15
1791193970 21611, 4, 64.35
1791193971 21611, 0, 64.61
1791193972 21611, 5, 64.47
1791193974 21629, 0, 64.82
1791193975 21225, 42, 228.54
1791193976 24691, 69, 227.63
1791193977 25711, 57, 368.64
1791193978 26597, 95, 437.06
1791193979 26623, 36, 314.16
1791193980 26623, 0, 269.35
1791193981 26633, 92, 367.76
1791193982 26645, 94, 441.67
1791193983 26645, 76, 386.55
1791193984 26645, 60, 373.96
1791193985 26645, 93, 396.44
1791193986 26645, 37, 313.71
1791193987 26905, 94, 442.01
1791193988 26905, 94, 402.25
1791193989 26905, 94, 468.30
1791193990 26905, 57, 371.41
1791193991 26905, 68, 409.16
1791193992 26905, 69, 411.69
1791193993 26905, 68, 405.06
1791193994 26905, 94, 373.68
1791193995 26905, 70, 361.17
1791193996 26905, 91, 431.49
1791193997 26905, 83, 318.44
1791193998 26905, 93, 429.79
1791193999 26905, 91, 453.83
1791194001 26905, 3, 382.57
1791194002 26905, 95, 427.73
1791194003 26905, 95, 432.30
1791194004 26905, 67, 357.26
1791194005 26905, 43, 364.67
1791194006 26905, 14, 387.93
1791194007 26905, 61, 368.56
1791194008 26905, 74, 450.23
1791194009 26905, 87, 468.69
1791194010 26905, 95, 467.76
1791194011 26905, 95, 427.55
1791194012 27345, 90, 416.55
1791194013 27345, 89, 465.73
1791194014 27345, 73, 452.24
1791194015 27345, 95, 473.18
1791194016 27345, 94, 474.21
1791194017 27345, 96, 389.81
1791194018 27345, 56, 376.41
1791194019 27345, 95, 431.71
1791194020 27345, 89, 470.80
1791194021 27345, 93, 464.99
1791194022 27345, 94, 481.01
1791194023 27345, 93, 399.20
1791194024 27345, 86, 347.51
1791194025 27345, 70, 448.34
1791194027 27349, 58, 415.35
1791194028 27349, 78, 348.75
1791194029 27349, 92, 471.52
1791194030 27349, 62, 352.46
1791194031 27349, 56, 386.08
1791194032 27349, 94, 469.31
1791194033 27349, 86, 422.21
1791194034 27349, 81, 388.98
1791194035 27349, 90, 413.19
1791194036 27349, 76, 419.52
1791194037 27349, 93, 468.30
1791194038 27349, 89, 442.80
1791194039 27349, 93, 386.46
1791194040 27349, 88, 474.34
1791194041 27349, 75, 399.57
1791194042 27349, 91, 477.22
1791194043 27349, 84, 449.07
1791194044 27389, 96, 473.51
1791194045 27389, 92, 322.89
1791194046 27389, 87, 445.78
1791194047 27389, 93, 461.15
1791194048 27389, 93, 415.99
1791194049 27389, 88, 466.96
1791194050 27389, 0, 434.54
1791194051 27389, 96, 433.90
1791194052 27389, 87, 463.77
1791194054 27389, 65, 447.32
1791194055 27389, 93, 416.16
1791194056 27389, 0, 381.09
1791194057 27389, 96, 410.45
1791194058 27389, 64, 397.18
1791194059 27389, 66, 385.71
1791194060 27389, 52, 331.01
1791194061 27389, 93, 442.17
1791194062 27389, 90, 390.74
1791194063 27389, 54, 363.89
1791194064 27389, 72, 428.72
1791194065 27389, 79, 336.24
1791194066 27389, 94, 440.17
1791194067 27389, 90, 446.59
1791194068 27389, 0, 397.26
1791194069 27389, 92, 442.78
1791194070 27389, 94, 411.46
1791194071 27389, 74, 315.65
1791194072 27389, 50, 378.99
1791194073 27389, 94, 456.43
1791194074 27389, 93, 455.51
1791194075 27389, 93, 473.81
1791194076 27389, 91, 480.93
1791194077 27389, 82, 451.53
1791194078 27389, 0, 405.72
1791194080 27389, 90, 382.13
1791194081 27389, 94, 480.31
1791194082 27389, 93, 416.77
1791194083 27389, 85, 443.63
1791194084 27389, 16, 375.11
1791194085 27389, 69, 405.00
1791194086 27389, 95, 408.81
1791194087 27389, 95, 478.71
1791194088 27389, 93, 477.37
1791194089 27389, 92, 430.87
1791194090 27389, 71, 347.60
1791194091 27389, 95, 440.47
1791194092 27389, 95, 452.39
1791194093 27389, 96, 467.57
1791194094 27389, 89, 472.50
1791194095 27389, 91, 461.85
1791194096 27389, 50, 288.20
1791194097 27389, 94, 472.41
1791194098 27389, 57, 408.84
1791194099 27389, 91, 390.82
1791194100 27389, 95, 475.07
1791194101 27389, 96, 406.55
1791194102 27389, 50, 430.89
1791194103 27389, 90, 437.59
1791194104 27389, 82, 445.33
1791194106 27389, 93, 396.90
1791194107 27389, 32, 357.03
1791194108 27389, 55, 307.88
1791194109 27389, 4, 138.84
1791194110 27389, 3, 95.53
1791194111 27389, 8, 74.41
1791194112 27389, 4, 74.36
1791194113 27389, 0, 74.08
1791194114 27389, 8, 73.67
1791194115 27389, 4, 73.53
1791194116 27389, 0, 72.97
1791194117 27389, 8, 72.79
1791194118 27389, 4, 72.28
1791194119 27389, 0, 71.98
1791194120 27389, 8, 71.75
1791194121 27389, 4, 71.61
1791194122 27389, 5, 71.38
1791194123 27389, 25, 71.91
1791194124 27389, 0, 70.70
