1791193730 0, 0, 73.84
1791193731 3, 0, 47.10
1791193732 3, 0, 44.88
1791193733 3, 0, 34.66
1791193734 3, 0, 34.66
1791193735 1647, 0, 36.12
1791193736 5559, 24, 80.48
1791193737 7659, 28, 82.74
1791193738 8999, 28, 84.37
1791193739 10839, 28, 83.83
1791193740 12599, 29, 82.68
1791193741 14339, 29, 83.62
1791193742 16339, 33, 81.44
1791193743 16439, 29, 76.81
1791193744 16779, 12, 69.50
1791193745 17479, 1, 75.21
1791193746 17479, 1, 67.91
1791193747 17839, 1, 68.12
1791193748 18179, 1, 73.32
1791193749 18179, 1, 68.07
1791193750 18179, 1, 67.99
1791193751 19579, 37, 76.73
1791193752 19579, 1, 68.78
1791193753 19579, 1, 67.72
1791193754 19939, 6, 67.73
1791193756 21281, 32, 73.94
1791193757 21581, 0, 67.98
1791193758 21581, 6, 67.36
1791193759 21581, 6, 70.13
1791193760 21609, 6, 70.82
1791193761 21609, 1, 67.67
1791193762 21611, 3, 67.45
1791193763 21611, 3, 67.28
1791193764 21611, 4, 67.49
1791193765 21611, 7, 67.65
1791193766 21611, 4, 67.32
1791193767 21611, 5, 67.22
1791193768 21611, 4, 67.01
1791193769 21611, 2, 67.09
1791193770 21611, 4, 67.11
1791193771 21611, 0, 66.92
1791193772 21611, 3, 66.92
1791193773 21611, 5, 66.53
1791193774 21611, 0, 66.12
1791193775 21611, 8, 66.27
1791193776 21611, 5, 66.19
1791193777 21611, 5, 66.04
1791193778 21611, 4, 65.99
1791193779 21611, 8, 65.65
1791193780 21611, 4, 65.75
1791193781 21611, 7, 65.69
1791193782 21611, 4, 65.85
1791193784 21611, 3, 65.46
1791193785 21611, 4, 65.90
1791193786 21611, 0, 66.20
1791193787 21611, 5, 66.06
1791193788 21611, 0, 65.87
1791193789 21611, 6, 65.85
1791193790 21611, 0, 65.58
1791193791 21611, 8, 65.42
1791193792 21611, 4, 64.89
1791193793 21629, 5, 64.48
1791193794 20091, 78, 206.71
1791193795 22439, 59, 328.87
1791193796 24099, 59, 385.16
1791193797 24123, 93, 400.83
1791193798 24123, 90, 306.28
1791193799 24131, 50, 379.07
1791193800 24147, 90, 407.31
1791193801 24147, 91, 421.11
1791193802 24147, 74, 299.43
1791193803 24447, 95, 431.63
1791193804 24447, 93, 413.28
1791193805 24447, 61, 406.52
1791193806 24447, 93, 394.25
1791193807 24447, 92, 343.24
1791193808 24447, 62, 417.12
1791193809 24447, 90, 385.52
1791193810 24447, 94, 427.46
1791193812 24447, 46, 307.25
1791193813 24447, 90, 412.89
1791193814 24447, 86, 455.20
1791193815 24447, 94, 426.32
1791193816 24447, 94, 368.12
1791193817 24447, 62, 384.98
1791193818 24447, 58, 391.25
1791193819 24447, 56, 400.73
1791193820 24447, 85, 393.27
1791193821 24447, 84, 444.62
1791193822 24447, 85, 458.01
1791193823 24667, 90, 455.26
1791193824 24667, 87, 457.57
1791193825 24667, 89, 376.81
1791193826 24667, 90, 462.19
1791193827 24667, 94, 473.81
1791193828 24667, 82, 371.33
1791193829 24667, 93, 459.52
1791193830 24667, 90, 390.62
1791193831 24667, 88, 472.14
1791193832 24667, 91, 409.96
1791193833 24667, 92, 434.34
1791193834 24667, 85, 441.91
1791193835 24667, 69, 301.40
1791193836 24667, 92, 462.81
1791193837 24667, 71, 403.43
1791193839 24667, 86, 405.09
1791193840 24667, 76, 451.08
1791193841 24667, 77, 370.99
1791193842 24667, 61, 415.73
1791193843 24667, 84, 464.07
1791193844 24667, 90, 433.26
1791193845 24667, 88, 406.52
1791193846 24667, 50, 409.42
1791193847 24667, 92, 465.66
1791193848 24667, 88, 452.16
1791193849 24847, 92, 466.10
1791193850 24847, 52, 320.12
1791193851 24847, 81, 450.04
1791193852 24847, 91, 421.24
1791193853 24847, 94, 463.44
1791193854 24847, 92, 407.23
1791193855 24847, 92, 451.79
1791193856 24847, 72, 436.98
1791193857 24847, 91, 441.17
1791193858 24847, 95, 413.86
1791193859 24847, 69, 316.38
1791193860 24847, 76, 406.82
1791193861 24847, 72, 342.48
1791193862 24847, 93, 449.15
1791193863 24847, 90, 371.05
1791193864 24847, 88, 379.03
1791193866 24847, 70, 336.88
1791193867 24847, 90, 440.83
1791193868 24847, 93, 464.62
1791193869 24847, 78, 443.77
1791193870 24847, 69, 373.04
1791193871 24847, 77, 392.06
1791193872 24847, 92, 468.57
1791193873 24847, 90, 415.10
1791193874 24847, 77, 441.67
1791193875 24847, 89, 472.42
1791193876 24847, 89, 452.93
1791193877 24847, 67, 432.17
1791193878 24847, 93, 437.32
1791193879 24847, 91, 379.46
1791193880 24847, 94, 460.84
1791193881 24847, 93, 423.24
1791193882 24847, 60, 420.75
1791193883 24847, 95, 389.57
1791193884 24847, 67, 434.24
1791193885 24847, 70, 442.41
1791193886 24847, 88, 447.08
1791193887 24847, 92, 464.33
1791193888 24847, 60, 471.61
1791193889 24847, 58, 408.30
1791193890 24847, 90, 437.84
1791193891 24847, 50, 455.32
1791193893 24847, 89, 387.88
1791193894 24847, 93, 392.43
1791193895 24847, 80, 468.53
1791193896 24847, 94, 445.76
1791193897 24847, 84, 418.36
1791193898 24847, 87, 365.82
1791193899 24847, 61, 300.74
1791193900 24847, 8, 123.47
1791193901 24847, 1, 92.35
1791193902 24847, 7, 74.42
1791193903 24847, 0, 73.95
1791193904 24847, 7, 73.44
1791193905 24847, 0, 72.99
1791193906 24847, 7, 72.75
1791193907 24847, 3, 72.34
1791193908 24847, 8, 71.95
1791193909 24847, 8, 71.63
1791193910 24847, 4, 71.28
1791193911 24847, 5, 71.12
1791193912 24847, 4, 71.07
1791193913 24847, 5, 70.54
1791193914 24847, 0, 70.93
1791193915 24847, 0, 70.00
