1791383148 2430, 14001, 52, 0x0000000000000000 | 1.41 1.31 1.10 | cpu  42897873 2579785 5519817 320355992 116678 0 308595 0 0 0
1791383149 892, 7001, 51, 0x0000000000000000 | 1.41 1.31 1.10 | cpu  42898070 2579785 5519852 320359277 116678 0 308595 0 0 0
1791383150 442, 7001, 51, 0x0000000000000000 | 1.41 1.31 1.10 | cpu  42898164 2579785 5519877 320362693 116680 0 308595 0 0 0
1791383151 442, 7001, 50, 0x0000000000000000 | 1.41 1.31 1.10 | cpu  42898178 2579785 5519902 320366218 116680 0 308595 0 0 0
1791383152 180, 810, 50, 0x0000000000000000 | 1.30 1.29 1.09 | cpu  42898197 2579785 5519921 320369762 116680 0 308595 0 0 0
1791383153 180, 405, 50, 0x0000000000000000 | 1.30 1.29 1.09 | cpu  42898420 2579785 5519939 320373055 116680 0 308601 0 0 0
1791383154 2430, 13801, 50, 0x0000000000000000 | 1.30 1.29 1.09 | cpu  42898559 2579785 5519972 320376520 116680 0 308602 0 0 0
1791383155 2482, 13801, 51, 0x0000000000000000 | 1.30 1.29 1.09 | cpu  42898690 2579785 5519999 320379907 116683 0 308602 0 0 0
1791383156 2482, 13801, 51, 0x0000000000000000 | 1.30 1.29 1.09 | cpu  42898815 2579785 5520021 320383299 116683 0 308602 0 0 0
1791383158 2482, 13801, 50, 0x0000000000000000 | 1.35 1.30 1.10 | cpu  42898953 2579785 5520053 320386681 116683 0 308602 0 0 0
1791383159 2482, 13801, 50, 0x0000000000000000 | 1.35 1.30 1.10 | cpu  42899104 2579785 5520078 320390060 116683 0 308602 0 0 0
1791383160 2467, 13801, 51, 0x0000000000000000 | 1.35 1.30 1.10 | cpu  42899246 2579785 5520104 320393449 116683 0 308602 0 0 0
1791383161 2482, 13801, 50, 0x0000000000000000 | 1.35 1.30 1.10 | cpu  42899382 2579785 5520126 320396849 116683 0 308602 0 0 0
1791383162 2482, 13801, 50, 0x0000000000000000 | 1.32 1.29 1.10 | cpu  42899526 2579785 5520166 320400175 116684 0 308603 0 0 0
1791383163 2482, 13801, 50, 0x0000000000000000 | 1.32 1.29 1.10 | cpu  42899667 2579785 5520192 320403518 116684 0 308603 0 0 0
1791383164 2467, 13801, 51, 0x0000000000000000 | 1.32 1.29 1.10 | cpu  42899826 2579785 5520232 320406907 116684 0 308608 0 0 0
1791383165 2482, 13801, 50, 0x0000000000000000 | 1.32 1.29 1.10 | cpu  42899948 2579785 5520268 320410299 116684 0 308612 0 0 0
1791383166 2482, 13801, 49, 0x0000000000000000 | 1.32 1.29 1.10 | cpu  42900082 2579785 5520300 320413688 116684 0 308618 0 0 0
1791383168 2482, 13801, 49, 0x0000000000000000 | 1.30 1.29 1.10 | cpu  42900231 2579785 5520386 320416975 116687 0 308629 0 0 0
1791383169 2430, 13801, 49, 0x0000000000000000 | 1.30 1.29 1.10 | cpu  42900310 2579785 5520452 320420359 116687 0 308630 0 0 0
1791383170 2430, 13801, 49, 0x0000000000000000 | 1.30 1.29 1.10 | cpu  42900335 2579785 5520546 320423791 116687 0 308632 0 0 0
1791383171 2430, 13801, 49, 0x0000000000000000 | 1.30 1.29 1.10 | cpu  42900370 2579785 5520626 320427164 116687 0 308642 0 0 0
1791383172 2460, 13801, 49, 0x0000000000000000 | 1.27 1.28 1.10 | cpu  42900447 2579785 5520666 320430542 116687 0 308642 0 0 0
1791383173 2460, 13801, 48, 0x0000000000000000 | 1.27 1.28 1.10 | cpu  42900522 2579785 5520707 320433913 116693 0 308646 0 0 0
1791383174 2460, 13801, 48, 0x0000000000000000 | 1.27 1.28 1.10 | cpu  42900596 2579785 5520751 320437346 116693 0 308647 0 0 0
1791383175 2430, 13801, 48, 0x0000000000000000 | 1.27 1.28 1.10 | cpu  42900692 2579785 5520772 320440774 116693 0 308648 0 0 0
1791383176 2610, 13801, 48, 0x0000000000000000 | 1.27 1.28 1.10 | cpu  42900804 2579785 5520778 320444191 116693 0 308649 0 0 0
1791383177 2430, 13801, 48, 0x0000000000000000 | 1.25 1.28 1.10 | cpu  42900916 2579785 5520794 320447596 116696 0 308654 0 0 0
1791383179 2430, 13801, 48, 0x0000000000000000 | 1.25 1.28 1.10 | cpu  42901030 2579785 5520802 320451026 116696 0 308665 0 0 0
1791383180 2430, 13801, 47, 0x0000000000000000 | 1.25 1.28 1.10 | cpu  42901098 2579785 5520891 320454358 116696 0 308672 0 0 0
1791383181 2430, 13801, 47, 0x0000000000000000 | 1.25 1.28 1.10 | cpu  42901163 2579785 5521007 320457690 116696 0 308686 0 0 0
1791383182 2430, 13801, 47, 0x0000000000000000 | 1.23 1.27 1.09 | cpu  42901223 2579785 5521070 320461072 116696 0 308686 0 0 0
1791383183 2430, 13801, 47, 0x0000000000000000 | 1.23 1.27 1.09 | cpu  42901282 2579785 5521146 320464514 116696 0 308695 0 0 0
1791383184 2430, 13801, 47, 0x0000000000000000 | 1.23 1.27 1.09 | cpu  42901353 2579785 5521253 320467881 116696 0 308697 0 0 0
1791383185 2430, 13801, 47, 0x0000000000000000 | 1.23 1.27 1.09 | cpu  42901405 2579785 5521318 320471306 116696 0 308697 0 0 0
1791383186 2430, 13801, 47, 0x0000000000000000 | 1.23 1.27 1.09 | cpu  42901462 2579785 5521376 320474676 116696 0 308697 0 0 0
1791383187 2430, 13801, 46, 0x0000000000000000 | 1.21 1.27 1.09 | cpu  42901512 2579785 5521444 320478098 116696 0 308697 0 0 0
1791383188 2430, 13801, 46, 0x0000000000000000 | 1.21 1.27 1.09 | cpu  42901568 2579785 5521505 320481516 116697 0 308697 0 0 0
1791383190 2430, 13801, 46, 0x0000000000000000 | 1.21 1.27 1.09 | cpu  42901620 2579785 5521572 320484911 116697 0 308705 0 0 0
1791383191 2430, 13801, 46, 0x0000000000000000 | 1.21 1.27 1.09 | cpu  42901672 2579785 5521636 320488325 116697 0 308705 0 0 0
1791383192 2430, 13801, 46, 0x0000000000000000 | 1.20 1.26 1.09 | cpu  42901723 2579785 5521704 320491752 116697 0 308705 0 0 0
1791383193 2430, 13801, 46, 0x0000000000000000 | 1.20 1.26 1.09 | cpu  42901780 2579785 5521765 320495168 116697 0 308705 0 0 0
1791383194 2430, 13801, 46, 0x0000000000000000 | 1.20 1.26 1.09 | cpu  42901836 2579785 5521825 320498592 116698 0 308705 0 0 0
1791383195 2430, 13801, 46, 0x0000000000000000 | 1.20 1.26 1.09 | cpu  42901888 2579785 5521890 320502008 116698 0 308705 0 0 0
1791383196 2430, 13801, 45, 0x0000000000000000 | 1.20 1.26 1.09 | cpu  42901948 2579785 5521948 320505436 116698 0 308705 0 0 0
1791383197 2430, 13801, 45, 0x0000000000000000 | 1.18 1.26 1.09 | cpu  42902005 2579785 5522007 320508839 116698 0 308705 0 0 0
1791383198 2430, 13801, 45, 0x0000000000000000 | 1.18 1.26 1.09 | cpu  42902059 2579785 5522072 320512262 116698 0 308705 0 0 0
1791383200 2430, 13801, 45, 0x0000000000000000 | 1.18 1.26 1.09 | cpu  42902132 2579785 5522117 320515693 116699 0 308705 0 0 0
1791383201 2430, 13801, 45, 0x0000000000000000 | 1.18 1.26 1.09 | cpu  42902183 2579785 5522187 320519116 116699 0 308707 0 0 0
1791383202 2430, 13801, 45, 0x0000000000000000 | 1.16 1.26 1.09 | cpu  42902234 2579785 5522254 320522553 116699 0 308707 0 0 0
1791383203 2430, 13801, 45, 0x0000000000000000 | 1.16 1.26 1.09 | cpu  42902293 2579785 5522319 320525975 116699 0 308717 0 0 0
1791383204 2430, 13801, 45, 0x0000000000000000 | 1.16 1.26 1.09 | cpu  42902345 2579785 5522384 320529404 116699 0 308717 0 0 0
1791383205 2430, 13801, 45, 0x0000000000000000 | 1.16 1.26 1.09 | cpu  42902399 2579785 5522448 320532842 116700 0 308717 0 0 0
1791383206 2430, 13801, 44, 0x0000000000000000 | 1.16 1.26 1.09 | cpu  42902456 2579785 5522508 320536267 116700 0 308717 0 0 0
1791383207 2430, 13801, 44, 0x0000000000000000 | 1.15 1.25 1.09 | cpu  42902511 2579785 5522572 320539694 116700 0 308717 0 0 0
1791383208 2430, 13801, 44, 0x0000000000000000 | 1.15 1.25 1.09 | cpu  42902567 2579785 5522632 320543114 116700 0 308717 0 0 0
1791383210 2430, 13801, 44, 0x0000000000000000 | 1.15 1.25 1.09 | cpu  42902623 2579785 5522692 320546491 116700 0 308717 0 0 0
1791383211 2430, 13801, 44, 0x0000000000000000 | 1.15 1.25 1.09 | cpu  42902679 2579785 5522754 320549893 116701 0 308718 0 0 0
1791383212 2430, 13801, 44, 0x0000000000000000 | 1.14 1.25 1.09 | cpu  42902741 2579785 5522818 320553316 116701 0 308721 0 0 0
1791383213 2430, 13801, 44, 0x0000000000000000 | 1.14 1.25 1.09 | cpu  42902794 2579785 5522880 320556716 116701 0 308721 0 0 0
1791383214 2430, 13801, 44, 0x0000000000000000 | 1.14 1.25 1.09 | cpu  42902848 2579785 5522949 320560139 116701 0 308722 0 0 0
1791383215 2430, 13801, 44, 0x0000000000000000 | 1.14 1.25 1.09 | cpu  42902899 2579785 5523014 320563544 116701 0 308724 0 0 0
1791383216 2430, 13801, 44, 0x0000000000000000 | 1.14 1.25 1.09 | cpu  42902955 2579785 5523075 320566971 116702 0 308724 0 0 0
1791383217 2430, 13801, 43, 0x0000000000000000 | 1.13 1.24 1.09 | cpu  42903009 2579785 5523136 320570345 116702 0 308724 0 0 0
1791383218 2430, 13801, 43, 0x0000000000000000 | 1.13 1.24 1.09 | cpu  42903062 2579785 5523201 320573772 116703 0 308724 0 0 0
1791383219 2452, 13801, 43, 0x0000000000000000 | 1.13 1.24 1.09 | cpu  42903143 2579785 5523238 320577227 116703 0 308726 0 0 0
1791383221 2857, 13801, 57, 0x0000000000000000 | 1.13 1.24 1.09 | cpu  42903252 2579785 5523247 320580681 116703 0 308729 0 0 0
1791383222 2857, 13801, 56, 0x0000000000000000 | 1.12 1.24 1.09 | cpu  42903368 2579785 5523256 320584130 116704 0 308735 0 0 0
1791383223 2857, 13801, 56, 0x0000000000000000 | 1.12 1.24 1.09 | cpu  42903482 2579785 5523265 320587599 116705 0 308737 0 0 0
1791383224 2857, 13801, 58, 0x0000000000000000 | 1.12 1.24 1.09 | cpu  42903598 2579785 5523274 320591051 116705 0 308748 0 0 0
1791383225 2857, 13801, 58, 0x0000000000000000 | 1.12 1.24 1.09 | cpu  42903710 2579785 5523281 320594500 116705 0 308749 0 0 0
1791383226 2857, 13801, 58, 0x0000000000000000 | 1.12 1.24 1.09 | cpu  42903793 2579785 5523325 320597943 116705 0 308749 0 0 0
1791383227 2842, 13801, 59, 0x0000000000000000 | 1.11 1.23 1.09 | cpu  42903893 2579785 5523363 320601399 116707 0 308750 0 0 0
1791383228 2820, 13801, 60, 0x0000000000000004 | 1.11 1.23 1.09 | cpu  42904004 2579785 5523381 320604788 116707 0 308750 0 0 0
1791383229 2835, 13801, 60, 0x0000000000000004 | 1.11 1.23 1.09 | cpu  42904116 2579785 5523400 320608183 116707 0 308756 0 0 0
1791383231 2820, 13801, 62, 0x0000000000000004 | 1.11 1.23 1.09 | cpu  42904225 2579785 5523413 320611502 116707 0 308760 0 0 0
1791383232 2812, 13801, 62, 0x0000000000000004 | 1.10 1.23 1.09 | cpu  42904334 2579785 5523431 320614916 116707 0 308766 0 0 0
1791383233 2827, 13801, 62, 0x0000000000000004 | 1.10 1.23 1.09 | cpu  42904446 2579785 5523448 320618286 116709 0 308773 0 0 0
1791383234 2857, 13801, 61, 0x0000000000000000 | 1.10 1.23 1.09 | cpu  42904562 2579785 5523466 320621744 116709 0 308776 0 0 0
1791383235 2812, 13801, 62, 0x0000000000000004 | 1.10 1.23 1.09 | cpu  42904677 2579785 5523487 320625183 116709 0 308784 0 0 0
1791383236 2850, 13801, 61, 0x0000000000000000 | 1.10 1.23 1.09 | cpu  42904791 2579785 5523506 320628599 116709 0 308788 0 0 0
1791383237 2812, 13801, 62, 0x0000000000000004 | 1.17 1.24 1.09 | cpu  42904904 2579785 5523526 320632049 116709 0 308800 0 0 0
1791383238 2805, 13801, 63, 0x0000000000000004 | 1.17 1.24 1.09 | cpu  42905018 2579785 5523546 320635505 116709 0 308804 0 0 0
1791383239 2805, 13801, 62, 0x0000000000000004 | 1.17 1.24 1.09 | cpu  42905138 2579785 5523576 320638957 116711 0 308812 0 0 0
1791383241 2820, 13801, 64, 0x0000000000000000 | 1.17 1.24 1.09 | cpu  42905253 2579785 5523594 320642399 116711 0 308812 0 0 0
1791383242 2812, 13801, 61, 0x0000000000000004 | 1.16 1.24 1.09 | cpu  42905364 2579785 5523615 320645837 116711 0 308813 0 0 0
1791383243 2805, 13801, 64, 0x0000000000000004 | 1.16 1.24 1.09 | cpu  42905481 2579785 5523636 320649333 116711 0 308827 0 0 0
1791383244 2805, 13801, 62, 0x0000000000000000 | 1.16 1.24 1.09 | cpu  42905598 2579785 5523661 320652695 116711 0 308840 0 0 0
1791383245 2797, 13801, 65, 0x0000000000000004 | 1.16 1.24 1.09 | cpu  42905721 2579785 5523760 320656007 116712 0 308858 0 0 0
1791383246 2842, 13801, 65, 0x0000000000000000 | 1.16 1.24 1.09 | cpu  42905841 2579785 5523780 320659463 116712 0 308860 0 0 0
1791383247 2797, 13801, 65, 0x0000000000000004 | 1.14 1.23 1.09 | cpu  42905966 2579785 5523823 320662745 116712 0 308871 0 0 0
1791383248 2842, 13801, 66, 0x0000000000000004 | 1.14 1.23 1.09 | cpu  42906085 2579785 5523861 320666134 116712 0 308881 0 0 0
1791383249 2820, 13801, 66, 0x0000000000000000 | 1.14 1.23 1.09 | cpu  42906194 2579785 5523884 320669570 116712 0 308881 0 0 0
1791383251 2835, 13801, 67, 0x0000000000000004 | 1.14 1.23 1.09 | cpu  42906308 2579785 5523901 320672941 116716 0 308881 0 0 0
1791383252 2835, 13801, 66, 0x0000000000000000 | 1.13 1.23 1.09 | cpu  42906420 2579785 5523918 320676373 116716 0 308881 0 0 0
1791383253 2797, 13801, 67, 0x0000000000000004 | 1.13 1.23 1.09 | cpu  42906534 2579785 5523936 320679773 116716 0 308881 0 0 0
1791383254 2835, 13801, 67, 0x0000000000000004 | 1.13 1.23 1.09 | cpu  42906643 2579785 5523959 320683142 116716 0 308882 0 0 0
1791383255 2797, 13801, 67, 0x0000000000000004 | 1.13 1.23 1.09 | cpu  42906754 2579785 5523978 320686530 116716 0 308895 0 0 0
1791383256 2842, 13801, 67, 0x0000000000000004 | 1.13 1.23 1.09 | cpu  42906872 2579785 5523996 320690075 116717 0 308903 0 0 0
1791383257 2820, 13801, 67, 0x0000000000000004 | 1.20 1.24 1.10 | cpu  42906986 2579785 5524020 320693516 116717 0 308911 0 0 0
1791383258 2827, 13801, 68, 0x0000000000000004 | 1.20 1.24 1.10 | cpu  42907096 2579785 5524041 320696882 116717 0 308913 0 0 0
1791383259 2812, 13801, 68, 0x0000000000000004 | 1.20 1.24 1.10 | cpu  42907211 2579785 5524059 320700323 116717 0 308914 0 0 0
1791383261 2827, 13801, 68, 0x0000000000000004 | 1.20 1.24 1.10 | cpu  42907322 2579785 5524077 320703701 116717 0 308922 0 0 0
1791383262 2820, 13801, 69, 0x0000000000000004 | 1.19 1.24 1.09 | cpu  42907435 2579785 5524097 320707139 116719 0 308922 0 0 0
1791383263 2797, 13801, 70, 0x0000000000000004 | 1.19 1.24 1.09 | cpu  42907547 2579785 5524114 320710516 116719 0 308925 0 0 0
1791383264 2812, 13801, 70, 0x0000000000000004 | 1.19 1.24 1.09 | cpu  42907660 2579785 5524135 320713951 116719 0 308926 0 0 0
1791383265 2797, 13801, 69, 0x0000000000000004 | 1.19 1.24 1.09 | cpu  42907771 2579785 5524154 320717390 116719 0 308926 0 0 0
1791383266 2812, 13801, 70, 0x0000000000000004 | 1.19 1.24 1.09 | cpu  42907885 2579785 5524174 320720837 116719 0 308932 0 0 0
1791383267 2820, 13801, 69, 0x0000000000000004 | 1.17 1.23 1.09 | cpu  42907996 2579785 5524200 320724275 116719 0 308935 0 0 0
1791383268 2842, 13801, 70, 0x0000000000000004 | 1.17 1.23 1.09 | cpu  42908112 2579785 5524216 320727687 116720 0 308938 0 0 0
1791383269 2797, 13801, 70, 0x0000000000000004 | 1.17 1.23 1.09 | cpu  42908220 2579785 5524235 320731071 116720 0 308939 0 0 0
1791383271 2835, 13801, 69, 0x0000000000000004 | 1.17 1.23 1.09 | cpu  42908333 2579785 5524252 320734453 116722 0 308939 0 0 0
1791383272 2827, 13801, 69, 0x0000000000000004 | 1.16 1.23 1.09 | cpu  42908442 2579785 5524270 320737841 116722 0 308946 0 0 0
1791383273 2797, 13801, 70, 0x0000000000000004 | 1.16 1.23 1.09 | cpu  42908550 2579785 5524287 320741187 116722 0 308946 0 0 0
1791383274 2812, 13801, 70, 0x0000000000000004 | 1.16 1.23 1.09 | cpu  42908662 2579785 5524310 320744630 116722 0 308952 0 0 0
1791383275 2797, 13801, 70, 0x0000000000000004 | 1.16 1.23 1.09 | cpu  42908775 2579785 5524327 320748069 116722 0 308956 0 0 0
1791383276 2827, 13801, 70, 0x0000000000000004 | 1.16 1.23 1.09 | cpu  42908891 2579785 5524341 320751503 116723 0 308957 0 0 0
1791383277 2790, 13801, 71, 0x0000000000000004 | 1.14 1.23 1.09 | cpu  42909007 2579785 5524359 320754849 116724 0 308961 0 0 0
1791383278 2842, 13801, 71, 0x0000000000000004 | 1.14 1.23 1.09 | cpu  42909120 2579785 5524374 320758170 116724 0 308970 0 0 0
1791383279 2835, 13801, 70, 0x0000000000000004 | 1.14 1.23 1.09 | cpu  42909231 2579785 5524396 320761632 116724 0 308978 0 0 0
1791383280 2835, 13801, 70, 0x0000000000000004 | 1.14 1.23 1.09 | cpu  42909346 2579785 5524411 320765020 116724 0 308979 0 0 0
1791383282 2805, 13801, 72, 0x0000000000000004 | 1.21 1.24 1.10 | cpu  42909462 2579785 5524431 320768492 116724 0 308981 0 0 0
1791383283 2790, 13801, 71, 0x0000000000000004 | 1.21 1.24 1.10 | cpu  42909574 2579785 5524448 320771876 116726 0 308981 0 0 0
1791383284 2782, 13801, 72, 0x0000000000000004 | 1.21 1.24 1.10 | cpu  42909689 2579785 5524468 320775316 116726 0 308988 0 0 0
1791383285 2797, 13801, 72, 0x0000000000000004 | 1.21 1.24 1.10 | cpu  42909805 2579785 5524487 320778772 116726 0 308989 0 0 0
1791383286 2782, 13801, 71, 0x0000000000000004 | 1.21 1.24 1.10 | cpu  42909915 2579785 5524508 320782198 116726 0 308989 0 0 0
1791383287 2790, 13801, 71, 0x0000000000000004 | 1.20 1.24 1.10 | cpu  42910028 2579785 5524530 320785689 116726 0 308989 0 0 0
1791383288 2835, 13801, 71, 0x0000000000000004 | 1.20 1.24 1.10 | cpu  42910141 2579785 5524550 320789102 116727 0 308990 0 0 0
1791383289 2790, 13801, 72, 0x0000000000000004 | 1.20 1.24 1.10 | cpu  42910254 2579785 5524568 320792540 116727 0 308992 0 0 0
1791383291 2842, 13801, 72, 0x0000000000000004 | 1.20 1.24 1.10 | cpu  42910369 2579785 5524584 320795953 116727 0 308995 0 0 0
1791383292 2782, 13801, 74, 0x0000000000000004 | 1.26 1.25 1.10 | cpu  42910485 2579785 5524604 320799400 116727 0 308997 0 0 0
1791383293 2820, 13801, 71, 0x0000000000000004 | 1.26 1.25 1.10 | cpu  42910604 2579785 5524622 320802885 116727 0 308997 0 0 0
1791383294 2812, 13801, 71, 0x0000000000000000 | 1.26 1.25 1.10 | cpu  42910718 2579785 5524642 320806343 116728 0 308998 0 0 0
1791383295 2827, 13801, 72, 0x0000000000000004 | 1.26 1.25 1.10 | cpu  42910832 2579785 5524659 320809777 116728 0 308998 0 0 0
1791383296 2812, 13801, 73, 0x0000000000000000 | 1.26 1.25 1.10 | cpu  42910944 2579785 5524683 320813217 116728 0 308998 0 0 0
1791383297 2782, 13801, 73, 0x0000000000000004 | 1.24 1.24 1.10 | cpu  42911057 2579785 5524702 320816657 116728 0 308999 0 0 0
1791383298 2820, 13801, 73, 0x0000000000000004 | 1.24 1.24 1.10 | cpu  42911170 2579785 5524722 320820064 116730 0 308999 0 0 0
1791383299 2782, 13801, 72, 0x0000000000000004 | 1.24 1.24 1.10 | cpu  42911282 2579785 5524739 320823415 116730 0 309001 0 0 0
1791383301 2797, 13801, 72, 0x0000000000000004 | 1.24 1.24 1.10 | cpu  42911398 2579785 5524756 320826865 116730 0 309009 0 0 0
1791383302 2812, 13801, 72, 0x0000000000000004 | 1.30 1.26 1.10 | cpu  42911507 2579785 5524782 320830312 116730 0 309009 0 0 0
1791383303 2827, 13801, 72, 0x0000000000000004 | 1.30 1.26 1.10 | cpu  42911622 2579785 5524801 320833679 116730 0 309009 0 0 0
1791383304 2805, 13801, 72, 0x0000000000000004 | 1.30 1.26 1.10 | cpu  42911732 2579785 5524821 320837005 116730 0 309010 0 0 0
1791383305 2827, 13801, 72, 0x0000000000000004 | 1.30 1.26 1.10 | cpu  42911846 2579785 5524837 320840435 116730 0 309010 0 0 0
1791383306 2805, 13801, 73, 0x0000000000000004 | 1.30 1.26 1.10 | cpu  42911963 2579785 5524859 320843850 116730 0 309016 0 0 0
1791383307 2782, 13801, 72, 0x0000000000000004 | 1.28 1.25 1.10 | cpu  42912082 2579785 5524898 320847215 116730 0 309034 0 0 0
1791383308 2782, 13801, 72, 0x0000000000000004 | 1.28 1.25 1.10 | cpu  42912200 2579785 5524980 320850489 116730 0 309040 0 0 0
1791383309 2797, 13801, 72, 0x0000000000000004 | 1.28 1.25 1.10 | cpu  42912310 2579785 5524997 320853895 116731 0 309041 0 0 0
1791383310 2790, 13801, 72, 0x0000000000000004 | 1.28 1.25 1.10 | cpu  42912424 2579785 5525015 320857275 116731 0 309042 0 0 0
1791383312 2790, 13801, 72, 0x0000000000000004 | 1.28 1.25 1.10 | cpu  42912534 2579785 5525033 320860720 116731 0 309042 0 0 0
1791383313 2827, 13801, 73, 0x0000000000000004 | 1.33 1.27 1.11 | cpu  42912649 2579785 5525052 320864170 116731 0 309042 0 0 0
1791383314 2782, 13801, 73, 0x0000000000000004 | 1.33 1.27 1.11 | cpu  42912763 2579785 5525072 320867556 116731 0 309052 0 0 0
1791383315 2797, 13801, 72, 0x0000000000000004 | 1.33 1.27 1.11 | cpu  42912876 2579785 5525090 320870874 116733 0 309062 0 0 0
1791383316 2782, 13801, 72, 0x0000000000000004 | 1.33 1.27 1.11 | cpu  42912988 2579785 5525112 320874343 116733 0 309070 0 0 0
1791383317 2782, 13801, 73, 0x0000000000000004 | 1.47 1.29 1.12 | cpu  42913108 2579785 5525139 320877709 116733 0 309079 0 0 0
1791383318 2790, 13801, 70, 0x0000000000000000 | 1.47 1.29 1.12 | cpu  42913222 2579785 5525159 320881090 116733 0 309084 0 0 0
1791383319 2782, 13801, 73, 0x0000000000000004 | 1.47 1.29 1.12 | cpu  42913336 2579785 5525175 320884539 116733 0 309094 0 0 0
1791383320 2805, 13801, 72, 0x0000000000000004 | 1.47 1.29 1.12 | cpu  42913452 2579785 5525195 320888033 116734 0 309096 0 0 0
1791383322 2782, 13801, 73, 0x0000000000000004 | 1.47 1.29 1.12 | cpu  42913566 2579785 5525216 320891473 116734 0 309096 0 0 0
1791383323 2820, 13801, 74, 0x0000000000000004 | 1.43 1.29 1.12 | cpu  42913680 2579785 5525233 320894910 116734 0 309102 0 0 0
1791383324 2812, 13801, 73, 0x0000000000000004 | 1.43 1.29 1.12 | cpu  42913787 2579785 5525256 320898295 116734 0 309109 0 0 0
1791383325 2835, 13801, 73, 0x0000000000000004 | 1.43 1.29 1.12 | cpu  42913902 2579785 5525270 320901678 116734 0 309115 0 0 0
1791383326 2812, 13801, 73, 0x0000000000000004 | 1.43 1.29 1.12 | cpu  42914017 2579785 5525293 320905056 116734 0 309116 0 0 0
1791383327 2827, 13801, 73, 0x0000000000000004 | 1.40 1.28 1.12 | cpu  42914130 2579785 5525308 320908444 116734 0 309120 0 0 0
1791383328 2835, 13801, 73, 0x0000000000000004 | 1.40 1.28 1.12 | cpu  42914243 2579785 5525331 320911838 116734 0 309129 0 0 0
1791383329 2782, 13801, 73, 0x0000000000000004 | 1.40 1.28 1.12 | cpu  42914355 2579785 5525350 320915276 116734 0 309137 0 0 0
1791383330 2827, 13801, 74, 0x0000000000000004 | 1.40 1.28 1.12 | cpu  42914471 2579785 5525373 320918736 116735 0 309142 0 0 0
1791383332 2782, 13801, 74, 0x0000000000000004 | 1.40 1.28 1.12 | cpu  42914587 2579785 5525397 320922244 116735 0 309151 0 0 0
1791383333 2835, 13801, 74, 0x0000000000000004 | 1.36 1.28 1.12 | cpu  42914702 2579785 5525418 320925707 116735 0 309156 0 0 0
1791383334 2797, 13801, 70, 0x0000000000000000 | 1.36 1.28 1.12 | cpu  42914809 2579785 5525440 320929103 116735 0 309164 0 0 0
1791383335 2812, 13801, 73, 0x0000000000000004 | 1.36 1.28 1.12 | cpu  42914925 2579785 5525455 320932543 116736 0 309167 0 0 0
1791383336 2782, 13801, 74, 0x0000000000000004 | 1.36 1.28 1.12 | cpu  42915041 2579785 5525472 320936003 116736 0 309172 0 0 0
1791383337 2827, 13801, 73, 0x0000000000000004 | 1.33 1.27 1.11 | cpu  42915157 2579785 5525493 320939420 116736 0 309184 0 0 0
1791383338 2812, 13801, 74, 0x0000000000000004 | 1.33 1.27 1.11 | cpu  42915279 2579785 5525518 320942867 116736 0 309195 0 0 0
1791383339 2782, 13801, 75, 0x0000000000000004 | 1.33 1.27 1.11 | cpu  42915392 2579785 5525534 320946243 116736 0 309204 0 0 0
1791383340 2805, 13801, 73, 0x0000000000000004 | 1.33 1.27 1.11 | cpu  42915503 2579785 5525554 320949649 116737 0 309209 0 0 0
1791383342 2782, 13801, 74, 0x0000000000000004 | 1.33 1.27 1.11 | cpu  42915620 2579785 5525574 320953012 116737 0 309217 0 0 0
1791383343 2782, 13801, 74, 0x0000000000000004 | 1.31 1.27 1.11 | cpu  42915736 2579785 5525595 320956407 116737 0 309220 0 0 0
1791383344 2782, 13801, 73, 0x0000000000000004 | 1.31 1.27 1.11 | cpu  42915870 2579785 5525663 320959793 116737 0 309227 0 0 0
1791383345 2827, 13801, 73, 0x0000000000000004 | 1.31 1.27 1.11 | cpu  42915981 2579785 5525676 320963197 116737 0 309228 0 0 0
1791383346 2782, 13801, 75, 0x0000000000000004 | 1.31 1.27 1.11 | cpu  42916094 2579785 5525694 320966634 116738 0 309239 0 0 0
1791383347 2827, 13801, 74, 0x0000000000000000 | 1.28 1.26 1.11 | cpu  42916208 2579785 5525710 320970022 116738 0 309239 0 0 0
1791383348 2782, 13801, 74, 0x0000000000000004 | 1.28 1.26 1.11 | cpu  42916322 2579785 5525729 320973460 116738 0 309241 0 0 0
1791383349 2812, 13801, 74, 0x0000000000000004 | 1.28 1.26 1.11 | cpu  42916439 2579785 5525748 320976895 116738 0 309246 0 0 0
1791383350 2805, 13801, 72, 0x0000000000000004 | 1.28 1.26 1.11 | cpu  42916550 2579785 5525769 320980289 116738 0 309253 0 0 0
1791383352 2820, 13801, 73, 0x0000000000000004 | 1.28 1.26 1.11 | cpu  42916665 2579785 5525785 320983737 116740 0 309254 0 0 0
1791383353 2820, 13801, 70, 0x0000000000000000 | 1.34 1.28 1.12 | cpu  42916778 2579785 5525810 320987165 116740 0 309257 0 0 0
1791383354 2782, 13801, 74, 0x0000000000000004 | 1.34 1.28 1.12 | cpu  42916893 2579785 5525830 320990647 116740 0 309257 0 0 0
1791383355 2797, 13801, 70, 0x0000000000000000 | 1.34 1.28 1.12 | cpu  42917007 2579785 5525848 320994124 116740 0 309257 0 0 0
1791383356 2782, 13801, 74, 0x0000000000000004 | 1.34 1.28 1.12 | cpu  42917122 2579785 5525867 320997614 116740 0 309257 0 0 0
1791383357 2827, 13801, 73, 0x0000000000000004 | 1.31 1.27 1.12 | cpu  42917238 2579785 5525884 321001065 116740 0 309257 0 0 0
1791383358 2790, 13801, 71, 0x0000000000000000 | 1.31 1.27 1.12 | cpu  42917351 2579785 5525912 321004503 116741 0 309261 0 0 0
1791383359 2827, 13801, 74, 0x0000000000000004 | 1.31 1.27 1.12 | cpu  42917487 2579785 5525978 321007876 116741 0 309276 0 0 0
1791383361 2782, 13801, 73, 0x0000000000000004 | 1.31 1.27 1.12 | cpu  42917607 2579785 5526002 321011307 116742 0 309277 0 0 0
1791383362 2820, 13801, 74, 0x0000000000000004 | 1.45 1.30 1.13 | cpu  42917722 2579785 5526018 321014747 116742 0 309278 0 0 0
1791383363 2805, 13801, 74, 0x0000000000000004 | 1.45 1.30 1.13 | cpu  42917834 2579785 5526039 321018154 116743 0 309278 0 0 0
1791383364 2782, 13801, 73, 0x0000000000000004 | 1.45 1.30 1.13 | cpu  42917949 2579785 5526054 321021596 116743 0 309288 0 0 0
1791383365 2805, 13801, 73, 0x0000000000000004 | 1.45 1.30 1.13 | cpu  42918063 2579785 5526074 321025037 116743 0 309290 0 0 0
1791383366 2782, 13801, 75, 0x0000000000000004 | 1.45 1.30 1.13 | cpu  42918178 2579785 5526092 321028486 116743 0 309291 0 0 0
1791383367 2775, 13801, 75, 0x0000000000000004 | 1.41 1.30 1.13 | cpu  42918293 2579785 5526110 321031939 116743 0 309300 0 0 0
1791383368 2782, 13801, 74, 0x0000000000000004 | 1.41 1.30 1.13 | cpu  42918409 2579785 5526130 321035317 116744 0 309301 0 0 0
1791383369 2782, 13801, 73, 0x0000000000000000 | 1.41 1.30 1.13 | cpu  42918528 2579785 5526153 321038738 116744 0 309307 0 0 0
1791383371 2782, 13801, 74, 0x0000000000000004 | 1.41 1.30 1.13 | cpu  42918648 2579785 5526226 321042057 116744 0 309338 0 0 0
1791383372 2827, 13801, 73, 0x0000000000000004 | 1.41 1.30 1.13 | cpu  42918770 2579785 5526277 321045394 116744 0 309358 0 0 0
1791383373 2812, 13801, 74, 0x0000000000000004 | 1.46 1.31 1.13 | cpu  42918882 2579785 5526298 321048827 116744 0 309358 0 0 0
1791383374 2827, 13801, 74, 0x0000000000000004 | 1.46 1.31 1.13 | cpu  42918996 2579785 5526316 321052188 116744 0 309359 0 0 0
1791383375 2782, 13801, 73, 0x0000000000000004 | 1.46 1.31 1.13 | cpu  42919111 2579785 5526333 321055638 116744 0 309359 0 0 0
1791383376 2827, 13801, 74, 0x0000000000000004 | 1.46 1.31 1.13 | cpu  42919226 2579785 5526350 321059079 116745 0 309359 0 0 0
1791383377 2805, 13801, 73, 0x0000000000000004 | 1.42 1.30 1.13 | cpu  42919340 2579785 5526371 321062482 116745 0 309360 0 0 0
1791383378 2782, 13801, 75, 0x0000000000000004 | 1.42 1.30 1.13 | cpu  42919456 2579785 5526387 321065924 116745 0 309363 0 0 0
1791383379 2790, 13801, 73, 0x0000000000000004 | 1.42 1.30 1.13 | cpu  42919569 2579785 5526407 321069356 116745 0 309366 0 0 0
1791383381 2790, 13801, 74, 0x0000000000000004 | 1.42 1.30 1.13 | cpu  42919685 2579785 5526424 321072788 116745 0 309366 0 0 0
1791383382 2782, 13801, 75, 0x0000000000000004 | 1.42 1.30 1.13 | cpu  42919797 2579785 5526442 321076172 116746 0 309367 0 0 0
1791383383 2782, 13801, 75, 0x0000000000000004 | 1.47 1.31 1.13 | cpu  42919909 2579785 5526461 321079559 116746 0 309367 0 0 0
1791383384 2835, 13801, 73, 0x0000000000000004 | 1.47 1.31 1.13 | cpu  42920024 2579785 5526480 321082940 116746 0 309369 0 0 0
1791383385 2782, 13801, 74, 0x0000000000000004 | 1.47 1.31 1.13 | cpu  42920135 2579785 5526500 321086379 116746 0 309371 0 0 0
1791383386 2827, 13801, 73, 0x0000000000000004 | 1.47 1.31 1.13 | cpu  42920253 2579785 5526518 321089887 116746 0 309371 0 0 0
1791383387 2805, 13801, 72, 0x0000000000000004 | 1.43 1.31 1.13 | cpu  42920366 2579785 5526541 321093321 116748 0 309372 0 0 0
1791383388 2812, 13801, 73, 0x0000000000000004 | 1.43 1.31 1.13 | cpu  42920480 2579785 5526559 321096708 116748 0 309372 0 0 0
1791383389 2805, 13801, 73, 0x0000000000000004 | 1.43 1.31 1.13 | cpu  42920592 2579785 5526582 321100034 116748 0 309378 0 0 0
1791383391 2827, 13801, 74, 0x0000000000000004 | 1.43 1.31 1.13 | cpu  42920705 2579785 5526601 321103394 116748 0 309378 0 0 0
1791383392 2812, 13801, 73, 0x0000000000000004 | 1.43 1.31 1.13 | cpu  42920838 2579785 5526666 321106723 116748 0 309379 0 0 0
1791383393 2782, 13801, 75, 0x0000000000000004 | 1.40 1.30 1.13 | cpu  42920952 2579785 5526683 321110105 116748 0 309380 0 0 0
1791383394 2782, 13801, 74, 0x0000000000000004 | 1.40 1.30 1.13 | cpu  42921067 2579785 5526699 321113544 116748 0 309382 0 0 0
1791383395 2782, 13801, 75, 0x0000000000000004 | 1.40 1.30 1.13 | cpu  42921186 2579785 5526731 321116900 116749 0 309385 0 0 0
1791383396 2782, 13801, 75, 0x0000000000000004 | 1.40 1.30 1.13 | cpu  42921300 2579785 5526752 321120417 116749 0 309385 0 0 0
1791383397 2782, 13801, 75, 0x0000000000000004 | 1.36 1.30 1.13 | cpu  42921414 2579785 5526771 321123858 116749 0 309389 0 0 0
1791383398 2827, 13801, 74, 0x0000000000000004 | 1.36 1.30 1.13 | cpu  42921528 2579785 5526788 321127237 116749 0 309392 0 0 0
1791383399 2782, 13801, 74, 0x0000000000000004 | 1.36 1.30 1.13 | cpu  42921642 2579785 5526805 321130673 116749 0 309394 0 0 0
1791383401 2812, 13801, 75, 0x0000000000000004 | 1.36 1.30 1.13 | cpu  42921757 2579785 5526824 321134108 116749 0 309397 0 0 0
1791383402 2782, 13801, 75, 0x0000000000000004 | 1.36 1.30 1.13 | cpu  42921894 2579785 5526866 321137423 116749 0 309410 0 0 0
1791383403 2827, 13801, 73, 0x0000000000000004 | 1.33 1.29 1.13 | cpu  42922009 2579785 5526884 321140865 116751 0 309416 0 0 0
1791383404 2790, 13801, 75, 0x0000000000000004 | 1.33 1.29 1.13 | cpu  42922123 2579785 5526902 321144276 116751 0 309420 0 0 0
1791383405 2782, 13801, 75, 0x0000000000000004 | 1.33 1.29 1.13 | cpu  42922236 2579785 5526921 321147712 116751 0 309432 0 0 0
1791383406 2782, 13801, 74, 0x0000000000000004 | 1.33 1.29 1.13 | cpu  42922351 2579785 5526946 321151134 116752 0 309438 0 0 0
1791383407 2782, 13801, 75, 0x0000000000000004 | 1.31 1.29 1.13 | cpu  42922489 2579785 5527002 321154470 116752 0 309440 0 0 0
1791383408 2775, 13801, 75, 0x0000000000000004 | 1.31 1.29 1.13 | cpu  42922606 2579785 5527037 321157827 116752 0 309458 0 0 0
1791383409 2782, 13801, 74, 0x0000000000000004 | 1.31 1.29 1.13 | cpu  42922718 2579785 5527058 321161209 116752 0 309464 0 0 0
1791383410 2775, 13801, 74, 0x0000000000000004 | 1.31 1.29 1.13 | cpu  42922831 2579785 5527075 321164601 116752 0 309465 0 0 0
1791383412 2782, 13801, 75, 0x0000000000000004 | 1.31 1.29 1.13 | cpu  42922942 2579785 5527094 321167959 116753 0 309467 0 0 0
1791383413 2827, 13801, 73, 0x0000000000000004 | 1.28 1.28 1.13 | cpu  42923055 2579785 5527110 321171339 116753 0 309470 0 0 0
1791383414 2782, 13801, 75, 0x0000000000000004 | 1.28 1.28 1.13 | cpu  42923166 2579785 5527130 321174717 116753 0 309477 0 0 0
1791383415 2797, 13801, 74, 0x0000000000000004 | 1.28 1.28 1.13 | cpu  42923282 2579785 5527147 321178100 116753 0 309490 0 0 0
1791383416 2790, 13801, 71, 0x0000000000000000 | 1.28 1.28 1.13 | cpu  42923394 2579785 5527166 321181487 116754 0 309492 0 0 0
1791383417 2820, 13801, 74, 0x0000000000000004 | 1.34 1.29 1.13 | cpu  42923510 2579785 5527182 321184930 116754 0 309493 0 0 0
1791383418 2805, 13801, 75, 0x0000000000000004 | 1.34 1.29 1.13 | cpu  42923622 2579785 5527201 321188276 116754 0 309493 0 0 0
1791383419 2782, 13801, 74, 0x0000000000000004 | 1.34 1.29 1.13 | cpu  42923732 2579785 5527214 321191613 116754 0 309493 0 0 0
1791383420 2797, 13801, 74, 0x0000000000000004 | 1.34 1.29 1.13 | cpu  42923846 2579785 5527228 321195018 116754 0 309499 0 0 0
1791383421 2782, 13801, 75, 0x0000000000000004 | 1.34 1.29 1.13 | cpu  42923960 2579785 5527239 321198408 116754 0 309499 0 0 0
1791383423 2782, 13801, 73, 0x0000000000000004 | 1.31 1.29 1.13 | cpu  42924072 2579785 5527259 321201792 116754 0 309499 0 0 0
1791383424 2782, 13801, 75, 0x0000000000000004 | 1.31 1.29 1.13 | cpu  42924186 2579785 5527279 321205222 116755 0 309502 0 0 0
1791383425 2827, 13801, 74, 0x0000000000000000 | 1.31 1.29 1.13 | cpu  42924303 2579785 5527293 321208664 116755 0 309503 0 0 0
1791383426 2782, 13801, 75, 0x0000000000000004 | 1.31 1.29 1.13 | cpu  42924416 2579785 5527311 321212102 116756 0 309504 0 0 0
1791383427 2827, 13801, 73, 0x0000000000000004 | 1.29 1.28 1.13 | cpu  42924530 2579785 5527325 321215484 116756 0 309504 0 0 0
1791383428 2782, 13801, 75, 0x0000000000000004 | 1.29 1.28 1.13 | cpu  42924642 2579785 5527348 321218847 116757 0 309508 0 0 0
1791383429 2827, 13801, 74, 0x0000000000000004 | 1.29 1.28 1.13 | cpu  42924753 2579785 5527366 321222175 116757 0 309515 0 0 0
1791383430 2805, 13801, 75, 0x0000000000000004 | 1.29 1.28 1.13 | cpu  42924866 2579785 5527390 321225572 116757 0 309524 0 0 0
1791383431 2782, 13801, 75, 0x0000000000000004 | 1.29 1.28 1.13 | cpu  42924982 2579785 5527408 321229015 116757 0 309524 0 0 0
1791383432 2812, 13801, 75, 0x0000000000000004 | 1.26 1.28 1.13 | cpu  42925099 2579785 5527432 321232405 116758 0 309532 0 0 0
1791383434 2782, 13801, 74, 0x0000000000000004 | 1.26 1.28 1.13 | cpu  42925217 2579785 5527512 321235719 116759 0 309546 0 0 0
1791383435 2790, 13801, 74, 0x0000000000000004 | 1.26 1.28 1.13 | cpu  42925330 2579785 5527556 321239050 116759 0 309549 0 0 0
1791383436 2782, 13801, 74, 0x0000000000000004 | 1.26 1.28 1.13 | cpu  42925446 2579785 5527572 321242488 116759 0 309549 0 0 0
1791383437 2827, 13801, 74, 0x0000000000000004 | 1.24 1.27 1.13 | cpu  42925562 2579785 5527588 321245949 116759 0 309553 0 0 0
1791383438 2782, 13801, 74, 0x0000000000000004 | 1.24 1.27 1.13 | cpu  42925678 2579785 5527607 321249336 116759 0 309553 0 0 0
1791383439 2827, 13801, 73, 0x0000000000000004 | 1.24 1.27 1.13 | cpu  42925799 2579785 5527653 321252629 116759 0 309553 0 0 0
1791383440 2797, 13801, 71, 0x0000000000000004 | 1.24 1.27 1.13 | cpu  42925920 2579785 5527696 321256007 116759 0 309556 0 0 0
1791383441 2812, 13801, 74, 0x0000000000000004 | 1.24 1.27 1.13 | cpu  42926030 2579785 5527714 321259371 116759 0 309557 0 0 0
1791383442 2797, 13801, 71, 0x0000000000000000 | 1.30 1.29 1.13 | cpu  42926143 2579785 5527732 321262834 116760 0 309558 0 0 0
1791383444 2812, 13801, 74, 0x0000000000000004 | 1.30 1.29 1.13 | cpu  42926257 2579785 5527751 321266270 116760 0 309562 0 0 0
1791383445 2805, 13801, 72, 0x0000000000000004 | 1.30 1.29 1.13 | cpu  42926370 2579785 5527770 321269709 116760 0 309562 0 0 0
1791383446 2782, 13801, 75, 0x0000000000000004 | 1.30 1.29 1.13 | cpu  42926483 2579785 5527786 321273121 116760 0 309562 0 0 0
1791383447 2812, 13801, 75, 0x0000000000000004 | 1.28 1.28 1.13 | cpu  42926600 2579785 5527804 321276614 116760 0 309562 0 0 0
1791383448 2782, 13801, 75, 0x0000000000000004 | 1.28 1.28 1.13 | cpu  42926714 2579785 5527821 321280056 116760 0 309563 0 0 0
1791383449 2782, 13801, 75, 0x0000000000000004 | 1.28 1.28 1.13 | cpu  42926829 2579785 5527842 321283527 116760 0 309563 0 0 0
1791383450 2782, 13801, 74, 0x0000000000000004 | 1.28 1.28 1.13 | cpu  42926947 2579785 5527863 321287019 116762 0 309563 0 0 0
1791383451 2827, 13801, 73, 0x0000000000000004 | 1.28 1.28 1.13 | cpu  42927061 2579785 5527879 321290460 116762 0 309563 0 0 0
1791383452 2782, 13801, 74, 0x0000000000000004 | 1.26 1.28 1.13 | cpu  42927177 2579785 5527903 321293819 116762 0 309564 0 0 0
1791383454 2827, 13801, 74, 0x0000000000000004 | 1.26 1.28 1.13 | cpu  42927292 2579785 5527921 321297143 116762 0 309564 0 0 0
1791383455 2782, 13801, 74, 0x0000000000000004 | 1.26 1.28 1.13 | cpu  42927406 2579785 5527946 321300532 116762 0 309564 0 0 0
1791383456 2820, 13801, 74, 0x0000000000000004 | 1.26 1.28 1.13 | cpu  42927536 2579785 5528014 321303898 116763 0 309564 0 0 0
1791383457 2805, 13801, 74, 0x0000000000000004 | 1.24 1.27 1.13 | cpu  42927650 2579785 5528034 321307351 116763 0 309564 0 0 0
1791383458 2827, 13801, 74, 0x0000000000000004 | 1.24 1.27 1.13 | cpu  42927763 2579785 5528050 321310739 116763 0 309564 0 0 0
1791383459 2797, 13801, 73, 0x0000000000000004 | 1.24 1.27 1.13 | cpu  42927876 2579785 5528069 321314189 116763 0 309564 0 0 0
1791383460 2782, 13801, 74, 0x0000000000000004 | 1.24 1.27 1.13 | cpu  42927993 2579785 5528086 321317649 116763 0 309564 0 0 0
1791383461 2775, 13801, 75, 0x0000000000000004 | 1.24 1.27 1.13 | cpu  42928104 2579785 5528108 321321094 116764 0 309564 0 0 0
1791383462 2775, 13801, 74, 0x0000000000000004 | 1.30 1.28 1.14 | cpu  42928218 2579785 5528128 321324534 116764 0 309564 0 0 0
1791383464 2775, 13801, 74, 0x0000000000000004 | 1.30 1.28 1.14 | cpu  42928334 2579785 5528148 321327990 116764 0 309573 0 0 0
1791383465 2782, 13801, 75, 0x0000000000000004 | 1.30 1.28 1.14 | cpu  42928446 2579785 5528166 321331367 116764 0 309573 0 0 0
1791383466 2827, 13801, 75, 0x0000000000000004 | 1.30 1.28 1.14 | cpu  42928562 2579785 5528180 321334810 116764 0 309573 0 0 0
1791383467 2782, 13801, 75, 0x0000000000000004 | 1.27 1.28 1.14 | cpu  42928673 2579785 5528203 321338247 116764 0 309573 0 0 0
1791383468 2827, 13801, 72, 0x0000000000000000 | 1.27 1.28 1.14 | cpu  42928786 2579785 5528220 321341637 116764 0 309573 0 0 0
1791383469 2782, 13801, 73, 0x0000000000000004 | 1.27 1.28 1.14 | cpu  42928898 2579785 5528242 321345020 116764 0 309573 0 0 0
1791383470 2797, 13801, 73, 0x0000000000000004 | 1.27 1.28 1.14 | cpu  42929012 2579785 5528260 321348461 116764 0 309573 0 0 0
1791383471 2782, 13801, 72, 0x0000000000000000 | 1.27 1.28 1.14 | cpu  42929133 2579785 5528288 321351930 116765 0 309574 0 0 0
1791383472 2812, 13801, 74, 0x0000000000000004 | 1.25 1.27 1.13 | cpu  42929249 2579785 5528306 321355365 116765 0 309575 0 0 0
1791383474 2812, 13801, 70, 0x0000000000000000 | 1.25 1.27 1.13 | cpu  42929362 2579785 5528326 321358806 116765 0 309576 0 0 0
1791383475 2782, 13801, 74, 0x0000000000000004 | 1.25 1.27 1.13 | cpu  42929478 2579785 5528348 321362174 116765 0 309591 0 0 0
1791383476 2827, 13801, 73, 0x0000000000000004 | 1.25 1.27 1.13 | cpu  42929595 2579785 5528368 321365655 116765 0 309594 0 0 0
1791383477 2782, 13801, 74, 0x0000000000000004 | 1.23 1.27 1.13 | cpu  42929710 2579785 5528388 321369108 116766 0 309594 0 0 0
1791383478 2797, 13801, 74, 0x0000000000000004 | 1.23 1.27 1.13 | cpu  42929825 2579785 5528406 321372488 116766 0 309595 0 0 0
1791383479 2782, 13801, 74, 0x0000000000000004 | 1.23 1.27 1.13 | cpu  42929937 2579785 5528426 321375864 116766 0 309597 0 0 0
1791383480 2827, 13801, 73, 0x0000000000000004 | 1.23 1.27 1.13 | cpu  42930050 2579785 5528441 321379251 116766 0 309598 0 0 0
1791383481 2782, 13801, 74, 0x0000000000000004 | 1.23 1.27 1.13 | cpu  42930164 2579785 5528460 321382686 116766 0 309604 0 0 0
1791383482 2827, 13801, 74, 0x0000000000000004 | 1.21 1.27 1.13 | cpu  42930276 2579785 5528477 321386066 116768 0 309604 0 0 0
1791383484 2782, 13801, 75, 0x0000000000000004 | 1.21 1.27 1.13 | cpu  42930387 2579785 5528499 321389508 116768 0 309613 0 0 0
1791383485 2790, 13801, 74, 0x0000000000000004 | 1.21 1.27 1.13 | cpu  42930497 2579785 5528514 321392838 116768 0 309614 0 0 0
1791383486 2782, 13801, 73, 0x0000000000000000 | 1.21 1.27 1.13 | cpu  42930610 2579785 5528534 321396234 116768 0 309624 0 0 0
1791383487 2782, 13801, 76, 0x0000000000000004 | 1.20 1.26 1.13 | cpu  42930724 2579785 5528550 321399609 116768 0 309634 0 0 0
1791383488 2812, 13801, 74, 0x0000000000000004 | 1.20 1.26 1.13 | cpu  42930838 2579785 5528570 321403039 116768 0 309637 0 0 0
1791383489 2782, 13801, 75, 0x0000000000000004 | 1.20 1.26 1.13 | cpu  42930952 2579785 5528588 321406458 116769 0 309637 0 0 0
1791383490 2812, 13801, 74, 0x0000000000000004 | 1.20 1.26 1.13 | cpu  42931067 2579785 5528605 321409913 116769 0 309637 0 0 0
1791383491 2782, 13801, 74, 0x0000000000000004 | 1.20 1.26 1.13 | cpu  42931180 2579785 5528623 321413292 116769 0 309637 0 0 0
1791383492 2827, 13801, 74, 0x0000000000000004 | 1.18 1.26 1.13 | cpu  42931295 2579785 5528644 321416782 116769 0 309637 0 0 0
1791383494 2782, 13801, 75, 0x0000000000000004 | 1.18 1.26 1.13 | cpu  42931411 2579785 5528663 321420279 116769 0 309642 0 0 0
1791383495 2827, 13801, 73, 0x0000000000000004 | 1.18 1.26 1.13 | cpu  42931529 2579785 5528680 321423717 116770 0 309651 0 0 0
1791383496 2782, 13801, 75, 0x0000000000000004 | 1.18 1.26 1.13 | cpu  42931645 2579785 5528699 321427065 116770 0 309655 0 0 0
1791383497 2797, 13801, 74, 0x0000000000000004 | 1.25 1.27 1.14 | cpu  42931763 2579785 5528802 321430371 116770 0 309678 0 0 0
1791383498 2782, 13801, 73, 0x0000000000000004 | 1.25 1.27 1.14 | cpu  42931877 2579785 5528832 321433796 116770 0 309688 0 0 0
1791383499 2812, 13801, 73, 0x0000000000000004 | 1.25 1.27 1.14 | cpu  42931990 2579785 5528848 321437189 116770 0 309695 0 0 0
1791383500 2797, 13801, 71, 0x0000000000000000 | 1.25 1.27 1.14 | cpu  42932102 2579785 5528869 321440606 116770 0 309695 0 0 0
1791383501 2782, 13801, 75, 0x0000000000000004 | 1.25 1.27 1.14 | cpu  42932220 2579785 5528889 321444017 116770 0 309695 0 0 0
1791383502 2820, 13801, 74, 0x0000000000000004 | 1.23 1.26 1.13 | cpu  42932334 2579785 5528906 321447445 116771 0 309695 0 0 0
1791383504 2782, 13801, 75, 0x0000000000000004 | 1.23 1.26 1.13 | cpu  42932460 2579785 5528978 321450722 116771 0 309707 0 0 0
1791383505 2805, 13801, 75, 0x0000000000000004 | 1.23 1.26 1.13 | cpu  42932571 2579785 5528992 321454109 116771 0 309708 0 0 0
1791383506 2782, 13801, 75, 0x0000000000000004 | 1.23 1.26 1.13 | cpu  42932685 2579785 5529010 321457552 116771 0 309711 0 0 0
1791383507 2827, 13801, 73, 0x0000000000000004 | 1.21 1.26 1.13 | cpu  42932801 2579785 5529030 321461006 116772 0 309716 0 0 0
1791383508 2782, 13801, 75, 0x0000000000000004 | 1.21 1.26 1.13 | cpu  42932914 2579785 5529050 321464448 116772 0 309720 0 0 0
1791383509 2827, 13801, 74, 0x0000000000000004 | 1.21 1.26 1.13 | cpu  42933029 2579785 5529072 321467862 116772 0 309720 0 0 0
1791383510 2782, 13801, 73, 0x0000000000000004 | 1.21 1.26 1.13 | cpu  42933145 2579785 5529093 321471301 116773 0 309720 0 0 0
1791383511 2797, 13801, 74, 0x0000000000000004 | 1.21 1.26 1.13 | cpu  42933278 2579785 5529116 321474667 116773 0 309722 0 0 0
1791383512 2790, 13801, 71, 0x0000000000000000 | 1.19 1.25 1.13 | cpu  42933388 2579785 5529136 321478013 116773 0 309722 0 0 0
1791383514 2805, 13801, 74, 0x0000000000000004 | 1.19 1.25 1.13 | cpu  42933502 2579785 5529154 321481459 116773 0 309722 0 0 0
1791383515 2797, 13801, 74, 0x0000000000000004 | 1.19 1.25 1.13 | cpu  42933612 2579785 5529176 321484840 116773 0 309722 0 0 0
1791383516 2782, 13801, 74, 0x0000000000000004 | 1.19 1.25 1.13 | cpu  42933728 2579785 5529196 321488257 116773 0 309722 0 0 0
1791383517 2812, 13801, 73, 0x0000000000000004 | 1.26 1.27 1.14 | cpu  42933839 2579785 5529217 321491701 116773 0 309722 0 0 0
1791383518 2782, 13801, 74, 0x0000000000000004 | 1.26 1.27 1.14 | cpu  42933956 2579785 5529237 321495078 116773 0 309728 0 0 0
1791383519 2797, 13801, 75, 0x0000000000000004 | 1.26 1.27 1.14 | cpu  42934082 2579785 5529276 321498485 116773 0 309733 0 0 0
1791383520 2782, 13801, 74, 0x0000000000000004 | 1.26 1.27 1.14 | cpu  42934198 2579785 5529321 321501782 116776 0 309744 0 0 0
1791383521 2827, 13801, 74, 0x0000000000000004 | 1.26 1.27 1.14 | cpu  42934311 2579785 5529339 321505129 116776 0 309744 0 0 0
1791383522 2782, 13801, 74, 0x0000000000000004 | 1.23 1.26 1.14 | cpu  42934421 2579785 5529360 321508517 116776 0 309747 0 0 0
1791383523 2790, 13801, 74, 0x0000000000000004 | 1.23 1.26 1.14 | cpu  42934536 2579785 5529377 321511956 116776 0 309747 0 0 0
1791383525 2782, 13801, 74, 0x0000000000000004 | 1.23 1.26 1.14 | cpu  42934650 2579785 5529395 321515374 116776 0 309747 0 0 0
1791383526 2812, 13801, 74, 0x0000000000000004 | 1.23 1.26 1.14 | cpu  42934765 2579785 5529411 321518817 116777 0 309747 0 0 0
1791383527 2805, 13801, 73, 0x0000000000000004 | 1.30 1.28 1.14 | cpu  42934879 2579785 5529428 321522250 116777 0 309747 0 0 0
1791383528 2775, 13801, 75, 0x0000000000000004 | 1.30 1.28 1.14 | cpu  42934994 2579785 5529452 321525690 116777 0 309750 0 0 0
1791383529 2812, 13801, 75, 0x0000000000000004 | 1.30 1.28 1.14 | cpu  42935105 2579785 5529469 321529065 116777 0 309750 0 0 0
1791383530 2775, 13801, 74, 0x0000000000000004 | 1.30 1.28 1.14 | cpu  42935219 2579785 5529488 321532501 116777 0 309750 0 0 0
1791383531 2782, 13801, 74, 0x0000000000000004 | 1.30 1.28 1.14 | cpu  42935328 2579785 5529508 321535914 116777 0 309750 0 0 0
1791383532 2782, 13801, 74, 0x0000000000000004 | 1.35 1.29 1.15 | cpu  42935444 2579785 5529529 321539352 116777 0 309751 0 0 0
1791383533 2782, 13801, 74, 0x0000000000000004 | 1.35 1.29 1.15 | cpu  42935560 2579785 5529549 321542797 116777 0 309754 0 0 0
1791383535 2782, 13801, 75, 0x0000000000000004 | 1.35 1.29 1.15 | cpu  42935672 2579785 5529566 321546130 116777 0 309754 0 0 0
1791383536 2827, 13801, 73, 0x0000000000000004 | 1.35 1.29 1.15 | cpu  42935804 2579785 5529637 321549516 116777 0 309754 0 0 0
1791383537 2782, 13801, 75, 0x0000000000000004 | 1.35 1.29 1.15 | cpu  42935918 2579785 5529656 321552973 116777 0 309754 0 0 0
1791383538 2827, 13801, 74, 0x0000000000000004 | 1.41 1.30 1.15 | cpu  42936029 2579785 5529673 321556297 116779 0 309754 0 0 0
1791383539 2805, 13801, 75, 0x0000000000000004 | 1.41 1.30 1.15 | cpu  42936138 2579785 5529695 321559653 116779 0 309754 0 0 0
1791383540 2827, 13801, 74, 0x0000000000000004 | 1.41 1.30 1.15 | cpu  42936255 2579785 5529712 321563108 116779 0 309754 0 0 0
1791383541 2805, 13801, 73, 0x0000000000000004 | 1.41 1.30 1.15 | cpu  42936362 2579785 5529729 321566424 116779 0 309756 0 0 0
1791383542 2782, 13801, 75, 0x0000000000000004 | 1.45 1.31 1.16 | cpu  42936477 2579785 5529746 321569853 116779 0 309758 0 0 0
1791383543 2790, 13801, 75, 0x0000000000000004 | 1.45 1.31 1.16 | cpu  42936592 2579785 5529762 321573224 116780 0 309765 0 0 0
1791383545 2790, 13801, 74, 0x0000000000000004 | 1.45 1.31 1.16 | cpu  42936708 2579785 5529778 321576684 116780 0 309765 0 0 0
1791383546 2782, 13801, 72, 0x0000000000000000 | 1.45 1.31 1.16 | cpu  42936819 2579785 5529794 321580086 116780 0 309765 0 0 0
1791383547 2782, 13801, 75, 0x0000000000000004 | 1.45 1.31 1.16 | cpu  42936936 2579785 5529811 321583589 116780 0 309765 0 0 0
1791383548 2827, 13801, 74, 0x0000000000000004 | 1.42 1.31 1.16 | cpu  42937049 2579785 5529826 321587005 116780 0 309769 0 0 0
1791383549 2782, 13801, 75, 0x0000000000000004 | 1.42 1.31 1.16 | cpu  42937169 2579785 5529852 321590428 116781 0 309769 0 0 0
1791383550 2812, 13801, 74, 0x0000000000000004 | 1.42 1.31 1.16 | cpu  42937281 2579785 5529870 321593799 116781 0 309770 0 0 0
1791383551 2782, 13801, 74, 0x0000000000000004 | 1.42 1.31 1.16 | cpu  42937389 2579785 5529888 321597141 116781 0 309770 0 0 0
1791383552 2827, 13801, 73, 0x0000000000000004 | 1.38 1.30 1.15 | cpu  42937509 2579785 5529906 321600612 116781 0 309774 0 0 0
1791383553 2782, 13801, 75, 0x0000000000000004 | 1.38 1.30 1.15 | cpu  42937622 2579785 5529920 321604014 116781 0 309774 0 0 0
1791383555 2827, 13801, 73, 0x0000000000000004 | 1.38 1.30 1.15 | cpu  42937735 2579785 5529937 321607450 116781 0 309774 0 0 0
1791383556 2782, 13801, 75, 0x0000000000000004 | 1.38 1.30 1.15 | cpu  42937849 2579785 5529955 321610863 116781 0 309775 0 0 0
1791383557 2805, 13801, 74, 0x0000000000000004 | 1.38 1.30 1.15 | cpu  42937964 2579785 5529972 321614303 116781 0 309775 0 0 0
1791383558 2790, 13801, 71, 0x0000000000000000 | 1.35 1.30 1.15 | cpu  42938082 2579785 5529990 321617680 116781 0 309775 0 0 0
1791383559 2782, 13801, 74, 0x0000000000000004 | 1.35 1.30 1.15 | cpu  42938199 2579785 5530012 321621114 116781 0 309775 0 0 0
1791383560 2805, 13801, 75, 0x0000000000000004 | 1.35 1.30 1.15 | cpu  42938324 2579785 5530115 321624416 116782 0 309786 0 0 0
1791383561 2782, 13801, 75, 0x0000000000000004 | 1.35 1.30 1.15 | cpu  42938440 2579785 5530134 321627908 116782 0 309788 0 0 0
1791383562 2797, 13801, 74, 0x0000000000000004 | 1.32 1.29 1.15 | cpu  42938552 2579785 5530156 321631336 116782 0 309790 0 0 0
1791383563 2782, 13801, 75, 0x0000000000000004 | 1.32 1.29 1.15 | cpu  42938666 2579785 5530174 321634758 116782 0 309796 0 0 0
1791383565 2775, 13801, 75, 0x0000000000000004 | 1.32 1.29 1.15 | cpu  42938781 2579785 5530190 321638189 116782 0 309803 0 0 0
1791383566 2782, 13801, 74, 0x0000000000000004 | 1.32 1.29 1.15 | cpu  42938896 2579785 5530210 321641567 116782 0 309811 0 0 0
1791383567 2827, 13801, 74, 0x0000000000000000 | 1.32 1.29 1.15 | cpu  42939010 2579785 5530233 321644879 116782 0 309816 0 0 0
1791383568 2782, 13801, 74, 0x0000000000000004 | 1.38 1.30 1.16 | cpu  42939137 2579785 5530302 321648139 116782 0 309842 0 0 0
1791383569 2812, 13801, 74, 0x0000000000000004 | 1.38 1.30 1.16 | cpu  42939255 2579785 5530318 321651636 116782 0 309845 0 0 0
1791383570 2782, 13801, 74, 0x0000000000000004 | 1.38 1.30 1.16 | cpu  42939370 2579785 5530338 321655070 116784 0 309847 0 0 0
1791383571 2827, 13801, 73, 0x0000000000000004 | 1.38 1.30 1.16 | cpu  42939485 2579785 5530358 321658517 116784 0 309858 0 0 0
1791383572 2805, 13801, 74, 0x0000000000000004 | 1.35 1.30 1.16 | cpu  42939603 2579785 5530380 321662014 116784 0 309860 0 0 0
1791383573 2782, 13801, 75, 0x0000000000000004 | 1.35 1.30 1.16 | cpu  42939718 2579785 5530398 321665455 116784 0 309864 0 0 0
1791383574 2782, 13801, 73, 0x0000000000000004 | 1.35 1.30 1.16 | cpu  42939830 2579785 5530419 321668841 116784 0 309866 0 0 0
1791383576 2790, 13801, 73, 0x0000000000000004 | 1.35 1.30 1.16 | cpu  42939946 2579785 5530436 321672288 116786 0 309866 0 0 0
1791383577 2775, 13801, 74, 0x0000000000000004 | 1.35 1.30 1.16 | cpu  42940058 2579785 5530453 321675681 116786 0 309868 0 0 0
1791383578 2782, 13801, 75, 0x0000000000000004 | 1.48 1.33 1.17 | cpu  42940171 2579785 5530476 321679030 116786 0 309874 0 0 0
1791383579 2827, 13801, 74, 0x0000000000000004 | 1.48 1.33 1.17 | cpu  42940286 2579785 5530492 321682469 116786 0 309880 0 0 0
1791383580 2782, 13801, 74, 0x0000000000000004 | 1.48 1.33 1.17 | cpu  42940400 2579785 5530510 321685849 116786 0 309880 0 0 0
1791383581 2827, 13801, 73, 0x0000000000000004 | 1.48 1.33 1.17 | cpu  42940516 2579785 5530531 321689239 116786 0 309880 0 0 0
1791383582 2782, 13801, 74, 0x0000000000000004 | 1.44 1.32 1.17 | cpu  42940633 2579785 5530548 321692614 116786 0 309882 0 0 0
1791383583 2827, 13801, 73, 0x0000000000000004 | 1.44 1.32 1.17 | cpu  42940762 2579785 5530614 321695933 116787 0 309898 0 0 0
1791383584 2805, 13801, 74, 0x0000000000000004 | 1.44 1.32 1.17 | cpu  42940875 2579785 5530636 321699355 116787 0 309903 0 0 0
1791383586 2827, 13801, 75, 0x0000000000000004 | 1.44 1.32 1.17 | cpu  42940987 2579785 5530657 321702752 116787 0 309904 0 0 0
1791383587 2797, 13801, 75, 0x0000000000000004 | 1.44 1.32 1.17 | cpu  42941100 2579785 5530674 321706138 116787 0 309908 0 0 0
1791383588 2775, 13801, 74, 0x0000000000000004 | 1.41 1.31 1.16 | cpu  42941216 2579785 5530692 321709620 116787 0 309910 0 0 0
1791383589 2775, 13801, 73, 0x0000000000000004 | 1.41 1.31 1.16 | cpu  42941331 2579785 5530712 321713058 116788 0 309914 0 0 0
1791383590 2790, 13801, 74, 0x0000000000000004 | 1.41 1.31 1.16 | cpu  42941450 2579785 5530729 321716500 116788 0 309919 0 0 0
1791383591 2782, 13801, 72, 0x0000000000000000 | 1.41 1.31 1.16 | cpu  42941564 2579785 5530747 321719892 116788 0 309919 0 0 0
1791383592 2782, 13801, 75, 0x0000000000000004 | 1.37 1.31 1.16 | cpu  42941674 2579785 5530767 321723273 116788 0 309919 0 0 0
1791383593 2827, 13801, 73, 0x0000000000000004 | 1.37 1.31 1.16 | cpu  42941790 2579785 5530786 321726705 116790 0 309920 0 0 0
1791383594 2782, 13801, 75, 0x0000000000000004 | 1.37 1.31 1.16 | cpu  42941905 2579785 5530806 321730163 116790 0 309920 0 0 0
1791383596 2827, 13801, 74, 0x0000000000000004 | 1.37 1.31 1.16 | cpu  42942019 2579785 5530820 321733557 116790 0 309920 0 0 0
1791383597 2782, 13801, 74, 0x0000000000000004 | 1.37 1.31 1.16 | cpu  42942130 2579785 5530843 321736954 116790 0 309920 0 0 0
1791383598 2827, 13801, 73, 0x0000000000000004 | 1.42 1.32 1.17 | cpu  42942243 2579785 5530860 321740338 116790 0 309920 0 0 0
1791383599 2805, 13801, 74, 0x0000000000000004 | 1.42 1.32 1.17 | cpu  42942356 2579785 5530882 321743782 116790 0 309921 0 0 0
1791383600 2775, 13801, 75, 0x0000000000000004 | 1.42 1.32 1.17 | cpu  42942468 2579785 5530903 321747167 116791 0 309922 0 0 0
1791383601 2782, 13801, 75, 0x0000000000000004 | 1.42 1.32 1.17 | cpu  42942585 2579785 5530920 321750606 116791 0 309934 0 0 0
1791383602 2782, 13801, 73, 0x0000000000000004 | 1.39 1.31 1.17 | cpu  42942699 2579785 5530938 321753982 116791 0 309937 0 0 0
1791383603 2782, 13801, 75, 0x0000000000000004 | 1.39 1.31 1.17 | cpu  42942815 2579785 5530956 321757391 116791 0 309941 0 0 0
1791383604 2782, 13801, 75, 0x0000000000000004 | 1.39 1.31 1.17 | cpu  42942928 2579785 5530969 321760772 116791 0 309942 0 0 0
1791383605 2790, 13801, 71, 0x0000000000000000 | 1.39 1.31 1.17 | cpu  42943042 2579785 5530996 321764235 116791 0 309950 0 0 0
1791383607 2782, 13801, 74, 0x0000000000000004 | 1.39 1.31 1.17 | cpu  42943154 2579785 5531018 321767656 116793 0 309956 0 0 0
1791383608 2827, 13801, 74, 0x0000000000000004 | 1.44 1.33 1.17 | cpu  42943269 2579785 5531034 321771114 116793 0 309965 0 0 0
1791383609 2782, 13801, 74, 0x0000000000000004 | 1.44 1.33 1.17 | cpu  42943382 2579785 5531054 321774536 116793 0 309965 0 0 0
1791383610 2827, 13801, 73, 0x0000000000000004 | 1.44 1.33 1.17 | cpu  42943499 2579785 5531072 321778039 116793 0 309966 0 0 0
1791383611 2782, 13801, 75, 0x0000000000000004 | 1.44 1.33 1.17 | cpu  42943612 2579785 5531089 321781430 116793 0 309969 0 0 0
1791383612 2827, 13801, 74, 0x0000000000000004 | 1.40 1.32 1.17 | cpu  42943731 2579785 5531108 321784931 116794 0 309976 0 0 0
1791383613 2805, 13801, 74, 0x0000000000000004 | 1.40 1.32 1.17 | cpu  42943847 2579785 5531128 321788383 116794 0 309977 0 0 0
1791383614 2775, 13801, 74, 0x0000000000000004 | 1.40 1.32 1.17 | cpu  42943962 2579785 5531144 321791873 116794 0 309977 0 0 0
1791383616 2827, 13801, 73, 0x0000000000000004 | 1.40 1.32 1.17 | cpu  42944078 2579785 5531165 321795312 116794 0 309977 0 0 0
1791383617 2827, 13801, 74, 0x0000000000000004 | 1.40 1.32 1.17 | cpu  42944193 2579785 5531181 321798757 116794 0 309983 0 0 0
1791383618 2827, 13801, 73, 0x0000000000000004 | 1.37 1.32 1.17 | cpu  42944306 2579785 5531198 321802173 116796 0 309985 0 0 0
1791383619 2827, 13801, 74, 0x0000000000000004 | 1.37 1.32 1.17 | cpu  42944422 2579785 5531214 321805552 116796 0 309985 0 0 0
1791383620 2865, 13801, 66, 0x0000000000000000 | 1.37 1.32 1.17 | cpu  42944500 2579785 5531242 321808935 116796 0 309986 0 0 0
1791383621 2872, 13801, 63, 0x0000000000000000 | 1.37 1.32 1.17 | cpu  42944564 2579785 5531302 321812367 116796 0 309986 0 0 0
1791383622 2430, 13801, 61, 0x0000000000000000 | 1.34 1.31 1.17 | cpu  42944622 2579785 5531388 321815716 116796 0 309992 0 0 0
1791383623 2430, 13801, 60, 0x0000000000000000 | 1.34 1.31 1.17 | cpu  42944692 2579785 5531514 321819033 116797 0 309997 0 0 0
1791383624 2430, 13801, 59, 0x0000000000000000 | 1.34 1.31 1.17 | cpu  42944742 2579785 5531582 321822464 116797 0 309997 0 0 0
1791383626 2430, 13801, 59, 0x0000000000000000 | 1.34 1.31 1.17 | cpu  42944794 2579785 5531648 321825902 116797 0 309997 0 0 0
1791383627 2430, 13801, 58, 0x0000000000000000 | 1.34 1.31 1.17 | cpu  42944853 2579785 5531722 321829275 116797 0 310001 0 0 0
1791383628 2430, 13801, 58, 0x0000000000000000 | 1.31 1.30 1.17 | cpu  42944909 2579785 5531786 321832684 116797 0 310002 0 0 0
1791383629 2430, 13801, 57, 0x0000000000000000 | 1.31 1.30 1.17 | cpu  42944963 2579785 5531850 321836060 116797 0 310008 0 0 0
1791383630 2430, 13801, 57, 0x0000000000000000 | 1.31 1.30 1.17 | cpu  42945018 2579785 5531916 321839550 116797 0 310008 0 0 0
1791383631 2430, 13801, 56, 0x0000000000000000 | 1.31 1.30 1.17 | cpu  42945074 2579785 5531982 321842998 116798 0 310008 0 0 0
1791383632 2430, 13801, 56, 0x0000000000000000 | 1.29 1.30 1.17 | cpu  42945131 2579785 5532043 321846440 116798 0 310008 0 0 0
1791383633 2430, 13801, 55, 0x0000000000000000 | 1.29 1.30 1.17 | cpu  42945186 2579785 5532108 321849928 116798 0 310008 0 0 0
1791383634 2430, 13801, 55, 0x0000000000000000 | 1.29 1.30 1.17 | cpu  42945244 2579785 5532168 321853364 116798 0 310011 0 0 0
1791383636 2430, 13801, 55, 0x0000000000000000 | 1.29 1.30 1.17 | cpu  42945298 2579785 5532235 321856744 116799 0 310011 0 0 0
1791383637 2430, 13801, 54, 0x0000000000000000 | 1.29 1.30 1.17 | cpu  42945352 2579785 5532298 321860175 116799 0 310011 0 0 0
1791383638 2430, 13801, 54, 0x0000000000000000 | 1.26 1.29 1.17 | cpu  42945403 2579785 5532365 321863614 116799 0 310011 0 0 0
1791383639 2430, 13801, 54, 0x0000000000000000 | 1.26 1.29 1.17 | cpu  42945454 2579785 5532433 321867052 116799 0 310012 0 0 0
1791383640 2430, 13801, 53, 0x0000000000000000 | 1.26 1.29 1.17 | cpu  42945510 2579785 5532494 321870468 116799 0 310013 0 0 0
1791383641 2467, 13801, 53, 0x0000000000000000 | 1.26 1.29 1.17 | cpu  42945576 2579785 5532550 321873953 116799 0 310013 0 0 0
1791383642 2430, 13801, 53, 0x0000000000000000 | 1.24 1.29 1.17 | cpu  42945612 2579785 5532642 321877336 116799 0 310013 0 0 0
1791383643 2430, 13801, 53, 0x0000000000000000 | 1.24 1.29 1.17 | cpu  42945642 2579785 5532730 321880756 116799 0 310013 0 0 0
1791383644 2430, 13801, 53, 0x0000000000000000 | 1.24 1.29 1.17 | cpu  42945697 2579785 5532794 321884178 116800 0 310013 0 0 0
