#Time         gpu     sm    mem    enc    dec    jpg    ofa  rxpci  txpci 
#HH:MM:SS     Idx      %      %      %      %      %      %   MB/s   MB/s 
 01:10:36       0      0      0      0      0      0      0     15      0 
 01:10:37       0      0      0      0      0      0      0      6    136 
 01:10:38       0      0      0      0      0      0      0      0      0 
 01:10:39       0      0      0      0      0      0      0      0      0 
 01:10:40       0      0      0      0      0      0      0      0      0 
 01:10:41       0      0      0      0      0      0      0      0      0 
 01:10:42       0      0      0      0      0      0      0      0      0 
 01:10:43       0      1      0      0      0      0      0   7729    767 
 01:10:44       0      9      2      0      0      0      0      0      0 
 01:10:45       0      0      0      0      0      0      0    112    736 
 01:10:46       0     11      0      0      0      0      0   8233    825 
 01:10:47       0     33      1      0      0      0      0   8451     87 
 01:10:48       0     36      1      0      0      0      0      0      0 
 01:10:49       0     36      3      0      0      0      0   7056    691 
 01:10:50       0     35      4      0      0      0      0   7449    740 
 01:10:52       0     34      5      0      0      0      0   7996    785 
 01:10:53       0     23      5      0      0      0      0      0      0 
 01:10:54       0     16      4      0      0      0      0      0    360 
 01:10:55       0      1      0      0      0      0      0   8222    824 
 01:10:56       0     17      0      0      0      0      0     76      1 
 01:10:57       0     37      1      0      0      0      0   7953    824 
 01:10:58       0     36      5      0      0      0      0      0      0 
 01:10:59       0      0      0      0      0      0      0   5994      0 
 01:11:00       0      0      0      0      0      0      0      0      0 
 01:11:01       0      0      0      0      0      0      0      0      0 
 01:11:02       0      0      0      0      0      0      0      0    909 
 01:11:03       0      4      0      0      0      0      0      0    398 
 01:11:04       0      3      0      0      0      0      0      0    937 
 01:11:05       0      4      0      0      0      0      0    125    117 
 01:11:06       0      3      0      0      0      0      0    113      0 
 01:11:07       0      4      0      0      0      0      0    226      0 
 01:11:08       0      6      0      0      0      0      0    892     90 
 01:11:09       0      6      0      0      0      0      0      2   1267 
 01:11:10       0      5      0      0      0      0      0      0   1136 
 01:11:11       0      7      0      0      0      0      0      0   1955 
 01:11:13       0      0      0      0      0      0      0      0    227 
 01:11:14       0      0      0      0      0      0      0      0   1704 
 01:11:15       0      2      0      0      0      0      0      0   2102 
 01:11:16       0      4      0      0      0      0      0      0   2102 
 01:11:17       0      7      0      0      0      0      0      0   2159 
 01:11:18       0      7      0      0      0      0      0      0   2159 
 01:11:19       0      5      0      0      0      0      0      0   1534 
 01:11:20       0      3      0      0      0      0      0      0      0 
 01:11:21       0      1      0      0      0      0      0      0      2 
#Time         gpu     sm    mem    enc    dec    jpg    ofa  rxpci  txpci 
#HH:MM:SS     Idx      %      %      %      %      %      %   MB/s   MB/s 
 01:11:22       0      0      0      0      0      0      0      0      0 
 01:11:23       0      2      0      0      0      0      0      0      0 
 01:11:24       0      4      0      0      0      0      0      0      0 
 01:11:25       0      4      0      0      0      0      0      0      0 
 01:11:26       0      2      0      0      0      0      0      0      1 
 01:11:27       0      0      0      0      0      0      0      0     11 
 01:11:28       0      0      0      0      0      0      0      8      1 
 01:11:29       0      0      0      0      0      0      0      1      0 
 01:11:30       0      3      0      0      0      0      0      0      1 
 01:11:31       0      6      0      0      0      0      0      0      0 
 01:11:32       0      8      0      0      0      0      0      0      1 
 01:11:33       0      5      0      0      0      0      0      0      0 
 01:11:35       0      3      0      0      0      0      0      0    115 
 01:11:36       0      0      0      0      0      0      0      0      0 
 01:11:37       0      0      0      0      0      0      0      0    570 
 01:11:38       0      4      0      0      0      0      0      0   1023 
 01:11:39       0      4      0      0      0      0      0      0   1136 
 01:11:40       0      3      0      0      0      0      0      0   2103 
 01:11:41       0      2      0      0      0      0      0      0   1931 
 01:11:42       0      0      0      0      0      0      0      0   2045 
 01:11:43       0      2      0      0      0      0      0      0   1250 
 01:11:44       0      4      0      0      0      0      0      0   1023 
 01:11:45       0      4      0      0      0      0      0      0      0 
 01:11:46       0      3      0      0      0      0      0      0      0 
 01:11:47       0      2      0      0      0      0      0      0      0 
 01:11:48       0      0      0      0      0      0      0      0      0 
 01:11:49       0      0      0      0      0      0      0      0      0 
 01:11:50       0      0      0      0      0      0      0      0      1 
 01:11:51       0      0      0      0      0      0      0      0      0 
 01:11:52       0      2      0      0      0      0      0      0      0 
 01:11:53       0      4      0      0      0      0      0      0      0 
 01:11:54       0      6      0      0      0      0      0      0   1819 
 01:11:56       0      7      0      0      0      0      0      0   2102 
 01:11:57       0      5      0      0      0      0      0      0   1819 
 01:11:58       0      2      0      0      0      0      0      0   1193 
 01:11:59       0      0      0      0      0      0      0      0    570 
 01:12:00       0      1      0      0      0      0      0      0      0 
 01:12:01       0      3      0      0      0      0      0      0      2 
 01:12:02       0      4      0      0      0      0      0      0      0 
 01:12:03       0      3      0      0      0      0      0      0      1 
 01:12:04       0      1      0      0      0      0      0      0      0 
 01:12:05       0      0      0      0      0      0      0      0   1365 
 01:12:06       0      3      0      0      0      0      0      0    682 
 01:12:07       0      3      0      0      0      0      0     12      4 
#Time         gpu     sm    mem    enc    dec    jpg    ofa  rxpci  txpci 
#HH:MM:SS     Idx      %      %      %      %      %      %   MB/s   MB/s 
 01:12:08       0      0      0      0      0      0      0     90     16 
 01:12:09       0     47      9      0      0      0      0     98     22 
 01:12:10       0     46      9      0      0      0      0     54     10 
 01:12:11       0     27      6      0      0      0      0     56     14 
 01:12:12       0     35      8      0      0      0      0     67     13 
 01:12:13       0     64     23      0      0      0      0     59     16 
 01:12:14       0     69     23      0      0      0      0     53     12 
 01:12:15       0     44     10      0      0      0      0     84      8 
 01:12:17       0     78     31      0      0      0      0     58     11 
 01:12:18       0     69     27      0      0      0      0     39      8 
 01:12:19       0     82     35      0      0      0      0     49     16 
 01:12:20       0     56     17      0      0      0      0     71     16 
 01:12:21       0     40      7      0      0      0      0     91     27 
 01:12:22       0     49     16      0      0      0      0     47     12 
 01:12:23       0     65     22      0      0      0      0     56     13 
 01:12:24       0     45     10      0      0      0      0     48     10 
 01:12:25       0     58     21      0      0      0      0     63     14 
 01:12:26       0     46      9      0      0      0      0     65     13 
 01:12:27       0     49     12      0      0      0      0     37      7 
 01:12:28       0     57     21      0      0      0      0     53     10 
 01:12:29       0     58     21      0      0      0      0     45     11 
 01:12:30       0     51     19      0      0      0      0     63     12 
 01:12:31       0     39     10      0      0      0      0     58      9 
 01:12:32       0     34      8      0      0      0      0     46      9 
 01:12:33       0     48     14      0      0      0      0     59     20 
 01:12:34       0     49     17      0      0      0      0     37      8 
 01:12:35       0     51     19      0      0      0      0     53     10 
 01:12:36       0     38     10      0      0      0      0     54     11 
 01:12:37       0     49     16      0      0      0      0     31      8 
 01:12:39       0     61     22      0      0      0      0     63     11 
 01:12:40       0     51     17      0      0      0      0     47      7 
 01:12:41       0     53     19      0      0      0      0     45     10 
 01:12:42       0     37      6      0      0      0      0     64     12 
 01:12:43       0     32      7      0      0      0      0     46      9 
 01:12:44       0     46     13      0      0      0      0     55     13 
 01:12:45       0     51     18      0      0      0      0     47      6 
 01:12:46       0     50     19      0      0      0      0     32     10 
 01:12:47       0     62     24      0      0      0      0     39     11 
 01:12:48       0     68     27      0      0      0      0     41     20 
 01:12:49       0     38     16      0      0      0      0      0      0 
 01:12:50       0      0      0      0      0      0      0      0      1 
 01:12:51       0      0      0      0      0      0      0      0      0 
 01:12:52       0      0      0      0      0      0      0      0      1 
 01:12:53       0      0      0      0      0      0      0      0      0 
#Time         gpu     sm    mem    enc    dec    jpg    ofa  rxpci  txpci 
#HH:MM:SS     Idx      %      %      %      %      %      %   MB/s   MB/s 
 01:12:54       0      0      0      0      0      0      0      0      2 
 01:12:55       0      0      0      0      0      0      0      0      0 
 01:12:56       0      0      0      0      0      0      0      0      1 
 01:12:57       0      0      0      0      0      0      0      0      0 
 01:12:58       0      0      0      0      0      0      0      0      2 
 01:13:00       0      0      0      0      0      0      0      0      0 
 01:13:01       0      0      0      0      0      0      0      0      2 
 01:13:02       0      0      0      0      0      0      0      0      0 
 01:13:03       0      0      0      0      0      0      0      0      0 
 01:13:04       0      0      0      0      0      0      0      0      0 
 01:13:05       0      0      0      0      0      0      0      0      7 
 01:13:06       0      0      0      0      0      0      0      0      0 
 01:13:07       0      0      0      0      0      0      0      0      3 
 01:13:08       0      0      0      0      0      0      0      0      0 
 01:13:09       0      0      0      0      0      0      0      0      0 
 01:13:10       0      0      0      0      0      0      0      0      0 
 01:13:11       0      0      0      0      0      0      0      0      9 
 01:13:12       0      0      0      0      0      0      0      2      5 
 01:13:13       0      0      0      0      0      0      0      0      0 
 01:13:14       0      0      0      0      0      0      0      0      4 
 01:13:15       0      0      0      0      0      0      0      0      1 
 01:13:16       0      0      0      0      0      0      0      0     10 
 01:13:17       0      0      0      0      0      0      0      8      0 
 01:13:18       0      0      0      0      0      0      0      6      0 
 01:13:19       0      0      0      0      0      0      0      6      0 
 01:13:21       0      0      0      0      0      0      0      0      0 
 01:13:22       0      0      0      0      0      0      0      0      0 
 01:13:23       0      0      0      0      0      0      0      0      0 
 01:13:24       0      0      0      0      0      0      0      1      7 
 01:13:25       0      0      0      0      0      0      0      0      0 
 01:13:26       0      0      0      0      0      0      0      0      1 
 01:13:27       0      0      0      0      0      0      0      0     10 
 01:13:28       0      0      0      0      0      0      0      0      0 
 01:13:29       0      0      0      0      0      0      0      0      2 
 01:13:30       0      0      0      0      0      0      0      0      0 
 01:13:31       0      0      0      0      0      0      0      0      7 
 01:13:32       0      0      0      0      0      0      0      0      0 
 01:13:33       0      0      0      0      0      0      0      0      2 
 01:13:34       0      0      0      0      0      0      0      0      0 
 01:13:35       0      0      0      0      0      0      0      0      2 
 01:13:36       0      0      0      0      0      0      0      1      7 
 01:13:37       0      0      0      0      0      0      0      0      0 
 01:13:38       0      0      0      0      0      0      0      0      0 
 01:13:39       0      0      0      0      0      0      0      0      0 
#Time         gpu     sm    mem    enc    dec    jpg    ofa  rxpci  txpci 
#HH:MM:SS     Idx      %      %      %      %      %      %   MB/s   MB/s 
 01:13:40       0      0      0      0      0      0      0      0      0 
 01:13:42       0      0      0      0      0      0      0      0      0 
 01:13:43       0      0      0      0      0      0      0      0      0 
 01:13:44       0      0      0      0      0      0      0      0      0 
 01:13:45       0      0      0      0      0      0      0      0      0 
 01:13:46       0      0      0      0      0      0      0      0      0 
 01:13:47       0      0      0      0      0      0      0      2      1 
 01:13:48       0      0      0      0      0      0      0      0      0 
 01:13:49       0      0      0      0      0      0      0      0      0 
 01:13:50       0      0      0      0      0      0      0      0      0 
 01:13:51       0      0      0      0      0      0      0      0      0 
 01:13:52       0      0      0      0      0      0      0      0      0 
 01:13:53       0      0      0      0      0      0      0      0      1 
 01:13:54       0      0      0      0      0      0      0      0      8 
 01:13:55       0      0      0      0      0      0      0      0      2 
 01:13:56       0      0      0      0      0      0      0      0      0 
 01:13:57       0      0      0      0      0      0      0      0      3 
 01:13:58       0      0      0      0      0      0      0      0      0 
 01:13:59       0      0      0      0      0      0      0      0      2 
 01:14:00       0      0      0      0      0      0      0      0      0 
 01:14:02       0      0      0      0      0      0      0      0      2 
 01:14:03       0      0      0      0      0      0      0      0      0 
 01:14:04       0      0      0      0      0      0      0      0      2 
 01:14:05       0      0      1      0      0      0      0      0      0 
 01:14:06       0      0      0      0      0      0      0      0      1 
 01:14:07       0      0      0      0      0      0      0      0      0 
 01:14:08       0      0      0      0      0      0      0      0      1 
 01:14:09       0      0      0      0      0      0      0      0      0 
 01:14:10       0      0      2      0      0      0      0      0      9 
 01:14:11       0      0      0      0      0      0      0      0      0 
 01:14:12       0      0      0      0      0      0      0      0      0 
 01:14:13       0      0      0      0      0      0      0      0      0 
 01:14:14       0      0      0      0      0      0      0      0      0 
 01:14:15       0      0      0      0      0      0      0      0      2 
 01:14:16       0      0      0      0      0      0      0      1      8 
 01:14:17       0      0      0      0      0      0      0      8      0 
 01:14:18       0      0      0      0      0      0      0      1      3 
 01:14:19       0      0      0      0      0      0      0      0      0 
 01:14:20       0      0      0      0      0      0      0      0      0 
 01:14:21       0      0      0      0      0      0      0      0      0 
 01:14:23       0      0      0      0      0      0      0      0      0 
 01:14:24       0      0      0      0      0      0      0      0      0 
 01:14:25       0      0      0      0      0      0      0      0      0 
 01:14:26       0      0      0      0      0      0      0      4      3 
#Time         gpu     sm    mem    enc    dec    jpg    ofa  rxpci  txpci 
#HH:MM:SS     Idx      %      %      %      %      %      %   MB/s   MB/s 
 01:14:27       0      0      0      0      0      0      0      0      0 
 01:14:28       0      0      0      0      0      0      0      0      1 
 01:14:29       0      0      0      0      0      0      0      0      1 
 01:14:30       0      0      0      0      0      0      0      0      2 
 01:14:31       0      0      0      0      0      0      0      0      0 
 01:14:32       0      0      0      0      0      0      0      0      2 
 01:14:33       0      0      0      0      0      0      0      0      0 
 01:14:34       0      0      0      0      0      0      0      0      2 
 01:14:35       0      0      0      0      0      0      0      0      0 
 01:14:36       0      0      0      0      0      0      0      0      2 
 01:14:37       0      0      0      0      0      0      0      0      0 
 01:14:38       0      0      0      0      0      0      0      0      2 
 01:14:39       0      0      0      0      0      0      0      0      1 
 01:14:40       0      0      0      0      0      0      0      0      2 
 01:14:41       0      0      0      0      0      0      0      0      0 
 01:14:42       0      0      0      0      0      0      0      0      2 
 01:14:44       0      0      0      0      0      0      0      0      8 
 01:14:45       0      0      0      0      0      0      0      0      2 
 01:14:46       0      0      0      0      0      0      0      0      0 
 01:14:47       0      0      0      0      0      0      0      0      2 
 01:14:48       0      0      0      0      0      0      0      0      8 
 01:14:49       0      0      0      0      0      0      0      0      0 
 01:14:50       0      0      0      0      0      0      0      0      1 
 01:14:51       0      0      0      0      0      0      0      0      0 
 01:14:52       0      0      0      0      0      0      0      0      8 
 01:14:53       0      0      0      0      0      0      0      0      0 
 01:14:54       0      0      0      0      0      0      0      0      0 
 01:14:55       0      0      0      0      0      0      0      0      0 
 01:14:56       0      0      0      0      0      0      0      0      0 
 01:14:57       0      0      0      0      0      0      0      0      8 
 01:14:58       0      0      0      0      0      0      0      0      0 
 01:14:59       0      0      0      0      0      0      0      0      0 
 01:15:00       0      0      0      0      0      0      0      0      1 
 01:15:01       0      0      0      0      0      0      0      0      0 
 01:15:02       0      0      0      0      0      0      0      0      1 
 01:15:03       0      0      0      0      0      0      0      0      0 
 01:15:05       0      0      0      0      0      0      0      0      2 
 01:15:06       0      0      0      0      0      0      0      0      0 
 01:15:07       0      0      0      0      0      0      0      0      3 
 01:15:08       0      0      0      0      0      0      0      0      0 
 01:15:09       0      0      0      0      0      0      0      0      1 
 01:15:10       0      0      0      0      0      0      0      0      0 
 01:15:11       0      0      0      0      0      0      0      0      2 
 01:15:12       0      0      0      0      0      0      0      1      7 
#Time         gpu     sm    mem    enc    dec    jpg    ofa  rxpci  txpci 
#HH:MM:SS     Idx      %      %      %      %      %      %   MB/s   MB/s 
 01:15:13       0      0      0      0      0      0      0      0      2 
 01:15:14       0      0      0      0      0      0      0      0      1 
 01:15:15       0      0      0      0      0      0      0      0     11 
 01:15:16       0      0      0      0      0      0      0      8      0 
 01:15:17       0      0      0      0      0      0      0      0      3 
 01:15:18       0      0      0      0      0      0      0      0      0 
 01:15:19       0      0      0      0      0      0      0      0      2 
 01:15:20       0      0      0      0      0      0      0      0      0 
 01:15:21       0      0      0      0      0      0      0      5      4 
 01:15:22       0      0      0      0      0      0      0      0      0 
 01:15:23       0      0      0      0      0      0      0      0      0 
 01:15:25       0      0      0      0      0      0      0      0      0 
 01:15:26       0      0      0      0      0      0      0      6      0 
 01:15:27       0      0      0      0      0      0      0      0      0 
 01:15:28       0      0      0      0      0      0      0      0      0 
 01:15:29       0      0      0      0      0      0      0      0      0 
 01:15:30       0      0      0      0      0      0      0      1      6 
 01:15:31       0      0      0      0      0      0      0      0      0 
 01:15:32       0      0      0      0      0      0      0      0      0 
 01:15:33       0      0      0      0      0      0      0      0      0 
 01:15:34       0      0      0      0      0      0      0      0      0 
 01:15:35       0      0      0      0      0      0      0      0      0 
 01:15:36       0      0      0      0      0      0      0      0      0 
 01:15:37       0      0      0      0      0      0      0      0      0 
 01:15:38       0      0      0      0      0      0      0      0      0 
 01:15:39       0      0      0      0      0      0      0      0      0 
 01:15:40       0      0      0      0      0      0      0      1      7 
 01:15:41       0      0      0      0      0      0      0      0      0 
 01:15:42       0      0      0      0      0      0      0      0      0 
 01:15:43       0      0      0      0      0      0      0      0      0 
 01:15:44       0      0      0      0      0      0      0      5      0 
 01:15:46       0      0      0      0      0      0      0      5      0 
 01:15:47       0      0      0      0      0      0      0      9      0 
 01:15:48       0      0      0      0      0      0      0     43     12 
 01:15:49       0     39     10      0      0      0      0     31      9 
 01:15:50       0     61     23      0      0      0      0     49     24 
 01:15:51       0     74     30      0      0      0      0     37      9 
 01:15:52       0     60     21      0      0      0      0     56     13 
 01:15:53       0     72     26      0      0      0      0     68     16 
 01:15:54       0     48     14      0      0      0      0     57     14 
 01:15:55       0     52     17      0      0      0      0     68     10 
 01:15:56       0     46     11      0      0      0      0     60     14 
 01:15:57       0     65     26      0      0      0      0     55     11 
 01:15:58       0     73     28      0      0      0      0     57     11 
#Time         gpu     sm    mem    enc    dec    jpg    ofa  rxpci  txpci 
#HH:MM:SS     Idx      %      %      %      %      %      %   MB/s   MB/s 
 01:15:59       0     45     11      0      0      0      0     48      6 
 01:16:00       0     60     22      0      0      0      0     54     13 
 01:16:01       0     70     28      0      0      0      0     55     10 
 01:16:02       0     41     11      0      0      0      0     41      8 
 01:16:03       0     57     19      0      0      0      0     59     11 
 01:16:04       0     69     26      0      0      0      0     45     25 
 01:16:05       0     46     12      0      0      0      0     57     12 
 01:16:07       0     35      8      0      0      0      0     52      9 
 01:16:08       0     61     22      0      0      0      0     56     22 
 01:16:09       0     74     29      0      0      0      0     47     11 
 01:16:10       0     50     16      0      0      0      0     60     12 
 01:16:11       0     53     17      0      0      0      0     68     23 
 01:16:12       0     50     15      0      0      0      0     43      9 
 01:16:13       0     68     28      0      0      0      0     55     16 
 01:16:14       0     80     32      0      0      0      0     58     24 
 01:16:15       0     37      7      0      0      0      0     63     14 
 01:16:16       0     39      9      0      0      0      0     49      8 
 01:16:17       0     57     19      0      0      0      0     61     12 
 01:16:18       0     52     16      0      0      0      0     64     12 
 01:16:19       0     49     15      0      0      0      0     49      8 
 01:16:20       0     57     21      0      0      0      0     59     13 
 01:16:21       0     63     24      0      0      0      0     45     10 
 01:16:22       0     74     29      0      0      0      0     44     18 
 01:16:23       0     60     21      0      0      0      0     59     12 
 01:16:24       0     57     20      0      0      0      0     63     12 
 01:16:25       0     67     23      0      0      0      0     52     20 
 01:16:26       0     50     15      0      0      0      0     53      7 
 01:16:28       0     64     25      0      0      0      0     44      8 
 01:16:29       0     75     30      0      0      0      0     49     10 
 01:16:30       0     52     17      0      0      0      0     57      8 
 01:16:31       0     57     20      0      0      0      0     55     11 
 01:16:32       0     75     30      0      0      0      0     47     11 
 01:16:33       0     45     11      0      0      0      0     48     11 
 01:16:34       0     41     10      0      0      0      0     70     25 
 01:16:35       0     44     11      0      0      0      0     59     12 
 01:16:36       0     49     13      0      0      0      0     48     10 
 01:16:37       0     52     17      0      0      0      0     75     12 
 01:16:38       0     38      8      0      0      0      0     69     14 
 01:16:39       0     53     18      0      0      0      0     53     12 
 01:16:40       0     66     25      0      0      0      0     48     22 
 01:16:41       0     62     26      0      0      0      0     59     12 
 01:16:42       0     41      9      0      0      0      0     75     12 
 01:16:43       0     41     10      0      0      0      0     62     24 
 01:16:44       0     53     17      0      0      0      0     48     10 
#Time         gpu     sm    mem    enc    dec    jpg    ofa  rxpci  txpci 
#HH:MM:SS     Idx      %      %      %      %      %      %   MB/s   MB/s 
 01:16:45       0     58     20      0      0      0      0     65     12 
 01:16:46       0     56     19      0      0      0      0     62     14 
 01:16:47       0     62     23      0      0      0      0     33      6 
 01:16:49       0     52     19      0      0      0      0     56     11 
 01:16:50       0     71     27      0      0      0      0     42      8 
 01:16:51       0     59     24      0      0      0      0     57     10 
 01:16:52       0     58     23      0      0      0      0     56     11 
 01:16:53       0     73     30      0      0      0      0     46     10 
 01:16:54       0     55     18      0      0      0      0     59     12 
 01:16:55       0     64     23      0      0      0      0     57     11 
 01:16:56       0     74     29      0      0      0      0     48     10 
 01:16:57       0     55     19      0      0      0      0     61     12 
 01:16:58       0     70     30      0      0      0      0     26     11 
 01:16:59       0     78     36      0      0      0      0     31     11 
 01:17:00       0     66     23      0      0      0      0     46     14 
 01:17:01       0     70     25      0      0      0      0     40     17 
 01:17:02       0     66     24      0      0      0      0     58     11 
 01:17:03       0     52     17      0      0      0      0     65     12 
 01:17:04       0     58     19      0      0      0      0     35      8 
 01:17:05       0     78     30      0      0      0      0     34      9 
 01:17:06       0     62     22      0      0      0      0     54     13 
 01:17:07       0     70     25      0      0      0      0     42      9 
 01:17:08       0     62     25      0      0      0      0     55     12 
 01:17:10       0     75     32      0      0      0      0     43      6 
 01:17:11       0     76     35      0      0      0      0     35     21 
 01:17:12       0     81     36      0      0      0      0     70     21 
 01:17:13       0     64     24      0      0      0      0     56     17 
 01:17:14       0     58     22      0      0      0      0     52     11 
 01:17:15       0     67     26      0      0      0      0     65     14 
 01:17:16       0     53     14      0      0      0      0     77     22 
 01:17:17       0     40      8      0      0      0      0      1      1 
 01:17:18       0      8      0      0      0      0      0      1      0 
 01:17:19       0      0      0      0      0      0      0      0   5455 
 01:17:20       0      4      0      0      0      0      0      1      0 
 01:17:21       0      4      0      0      0      0      0      2      1 
 01:17:22       0     10      0      0      0      0      0      0   5454 
 01:17:23       0     12      0      0      0      0      0      1      0 
 01:17:24       0      8      0      0      0      0      0      0   5454 
 01:17:25       0      8      0      0      0      0      0      2      0 
 01:17:26       0      4      0      0      0      0      0      0   2045 
 01:17:27       0      7      0      0      0      0      0     11   7037 
 01:17:28       0      7      0      0      0      0      0      0   2106 
 01:17:29       0      0      0      0      0      0      0      0      0 
 01:17:31       0      0      0      0      0      0      0      0      0 
#Time         gpu     sm    mem    enc    dec    jpg    ofa  rxpci  txpci 
#HH:MM:SS     Idx      %      %      %      %      %      %   MB/s   MB/s 
 01:17:32       0      0      0      0      0      0      0      0      0 
 01:17:33       0      0      0      0      0      0      0      0      0 
 01:17:34       0      0      0      0      0      0      0      0      0 
 01:17:35       0      0      0      0      0      0      0      0      0 
 01:17:36       0      0      0      0      0      0      0      0      0 
 01:17:37       0      0      0      0      0      0      0      5      0 
 01:17:38       0      0      0      0      0      0      0      0      1 
 01:17:39       0      0      0      0      0      0      0      0      0 
 01:17:40       0      0      0      0      0      0      0      0      0 
 01:17:41       0      0      0      0      0      0      0      0      0 
 01:17:42       0      0      0      0      0      0      0      0      0 
 01:17:43       0      0      0      0      0      0      0      0      0 
 01:17:44       0      0      0      0      0      0      0      0      0 
 01:17:45       0      0      0      0      0      0      0      0      1 
 01:17:46       0      0      0      0      0      0      0      0      0 
 01:17:47       0      0      0      0      0      0      0      0      2 
 01:17:48       0     72     31      0      0      0      0      0      1 
