1791226618 0, 0, 65.93
1791226619 0, 0, 62.36
1791226620 4, 0, 61.23
1791226621 4, 0, 61.37
1791226622 4, 0, 61.55
1791226623 4, 0, 61.54
1791226624 4, 0, 61.56
1791226626 4, 0, 61.52
1791226627 527, 0, 89.65
1791226628 4549, 6, 92.29
1791226629 5589, 5, 93.94
1791226630 6649, 20, 94.04
1791226631 7689, 10, 93.55
1791226632 8749, 0, 93.43
1791226633 9789, 8, 92.43
1791226634 10529, 15, 93.48
1791226636 11569, 16, 94.14
1791226637 12269, 7, 92.53
1791226638 13329, 7, 92.40
1791226639 14369, 13, 93.51
1791226640 15069, 12, 92.41
1791226641 16109, 8, 93.13
1791226642 17169, 3, 92.17
1791226643 17869, 11, 92.75
1791226644 19169, 6, 92.34
1791226645 19969, 10, 92.02
1791226646 21491, 11, 89.64
1791226647 21611, 0, 89.32
1791226649 21611, 2, 89.46
1791226650 21611, 1, 89.41
1791226651 21611, 1, 89.39
1791226652 21611, 2, 89.38
1791226653 21611, 2, 89.37
1791226654 21611, 2, 89.42
1791226655 21611, 1, 89.35
1791226656 21641, 0, 89.39
1791226657 21641, 5, 89.84
1791226658 21641, 4, 89.38
1791226659 21643, 4, 89.31
1791226660 21643, 4, 89.31
1791226661 21643, 4, 89.24
1791226663 21643, 1, 89.00
1791226664 21643, 0, 88.98
1791226665 21643, 0, 89.00
1791226666 21643, 4, 89.01
1791226667 21643, 0, 88.96
1791226668 21643, 0, 88.95
1791226669 21643, 1, 88.94
1791226670 21643, 1, 88.95
1791226671 21643, 0, 88.95
1791226672 21643, 3, 88.97
1791226673 21643, 5, 88.96
1791226674 21643, 4, 88.90
1791226675 21643, 0, 88.99
1791226677 21643, 0, 88.92
1791226678 21643, 5, 88.93
1791226679 21643, 3, 88.97
1791226680 21643, 4, 88.91
1791226681 21643, 0, 88.93
1791226682 21643, 0, 88.91
1791226683 21643, 6, 88.91
1791226684 21643, 4, 88.93
1791226685 21643, 0, 88.88
1791226686 21643, 0, 88.91
1791226687 21643, 2, 88.92
1791226688 21643, 0, 88.91
1791226689 21643, 3, 88.88
1791226691 21643, 2, 88.86
1791226692 21643, 2, 88.83
1791226693 21643, 4, 88.84
1791226694 21643, 4, 88.89
1791226695 21643, 0, 88.95
1791226696 21643, 0, 88.89
1791226697 21643, 6, 88.90
1791226698 21643, 5, 88.92
1791226699 21643, 1, 88.90
1791226700 21643, 0, 88.89
1791226701 21643, 0, 88.90
1791226702 21643, 6, 88.91
1791226704 21643, 5, 88.92
1791226705 21643, 4, 88.85
1791226706 21643, 3, 88.86
1791226707 21643, 0, 88.87
1791226708 21643, 1, 88.89
1791226709 21643, 1, 88.87
1791226710 21643, 0, 88.84
1791226711 21643, 0, 88.85
1791226712 21643, 4, 88.86
1791226713 21643, 0, 88.91
1791226714 21643, 0, 88.83
1791226715 21643, 0, 88.84
1791226717 21643, 0, 88.83
1791226718 21643, 2, 88.84
1791226719 21643, 1, 88.87
1791226720 21643, 1, 88.85
1791226721 21643, 2, 88.83
1791226722 21643, 2, 88.79
1791226723 21643, 3, 88.76
1791226724 21643, 3, 88.76
1791226725 22079, 1, 90.67
1791226726 22205, 50, 190.35
1791226727 21659, 8, 138.66
1791226728 24171, 27, 160.85
1791226729 24891, 5, 195.59
1791226731 24921, 35, 179.12
1791226732 25837, 80, 221.65
1791226733 26881, 8, 237.86
1791226734 26907, 45, 180.80
1791226735 26907, 41, 207.88
1791226736 26907, 57, 170.64
1791226737 26915, 52, 219.19
1791226738 26915, 56, 245.15
1791226739 26931, 52, 219.54
1791226740 26933, 48, 225.28
1791226741 26933, 54, 213.26
1791226742 26933, 72, 227.64
1791226744 26933, 23, 201.30
1791226745 26933, 34, 166.76
1791226746 26935, 15, 206.57
1791226747 27095, 95, 270.82
1791226748 27097, 52, 164.42
1791226749 27097, 29, 245.29
1791226750 27097, 17, 202.53
1791226751 27097, 0, 150.71
1791226752 27099, 11, 179.41
1791226753 27099, 51, 217.25
1791226754 27099, 51, 196.68
1791226755 27099, 46, 224.03
1791226756 27099, 69, 249.94
1791226758 27099, 38, 193.04
1791226759 27101, 91, 252.75
1791226760 27103, 67, 196.62
1791226761 27103, 28, 184.18
1791226762 27103, 31, 229.17
1791226763 27103, 38, 171.79
1791226764 27103, 62, 201.99
1791226765 27103, 40, 213.10
1791226766 27103, 89, 287.77
1791226767 27105, 27, 196.13
1791226768 27107, 42, 221.16
1791226769 27107, 76, 250.81
1791226771 27107, 56, 220.43
1791226772 27107, 52, 236.20
1791226773 27107, 51, 169.78
1791226774 27109, 33, 209.58
1791226775 27109, 15, 179.36
1791226776 27109, 28, 172.29
1791226777 27109, 78, 245.68
1791226778 27109, 50, 173.83
1791226779 27111, 27, 208.68
1791226780 27113, 73, 236.98
1791226781 27113, 85, 231.82
1791226782 27113, 46, 230.46
1791226783 27113, 74, 273.36
1791226785 27113, 83, 217.12
1791226786 27113, 62, 218.83
1791226787 27435, 45, 253.48
1791226788 27435, 67, 234.73
1791226789 27435, 59, 213.32
1791226790 27437, 43, 243.33
1791226791 27437, 45, 240.26
1791226792 27437, 0, 224.10
1791226793 27437, 27, 240.01
1791226794 27437, 81, 248.64
1791226795 27437, 45, 185.83
1791226796 27439, 36, 191.52
1791226797 27439, 94, 266.42
1791226799 27439, 71, 257.58
1791226800 27439, 89, 282.72
1791226801 27439, 96, 309.69
1791226802 27439, 28, 171.23
1791226803 27439, 55, 226.05
1791226804 27443, 34, 230.97
1791226805 27443, 49, 248.96
1791226806 27463, 41, 246.67
1791226807 27973, 44, 191.64
1791226808 27445, 57, 222.74
1791226810 27447, 61, 234.40
1791226811 27447, 54, 237.30
1791226812 27447, 33, 220.47
1791226813 27447, 30, 211.86
1791226814 27449, 49, 255.29
1791226815 27449, 43, 240.32
1791226816 27449, 29, 201.59
1791226817 27451, 53, 192.51
1791226818 27451, 54, 227.53
1791226819 27451, 32, 197.39
1791226820 27451, 42, 179.08
1791226821 27451, 62, 234.05
1791226823 27451, 68, 210.97
1791226824 27451, 65, 239.39
1791226825 27451, 56, 243.75
1791226826 27451, 40, 226.64
1791226827 27453, 38, 248.79
1791226828 27453, 42, 207.73
1791226829 27453, 39, 205.12
1791226830 27453, 45, 244.12
1791226831 27453, 54, 236.85
1791226832 27455, 89, 229.64
1791226833 27455, 58, 235.78
1791226834 27575, 96, 231.46
1791226836 27575, 15, 164.48
1791226837 27577, 11, 211.23
1791226838 27577, 63, 241.43
1791226839 27577, 58, 254.24
1791226840 27577, 48, 195.55
1791226841 27577, 74, 227.31
1791226842 27577, 0, 240.38
1791226843 27577, 46, 232.90
1791226844 27577, 71, 247.79
1791226845 27579, 96, 252.20
1791226846 27579, 41, 239.23
1791226847 27579, 61, 226.46
1791226848 27579, 57, 198.23
1791226850 27579, 13, 178.13
1791226851 27581, 21, 205.97
1791226852 27581, 45, 170.26
1791226853 27581, 33, 156.68
1791226854 27581, 73, 247.09
1791226855 27581, 36, 167.12
1791226856 27583, 37, 158.75
1791226857 27583, 62, 220.88
1791226858 27583, 32, 176.31
1791226859 27583, 29, 174.89
1791226860 27583, 4, 164.17
1791226861 27583, 22, 149.50
1791226863 27583, 54, 193.32
1791226864 27583, 6, 239.80
1791226865 27583, 37, 213.76
1791226866 27583, 27, 178.17
1791226867 27583, 65, 212.04
1791226868 27587, 42, 186.71
1791226869 27587, 31, 166.49
1791226870 27587, 39, 169.26
1791226871 27587, 31, 153.42
1791226872 27587, 61, 223.08
1791226873 27587, 40, 173.24
1791226874 27587, 43, 153.83
1791226876 27587, 52, 209.35
1791226877 27587, 59, 228.63
1791226878 27589, 47, 202.59
1791226879 27589, 37, 168.28
1791226880 27589, 56, 201.10
1791226881 27589, 32, 188.04
1791226882 27589, 23, 181.07
1791226883 27589, 20, 157.17
1791226884 27589, 34, 147.98
1791226885 27589, 42, 180.04
1791226886 27591, 49, 198.45
1791226887 27593, 33, 214.77
1791226889 27593, 54, 222.93
1791226890 27593, 49, 214.72
1791226891 27593, 56, 246.78
1791226892 27593, 56, 210.32
1791226893 27593, 63, 227.02
1791226894 27593, 45, 195.79
1791226895 27593, 40, 198.60
1791226896 27593, 66, 221.84
1791226897 27593, 25, 212.82
1791226898 27595, 25, 167.72
1791226899 27595, 62, 230.84
1791226900 27595, 29, 228.47
1791226902 27595, 39, 191.86
1791226903 27595, 52, 192.80
1791226904 27595, 15, 190.35
1791226905 27595, 63, 250.90
1791226906 27595, 44, 185.18
1791226907 27597, 61, 233.16
1791226908 27597, 50, 187.04
1791226909 27597, 30, 220.19
1791226910 27597, 67, 203.54
1791226911 27597, 49, 217.20
1791226912 27599, 30, 200.18
1791226913 27599, 14, 228.16
1791226915 27599, 40, 202.42
1791226916 27599, 40, 174.48
1791226917 27599, 71, 242.77
1791226918 27599, 48, 198.38
1791226919 27599, 34, 219.94
1791226920 27599, 54, 206.12
1791226921 27599, 58, 266.44
1791226922 27599, 15, 182.14
1791226923 27599, 41, 214.86
1791226924 27601, 66, 235.40
1791226925 27601, 33, 176.06
1791226926 27603, 29, 201.63
1791226928 27603, 45, 261.34
1791226929 27605, 69, 275.03
1791226930 27605, 50, 182.79
1791226931 27605, 54, 229.10
1791226932 27605, 47, 269.46
1791226933 27607, 23, 282.79
1791226934 27607, 65, 237.62
1791226935 27607, 21, 179.90
1791226936 27607, 46, 250.62
1791226937 27607, 64, 231.91
1791226938 27607, 68, 201.05
1791226939 27607, 42, 172.05
1791226941 27607, 29, 214.79
1791226942 27609, 5, 146.91
1791226943 27609, 38, 172.38
1791226944 27609, 31, 178.84
1791226945 27609, 0, 105.98
1791226946 27609, 6, 92.71
1791226947 27609, 0, 92.50
1791226948 27609, 0, 92.43
1791226949 27609, 0, 92.38
1791226950 27609, 0, 92.16
1791226951 27609, 2, 92.00
1791226952 27609, 0, 91.95
1791226953 27609, 3, 91.73
1791226955 27609, 4, 91.37
1791226956 27609, 3, 91.30
1791226957 27609, 0, 91.07
1791226958 27609, 0, 90.98
1791226959 27609, 3, 91.00
1791226960 27609, 0, 90.96
1791226961 27609, 2, 90.89
1791226962 27609, 3, 90.74
1791226963 27609, 4, 90.54
1791226964 27609, 0, 90.58
1791226965 27609, 6, 90.49
1791226966 27609, 6, 90.50
1791226967 27609, 0, 90.46
1791226969 27609, 0, 90.41
1791226970 27609, 1, 90.42
1791226971 27609, 0, 90.37
1791226972 27609, 0, 90.29
1791226973 27609, 1, 90.25
1791226974 27609, 4, 90.24
1791226975 27609, 10, 90.26
1791226976 27609, 7, 90.31
1791226977 27609, 0, 89.89
1791226978 27609, 0, 89.85
1791226979 27604, 0, 90.87
